vm 0 0.00195211266 0.000184375838 -0.00482507143 0 0 0
vm 1 0.00404416808 0.00280700825 0.00204256461 0 0 0
vm 2 0.00337899876 0.00201797735 0.000332258155 0 0 0
vm 3 -0.00304291481 -0.00195890829 -0.00506889508 0 0 0
vm 4 6.88765384e-05 0.00304158682 0.000844240373 0 0 0
vm 5 -0.00222177942 -0.00277224158 -0.00804645026 0 0 0
vm 6 -0.000552462165 0.000543302325 -0.00835130058 0 0 0
vm 7 0.000766954805 0.00426942228 0.00492939616 0 0 0
vm 8 0.00489701408 0.000767443714 -0.00692494286 0 0 0
vm 9 0.000100978639 0.00222826008 -0.0027140405 0 0 0
vm 10 0.00173981039 0.00234313967 0.00271622932 0 0 0
vm 11 0.00492637404 0.00504056581 0.0097325879 0 0 0
vm 12 0.00372504906 0.002849715 -0.00101871796 0 0 0
vm 13 0.00162808255 0.00409544057 0.00477305241 0 0 0
vm 14 -0.0028188945 -0.00237393862 -0.00947250212 0 0 0
vm 15 -0.000182786292 -0.00188907148 -0.0116877611 0 0 0
vm 16 -0.00603429408 -0.0021563759 -0.00960007362 0 0 0
vm 17 -0.00218661801 5.08215878e-05 -0.0026906563 0 0 0
vm 18 -0.00122741072 -0.00109397394 -0.010441822 0 0 0
vm 19 0.000744477268 0.000645642782 -0.000462616031 0 0 0
vm 20 -0.00122178379 -0.00176672443 -0.00877227187 0 0 0
vm 21 -0.0043784896 0.00187346903 -0.00302022783 0 0 0
vm 22 0.000787338813 0.000915277772 0.00114365138 0 0 0
vm 23 -0.00542059263 -0.00239213843 -0.0104532089 0 0 0
vm 24 0.000775902837 0.000676656408 -0.00600911519 0 0 0
vm 25 -0.00328683531 -0.00390297041 -0.0115929285 0 0 0
vm 26 0.00169512922 0.00477245738 0.0054139071 0 0 0
vm 27 -0.00122541733 -0.000849841424 -0.00423988074 0 0 0
vm 28 -0.00335762089 0.00165260428 -0.00407564174 0 0 0
vm 29 0.00121721845 0.00190405711 -0.00132993653 0 0 0
vm 30 -0.00582571309 -0.00202646328 -0.011334056 0 0 0
vm 31 -0.0032882071 -0.00409895679 -0.0112437134 0 0 0
vm 32 0.000348683011 0.00366268976 0.00216303572 0 0 0
vm 33 -0.00279309064 -0.00482387916 -0.0144024562 0 0 0
vm 34 -0.00170989968 0.00127251974 -0.00382413521 0 0 0
vm 35 0.00361989845 0.00290147239 0.00329010925 0 0 0
vm 36 0.00255541178 0.00166436567 -0.00467851234 0 0 0
vm 37 -0.00475196806 -0.00170797876 -0.0094914338 0 0 0
vm 38 0.00373254841 0.00466328207 0.00621776295 0 0 0
vm 39 -0.000757146945 8.4810256e-05 -0.00159530714 0 0 0
vm 40 0.00105796384 0.00128046735 -0.00197855069 0 0 0
vm 41 -0.00516201573 -0.00471210631 -0.0136712903 0 0 0
vm 42 0.00201303947 0.00113745003 -0.000640767178 0 0 0
vm 43 -0.000300599362 -0.00115867947 -0.00514492834 0 0 0
vm 44 -0.00456511374 -7.83688171e-05 -0.00498796478 0 0 0
vm 45 0.00567733417 0.00408478585 0.00257905208 0 0 0
vm 46 0.00357843568 0.00354372191 0.00398221052 0 0 0
vm 47 -0.00626250892 -0.00552684157 -0.014818845 0 0 0
vm 48 -0.00788207367 0.00048493584 -0.00824583795 0 0 0
vm 49 0.00113677329 0.00121019042 -0.0013735458 0 0 0
vm 50 0.00170268655 0.00275265926 0.00421952677 0 0 0
vm 51 0.00269199256 0.00238356251 0.00121384122 0 0 0
vm 52 0.00354317692 0.00292094313 0.00271683078 0 0 0
vm 53 -0.000861607338 1.86457487e-05 -0.00821668141 0 0 0
vm 54 -0.000846887958 -0.00288922984 -0.0120799865 0 0 0
vm 55 0.00136185609 0.00474399922 0.00512496523 0 0 0
vm 56 -0.00153040523 -0.00263207099 -0.0101089428 0 0 0
vm 57 -0.00330783642 -0.00390168337 -0.00994967286 0 0 0
vm 58 0.00582249192 0.00562210917 0.00693527208 0 0 0
vm 59 0.00133065215 0.00253870068 0.0016746621 0 0 0
vm 60 0.000766135467 7.31552959e-05 -0.00537133476 0 0 0
vm 61 0.00136080642 0.00109950444 -0.00456106776 0 0 0
vm 62 0.00019670048 -0.00197815426 -0.00888040659 0 0 0
vm 63 0.00757894276 0.00672662288 0.0107453679 0 0 0
vm 64 0.00149581873 0.00426131771 0.0051538626 0 0 0
vm 65 0.0066644666 0.00461931023 0.00412718325 0 0 0
vm 66 -0.00153785081 -0.00253865883 -0.00778991851 0 0 0
vm 67 0.00338853377 0.00352674286 0.00592260107 0 0 0
vm 68 -0.00559536995 -0.00113129397 -0.00776708206 0 0 0
vm 69 0.00461933791 0.00478578917 0.00607466323 0 0 0
vm 70 0.0051450608 0.0060836616 0.0108799587 0 0 0
vm 71 -0.00693164818 -0.000223373688 -0.00806710478 0 0 0
vm 72 -0.00145133174 -3.40182034e-05 -0.00983071878 0 0 0
vm 73 0.000621074637 0.00316430195 0.00358618691 0 0 0
vm 74 -0.000189784737 0.000314912352 -0.00532079008 0 0 0
vm 75 -0.00455586511 -0.0045293119 -0.0121371385 0 0 0
vm 76 -0.120408833 0.0889959556 -0.0223432147 0 0 0
vm 77 0.00120901526 0.00393793276 0.005095057 0 0 0
vm 78 -0.00596173527 -0.000284988911 -0.0083451372 0 0 0
vm 79 -0.00136953229 -0.000848981326 -0.00721907449 0 0 0
vm 80 -0.00107140817 0.00229091816 -0.00204785847 0 0 0
vm 81 0.00151524835 -0.00032149796 -0.00747101705 0 0 0
vm 82 -0.002988995 -0.00225806575 -0.00754944606 0 0 0
vm 83 -0.00119357516 -0.000434498924 -0.00706981379 0 0 0
vm 84 0.00233649081 -0.000528845697 -0.00737259941 0 0 0
vm 85 -0.00741925154 -0.00373458496 -0.0116943968 0 0 0
vm 86 0.00483307165 0.00611888741 0.0103815436 0 0 0
vm 87 -0.00744033072 -0.0058934635 -0.0135357029 0 0 0
vm 88 8.01011432e-05 0.000225986862 -0.00120849866 0 0 0
vm 89 -0.00568462271 -0.00561724963 -0.0125376927 0 0 0
vm 90 -0.00380046358 -0.00077161833 -0.00606228116 0 0 0
vm 91 -0.0046399351 -0.00402157265 -0.011415646 0 0 0
vm 92 -0.00334147695 0.000256064497 -0.00458812164 0 0 0
vm 93 0.00240095099 0.0018415438 -0.0024143105 0 0 0
vm 94 -0.00586650703 0.00134436105 -0.0046240954 0 0 0
vm 95 -0.00619103417 -0.0035057227 -0.0132388026 0 0 0
vm 96 0.00614820946 0.00601422372 0.0107557245 0 0 0
vm 97 -0.00655126045 -0.00203276319 -0.00917829314 0 0 0
vm 98 -0.00723266074 -0.00101383159 -0.00988307711 0 0 0
vm 99 0.00236332131 0.000887523566 -0.0016071017 0 0 0
