0 0
1e-06 0
2e-06 0
3e-06 0
4e-06 0
5e-06 0
6e-06 0
7e-06 1
8e-06 2
9e-06 3
1e-05 3
1.1e-05 2
1.2e-05 2
1.3e-05 2
1.4e-05 2
1.5e-05 3
1.6e-05 3
1.7e-05 3
1.8e-05 3
1.9e-05 5
2e-05 6
2.1e-05 5
2.2e-05 7
2.3e-05 10
2.4e-05 17
2.5e-05 17
2.6e-05 16
2.7e-05 12
2.8e-05 14
2.9e-05 15
3e-05 17
3.1e-05 18
3.2e-05 21
3.3e-05 23
3.4e-05 27
3.5e-05 27
3.6e-05 28
3.7e-05 29
3.8e-05 37
3.9e-05 36
4e-05 38
4.1e-05 39
4.2e-05 41
4.3e-05 41
4.4e-05 40
4.5e-05 43
4.6e-05 39
4.7e-05 35
4.8e-05 39
4.9e-05 35
5e-05 41
5.1e-05 47
5.2e-05 49
5.3e-05 41
5.4e-05 44
5.5e-05 43
5.6e-05 48
5.7e-05 52
5.8e-05 53
5.9e-05 56
6e-05 58
6.1e-05 68
6.2e-05 73
6.3e-05 80
6.4e-05 74
6.5e-05 78
6.6e-05 74
6.7e-05 79
6.8e-05 82
6.9e-05 81
7e-05 89
7.1e-05 85
7.2e-05 82
7.3e-05 86
7.4e-05 84
7.5e-05 95
7.6e-05 90
7.7e-05 100
7.8e-05 106
7.9e-05 106
8e-05 106
8.1e-05 109
8.2e-05 108
8.3e-05 109
8.4e-05 115
8.5e-05 112
8.6e-05 112
8.7e-05 106
8.8e-05 111
8.9e-05 111
9e-05 107
9.1e-05 116
9.2e-05 120
9.3e-05 126
9.4e-05 129
9.5e-05 134
9.6e-05 137
9.7e-05 135
9.8e-05 135
9.9e-05 132
0.0001 127
0.000101 136
0.000102 135
0.000103 136
0.000104 143
0.000105 143
0.000106 155
0.000107 154
0.000108 145
0.000109 148
0.00011 149
0.000111 155
0.000112 163
0.000113 167
0.000114 165
0.000115 171
0.000116 172
0.000117 187
0.000118 194
0.000119 197
0.00012 191
0.000121 201
0.000122 198
0.000123 205
0.000124 203
0.000125 209
0.000126 200
0.000127 203
0.000128 201
0.000129 201
0.00013 218
0.000131 215
0.000132 226
0.000133 231
0.000134 223
0.000135 223
0.000136 226
0.000137 219
0.000138 228
0.000139 222
0.00014 230
0.000141 235
0.000142 246
0.000143 246
0.000144 248
0.000145 264
0.000146 259
0.000147 258
0.000148 258
0.000149 258
0.00015 255
0.000151 261
0.000152 264
0.000153 266
0.000154 267
0.000155 273
0.000156 259
0.000157 251
0.000158 252
0.000159 259
0.00016 263
0.000161 250
0.000162 264
0.000163 271
0.000164 281
0.000165 276
0.000166 275
0.000167 281
0.000168 286
0.000169 295
0.00017 294
0.000171 298
0.000172 296
0.000173 299
0.000174 292
0.000175 292
0.000176 287
0.000177 299
0.000178 295
0.000179 295
0.00018 293
0.000181 293
0.000182 294
0.000183 285
0.000184 294
0.000185 298
0.000186 314
0.000187 315
0.000188 312
0.000189 325
0.00019 335
0.000191 336
0.000192 330
0.000193 330
0.000194 336
0.000195 341
0.000196 341
0.000197 335
0.000198 339
0.000199 342
0.0002 345
0.000201 345
0.000202 340
0.000203 348
0.000204 347
0.000205 348
0.000206 344
0.000207 351
0.000208 355
0.000209 353
0.00021 354
0.000211 348
0.000212 351
0.000213 340
0.000214 339
0.000215 334
0.000216 337
0.000217 338
0.000218 338
0.000219 329
0.00022 333
0.000221 337
0.000222 328
0.000223 330
0.000224 330
0.000225 330
0.000226 330
0.000227 325
0.000228 329
0.000229 326
0.00023 326
0.000231 327
0.000232 323
0.000233 330
0.000234 339
0.000235 339
0.000236 345
0.000237 351
0.000238 351
0.000239 351
0.00024 357
0.000241 366
0.000242 356
0.000243 352
0.000244 360
0.000245 359
0.000246 372
0.000247 366
0.000248 360
0.000249 373
0.00025 368
0.000251 365
0.000252 368
0.000253 362
0.000254 364
0.000255 362
0.000256 364
0.000257 361
0.000258 368
0.000259 369
0.00026 351
0.000261 348
0.000262 355
0.000263 349
0.000264 358
0.000265 356
0.000266 359
0.000267 369
0.000268 379
0.000269 376
0.00027 374
0.000271 379
0.000272 376
0.000273 379
0.000274 381
0.000275 386
0.000276 390
0.000277 395
0.000278 395
0.000279 390
0.00028 387
0.000281 390
0.000282 378
0.000283 373
0.000284 362
0.000285 353
0.000286 354
0.000287 352
0.000288 361
0.000289 356
0.00029 369
0.000291 379
0.000292 384
0.000293 388
0.000294 376
0.000295 391
0.000296 382
0.000297 390
0.000298 384
0.000299 388
0.0003 398
0.000301 401
0.000302 399
0.000303 397
0.000304 397
0.000305 389
0.000306 390
0.000307 390
0.000308 387
0.000309 389
0.00031 380
0.000311 385
0.000312 386
0.000313 382
0.000314 378
0.000315 380
0.000316 376
0.000317 368
0.000318 361
0.000319 370
0.00032 354
0.000321 358
0.000322 344
0.000323 345
0.000324 350
0.000325 355
0.000326 357
0.000327 356
0.000328 356
0.000329 356
0.00033 349
0.000331 350
0.000332 365
0.000333 370
0.000334 371
0.000335 370
0.000336 375
0.000337 366
0.000338 364
0.000339 374
0.00034 380
0.000341 386
0.000342 379
0.000343 374
0.000344 375
0.000345 384
0.000346 388
0.000347 384
0.000348 390
0.000349 399
0.00035 406
0.000351 403
0.000352 396
0.000353 401
0.000354 408
0.000355 397
0.000356 413
0.000357 404
0.000358 415
0.000359 403
0.00036 404
0.000361 403
0.000362 391
0.000363 402
0.000364 404
0.000365 407
0.000366 420
0.000367 426
0.000368 433
0.000369 444
0.00037 436
0.000371 437
0.000372 431
0.000373 426
0.000374 414
0.000375 405
0.000376 408
0.000377 407
0.000378 412
0.000379 411
0.00038 406
0.000381 400
0.000382 406
0.000383 405
0.000384 393
0.000385 396
0.000386 397
0.000387 412
0.000388 409
0.000389 412
0.00039 405
0.000391 407
0.000392 408
0.000393 410
0.000394 396
0.000395 402
0.000396 401
0.000397 401
0.000398 394
0.000399 404
0.0004 394
0.000401 399
0.000402 411
0.000403 402
0.000404 409
0.000405 408
0.000406 397
0.000407 391
0.000408 384
0.000409 396
0.00041 399
0.000411 394
0.000412 407
0.000413 421
0.000414 419
0.000415 423
0.000416 420
0.000417 419
0.000418 428
0.000419 416
0.00042 403
0.000421 398
0.000422 400
0.000423 398
0.000424 400
0.000425 403
0.000426 411
0.000427 420
0.000428 423
0.000429 423
0.00043 411
0.000431 399
0.000432 407
0.000433 412
0.000434 401
0.000435 405
0.000436 395
0.000437 417
0.000438 425
0.000439 430
0.00044 428
0.000441 411
0.000442 413
0.000443 412
0.000444 423
0.000445 422
0.000446 421
0.000447 410
0.000448 416
0.000449 415
0.00045 402
0.000451 410
0.000452 407
0.000453 405
0.000454 396
0.000455 389
0.000456 380
0.000457 377
0.000458 384
0.000459 387
0.00046 386
0.000461 390
0.000462 384
0.000463 388
0.000464 383
0.000465 376
0.000466 381
0.000467 379
0.000468 385
0.000469 377
0.00047 385
0.000471 384
0.000472 389
0.000473 397
0.000474 402
0.000475 393
0.000476 394
0.000477 395
0.000478 406
0.000479 422
0.00048 413
0.000481 406
0.000482 405
0.000483 410
0.000484 399
0.000485 402
0.000486 408
0.000487 406
0.000488 411
0.000489 416
0.00049 421
0.000491 422
0.000492 433
0.000493 419
0.000494 421
0.000495 426
0.000496 428
0.000497 420
0.000498 407
0.000499 406
0.0005 398
0.000501 392
0.000502 391
0.000503 399
0.000504 404
0.000505 399
0.000506 389
0.000507 397
0.000508 395
0.000509 397
0.00051 389
0.000511 399
0.000512 393
0.000513 392
0.000514 382
0.000515 379
0.000516 380
0.000517 378
0.000518 376
0.000519 395
0.00052 385
0.000521 396
0.000522 402
0.000523 401
0.000524 393
0.000525 393
0.000526 398
0.000527 388
0.000528 389
0.000529 385
0.00053 392
0.000531 399
0.000532 387
0.000533 389
0.000534 390
0.000535 389
0.000536 394
0.000537 395
0.000538 401
0.000539 409
0.00054 403
0.000541 402
0.000542 408
0.000543 403
0.000544 397
0.000545 404
0.000546 402
0.000547 402
0.000548 407
0.000549 418
0.00055 406
0.000551 397
0.000552 391
0.000553 384
0.000554 388
0.000555 386
0.000556 378
0.000557 383
0.000558 378
0.000559 365
0.00056 366
0.000561 363
0.000562 364
0.000563 380
0.000564 368
0.000565 370
0.000566 370
0.000567 370
0.000568 367
0.000569 373
0.00057 364
0.000571 358
0.000572 364
0.000573 370
0.000574 368
0.000575 365
0.000576 369
0.000577 381
0.000578 381
0.000579 391
0.00058 383
0.000581 379
0.000582 377
0.000583 368
0.000584 364
0.000585 363
0.000586 371
0.000587 362
0.000588 362
0.000589 364
0.00059 360
0.000591 364
0.000592 373
0.000593 368
0.000594 370
0.000595 382
0.000596 378
0.000597 375
0.000598 380
0.000599 378
0.0006 377
0.000601 372
0.000602 376
0.000603 372
0.000604 385
0.000605 374
0.000606 382
0.000607 377
0.000608 371
0.000609 369
0.00061 364
0.000611 354
0.000612 369
0.000613 373
0.000614 372
0.000615 373
0.000616 377
0.000617 378
0.000618 374
0.000619 369
0.00062 364
0.000621 373
0.000622 383
0.000623 388
0.000624 391
0.000625 394
0.000626 397
0.000627 397
0.000628 381
0.000629 373
0.00063 370
0.000631 363
0.000632 375
0.000633 366
0.000634 373
0.000635 365
0.000636 360
0.000637 359
0.000638 379
0.000639 382
0.00064 388
0.000641 387
0.000642 394
0.000643 384
0.000644 369
0.000645 369
0.000646 370
0.000647 370
0.000648 374
0.000649 377
0.00065 385
0.000651 381
0.000652 371
0.000653 365
0.000654 366
0.000655 374
0.000656 379
0.000657 379
0.000658 385
0.000659 390
0.00066 387
0.000661 385
0.000662 392
0.000663 391
0.000664 396
0.000665 394
0.000666 400
0.000667 393
0.000668 399
0.000669 403
0.00067 374
0.000671 382
0.000672 376
0.000673 375
0.000674 368
0.000675 369
0.000676 357
0.000677 367
0.000678 349
0.000679 349
0.00068 343
0.000681 338
0.000682 331
0.000683 332
0.000684 342
0.000685 352
0.000686 348
0.000687 354
0.000688 353
0.000689 355
0.00069 368
0.000691 369
0.000692 370
0.000693 367
0.000694 372
0.000695 364
0.000696 367
0.000697 370
0.000698 367
0.000699 367
0.0007 373
0.000701 365
0.000702 361
0.000703 360
0.000704 366
0.000705 368
0.000706 380
0.000707 375
0.000708 379
0.000709 364
0.00071 369
0.000711 369
0.000712 361
0.000713 356
0.000714 354
0.000715 352
0.000716 354
0.000717 359
0.000718 350
0.000719 355
0.00072 360
0.000721 369
0.000722 363
0.000723 361
0.000724 369
0.000725 362
0.000726 353
0.000727 351
0.000728 361
0.000729 370
0.00073 370
0.000731 377
0.000732 382
0.000733 385
0.000734 383
0.000735 382
0.000736 370
0.000737 370
0.000738 362
0.000739 364
0.00074 366
0.000741 358
0.000742 359
0.000743 362
0.000744 365
0.000745 368
0.000746 362
0.000747 364
0.000748 351
0.000749 334
0.00075 339
0.000751 336
0.000752 343
0.000753 351
0.000754 349
0.000755 344
0.000756 350
0.000757 357
0.000758 362
0.000759 356
0.00076 352
0.000761 348
0.000762 350
0.000763 349
0.000764 344
0.000765 339
0.000766 337
0.000767 347
0.000768 359
0.000769 374
0.00077 373
0.000771 375
0.000772 372
0.000773 378
0.000774 378
0.000775 377
0.000776 382
0.000777 369
0.000778 365
0.000779 359
0.00078 357
0.000781 347
0.000782 348
0.000783 353
0.000784 357
0.000785 354
0.000786 353
0.000787 337
0.000788 341
0.000789 351
0.00079 354
0.000791 360
0.000792 347
0.000793 354
0.000794 362
0.000795 361
0.000796 365
0.000797 360
0.000798 369
0.000799 373
0.0008 368
0.000801 369
0.000802 380
0.000803 383
0.000804 376
0.000805 372
0.000806 348
0.000807 351
0.000808 343
0.000809 367
0.00081 365
0.000811 363
0.000812 367
0.000813 355
0.000814 358
0.000815 366
0.000816 369
0.000817 362
0.000818 350
0.000819 334
0.00082 324
0.000821 329
0.000822 331
0.000823 335
0.000824 337
0.000825 339
0.000826 337
0.000827 334
0.000828 325
0.000829 331
0.00083 321
0.000831 327
0.000832 333
0.000833 345
0.000834 358
0.000835 357
0.000836 355
0.000837 355
0.000838 339
0.000839 340
0.00084 340
0.000841 337
0.000842 346
0.000843 350
0.000844 346
0.000845 353
0.000846 360
0.000847 364
0.000848 363
0.000849 368
0.00085 364
0.000851 359
0.000852 362
0.000853 362
0.000854 367
0.000855 366
0.000856 376
0.000857 377
0.000858 376
0.000859 375
0.00086 366
0.000861 359
0.000862 354
0.000863 342
0.000864 335
0.000865 342
0.000866 340
0.000867 338
0.000868 335
0.000869 330
0.00087 327
0.000871 334
0.000872 341
0.000873 335
0.000874 332
0.000875 330
0.000876 328
0.000877 330
0.000878 338
0.000879 347
0.00088 341
0.000881 343
0.000882 344
0.000883 339
0.000884 338
0.000885 346
0.000886 333
0.000887 347
0.000888 348
0.000889 345
0.00089 337
0.000891 350
0.000892 359
0.000893 363
0.000894 363
0.000895 362
0.000896 350
0.000897 357
0.000898 357
0.000899 351
0.0009 354
0.000901 352
0.000902 339
0.000903 336
0.000904 335
0.000905 333
0.000906 318
0.000907 328
0.000908 321
0.000909 322
0.00091 337
0.000911 335
0.000912 326
0.000913 328
0.000914 328
0.000915 336
0.000916 328
0.000917 335
0.000918 340
0.000919 330
0.00092 328
0.000921 325
0.000922 333
0.000923 322
0.000924 333
0.000925 343
0.000926 339
0.000927 331
0.000928 324
0.000929 327
0.00093 325
0.000931 329
0.000932 329
0.000933 332
0.000934 343
0.000935 342
0.000936 346
0.000937 347
0.000938 337
0.000939 341
0.00094 339
0.000941 336
0.000942 333
0.000943 339
0.000944 333
0.000945 320
0.000946 325
0.000947 332
0.000948 325
0.000949 329
0.00095 326
0.000951 324
0.000952 327
0.000953 325
0.000954 321
0.000955 328
0.000956 322
0.000957 316
0.000958 316
0.000959 323
0.00096 320
0.000961 332
0.000962 324
0.000963 317
0.000964 315
0.000965 320
0.000966 326
0.000967 322
0.000968 323
0.000969 314
0.00097 314
0.000971 327
0.000972 337
0.000973 344
0.000974 339
0.000975 320
0.000976 330
0.000977 342
0.000978 338
0.000979 335
0.00098 321
0.000981 317
0.000982 312
0.000983 311
0.000984 305
0.000985 313
0.000986 309
0.000987 312
0.000988 309
0.000989 310
0.00099 303
0.000991 306
0.000992 311
0.000993 309
0.000994 304
0.000995 302
0.000996 308
0.000997 328
0.000998 336
0.000999 346
0.001 353
0.001001 368
0.001002 364
0.001003 372
0.001004 367
0.001005 365
0.001006 364
0.001007 378
0.001008 377
0.001009 373
0.00101 373
0.001011 376
0.001012 378
0.001013 371
0.001014 373
0.001015 347
0.001016 352
0.001017 347
0.001018 342
0.001019 340
0.00102 332
0.001021 330
0.001022 328
0.001023 337
0.001024 337
0.001025 332
0.001026 323
0.001027 326
0.001028 321
0.001029 323
0.00103 327
0.001031 330
0.001032 333
0.001033 336
0.001034 332
0.001035 330
0.001036 330
0.001037 333
0.001038 336
0.001039 340
0.00104 342
0.001041 337
0.001042 335
0.001043 328
0.001044 332
0.001045 323
0.001046 315
0.001047 310
0.001048 314
0.001049 305
0.00105 308
0.001051 312
0.001052 322
0.001053 317
0.001054 326
0.001055 318
0.001056 315
0.001057 319
0.001058 319
0.001059 323
0.00106 329
0.001061 332
0.001062 335
0.001063 335
0.001064 329
0.001065 329
0.001066 329
0.001067 325
0.001068 320
0.001069 321
0.00107 317
0.001071 325
0.001072 326
0.001073 325
0.001074 324
0.001075 320
0.001076 320
0.001077 323
0.001078 321
0.001079 320
0.00108 317
0.001081 321
0.001082 320
0.001083 313
0.001084 316
0.001085 319
0.001086 321
0.001087 325
0.001088 323
0.001089 335
0.00109 340
0.001091 339
0.001092 334
0.001093 333
0.001094 330
0.001095 326
0.001096 322
0.001097 316
0.001098 329
0.001099 329
0.0011 339
0.001101 330
0.001102 325
0.001103 326
0.001104 327
0.001105 327
0.001106 323
0.001107 333
0.001108 326
0.001109 322
0.00111 322
0.001111 308
0.001112 321
0.001113 315
0.001114 326
0.001115 326
0.001116 322
0.001117 315
0.001118 319
0.001119 317
0.00112 323
0.001121 322
0.001122 322
0.001123 323
0.001124 329
0.001125 326
0.001126 321
0.001127 314
0.001128 310
0.001129 308
0.00113 312
0.001131 314
0.001132 321
0.001133 333
0.001134 326
0.001135 317
0.001136 331
0.001137 323
0.001138 315
0.001139 313
0.00114 309
0.001141 312
0.001142 327
0.001143 334
0.001144 331
0.001145 324
0.001146 302
0.001147 303
0.001148 302
0.001149 315
0.00115 316
0.001151 313
0.001152 311
0.001153 304
0.001154 293
0.001155 290
0.001156 301
0.001157 302
0.001158 293
0.001159 297
0.00116 288
0.001161 297
0.001162 295
0.001163 294
0.001164 294
0.001165 299
0.001166 293
0.001167 291
0.001168 286
0.001169 292
0.00117 294
0.001171 289
0.001172 292
0.001173 297
0.001174 300
0.001175 303
0.001176 302
0.001177 305
0.001178 306
0.001179 305
0.00118 287
0.001181 283
0.001182 288
0.001183 289
0.001184 301
0.001185 299
0.001186 293
0.001187 290
0.001188 284
0.001189 283
0.00119 283
0.001191 283
0.001192 285
0.001193 278
0.001194 275
0.001195 280
0.001196 267
0.001197 263
0.001198 260
0.001199 255
0.0012 246
0.001201 243
0.001202 241
0.001203 248
0.001204 245
0.001205 247
0.001206 251
0.001207 263
0.001208 272
0.001209 277
0.00121 273
0.001211 274
0.001212 269
0.001213 261
0.001214 263
0.001215 269
0.001216 281
0.001217 282
0.001218 281
0.001219 295
0.00122 297
0.001221 290
0.001222 279
0.001223 288
0.001224 268
0.001225 280
0.001226 278
0.001227 291
0.001228 292
0.001229 297
0.00123 292
0.001231 302
0.001232 305
0.001233 298
0.001234 311
0.001235 309
0.001236 312
0.001237 315
0.001238 309
0.001239 315
0.00124 307
0.001241 310
0.001242 307
0.001243 304
0.001244 290
0.001245 296
0.001246 288
0.001247 292
0.001248 299
0.001249 307
0.00125 310
0.001251 316
0.001252 313
0.001253 317
0.001254 314
0.001255 310
0.001256 309
0.001257 301
0.001258 306
0.001259 305
0.00126 303
0.001261 289
0.001262 288
0.001263 293
0.001264 282
0.001265 280
0.001266 277
0.001267 273
0.001268 281
0.001269 280
0.00127 278
0.001271 285
0.001272 281
0.001273 278
0.001274 273
0.001275 272
0.001276 284
0.001277 289
0.001278 296
0.001279 299
0.00128 288
0.001281 285
0.001282 287
0.001283 296
0.001284 290
0.001285 282
0.001286 293
0.001287 297
0.001288 293
0.001289 295
0.00129 285
0.001291 280
0.001292 280
0.001293 277
0.001294 279
0.001295 278
0.001296 285
0.001297 292
0.001298 288
0.001299 291
0.0013 290
0.001301 288
0.001302 287
0.001303 288
0.001304 287
0.001305 293
0.001306 303
0.001307 297
0.001308 304
0.001309 305
0.00131 295
0.001311 294
0.001312 284
0.001313 275
0.001314 265
0.001315 272
0.001316 277
0.001317 277
0.001318 283
0.001319 272
0.00132 282
0.001321 286
0.001322 288
0.001323 287
0.001324 287
0.001325 278
0.001326 276
0.001327 280
0.001328 281
0.001329 275
0.00133 274
0.001331 280
0.001332 279
0.001333 275
0.001334 283
0.001335 285
0.001336 286
0.001337 283
0.001338 273
0.001339 268
0.00134 260
0.001341 256
0.001342 259
0.001343 261
0.001344 261
0.001345 261
0.001346 273
0.001347 266
0.001348 266
0.001349 264
0.00135 266
0.001351 264
0.001352 257
0.001353 263
0.001354 262
0.001355 264
0.001356 260
0.001357 267
0.001358 275
0.001359 273
0.00136 268
0.001361 273
0.001362 273
0.001363 272
0.001364 274
0.001365 276
0.001366 275
0.001367 273
0.001368 269
0.001369 278
0.00137 278
0.001371 288
0.001372 294
0.001373 290
0.001374 301
0.001375 297
0.001376 294
0.001377 298
0.001378 291
0.001379 288
0.00138 294
0.001381 294
0.001382 295
0.001383 295
0.001384 286
0.001385 286
0.001386 282
0.001387 283
0.001388 280
0.001389 286
0.00139 280
0.001391 290
0.001392 274
0.001393 271
0.001394 268
0.001395 258
0.001396 258
0.001397 252
0.001398 254
0.001399 253
0.0014 250
0.001401 243
0.001402 247
0.001403 249
0.001404 249
0.001405 257
0.001406 264
0.001407 260
0.001408 256
0.001409 267
0.00141 256
0.001411 256
0.001412 254
0.001413 256
0.001414 258
0.001415 259
0.001416 253
0.001417 257
0.001418 258
0.001419 261
0.00142 255
0.001421 257
0.001422 259
0.001423 271
0.001424 268
0.001425 259
0.001426 269
0.001427 263
0.001428 268
0.001429 263
0.00143 264
0.001431 265
0.001432 269
0.001433 267
0.001434 258
0.001435 264
0.001436 263
0.001437 265
0.001438 260
0.001439 260
0.00144 256
0.001441 259
0.001442 257
0.001443 248
0.001444 243
0.001445 251
0.001446 257
0.001447 254
0.001448 250
0.001449 261
0.00145 264
0.001451 271
0.001452 263
0.001453 271
0.001454 276
0.001455 282
0.001456 285
0.001457 286
0.001458 283
0.001459 279
0.00146 276
0.001461 275
0.001462 282
0.001463 281
0.001464 283
0.001465 295
0.001466 295
0.001467 287
0.001468 285
0.001469 290
0.00147 282
0.001471 280
0.001472 277
0.001473 284
0.001474 280
0.001475 284
0.001476 273
0.001477 259
0.001478 260
0.001479 265
0.00148 254
0.001481 260
0.001482 247
0.001483 244
0.001484 252
0.001485 243
0.001486 246
0.001487 245
0.001488 247
0.001489 252
0.00149 247
0.001491 241
0.001492 237
0.001493 239
0.001494 230
0.001495 230
0.001496 235
0.001497 241
0.001498 233
0.001499 229
0.0015 230
0.001501 228
0.001502 231
0.001503 238
0.001504 243
0.001505 244
0.001506 241
0.001507 234
0.001508 252
0.001509 248
0.00151 247
0.001511 257
0.001512 261
0.001513 262
0.001514 267
0.001515 263
0.001516 264
0.001517 270
0.001518 274
0.001519 278
0.00152 277
0.001521 278
0.001522 276
0.001523 278
0.001524 277
0.001525 278
0.001526 272
0.001527 263
0.001528 263
0.001529 261
0.00153 252
0.001531 262
0.001532 258
0.001533 261
0.001534 264
0.001535 261
0.001536 265
0.001537 261
0.001538 262
0.001539 265
0.00154 265
0.001541 263
0.001542 257
0.001543 261
0.001544 268
0.001545 271
0.001546 267
0.001547 266
0.001548 267
0.001549 266
0.00155 263
0.001551 260
0.001552 256
0.001553 259
0.001554 255
0.001555 259
0.001556 252
0.001557 246
0.001558 247
0.001559 248
0.00156 243
0.001561 234
0.001562 230
0.001563 227
0.001564 246
0.001565 250
0.001566 252
0.001567 258
0.001568 255
0.001569 256
0.00157 246
0.001571 243
0.001572 245
0.001573 243
0.001574 247
0.001575 254
0.001576 253
0.001577 247
0.001578 250
0.001579 252
0.00158 252
0.001581 241
0.001582 236
0.001583 243
0.001584 243
0.001585 237
0.001586 232
0.001587 227
0.001588 235
0.001589 230
0.00159 236
0.001591 241
0.001592 248
0.001593 246
0.001594 246
0.001595 249
0.001596 250
0.001597 248
0.001598 243
0.001599 251
0.0016 251
0.001601 253
0.001602 253
0.001603 247
0.001604 254
0.001605 250
0.001606 246
0.001607 248
0.001608 247
0.001609 250
0.00161 245
0.001611 241
0.001612 248
0.001613 251
0.001614 242
0.001615 247
0.001616 244
0.001617 245
0.001618 255
0.001619 252
0.00162 255
0.001621 251
0.001622 249
0.001623 254
0.001624 243
0.001625 248
0.001626 246
0.001627 246
0.001628 240
0.001629 245
0.00163 246
0.001631 249
0.001632 244
0.001633 253
0.001634 247
0.001635 252
0.001636 247
0.001637 237
0.001638 237
0.001639 234
0.00164 238
0.001641 241
0.001642 245
0.001643 243
0.001644 240
0.001645 249
0.001646 239
0.001647 251
0.001648 245
0.001649 249
0.00165 246
0.001651 252
0.001652 256
0.001653 253
0.001654 253
0.001655 247
0.001656 263
0.001657 272
0.001658 272
0.001659 279
0.00166 270
0.001661 274
0.001662 276
0.001663 275
0.001664 270
0.001665 272
0.001666 269
0.001667 259
0.001668 265
0.001669 259
0.00167 264
0.001671 267
0.001672 255
0.001673 258
0.001674 256
0.001675 255
0.001676 268
0.001677 258
0.001678 265
0.001679 276
0.00168 270
0.001681 251
0.001682 249
0.001683 251
0.001684 246
0.001685 236
0.001686 235
0.001687 236
0.001688 236
0.001689 240
0.00169 240
0.001691 246
0.001692 252
0.001693 242
0.001694 240
0.001695 246
0.001696 242
0.001697 236
0.001698 235
0.001699 237
0.0017 234
0.001701 240
0.001702 231
0.001703 230
0.001704 233
0.001705 241
0.001706 238
0.001707 237
0.001708 246
0.001709 245
0.00171 244
0.001711 242
0.001712 237
0.001713 239
0.001714 237
0.001715 231
0.001716 231
0.001717 240
0.001718 244
0.001719 237
0.00172 236
0.001721 228
0.001722 223
0.001723 218
0.001724 224
0.001725 216
0.001726 212
0.001727 216
0.001728 222
0.001729 221
0.00173 215
0.001731 218
0.001732 208
0.001733 213
0.001734 219
0.001735 222
0.001736 228
0.001737 221
0.001738 224
0.001739 223
0.00174 222
0.001741 227
0.001742 233
0.001743 238
0.001744 229
0.001745 243
0.001746 239
0.001747 247
0.001748 246
0.001749 247
0.00175 248
0.001751 245
0.001752 247
0.001753 255
0.001754 253
0.001755 265
0.001756 268
0.001757 263
0.001758 263
0.001759 262
0.00176 256
0.001761 247
0.001762 246
0.001763 252
0.001764 268
0.001765 260
0.001766 255
0.001767 258
0.001768 253
0.001769 247
0.00177 243
0.001771 238
0.001772 232
0.001773 232
0.001774 233
0.001775 230
0.001776 235
0.001777 241
0.001778 229
0.001779 235
0.00178 237
0.001781 245
0.001782 241
0.001783 226
0.001784 233
0.001785 237
0.001786 243
0.001787 244
0.001788 247
0.001789 244
0.00179 237
0.001791 239
0.001792 236
0.001793 231
0.001794 229
0.001795 221
0.001796 226
0.001797 231
0.001798 234
0.001799 225
0.0018 221
0.001801 220
0.001802 221
0.001803 216
0.001804 211
0.001805 213
0.001806 218
0.001807 213
0.001808 210
0.001809 205
0.00181 206
0.001811 204
0.001812 221
0.001813 214
0.001814 212
0.001815 218
0.001816 220
0.001817 226
0.001818 223
0.001819 230
0.00182 226
0.001821 221
0.001822 221
0.001823 217
0.001824 221
0.001825 219
0.001826 222
0.001827 217
0.001828 221
0.001829 226
0.00183 229
0.001831 235
0.001832 231
0.001833 227
0.001834 224
0.001835 225
0.001836 218
0.001837 222
0.001838 221
0.001839 226
0.00184 223
0.001841 215
0.001842 226
0.001843 222
0.001844 223
0.001845 219
0.001846 225
0.001847 225
0.001848 219
0.001849 220
0.00185 223
0.001851 224
0.001852 224
0.001853 227
0.001854 227
0.001855 221
0.001856 216
0.001857 218
0.001858 218
0.001859 217
0.00186 206
0.001861 213
0.001862 218
0.001863 218
0.001864 215
0.001865 212
0.001866 218
0.001867 220
0.001868 215
0.001869 208
0.00187 213
0.001871 223
0.001872 213
0.001873 208
0.001874 208
0.001875 213
0.001876 210
0.001877 216
0.001878 222
0.001879 224
0.00188 223
0.001881 226
0.001882 230
0.001883 223
0.001884 221
0.001885 238
0.001886 238
0.001887 240
0.001888 236
0.001889 240
0.00189 226
0.001891 229
0.001892 230
0.001893 238
0.001894 235
0.001895 233
0.001896 233
0.001897 234
0.001898 231
0.001899 233
0.0019 226
0.001901 231
0.001902 219
0.001903 224
0.001904 225
0.001905 222
0.001906 220
0.001907 212
0.001908 222
0.001909 212
0.00191 208
0.001911 203
0.001912 197
0.001913 205
0.001914 203
0.001915 213
0.001916 213
0.001917 214
0.001918 217
0.001919 222
0.00192 218
0.001921 226
0.001922 221
0.001923 229
0.001924 232
0.001925 234
0.001926 235
0.001927 239
0.001928 239
0.001929 233
0.00193 232
0.001931 229
0.001932 240
0.001933 242
0.001934 239
0.001935 238
0.001936 235
0.001937 237
0.001938 230
0.001939 234
0.00194 236
0.001941 230
0.001942 229
0.001943 226
0.001944 229
0.001945 229
0.001946 226
0.001947 218
0.001948 210
0.001949 211
0.00195 207
0.001951 208
0.001952 216
0.001953 219
0.001954 223
0.001955 228
0.001956 233
0.001957 236
0.001958 230
0.001959 227
0.00196 229
0.001961 230
0.001962 231
0.001963 224
0.001964 220
0.001965 219
0.001966 219
0.001967 223
0.001968 212
0.001969 218
0.00197 223
0.001971 218
0.001972 220
0.001973 223
0.001974 213
0.001975 214
0.001976 212
0.001977 206
0.001978 201
0.001979 197
0.00198 202
0.001981 206
0.001982 205
0.001983 201
0.001984 213
0.001985 207
0.001986 211
0.001987 220
0.001988 219
0.001989 219
0.00199 216
0.001991 226
0.001992 228
0.001993 228
0.001994 234
0.001995 234
0.001996 226
0.001997 222
0.001998 225
0.001999 224
0.002 231
0.002001 232
0.002002 221
0.002003 228
0.002004 235
0.002005 236
0.002006 229
0.002007 225
0.002008 228
0.002009 224
0.00201 211
0.002011 203
0.002012 206
0.002013 200
0.002014 201
0.002015 202
0.002016 205
0.002017 208
0.002018 200
0.002019 201
0.00202 201
0.002021 204
0.002022 210
0.002023 213
0.002024 216
0.002025 215
0.002026 216
0.002027 216
0.002028 217
0.002029 221
0.00203 220
0.002031 224
0.002032 230
0.002033 230
0.002034 228
0.002035 226
0.002036 229
0.002037 221
0.002038 217
0.002039 214
0.00204 218
0.002041 215
0.002042 222
0.002043 215
0.002044 216
0.002045 220
0.002046 218
0.002047 220
0.002048 229
0.002049 228
0.00205 221
0.002051 224
0.002052 226
0.002053 220
0.002054 225
0.002055 218
0.002056 213
0.002057 218
0.002058 218
0.002059 220
0.00206 215
0.002061 221
0.002062 225
0.002063 219
0.002064 218
0.002065 224
0.002066 230
0.002067 227
0.002068 225
0.002069 224
0.00207 222
0.002071 219
0.002072 228
0.002073 226
0.002074 226
0.002075 224
0.002076 219
0.002077 215
0.002078 213
0.002079 218
0.00208 222
0.002081 224
0.002082 225
0.002083 218
0.002084 219
0.002085 214
0.002086 215
0.002087 209
0.002088 202
0.002089 197
0.00209 195
0.002091 192
0.002092 193
0.002093 196
0.002094 205
0.002095 208
0.002096 212
0.002097 210
0.002098 209
0.002099 210
0.0021 207
0.002101 205
0.002102 206
0.002103 215
0.002104 210
0.002105 208
0.002106 207
0.002107 209
0.002108 205
0.002109 201
0.00211 195
0.002111 181
0.002112 187
0.002113 190
0.002114 197
0.002115 195
0.002116 197
0.002117 194
0.002118 197
0.002119 194
0.00212 193
0.002121 188
0.002122 187
0.002123 184
0.002124 183
0.002125 182
0.002126 180
0.002127 182
0.002128 176
0.002129 173
0.00213 174
0.002131 181
0.002132 182
0.002133 182
0.002134 178
0.002135 183
0.002136 183
0.002137 180
0.002138 182
0.002139 179
0.00214 180
0.002141 180
0.002142 179
0.002143 176
0.002144 176
0.002145 170
0.002146 176
0.002147 178
0.002148 171
0.002149 178
0.00215 174
0.002151 183
0.002152 180
0.002153 179
0.002154 179
0.002155 176
0.002156 176
0.002157 174
0.002158 172
0.002159 179
0.00216 176
0.002161 176
0.002162 173
0.002163 178
0.002164 179
0.002165 182
0.002166 189
0.002167 186
0.002168 188
0.002169 184
0.00217 188
0.002171 183
0.002172 182
0.002173 185
0.002174 180
0.002175 174
0.002176 182
0.002177 184
0.002178 174
0.002179 172
0.00218 172
0.002181 184
0.002182 185
0.002183 194
0.002184 186
0.002185 184
0.002186 185
0.002187 184
0.002188 182
0.002189 184
0.00219 187
0.002191 182
0.002192 188
0.002193 190
0.002194 190
0.002195 180
0.002196 186
0.002197 194
0.002198 191
0.002199 188
0.0022 197
0.002201 196
0.002202 204
0.002203 210
0.002204 207
0.002205 216
0.002206 211
0.002207 209
0.002208 209
0.002209 207
0.00221 205
0.002211 211
0.002212 211
0.002213 208
0.002214 218
0.002215 218
0.002216 213
0.002217 203
0.002218 197
0.002219 193
0.00222 193
0.002221 189
0.002222 186
0.002223 190
0.002224 186
0.002225 187
0.002226 191
0.002227 190
0.002228 193
0.002229 196
0.00223 199
0.002231 197
0.002232 199
0.002233 196
0.002234 192
0.002235 190
0.002236 196
0.002237 195
0.002238 185
0.002239 184
0.00224 193
0.002241 191
0.002242 205
0.002243 195
0.002244 193
0.002245 194
0.002246 192
0.002247 193
0.002248 195
0.002249 199
0.00225 193
0.002251 184
0.002252 187
0.002253 189
0.002254 187
0.002255 187
0.002256 188
0.002257 194
0.002258 199
0.002259 199
0.00226 196
0.002261 198
0.002262 197
0.002263 197
0.002264 198
0.002265 200
0.002266 204
0.002267 207
0.002268 202
0.002269 193
0.00227 189
0.002271 183
0.002272 183
0.002273 190
0.002274 193
0.002275 196
0.002276 199
0.002277 197
0.002278 202
0.002279 199
0.00228 197
0.002281 197
0.002282 199
0.002283 194
0.002284 190
0.002285 188
0.002286 195
0.002287 198
0.002288 196
0.002289 197
0.00229 191
0.002291 183
0.002292 174
0.002293 173
0.002294 176
0.002295 178
0.002296 183
0.002297 195
0.002298 194
0.002299 199
0.0023 195
0.002301 192
0.002302 185
0.002303 179
0.002304 180
0.002305 179
0.002306 182
0.002307 185
0.002308 181
0.002309 176
0.00231 173
0.002311 173
0.002312 174
0.002313 175
0.002314 171
0.002315 172
0.002316 180
0.002317 187
0.002318 174
0.002319 171
0.00232 167
0.002321 167
0.002322 167
0.002323 167
0.002324 167
0.002325 170
0.002326 178
0.002327 185
0.002328 181
0.002329 179
0.00233 180
0.002331 169
0.002332 166
0.002333 168
0.002334 170
0.002335 166
0.002336 165
0.002337 171
0.002338 181
0.002339 180
0.00234 176
0.002341 164
0.002342 176
0.002343 176
0.002344 180
0.002345 179
0.002346 192
0.002347 198
0.002348 197
0.002349 187
0.00235 180
0.002351 182
0.002352 175
0.002353 175
0.002354 180
0.002355 168
0.002356 169
0.002357 171
0.002358 168
0.002359 173
0.00236 161
0.002361 159
0.002362 161
0.002363 167
0.002364 171
0.002365 173
0.002366 172
0.002367 175
0.002368 178
0.002369 179
0.00237 176
0.002371 172
0.002372 172
0.002373 173
0.002374 179
0.002375 177
0.002376 175
0.002377 176
0.002378 175
0.002379 176
0.00238 176
0.002381 177
0.002382 172
0.002383 177
0.002384 175
0.002385 174
0.002386 179
0.002387 182
0.002388 182
0.002389 182
0.00239 181
0.002391 181
0.002392 181
0.002393 189
0.002394 191
0.002395 190
0.002396 190
0.002397 187
0.002398 184
0.002399 188
0.0024 191
0.002401 191
0.002402 194
0.002403 191
0.002404 183
0.002405 188
0.002406 186
0.002407 189
0.002408 180
0.002409 175
0.00241 173
0.002411 163
0.002412 163
0.002413 161
0.002414 168
0.002415 168
0.002416 182
0.002417 184
0.002418 179
0.002419 184
0.00242 178
0.002421 181
0.002422 183
0.002423 185
0.002424 178
0.002425 171
0.002426 176
0.002427 182
0.002428 182
0.002429 182
0.00243 185
0.002431 189
0.002432 194
0.002433 203
0.002434 206
0.002435 210
0.002436 210
0.002437 210
0.002438 205
0.002439 193
0.00244 195
0.002441 185
0.002442 184
0.002443 188
0.002444 183
0.002445 183
0.002446 184
0.002447 177
0.002448 171
0.002449 171
0.00245 161
0.002451 158
0.002452 154
0.002453 157
0.002454 153
0.002455 157
0.002456 160
0.002457 163
0.002458 163
0.002459 161
0.00246 163
0.002461 160
0.002462 170
0.002463 167
0.002464 173
0.002465 175
0.002466 180
0.002467 180
0.002468 185
0.002469 178
0.00247 179
0.002471 175
0.002472 178
0.002473 178
0.002474 179
0.002475 181
0.002476 185
0.002477 186
0.002478 188
0.002479 187
0.00248 182
0.002481 174
0.002482 186
0.002483 185
0.002484 182
0.002485 176
0.002486 174
0.002487 181
0.002488 182
0.002489 183
0.00249 174
0.002491 177
0.002492 169
0.002493 174
0.002494 176
0.002495 176
0.002496 179
0.002497 179
0.002498 185
0.002499 186
0.0025 189
0.002501 192
0.002502 189
0.002503 190
0.002504 202
0.002505 197
0.002506 190
0.002507 188
0.002508 185
0.002509 177
0.00251 173
0.002511 178
0.002512 181
0.002513 182
0.002514 168
0.002515 171
0.002516 171
0.002517 171
0.002518 170
0.002519 172
0.00252 162
0.002521 163
0.002522 162
0.002523 174
0.002524 170
0.002525 166
0.002526 165
0.002527 170
0.002528 169
0.002529 170
0.00253 163
0.002531 164
0.002532 166
0.002533 173
0.002534 179
0.002535 180
0.002536 184
0.002537 185
0.002538 184
0.002539 190
0.00254 197
0.002541 195
0.002542 198
0.002543 191
0.002544 190
0.002545 186
0.002546 187
0.002547 184
0.002548 186
0.002549 182
0.00255 179
0.002551 176
0.002552 179
0.002553 174
0.002554 180
0.002555 180
0.002556 178
0.002557 180
0.002558 183
0.002559 189
0.00256 190
0.002561 193
0.002562 197
0.002563 195
0.002564 195
0.002565 189
0.002566 188
0.002567 190
0.002568 190
0.002569 190
0.00257 183
0.002571 186
0.002572 182
0.002573 191
0.002574 190
0.002575 188
0.002576 185
0.002577 189
0.002578 190
0.002579 196
0.00258 186
0.002581 184
0.002582 184
0.002583 187
0.002584 184
0.002585 180
0.002586 186
0.002587 184
0.002588 184
0.002589 182
0.00259 180
0.002591 181
0.002592 177
0.002593 175
0.002594 171
0.002595 167
0.002596 159
0.002597 169
0.002598 172
0.002599 165
0.0026 159
0.002601 162
0.002602 165
0.002603 163
0.002604 159
0.002605 165
0.002606 167
0.002607 167
0.002608 168
0.002609 168
0.00261 169
0.002611 162
0.002612 164
0.002613 167
0.002614 167
0.002615 165
0.002616 162
0.002617 152
0.002618 153
0.002619 156
0.00262 150
0.002621 149
0.002622 147
0.002623 148
0.002624 150
0.002625 148
0.002626 143
0.002627 149
0.002628 149
0.002629 156
0.00263 158
0.002631 157
0.002632 157
0.002633 157
0.002634 153
0.002635 156
0.002636 150
0.002637 150
0.002638 159
0.002639 157
0.00264 173
0.002641 171
0.002642 163
0.002643 161
0.002644 161
0.002645 162
0.002646 152
0.002647 151
0.002648 147
0.002649 141
0.00265 141
0.002651 149
0.002652 151
0.002653 150
0.002654 148
0.002655 150
0.002656 157
0.002657 156
0.002658 154
0.002659 164
0.00266 169
0.002661 170
0.002662 171
0.002663 166
0.002664 166
0.002665 170
0.002666 168
0.002667 169
0.002668 169
0.002669 166
0.00267 162
0.002671 163
0.002672 168
0.002673 166
0.002674 163
0.002675 162
0.002676 170
0.002677 176
0.002678 170
0.002679 174
0.00268 170
0.002681 165
0.002682 159
0.002683 161
0.002684 160
0.002685 160
0.002686 159
0.002687 154
0.002688 151
0.002689 154
0.00269 151
0.002691 149
0.002692 151
0.002693 150
0.002694 143
0.002695 142
0.002696 142
0.002697 146
0.002698 148
0.002699 149
0.0027 152
0.002701 152
0.002702 152
0.002703 152
0.002704 148
0.002705 147
0.002706 145
0.002707 145
0.002708 139
0.002709 135
0.00271 137
0.002711 141
0.002712 139
0.002713 135
0.002714 144
0.002715 141
0.002716 142
0.002717 148
0.002718 160
0.002719 162
0.00272 160
0.002721 158
0.002722 150
0.002723 151
0.002724 152
0.002725 154
0.002726 154
0.002727 159
0.002728 160
0.002729 169
0.00273 171
0.002731 173
0.002732 168
0.002733 168
0.002734 173
0.002735 175
0.002736 172
0.002737 177
0.002738 168
0.002739 166
0.00274 166
0.002741 159
0.002742 155
0.002743 148
0.002744 142
0.002745 144
0.002746 142
0.002747 147
0.002748 141
0.002749 141
0.00275 140
0.002751 135
0.002752 139
0.002753 141
0.002754 141
0.002755 139
0.002756 145
0.002757 146
0.002758 147
0.002759 151
0.00276 145
0.002761 147
0.002762 151
0.002763 152
0.002764 155
0.002765 162
0.002766 157
0.002767 162
0.002768 151
0.002769 159
0.00277 156
0.002771 159
0.002772 161
0.002773 160
0.002774 158
0.002775 157
0.002776 157
0.002777 158
0.002778 161
0.002779 163
0.00278 167
0.002781 160
0.002782 161
0.002783 168
0.002784 167
0.002785 168
0.002786 163
0.002787 160
0.002788 155
0.002789 149
0.00279 150
0.002791 151
0.002792 146
0.002793 141
0.002794 135
0.002795 135
0.002796 133
0.002797 134
0.002798 135
0.002799 133
0.0028 128
0.002801 130
0.002802 133
0.002803 130
0.002804 134
0.002805 136
0.002806 137
0.002807 136
0.002808 145
0.002809 140
0.00281 138
0.002811 146
0.002812 143
0.002813 148
0.002814 144
0.002815 142
0.002816 148
0.002817 151
0.002818 152
0.002819 157
0.00282 161
0.002821 162
0.002822 151
0.002823 154
0.002824 153
0.002825 154
0.002826 157
0.002827 154
0.002828 160
0.002829 155
0.00283 160
0.002831 164
0.002832 159
0.002833 157
0.002834 159
0.002835 158
0.002836 160
0.002837 158
0.002838 155
0.002839 151
0.00284 152
0.002841 161
0.002842 165
0.002843 158
0.002844 155
0.002845 154
0.002846 157
0.002847 161
0.002848 159
0.002849 158
0.00285 158
0.002851 165
0.002852 158
0.002853 158
0.002854 158
0.002855 150
0.002856 148
0.002857 149
0.002858 148
0.002859 148
0.00286 148
0.002861 151
0.002862 149
0.002863 150
0.002864 149
0.002865 150
0.002866 146
0.002867 137
0.002868 135
0.002869 134
0.00287 134
0.002871 141
0.002872 137
0.002873 138
0.002874 137
0.002875 142
0.002876 140
0.002877 143
0.002878 142
0.002879 142
0.00288 149
0.002881 149
0.002882 151
0.002883 150
0.002884 144
0.002885 144
0.002886 140
0.002887 148
0.002888 148
0.002889 152
0.00289 146
0.002891 142
0.002892 141
0.002893 139
0.002894 143
0.002895 139
0.002896 141
0.002897 142
0.002898 146
0.002899 148
0.0029 151
0.002901 150
0.002902 150
0.002903 150
0.002904 152
0.002905 148
0.002906 145
0.002907 147
0.002908 144
0.002909 146
0.00291 140
0.002911 139
0.002912 136
0.002913 134
0.002914 133
0.002915 138
0.002916 139
0.002917 139
0.002918 135
0.002919 133
0.00292 133
0.002921 134
0.002922 134
0.002923 125
0.002924 131
0.002925 126
0.002926 132
0.002927 139
0.002928 138
0.002929 136
0.00293 141
0.002931 134
0.002932 130
0.002933 136
0.002934 137
0.002935 140
0.002936 138
0.002937 134
0.002938 131
0.002939 140
0.00294 134
0.002941 138
0.002942 135
0.002943 141
0.002944 148
0.002945 152
0.002946 150
0.002947 149
0.002948 143
0.002949 139
0.00295 138
0.002951 135
0.002952 139
0.002953 145
0.002954 148
0.002955 154
0.002956 155
0.002957 152
0.002958 151
0.002959 154
0.00296 147
0.002961 140
0.002962 145
0.002963 148
0.002964 146
0.002965 143
0.002966 146
0.002967 141
0.002968 141
0.002969 138
0.00297 138
0.002971 136
0.002972 136
0.002973 135
0.002974 135
0.002975 146
0.002976 146
0.002977 140
0.002978 140
0.002979 139
0.00298 143
0.002981 140
0.002982 136
0.002983 133
0.002984 137
0.002985 138
0.002986 139
0.002987 144
0.002988 149
0.002989 150
0.00299 148
0.002991 149
0.002992 149
0.002993 153
0.002994 157
0.002995 155
0.002996 155
0.002997 158
0.002998 154
0.002999 153
0.003 148
0.003001 152
0.003002 158
0.003003 154
0.003004 153
0.003005 157
0.003006 164
0.003007 165
0.003008 158
0.003009 160
0.00301 159
0.003011 162
0.003012 161
0.003013 161
0.003014 154
0.003015 151
0.003016 147
0.003017 143
0.003018 146
0.003019 146
0.00302 142
0.003021 142
0.003022 150
0.003023 146
0.003024 150
0.003025 144
0.003026 147
0.003027 141
0.003028 134
0.003029 139
0.00303 144
0.003031 147
0.003032 144
0.003033 156
0.003034 153
0.003035 155
0.003036 158
0.003037 153
0.003038 150
0.003039 153
0.00304 153
0.003041 155
0.003042 152
0.003043 153
0.003044 152
0.003045 144
0.003046 144
0.003047 149
0.003048 152
0.003049 150
0.00305 146
0.003051 152
0.003052 147
0.003053 147
0.003054 147
0.003055 145
0.003056 143
0.003057 144
0.003058 148
0.003059 148
0.00306 139
0.003061 143
0.003062 137
0.003063 133
0.003064 131
0.003065 126
0.003066 136
0.003067 139
0.003068 138
0.003069 136
0.00307 135
0.003071 131
0.003072 129
0.003073 128
0.003074 127
0.003075 135
0.003076 135
0.003077 133
0.003078 132
0.003079 129
0.00308 128
0.003081 130
0.003082 129
0.003083 123
0.003084 121
0.003085 118
0.003086 121
0.003087 127
0.003088 125
0.003089 126
0.00309 128
0.003091 129
0.003092 129
0.003093 127
0.003094 127
0.003095 121
0.003096 120
0.003097 120
0.003098 116
0.003099 128
0.0031 126
0.003101 133
0.003102 142
0.003103 146
0.003104 144
0.003105 134
0.003106 140
0.003107 134
0.003108 133
0.003109 137
0.00311 135
0.003111 136
0.003112 129
0.003113 125
0.003114 120
0.003115 119
0.003116 122
0.003117 121
0.003118 120
0.003119 113
0.00312 113
0.003121 121
0.003122 116
0.003123 118
0.003124 116
0.003125 121
0.003126 124
0.003127 129
0.003128 130
0.003129 124
0.00313 124
0.003131 122
0.003132 124
0.003133 127
0.003134 132
0.003135 121
0.003136 115
0.003137 119
0.003138 112
0.003139 111
0.00314 112
0.003141 112
0.003142 117
0.003143 126
0.003144 128
0.003145 119
0.003146 122
0.003147 120
0.003148 116
0.003149 119
0.00315 126
0.003151 126
0.003152 134
0.003153 133
0.003154 136
0.003155 136
0.003156 126
0.003157 131
0.003158 132
0.003159 129
0.00316 131
0.003161 138
0.003162 133
0.003163 133
0.003164 125
0.003165 120
0.003166 127
0.003167 130
0.003168 125
0.003169 119
0.00317 115
0.003171 115
0.003172 111
0.003173 105
0.003174 104
0.003175 102
0.003176 99
0.003177 102
0.003178 108
0.003179 108
0.00318 108
0.003181 112
0.003182 115
0.003183 119
0.003184 118
0.003185 124
0.003186 124
0.003187 128
0.003188 127
0.003189 122
0.00319 126
0.003191 126
0.003192 122
0.003193 121
0.003194 120
0.003195 126
0.003196 128
0.003197 133
0.003198 134
0.003199 129
0.0032 130
0.003201 132
0.003202 132
0.003203 137
0.003204 134
0.003205 134
0.003206 134
0.003207 126
0.003208 121
0.003209 120
0.00321 114
0.003211 122
0.003212 124
0.003213 126
0.003214 120
0.003215 127
0.003216 127
0.003217 124
0.003218 128
0.003219 132
0.00322 132
0.003221 132
0.003222 134
0.003223 130
0.003224 132
0.003225 131
0.003226 130
0.003227 132
0.003228 135
0.003229 141
0.00323 133
0.003231 134
0.003232 130
0.003233 130
0.003234 129
0.003235 128
0.003236 125
0.003237 126
0.003238 129
0.003239 129
0.00324 125
0.003241 127
0.003242 122
0.003243 120
0.003244 120
0.003245 116
0.003246 111
0.003247 116
0.003248 115
0.003249 117
0.00325 111
0.003251 110
0.003252 115
0.003253 115
0.003254 120
0.003255 117
0.003256 121
0.003257 119
0.003258 126
0.003259 122
0.00326 122
0.003261 114
0.003262 113
0.003263 117
0.003264 121
0.003265 122
0.003266 122
0.003267 123
0.003268 125
0.003269 120
0.00327 124
0.003271 130
0.003272 131
0.003273 132
0.003274 136
0.003275 129
0.003276 128
0.003277 137
0.003278 139
0.003279 139
0.00328 138
0.003281 143
0.003282 141
0.003283 141
0.003284 136
0.003285 132
0.003286 130
0.003287 134
0.003288 137
0.003289 133
0.00329 137
0.003291 143
0.003292 144
0.003293 153
0.003294 158
0.003295 155
0.003296 145
0.003297 143
0.003298 138
0.003299 137
0.0033 137
0.003301 136
0.003302 136
0.003303 133
0.003304 131
0.003305 129
0.003306 127
0.003307 122
0.003308 121
0.003309 119
0.00331 118
0.003311 119
0.003312 117
0.003313 114
0.003314 112
0.003315 114
0.003316 117
0.003317 116
0.003318 120
0.003319 110
0.00332 111
0.003321 114
0.003322 115
0.003323 109
0.003324 113
0.003325 115
0.003326 113
0.003327 119
0.003328 116
0.003329 116
0.00333 111
0.003331 117
0.003332 119
0.003333 114
0.003334 113
0.003335 116
0.003336 115
0.003337 115
0.003338 115
0.003339 114
0.00334 113
0.003341 110
0.003342 109
0.003343 108
0.003344 112
0.003345 119
0.003346 120
0.003347 118
0.003348 116
0.003349 112
0.00335 117
0.003351 117
0.003352 117
0.003353 114
0.003354 112
0.003355 118
0.003356 116
0.003357 107
0.003358 103
0.003359 102
0.00336 104
0.003361 105
0.003362 109
0.003363 102
0.003364 102
0.003365 99
0.003366 103
0.003367 102
0.003368 102
0.003369 107
0.00337 102
0.003371 108
0.003372 107
0.003373 104
0.003374 105
0.003375 112
0.003376 119
0.003377 119
0.003378 119
0.003379 122
0.00338 121
0.003381 114
0.003382 113
0.003383 112
0.003384 109
0.003385 110
0.003386 108
0.003387 111
0.003388 106
0.003389 106
0.00339 107
0.003391 110
0.003392 110
0.003393 114
0.003394 120
0.003395 123
0.003396 126
0.003397 127
0.003398 118
0.003399 114
0.0034 110
0.003401 108
0.003402 108
0.003403 114
0.003404 115
0.003405 113
0.003406 115
0.003407 111
0.003408 108
0.003409 109
0.00341 107
0.003411 109
0.003412 111
0.003413 110
0.003414 110
0.003415 114
0.003416 111
0.003417 110
0.003418 114
0.003419 111
0.00342 112
0.003421 112
0.003422 116
0.003423 116
0.003424 120
0.003425 114
0.003426 111
0.003427 108
0.003428 106
0.003429 107
0.00343 99
0.003431 101
0.003432 98
0.003433 99
0.003434 103
0.003435 106
0.003436 113
0.003437 115
0.003438 113
0.003439 106
0.00344 105
0.003441 103
0.003442 104
0.003443 99
0.003444 103
0.003445 106
0.003446 102
0.003447 101
0.003448 98
0.003449 103
0.00345 106
0.003451 103
0.003452 100
0.003453 100
0.003454 100
0.003455 95
0.003456 99
0.003457 99
0.003458 96
0.003459 97
0.00346 100
0.003461 107
0.003462 105
0.003463 103
0.003464 104
0.003465 103
0.003466 99
0.003467 103
0.003468 104
0.003469 101
0.00347 100
0.003471 101
0.003472 93
0.003473 96
0.003474 93
0.003475 93
0.003476 101
0.003477 102
0.003478 102
0.003479 94
0.00348 92
0.003481 92
0.003482 92
0.003483 95
0.003484 93
0.003485 95
0.003486 101
0.003487 98
0.003488 98
0.003489 99
0.00349 96
0.003491 98
0.003492 102
0.003493 105
0.003494 105
0.003495 105
0.003496 102
0.003497 99
0.003498 102
0.003499 99
0.0035 98
0.003501 103
0.003502 108
0.003503 104
0.003504 108
0.003505 107
0.003506 105
0.003507 106
0.003508 101
0.003509 110
0.00351 109
0.003511 109
0.003512 105
0.003513 108
0.003514 103
0.003515 108
0.003516 100
0.003517 99
0.003518 98
0.003519 98
0.00352 99
0.003521 100
0.003522 99
0.003523 106
0.003524 107
0.003525 105
0.003526 105
0.003527 101
0.003528 107
0.003529 111
0.00353 107
0.003531 105
0.003532 111
0.003533 106
0.003534 109
0.003535 106
0.003536 109
0.003537 111
0.003538 114
0.003539 106
0.00354 106
0.003541 104
0.003542 101
0.003543 102
0.003544 106
0.003545 109
0.003546 109
0.003547 110
0.003548 114
0.003549 112
0.00355 110
0.003551 106
0.003552 103
0.003553 99
0.003554 98
0.003555 95
0.003556 96
0.003557 95
0.003558 97
0.003559 90
0.00356 87
0.003561 89
0.003562 87
0.003563 84
0.003564 81
0.003565 85
0.003566 86
0.003567 83
0.003568 89
0.003569 95
0.00357 90
0.003571 90
0.003572 93
0.003573 86
0.003574 84
0.003575 85
0.003576 83
0.003577 87
0.003578 90
0.003579 95
0.00358 94
0.003581 104
0.003582 102
0.003583 107
0.003584 103
0.003585 102
0.003586 105
0.003587 105
0.003588 103
0.003589 100
0.00359 104
0.003591 99
0.003592 101
0.003593 103
0.003594 99
0.003595 101
0.003596 100
0.003597 98
0.003598 100
0.003599 102
0.0036 99
0.003601 101
0.003602 108
0.003603 102
0.003604 90
0.003605 98
0.003606 101
0.003607 98
0.003608 96
0.003609 98
0.00361 95
0.003611 99
0.003612 100
0.003613 103
0.003614 105
0.003615 102
0.003616 103
0.003617 92
0.003618 97
0.003619 98
0.00362 104
0.003621 101
0.003622 101
0.003623 105
0.003624 112
0.003625 113
0.003626 116
0.003627 110
0.003628 111
0.003629 111
0.00363 115
0.003631 113
0.003632 112
0.003633 114
0.003634 118
0.003635 116
0.003636 116
0.003637 117
0.003638 115
0.003639 116
0.00364 114
0.003641 111
0.003642 118
0.003643 117
0.003644 123
0.003645 123
0.003646 126
0.003647 126
0.003648 123
0.003649 130
0.00365 125
0.003651 128
0.003652 127
0.003653 130
0.003654 127
0.003655 120
0.003656 114
0.003657 114
0.003658 110
0.003659 109
0.00366 106
0.003661 111
0.003662 111
0.003663 106
0.003664 112
0.003665 114
0.003666 117
0.003667 119
0.003668 113
0.003669 112
0.00367 106
0.003671 104
0.003672 106
0.003673 106
0.003674 107
0.003675 108
0.003676 108
0.003677 111
0.003678 111
0.003679 108
0.00368 107
0.003681 106
0.003682 110
0.003683 112
0.003684 110
0.003685 110
0.003686 111
0.003687 106
0.003688 111
0.003689 107
0.00369 103
0.003691 105
0.003692 109
0.003693 101
0.003694 100
0.003695 102
0.003696 98
0.003697 100
0.003698 97
0.003699 99
0.0037 101
0.003701 102
0.003702 98
0.003703 99
0.003704 93
0.003705 92
0.003706 94
0.003707 93
0.003708 95
0.003709 94
0.00371 95
0.003711 96
0.003712 90
0.003713 86
0.003714 86
0.003715 87
0.003716 85
0.003717 87
0.003718 87
0.003719 87
0.00372 87
0.003721 88
0.003722 90
0.003723 88
0.003724 89
0.003725 93
0.003726 98
0.003727 96
0.003728 98
0.003729 95
0.00373 95
0.003731 103
0.003732 104
0.003733 100
0.003734 102
0.003735 105
0.003736 97
0.003737 97
0.003738 101
0.003739 99
0.00374 100
0.003741 95
0.003742 95
0.003743 94
0.003744 95
0.003745 93
0.003746 100
0.003747 98
0.003748 101
0.003749 101
0.00375 111
0.003751 110
0.003752 104
0.003753 104
0.003754 104
0.003755 105
0.003756 100
0.003757 100
0.003758 99
0.003759 101
0.00376 102
0.003761 103
0.003762 99
0.003763 98
0.003764 99
0.003765 99
0.003766 101
0.003767 104
0.003768 102
0.003769 100
0.00377 93
0.003771 100
0.003772 98
0.003773 96
0.003774 89
0.003775 92
0.003776 91
0.003777 91
0.003778 89
0.003779 88
0.00378 92
0.003781 89
0.003782 86
0.003783 84
0.003784 84
0.003785 83
0.003786 83
0.003787 87
0.003788 87
0.003789 93
0.00379 93
0.003791 92
0.003792 92
0.003793 91
0.003794 89
0.003795 88
0.003796 92
0.003797 82
0.003798 88
0.003799 92
0.0038 92
0.003801 93
0.003802 96
0.003803 93
0.003804 96
0.003805 95
0.003806 101
0.003807 103
0.003808 99
0.003809 101
0.00381 104
0.003811 104
0.003812 105
0.003813 108
0.003814 105
0.003815 102
0.003816 99
0.003817 101
0.003818 100
0.003819 97
0.00382 93
0.003821 92
0.003822 93
0.003823 89
0.003824 93
0.003825 95
0.003826 97
0.003827 94
0.003828 94
0.003829 92
0.00383 90
0.003831 87
0.003832 86
0.003833 89
0.003834 90
0.003835 95
0.003836 94
0.003837 91
0.003838 91
0.003839 96
0.00384 92
0.003841 94
0.003842 98
0.003843 97
0.003844 91
0.003845 88
0.003846 88
0.003847 87
0.003848 83
0.003849 80
0.00385 81
0.003851 84
0.003852 79
0.003853 79
0.003854 81
0.003855 80
0.003856 84
0.003857 82
0.003858 83
0.003859 79
0.00386 79
0.003861 85
0.003862 88
0.003863 83
0.003864 84
0.003865 82
0.003866 84
0.003867 86
0.003868 87
0.003869 90
0.00387 88
0.003871 83
0.003872 86
0.003873 89
0.003874 89
0.003875 90
0.003876 85
0.003877 80
0.003878 81
0.003879 82
0.00388 79
0.003881 77
0.003882 76
0.003883 74
0.003884 72
0.003885 78
0.003886 83
0.003887 87
0.003888 90
0.003889 94
0.00389 96
0.003891 96
0.003892 91
0.003893 85
0.003894 83
0.003895 82
0.003896 85
0.003897 84
0.003898 84
0.003899 82
0.0039 80
0.003901 80
0.003902 85
0.003903 86
0.003904 89
0.003905 92
0.003906 92
0.003907 90
0.003908 93
0.003909 92
0.00391 96
0.003911 91
0.003912 94
0.003913 91
0.003914 89
0.003915 80
0.003916 84
0.003917 84
0.003918 86
0.003919 87
0.00392 90
0.003921 86
0.003922 87
0.003923 89
0.003924 87
0.003925 89
0.003926 89
0.003927 89
0.003928 88
0.003929 84
0.00393 85
0.003931 88
0.003932 88
0.003933 86
0.003934 83
0.003935 83
0.003936 88
0.003937 88
0.003938 85
0.003939 86
0.00394 85
0.003941 83
0.003942 82
0.003943 84
0.003944 83
0.003945 88
0.003946 86
0.003947 85
0.003948 82
0.003949 81
0.00395 81
0.003951 79
0.003952 80
0.003953 79
0.003954 76
0.003955 73
0.003956 74
0.003957 78
0.003958 77
0.003959 80
0.00396 79
0.003961 82
0.003962 91
0.003963 87
0.003964 80
0.003965 81
0.003966 80
0.003967 81
0.003968 80
0.003969 79
0.00397 83
0.003971 88
0.003972 88
0.003973 85
0.003974 87
0.003975 89
0.003976 92
0.003977 92
0.003978 91
0.003979 90
0.00398 85
0.003981 83
0.003982 82
0.003983 82
0.003984 80
0.003985 79
0.003986 83
0.003987 80
0.003988 75
0.003989 75
0.00399 72
0.003991 76
0.003992 74
0.003993 76
0.003994 78
0.003995 81
0.003996 85
0.003997 82
0.003998 80
0.003999 78
0.004 78
0.004001 74
0.004002 76
0.004003 77
0.004004 77
0.004005 79
0.004006 83
0.004007 87
0.004008 85
0.004009 88
0.00401 83
0.004011 81
0.004012 79
0.004013 82
0.004014 82
0.004015 83
0.004016 83
0.004017 80
0.004018 79
0.004019 76
0.00402 75
0.004021 71
0.004022 67
0.004023 69
0.004024 66
0.004025 73
0.004026 74
0.004027 67
0.004028 65
0.004029 67
0.00403 74
0.004031 71
0.004032 74
0.004033 74
0.004034 73
0.004035 71
0.004036 74
0.004037 70
0.004038 69
0.004039 69
0.00404 65
0.004041 62
0.004042 65
0.004043 69
0.004044 67
0.004045 67
0.004046 72
0.004047 77
0.004048 77
0.004049 79
0.00405 81
0.004051 82
0.004052 81
0.004053 80
0.004054 79
0.004055 77
0.004056 78
0.004057 78
0.004058 75
0.004059 73
0.00406 73
0.004061 76
0.004062 72
0.004063 72
0.004064 76
0.004065 76
0.004066 77
0.004067 78
0.004068 77
0.004069 79
0.00407 76
0.004071 76
0.004072 77
0.004073 75
0.004074 78
0.004075 78
0.004076 75
0.004077 68
0.004078 66
0.004079 69
0.00408 72
0.004081 76
0.004082 72
0.004083 75
0.004084 68
0.004085 74
0.004086 78
0.004087 81
0.004088 76
0.004089 82
0.00409 77
0.004091 80
0.004092 79
0.004093 78
0.004094 82
0.004095 83
0.004096 81
0.004097 81
0.004098 77
0.004099 75
0.0041 77
0.004101 82
0.004102 82
0.004103 80
0.004104 85
0.004105 80
0.004106 80
0.004107 79
0.004108 77
0.004109 70
0.00411 65
0.004111 62
0.004112 67
0.004113 67
0.004114 67
0.004115 67
0.004116 66
0.004117 72
0.004118 72
0.004119 72
0.00412 77
0.004121 76
0.004122 84
0.004123 87
0.004124 90
0.004125 89
0.004126 91
0.004127 91
0.004128 87
0.004129 87
0.00413 86
0.004131 85
0.004132 89
0.004133 97
0.004134 95
0.004135 91
0.004136 90
0.004137 81
0.004138 80
0.004139 75
0.00414 69
0.004141 66
0.004142 71
0.004143 74
0.004144 76
0.004145 75
0.004146 77
0.004147 75
0.004148 82
0.004149 78
0.00415 80
0.004151 77
0.004152 79
0.004153 76
0.004154 78
0.004155 78
0.004156 80
0.004157 82
0.004158 87
0.004159 86
0.00416 87
0.004161 90
0.004162 96
0.004163 93
0.004164 92
0.004165 95
0.004166 93
0.004167 88
0.004168 83
0.004169 84
0.00417 76
0.004171 77
0.004172 71
0.004173 78
0.004174 80
0.004175 83
0.004176 84
0.004177 83
0.004178 86
0.004179 86
0.00418 86
0.004181 88
0.004182 86
0.004183 79
0.004184 82
0.004185 85
0.004186 90
0.004187 85
0.004188 81
0.004189 83
0.00419 87
0.004191 85
0.004192 90
0.004193 88
0.004194 84
0.004195 86
0.004196 86
0.004197 90
0.004198 95
0.004199 92
0.0042 96
0.004201 90
0.004202 91
0.004203 88
0.004204 78
0.004205 78
0.004206 79
0.004207 82
0.004208 82
0.004209 82
0.00421 79
0.004211 74
0.004212 77
0.004213 80
0.004214 82
0.004215 79
0.004216 78
0.004217 79
0.004218 79
0.004219 78
0.00422 76
0.004221 77
0.004222 80
0.004223 82
0.004224 82
0.004225 85
0.004226 82
0.004227 79
0.004228 73
0.004229 75
0.00423 73
0.004231 74
0.004232 79
0.004233 81
0.004234 80
0.004235 80
0.004236 82
0.004237 81
0.004238 80
0.004239 78
0.00424 77
0.004241 78
0.004242 81
0.004243 77
0.004244 74
0.004245 68
0.004246 65
0.004247 66
0.004248 68
0.004249 66
0.00425 67
0.004251 71
0.004252 69
0.004253 70
0.004254 66
0.004255 66
0.004256 67
0.004257 66
0.004258 70
0.004259 70
0.00426 69
0.004261 64
0.004262 64
0.004263 63
0.004264 68
0.004265 61
0.004266 65
0.004267 63
0.004268 63
0.004269 67
0.00427 70
0.004271 68
0.004272 71
0.004273 68
0.004274 72
0.004275 74
0.004276 71
0.004277 72
0.004278 72
0.004279 71
0.00428 75
0.004281 76
0.004282 78
0.004283 83
0.004284 88
0.004285 82
0.004286 76
0.004287 82
0.004288 79
0.004289 74
0.00429 75
0.004291 77
0.004292 75
0.004293 76
0.004294 75
0.004295 73
0.004296 75
0.004297 77
0.004298 83
0.004299 87
0.0043 84
0.004301 84
0.004302 82
0.004303 81
0.004304 78
0.004305 78
0.004306 78
0.004307 75
0.004308 71
0.004309 75
0.00431 73
0.004311 78
0.004312 80
0.004313 78
0.004314 77
0.004315 80
0.004316 74
0.004317 74
0.004318 79
0.004319 80
0.00432 81
0.004321 79
0.004322 79
0.004323 82
0.004324 80
0.004325 78
0.004326 76
0.004327 77
0.004328 80
0.004329 78
0.00433 79
0.004331 77
0.004332 73
0.004333 77
0.004334 80
0.004335 77
0.004336 77
0.004337 71
0.004338 75
0.004339 71
0.00434 67
0.004341 69
0.004342 69
0.004343 72
0.004344 70
0.004345 70
0.004346 72
0.004347 73
0.004348 71
0.004349 74
0.00435 71
0.004351 72
0.004352 67
0.004353 67
0.004354 63
0.004355 67
0.004356 65
0.004357 69
0.004358 72
0.004359 68
0.00436 64
0.004361 61
0.004362 61
0.004363 59
0.004364 58
0.004365 58
0.004366 62
0.004367 64
0.004368 57
0.004369 57
0.00437 59
0.004371 58
0.004372 58
0.004373 62
0.004374 61
0.004375 62
0.004376 65
0.004377 67
0.004378 63
0.004379 58
0.00438 64
0.004381 65
0.004382 66
0.004383 69
0.004384 66
0.004385 63
0.004386 64
0.004387 66
0.004388 63
0.004389 62
0.00439 62
0.004391 64
0.004392 66
0.004393 65
0.004394 62
0.004395 62
0.004396 59
0.004397 64
0.004398 65
0.004399 65
0.0044 61
0.004401 61
0.004402 62
0.004403 58
0.004404 62
0.004405 64
0.004406 64
0.004407 66
0.004408 70
0.004409 79
0.00441 85
0.004411 82
0.004412 82
0.004413 84
0.004414 86
0.004415 83
0.004416 81
0.004417 80
0.004418 80
0.004419 70
0.00442 67
0.004421 69
0.004422 71
0.004423 76
0.004424 73
0.004425 75
0.004426 72
0.004427 75
0.004428 71
0.004429 69
0.00443 69
0.004431 68
0.004432 70
0.004433 71
0.004434 72
0.004435 67
0.004436 71
0.004437 67
0.004438 68
0.004439 68
0.00444 68
0.004441 68
0.004442 64
0.004443 62
0.004444 58
0.004445 56
0.004446 57
0.004447 50
0.004448 51
0.004449 50
0.00445 50
0.004451 51
0.004452 53
0.004453 51
0.004454 51
0.004455 51
0.004456 53
0.004457 51
0.004458 52
0.004459 55
0.00446 60
0.004461 63
0.004462 62
0.004463 60
0.004464 61
0.004465 60
0.004466 59
0.004467 58
0.004468 60
0.004469 64
0.00447 65
0.004471 66
0.004472 62
0.004473 64
0.004474 63
0.004475 64
0.004476 69
0.004477 62
0.004478 55
0.004479 56
0.00448 56
0.004481 59
0.004482 59
0.004483 63
0.004484 62
0.004485 66
0.004486 68
0.004487 66
0.004488 67
0.004489 65
0.00449 66
0.004491 69
0.004492 72
0.004493 70
0.004494 67
0.004495 62
0.004496 64
0.004497 63
0.004498 65
0.004499 67
0.0045 67
0.004501 62
0.004502 69
0.004503 69
0.004504 64
0.004505 67
0.004506 68
0.004507 67
0.004508 66
0.004509 63
0.00451 59
0.004511 62
0.004512 65
0.004513 63
0.004514 63
0.004515 60
0.004516 60
0.004517 59
0.004518 58
0.004519 59
0.00452 52
0.004521 52
0.004522 54
0.004523 59
0.004524 58
0.004525 56
0.004526 58
0.004527 58
0.004528 57
0.004529 63
0.00453 63
0.004531 67
0.004532 66
0.004533 67
0.004534 71
0.004535 69
0.004536 67
0.004537 66
0.004538 67
0.004539 67
0.00454 62
0.004541 64
0.004542 63
0.004543 67
0.004544 70
0.004545 75
0.004546 72
0.004547 73
0.004548 70
0.004549 67
0.00455 68
0.004551 73
0.004552 73
0.004553 74
0.004554 76
0.004555 74
0.004556 79
0.004557 77
0.004558 74
0.004559 69
0.00456 68
0.004561 65
0.004562 66
0.004563 67
0.004564 67
0.004565 67
0.004566 65
0.004567 65
0.004568 64
0.004569 65
0.00457 67
0.004571 64
0.004572 65
0.004573 65
0.004574 67
0.004575 67
0.004576 61
0.004577 60
0.004578 61
0.004579 58
0.00458 57
0.004581 58
0.004582 60
0.004583 60
0.004584 59
0.004585 64
0.004586 64
0.004587 65
0.004588 67
0.004589 60
0.00459 59
0.004591 60
0.004592 57
0.004593 56
0.004594 56
0.004595 55
0.004596 58
0.004597 56
0.004598 54
0.004599 57
0.0046 57
0.004601 59
0.004602 54
0.004603 51
0.004604 56
0.004605 53
0.004606 58
0.004607 56
0.004608 54
0.004609 55
0.00461 55
0.004611 52
0.004612 53
0.004613 53
0.004614 55
0.004615 58
0.004616 62
0.004617 60
0.004618 59
0.004619 58
0.00462 60
0.004621 57
0.004622 52
0.004623 51
0.004624 52
0.004625 53
0.004626 52
0.004627 53
0.004628 56
0.004629 56
0.00463 58
0.004631 55
0.004632 56
0.004633 56
0.004634 54
0.004635 58
0.004636 60
0.004637 63
0.004638 62
0.004639 63
0.00464 65
0.004641 70
0.004642 71
0.004643 70
0.004644 71
0.004645 71
0.004646 73
0.004647 70
0.004648 69
0.004649 70
0.00465 69
0.004651 68
0.004652 73
0.004653 73
0.004654 71
0.004655 66
0.004656 65
0.004657 63
0.004658 65
0.004659 64
0.00466 64
0.004661 61
0.004662 58
0.004663 58
0.004664 62
0.004665 65
0.004666 63
0.004667 66
0.004668 65
0.004669 64
0.00467 67
0.004671 68
0.004672 68
0.004673 67
0.004674 63
0.004675 62
0.004676 61
0.004677 62
0.004678 61
0.004679 58
0.00468 53
0.004681 56
0.004682 55
0.004683 54
0.004684 54
0.004685 53
0.004686 52
0.004687 53
0.004688 54
0.004689 58
0.00469 57
0.004691 61
0.004692 60
0.004693 62
0.004694 60
0.004695 54
0.004696 57
0.004697 56
0.004698 57
0.004699 56
0.0047 57
0.004701 58
0.004702 58
0.004703 60
0.004704 57
0.004705 56
0.004706 55
0.004707 55
0.004708 56
0.004709 55
0.00471 57
0.004711 53
0.004712 53
0.004713 53
0.004714 57
0.004715 55
0.004716 54
0.004717 52
0.004718 52
0.004719 50
0.00472 53
0.004721 53
0.004722 52
0.004723 49
0.004724 49
0.004725 43
0.004726 45
0.004727 45
0.004728 45
0.004729 44
0.00473 51
0.004731 48
0.004732 48
0.004733 48
0.004734 47
0.004735 49
0.004736 45
0.004737 49
0.004738 47
0.004739 49
0.00474 50
0.004741 52
0.004742 53
0.004743 56
0.004744 57
0.004745 57
0.004746 58
0.004747 62
0.004748 63
0.004749 65
0.00475 64
0.004751 61
0.004752 64
0.004753 65
0.004754 65
0.004755 68
0.004756 66
0.004757 70
0.004758 62
0.004759 61
0.00476 61
0.004761 57
0.004762 57
0.004763 55
0.004764 56
0.004765 58
0.004766 58
0.004767 52
0.004768 55
0.004769 52
0.00477 53
0.004771 53
0.004772 51
0.004773 50
0.004774 52
0.004775 48
0.004776 47
0.004777 46
0.004778 45
0.004779 46
0.00478 44
0.004781 43
0.004782 42
0.004783 40
0.004784 45
0.004785 47
0.004786 48
0.004787 47
0.004788 49
0.004789 47
0.00479 49
0.004791 48
0.004792 55
0.004793 50
0.004794 55
0.004795 54
0.004796 59
0.004797 59
0.004798 59
0.004799 56
0.0048 52
0.004801 57
0.004802 53
0.004803 51
0.004804 53
0.004805 50
0.004806 51
0.004807 50
0.004808 53
0.004809 55
0.00481 57
0.004811 58
0.004812 61
0.004813 62
0.004814 63
0.004815 61
0.004816 60
0.004817 60
0.004818 58
0.004819 60
0.00482 60
0.004821 56
0.004822 55
0.004823 55
0.004824 58
0.004825 57
0.004826 60
0.004827 57
0.004828 54
0.004829 54
0.00483 60
0.004831 62
0.004832 62
0.004833 60
0.004834 63
0.004835 61
0.004836 65
0.004837 64
0.004838 67
0.004839 68
0.00484 67
0.004841 66
0.004842 64
0.004843 60
0.004844 58
0.004845 52
0.004846 53
0.004847 55
0.004848 55
0.004849 51
0.00485 51
0.004851 54
0.004852 53
0.004853 52
0.004854 55
0.004855 53
0.004856 53
0.004857 52
0.004858 51
0.004859 52
0.00486 54
0.004861 54
0.004862 55
0.004863 51
0.004864 53
0.004865 54
0.004866 53
0.004867 54
0.004868 54
0.004869 52
0.00487 50
0.004871 50
0.004872 53
0.004873 49
0.004874 55
0.004875 55
0.004876 56
0.004877 57
0.004878 60
0.004879 55
0.00488 52
0.004881 55
0.004882 53
0.004883 60
0.004884 57
0.004885 60
0.004886 58
0.004887 58
0.004888 57
0.004889 57
0.00489 57
0.004891 55
0.004892 55
0.004893 55
0.004894 53
0.004895 50
0.004896 50
0.004897 52
0.004898 54
0.004899 55
0.0049 60
0.004901 60
0.004902 62
0.004903 67
0.004904 69
0.004905 65
0.004906 63
0.004907 64
0.004908 65
0.004909 66
0.00491 66
0.004911 66
0.004912 63
0.004913 63
0.004914 60
0.004915 58
0.004916 61
0.004917 62
0.004918 65
0.004919 65
0.00492 61
0.004921 61
0.004922 59
0.004923 56
0.004924 59
0.004925 64
0.004926 64
0.004927 60
0.004928 53
0.004929 56
0.00493 53
0.004931 52
0.004932 54
0.004933 52
0.004934 51
0.004935 54
0.004936 56
0.004937 57
0.004938 61
0.004939 54
0.00494 55
0.004941 52
0.004942 56
0.004943 57
0.004944 60
0.004945 57
0.004946 54
0.004947 49
0.004948 46
0.004949 45
0.00495 43
0.004951 46
0.004952 49
0.004953 48
0.004954 46
0.004955 43
0.004956 43
0.004957 44
0.004958 46
0.004959 42
0.00496 42
0.004961 46
0.004962 47
0.004963 50
0.004964 53
0.004965 45
0.004966 41
0.004967 39
0.004968 43
0.004969 51
0.00497 49
0.004971 48
0.004972 47
0.004973 47
0.004974 50
0.004975 51
0.004976 53
0.004977 57
0.004978 55
0.004979 57
0.00498 60
0.004981 59
0.004982 60
0.004983 61
0.004984 62
0.004985 66
0.004986 63
0.004987 61
0.004988 63
0.004989 60
0.00499 58
0.004991 62
0.004992 62
0.004993 60
0.004994 61
0.004995 58
0.004996 60
0.004997 55
0.004998 57
0.004999 55
0.005 53
