vm 0 -0.00316886369 0.00387062987 0.0008552079 0 0 0
vm 1 0.00185333591 -0.00163018548 -0.000227413745 0 0 0
vm 2 0.000184966342 1.82483158e-14 0.00963006731 0 0 0
vm 3 -0.00300170768 -0.00569188822 -0.0084764144 0 0 0
vm 4 -1.74574312e-14 1.82481958e-14 0.01 0 0 0
vm 5 0.00244435827 -0.000483907905 0.00317565183 0 0 0
vm 6 0.00201209873 -0.00399395063 -0.01 0 0 0
vm 7 0.00600334991 -0.000573537869 -0.0043008513 0 0 0
vm 8 -0.00817749451 0.00851916376 -0.00772166601 0 0 0
vm 9 -0.00364364138 0.00540449746 -0.0043307071 0 0 0
vm 10 0.00633712785 -0.000841839725 -0.0060416146 0 0 0
vm 11 0.00268961729 0.00265768928 -0.0060099917 0 0 0
vm 12 -0.00189378812 -0.00242206394 -0.00537135959 0 0 0
vm 13 -0.00121619143 -0.000908206252 0.00756761713 0 0 0
vm 14 -0.00129157799 0.00437082769 -0.00490015478 0 0 0
vm 15 -0.00148493935 0.00187799611 0.00545789424 0 0 0
vm 16 0.00888211342 -0.0004834487 -0.00969802163 0 0 0
vm 17 -0.00548265975 0.00179025487 -0.00291333475 0 0 0
vm 18 -0.0053523655 0.0053523655 -0.000704730992 0 0 0
vm 19 -0.00733994512 0.00733994512 -0.00467989023 0 0 0
vm 20 0.00520323829 1.82476393e-14 -0.00040647658 0 0 0
vm 21 -0.00547320535 0.00567109957 -0.00173798757 0 0 0
vm 22 -0.0035722913 -0.0035722913 0.0028554174 0 0 0
vm 23 0.000574704181 0.000102567015 0.00831616476 0 0 0
vm 24 -0.00747877829 -0.00444371213 -0.00857547181 0 0 0
vm 25 0.0029575273 0.00107063828 -0.00241416369 0 0 0
vm 26 0.00171072737 0.00221231535 -0.00227071615 0 0 0
vm 27 0.00578856376 0.00180917429 -0.00881382469 0 0 0
vm 28 0.000171125482 -0.0029937408 -0.00231721415 0 0 0
vm 29 -0.00626441842 -0.00813220921 -0.01 0 0 0
vm 30 -0.00302825036 0.00120421392 0.00394349929 0 0 0
vm 31 0.00466881909 1.82476393e-14 0.000662361816 0 0 0
vm 32 0.01 -4.03896783e-30 -0.01 0 0 0
vm 33 0.00044308949 -0.000927625554 0.0039015749 0 0 0
vm 34 0.00281097698 3.06900947e-05 0.00425528566 0 0 0
vm 35 -0.00636640055 -0.00636640055 -0.00273280109 0 0 0
vm 36 -0.00453176514 -0.00485136094 -0.000341913496 0 0 0
vm 37 -0.00660500487 -0.0023198287 -0.0097011848 0 0 0
vm 38 0.00502663508 0.000735163147 -0.00299392276 0 0 0
vm 39 0.00222410758 1.82480556e-14 0.00555178484 0 0 0
vm 40 0.00119131095 -0.000187099155 -0.00942232208 0 0 0
vm 41 0.00532573156 -0.001462301 -0.00650066711 0 0 0
vm 42 -0.00550413039 0.00314211491 -0.0067278934 0 0 0
vm 43 0.00259983709 -0.00291166438 -0.00684633171 0 0 0
vm 44 -0.00190419532 0.00457952854 -0.00450972354 0 0 0
vm 45 0.00570482611 0.000920625996 -0.00509215621 0 0 0
vm 46 -0.00140053539 -0.00460731808 -0.00691699745 0 0 0
vm 47 0.00905895292 -0.000470523542 -0.01 0 0 0
vm 48 0.00679286867 1.82470842e-14 -0.00358573735 0 0 0
vm 49 -0.00408411789 -0.00079363497 0.00176058198 0 0 0
vm 50 -1.74574312e-14 1.82481958e-14 0.01 0 0 0
vm 51 -1.74574312e-14 1.82481958e-14 0.01 0 0 0
vm 52 0.0011312592 0.00314699142 -0.0048504841 0 0 0
vm 53 0.00853436914 1.82476393e-14 -0.00706873828 0 0 0
vm 54 -0.00589797381 -0.00659808606 -0.00459639663 0 0 0
vm 55 -0.0048106435 -0.00439774726 -0.000441620451 0 0 0
vm 56 0.00313975246 0.00340386584 -0.00989496827 0 0 0
vm 57 -0.00145883296 0.00235187928 0.00351014881 0 0 0
vm 58 0.000336520307 -0.00483173985 -0.01 0 0 0
vm 59 0.00363516429 -0.00044071343 -0.0082294356 0 0 0
vm 60 -0.00769939773 -0.00872058866 -0.00948355919 0 0 0
vm 61 0.00290178483 -0.00202298751 -0.0042407354 0 0 0
vm 62 -0.00720456126 -0.00816681534 -0.00825813884 0 0 0
vm 63 -0.01 -0.01 -0.01 0 0 0
vm 64 -0.00288458044 -0.00292576081 0.00406611764 0 0 0
vm 65 0.00412600799 -0.00021604207 0.000883815736 0 0 0
vm 66 -0.00230658435 -0.0052205387 -0.00626898608 0 0 0
vm 67 -1.74574312e-14 1.82481958e-14 0.01 0 0 0
vm 68 0.00142766693 -0.00367425631 -0.0075523591 0 0 0
vm 69 -0.00747215656 0.00873607828 -0.01 0 0 0
vm 70 0.00842725354 1.82465291e-14 -0.00685450709 0 0 0
vm 71 0.00153746293 0.00119710226 0.0021366651 0 0 0
vm 72 -0.00622560549 -0.00776939994 -0.00862638878 0 0 0
vm 73 -1.74574312e-14 1.82481958e-14 0.01 0 0 0
vm 74 -0.00179236371 0.00179236371 0.00641527257 0 0 0
vm 75 -0.00428012419 0.00699161684 -0.00940621898 0 0 0
vm 76 -0.00137464634 0.00321272879 -0.000101622488 0 0 0
vm 77 -0.00771994128 -0.000108892129 -0.00763874461 0 0 0
vm 78 0.00691052088 -0.000753606147 -0.00683546634 0 0 0
vm 79 0.00382824697 -0.000763060604 -0.00531215314 0 0 0
vm 80 -0.01 0.01 -0.01 0 0 0
vm 81 -0.00229813568 0.00345160851 0.000789837324 0 0 0
vm 82 0.00133734906 1.82483332e-14 0.00732530187 0 0 0
vm 83 0.000594190069 -0.00147004529 0.0029314387 0 0 0
vm 84 0.00534005132 0.00064272166 -0.00685598291 0 0 0
vm 85 0.00581901197 1.82465291e-14 -0.00163802394 0 0 0
vm 86 -0.00407009409 0.00407009409 0.00185981181 0 0 0
vm 87 -0.00670590447 0.00300000112 -0.00341180894 0 0 0
vm 88 -0.00551064255 -0.00617860815 -0.00369314751 0 0 0
vm 89 -0.00566023285 -0.00416354556 -0.00921021501 0 0 0
vm 90 0.00867829656 1.82470842e-14 -0.00735659312 0 0 0
vm 91 0.01 -4.03896783e-30 -0.01 0 0 0
vm 92 -0.00640141112 0.00121791832 -0.00841049257 0 0 0
vm 93 -0.00625146069 -0.00467029318 -0.00425145669 0 0 0
vm 94 -0.00483467354 -0.00374888197 -0.0048096392 0 0 0
vm 95 -0.00996590641 0.0099829532 -0.01 0 0 0
vm 96 -2.13833267e-05 -0.000369096989 0.0085663787 0 0 0
vm 97 0.000195745869 -0.00200156226 -8.50232494e-05 0 0 0
vm 98 -0.00543425077 -0.00543425077 -0.000868501539 0 0 0
vm 99 -0.00743967952 -0.00743967952 -0.00487935904 0 0 0
