vm 0 -0.0009481609 0.00559336435 -0.00879308302 0 0 0
vm 1 0.00477385183 0.00319626415 -0.00718003066 0 0 0
vm 2 -0.00135040593 0.00651216914 0.00394535165 0 0 0
vm 3 -0.00253615808 0.00906162513 0.001465756 0 0 0
vm 4 -0.00953200393 0.0113783221 -0.00898669367 0 0 0
vm 5 -2.41461218e-05 0.00100483688 -0.00790264172 0 0 0
vm 6 -0.00318239549 -0.00950446689 0.00287514854 0 0 0
vm 7 -0.00271972772 0.0130615867 -0.00873900384 0 0 0
vm 8 0.00928621875 0.0018811908 -0.00161530241 0 0 0
vm 9 0.00115961142 -0.00255370309 0.00508215413 0 0 0
vm 10 0.00310755896 -0.00113875636 -0.00873689538 0 0 0
vm 11 -0.00549839219 -0.00627954816 -0.003315837 0 0 0
vm 12 -0.00496722753 -0.00785551264 0.0026968884 0 0 0
vm 13 -0.00407148869 -0.00357342971 -0.00942852529 0 0 0
vm 14 0.00219554067 0.00308971443 0.00653466321 0 0 0
vm 15 -0.00491539317 0.000752920422 -0.00329951997 0 0 0
vm 16 -0.00347974471 -0.00356391696 -0.00539959667 0 0 0
vm 17 -0.000654170561 0.00738026098 -0.0045670133 0 0 0
vm 18 -0.00603411812 0.00375955979 -0.00825973722 0 0 0
vm 19 -0.00199168504 0.00941129825 -0.00506843279 0 0 0
vm 20 -0.00521943405 0.00858634752 -0.00557438758 0 0 0
vm 21 -0.00807016969 0.00782280757 -0.00557067988 0 0 0
vm 22 -0.00060524115 0.00981954699 -0.00598325736 0 0 0
vm 23 0.0113878435 -0.00418785401 -0.00837425428 0 0 0
vm 24 0.00591118139 0.000771754737 -0.00296901471 0 0 0
vm 25 -0.00606679447 -0.0108557155 -0.00912251641 0 0 0
vm 26 0.00152737936 0.00529431632 -0.00237338594 0 0 0
vm 27 0.000327510877 -0.000907110883 0.00172166199 0 0 0
vm 28 0.0128773417 0.00329773192 -0.00855747601 0 0 0
vm 29 0.00689583426 -0.00187895097 -0.00589681782 0 0 0
vm 30 -0.00421042993 -0.00189984284 -0.00760902993 0 0 0
vm 31 -0.00114576985 0.0105341276 -0.00299345914 0 0 0
vm 32 0.00241215007 -0.000924946887 0.000928495679 0 0 0
vm 33 -0.0045465922 -0.00712228821 -0.00759341465 0 0 0
vm 34 -0.00266506144 -0.00584139023 0.00408514208 0 0 0
vm 35 0.00389405457 0.00533591881 -0.00827689244 0 0 0
vm 36 -0.00470836527 0.00870063853 -0.00437994332 0 0 0
vm 37 0.00944071734 0.00337470427 -0.00991033184 0 0 0
vm 38 0.000799273692 0.00157727325 -0.0098558561 0 0 0
vm 39 -0.0074195579 0.0121190659 -0.00850632819 0 0 0
vm 40 0.00137353209 0.000431370571 0.00695850177 0 0 0
vm 41 -0.00191543576 0.00517107515 -0.00156523473 0 0 0
vm 42 0.00596930423 -0.000120620561 -0.00950829678 0 0 0
vm 43 -0.00106783647 0.00850956145 -0.00215433025 0 0 0
vm 44 -0.000664917223 0.00308805464 0.00291664643 0 0 0
vm 45 -0.00848249016 -0.00384489883 -0.00856840289 0 0 0
vm 46 0.00123209484 0.00414060378 0.00478387603 0 0 0
vm 47 -0.00494002964 -0.00146496991 0.00325402574 0 0 0
vm 48 0.00328344319 -0.0022641516 -0.00238266769 0 0 0
vm 49 0.00414160479 0.00138780775 -0.00965672819 0 0 0
vm 50 -0.00509049711 0.00236392458 -0.00516657588 0 0 0
vm 51 0.000608663648 0.000553701706 0.0010093417 0 0 0
vm 52 -0.00407374335 0.000995635353 0.00266140452 0 0 0
vm 53 0.0039466603 3.54524932e-05 -0.00857066732 0 0 0
vm 54 0.00726241168 0.00535433473 -0.00788208108 0 0 0
vm 55 0.0012118763 -0.000263214018 0.0160148316 0 0 0
vm 56 -0.00450616128 -0.00778974182 0.00111738457 0 0 0
vm 57 -0.00197425684 -0.00177581387 -0.000586664077 0 0 0
vm 58 -0.00169218995 -0.000724297912 0.0124503649 0 0 0
vm 59 0.00188463044 0.000234597723 -0.00683723579 0 0 0
vm 60 0.00239603661 -0.00457939755 -0.00387497524 0 0 0
vm 61 0.00864179821 0.00316363591 -0.00360887644 0 0 0
vm 62 -0.00206353595 -0.000850620284 -0.00112569872 0 0 0
vm 63 -0.00671754823 0.00205302136 -0.00756320085 0 0 0
vm 64 -0.00191601886 -7.94342439e-05 0.00149803511 0 0 0
vm 65 0.0115721364 -0.000303096 -0.000374436689 0 0 0
vm 66 -0.00187652194 -0.00133570124 0.0076517576 0 0 0
vm 67 -0.00594636059 -0.00796212416 -0.0097796478 0 0 0
vm 68 0.00709059701 0.00125406378 0.00194309664 0 0 0
vm 69 -0.00585741708 0.00594481503 -0.00993132642 0 0 0
vm 70 0.00462958706 -0.00311854138 -0.00157337961 0 0 0
vm 71 0.000460881414 0.000766788087 -0.00231225141 0 0 0
vm 72 -0.00186142597 0.00435423634 -0.00829424009 0 0 0
vm 73 -0.00251569869 -0.0107254386 -0.00752647186 0 0 0
vm 74 0.00808282542 -0.00249060303 -0.00232150581 0 0 0
vm 75 -0.00254880435 0.00269017184 0.0110336665 0 0 0
vm 76 -0.00633297977 0.00647476395 -0.00544103157 0 0 0
vm 77 0.00372945838 -0.00500890697 0.0015257793 0 0 0
vm 78 0.000231425124 -0.000900633686 0.0115614532 0 0 0
vm 79 -0.00364909521 -0.006406641 -0.000944441446 0 0 0
vm 80 0.00469184454 0.00592578393 -0.000924392232 0 0 0
vm 81 -0.00563202835 0.0127128878 -0.00488996458 0 0 0
vm 82 -0.0020488933 -0.00203342629 0.0106212316 0 0 0
vm 83 -0.00272321821 0.00662491741 -0.00315979528 0 0 0
vm 84 -0.00291989151 0.00551327201 -0.000592515753 0 0 0
vm 85 0.00135692928 0.00132858221 0.00126021913 0 0 0
vm 86 -0.00513975558 0.013986065 -0.0071560929 0 0 0
vm 87 -0.00653477209 0.0162421117 -0.00988654069 0 0 0
vm 88 -0.00353476402 0.0130746728 -0.00956342268 0 0 0
vm 89 0.00148421431 0.00502466898 -0.00109981963 0 0 0
vm 90 -0.0029166449 -0.000483034152 -0.000259786475 0 0 0
vm 91 -0.00150652884 -0.00283892527 0.0139051094 0 0 0
vm 92 -6.03317354e-05 0.00137588112 0.0143681305 0 0 0
vm 93 -0.00749830551 0.00276146146 -0.00361645664 0 0 0
vm 94 0.00421588759 0.00107519382 0.00898510696 0 0 0
vm 95 -0.0047991188 0.0118370978 8.79818994e-05 0 0 0
vm 96 -0.00256294654 0.0108933747 -0.0062879458 0 0 0
vm 97 -0.0053635819 0.00670461097 -0.00765601648 0 0 0
vm 98 0.00701209276 -0.00686567927 -0.00969251666 0 0 0
vm 99 0.00330605007 0.00624827734 -0.00987739194 0 0 0
