vm 0 -0.00656958072 -0.00030928524 -0.00981934618 0 0 0
vm 1 -0.00282198795 -0.00352081717 -0.00440901334 0 0 0
vm 2 -0.00200302322 -0.000868573743 0.00167490761 0 0 0
vm 3 -0.00290876931 0.0022289179 -0.00204436568 0 0 0
vm 4 -0.00791763921 0.00595648548 -0.00630523854 0 0 0
vm 5 -0.000583985044 -8.46529261e-07 0.00198313897 0 0 0
vm 6 0.00058428217 -0.00124319001 -0.00567595708 0 0 0
vm 7 -0.00564049266 -0.00761740854 -0.0094114187 0 0 0
vm 8 -0.00489344092 0.000889071544 -7.48244388e-05 0 0 0
vm 9 -0.0020289086 -0.000570967749 -0.00359812996 0 0 0
vm 10 -0.00223643054 -0.00335841455 -0.00711358103 0 0 0
vm 11 -0.0070849809 0.0030899667 -0.00996071847 0 0 0
vm 12 -0.00199914033 -0.00356581364 -0.00156268142 0 0 0
vm 13 -0.00937979256 -0.0040247252 -0.00980908943 0 0 0
vm 14 0.00134982114 -0.00179650404 -0.00568453858 0 0 0
vm 15 -0.00488878288 0.0055489927 -0.00615246671 0 0 0
vm 16 0.00051358596 0.000973748708 -0.00216925843 0 0 0
vm 17 0.00204291228 -0.00220178186 -0.00463041187 0 0 0
vm 18 -0.00438632134 0.00640753985 -0.00736822714 0 0 0
vm 19 -0.00902860789 -0.00873586412 -0.00950767783 0 0 0
vm 20 -0.00661489124 -0.00648175065 -0.00757593065 0 0 0
vm 21 0.00315752358 -0.000677466116 -0.00593083816 0 0 0
vm 22 -0.00450747757 -0.00128396644 -0.0070526298 0 0 0
vm 23 -0.00501300003 -0.00462572787 -0.00130304034 0 0 0
vm 24 -0.00802444044 0.00757047648 -0.00990807385 0 0 0
vm 25 -0.0051719059 0.000642692004 -0.00453574885 0 0 0
vm 26 -0.000217486723 -0.00211382475 0.000235479957 0 0 0
vm 27 -0.000449533337 -0.00208159427 0.000941961458 0 0 0
vm 28 -0.00237703099 -0.00253420079 -0.00872926711 0 0 0
vm 29 0.000265766273 -0.00168213669 -7.69300771e-05 0 0 0
vm 30 0.00244804853 0.000108787384 -0.00466536871 0 0 0
vm 31 -0.00161790395 0.00103583835 -0.00950292199 0 0 0
vm 32 -0.00407721001 -0.0026679651 -0.00921876025 0 0 0
vm 33 -0.00199975184 0.0033126232 -0.000272513621 0 0 0
vm 34 0.00136808765 -0.00168856624 -0.000933044353 0 0 0
vm 35 0.00034378766 -0.0034386663 -0.0049796501 0 0 0
vm 36 0.00533576562 -0.00049770774 -0.00416050875 0 0 0
vm 37 -0.00346247265 -0.000872115237 0.000559730988 0 0 0
vm 38 -0.00105876392 0.00447563475 -0.00636729276 0 0 0
vm 39 -0.00033335592 0.000686200204 0.00428334633 0 0 0
vm 40 -0.00281956327 -0.00410840635 -0.00542596129 0 0 0
vm 41 -0.00343617761 -0.000107040108 -0.00546736872 0 0 0
vm 42 6.51730383e-05 -0.000719068206 -0.00770170174 0 0 0
vm 43 0.000777636127 -0.00139459803 -0.00221161176 0 0 0
vm 44 -0.00140412194 -0.000715504749 -0.00768856707 0 0 0
vm 45 0.00055015991 0.0014049508 -0.00809990974 0 0 0
vm 46 0.00362099525 0.00197313498 -0.00781559296 0 0 0
vm 47 -0.00124247271 0.00194566219 -0.00369311125 0 0 0
vm 48 -0.00742751068 0.000258522527 -0.00762862718 0 0 0
vm 49 -0.00575265243 -0.00254307331 -0.0030613286 0 0 0
vm 50 0.00530718378 -0.00092830614 -0.00490049613 0 0 0
vm 51 -0.00533813415 0.0037622665 -0.00917639144 0 0 0
vm 52 -0.00114703468 0.000454175032 0.000544293212 0 0 0
vm 53 -0.00970479228 -0.00291522167 -0.00982215761 0 0 0
vm 54 -0.00258726069 -0.00477636505 -0.00721664627 0 0 0
vm 55 -0.00283806931 0.00107818126 -0.000416131234 0 0 0
vm 56 -0.00555186381 0.00339554223 -0.0070445563 0 0 0
vm 57 -0.00279796238 0.00417780991 -0.00363661989 0 0 0
vm 58 -0.00788344196 -0.00802340845 -0.00831749342 0 0 0
vm 59 -0.00309040992 -0.00466918397 -0.00943847082 0 0 0
vm 60 -0.00881399558 0.00836010371 -0.00949763336 0 0 0
vm 61 0.00373684371 0.000395987137 -0.00691072667 0 0 0
vm 62 -0.00299917126 -0.00299314859 -0.00948049433 0 0 0
vm 63 -0.00329145292 -0.00541622579 -0.00941790878 0 0 0
vm 64 -0.00443539437 -0.00443970656 -0.00795874822 0 0 0
vm 65 0.000161223185 -0.00106043056 -0.00915068032 0 0 0
vm 66 0.00469530965 0.000376538218 -0.00987114334 0 0 0
vm 67 0.00532677316 0.000278772633 -0.00237146275 0 0 0
vm 68 -0.00407493772 -0.00102264775 -0.00888900033 0 0 0
vm 69 0.00042098041 -0.00204852306 -0.000415057088 0 0 0
vm 70 -0.00332616414 -0.000997682115 0.000123259723 0 0 0
vm 71 -0.00892847342 0.00297111438 -0.00969058908 0 0 0
vm 72 -0.00206576745 -0.00484725439 -0.0070307219 0 0 0
vm 73 -0.00107611865 -0.0011138602 -0.00556077753 0 0 0
vm 74 -0.00219743105 0.00552605815 -0.00878976656 0 0 0
vm 75 -0.00736429679 -0.00718291637 -0.00693252225 0 0 0
vm 76 -0.00626084385 0.00235236008 -0.00573658055 0 0 0
vm 77 -0.00514587967 0.00376294239 -0.00705882221 0 0 0
vm 78 -0.00351529245 0.00109782158 -0.00813229754 0 0 0
vm 79 0.0021903743 -0.00169699508 -0.0091431916 0 0 0
vm 80 -0.00231329839 0.000792951299 -0.00999992905 0 0 0
vm 81 0.00596649834 0.000368366924 -0.00669601524 0 0 0
vm 82 0.00101951019 0.00210391548 -0.00272638125 0 0 0
vm 83 -0.00741222978 0.00287371981 -0.00974079393 0 0 0
vm 84 -0.00279240942 -0.0041631344 -0.00689120262 0 0 0
vm 85 -0.00597596545 -0.00724293608 -0.00778387102 0 0 0
vm 86 0.00209278677 -0.00114154151 -0.00469139271 0 0 0
vm 87 -0.00750237459 0.00463435316 -0.00812017136 0 0 0
vm 88 0.0090009066 2.79072579e-05 -0.00865402121 0 0 0
vm 89 -0.00233127034 -0.00443115997 -0.00947045875 0 0 0
vm 90 -0.00610061231 0.00024663904 -0.00675922224 0 0 0
vm 91 -0.00365399627 0.00319410906 -0.00222780989 0 0 0
vm 92 -0.00237278059 0.00346669271 -0.00404145759 0 0 0
vm 93 -0.00555276691 0.00225944848 -0.00512253267 0 0 0
vm 94 -0.00237093792 -0.00234235862 -0.000225396677 0 0 0
vm 95 0.000979008838 -0.00213531057 -0.00892996743 0 0 0
vm 96 -0.00182952646 0.00136577491 -0.00123666881 0 0 0
vm 97 -0.00680016036 0.00494387161 -0.00579357755 0 0 0
vm 98 -0.00813552988 -0.00113920398 -0.00884465599 0 0 0
vm 99 0.00251599246 0.00227162368 -0.00923406769 0 0 0
