vm 0 0.000291803095 0.0253942675 0.0633555926 0 0 0
vm 1 -5.19496341e-05 -0.0785424111 0.0860951053 0 0 0
vm 2 0.000206933553 0.0174440555 -0.0333091198 0 0 0
vm 3 9.75907873e-05 -0.0443921426 0.0663386766 0 0 0
vm 4 0.000392824028 0.0904501206 -0.0282896615 0 0 0
vm 5 -0.000238695214 0.0530019822 -1.37643719e-05 0 0 0
vm 6 0.000365566102 0.0191347262 -0.0356827541 0 0 0
vm 7 -0.000180072984 0.0148745716 0.08312536 0 0 0
vm 8 9.86684796e-05 -0.0670613751 -0.0283521373 0 0 0
vm 9 0.000408618029 0.0528205325 0.0658998921 0 0 0
vm 10 -0.000284654864 -0.0830797183 0.0488952575 0 0 0
vm 11 -0.00042806062 0.0466266208 -0.0207321339 0 0 0
vm 12 6.62523311e-05 -0.051173864 -0.00838229859 0 0 0
vm 13 -0.000366200101 -0.0707495712 0.0244743757 0 0 0
vm 14 0.000141082948 0.0265654777 -0.0110913269 0 0 0
vm 15 6.3989667e-05 -0.0718628134 0.089053437 0 0 0
vm 16 -0.000453278262 0.0685783616 0.054357518 0 0 0
vm 17 -0.00025196991 -0.0207612788 -0.0633720353 0 0 0
vm 18 -0.000482712248 -0.0733165205 0.069399543 0 0 0
vm 19 -0.000342895858 -0.0407682648 0.0589048129 0 0 0
vm 20 -8.39790989e-05 -0.0892265312 -0.0937336097 0 0 0
vm 21 -0.00018578718 0.0391962667 0.00357035297 0 0 0
vm 22 0.00035742013 0.0308417657 -0.012069211 0 0 0
vm 23 -0.000190825932 -0.012118686 0.070529825 0 0 0
vm 24 -0.000232902084 0.0328373522 0.0237986701 0 0 0
vm 25 -0.000421711826 0.00287893849 -0.0391414339 0 0 0
vm 26 -0.000270085339 0.0532411673 -0.0647421648 0 0 0
vm 27 -0.000352114701 -0.0713959175 -0.0201577613 0 0 0
vm 28 -0.000259675104 0.0425824679 0.0821202645 0 0 0
vm 29 -0.00036707146 0.0341916857 -0.0213678674 0 0 0
vm 30 -0.000309103926 -0.0757308312 0.0606598426 0 0 0
vm 31 -0.00032828863 -0.0198047118 0.0519389238 0 0 0
vm 32 -9.26592399e-05 -0.0919091828 0.0143149869 0 0 0
vm 33 1.70474612e-05 0.0073754213 -0.0473899708 0 0 0
vm 34 -7.71625148e-05 -0.098394607 -0.0579775645 0 0 0
vm 35 8.54152482e-06 0.0728451601 -0.0616980143 0 0 0
vm 36 0.00028795513 0.0761691217 0.0665240108 0 0 0
vm 37 -0.000292640267 -0.0790308097 0.0270429233 0 0 0
vm 38 0.000220590335 -0.0101932505 -0.00964252177 0 0 0
vm 39 0.000191730653 0.0976798285 0.0497136579 0 0 0
vm 40 -0.000168327943 -0.0378647763 -0.0166211921 0 0 0
vm 41 0.000484903533 0.00212427294 0.0823961932 0 0 0
vm 42 0.000471734386 -0.0481683154 -0.0685808751 0 0 0
vm 43 -0.000146571756 -0.0541768882 -0.0376906943 0 0 0
vm 44 0.000246486053 -0.0177819065 0.070832837 0 0 0
vm 45 0.000135167018 0.0661775662 -0.0482430526 0 0 0
vm 46 0.000168077349 -0.0663949833 -0.0389486204 0 0 0
vm 47 0.000478632361 0.0469034309 -0.048169584 0 0 0
vm 48 -1.52212705e-05 -0.0312714862 -0.0487865786 0 0 0
vm 49 1.32588103e-05 -0.038200982 -0.0476108554 0 0 0
vm 50 -1.5647668e-05 -0.0574061816 0.0940828679 0 0 0
vm 51 -0.000466753808 0.0881323627 -0.0191261948 0 0 0
vm 52 -0.000474221947 -0.097106895 -0.0520459439 0 0 0
vm 53 0.000101641764 -0.0491734705 -0.0737424903 0 0 0
vm 54 -0.000108077771 0.0361552674 -0.0788262459 0 0 0
vm 55 -0.00031551349 -0.0398050396 -0.0894254831 0 0 0
vm 56 -0.000397364485 0.0389530719 -0.0579229801 0 0 0
vm 57 -0.000472194162 -0.04132702 0.0735969747 0 0 0
vm 58 0.000114871813 -0.0277968495 0.0760897899 0 0 0
vm 59 -0.000214111053 0.00845079644 0.0386542696 0 0 0
vm 60 -2.84288108e-05 0.0143019391 -0.0880108797 0 0 0
vm 61 -0.000397729456 0.00660883368 0.0387505394 0 0 0
vm 62 5.52404225e-05 -0.00237622183 -0.0180001359 0 0 0
vm 63 0.000225845102 0.0118078499 -0.0899177233 0 0 0
vm 64 -0.000192868886 -0.0298302305 0.0686287277 0 0 0
vm 65 0.000414337839 0.0735357733 -0.00245225111 0 0 0
vm 66 9.11452651e-05 0.0498858806 0.0137117608 0 0 0
vm 67 -6.32406252e-05 -0.0159295918 -0.0602679466 0 0 0
vm 68 8.12076485e-05 -0.000408649081 0.0528797729 0 0 0
vm 69 -9.70807434e-05 -0.0218353941 0.0633797156 0 0 0
vm 70 0.00031163515 0.0792996086 -0.0984642672 0 0 0
vm 71 0.000277098082 0.0575064665 0.0485291301 0 0 0
vm 72 0.000181981974 -0.0492687055 0.0262897718 0 0 0
vm 73 0.000269821121 -0.0756325533 -0.0281338106 0 0 0
vm 74 7.74562628e-06 -0.0427216786 -0.00895690201 0 0 0
vm 75 0.000243662195 -0.0943235811 -0.0611448732 0 0 0
vm 76 -0.000302231789 0.0466032543 -0.00866743167 0 0 0
vm 77 0.000494982993 -0.0266255843 0.0552942679 0 0 0
vm 78 0.000469852659 -0.0107082174 0.0564795664 0 0 0
vm 79 -0.000223536578 0.0212098461 0.0627986672 0 0 0
vm 80 -0.000281222323 0.0751957021 -0.0909287324 0 0 0
vm 81 -0.000298804821 0.0978630516 0.0586061563 0 0 0
vm 82 -0.000458584761 0.0101637224 -0.0372020466 0 0 0
vm 83 -0.000149151232 0.0232895053 0.0489100569 0 0 0
vm 84 -0.000246485235 -0.0136530864 -0.0611678461 0 0 0
vm 85 -0.000157535716 0.0215615045 -0.0281162206 0 0 0
vm 86 0.000113329004 -0.0167157568 0.0401138368 0 0 0
vm 87 0.000474676144 0.0310872742 -0.0198824745 0 0 0
vm 88 -0.000202238411 0.03496657 -0.0257326398 0 0 0
vm 89 0.000115127443 0.0645024066 -0.0848968453 0 0 0
vm 90 0.000286981945 -0.0648520127 -0.0422365672 0 0 0
vm 91 0.000348016431 -0.0869871204 0.0790035891 0 0 0
vm 92 -0.000382629019 0.0433091688 -0.0180651835 0 0 0
vm 93 0.000171827668 0.0170822388 0.00705051382 0 0 0
vm 94 -0.000310393866 -0.0680038958 0.00626435154 0 0 0
vm 95 5.70844243e-05 0.0254242627 0.0454382401 0 0 0
vm 96 0.000236608626 -0.0446810239 -0.0832563207 0 0 0
vm 97 0.000406609425 0.0253905009 -0.0465484954 0 0 0
vm 98 0.000172225447 -0.000375445157 0.0489176771 0 0 0
vm 99 0.00041835749 -0.0463276526 0.0894958961 0 0 0
vm 100 -5.67618601e-05 -0.0812248263 0.0228406513 0 0 0
vm 101 -0.000239657254 -0.0372134955 0.0868159503 0 0 0
vm 102 -6.97411818e-05 -0.0588129416 -0.0308796729 0 0 0
vm 103 6.24827248e-05 -0.0395634393 0.0854993365 0 0 0
vm 104 0.000184149388 0.0871427006 0.0152952046 0 0 0
vm 105 -8.55494385e-05 -0.00997311157 0.00930343352 0 0 0
vm 106 -9.06518238e-06 -0.0854084164 -0.0802082667 0 0 0
vm 107 0.000250811734 0.0158502632 -0.056795559 0 0 0
vm 108 0.000306033402 -0.0144472157 0.0831204671 0 0 0
vm 109 0.000487183735 -0.00360451789 0.0815444976 0 0 0
vm 110 0.000442218054 0.0169464157 0.0233508725 0 0 0
vm 111 0.000181030389 0.0180655528 -0.088044793 0 0 0
vm 112 0.00025568133 0.00257446441 0.0581602446 0 0 0
vm 113 -0.000241262401 -0.000272504058 0.0771209912 0 0 0
vm 114 -0.000296511436 -0.00239895461 0.0268009961 0 0 0
vm 115 0.000390548321 -0.072979622 -0.0120736661 0 0 0
vm 116 -0.00041355931 -0.0961879338 -0.0418797685 0 0 0
vm 117 -0.000312976848 -0.0550000624 -0.0791533173 0 0 0
vm 118 -0.000190767819 -0.0242005658 0.0508393902 0 0 0
vm 119 -0.000189102557 0.00596472754 -0.0970486908 0 0 0
vm 120 0.000467964957 -0.0534052543 -0.0934908423 0 0 0
vm 121 0.000158152885 0.0554269526 -0.0667272636 0 0 0
vm 122 0.000431452494 -0.00372469665 -0.0420168957 0 0 0
vm 123 0.000154966343 -0.0746618485 0.02835662 0 0 0
vm 124 -0.000208811642 0.00286492489 -0.0957021034 0 0 0
vm 125 -0.000294352773 -0.0617106185 0.00927950019 0 0 0
vm 126 -0.000205532383 -0.0688550594 -0.0070542917 0 0 0
vm 127 -2.73725869e-06 0.00123335343 -0.0698282111 0 0 0
vm 128 -0.000231168186 0.00954578058 0.0419854053 0 0 0
vm 129 0.000298623219 -0.0706211587 0.0289449307 0 0 0
vm 130 0.000264311903 -0.0395571634 -0.0309063324 0 0 0
vm 131 0.000225506659 0.0343020567 -0.0761229714 0 0 0
vm 132 -1.55894531e-05 0.066134817 -0.0295451158 0 0 0
vm 133 4.24901765e-06 0.00662290784 0.0626601646 0 0 0
vm 134 9.52171214e-05 0.0916117194 -0.0784343959 0 0 0
vm 135 0.000150075269 -0.0241959603 0.0401215861 0 0 0
vm 136 -0.000300159718 0.0469008034 -0.0930091804 0 0 0
vm 137 -0.000402097699 -0.0934383578 -0.0882365267 0 0 0
vm 138 0.000171455008 -0.0574699482 0.047043459 0 0 0
vm 139 -0.000105971014 0.0601667091 -0.0260684162 0 0 0
vm 140 -0.000357863972 0.0673165883 -0.050768443 0 0 0
vm 141 0.000409151908 -0.0455457001 -0.0802728409 0 0 0
vm 142 3.07165387e-05 0.000258226777 0.045428244 0 0 0
vm 143 -0.000307940373 0.0242657202 -0.0441771487 0 0 0
vm 144 -0.000376336533 0.00774667779 0.0209799308 0 0 0
vm 145 -0.000283836729 -0.0961181883 -0.0766901302 0 0 0
vm 146 0.000415971032 -0.0536510173 -0.0721598688 0 0 0
vm 147 0.000167224998 0.00254398655 0.0741078415 0 0 0
vm 148 0.000222046533 0.0580490675 -0.0259891728 0 0 0
vm 149 -0.000372953311 0.0650474966 0.0259363903 0 0 0
vm 150 0.000486729502 0.0588094826 0.00721471833 0 0 0
vm 151 -0.000146187231 0.0181078722 0.0631575785 0 0 0
vm 152 2.01950129e-05 -0.0653193951 0.00977608663 0 0 0
vm 153 -0.000188897867 -0.0679634775 0.0932841399 0 0 0
vm 154 0.000298157509 -0.0439180133 -0.00300408802 0 0 0
vm 155 0.000290519548 0.0211904642 0.0257401223 0 0 0
vm 156 8.86521791e-05 0.015535904 0.0498353281 0 0 0
vm 157 0.000378107701 0.0841082268 -0.0923619254 0 0 0
vm 158 -0.000348233799 -0.0616602949 0.0184300743 0 0 0
vm 159 -7.18242656e-05 -0.00219309748 0.00152142465 0 0 0
vm 160 -5.5649208e-05 -0.0537391053 -0.0420730978 0 0 0
vm 161 -0.000124744983 -0.0115635822 -0.0378853358 0 0 0
vm 162 -0.000136401657 -0.0324168099 -0.0732512918 0 0 0
vm 163 -0.000472194306 0.0685000581 0.000947670889 0 0 0
vm 164 -0.000385017137 0.0470635842 0.0841647516 0 0 0
vm 165 0.000367431198 0.0511065647 -0.0507041659 0 0 0
vm 166 0.000152434127 0.0723490512 0.0335048889 0 0 0
vm 167 0.000139312668 0.0281288174 -0.0177608959 0 0 0
vm 168 0.000280440342 0.03187573 -0.0445659186 0 0 0
vm 169 0.000264631431 -0.0311152499 -0.0379788733 0 0 0
vm 170 0.000246861028 -0.0484877546 0.0978211237 0 0 0
vm 171 -0.000188597948 0.0751788485 0.0984647595 0 0 0
vm 172 -0.000367133999 0.0439191057 -0.0193402459 0 0 0
vm 173 -3.43037697e-05 0.0498079729 0.0295588794 0 0 0
vm 174 0.000268116724 -0.0320357185 -0.0862381361 0 0 0
vm 175 -0.000126038101 0.0164442804 -0.00465773173 0 0 0
vm 176 0.000130161655 -0.0645303987 -0.0575260034 0 0 0
vm 177 -0.000370313312 0.0687788543 -0.00809072194 0 0 0
vm 178 -0.000397618188 0.0187000257 0.0358805132 0 0 0
vm 179 -1.78205438e-05 0.00865661822 -0.0835817037 0 0 0
vm 180 -2.00349277e-05 0.0285251653 -0.0793361135 0 0 0
vm 181 0.000192851184 -0.0688501975 -0.0826084672 0 0 0
vm 182 -0.000120764887 0.0541893351 0.0658792791 0 0 0
vm 183 0.000295247844 -0.0927029971 -0.00666281017 0 0 0
vm 184 -0.000234235168 -0.0940921351 0.0294951702 0 0 0
vm 185 -0.000259362304 0.02842009 -0.0599805935 0 0 0
vm 186 -3.69048816e-05 -0.0859403955 0.0871488915 0 0 0
vm 187 -0.000280236326 0.060193686 0.000327355919 0 0 0
vm 188 0.000425452014 -0.00535225179 0.00233074347 0 0 0
vm 189 -0.000472689171 0.00143294116 -0.0959307592 0 0 0
vm 190 -0.000426970365 0.0275046771 -0.0275372417 0 0 0
vm 191 -7.76668815e-05 0.0579717302 0.00715786728 0 0 0
vm 192 0.000139605573 -0.0252351122 0.0378915194 0 0 0
vm 193 -0.000182599251 0.0724638447 -0.0395910006 0 0 0
vm 194 -0.000132023539 -0.0641464191 0.00646419641 0 0 0
vm 195 -0.000487978828 0.0442523143 0.0515737956 0 0 0
vm 196 0.000218700396 0.0831838905 0.0898429299 0 0 0
vm 197 -0.000138570721 -0.0709839577 0.0577409699 0 0 0
vm 198 0.000323878693 -0.0732666462 0.0358200795 0 0 0
vm 199 -0.000203616192 0.031978474 0.0737996846 0 0 0
vm 200 -0.00036684494 0.0243578633 0.0232943203 0 0 0
vm 201 -0.000398426339 0.049053008 0.0185435113 0 0 0
vm 202 -0.000264201493 0.0868728959 0.0568023857 0 0 0
vm 203 -0.000147164183 0.0104165539 0.0449959222 0 0 0
vm 204 -0.000404296839 -0.00916042714 0.0965014539 0 0 0
vm 205 9.61199309e-06 0.0316003708 -0.00591103114 0 0 0
vm 206 0.000155942666 0.0209313707 0.0506372005 0 0 0
vm 207 0.000207195149 -0.0904299911 0.0391374174 0 0 0
vm 208 -0.000435776343 0.088818441 0.0480708934 0 0 0
vm 209 -0.000425942908 -0.0384711843 -0.0582857482 0 0 0
vm 210 6.26117608e-05 0.0336706955 0.00194088875 0 0 0
vm 211 -0.000110856576 -0.0614495242 0.081293467 0 0 0
vm 212 0.00037268393 -0.0502043386 -0.0602625391 0 0 0
vm 213 -1.80507579e-05 -0.0461002504 -0.0515431656 0 0 0
vm 214 -0.000176494488 -0.00362247992 -0.0499554489 0 0 0
vm 215 9.30461772e-05 -0.0605571455 0.0238528408 0 0 0
vm 216 0.000486865792 -0.0311427108 0.057378811 0 0 0
vm 217 -0.000437959896 0.0898720818 0.0815539379 0 0 0
vm 218 -2.14749929e-05 0.0800268823 -0.0654127374 0 0 0
vm 219 5.59192352e-05 0.0161320179 -0.0332377093 0 0 0
vm 220 0.000387835667 0.0319225307 0.025436998 0 0 0
vm 221 -0.00015702969 0.0882247816 -0.0799484486 0 0 0
vm 222 0.000293598807 0.0657155442 0.049245804 0 0 0
vm 223 -0.000386725482 0.0473027082 -0.0298475971 0 0 0
vm 224 0.000285771602 -0.0871727566 -0.0812989002 0 0 0
vm 225 -0.000460413326 0.0298845781 0.047382746 0 0 0
vm 226 -0.000393217017 -0.0186805381 -0.00794492263 0 0 0
vm 227 -0.000227821699 -0.0410294952 -0.0195124449 0 0 0
vm 228 -0.000206217605 -0.00329412385 0.082189766 0 0 0
vm 229 9.66998564e-05 -0.0123435918 -0.0759917152 0 0 0
vm 230 -5.17040367e-05 0.0762015176 -0.0989725342 0 0 0
vm 231 0.000165160089 -0.0168840439 0.0943086741 0 0 0
vm 232 0.000283773412 0.0521681934 -0.0051869217 0 0 0
vm 233 0.000444052258 0.0954321511 -0.0155940665 0 0 0
vm 234 0.000405910472 -0.0641915679 0.0454791719 0 0 0
vm 235 -0.000411769243 -0.0945238195 0.0709869433 0 0 0
vm 236 0.000339197679 0.0358924179 -0.0523869912 0 0 0
vm 237 0.000228822515 0.0448115558 0.0829646579 0 0 0
vm 238 4.15697078e-05 -0.0267114343 0.0255890937 0 0 0
vm 239 -1.55728918e-05 0.00396435452 -0.0435808441 0 0 0
vm 240 2.95596295e-05 0.00855505183 0.071894495 0 0 0
vm 241 -9.88716016e-05 -0.0312010013 0.0409367898 0 0 0
vm 242 0.000353372099 -0.00976199672 0.0114960067 0 0 0
vm 243 0.000169614506 0.0336823923 0.0580336491 0 0 0
vm 244 -2.12495107e-05 0.0237035792 0.0403762625 0 0 0
vm 245 0.0002513019 -0.0537470587 -0.0217502667 0 0 0
vm 246 -0.00025962631 -0.0376373143 -0.03336905 0 0 0
vm 247 0.000316988983 -0.0679034675 -0.00120343348 0 0 0
vm 248 -0.000268704626 0.0745166534 0.0350172071 0 0 0
vm 249 0.000409134021 0.0104837445 0.0659474179 0 0 0
vm 250 -0.000416061084 0.0613322974 -0.0558403776 0 0 0
vm 251 0.000148092543 0.0779890329 -0.0423032885 0 0 0
vm 252 -0.000112601037 -0.0947408027 0.0531368351 0 0 0
vm 253 -0.000331863198 0.0862140071 -0.0954909477 0 0 0
vm 254 -0.000435774692 0.0879893026 -0.0121445125 0 0 0
vm 255 0.000258513384 -0.0882205792 -0.0346900719 0 0 0
vm 256 0.000109395431 -0.0120251252 -0.0302653431 0 0 0
vm 257 -9.30164906e-05 0.0599021209 -0.0344499534 0 0 0
vm 258 -2.84537763e-05 -0.028373109 0.00256683382 0 0 0
vm 259 6.30176677e-05 -0.00899355109 -0.0977498471 0 0 0
vm 260 5.14108083e-05 0.0830708061 0.0560228778 0 0 0
vm 261 0.000404351231 0.0792571875 0.0898203028 0 0 0
vm 262 -0.000454040304 -0.0176409943 -0.0123575936 0 0 0
vm 263 0.000158428964 -0.0342564998 0.0303742458 0 0 0
vm 264 -7.57955293e-05 -0.010731095 -0.0255158207 0 0 0
vm 265 -6.62226902e-05 0.00533165168 0.0794390708 0 0 0
vm 266 -0.000252087634 -0.00285875112 0.0224927967 0 0 0
vm 267 0.000228965041 0.0601384107 -0.0155325522 0 0 0
vm 268 -6.12869967e-05 0.0268768193 -0.0757451036 0 0 0
vm 269 0.000323504554 -0.00996523662 -0.0671678701 0 0 0
vm 270 0.000282791736 -0.0548783707 0.015222022 0 0 0
vm 271 -0.000427916159 -0.0236839472 -0.0909821251 0 0 0
vm 272 -0.000101491643 -0.0633925894 -0.0921868851 0 0 0
vm 273 0.000415256893 0.0646160006 -0.0352839075 0 0 0
vm 274 -0.000151438188 -0.0297773033 0.0683890794 0 0 0
vm 275 -0.000347574483 0.0919830899 -0.0154588521 0 0 0
vm 276 0.000143634272 0.0583593578 0.0360930238 0 0 0
vm 277 -0.000186833131 -0.0442522251 0.0422556829 0 0 0
vm 278 0.000142190811 0.0853549235 0.0289933636 0 0 0
vm 279 -0.000291745612 -0.0766187498 0.0223699026 0 0 0
vm 280 0.000229320618 -0.0870316427 0.0667425269 0 0 0
vm 281 -0.000404689989 0.0782703232 0.0800048291 0 0 0
vm 282 7.45827589e-05 -0.0777189222 -0.0904290076 0 0 0
vm 283 -0.000331386204 0.034669824 -0.0129030666 0 0 0
vm 284 -0.000434214497 0.0704358319 -0.0196834343 0 0 0
vm 285 -0.000270579731 -0.0379446104 0.0892692346 0 0 0
vm 286 0.000239674641 -0.0804613923 0.0093346206 0 0 0
vm 287 0.000475377775 0.0675885111 -0.00743961919 0 0 0
vm 288 0.000338180843 -0.0709168091 0.0798595556 0 0 0
vm 289 0.000208446897 0.0585918342 -0.0889148535 0 0 0
vm 290 3.83823902e-05 0.0750870966 -0.0905102021 0 0 0
vm 291 0.000359964589 0.0775600104 -0.0309642237 0 0 0
vm 292 -0.00031995586 -0.0954496947 0.0705780052 0 0 0
vm 293 0.000445478454 0.00522978908 0.0471608352 0 0 0
vm 294 -0.000346033159 0.0577906788 -0.0542308118 0 0 0
vm 295 8.36537031e-05 -0.061642484 0.00803889741 0 0 0
vm 296 0.000127965015 -0.0419457764 0.0592138248 0 0 0
vm 297 0.000276138096 0.0236439246 -0.0777108349 0 0 0
vm 298 0.00020181169 -0.0756876153 0.0202594138 0 0 0
vm 299 -0.000497726983 0.070365531 -0.00992998894 0 0 0
vm 300 -0.000473026185 -0.0726720782 0.0337773544 0 0 0
vm 301 0.000275899541 0.0105528995 -0.0880006471 0 0 0
vm 302 0.000127085727 0.0446285433 0.0769861685 0 0 0
vm 303 -4.39954125e-05 -0.057985297 -0.0426311076 0 0 0
vm 304 -0.000387914176 0.0786778114 -0.0508690903 0 0 0
vm 305 0.000355640277 0.0882257047 0.0414344469 0 0 0
vm 306 0.000376022247 -0.0642380745 0.0300481176 0 0 0
vm 307 -0.000456750118 -0.0330666718 0.0764545977 0 0 0
vm 308 0.00015612378 -0.084946581 0.0763301404 0 0 0
vm 309 0.000208845642 0.046720059 0.0756229366 0 0 0
vm 310 0.000287168977 -0.00115995931 -0.0230743118 0 0 0
vm 311 -0.000101554257 -0.0863002205 -0.0195106035 0 0 0
vm 312 0.000123855642 -0.0485421125 0.0828128139 0 0 0
vm 313 0.000221550512 0.0527656523 0.0510807564 0 0 0
vm 314 -0.000175597005 -0.0266973455 0.0528492947 0 0 0
vm 315 -5.98249105e-05 0.0551324462 -0.0117701249 0 0 0
vm 316 3.08779057e-05 -0.0332440048 0.00564510854 0 0 0
vm 317 7.12630133e-05 0.0587566282 0.0986214964 0 0 0
vm 318 -0.000313229979 0.0192590239 0.000395373201 0 0 0
vm 319 -6.89718528e-05 -0.0785038993 0.0612841213 0 0 0
vm 320 -0.00031705533 -0.0404818585 -0.0238150749 0 0 0
vm 321 -0.000158634191 -0.0940849192 -0.0903434502 0 0 0
vm 322 0.000266205174 0.0543101411 -0.0476212693 0 0 0
vm 323 4.14589374e-05 -0.0907480422 0.0119701068 0 0 0
vm 324 -0.000279936705 -0.0992038877 0.00910231735 0 0 0
vm 325 -0.000103717929 0.0879593541 -0.0813036194 0 0 0
vm 326 -0.000282262773 0.0837622983 -0.0771771945 0 0 0
vm 327 0.000437516259 -0.0674904023 0.026371267 0 0 0
vm 328 0.00018505789 0.0423675455 0.00776317277 0 0 0
vm 329 6.25180103e-05 0.0788929711 0.0407238472 0 0 0
vm 330 0.000174238615 -0.0577547809 -0.0418589248 0 0 0
vm 331 -0.000475437674 0.0813532191 -0.00890212989 0 0 0
vm 332 -0.000496815559 0.0460506531 0.0168698045 0 0 0
vm 333 -0.000357307197 -0.0520012481 -0.0647370148 0 0 0
vm 334 0.00028843658 -0.0804287807 0.0968091443 0 0 0
vm 335 -0.000284589769 -0.00639132767 -0.0603590963 0 0 0
vm 336 0.000193769895 0.0490976582 -0.0134361878 0 0 0
vm 337 -0.000268364659 0.0432473757 -0.0514528234 0 0 0
vm 338 -0.000179693243 0.000924095997 -0.0693815751 0 0 0
vm 339 -0.000208430676 0.00783413851 -0.0774771599 0 0 0
vm 340 5.21331398e-05 0.0704082764 -0.0703470653 0 0 0
vm 341 0.000486839651 0.0765908444 0.0796656363 0 0 0
vm 342 -6.00118149e-05 0.0351318698 -0.0850983066 0 0 0
vm 343 -0.00014953115 0.0926621363 -0.0951138305 0 0 0
vm 344 0.000224996053 0.0191481678 0.0127999065 0 0 0
vm 345 -0.000337018216 0.0392713162 0.0978281786 0 0 0
vm 346 0.00021327966 0.0957251687 -0.0431890581 0 0 0
vm 347 5.96957056e-05 -0.0188210486 0.0130167728 0 0 0
vm 348 -0.000490196937 0.0229690665 0.055167813 0 0 0
vm 349 -7.71914173e-05 0.0276674871 0.0117723027 0 0 0
vm 350 -0.000177992411 0.0660454909 -0.0524842926 0 0 0
vm 351 -0.0004873448 -0.010131372 -0.0138127411 0 0 0
vm 352 0.000399361222 0.084690061 0.0288774621 0 0 0
vm 353 -3.14210924e-05 0.0471370611 -0.0487857289 0 0 0
vm 354 -0.000327636388 0.0906967204 0.0605719715 0 0 0
vm 355 0.000393437949 0.0126580548 -0.0279477994 0 0 0
vm 356 0.000284040314 0.0364024513 -0.0672257636 0 0 0
vm 357 -0.000363558748 -0.0871986327 -0.0329674854 0 0 0
vm 358 0.000426681535 0.0501081931 0.0492987414 0 0 0
vm 359 8.52075059e-05 0.0250209446 0.0280818763 0 0 0
vm 360 0.000359958888 -0.0116781389 -0.0732553898 0 0 0
vm 361 6.26193981e-05 -0.00820413636 -0.0210084901 0 0 0
vm 362 0.00044077913 -0.0674396233 0.0993203758 0 0 0
vm 363 0.000453744361 0.0561530676 -0.0251535531 0 0 0
vm 364 0.000491543357 -0.0898223983 -0.0633379631 0 0 0
vm 365 -0.000131569668 0.0385489712 0.0487170676 0 0 0
vm 366 0.000408910663 -0.052176334 -0.0828961299 0 0 0
vm 367 -0.000472759337 0.0857928365 0.0105605134 0 0 0
vm 368 0.000247530855 0.0346911012 0.0638175844 0 0 0
vm 369 -7.63080268e-05 -0.000396211138 -0.0710965822 0 0 0
vm 370 0.000422322811 0.010090892 0.0758434937 0 0 0
vm 371 -0.000362054248 0.0980986572 -0.0452615123 0 0 0
vm 372 -9.61896483e-05 0.0317419334 -0.0982417878 0 0 0
vm 373 0.000362854778 0.0231372879 0.0574178047 0 0 0
vm 374 0.000336856977 -0.0836856256 0.0948254038 0 0 0
vm 375 0.000396143595 0.089716572 0.0878278535 0 0 0
vm 376 0.000127187353 -0.00368140962 -0.0351635194 0 0 0
vm 377 0.000210992161 -0.0230563483 -0.0297563322 0 0 0
vm 378 0.000242875867 0.0834898647 -0.0823909257 0 0 0
vm 379 -0.000494528585 0.00745580869 -0.00669706146 0 0 0
vm 380 -0.000186414347 -0.0622270495 -0.00615831436 0 0 0
vm 381 -0.000281314489 -0.0492333879 -0.0820895187 0 0 0
vm 382 -0.000158113685 -0.0957928172 0.0581615762 0 0 0
vm 383 1.83555446e-05 -0.0759912138 0.0212168887 0 0 0
vm 384 0.000100773763 0.0647536307 0.0160151799 0 0 0
vm 385 0.00031325509 -0.040140827 -0.0780195543 0 0 0
vm 386 0.000155529169 0.0573360497 -0.0257748362 0 0 0
vm 387 -0.000159722276 0.0317426263 0.0109484937 0 0 0
vm 388 -0.00039764461 -0.000625363307 0.025412145 0 0 0
vm 389 1.52649428e-05 0.0315251305 -0.0969964927 0 0 0
vm 390 -0.000369269844 -0.0260947009 0.0361849693 0 0 0
vm 391 -0.000486617725 0.0830892967 -0.0561138287 0 0 0
vm 392 -7.52916251e-05 0.0979957836 0.091966466 0 0 0
vm 393 0.000476915782 -0.0345767072 0.0828427254 0 0 0
vm 394 -0.000103612514 0.0643859411 0.0281134054 0 0 0
vm 395 -0.000148869866 -0.0965378699 -0.000932090344 0 0 0
vm 396 -0.000150467277 0.0637490462 -0.0874180956 0 0 0
vm 397 0.00030057159 0.0318336858 -0.0379278428 0 0 0
vm 398 -0.000479689024 -0.000608709545 -0.0814971844 0 0 0
vm 399 0.000180545673 -0.0804666149 0.0128127407 0 0 0
vm 400 -0.000147211028 -0.0572670811 -0.000551820131 0 0 0
vm 401 0.000129531971 0.0194491655 0.0342043725 0 0 0
vm 402 -0.000304420531 -0.0356935514 0.0302330376 0 0 0
vm 403 1.0083881e-05 0.0580532792 -0.087204557 0 0 0
vm 404 7.33682518e-05 -0.0656163738 0.098392786 0 0 0
vm 405 0.000378038764 -0.0199060714 -0.0567291337 0 0 0
vm 406 0.000326471618 -0.00841546614 -0.0943974683 0 0 0
vm 407 0.000331420998 -0.0737749404 0.045347138 0 0 0
vm 408 0.000187284475 -0.0968665005 0.00576852932 0 0 0
vm 409 -2.4030128e-05 -0.0620174746 -0.0610195848 0 0 0
vm 410 0.000331907326 0.0931919218 -0.0645920821 0 0 0
vm 411 -8.1624896e-05 0.0258469509 -0.0178525141 0 0 0
vm 412 0.000320099152 0.024651663 -0.0118014695 0 0 0
vm 413 4.41395659e-05 0.0399626247 0.0644297567 0 0 0
vm 414 0.000376889989 0.0561186112 0.0979365067 0 0 0
vm 415 -0.00040483012 -0.0644107111 -0.0768896474 0 0 0
vm 416 -0.000136793612 0.0229060061 0.077816695 0 0 0
vm 417 -0.000415739951 0.0601586577 0.0655003003 0 0 0
vm 418 4.07392164e-05 -0.0165099615 0.0111807702 0 0 0
vm 419 -0.000474378577 -0.036784793 0.0338404663 0 0 0
vm 420 0.000420949984 -0.0830140919 0.0458928682 0 0 0
vm 421 -0.000102365551 -0.0605382244 -0.0324835445 0 0 0
vm 422 -4.65744679e-05 0.0616487788 -0.0763393501 0 0 0
vm 423 0.000320815754 0.0913493697 -0.0382538397 0 0 0
vm 424 0.000398898361 0.0728705517 0.0438541707 0 0 0
vm 425 0.000205407915 -0.039531066 -0.0142106474 0 0 0
vm 426 -0.000183435741 0.0835806192 -0.057859037 0 0 0
vm 427 0.000455923188 0.00247867592 0.0116988542 0 0 0
vm 428 -0.00044154848 -0.0801483088 0.0121323188 0 0 0
vm 429 -0.000221322331 0.0154136612 -0.0670547561 0 0 0
vm 430 0.000190734547 0.0461076422 0.0420069938 0 0 0
vm 431 -0.000475521653 -0.0803453086 0.0083421203 0 0 0
vm 432 -0.000375504635 0.030039066 -0.0421058502 0 0 0
vm 433 -0.000425568851 0.0852097949 -0.00238698922 0 0 0
vm 434 -0.000240939671 -0.0722620159 -0.0844244481 0 0 0
vm 435 -0.000412447425 -0.0727238191 0.0971129842 0 0 0
vm 436 0.000207582817 -0.0224402486 0.0956660521 0 0 0
vm 437 1.5481897e-05 0.0163384639 -0.0951255226 0 0 0
vm 438 -9.08680676e-05 -0.0207067039 -0.0437970011 0 0 0
vm 439 -0.000215930223 0.0266232734 0.0216062689 0 0 0
vm 440 2.02436941e-08 -0.0889619059 -0.0967003416 0 0 0
vm 441 -0.000444585073 0.0269507165 0.0524067594 0 0 0
vm 442 -0.00035461064 -0.0822660245 0.0960013754 0 0 0
vm 443 0.000423591299 -0.0479925779 -0.0354196214 0 0 0
vm 444 0.000302256372 -0.0954861453 0.0920249777 0 0 0
vm 445 -0.000453606788 -0.0546538504 -0.0649027098 0 0 0
vm 446 -0.000341587038 0.0752889252 0.0221005036 0 0 0
vm 447 -0.000106166238 -5.11660003e-05 -0.0666551753 0 0 0
vm 448 -0.000181850205 0.0459347222 -0.0649700239 0 0 0
vm 449 0.000462675795 0.0673757273 0.0166050301 0 0 0
vm 450 0.00040744816 0.0640793586 -0.0794311557 0 0 0
vm 451 6.84232341e-05 -0.0568160449 -0.0356638971 0 0 0
vm 452 -3.44685975e-05 0.0727803368 0.0519556597 0 0 0
vm 453 -0.000478262919 0.0483176957 -0.0340508155 0 0 0
vm 454 -0.000289392869 -0.053642879 -0.0965041158 0 0 0
vm 455 0.000472324863 0.0456743852 -0.0188830126 0 0 0
vm 456 8.93249754e-05 -0.091396404 0.0497911213 0 0 0
vm 457 -0.000487864643 0.0250591997 0.0803477695 0 0 0
vm 458 5.69882196e-05 0.00749013194 -0.0364673357 0 0 0
vm 459 -0.000336356957 0.0468973925 -0.0241576441 0 0 0
vm 460 1.69260026e-05 -0.0211622455 -0.000312312748 0 0 0
vm 461 0.000406797752 0.0355110013 0.012320704 0 0 0
vm 462 -0.000199373199 -0.0518452913 -0.0777780877 0 0 0
vm 463 0.000271902457 -0.0651140201 0.0562951992 0 0 0
vm 464 0.000251397126 -0.0162053333 -0.0702608782 0 0 0
vm 465 -1.80022534e-05 0.0845662749 -0.0609114849 0 0 0
vm 466 0.000375646602 -0.0842266953 -0.0344889797 0 0 0
vm 467 0.000176190773 0.000717378689 0.0546250604 0 0 0
vm 468 0.000225956368 0.0399024489 0.0108923826 0 0 0
vm 469 0.000445574066 -0.0601331931 -0.0770104474 0 0 0
vm 470 0.000344903664 0.0715702284 0.0690889183 0 0 0
vm 471 0.000128117629 -0.0765175669 0.0455057619 0 0 0
vm 472 0.000264387346 0.0445571931 0.0687738419 0 0 0
vm 473 0.000474540228 -0.00572597566 0.0720008919 0 0 0
vm 474 -5.98636293e-05 -0.0910550921 -0.056685915 0 0 0
vm 475 -0.000223606248 0.0337378891 0.0893457333 0 0 0
vm 476 0.000493628934 0.0339707686 -0.0315915172 0 0 0
vm 477 9.17178538e-05 -0.083871766 0.0260927307 0 0 0
vm 478 0.000363912514 0.00763909266 -0.0943978968 0 0 0
vm 479 0.000243804974 0.0867484543 -0.0114833047 0 0 0
vm 480 0.000126867902 0.0426603765 -0.0783109338 0 0 0
vm 481 5.05960128e-06 -0.0471213388 0.0765360594 0 0 0
vm 482 -0.00010085303 -0.0279799924 0.0150546507 0 0 0
vm 483 -2.57407313e-05 0.0517999437 0.0946481303 0 0 0
vm 484 5.32219999e-05 -0.0503876058 0.0616419823 0 0 0
vm 485 -0.000155332105 -0.0751066358 -0.0182135105 0 0 0
vm 486 -0.000357695353 -0.0105910559 -0.0148678558 0 0 0
vm 487 -5.27262061e-06 0.0646984442 -0.0364675349 0 0 0
vm 488 -0.000254268192 -0.0878633641 -0.00101534271 0 0 0
vm 489 -0.000343279814 -0.0534116589 -0.0936085091 0 0 0
vm 490 -4.50800809e-05 0.0714267593 -0.0199437413 0 0 0
vm 491 2.47607124e-05 -0.0622571138 0.0952859828 0 0 0
vm 492 0.00041495477 -0.0766278698 -0.0639812054 0 0 0
vm 493 -0.000460235382 -0.0579593221 -0.0252403412 0 0 0
vm 494 -0.000129788258 0.0972817336 -0.00601595627 0 0 0
vm 495 -0.000245280532 -0.0127719982 0.0862032582 0 0 0
vm 496 0.000369202957 0.091806999 -0.0405456154 0 0 0
vm 497 -0.000404180845 -0.0806169924 0.0946043638 0 0 0
vm 498 0.000122598554 -0.0496972808 -0.00240337407 0 0 0
vm 499 0.000391659481 -0.0550347799 -0.0975859156 0 0 0
vm 500 -0.000299121745 -0.00978827359 -0.0425233514 0 0 0
vm 501 -0.000430240773 0.075663573 -0.0900027336 0 0 0
vm 502 0.000287766278 -0.0586108576 -0.028063297 0 0 0
vm 503 -0.000159677937 0.0320983386 -0.0796617983 0 0 0
vm 504 0.000394575563 0.0363052403 0.0263700987 0 0 0
vm 505 0.000200807446 -0.0905366772 0.0747541251 0 0 0
vm 506 0.000306210997 -0.0379248351 -0.0177435063 0 0 0
vm 507 -0.00011713551 0.0241004608 -0.0301935537 0 0 0
vm 508 0.000311705579 0.0845439084 -0.0313556891 0 0 0
vm 509 0.000162194735 -0.0903020563 -0.0882783168 0 0 0
vm 510 -7.61879754e-05 -0.017465576 0.0778763266 0 0 0
vm 511 0.000472656919 0.0674806361 0.0489778618 0 0 0
vm 512 8.31644616e-05 -0.0360264569 -0.00127877911 0 0 0
vm 513 0.000102631366 -0.0512584038 -0.0039952434 0 0 0
vm 514 -0.000132431408 0.0263700758 -0.0375477982 0 0 0
vm 515 0.000465141139 -0.0264915813 0.0170044369 0 0 0
vm 516 -0.000296279963 0.0389054032 -0.0252693473 0 0 0
vm 517 0.000112320693 0.0447319635 0.0314366308 0 0 0
vm 518 0.000468140023 -0.0528641674 0.0480983038 0 0 0
vm 519 -0.000360597915 0.0806495605 -0.0154725048 0 0 0
vm 520 0.000136708092 0.0693012568 0.09011815 0 0 0
vm 521 0.000142057187 0.0728466002 -0.04978058 0 0 0
vm 522 0.000436741955 -0.0767804012 0.0860569804 0 0 0
vm 523 -8.94216656e-05 0.0188088825 -0.0525814204 0 0 0
vm 524 0.00013167381 0.0987436347 0.0873042565 0 0 0
vm 525 -2.84619962e-05 0.0572254682 -0.0565032765 0 0 0
vm 526 0.000309520742 0.0605075858 -0.0880881594 0 0 0
vm 527 -0.000162481494 -0.00263930948 0.0287187025 0 0 0
vm 528 7.47069812e-05 0.00153109265 -0.0713710825 0 0 0
vm 529 0.000240963648 -0.0832974735 0.057339459 0 0 0
vm 530 8.63706105e-05 0.038873794 -0.0165701096 0 0 0
vm 531 9.90596207e-05 0.035675397 -0.0879911645 0 0 0
vm 532 -0.000287833721 0.0590903745 -0.0417058482 0 0 0
vm 533 -0.000373358929 -0.0336799526 -0.067661945 0 0 0
vm 534 -0.000271504285 -0.0883609196 0.0642081591 0 0 0
vm 535 0.000363818024 0.0151401278 0.0751678034 0 0 0
vm 536 -0.000374191154 -0.0620478605 -0.0718967885 0 0 0
vm 537 -0.000336657265 -0.00387797614 -0.0875934139 0 0 0
vm 538 -0.000304666176 0.0636355195 -0.0113413575 0 0 0
vm 539 -6.68565097e-05 -0.0192420665 -0.0488983113 0 0 0
vm 540 9.26846145e-05 -0.0875492833 0.0712485882 0 0 0
vm 541 0.000461916412 -0.0588464447 -0.0290946591 0 0 0
vm 542 0.000388577274 0.0397663403 -0.0510278175 0 0 0
vm 543 -0.000320466356 -0.0775211631 0.0214049113 0 0 0
vm 544 0.00016083101 0.0639045231 -0.0763297629 0 0 0
vm 545 -0.000425701129 0.0604967786 -0.0250403254 0 0 0
vm 546 -0.000386945838 -0.0737055639 -0.0216650698 0 0 0
vm 547 0.000373165474 0.0596495577 -0.0364767723 0 0 0
vm 548 0.000339903734 -0.0571068385 0.0914969192 0 0 0
vm 549 0.000109497275 -0.0848315789 -0.0234472627 0 0 0
vm 550 7.81587672e-05 0.0112239719 0.082382067 0 0 0
vm 551 -0.000477774439 0.0384727642 -0.0248637627 0 0 0
vm 552 -0.000143560063 -0.0717277648 0.0731225113 0 0 0
vm 553 0.000341589194 -0.0553822107 0.0146491557 0 0 0
vm 554 7.91945649e-05 -0.0498997475 -0.0361991611 0 0 0
vm 555 0.000437204639 0.0175911084 0.0167221408 0 0 0
vm 556 0.000232957602 0.0976573631 -0.0904174289 0 0 0
vm 557 -0.000168451203 -0.0421867606 -0.0737503481 0 0 0
vm 558 0.000188539191 -0.0818147007 0.088578085 0 0 0
vm 559 0.000447200776 0.0727078355 -0.0251281755 0 0 0
vm 560 0.000213533135 0.0513898024 -0.0218231839 0 0 0
vm 561 0.000396519195 0.0980293391 0.0100175858 0 0 0
vm 562 -0.000199302105 0.0811877002 -0.057099513 0 0 0
vm 563 -0.000306401859 0.0940899619 0.0721599031 0 0 0
vm 564 -0.000380817966 0.0567331194 0.0458759612 0 0 0
vm 565 -0.000207775561 0.0202772234 -0.0334314643 0 0 0
vm 566 0.000358513793 -0.0602945871 -0.00672385239 0 0 0
vm 567 -0.000334619808 0.00873793724 -0.0994435358 0 0 0
vm 568 -0.000127524938 0.0256125322 -0.0177829603 0 0 0
vm 569 -0.000471222635 0.0884984653 0.0103448128 0 0 0
vm 570 0.000454941848 -0.0324134577 -0.0879149956 0 0 0
vm 571 0.000323377843 0.0836604155 0.0183929739 0 0 0
vm 572 7.16730982e-05 -0.0758023575 -0.0946972433 0 0 0
vm 573 -0.000475654488 -0.0695556038 0.0723748449 0 0 0
vm 574 -4.40749186e-05 -0.0702183552 0.0395058282 0 0 0
vm 575 -0.000463450408 0.0490134185 -0.0153126575 0 0 0
vm 576 -8.76533312e-05 0.0714102148 -0.00129176402 0 0 0
vm 577 -0.000333516706 0.0634795338 -0.0916657274 0 0 0
vm 578 -0.000285120027 0.0712558036 -0.0446166002 0 0 0
vm 579 -0.000332887263 0.0949658851 0.0300813701 0 0 0
vm 580 -0.000299336255 -0.0819226953 -0.000634177476 0 0 0
vm 581 0.000227780919 0.0776536446 0.0173137644 0 0 0
vm 582 0.000345016857 -0.0399023705 0.0888613057 0 0 0
vm 583 8.57818805e-05 -0.0944335894 -0.0382642534 0 0 0
vm 584 -0.000347929783 0.0119920264 0.0503662501 0 0 0
vm 585 0.000110754225 -0.0587076613 0.0530244214 0 0 0
vm 586 0.000322377205 0.0521204629 -0.0107044418 0 0 0
vm 587 0.000499063191 0.00809439043 0.0820956758 0 0 0
vm 588 -0.000451831656 0.0963511351 -0.0884864341 0 0 0
vm 589 -0.000420268113 0.0236230582 0.0189171188 0 0 0
vm 590 0.000460355321 0.0160301868 0.00105755902 0 0 0
vm 591 -0.000120228376 -0.04333311 -0.0712615385 0 0 0
vm 592 0.000232995509 -0.0865232773 -0.0920311857 0 0 0
vm 593 0.000382185152 -0.0580833949 0.043662247 0 0 0
vm 594 -0.000330148779 -0.0549048302 -0.0856880188 0 0 0
vm 595 0.000353380258 0.0863290734 -0.0191701 0 0 0
vm 596 -0.000388562732 0.00615160678 0.0358777864 0 0 0
vm 597 -0.00024182043 0.0391007932 -0.0746295871 0 0 0
vm 598 -0.000442409173 0.0186197957 0.0611928372 0 0 0
vm 599 0.000463574143 -0.0910087785 -0.0256504395 0 0 0
vm 600 0.000266392739 0.095699871 -0.00817347381 0 0 0
vm 601 0.000454213644 -0.0804961322 -0.0329402554 0 0 0
vm 602 -0.000110346143 -0.0636636169 -0.0982321858 0 0 0
vm 603 -1.12396153e-05 -0.0372765595 -0.0778826269 0 0 0
vm 604 -0.000220574676 0.0576666287 -0.0239282606 0 0 0
vm 605 0.000317090027 0.054406737 0.0751975841 0 0 0
vm 606 -0.000218246592 0.0671451223 -0.0263419464 0 0 0
vm 607 0.000266596422 -0.0208488546 -0.00888310317 0 0 0
vm 608 -6.37931102e-05 -0.0850118777 0.0344674351 0 0 0
vm 609 -3.69031226e-05 -0.0733781864 -0.059459888 0 0 0
vm 610 -0.00042954096 0.002999742 -0.0117993455 0 0 0
vm 611 5.26529319e-05 0.0803576111 -0.0437397974 0 0 0
vm 612 -4.73739718e-06 0.0030066559 0.0210248074 0 0 0
vm 613 -0.000362373456 -0.0981370156 0.0501103673 0 0 0
vm 614 -0.000218787784 -0.0349336506 0.0945331856 0 0 0
vm 615 0.000438095573 -0.0962426587 -0.0902521082 0 0 0
vm 616 0.000480084411 -0.0337423602 -0.00781087688 0 0 0
vm 617 -0.000310963825 -0.0840660136 0.00749973595 0 0 0
vm 618 0.000205221981 0.0542096558 0.0593290563 0 0 0
vm 619 -2.22021671e-05 -0.0843416086 -0.0331025586 0 0 0
vm 620 -7.43885457e-05 -0.019116331 0.067478971 0 0 0
vm 621 3.40555287e-05 -0.0557092444 -0.0899633459 0 0 0
vm 622 -0.000322324991 -0.0683032746 -0.0779461559 0 0 0
vm 623 -0.000414241764 0.0154606526 -0.0545475168 0 0 0
vm 624 9.55133956e-05 0.0816216484 0.00749568591 0 0 0
vm 625 -0.000493816403 -0.0122155388 0.0576617107 0 0 0
vm 626 0.000213263493 0.0325935287 -0.0923549155 0 0 0
vm 627 0.000174001952 -0.0245717415 0.0730604147 0 0 0
vm 628 7.97878626e-05 -0.0237976974 -0.0167636364 0 0 0
vm 629 -0.000416691175 0.0513765784 0.0612567438 0 0 0
vm 630 -0.00028988495 -0.0611410437 0.0032727762 0 0 0
vm 631 -0.000482974756 -0.00634557381 -0.0511087607 0 0 0
vm 632 -1.91901366e-05 0.0235144464 -0.0148235788 0 0 0
vm 633 6.21158776e-06 -0.0296202748 -0.0126222886 0 0 0
vm 634 -0.00037595032 -0.0162699018 0.0475161217 0 0 0
vm 635 0.000213398792 -0.00539772283 -0.0756353287 0 0 0
vm 636 0.000435443596 -0.0388060345 -0.0761487111 0 0 0
vm 637 -0.000285796713 -0.0867139672 -0.0528565808 0 0 0
vm 638 -0.000316027884 0.0639894482 -0.0663196988 0 0 0
vm 639 -0.000236714261 0.0261611115 0.0211318406 0 0 0
vm 640 -0.000391133296 -0.0800989687 -0.0281414541 0 0 0
vm 641 -0.000233952111 -0.0572067913 0.0458146132 0 0 0
vm 642 0.000411064956 -0.0382061568 -0.0665334244 0 0 0
vm 643 3.56716621e-05 -0.0902015822 -0.0377885208 0 0 0
vm 644 -0.000199529006 0.0871078576 0.0184461088 0 0 0
vm 645 -0.000151013866 0.0484906107 -0.00817921414 0 0 0
vm 646 0.000353149439 -0.0624391662 0.0688412944 0 0 0
vm 647 -8.63559108e-05 0.0270311733 0.0753482813 0 0 0
vm 648 0.000402635076 -0.00343327169 -0.0727240441 0 0 0
vm 649 -0.000277836488 -0.0823939111 -0.0339405381 0 0 0
vm 650 0.000254645279 -0.015752231 0.0333282942 0 0 0
vm 651 -0.000180690749 0.00811208854 -0.0501034215 0 0 0
vm 652 9.04749742e-05 -0.0139095514 -0.0679753409 0 0 0
vm 653 -0.0004746725 0.0439304591 0.0744607414 0 0 0
vm 654 0.000410948091 -0.0790523517 -0.0652665954 0 0 0
vm 655 -0.000182114672 0.0258870521 -0.0349872406 0 0 0
vm 656 0.000108967052 -0.0481890105 -0.0565326091 0 0 0
vm 657 -0.000195578093 0.0155167144 0.031717042 0 0 0
vm 658 -0.000468145786 0.0967583463 0.036626754 0 0 0
vm 659 -0.000146428812 -0.0721470421 0.0651242666 0 0 0
vm 660 0.000424599326 0.0630798965 -0.0368174088 0 0 0
vm 661 3.83647128e-05 -0.0650486145 -0.0759847326 0 0 0
vm 662 0.000196517027 0.0922229241 -0.0844095079 0 0 0
vm 663 0.000155901995 -0.0524953548 -0.0773844865 0 0 0
vm 664 0.000378034826 -0.0527396174 -0.00986509901 0 0 0
vm 665 -0.00031954741 -0.0923943276 -0.0734362557 0 0 0
vm 666 -1.58857406e-05 0.00145565309 0.034438229 0 0 0
vm 667 0.000259615246 0.0716444861 0.0566170506 0 0 0
vm 668 -0.000291997746 0.0959847064 -0.0752459246 0 0 0
vm 669 0.000401357417 -0.0176241575 -0.0945129265 0 0 0
vm 670 9.60221911e-05 0.087909845 0.0313253559 0 0 0
vm 671 0.000473922224 -0.0604018344 -0.0482164043 0 0 0
vm 672 -0.000139089418 -0.0533124777 -0.0118954109 0 0 0
vm 673 -0.000327440982 0.0294761411 -0.0447313302 0 0 0
vm 674 -0.00038153062 -0.0993384844 0.0559744496 0 0 0
vm 675 -0.000329729442 0.0552810749 -0.00044120786 0 0 0
vm 676 0.000251229918 0.0623994545 -0.0424241164 0 0 0
vm 677 3.35086335e-05 0.0657099741 -0.000930991411 0 0 0
vm 678 -0.000273723699 -0.0132696774 -0.0563112837 0 0 0
vm 679 4.32571114e-06 0.0180377368 0.0858189098 0 0 0
vm 680 0.000379691135 0.00742103773 -0.0855206653 0 0 0
vm 681 -0.000257442449 0.0803964898 -0.0085399816 0 0 0
vm 682 -0.000103645517 0.083938591 -0.0165943329 0 0 0
vm 683 0.000108610486 0.0551815114 0.019942794 0 0 0
vm 684 -0.000288700195 0.0742630241 -0.0322501664 0 0 0
vm 685 6.08545645e-05 -0.0958832974 -0.0748354765 0 0 0
vm 686 8.09113203e-05 -0.0416813692 0.00711164416 0 0 0
vm 687 0.000319821177 0.0680659746 -0.0801393316 0 0 0
vm 688 -0.000242909321 0.0379983672 0.000405067424 0 0 0
vm 689 5.04763677e-05 0.0713046216 0.0104006587 0 0 0
vm 690 -0.000204657626 0.0822648571 -0.0952809931 0 0 0
vm 691 0.000415484488 -0.0053131906 0.0583988254 0 0 0
vm 692 -0.000491274164 -0.0430950243 -0.0524767739 0 0 0
vm 693 9.87832568e-05 -0.000501072937 0.0901722497 0 0 0
vm 694 -0.000188811884 -0.00637842296 0.0843059578 0 0 0
vm 695 0.000380741745 -0.0801428881 0.0572116069 0 0 0
vm 696 0.000237768445 -0.0387233078 -0.0215199806 0 0 0
vm 697 6.68860084e-05 0.027083974 -0.0726369117 0 0 0
vm 698 -8.25392075e-06 0.0793244457 0.0815411029 0 0 0
vm 699 0.000115665427 0.0665021648 -0.0255335636 0 0 0
vm 700 0.000180113223 0.0386530289 0.00391606739 0 0 0
vm 701 8.41208056e-05 -0.0723301705 0.0198326569 0 0 0
vm 702 -0.000232080428 0.0162801434 0.0129814641 0 0 0
vm 703 0.000328163964 -0.0597674197 -0.081864784 0 0 0
vm 704 -0.000112103837 -0.0802166148 0.0527425707 0 0 0
vm 705 -0.000379919445 0.0212991677 -0.0529738321 0 0 0
vm 706 -0.000203224723 0.0861334988 0.028343908 0 0 0
vm 707 0.000250742594 0.0279444173 0.0829197276 0 0 0
vm 708 -0.00018753463 0.0166489273 -0.0154364669 0 0 0
vm 709 -0.000276818146 0.017138551 -0.0861579227 0 0 0
vm 710 -0.00017417861 -0.0408425045 0.0857216841 0 0 0
vm 711 -0.000252502262 -0.0935505882 0.0023684194 0 0 0
vm 712 -5.84416066e-05 -0.0979711891 -0.0342087458 0 0 0
vm 713 -0.000369381663 -0.0860800029 -0.00581901191 0 0 0
vm 714 0.000108331576 0.0226915323 -0.0691769953 0 0 0
vm 715 -8.12175922e-05 -0.0767464825 -0.0472373628 0 0 0
vm 716 0.000372575253 -0.0846249788 0.0873571367 0 0 0
vm 717 0.000448422851 0.0777448892 -0.00943393186 0 0 0
vm 718 -0.000101557902 -0.0928784482 -0.00197289756 0 0 0
vm 719 0.000470324842 -0.0711001896 0.025790447 0 0 0
vm 720 -2.18534459e-05 -0.0385333603 0.0613989545 0 0 0
vm 721 0.000342940299 0.000601468669 -0.0502234753 0 0 0
vm 722 0.000314944865 0.0718915229 0.0933973497 0 0 0
vm 723 0.000305730568 -0.050549946 0.0219106448 0 0 0
vm 724 4.82579064e-06 -0.0848212306 0.0652263578 0 0 0
vm 725 0.000314434217 0.0129925354 0.0705461617 0 0 0
vm 726 0.00048630205 -0.0700688242 -0.0969913737 0 0 0
vm 727 0.000146017201 0.0646800667 -0.077808534 0 0 0
vm 728 -0.000220008128 -0.0543726415 -0.078964428 0 0 0
vm 729 -0.000406123747 0.0990456703 -0.00203448294 0 0 0
vm 730 0.000328136023 0.094775458 -0.0466469435 0 0 0
vm 731 0.000409818498 -0.0962574904 -0.0782631907 0 0 0
vm 732 -0.000258830555 -0.0726973276 0.0598428819 0 0 0
vm 733 0.000235410261 0.0611799679 0.0196300865 0 0 0
vm 734 -0.000467755804 0.0218839329 0.0415544391 0 0 0
vm 735 -5.07164098e-05 0.0297192564 0.0511200353 0 0 0
vm 736 0.000336555766 0.0676774549 0.0291645013 0 0 0
vm 737 -5.64393428e-06 -0.0600223548 -0.00780657391 0 0 0
vm 738 -0.000397106651 0.0458331575 0.0164881696 0 0 0
vm 739 7.98980559e-05 0.00440559236 -0.0507728904 0 0 0
vm 740 0.000336075837 0.0651070192 0.0721814695 0 0 0
vm 741 -0.000230502987 0.0358262353 0.0622665738 0 0 0
vm 742 0.00011897219 -0.0260304855 0.0875391597 0 0 0
vm 743 0.000199087665 -0.0930001163 -0.0708827909 0 0 0
vm 744 0.000335190097 -0.0929264817 0.0750531698 0 0 0
vm 745 -0.000266452883 0.0649661289 0.0951587832 0 0 0
vm 746 5.49984647e-05 0.000609495543 -0.0717162649 0 0 0
vm 747 -0.000162580634 -0.0381764093 -0.0982098069 0 0 0
vm 748 0.00012827398 0.0429222944 -0.0528608077 0 0 0
vm 749 -0.000437011422 0.0351207398 -0.0101049949 0 0 0
vm 750 0.000260132959 0.0635203444 -0.0818790836 0 0 0
vm 751 0.000292566536 -0.0427011856 0.0909286157 0 0 0
vm 752 -0.000336890124 0.0119149791 -0.00197497755 0 0 0
vm 753 -0.000295351368 0.0235953724 0.00318246746 0 0 0
vm 754 5.75036743e-05 0.00235485986 -0.0738146458 0 0 0
vm 755 -0.000161025279 -0.089364347 -0.0972403383 0 0 0
vm 756 0.000241646336 0.0511915795 0.0159379233 0 0 0
vm 757 -6.00840217e-05 -0.0853407796 -0.061411521 0 0 0
vm 758 0.000392876438 -0.0925119464 -0.0799011364 0 0 0
vm 759 -0.000148056711 0.0922428117 -0.0215132365 0 0 0
vm 760 -0.000316199403 0.00641990099 -0.0902899819 0 0 0
vm 761 8.87028841e-05 0.0555874811 0.0295090704 0 0 0
vm 762 -0.000453689215 -0.0113005052 -0.0481914203 0 0 0
vm 763 -0.000223236573 0.0938132056 0.0417910722 0 0 0
vm 764 -8.79105204e-05 -0.0366478916 0.0116608672 0 0 0
vm 765 -0.000223703983 -0.0298537531 0.0695252289 0 0 0
vm 766 -0.000459111814 -0.028452834 0.0400065514 0 0 0
vm 767 -0.000113013011 0.0708297393 0.0572605547 0 0 0
vm 768 -0.00042189454 0.0694389292 -0.0693928728 0 0 0
vm 769 -0.000425288961 -0.0901937107 0.037780214 0 0 0
vm 770 -5.75034322e-05 -0.014094939 -0.0469638839 0 0 0
vm 771 -0.000436898971 -0.0513867816 0.0613509526 0 0 0
vm 772 -0.000197663868 -0.0869615187 -0.0172275193 0 0 0
vm 773 -0.000387522732 0.0666382722 0.0611219227 0 0 0
vm 774 -0.000352131717 -0.0755913232 -0.0476180764 0 0 0
vm 775 0.000292402894 0.0227580353 0.0594695734 0 0 0
vm 776 -0.0001446059 0.0960736837 -0.0355573295 0 0 0
vm 777 -0.000166026709 0.00890557736 0.00647191058 0 0 0
vm 778 1.8566736e-06 -0.0830885385 0.0497693931 0 0 0
vm 779 0.000281129466 0.0454076421 -0.0234601428 0 0 0
vm 780 1.34875608e-06 0.0931168228 0.0543261313 0 0 0
vm 781 -0.00013863434 0.0243632077 0.0453229103 0 0 0
vm 782 0.0001360953 -0.0296879145 0.0887282342 0 0 0
vm 783 0.000397930105 -0.0679518006 0.072216785 0 0 0
vm 784 9.8946149e-05 0.0573838709 -0.0375453522 0 0 0
vm 785 0.000143643981 0.0220294426 0.0619333871 0 0 0
vm 786 -0.000145212684 -0.0449166327 0.0437244468 0 0 0
vm 787 0.000348546532 0.082042763 0.0244899006 0 0 0
vm 788 -0.000364647435 0.0358409563 -0.0456938256 0 0 0
vm 789 -0.000113989276 -0.0581228587 0.0851386755 0 0 0
vm 790 0.000299539286 -0.011615601 0.0630560716 0 0 0
vm 791 -7.34668367e-05 -0.0880913897 0.0651402481 0 0 0
vm 792 9.84482216e-05 -0.0200050053 0.0836875475 0 0 0
vm 793 -8.04651576e-05 -0.0550262161 -0.0543723251 0 0 0
vm 794 0.00042684305 0.0909316452 0.0815556824 0 0 0
vm 795 -0.000379104996 0.0371492111 -0.0590423363 0 0 0
vm 796 0.000240711947 0.0567901015 0.0407187584 0 0 0
vm 797 0.00041959751 0.060794559 -0.0919624066 0 0 0
vm 798 0.0002403708 -0.0190578355 -0.000620711212 0 0 0
vm 799 5.73139751e-05 0.0460583944 0.0420709416 0 0 0
vm 800 4.45492028e-05 0.0512869945 0.0789157299 0 0 0
vm 801 -0.000408003652 -0.0880697805 -0.0699156295 0 0 0
vm 802 -6.38440724e-05 -0.0402208813 -0.052649071 0 0 0
vm 803 -0.000353131281 -0.0171613342 -0.00535184475 0 0 0
vm 804 0.000441348193 0.0356906519 0.0262303893 0 0 0
vm 805 0.000376581037 0.0436952531 -0.0994022167 0 0 0
vm 806 0.000404535415 -0.0619521668 -0.0711469486 0 0 0
vm 807 6.58464917e-05 0.0298323986 0.00553697955 0 0 0
vm 808 -4.6305471e-05 0.0677871822 -0.0347395446 0 0 0
vm 809 -0.000385576231 -0.0514939944 -0.0925678883 0 0 0
vm 810 -0.000375335331 0.0924473449 -0.0255881653 0 0 0
vm 811 -0.000192996136 0.0947167836 0.0143911786 0 0 0
vm 812 -0.000298371271 -0.0618783596 0.0211715345 0 0 0
vm 813 0.000401888749 0.0914171375 -0.0853823277 0 0 0
vm 814 -0.000352910981 -0.0710387357 -0.0272384985 0 0 0
vm 815 -0.000394164045 -0.0157108867 0.027220859 0 0 0
vm 816 0.000263911066 -0.0233184766 0.0612259692 0 0 0
vm 817 -0.000417422177 -0.0568128221 -0.0805990215 0 0 0
vm 818 -5.6874988e-05 -0.0794455505 -0.0237361514 0 0 0
vm 819 0.000141330797 0.0866890006 0.0433239773 0 0 0
vm 820 0.000138124644 -0.0960679004 -0.0830027777 0 0 0
vm 821 0.000422216512 0.0385263154 -0.0939741826 0 0 0
vm 822 -0.000147997334 0.0224390068 -0.0521186836 0 0 0
vm 823 -0.000185634366 -0.0354888659 0.0632998929 0 0 0
vm 824 -8.66201703e-05 0.063842029 0.0702653754 0 0 0
vm 825 -0.000468121718 -0.0476884932 -0.061738798 0 0 0
vm 826 -0.000178658732 0.094944634 -0.0130147301 0 0 0
vm 827 0.000290831308 -0.0201881908 0.0241994807 0 0 0
vm 828 0.000419720297 0.000167849879 -0.084148058 0 0 0
vm 829 -0.000387881978 0.0298245889 0.0925106027 0 0 0
vm 830 0.000421315066 -0.0825329266 -0.0628506205 0 0 0
vm 831 -0.000249108558 -0.0170573454 0.0459439821 0 0 0
vm 832 -5.72546762e-05 0.0265038184 0.00527252859 0 0 0
vm 833 0.000475812047 0.0898046587 0.026997781 0 0 0
vm 834 0.000347597857 -0.0437536614 0.035361908 0 0 0
vm 835 2.55543339e-05 -0.050140364 -0.013936754 0 0 0
vm 836 0.000498746445 0.0616508583 -0.0108232024 0 0 0
vm 837 0.000469781524 0.0650712274 -0.0866193232 0 0 0
vm 838 -0.000337036937 -0.0319576768 0.0345318295 0 0 0
vm 839 0.000356763979 -0.062412037 -0.0587514698 0 0 0
vm 840 5.34060981e-05 -0.03350686 -0.00492403606 0 0 0
vm 841 0.000279549161 0.0795211656 0.0307381744 0 0 0
vm 842 0.000327149683 0.0708427548 0.0488447131 0 0 0
vm 843 4.42128e-05 0.0141266748 -0.0289317445 0 0 0
vm 844 -0.000245282723 -0.000505093185 0.0843806624 0 0 0
vm 845 -0.00024641151 0.0824961949 0.012555674 0 0 0
vm 846 0.00017526014 0.0525110244 0.0576579457 0 0 0
vm 847 0.00041984373 -0.0209235464 -0.00578087474 0 0 0
vm 848 -0.000399426866 0.0953238926 -0.0732121605 0 0 0
vm 849 0.000341509448 0.0301139008 -0.0128150728 0 0 0
vm 850 -4.68308701e-05 0.00620705055 -0.0441980613 0 0 0
vm 851 -6.50038012e-05 0.0616265477 0.0649374373 0 0 0
vm 852 -2.29235e-05 0.0789131657 0.047513162 0 0 0
vm 853 -0.000396338664 -0.0493409025 0.0388235717 0 0 0
vm 854 0.000258133058 -0.0493595348 -0.0090887233 0 0 0
vm 855 0.000225113698 -0.0286444191 0.0477801821 0 0 0
vm 856 -0.00017402194 -0.0386197282 -0.0933228093 0 0 0
vm 857 0.000440898079 -0.0157721641 -0.0353672404 0 0 0
vm 858 -6.63318458e-05 0.00372519848 -0.0380785131 0 0 0
vm 859 -0.000363975345 -0.0657332387 0.0868651306 0 0 0
vm 860 0.000413387626 0.0803509288 -0.0870340419 0 0 0
vm 861 -0.000106346437 -0.0529065929 0.0046105092 0 0 0
vm 862 -0.000294443965 0.0775482756 -0.045956032 0 0 0
vm 863 0.00017694927 0.0343847501 0.00576651948 0 0 0
vm 864 7.32540816e-05 -0.0520154506 0.0381491759 0 0 0
vm 865 5.84275841e-05 -0.0848423329 -0.0906978986 0 0 0
vm 866 9.42193305e-05 0.0745545599 0.0337327046 0 0 0
vm 867 0.000166294548 -0.0123304146 -0.0777591622 0 0 0
vm 868 0.000486808939 0.0184353523 0.0957044673 0 0 0
vm 869 0.000235056026 0.0872503932 -0.0672663708 0 0 0
vm 870 2.34502702e-05 0.0408477089 -0.0183827172 0 0 0
vm 871 7.49775305e-05 0.00361588572 0.0839456754 0 0 0
vm 872 -0.000187455888 0.0756643153 -0.0260870158 0 0 0
vm 873 -3.59239376e-05 -0.0861998616 0.0493172497 0 0 0
vm 874 -6.16335921e-06 -0.00685707234 0.0830412719 0 0 0
vm 875 -6.5080561e-05 -0.0143882981 -0.00183856857 0 0 0
vm 876 -0.000270386709 0.048744139 0.0767733881 0 0 0
vm 877 -0.000428759249 0.0920094693 -0.000422132024 0 0 0
vm 878 0.000410485897 0.0375498959 -0.0534505078 0 0 0
vm 879 6.07079622e-06 -0.0272797419 0.0547720665 0 0 0
vm 880 0.0003000209 0.019426054 -0.0242742232 0 0 0
vm 881 0.000296235452 -0.0135863722 0.0745869401 0 0 0
vm 882 -0.00027333141 0.0145986974 -0.0975783268 0 0 0
vm 883 0.000112516035 -0.0105808507 -0.0324205366 0 0 0
vm 884 -0.000245928705 0.0587998176 -0.0428387016 0 0 0
vm 885 0.00035289091 -0.0775902359 0.0336341816 0 0 0
vm 886 0.00048999181 -0.000839214414 0.0631184893 0 0 0
vm 887 7.43829471e-05 -0.0062708243 -0.00778771218 0 0 0
vm 888 6.52182331e-05 0.0544915118 0.0471888867 0 0 0
vm 889 -0.000346700835 -0.0872546097 0.0567133302 0 0 0
vm 890 0.000407978826 -0.0660137158 0.0756206888 0 0 0
vm 891 0.000118567657 0.0977726982 0.0870076998 0 0 0
vm 892 1.26252308e-05 0.0456386527 -0.0406006257 0 0 0
vm 893 -0.000215052764 0.015964166 0.0719891308 0 0 0
vm 894 -0.000342334927 -0.0717361263 -0.0717547109 0 0 0
vm 895 0.000290879827 0.0676074767 0.00310367 0 0 0
vm 896 -1.87398449e-05 -0.0626089502 0.0156268118 0 0 0
vm 897 0.000461244955 -0.0194928114 0.0913452076 0 0 0
vm 898 0.000163044878 -0.0755298727 -0.0654502889 0 0 0
vm 899 2.02007545e-05 -0.0847667571 -0.0747214758 0 0 0
vm 900 0.000428473996 -0.00678158813 -0.0377946372 0 0 0
vm 901 -0.000178196651 0.0948982554 0.055121862 0 0 0
vm 902 0.000377131473 0.0184140423 0.0474668868 0 0 0
vm 903 -0.000431774898 0.0872840421 0.00849838718 0 0 0
vm 904 -0.000373342271 -0.0452407226 0.0447564053 0 0 0
vm 905 -0.000258073164 -0.0610630288 0.0107705508 0 0 0
vm 906 0.000327231845 -0.0966398904 0.0169570256 0 0 0
vm 907 0.000124713096 -0.0142527686 0.0800643965 0 0 0
vm 908 0.000296136439 -0.0820050466 0.0356691317 0 0 0
vm 909 0.000276630926 0.0681412951 -0.0596386999 0 0 0
vm 910 -0.000375683383 -0.0809569595 0.0771249168 0 0 0
vm 911 -4.89390343e-05 -0.0925772557 0.0358617768 0 0 0
vm 912 0.000193518202 -0.0273800148 0.0366160394 0 0 0
vm 913 -2.67594835e-05 -0.0463980097 0.0408637477 0 0 0
vm 914 -0.000108574873 -0.0554284933 -0.0378125766 0 0 0
vm 915 0.000417028577 -0.0741958128 -0.0133939109 0 0 0
vm 916 0.000102847945 -0.0610142158 0.0226260425 0 0 0
vm 917 -0.000251028249 0.0439069965 0.042648964 0 0 0
vm 918 -0.000498447599 -0.0781876556 0.0111574032 0 0 0
vm 919 -0.000201748558 0.0889955043 0.0911793975 0 0 0
vm 920 0.000465087837 0.0454152081 -0.0491119177 0 0 0
vm 921 -0.000128820389 0.0523210044 -0.0897113571 0 0 0
vm 922 0.00039677595 0.0210316763 0.00541989683 0 0 0
vm 923 0.000288169161 0.0733711617 -0.0286609481 0 0 0
vm 924 -0.000477698393 0.0801546276 -0.0309059506 0 0 0
vm 925 -0.000329053674 0.0972772063 0.000229905548 0 0 0
vm 926 0.000430983307 -0.0135717777 0.0981252058 0 0 0
vm 927 0.000387377312 0.00620622086 -0.0822174772 0 0 0
vm 928 0.00048147211 -0.0246845425 0.0591775781 0 0 0
vm 929 0.000356949735 0.093790455 0.0534949729 0 0 0
vm 930 0.000287061478 -0.0599270878 0.0888033607 0 0 0
vm 931 8.74193015e-05 -0.0870790215 0.019062228 0 0 0
vm 932 -2.15425348e-05 0.0711273751 0.0750888585 0 0 0
vm 933 -8.25817545e-05 0.048346293 -0.0264278006 0 0 0
vm 934 0.000457285326 0.00444946142 0.0333305663 0 0 0
vm 935 -0.000328595061 -0.0330126919 0.0331741796 0 0 0
vm 936 7.22512018e-05 -0.0464360726 -0.0369531248 0 0 0
vm 937 -3.49048456e-05 -0.0917063457 0.0954609797 0 0 0
vm 938 0.000403241181 0.0826787025 0.071302993 0 0 0
vm 939 -0.000340293392 0.0556989833 0.0258686627 0 0 0
vm 940 0.000125519159 -0.0575860595 -0.0952880426 0 0 0
vm 941 0.000355416559 0.00481883645 0.0118624628 0 0 0
vm 942 7.44538557e-05 -0.0990988808 -0.0442083937 0 0 0
vm 943 0.000470751625 -0.0442308895 -0.058609009 0 0 0
vm 944 0.00049246263 0.0249053799 0.0762581936 0 0 0
vm 945 -0.000461310451 0.015775541 -0.00392214104 0 0 0
vm 946 -0.000313367088 -0.0960457215 -0.0106773738 0 0 0
vm 947 -0.000384001949 0.0541669604 0.0488122047 0 0 0
vm 948 -0.000247165309 -0.0112797047 0.0743888201 0 0 0
vm 949 0.000208362345 0.0434503688 0.0307417298 0 0 0
vm 950 0.000287652616 0.0296412222 -0.00423600465 0 0 0
vm 951 -0.000236086757 -0.0592918793 0.0368885366 0 0 0
vm 952 0.000428672019 0.0362134884 0.0331121604 0 0 0
vm 953 -0.000293346199 0.0095643436 0.0216821446 0 0 0
vm 954 2.16838667e-05 -0.0728045306 0.0444066506 0 0 0
vm 955 -0.000460449977 -0.0425510601 0.079377332 0 0 0
vm 956 0.000260882737 -0.0158293859 -0.0721911444 0 0 0
vm 957 -0.000142326069 0.00377488714 0.0940891838 0 0 0
vm 958 0.000472301395 0.0485624151 -0.0201328126 0 0 0
vm 959 0.000399753796 0.0430310532 -0.0479857791 0 0 0
vm 960 -0.000229521528 0.0440454169 -0.0672547203 0 0 0
vm 961 -0.000415442484 -0.0820000769 0.0224723662 0 0 0
vm 962 -0.000271747166 0.0947771209 -0.06772006 0 0 0
vm 963 -0.000246541096 0.0292457891 0.00807333208 0 0 0
vm 964 0.000283186399 0.0651890244 0.0954779448 0 0 0
vm 965 -0.000145380369 0.0755449621 0.0798294373 0 0 0
vm 966 -0.000238258891 0.00839021139 -0.0828263717 0 0 0
vm 967 -3.30127167e-05 -0.0247090082 -0.010842985 0 0 0
vm 968 0.000396360658 -0.0978153769 -0.0567662392 0 0 0
vm 969 -4.01164645e-05 -0.0481325173 -0.0813231818 0 0 0
vm 970 -0.000475672682 0.00110480554 -0.0905213202 0 0 0
vm 971 0.000160162436 -0.080828122 0.0897720101 0 0 0
vm 972 -0.000108286911 0.0795461347 -0.0331693149 0 0 0
vm 973 -0.00042800603 -0.071314026 -0.079141838 0 0 0
vm 974 -0.000155936584 -0.0786169875 0.0554303211 0 0 0
vm 975 0.000187620475 0.0624571419 0.0222723894 0 0 0
vm 976 7.61356762e-05 0.0657070631 -0.0530125401 0 0 0
vm 977 -5.85128108e-05 -0.0472288209 -0.0586317004 0 0 0
vm 978 0.000187803679 0.0741547892 -0.0364636632 0 0 0
vm 979 0.000101679158 0.0957665721 0.00755799321 0 0 0
vm 980 -0.000260703267 0.0930937099 -0.0361478025 0 0 0
vm 981 -0.000373918453 -0.0232797601 -0.0497263316 0 0 0
vm 982 0.000280823135 -0.0638330772 -0.0601646644 0 0 0
vm 983 0.000225588243 -0.0383710464 -0.0163161711 0 0 0
vm 984 4.18405716e-05 -0.0292651024 0.075194275 0 0 0
vm 985 0.000360773304 -0.0203317378 -0.063371802 0 0 0
vm 986 0.000249097858 0.0760859845 -0.0155602505 0 0 0
vm 987 0.000144412938 -0.0100197137 -0.0121554167 0 0 0
vm 988 -0.000166869336 0.0983355834 -0.00637528736 0 0 0
vm 989 -0.000228047705 -0.0165433282 0.0968605235 0 0 0
vm 990 0.000187923254 -0.02667173 0.0419991412 0 0 0
vm 991 0.000107870424 0.00563713453 0.0562740058 0 0 0
vm 992 -9.0207924e-05 0.0819494605 -0.000856680399 0 0 0
vm 993 0.000174255936 0.0991470555 -0.0252137419 0 0 0
vm 994 -0.00026865666 0.0637895104 0.0600015858 0 0 0
vm 995 0.000184108165 0.00754257831 0.0596460811 0 0 0
vm 996 -0.000467875326 -0.0560461957 -0.0501493743 0 0 0
vm 997 0.000109557634 0.0757831374 -0.0960302012 0 0 0
vm 998 0.000233989986 0.0768195959 -0.00840259582 0 0 0
vm 999 -0.000158978859 0.0354764999 -0.0695819239 0 0 0
