volume_proxy 0 -0.604630192 -0.57601733 -0.00127842055 0 0 0
volume_proxy 6 -0.0235821151 0.67178206 0.00342397116 0 0 0
volume_proxy 11 0.865256375 0.223005345 -0.00985385147 0 0 0
volume_proxy 12 0.818416175 -0.962992795 0.000148080009 0 0 0
volume_proxy 14 -1.42512696 0.836466605 0.00197577954 0 0 0
volume_proxy 23 1.17593105 -0.779219906 -0.00970682038 0 0 0
volume_proxy 38 -0.700578688 -0.891814251 -0.00474376737 0 0 0
volume_proxy 40 -0.440273795 -0.423772093 0.00979702163 0 0 0
volume_proxy 50 -0.976492808 -0.196694356 -0.00558579476 0 0 0
volume_proxy 53 -1.38687287 0.459914751 -0.00545401053 0 0 0
volume_proxy 58 1.18791041 -0.743517664 -0.00924480107 0 0 0
volume_proxy 60 -0.615302799 0.974185764 -0.00893658506 0 0 0
volume_proxy 85 -1.03387873 0.717683543 0.00626025232 0 0 0
volume_proxy 97 0.540120336 0.722186599 0.00186496969 0 0 0
volume_proxy 107 0.114710701 0.102099863 -0.00904556137 0 0 0
volume_proxy 127 -1.20370039 -0.362815028 -0.0043425872 0 0 0
volume_proxy 130 0.511861446 -0.872958162 0.00676259956 0 0 0
volume_proxy 140 0.140437685 -0.118633277 0.00635442739 0 0 0
volume_proxy 157 0.570792769 -0.952993405 -0.00144969353 0 0 0
volume_proxy 159 1.15706484 0.351906781 0.00865952032 0 0 0
volume_proxy 161 -0.688525842 -0.439987655 0.00545645711 0 0 0
volume_proxy 176 0.725023121 0.0234220544 0.001693634 0 0 0
volume_proxy 186 -1.34496735 0.326882936 0.00391202757 0 0 0
volume_proxy 189 -0.284914093 0.0194640325 0.00146654639 0 0 0
volume_proxy 195 -1.29642047 -0.480416027 -0.00974056293 0 0 0
volume_proxy 196 -0.0724995804 0.129413598 0.00324875852 0 0 0
volume_proxy 200 -1.13155985 0.0409279006 -0.00957202808 0 0 0
volume_proxy 202 -0.395033602 0.155408568 0.0046798396 0 0 0
volume_proxy 209 -1.1556037 0.00129955993 -0.00510827915 0 0 0
volume_proxy 210 0.854483749 0.524817237 -0.00993807036 0 0 0
volume_proxy 226 1.26355057 -0.66119573 0.000954594288 0 0 0
volume_proxy 236 1.23161799 -0.306960813 0.00425548917 0 0 0
volume_proxy 247 0.407692281 -0.945724161 -0.00849422101 0 0 0
volume_proxy 256 -0.340033617 -0.275878854 -0.00898124849 0 0 0
volume_proxy 259 0.624352765 0.505747311 -0.0030387688 0 0 0
volume_proxy 269 -0.458055849 0.0208565661 0.00587117363 0 0 0
volume_proxy 277 -0.0660911078 -0.329457322 0.0102245264 0 0 0
volume_proxy 296 -0.650224444 0.679782613 -0.0042813041 0 0 0
volume_proxy 305 0.713116989 -0.92656479 0.0080976235 0 0 0
volume_proxy 310 1.37096083 0.931634539 -0.00461878568 0 0 0
volume_proxy 344 -1.17999275 -0.669954896 -0.00587254723 0 0 0
volume_proxy 347 -0.286730929 0.975873223 -0.00916807499 0 0 0
volume_proxy 356 -0.240821403 -0.198414359 0.0100648003 0 0 0
volume_proxy 375 1.42455245 -0.411085932 0.00875516602 0 0 0
volume_proxy 388 0.954813679 -0.858756818 -0.000156253852 0 0 0
volume_proxy 1052 -1.0403293 -0.358311998 -0.00488999717 0 0 0
volume_proxy 1066 -0.394152202 0.87292062 -0.00688960871 0 0 0
volume_proxy 1120 -0.520328037 0.848949044 -0.00393195756 0 0 0
volume_proxy 1166 -1.03656113 -0.947723694 0.000109289446 0 0 0
volume_proxy 1193 -1.17857948 -0.419637705 0.00536837199 0 0 0
volume_proxy 1225 -1.34503766 -0.670457906 -0.00857640255 0 0 0
volume_proxy 1245 -1.32434354 0.542682443 -0.00669923006 0 0 0
volume_proxy 1280 -1.13616571 0.58402473 -0.00643198473 0 0 0
volume_proxy 1285 -0.755206607 0.830402434 -0.0104294007 0 0 0
volume_proxy 1295 0.610124999 0.171855095 -0.00590185799 0 0 0
volume_proxy 1296 -0.134720716 -0.713567218 0.00713862546 0 0 0
volume_proxy 1340 1.40837332 -0.140455995 0.0011458138 0 0 0
volume_proxy 1380 -1.3483201 -0.306666217 0.00397923736 0 0 0
volume_proxy 1386 1.27476969 0.99696643 -0.00106472107 0 0 0
volume_proxy 1397 0.221953674 0.821200317 0.00541982239 0 0 0
volume_proxy 1409 0.269417987 0.231832495 0.00473285028 0 0 0
volume_proxy 1413 1.46172655 0.703860601 -0.00376853317 0 0 0
volume_proxy 1422 0.238840853 -0.855807396 -0.00452864442 0 0 0
volume_proxy 1433 0.8290868 0.485729252 -0.00217074848 0 0 0
volume_proxy 1437 0.00556962098 -0.846094086 0.000554838666 0 0 0
volume_proxy 1459 -0.533157942 -0.647209552 -0.00811900913 0 0 0
volume_proxy 1460 -0.180786377 0.754495361 -0.00776852468 0 0 0
volume_proxy 1461 -1.40277948 0.547112221 -0.0037305172 0 0 0
volume_proxy 1472 -0.722354168 0.306065868 0.0022470567 0 0 0
volume_proxy 1474 1.24676915 0.0567765585 0.00894530866 0 0 0
volume_proxy 1481 0.306609216 0.381362021 -0.00120110284 0 0 0
volume_proxy 1482 1.24503878 0.974833204 -0.00480145226 0 0 0
volume_proxy 1485 0.560244598 -0.577618727 -0.00940699289 0 0 0
volume_proxy 1489 0.365657373 -0.764315169 0.0100585757 0 0 0
volume_proxy 1490 0.472058233 0.727221193 -0.007916915 0 0 0
volume_proxy 1496 -1.23092862 0.754680001 -0.000609972805 0 0 0
volume_proxy 1498 -0.303949468 0.0218212364 -0.00477430758 0 0 0
volume_proxy 1503 -1.37585218 -0.869083616 -0.00468342135 0 0 0
volume_proxy 1506 0.38760234 0.879894977 0.00487614124 0 0 0
volume_proxy 1507 -0.898955556 -0.287725597 -0.00553527203 0 0 0
volume_proxy 1508 -0.241024511 0.129929118 0.00451972287 0 0 0
volume_proxy 1509 -1.44998279 -0.0356925288 -0.0085341195 0 0 0
volume_proxy 1510 -0.703054956 -0.897630755 0.00955519591 0 0 0
volume_proxy 1511 0.950543646 0.46929145 -0.00105173265 0 0 0
volume_proxy 1513 -1.24827938 0.480429584 -0.00122377892 0 0 0
volume_proxy 1515 0.339963859 -0.800161464 -0.000144377032 0 0 0
volume_proxy 1516 -0.258911431 -0.493994054 -0.00494476241 0 0 0
volume_proxy 1517 -1.43262861 -0.556433377 -0.00788568702 0 0 0
volume_proxy 1519 0.364307174 -0.735876119 0.000280204157 0 0 0
volume_proxy 1520 0.0403089274 -0.37909423 0.00340163562 0 0 0
volume_proxy 1521 -1.42477974 -0.88242072 0.00442735215 0 0 0
volume_proxy 1523 0.508506543 -0.101291112 -0.00370706736 0 0 0
volume_proxy 1525 -0.848868507 0.911798279 0.000263380504 0 0 0
volume_proxy 1526 1.22324926 -0.353501985 -0.00280984713 0 0 0
volume_proxy 1528 1.18882507 -0.834789343 0.00714022145 0 0 0
volume_proxy 1529 -0.902716143 0.00467365123 -0.00337720146 0 0 0
volume_proxy 1531 0.621570515 0.472538467 -0.00916939207 0 0 0
volume_proxy 1533 1.43059008 0.320455194 0.00183348058 0 0 0
volume_proxy 1534 -0.363133372 0.950559229 0.00873879566 0 0 0
volume_proxy 1535 0.896079779 0.566358204 -0.00868377429 0 0 0
volume_proxy 1536 -0.720749945 -0.638614219 -0.000673778344 0 0 0
volume_proxy 1537 -0.402366927 -0.767246019 0.00118613274 0 0 0
volume_proxy 1538 0.952360551 -0.379008952 0.00967481066 0 0 0
volume_proxy 1539 0.188576118 0.385377407 0.00414816682 0 0 0
