volume_proxy 0 1.17564367 -0.0116836727 -0.0038806645 0 0 0
volume_proxy 4 1.10554797 0.64719943 0.00361471778 0 0 0
volume_proxy 5 -0.116223735 0.595331628 0.00918426508 0 0 0
volume_proxy 6 1.10747637 0.791869386 0.00368157518 0 0 0
volume_proxy 11 -0.0935858531 0.750657735 0.0106770036 0 0 0
volume_proxy 12 0.511847229 -0.34389276 0.00743672862 0 0 0
volume_proxy 14 0.657175675 0.445317355 -0.00206393178 0 0 0
volume_proxy 23 -0.692598185 -0.237484084 -0.00516832479 0 0 0
volume_proxy 38 0.196520657 -0.165160005 0.00632894457 0 0 0
volume_proxy 40 -0.516737594 -0.783012539 -0.0107189324 0 0 0
volume_proxy 47 0.92077118 -0.326159328 0.00702356352 0 0 0
volume_proxy 50 -0.148117005 -0.665352356 -0.000245419112 0 0 0
volume_proxy 52 -1.44204383 -0.838330367 0.00250541979 0 0 0
volume_proxy 53 -0.441279795 -0.214401863 -0.00959935657 0 0 0
volume_proxy 57 -0.88511618 0.31793616 -0.00152923616 0 0 0
volume_proxy 58 0.919300098 -0.567613758 -0.00622974207 0 0 0
volume_proxy 60 -0.563829861 0.83033136 0.00590930656 0 0 0
volume_proxy 61 -1.13489698 -0.711003527 0.0100084291 0 0 0
volume_proxy 69 -0.520084166 -0.110996073 -0.00766809438 0 0 0
volume_proxy 72 0.697441449 -0.0511283796 -0.00151629109 0 0 0
volume_proxy 81 -0.976065509 0.214753496 0.000820103511 0 0 0
volume_proxy 85 -0.73490788 0.440062842 0.00529612696 0 0 0
volume_proxy 88 -0.689421503 0.0902834107 0.00159733103 0 0 0
volume_proxy 97 1.09716433 0.0112388508 -0.00676381401 0 0 0
volume_proxy 101 -1.38649951 0.672796742 -0.00566381198 0 0 0
volume_proxy 105 -0.407609441 -0.674120928 0.00839711966 0 0 0
volume_proxy 106 -0.494353918 -0.666630625 0.0018386739 0 0 0
volume_proxy 107 0.404762699 0.558395404 -0.005137405 0 0 0
volume_proxy 108 1.4271726 -0.681487528 1.25719132e-05 0 0 0
volume_proxy 126 -0.0224827718 -0.488544451 -0.00877979017 0 0 0
volume_proxy 127 -0.320525068 0.489495236 0.00247003095 0 0 0
volume_proxy 130 1.31686763 0.332258504 0.00589759329 0 0 0
volume_proxy 132 0.809375863 0.688221722 0.00530864728 0 0 0
volume_proxy 135 0.186028721 -0.695715143 0.00755005472 0 0 0
volume_proxy 140 -0.998008834 0.679763943 -0.00560109668 0 0 0
volume_proxy 145 -0.787116142 -0.638594838 -0.00921015855 0 0 0
volume_proxy 149 -1.33739622 0.871345581 -0.00522612855 0 0 0
volume_proxy 157 0.694651698 0.221336014 -0.00904596342 0 0 0
volume_proxy 159 -0.82325096 -0.965434127 0.00845927435 0 0 0
volume_proxy 161 -0.0150798805 0.630675811 0.00962582682 0 0 0
volume_proxy 163 -1.4836277 0.0485370593 0.00298560469 0 0 0
volume_proxy 169 0.757006072 0.384386832 0.000769545527 0 0 0
volume_proxy 176 0.548753201 -0.165277635 0.0082423207 0 0 0
volume_proxy 178 -0.841128092 0.375294428 -0.00749288047 0 0 0
volume_proxy 186 -0.652687435 0.354352715 0.00507011714 0 0 0
volume_proxy 189 -0.894050814 0.337900969 -0.00515774626 0 0 0
volume_proxy 195 -0.675625118 0.0468460555 -0.00586897351 0 0 0
volume_proxy 196 0.554923413 0.263041207 0.00528491789 0 0 0
volume_proxy 198 1.41660633 -0.82941192 0.00976518682 0 0 0
volume_proxy 200 -1.08935384 -0.264897128 0.00919308834 0 0 0
volume_proxy 202 -0.693271374 0.51634527 -0.00724129791 0 0 0
volume_proxy 209 -1.06460699 -0.653093475 -0.0027820604 0 0 0
volume_proxy 210 -0.106791721 0.029114248 -0.00748171235 0 0 0
volume_proxy 213 -0.313503418 0.108287302 -0.0107553766 0 0 0
volume_proxy 224 1.22034237 -0.845802383 0.00787861809 0 0 0
volume_proxy 226 -0.676727846 -0.801252579 -0.00856727971 0 0 0
volume_proxy 228 -0.0444874382 0.485259329 0.00591510678 0 0 0
volume_proxy 230 0.810122018 0.485173557 0.00463079781 0 0 0
volume_proxy 236 0.157971467 -0.0941705044 0.00321406282 0 0 0
volume_proxy 237 0.279965914 0.435980827 0.00353659505 0 0 0
volume_proxy 244 0.828628783 0.685396781 0.00815676453 0 0 0
volume_proxy 247 1.11032016 -0.578360225 -0.00881639954 0 0 0
volume_proxy 251 0.394898537 0.115639247 -0.00834277131 0 0 0
volume_proxy 256 0.534518782 -0.409685195 -0.0087317668 0 0 0
volume_proxy 257 -0.0481691462 0.733038006 0.000995870232 0 0 0
volume_proxy 258 0.620076318 -0.265319055 -0.00881109304 0 0 0
volume_proxy 259 0.465116716 0.418568187 0.00806067762 0 0 0
volume_proxy 269 0.958220273 0.151694965 0.0098307933 0 0 0
volume_proxy 271 -1.48886908 0.975607345 0.00993349352 0 0 0
volume_proxy 273 1.26582357 0.313800367 -0.00149470409 0 0 0
volume_proxy 276 0.205663204 0.170133208 -0.00758405252 0 0 0
volume_proxy 277 -0.594455209 -0.691729633 -0.00886111901 0 0 0
volume_proxy 279 -0.109474929 -0.400098851 -0.00322329764 0 0 0
volume_proxy 281 -1.03417591 0.979456422 -0.0051068811 0 0 0
volume_proxy 284 -0.735006186 0.772257856 0.00268545007 0 0 0
volume_proxy 285 -0.314260331 -0.848165681 0.00657094599 0 0 0
volume_proxy 294 0.206631154 0.55637727 -0.00623973065 0 0 0
volume_proxy 296 -0.04703661 -0.680221008 -0.00750060916 0 0 0
volume_proxy 298 0.949407974 -0.833052408 0.00770942792 0 0 0
volume_proxy 305 0.107785348 -0.0640232197 -0.00202936052 0 0 0
volume_proxy 309 0.982931691 0.110179552 -0.000468064798 0 0 0
volume_proxy 310 0.951125251 0.442496091 0.000409286773 0 0 0
volume_proxy 311 0.28504383 -0.840404698 0.00799550506 0 0 0
volume_proxy 314 -0.451109686 0.0335803945 -0.00517929799 0 0 0
volume_proxy 319 -0.315448367 -0.814344451 0.00480466071 0 0 0
volume_proxy 321 0.0397746169 -0.764743564 -0.00174521194 0 0 0
volume_proxy 329 -0.388152736 0.909808623 0.00519001304 0 0 0
volume_proxy 335 -1.26607302 -0.284866169 -0.00752883579 0 0 0
volume_proxy 337 -1.13517313 0.511070533 0.00837453954 0 0 0
volume_proxy 339 -0.62882952 -0.696146705 0.00821127352 0 0 0
volume_proxy 344 0.456555316 0.529028512 0.00140724682 0 0 0
volume_proxy 345 -0.871444279 0.0959352539 -0.00874883852 0 0 0
volume_proxy 347 -0.0312841596 -0.349486174 -0.00949167373 0 0 0
volume_proxy 349 0.503691707 -0.303403613 -0.00397972868 0 0 0
volume_proxy 356 0.601306995 0.886070186 0.00257326662 0 0 0
volume_proxy 358 1.25741609 0.539971948 0.01013837 0 0 0
volume_proxy 370 1.21890099 0.789068093 0.00294004888 0 0 0
volume_proxy 375 0.566407874 0.00849373904 0.00405111497 0 0 0
volume_proxy 377 0.48058144 0.286832811 0.000645953844 0 0 0
volume_proxy 388 -1.40987133 -0.183577815 -0.00903414499 0 0 0
volume_proxy 393 1.09478119 -0.17458697 0.00284426789 0 0 0
volume_proxy 396 -0.643690946 0.845348092 0.00789307316 0 0 0
volume_proxy 397 0.37980088 0.0341489291 0.00281351262 0 0 0
volume_proxy 399 0.813062062 -0.727454223 -0.005515429 0 0 0
volume_proxy 409 -0.477375878 -0.463712594 -0.00407073227 0 0 0
volume_proxy 412 1.14775418 -0.645311773 0.00730414385 0 0 0
volume_proxy 418 -0.87474139 -0.113797624 0.0015976872 0 0 0
volume_proxy 431 -0.910977172 -0.933537632 -0.00749894854 0 0 0
volume_proxy 463 -0.255380469 -0.867243576 -0.00425872759 0 0 0
volume_proxy 497 -1.3099529 -0.525948223 -0.00529287876 0 0 0
volume_proxy 502 0.982517424 -0.789957231 0.00272446428 0 0 0
volume_proxy 512 0.209562607 -0.724989973 -0.00719845311 0 0 0
volume_proxy 513 0.682899213 -0.279852386 -0.00379692564 0 0 0
volume_proxy 518 1.37820415 -0.54818008 -0.01022521 0 0 0
volume_proxy 572 0.387743313 -0.464996501 0.00201234535 0 0 0
volume_proxy 591 -0.389491634 0.572405044 0.00191992536 0 0 0
volume_proxy 594 -1.14352295 0.680981083 -0.00686875399 0 0 0
volume_proxy 615 1.10052857 0.132867433 0.00209161806 0 0 0
volume_proxy 616 0.818333628 0.49400355 -0.0058573901 0 0 0
volume_proxy 637 -1.41661364 -0.874938164 -0.00956395284 0 0 0
volume_proxy 647 -0.328682483 0.763903234 0.00092092838 0 0 0
volume_proxy 669 1.29959701 -0.497106722 0.00463112675 0 0 0
volume_proxy 682 -0.0093890598 0.28738637 -0.000539484625 0 0 0
volume_proxy 702 -0.0113497614 -0.20982351 -0.00443764517 0 0 0
volume_proxy 722 0.770251699 0.462687983 -0.00656489142 0 0 0
volume_proxy 725 -1.45531404 -0.676683562 -0.00438826027 0 0 0
volume_proxy 751 0.0246924888 -0.519220428 0.00412491414 0 0 0
volume_proxy 757 0.18507965 0.444080987 -0.00199808679 0 0 0
volume_proxy 797 -1.16796717 -0.262281037 -0.00502524234 0 0 0
volume_proxy 802 0.792673963 -0.0919493209 -0.00942113144 0 0 0
volume_proxy 812 1.2071898 0.406846121 0.00387737568 0 0 0
volume_proxy 814 1.07599616 -0.374543282 0.00136318299 0 0 0
volume_proxy 822 -0.2130858 -0.921661893 -0.00401062173 0 0 0
volume_proxy 835 -0.418449783 -0.997235398 0.00793551811 0 0 0
volume_proxy 848 -1.21016046 -0.237058848 -0.0102807004 0 0 0
volume_proxy 856 1.11879499 0.393765482 5.93141561e-05 0 0 0
volume_proxy 869 1.46578924 0.78474008 0.00699218429 0 0 0
volume_proxy 876 -0.115188737 -0.488123111 -0.00917878929 0 0 0
volume_proxy 883 0.288355074 0.800633967 -0.00431990028 0 0 0
volume_proxy 902 0.189231865 0.254219758 -0.00327234849 0 0 0
volume_proxy 903 0.345276213 0.662778634 0.00560489045 0 0 0
volume_proxy 904 -1.01904658 0.417904447 -0.00956411889 0 0 0
volume_proxy 914 0.242690684 -0.9663075 0.000460626236 0 0 0
volume_proxy 915 -0.552183121 -0.0166374961 -0.00430452196 0 0 0
volume_proxy 926 -0.233504653 0.613432977 -0.00588166218 0 0 0
volume_proxy 929 -0.642573779 -0.551595296 -0.00647150731 0 0 0
volume_proxy 944 0.577402908 -0.934903565 -0.0079929022 0 0 0
volume_proxy 966 -0.516852691 0.874002947 -0.0104333592 0 0 0
volume_proxy 969 -0.702217881 0.108733644 -0.000319664118 0 0 0
volume_proxy 974 0.0789584008 -0.461463783 -0.00037586269 0 0 0
volume_proxy 977 -1.08428314 -0.410805112 0.00489210799 0 0 0
volume_proxy 979 -0.159838713 0.715815042 0.0017626718 0 0 0
volume_proxy 983 1.20487772 -0.236666124 0.0074927415 0 0 0
volume_proxy 991 -0.749770414 -0.55596459 0.00382044302 0 0 0
volume_proxy 992 0.291593491 0.196841153 0.00100212078 0 0 0
volume_proxy 997 1.15186136 0.0514571592 0.00509790561 0 0 0
volume_proxy 1001 0.343347911 0.967510403 0.00451814901 0 0 0
volume_proxy 1012 0.966679086 -0.00761652903 0.00937016443 0 0 0
volume_proxy 1019 -0.846858453 -0.849363587 0.00802096003 0 0 0
volume_proxy 1020 -0.957082898 0.436201698 -0.0105010706 0 0 0
volume_proxy 1021 -0.975910478 -0.949304238 0.00204664662 0 0 0
volume_proxy 1028 -1.22048156 -0.823985334 0.00507003762 0 0 0
volume_proxy 1031 1.1979099 -0.480253844 0.000383928911 0 0 0
volume_proxy 1032 1.41648413 0.256796602 0.00375497097 0 0 0
volume_proxy 1033 1.03815444 0.696400054 -0.00440762022 0 0 0
volume_proxy 1035 0.607082048 -0.788336985 -0.00773550728 0 0 0
volume_proxy 1036 0.493743964 0.179954418 -0.00974009474 0 0 0
volume_proxy 1040 -1.11558307 -0.637232308 0.0107872232 0 0 0
volume_proxy 1042 0.896328517 0.59119859 -0.000463102177 0 0 0
volume_proxy 1050 -0.736281054 -0.628381951 0.00412548782 0 0 0
volume_proxy 1052 -0.789485274 0.0616611595 -0.00660334273 0 0 0
volume_proxy 1056 -1.02261583 0.901101991 0.00276243626 0 0 0
volume_proxy 1062 0.506233529 0.361197041 -0.00384082871 0 0 0
volume_proxy 1066 0.822066999 -0.0606244677 0.010150282 0 0 0
volume_proxy 1067 0.668652898 -0.491175292 0.00179452782 0 0 0
volume_proxy 1069 -1.15276239 -0.0259776421 -0.00216580314 0 0 0
volume_proxy 1070 -1.08561949 0.672568591 0.00478608065 0 0 0
volume_proxy 1075 -0.399925451 0.195520352 0.00979129241 0 0 0
volume_proxy 1078 -1.24068521 0.861254513 0.0102958758 0 0 0
volume_proxy 1085 0.165970809 -0.503025641 -0.00597638857 0 0 0
volume_proxy 1086 0.560687631 -0.593967433 0.0106804907 0 0 0
volume_proxy 1089 -0.804923896 0.813853725 -0.00482593312 0 0 0
volume_proxy 1091 0.574567662 0.196252496 -0.0038224363 0 0 0
volume_proxy 1093 -0.11492793 -0.508581089 -0.00170230802 0 0 0
volume_proxy 1096 0.239851845 0.522884406 -0.000814888255 0 0 0
volume_proxy 1098 0.316717416 0.54031682 0.00623649341 0 0 0
volume_proxy 1102 1.3336547 0.568345047 0.00448839035 0 0 0
volume_proxy 1106 0.732154122 -0.500086343 0.00710718796 0 0 0
volume_proxy 1110 1.1045043 -0.670115866 0.00241096751 0 0 0
volume_proxy 1113 1.14605041 0.363946006 0.00775472145 0 0 0
volume_proxy 1114 -0.910852006 0.102838766 -0.00541569083 0 0 0
volume_proxy 1117 0.950303502 0.0580237075 -0.00346973564 0 0 0
volume_proxy 1118 0.569974442 -0.480615037 -0.00949721647 0 0 0
volume_proxy 1119 -1.30357305 0.580673263 -0.00577399167 0 0 0
volume_proxy 1120 -0.0719063417 -0.00457857825 -0.00958737334 0 0 0
volume_proxy 1123 -1.30331797 0.894518789 -0.00606417517 0 0 0
volume_proxy 1127 0.551710316 0.347638578 -0.00739646758 0 0 0
volume_proxy 1130 -0.274831097 0.0569452676 0.00317460816 0 0 0
volume_proxy 1132 0.486071249 0.266234728 0.00684080858 0 0 0
volume_proxy 1133 1.17330494 -0.730250463 0.0094833728 0 0 0
volume_proxy 1134 0.624386135 0.980207258 0.00762741843 0 0 0
volume_proxy 1137 -0.940998784 -0.0650139047 -0.00572760808 0 0 0
volume_proxy 1138 1.49336163 -0.623222073 0.00271326573 0 0 0
volume_proxy 1143 -0.349896227 0.0937048591 -0.00392654324 0 0 0
volume_proxy 1145 -0.716485334 -0.813512296 0.00343068979 0 0 0
volume_proxy 1147 0.27514972 0.470281414 -0.00646036358 0 0 0
volume_proxy 1149 -0.709520356 0.453896625 0.00473126644 0 0 0
volume_proxy 1150 -0.41357859 -0.426870524 -0.00305283686 0 0 0
volume_proxy 1151 0.736342015 -0.820577394 0.000322486662 0 0 0
volume_proxy 1157 -0.252396976 -0.159422556 -0.0064978824 0 0 0
volume_proxy 1161 0.62849738 -0.907181325 0.00345221245 0 0 0
volume_proxy 1163 0.890878526 -0.0328564353 -0.00226262734 0 0 0
volume_proxy 1165 -0.211341035 -0.700288218 -0.0104462031 0 0 0
volume_proxy 1166 -1.49948909 0.484585891 0.00212840273 0 0 0
volume_proxy 1167 -1.32056375 0.191971598 0.00750692021 0 0 0
volume_proxy 1168 -0.122190562 -0.421575757 0.00821286256 0 0 0
volume_proxy 1169 1.4553595 -0.301863587 -0.0106238441 0 0 0
volume_proxy 1170 -1.35654591 -0.0835577299 0.0101887284 0 0 0
volume_proxy 1171 -0.620248152 0.484792034 0.0105518838 0 0 0
volume_proxy 1172 -0.466305944 0.272968851 -0.0102155914 0 0 0
volume_proxy 1174 0.136920015 0.284100705 -0.00132592208 0 0 0
volume_proxy 1175 -0.392812124 -0.683208749 0.00240425536 0 0 0
volume_proxy 1178 -0.6024665 0.774740765 -0.00470281697 0 0 0
volume_proxy 1179 0.490509395 0.529430818 -0.00792174799 0 0 0
volume_proxy 1180 -1.06382392 0.49636629 0.00683346726 0 0 0
volume_proxy 1182 0.590287808 0.768666574 -0.00768809877 0 0 0
volume_proxy 1183 0.61746694 -0.60751813 -0.00390934479 0 0 0
volume_proxy 1186 -0.471218877 -0.36950768 0.00433361035 0 0 0
volume_proxy 1191 1.47688319 0.707782829 -0.00408632806 0 0 0
volume_proxy 1193 -0.963152671 0.37253431 0.00641924968 0 0 0
volume_proxy 1194 -1.11914154 -0.437273782 0.00377900857 0 0 0
volume_proxy 1195 -1.47200307 -0.433668226 0.00799775238 0 0 0
volume_proxy 1196 -0.95927235 -0.549879942 0.00824553633 0 0 0
volume_proxy 1197 -1.1912082 -0.922227694 -0.00369807414 0 0 0
volume_proxy 1198 0.0738524877 0.0557857187 -0.00859072487 0 0 0
volume_proxy 1199 0.0527285111 0.151122332 -0.000843218206 0 0 0
volume_proxy 1201 -0.996606085 0.377294065 -0.00946225756 0 0 0
volume_proxy 1204 0.187006021 -0.38617874 -0.00824636064 0 0 0
volume_proxy 1206 1.14393589 0.595471532 0.00873521337 0 0 0
volume_proxy 1208 -0.166443329 -0.110970657 -0.0100454661 0 0 0
volume_proxy 1209 -1.34189144 0.383250367 -0.000714769991 0 0 0
volume_proxy 1210 -1.41202531 0.584717757 0.00742809877 0 0 0
volume_proxy 1213 -0.495308716 -0.129952058 -0.00234068976 0 0 0
volume_proxy 1214 -0.407778611 0.00609804734 0.0102081453 0 0 0
volume_proxy 1216 1.05178486 -0.00161147999 1.32731886e-05 0 0 0
volume_proxy 1217 -0.468474713 0.633781328 -0.00349540641 0 0 0
volume_proxy 1218 -0.139704547 -0.73535564 -0.00678114468 0 0 0
volume_proxy 1219 -0.907133164 0.104500304 0.00554952481 0 0 0
volume_proxy 1220 0.287286174 0.235157545 -0.00414419147 0 0 0
volume_proxy 1221 1.33612735 -0.0381232767 -0.000264776744 0 0 0
volume_proxy 1222 -0.0975181496 -0.637785733 0.00548148747 0 0 0
volume_proxy 1223 1.23862745 0.769472471 -0.00741492894 0 0 0
volume_proxy 1224 -0.46996822 0.72120833 0.0098849038 0 0 0
volume_proxy 1225 -0.275067855 0.0133369735 0.000599532273 0 0 0
volume_proxy 1226 -0.594318952 0.95527909 -0.00591953345 0 0 0
volume_proxy 1227 -0.692506277 0.803159414 0.00983909673 0 0 0
volume_proxy 1228 0.940105386 0.997627484 1.84929444e-06 0 0 0
volume_proxy 1229 1.18820128 0.696472944 0.00497515562 0 0 0
volume_proxy 1230 1.30409257 -0.776303083 0.00701734037 0 0 0
volume_proxy 1231 -0.685125491 -0.453750178 -0.00523141653 0 0 0
volume_proxy 1232 -1.44879962 -0.921781186 -0.00608097367 0 0 0
volume_proxy 1235 -1.49227903 0.548765221 -0.00857392041 0 0 0
volume_proxy 1236 -0.0480912802 0.146163198 0.000757686601 0 0 0
volume_proxy 1237 0.765351929 0.925932492 0.00112312996 0 0 0
volume_proxy 1238 0.684446614 0.708086122 0.00656125398 0 0 0
volume_proxy 1239 1.29027017 0.632811965 0.00867721338 0 0 0
volume_proxy 1240 1.37289584 0.750233334 0.00878670723 0 0 0
volume_proxy 1241 -0.426756573 -0.090256911 0.00257336494 0 0 0
volume_proxy 1242 -0.843591812 -0.940481168 0.000752678703 0 0 0
volume_proxy 1243 -1.22481185 -0.971927245 0.00487804439 0 0 0
volume_proxy 1245 -1.343711 0.502771142 0.00709996268 0 0 0
volume_proxy 1247 -1.17939819 0.55970307 -0.00390366007 0 0 0
volume_proxy 1248 0.885337022 0.247321707 0.00974803935 0 0 0
volume_proxy 1249 -0.229650857 -0.064485619 -0.00789637519 0 0 0
volume_proxy 1252 0.821507545 -0.918865897 0.00953218826 0 0 0
volume_proxy 1253 -1.11916886 0.426603136 0.0101453074 0 0 0
volume_proxy 1254 0.889783647 -0.701238222 -0.00130135342 0 0 0
volume_proxy 1255 0.920802125 -0.70971278 -0.00233863368 0 0 0
volume_proxy 1256 -0.613759098 -0.883008222 0.00617173743 0 0 0
volume_proxy 1257 0.278619406 -0.715711416 0.00885995449 0 0 0
volume_proxy 1258 1.34388616 0.591817529 4.28852278e-05 0 0 0
volume_proxy 1259 -0.997239677 0.995903827 -0.00516432826 0 0 0
volume_proxy 1260 0.683735284 0.50422767 -0.00412442872 0 0 0
volume_proxy 1261 -0.620718479 0.844000475 0.00447113554 0 0 0
