volume_proxy 0 1.21728016 0.126700614 0.000759228666 0 0 0
volume_proxy 4 1.31303355 0.912090359 -0.00229328751 0 0 0
volume_proxy 5 -0.0348641215 0.645815874 0.00650541855 0 0 0
volume_proxy 6 1.40476002 0.52019207 0.00737087628 0 0 0
volume_proxy 11 0.160711118 0.964633955 -0.0081699507 0 0 0
volume_proxy 12 0.727109563 -0.144751179 -0.0101404921 0 0 0
volume_proxy 14 0.568213916 0.647687511 -0.00927870342 0 0 0
volume_proxy 23 -0.555172893 -0.10880856 0.00557637295 0 0 0
volume_proxy 38 0.457811672 -0.439888888 0.00153757802 0 0 0
volume_proxy 40 -0.38168667 -0.336794957 -0.00242008742 0 0 0
volume_proxy 50 -0.290075038 -0.698297275 -0.00891054428 0 0 0
volume_proxy 52 -1.40858108 -0.69888292 -0.00717412434 0 0 0
volume_proxy 53 -0.319707073 -0.525583194 -0.00021823828 0 0 0
volume_proxy 58 0.923277871 -0.356583444 -0.01053141 0 0 0
volume_proxy 60 -0.435195157 0.623937259 0.00155815588 0 0 0
volume_proxy 61 -0.797007967 -0.852601331 -0.00189063032 0 0 0
volume_proxy 72 0.699999517 0.113643751 -0.00588060772 0 0 0
volume_proxy 81 -1.10231679 0.050957921 -0.00782377991 0 0 0
volume_proxy 85 -0.741695069 0.0046513498 -0.00875184204 0 0 0
volume_proxy 88 -0.9557896 0.37196303 -0.00718870454 0 0 0
volume_proxy 97 1.15922148 -0.261736993 -0.00866946224 0 0 0
volume_proxy 101 -1.45844329 0.626340273 -0.00810499051 0 0 0
volume_proxy 105 -0.246791434 -0.341356675 -0.00449802228 0 0 0
volume_proxy 106 -0.757545551 -0.859766314 -0.00154263999 0 0 0
volume_proxy 107 0.562392366 0.523493148 0.00172737873 0 0 0
volume_proxy 108 1.27354807 -0.0730714511 -0.00139147797 0 0 0
volume_proxy 126 -0.0840432253 -0.973929981 0.0100445085 0 0 0
volume_proxy 127 -0.553048212 0.194342184 -0.00976916397 0 0 0
volume_proxy 130 1.30797561 0.479109803 0.00451428655 0 0 0
volume_proxy 132 0.673068231 0.613103667 0.00545332876 0 0 0
volume_proxy 135 -0.0451741337 -0.894876547 -0.00587897195 0 0 0
volume_proxy 140 -0.614200655 0.918037802 0.00827319976 0 0 0
volume_proxy 145 -1.11520353 -0.496079508 -0.00586785174 0 0 0
volume_proxy 157 0.656281361 -0.0599972977 0.00499154678 0 0 0
volume_proxy 159 -0.669280939 -0.635442148 -0.00254464453 0 0 0
volume_proxy 161 -0.286355199 0.272926732 -0.0050042767 0 0 0
volume_proxy 163 -0.779132178 -0.00191190011 -0.00394016316 0 0 0
volume_proxy 169 0.915228023 0.749334065 -0.00125749877 0 0 0
volume_proxy 176 0.281734272 -0.0492651413 -0.000408035843 0 0 0
volume_proxy 178 -1.16955745 0.584986996 0.00494784708 0 0 0
volume_proxy 186 -0.472644067 0.267699574 0.00623925178 0 0 0
volume_proxy 189 -1.24265243 0.698906114 -0.00805652303 0 0 0
volume_proxy 195 -0.444347165 0.127471595 -0.00103165555 0 0 0
volume_proxy 196 0.591874895 0.275583433 0.00334377187 0 0 0
volume_proxy 198 1.29220955 -0.785611474 -0.0062009862 0 0 0
volume_proxy 200 -1.09091365 -0.263328447 -0.00285527568 0 0 0
volume_proxy 202 -0.522798788 0.861211169 -0.001168045 0 0 0
volume_proxy 209 -0.744020233 -0.808857318 -0.00840372077 0 0 0
volume_proxy 210 -0.0477500115 0.348279074 -0.00593493365 0 0 0
volume_proxy 224 1.15253849 -0.701781183 0.000978976596 0 0 0
volume_proxy 226 -0.804485677 -0.86687733 0.0105256373 0 0 0
volume_proxy 228 -0.271373237 0.500226075 -0.0038374136 0 0 0
volume_proxy 236 0.0953105266 0.101615149 -0.00667196991 0 0 0
volume_proxy 237 0.424873051 0.72198054 -0.00327195382 0 0 0
volume_proxy 244 0.920315116 0.161189779 0.0020027267 0 0 0
volume_proxy 247 1.29748 -0.398680409 -0.00406177917 0 0 0
volume_proxy 251 0.624870904 0.102765313 -0.00997359937 0 0 0
volume_proxy 256 -0.354115098 -0.803299844 0.00129347385 0 0 0
volume_proxy 257 -0.262551961 0.856736346 -0.00147811241 0 0 0
volume_proxy 258 0.543108987 -0.168219813 0.0087013181 0 0 0
volume_proxy 259 0.702124855 0.611102013 -0.00904393258 0 0 0
volume_proxy 269 1.0080828 0.124065787 0.0073706217 0 0 0
volume_proxy 271 -1.45028182 0.929869054 0.00209990988 0 0 0
volume_proxy 273 1.25674707 0.298711726 -0.00813670622 0 0 0
volume_proxy 276 0.769166382 -0.192548987 -0.00840203671 0 0 0
volume_proxy 277 -0.46577871 -0.807788283 0.00969719808 0 0 0
volume_proxy 279 0.0163530724 -0.224758189 -0.00707815874 0 0 0
volume_proxy 294 -0.128554682 0.490705988 0.0107399792 0 0 0
volume_proxy 296 0.0867495265 -0.529629602 0.00674092796 0 0 0
volume_proxy 298 1.03095212 -0.732766771 0.00376666242 0 0 0
volume_proxy 305 0.260568821 0.026310964 0.00823499611 0 0 0
volume_proxy 310 0.718714239 0.463506101 -0.00844486645 0 0 0
volume_proxy 311 0.871530422 -0.872653841 0.00125148876 0 0 0
volume_proxy 314 -0.442900492 0.386511421 0.00837967478 0 0 0
volume_proxy 321 0.266649856 -0.478240063 0.00585276557 0 0 0
volume_proxy 329 -0.607415775 0.657916702 -0.00568911375 0 0 0
volume_proxy 337 -1.4461329 0.745666787 0.0023149264 0 0 0
volume_proxy 344 0.610306593 0.700862376 0.00137620894 0 0 0
volume_proxy 345 -1.03613456 0.10507683 -0.000546622989 0 0 0
volume_proxy 347 -0.129430951 -0.566270564 0.00317463964 0 0 0
volume_proxy 349 0.500625854 -0.161352953 -0.00817644189 0 0 0
volume_proxy 356 0.062998256 0.843017538 0.00882079899 0 0 0
volume_proxy 358 1.32804549 0.819667068 0.00823651566 0 0 0
volume_proxy 370 1.10357724 0.604021654 -0.00190405967 0 0 0
volume_proxy 375 0.722688305 -0.0735061795 0.00502521227 0 0 0
volume_proxy 377 0.430039423 0.528960655 0.00999839557 0 0 0
volume_proxy 388 -1.10027458 -0.0963115162 0.00539503666 0 0 0
volume_proxy 393 1.36618647 -0.432045228 -0.0101569729 0 0 0
volume_proxy 397 0.460558717 -0.122861101 -0.00730136081 0 0 0
volume_proxy 399 0.759386817 -0.72169326 0.00449554387 0 0 0
volume_proxy 409 -0.218763412 -0.588126112 -0.006773501 0 0 0
volume_proxy 412 1.17042924 -0.71477955 0.000433843032 0 0 0
volume_proxy 418 -0.933392815 -0.126061541 -0.0104755991 0 0 0
volume_proxy 431 -1.06304688 -0.709469964 0.000711663273 0 0 0
volume_proxy 497 -1.08308845 -0.470859504 -0.00874942323 0 0 0
volume_proxy 502 0.80548556 -0.918659987 0.0081314039 0 0 0
volume_proxy 512 0.304080149 -0.826345038 -0.00764909919 0 0 0
volume_proxy 513 0.706787 -0.112445157 -0.00650235101 0 0 0
volume_proxy 518 1.32043881 -0.658645067 0.00327039169 0 0 0
volume_proxy 591 -0.551796982 0.9710035 -0.00678550315 0 0 0
volume_proxy 615 1.1670691 0.210415609 -0.00835091663 0 0 0
volume_proxy 616 0.940782123 0.646808854 0.00470319659 0 0 0
volume_proxy 637 -1.19606351 -0.658829084 -0.0043681718 0 0 0
volume_proxy 647 -0.314525135 0.998138859 0.00594044688 0 0 0
volume_proxy 669 0.864908072 -0.463370814 0.0073370961 0 0 0
volume_proxy 682 0.0846053392 0.176288284 0.00291681793 0 0 0
volume_proxy 725 -1.44979353 -0.838914191 -0.00678709936 0 0 0
volume_proxy 751 0.108388415 -0.616233377 0.00612565597 0 0 0
volume_proxy 797 -0.887891439 -0.488804784 0.00421328346 0 0 0
volume_proxy 802 0.942455787 -0.22452636 -0.00680842766 0 0 0
volume_proxy 814 0.922726762 -0.392580817 -0.000356149665 0 0 0
volume_proxy 835 -0.31600631 -0.758647626 -0.00978312607 0 0 0
volume_proxy 848 -1.17613793 -0.393478257 -0.00949989995 0 0 0
volume_proxy 856 1.23493321 0.145073526 0.00937207466 0 0 0
volume_proxy 876 -0.293693129 -0.341478876 0.000266563159 0 0 0
volume_proxy 883 0.251298368 0.640266072 0.00213823665 0 0 0
volume_proxy 902 0.185485629 0.0330205918 0.00160228345 0 0 0
volume_proxy 903 0.312011885 0.326387871 0.00988711506 0 0 0
volume_proxy 904 -0.857607107 0.529540933 -0.000210481996 0 0 0
volume_proxy 914 0.521977407 -0.905909438 -0.00902153476 0 0 0
volume_proxy 915 -0.888308201 0.0350234461 -0.00684443846 0 0 0
volume_proxy 926 -0.483037601 0.370188258 -0.0105401316 0 0 0
volume_proxy 929 -0.755231783 -0.541450297 0.00453043926 0 0 0
volume_proxy 944 0.782604413 -0.821903037 -0.00457676122 0 0 0
volume_proxy 969 -0.635598195 -0.0506203583 0.00926148057 0 0 0
volume_proxy 974 -0.245684464 -0.576819859 -0.000278703636 0 0 0
volume_proxy 979 0.0126112309 0.501412761 -0.00491567255 0 0 0
volume_proxy 983 1.15448029 -0.214045704 -0.00941524914 0 0 0
volume_proxy 991 -0.737732367 -0.475336515 -0.00766272883 0 0 0
volume_proxy 992 0.195758737 0.300233678 0.00355383546 0 0 0
volume_proxy 997 1.35874517 0.00715851919 0.0107244275 0 0 0
volume_proxy 1001 0.109287209 0.738514795 -0.00458290806 0 0 0
volume_proxy 1020 -1.01133101 0.484286634 -0.00290479819 0 0 0
volume_proxy 1021 -0.914987075 -0.941105836 -0.00650972788 0 0 0
volume_proxy 1031 1.20846731 -0.477215932 0.00874825883 0 0 0
volume_proxy 1035 0.708754139 -0.91000585 0.0104948375 0 0 0
volume_proxy 1036 0.503159402 0.501228194 -0.00739473751 0 0 0
volume_proxy 1040 -1.07910997 -0.633998193 -0.0101801614 0 0 0
volume_proxy 1042 0.950472758 0.995142542 -0.00101356354 0 0 0
volume_proxy 1050 -0.855265383 -0.375609222 -0.0106834951 0 0 0
volume_proxy 1052 -0.663921446 0.151111009 -0.008291957 0 0 0
volume_proxy 1062 0.232139411 0.306916272 -0.000239501861 0 0 0
volume_proxy 1066 0.735458811 0.395556924 0.00429187623 0 0 0
volume_proxy 1069 -0.881207315 -0.340181102 -0.000878479002 0 0 0
volume_proxy 1086 0.319884267 -0.281071057 0.00273083996 0 0 0
volume_proxy 1093 -0.143799347 -0.443909869 0.00846735067 0 0 0
volume_proxy 1098 0.122302531 0.908687501 0.00788856247 0 0 0
volume_proxy 1102 1.24122002 0.337463911 0.00109165936 0 0 0
volume_proxy 1106 0.606704661 -0.768322911 -0.0105695634 0 0 0
volume_proxy 1110 0.844325123 -0.605277447 -0.00640168386 0 0 0
volume_proxy 1113 1.29841065 0.687996522 -0.0031095951 0 0 0
volume_proxy 1114 -0.506409695 -0.0100083742 -0.00442851369 0 0 0
volume_proxy 1117 0.821985438 0.131749993 -0.00712299972 0 0 0
volume_proxy 1118 0.109586378 -0.627849482 0.0102429185 0 0 0
volume_proxy 1120 -0.065600868 0.377841042 0.0099984133 0 0 0
volume_proxy 1127 0.294561637 0.416545768 0.00883377874 0 0 0
volume_proxy 1133 1.26916522 -0.917100566 0.00749981381 0 0 0
volume_proxy 1134 0.372744328 0.466245071 0.00715645148 0 0 0
volume_proxy 1137 -0.734142151 0.033559833 -0.00239977244 0 0 0
volume_proxy 1138 1.36972437 -0.60397039 0.0085485472 0 0 0
volume_proxy 1143 -0.615908629 0.284838818 -0.00525415687 0 0 0
volume_proxy 1145 -0.891514786 -0.663851877 0.00585650971 0 0 0
volume_proxy 1147 0.00912720281 0.173127604 0.00657945722 0 0 0
volume_proxy 1151 0.505459983 -0.950186613 -0.0100779986 0 0 0
volume_proxy 1157 0.0804560723 0.434577261 0.0100001854 0 0 0
volume_proxy 1161 0.85211827 -0.804490355 -0.00143606131 0 0 0
volume_proxy 1165 -0.201782808 -0.969221228 0.00202223388 0 0 0
volume_proxy 1166 -1.48053793 0.322051181 0.00989505093 0 0 0
volume_proxy 1168 -0.0803354587 -0.813494053 0.00606584555 0 0 0
volume_proxy 1169 1.41185742 -0.530912664 -0.00939756311 0 0 0
volume_proxy 1170 -1.12292979 -0.280261446 -0.0084746295 0 0 0
volume_proxy 1171 -0.570232988 0.206523164 -0.00776688696 0 0 0
volume_proxy 1172 -0.330753602 0.278509234 0.000423336256 0 0 0
volume_proxy 1174 0.19282688 0.412813832 -0.00962671472 0 0 0
volume_proxy 1179 0.671582452 0.190437639 0.0015249108 0 0 0
volume_proxy 1180 -0.772446465 0.403222995 0.00846216639 0 0 0
volume_proxy 1182 0.194990363 0.847373868 0.0105820079 0 0 0
volume_proxy 1186 -0.434127654 -0.308926682 0.00276301112 0 0 0
volume_proxy 1191 1.28459287 0.896625418 -0.00738416394 0 0 0
volume_proxy 1193 -1.08226146 0.130576942 -0.00172428077 0 0 0
volume_proxy 1195 -1.49677407 -0.544199749 -0.00657763856 0 0 0
volume_proxy 1197 -1.04216742 -0.785968543 0.0102553621 0 0 0
volume_proxy 1198 0.0913476718 0.437047976 0.0101720524 0 0 0
volume_proxy 1199 0.0446965584 -0.225178977 -0.00359906372 0 0 0
volume_proxy 1204 0.190729447 -0.54654941 0.00797535423 0 0 0
volume_proxy 1206 1.04179787 0.429950031 -0.0100038847 0 0 0
volume_proxy 1208 -0.251185114 -0.107677838 0.000930597036 0 0 0
volume_proxy 1209 -1.32449281 0.22903795 -0.00532525203 0 0 0
volume_proxy 1210 -1.46042623 0.9147528 0.0107000029 0 0 0
volume_proxy 1214 -0.513603913 0.0466673331 -0.00682644279 0 0 0
volume_proxy 1217 -0.487514299 0.621351829 0.00020763292 0 0 0
volume_proxy 1219 -0.762844791 0.179588384 0.00207997087 0 0 0
volume_proxy 1220 0.576505325 0.122510729 0.00983760511 0 0 0
volume_proxy 1221 1.09403201 -0.206911125 0.00177590172 0 0 0
volume_proxy 1223 1.16648726 0.536445191 0.0105192699 0 0 0
volume_proxy 1224 -0.356163732 0.951709959 -0.00107839111 0 0 0
volume_proxy 1225 -0.334585799 -0.0867675426 0.00776334829 0 0 0
volume_proxy 1229 1.32357282 0.903057006 -0.00444998673 0 0 0
volume_proxy 1230 1.21758126 -0.714924431 0.0107072343 0 0 0
volume_proxy 1231 -0.92582418 -0.0500752482 -0.00128818665 0 0 0
volume_proxy 1236 -0.236628725 -0.0186762659 0.00140142867 0 0 0
volume_proxy 1237 0.637247252 0.989797056 3.77408622e-05 0 0 0
volume_proxy 1238 0.59823319 0.748114005 -0.00122559801 0 0 0
volume_proxy 1240 1.190425 0.666401838 -0.00544361984 0 0 0
volume_proxy 1243 -0.872770213 -0.898982745 0.00605904294 0 0 0
volume_proxy 1245 -1.42474005 0.513700044 -0.00491655917 0 0 0
volume_proxy 1247 -1.2163264 0.501064118 -0.00798774904 0 0 0
volume_proxy 1248 1.05756676 0.157369245 -0.00875158854 0 0 0
volume_proxy 1252 0.570104526 -0.750991126 0.00914769462 0 0 0
volume_proxy 1253 -0.776243689 0.0617291322 0.00176246716 0 0 0
volume_proxy 1254 0.651362287 -0.906042501 -0.00163716589 0 0 0
volume_proxy 1255 0.985274232 -0.646905637 0.000976152238 0 0 0
volume_proxy 1256 -0.695532672 -0.61823967 0.00474511757 0 0 0
volume_proxy 1257 0.260070007 -0.553550609 -0.00369035089 0 0 0
volume_proxy 1258 1.06349032 0.669614609 0.0103184604 0 0 0
volume_proxy 1259 -0.983444404 0.912028305 0.00914208738 0 0 0
volume_proxy 1260 0.661531466 0.647211462 -0.00306251994 0 0 0
volume_proxy 1261 -0.592892867 0.973871139 0.000301101079 0 0 0
volume_proxy 1262 0.744424512 0.181080412 0.00280744683 0 0 0
volume_proxy 1263 0.635979992 0.0674899889 -0.00667132922 0 0 0
volume_proxy 1264 0.0638925481 -0.347279849 0.00721252067 0 0 0
volume_proxy 1265 0.250458799 0.259796627 0.00174508732 0 0 0
volume_proxy 1267 -1.1022163 -0.420976159 -0.00356992492 0 0 0
volume_proxy 1269 0.1974391 -0.248456918 -0.0102525386 0 0 0
volume_proxy 1270 0.382235515 -0.416305761 0.00770613054 0 0 0
volume_proxy 1271 -1.26105518 -0.432700235 0.00386297743 0 0 0
volume_proxy 1272 0.399078211 0.127889868 0.00824957209 0 0 0
volume_proxy 1273 -0.699448742 0.998625417 0.0104229792 0 0 0
volume_proxy 1275 -1.36171473 0.735729548 0.00994044566 0 0 0
volume_proxy 1276 0.877552127 0.137547847 -0.00456059135 0 0 0
volume_proxy 1277 1.38032807 0.668402329 0.000825185462 0 0 0
volume_proxy 1278 1.13783402 0.0179856705 0.00896848763 0 0 0
volume_proxy 1279 -0.726940775 0.629986407 0.0105654307 0 0 0
volume_proxy 1280 -1.32545211 0.514980559 -0.00921577656 0 0 0
volume_proxy 1281 -0.422066754 -0.938749751 0.00639322341 0 0 0
volume_proxy 1284 -0.472427055 -0.945424887 -0.00772704718 0 0 0
volume_proxy 1285 -0.763350387 0.87833988 0.00865594627 0 0 0
volume_proxy 1289 0.731452582 -0.545817173 0.01033529 0 0 0
volume_proxy 1290 -1.36692515 -0.846288419 0.00823901402 0 0 0
volume_proxy 1291 -0.345882453 0.920932046 0.00847143262 0 0 0
volume_proxy 1292 -0.27599342 0.311039982 0.00851870393 0 0 0
volume_proxy 1293 -0.435900069 -0.857137238 0.00499896565 0 0 0
volume_proxy 1294 1.46066127 0.874526975 0.00274230179 0 0 0
volume_proxy 1295 -1.35425927 0.481359507 -0.00995921757 0 0 0
volume_proxy 1296 -0.212862065 -0.416521162 -0.00183817864 0 0 0
volume_proxy 1297 -0.474148789 -0.671401637 0.00504820112 0 0 0
volume_proxy 1298 -0.420947515 -0.739702266 -0.00925921023 0 0 0
volume_proxy 1299 -0.599703724 0.0547747566 0.00881424971 0 0 0
volume_proxy 1300 -1.22647057 0.909070422 -0.00259816946 0 0 0
volume_proxy 1301 -1.25245864 0.943359949 -0.00277978253 0 0 0
volume_proxy 1302 -0.264595727 -0.071256142 -0.00389464065 0 0 0
volume_proxy 1303 -0.64742108 0.806125641 -0.00812355099 0 0 0
volume_proxy 1304 0.938590432 0.93239005 -0.00468593212 0 0 0
volume_proxy 1305 0.886811635 0.890845168 0.00337349995 0 0 0
