volume_proxy 0 -0.639636247 -0.858404532 0.00634836374 0 0 0
volume_proxy 6 0.141851673 0.39498842 -0.00792169966 0 0 0
volume_proxy 11 1.15423314 0.879469406 -0.0104329774 0 0 0
volume_proxy 12 0.691753058 -0.786941906 0.00605206468 0 0 0
volume_proxy 14 -1.41663601 0.251779876 -0.00515555758 0 0 0
volume_proxy 23 0.446212217 -0.870974717 -0.00764516811 0 0 0
volume_proxy 38 -0.601996253 -0.882055485 0.00612092685 0 0 0
volume_proxy 40 -0.717735559 -0.0813489227 0.00562380831 0 0 0
volume_proxy 50 -0.769498453 -0.405693898 -0.0042469652 0 0 0
volume_proxy 53 -1.41300442 0.67572741 -0.0106084097 0 0 0
volume_proxy 58 1.2927363 -0.999406099 -0.00594588453 0 0 0
volume_proxy 60 -0.666437751 0.717197137 -0.000247080828 0 0 0
volume_proxy 85 -1.36586577 0.872327312 0.00542082166 0 0 0
volume_proxy 97 0.426096896 0.873394533 0.00030764265 0 0 0
volume_proxy 107 0.20836677 -0.225495468 0.00350194498 0 0 0
volume_proxy 127 -1.43136162 -0.51152657 0.00357768759 0 0 0
volume_proxy 130 0.832160342 -0.914334297 -0.00452771867 0 0 0
volume_proxy 140 0.182759276 0.0358877142 0.00950640868 0 0 0
volume_proxy 157 0.606568126 -0.184468355 -0.00345294861 0 0 0
volume_proxy 159 1.06645496 0.345154487 -3.79760491e-05 0 0 0
volume_proxy 161 -0.571793791 -0.179373018 0.0086182047 0 0 0
volume_proxy 176 1.01839603 -0.167295783 -0.0020085762 0 0 0
volume_proxy 186 -0.796841776 -0.318787985 0.0076453007 0 0 0
volume_proxy 189 -0.264620144 -0.0241087977 -0.00305744845 0 0 0
volume_proxy 195 -1.17993595 -0.083560679 -0.00344349337 0 0 0
volume_proxy 196 0.281644772 0.483054404 -0.00162865566 0 0 0
volume_proxy 200 -0.808600323 0.344577698 0.00841320621 0 0 0
volume_proxy 202 -0.282258171 0.338335962 -0.00703766826 0 0 0
volume_proxy 209 -1.13367473 -0.462101507 0.00313136271 0 0 0
volume_proxy 210 0.405518506 0.421535056 -0.00492787109 0 0 0
volume_proxy 226 0.838288873 -0.98870474 0.0068079817 0 0 0
volume_proxy 236 1.24323048 -0.708628216 -0.00566775262 0 0 0
volume_proxy 247 0.561848674 -0.669053602 -0.00175571214 0 0 0
volume_proxy 256 -0.406187629 0.618933431 -0.00834064983 0 0 0
volume_proxy 259 0.404524146 0.600723067 -0.00722204846 0 0 0
volume_proxy 269 -0.429709338 0.0729859032 0.00684738434 0 0 0
volume_proxy 277 -0.878935734 -0.62205581 0.00256263146 0 0 0
volume_proxy 296 -0.910564505 0.859333218 0.00928232254 0 0 0
volume_proxy 305 0.212971401 -0.655736166 0.00674745699 0 0 0
volume_proxy 310 0.759551727 0.653165937 -0.00437322848 0 0 0
volume_proxy 344 -1.28990026 -0.231700038 -0.00876937271 0 0 0
volume_proxy 347 -0.252404723 0.91603502 -0.00698584359 0 0 0
volume_proxy 356 0.0941463938 0.207676188 -0.00274946124 0 0 0
volume_proxy 375 1.32216595 -0.668426514 -0.00770258187 0 0 0
volume_proxy 388 1.09563414 -0.905021931 -0.00808621043 0 0 0
volume_proxy 802 0.361629723 0.592990708 0.00455013839 0 0 0
volume_proxy 1052 -0.939252617 -0.454207509 -0.0080591703 0 0 0
volume_proxy 1066 0.00777907482 0.821525881 -0.00343228052 0 0 0
volume_proxy 1120 -0.621234945 0.590467405 -0.00385852465 0 0 0
volume_proxy 1166 -1.29046335 -0.95697861 0.000789477857 0 0 0
volume_proxy 1193 -1.43603694 -0.432605402 0.00892697098 0 0 0
volume_proxy 1225 -1.26875368 -0.877139201 -0.00803178108 0 0 0
volume_proxy 1245 -1.32837625 0.120583913 -0.00703897284 0 0 0
volume_proxy 1280 -0.972129352 0.710126091 0.000793953611 0 0 0
volume_proxy 1285 -1.22158614 0.665326015 0.0090743008 0 0 0
volume_proxy 1295 0.801189201 0.144615823 0.00482658785 0 0 0
volume_proxy 1296 -0.124435708 -0.864325212 -0.000270385989 0 0 0
volume_proxy 1340 1.18337839 -0.372361658 -0.00263135557 0 0 0
volume_proxy 1380 -1.32883959 -0.473810348 5.38204108e-05 0 0 0
volume_proxy 1386 1.39049538 0.638549011 -0.00393355317 0 0 0
volume_proxy 1397 0.0650633741 0.488631864 0.00745565524 0 0 0
volume_proxy 1409 0.083540938 0.333169711 -0.00503615823 0 0 0
volume_proxy 1413 1.02680161 0.915417802 0.00968594113 0 0 0
volume_proxy 1422 0.472080633 -0.83671816 -0.00970735847 0 0 0
volume_proxy 1433 0.876115377 0.474715077 0.00429383469 0 0 0
volume_proxy 1437 -0.230307958 -0.78315092 0.00534200299 0 0 0
volume_proxy 1459 -0.868465927 -0.342803515 0.00341598502 0 0 0
volume_proxy 1460 0.0955295403 0.706360737 -0.00999989724 0 0 0
volume_proxy 1461 -1.48959556 0.727457698 0.00981980716 0 0 0
volume_proxy 1466 0.114084631 0.548396213 0.00377457645 0 0 0
volume_proxy 1472 -1.36072944 0.918934065 0.00409713077 0 0 0
volume_proxy 1474 1.39405495 0.0648510241 -0.00100387443 0 0 0
volume_proxy 1481 0.214042442 0.573953699 0.00330237565 0 0 0
volume_proxy 1482 1.48564266 0.928920533 8.52227886e-05 0 0 0
volume_proxy 1485 0.477427436 -0.333011434 -1.22297786e-05 0 0 0
volume_proxy 1489 0.355255283 -0.856476943 -4.50076507e-05 0 0 0
volume_proxy 1490 0.630756114 0.989801066 0.00351148213 0 0 0
volume_proxy 1496 -1.14946532 0.874830127 0.00737539665 0 0 0
volume_proxy 1498 -0.278518063 0.303678853 0.00489999168 0 0 0
volume_proxy 1503 -1.23691588 -0.496934719 0.00201742118 0 0 0
volume_proxy 1506 0.418162687 0.981587309 0.00218444591 0 0 0
volume_proxy 1507 -1.18318328 -0.332498064 0.00117387321 0 0 0
volume_proxy 1508 -0.35485183 -0.065007264 0.00806312003 0 0 0
volume_proxy 1509 -1.47429573 0.177806629 -0.000220196903 0 0 0
volume_proxy 1510 0.0732951098 -0.909390524 -0.00170673957 0 0 0
volume_proxy 1511 1.02896946 0.462900522 -0.00281124491 0 0 0
volume_proxy 1513 -1.45623888 0.38784724 0.00681289615 0 0 0
volume_proxy 1515 0.772777512 -0.641501091 0.00144155122 0 0 0
volume_proxy 1516 -0.414688346 -0.639981682 -0.00373196661 0 0 0
volume_proxy 1517 -1.39821426 -0.381290131 -0.00238510676 0 0 0
volume_proxy 1519 -0.000677220097 -0.786545915 0.000536603971 0 0 0
volume_proxy 1520 -0.0120040157 -0.450773454 0.0103156044 0 0 0
volume_proxy 1521 -1.3220355 -0.862693049 -0.00806344699 0 0 0
volume_proxy 1523 0.677581306 -0.401767414 0.000433765048 0 0 0
volume_proxy 1525 -0.958479567 0.876093976 -0.00482983712 0 0 0
volume_proxy 1526 0.896070769 -0.514178457 0.00778447048 0 0 0
volume_proxy 1528 0.883687437 -0.795482616 0.00889536707 0 0 0
volume_proxy 1529 -1.41681033 -0.118868889 -0.00584842253 0 0 0
volume_proxy 1531 0.250538885 0.568595725 -0.00950103598 0 0 0
volume_proxy 1533 1.18081381 0.174278548 0.00198437691 0 0 0
volume_proxy 1534 -0.132455973 0.913248027 0.00328505005 0 0 0
volume_proxy 1535 0.791423657 0.540076564 -0.00943550439 0 0 0
volume_proxy 1536 -0.340762267 -0.49856889 0.00284571384 0 0 0
volume_proxy 1537 -0.550973685 -0.761992036 -0.00175019817 0 0 0
volume_proxy 1538 1.20944172 -0.360929184 -0.00916782458 0 0 0
