volume_proxy 0 1.15366042 -0.155697709 -0.00308261392 0 0 0
volume_proxy 5 0.460036532 0.667675559 0.00137823076 0 0 0
volume_proxy 6 1.4997392 -0.174557047 -0.00394092498 0 0 0
volume_proxy 11 0.268398352 0.715968147 -0.00144204678 0 0 0
volume_proxy 12 0.901962435 -0.120467749 0.00291162323 0 0 0
volume_proxy 14 0.614551557 0.604718162 -0.00617945639 0 0 0
volume_proxy 23 -0.721352193 -0.140791257 -0.00197749858 0 0 0
volume_proxy 38 0.077813262 -0.396838786 0.00183483038 0 0 0
volume_proxy 40 0.014023001 -0.229341722 -0.00667475468 0 0 0
volume_proxy 50 -0.285538125 -0.672353108 0.00209768844 0 0 0
volume_proxy 53 -0.154884591 -0.66088528 -0.0106430979 0 0 0
volume_proxy 58 1.14842553 -0.446504237 -0.0104895946 0 0 0
volume_proxy 60 -0.347053351 0.416597231 -0.00105704318 0 0 0
volume_proxy 61 -0.285047887 -0.709681776 -0.00889560741 0 0 0
volume_proxy 72 0.656234735 0.0174786325 -0.00126503516 0 0 0
volume_proxy 81 -1.05120748 0.0510796679 -0.00437172204 0 0 0
volume_proxy 85 -0.45262519 0.280472968 0.00611874674 0 0 0
volume_proxy 88 -0.80969695 -0.119203813 0.00148827303 0 0 0
volume_proxy 97 1.12486963 -0.168858196 0.00748025174 0 0 0
volume_proxy 101 -1.39147313 0.655345838 0.00875735769 0 0 0
volume_proxy 105 -0.113559975 -0.873336286 -0.000957324488 0 0 0
volume_proxy 106 -0.705359131 -0.926113032 -0.00186543792 0 0 0
volume_proxy 107 0.674395719 0.435220896 -0.00392524918 0 0 0
volume_proxy 108 1.38335961 0.331454657 0.00514642119 0 0 0
volume_proxy 126 -0.210674551 -0.950501825 0.000324753349 0 0 0
volume_proxy 127 -0.618106131 0.176144928 -0.00899414404 0 0 0
volume_proxy 130 1.08733038 0.790321745 0.00434889629 0 0 0
volume_proxy 132 0.709156089 0.77665792 -0.00234230615 0 0 0
volume_proxy 140 -0.83568229 0.964555443 -0.00353635167 0 0 0
volume_proxy 145 -0.965697339 -0.648940403 0.00763087913 0 0 0
volume_proxy 157 0.481042633 0.186050756 -0.00446843049 0 0 0
volume_proxy 159 -0.798796383 -0.675030599 0.00862617787 0 0 0
volume_proxy 161 -0.613327289 0.356630207 0.000368067236 0 0 0
volume_proxy 176 0.0543428985 -0.59275249 0.00589980256 0 0 0
volume_proxy 178 -1.40272701 0.60790844 -0.00699327316 0 0 0
volume_proxy 186 0.136711645 0.736461516 0.00295177067 0 0 0
volume_proxy 189 -1.36829055 0.535143416 -0.00422638478 0 0 0
volume_proxy 195 -0.56586698 0.300744798 -0.00614855772 0 0 0
volume_proxy 196 0.610211606 0.27143576 0.0064295841 0 0 0
volume_proxy 200 -0.474347179 -0.461461543 0.00511373015 0 0 0
volume_proxy 202 -0.862030135 0.971060495 0.00985565843 0 0 0
volume_proxy 209 -0.998217732 -0.474402947 -0.000582100562 0 0 0
volume_proxy 210 -0.011543124 0.655852584 0.00159392121 0 0 0
volume_proxy 224 0.528581481 -0.671156648 -0.00285837853 0 0 0
volume_proxy 226 -0.69898154 -0.808889925 0.000548975653 0 0 0
volume_proxy 236 0.328587562 0.0985426308 0.00900690064 0 0 0
volume_proxy 237 0.292797445 0.303422072 -0.00786751957 0 0 0
volume_proxy 244 1.06892596 0.444870046 0.0052858999 0 0 0
volume_proxy 247 1.35019471 -0.463329433 -0.00390669852 0 0 0
volume_proxy 256 0.0845102041 -0.571198024 -0.00689296978 0 0 0
volume_proxy 258 0.835006337 0.227438701 -0.00836384253 0 0 0
volume_proxy 259 0.554826699 0.36254039 -0.00890163977 0 0 0
volume_proxy 269 0.186697545 -0.341267448 -0.00420573002 0 0 0
volume_proxy 276 0.555487234 -0.399684524 0.00175693803 0 0 0
volume_proxy 277 -0.440385983 -0.478859102 0.00275986269 0 0 0
volume_proxy 279 0.549014866 0.393097205 0.00438753016 0 0 0
volume_proxy 294 0.493217976 0.516442149 -0.0084289855 0 0 0
volume_proxy 296 0.561442446 -0.246344926 0.00666372342 0 0 0
volume_proxy 298 0.588889213 -0.381271801 0.000551238331 0 0 0
volume_proxy 305 -0.0975684654 -0.104944817 -0.00320290031 0 0 0
volume_proxy 310 1.22118839 0.646001848 0.00148816183 0 0 0
volume_proxy 311 1.17301 -0.123840949 -0.00279395442 0 0 0
volume_proxy 314 -0.18281114 0.258880107 0.00877650115 0 0 0
volume_proxy 329 -0.748836342 0.584862573 0.0105256157 0 0 0
volume_proxy 337 -1.03402904 0.491249048 0.000310591175 0 0 0
volume_proxy 344 0.43383943 0.592222489 0.00531861966 0 0 0
volume_proxy 345 -1.21836208 0.630754311 0.0100274195 0 0 0
volume_proxy 347 -0.50180842 -0.996513948 -0.0104200562 0 0 0
volume_proxy 349 0.356071806 -0.0480264658 0.0105402062 0 0 0
volume_proxy 356 0.262582113 0.583538455 0.00897731517 0 0 0
volume_proxy 358 1.21282426 0.958794539 -0.00143702858 0 0 0
volume_proxy 375 1.22639975 -0.163884833 -0.00295948452 0 0 0
volume_proxy 388 -1.48074351 0.0993563035 -0.00259532949 0 0 0
volume_proxy 399 0.725714524 -0.487750356 0.00476739181 0 0 0
volume_proxy 409 0.113184883 -0.683645994 0.00308451992 0 0 0
volume_proxy 412 1.06748567 -0.786106344 -0.00706225979 0 0 0
volume_proxy 431 -1.22546926 -0.932520492 0.00655637493 0 0 0
volume_proxy 512 0.243117134 -0.907480916 0.0023301365 0 0 0
volume_proxy 518 1.45146544 -0.0574654563 0.00261265319 0 0 0
volume_proxy 591 -0.121372131 0.408359078 -0.00386933808 0 0 0
volume_proxy 682 0.157057051 -0.411212518 0.0020604225 0 0 0
volume_proxy 725 -1.40748236 -0.391247723 0.0074724365 0 0 0
volume_proxy 751 -0.173036333 -0.690920704 -0.0076407785 0 0 0
volume_proxy 802 1.2092182 -0.214373521 -0.00349098004 0 0 0
volume_proxy 814 0.753167913 -0.418895601 -0.00779672731 0 0 0
volume_proxy 876 -0.467587041 -0.370932007 -0.00390515006 0 0 0
volume_proxy 883 0.503294776 0.47867257 0.00515872259 0 0 0
volume_proxy 902 -0.0158713885 0.305235164 -0.00803056628 0 0 0
volume_proxy 904 -0.848705378 0.726318339 -0.00534876685 0 0 0
volume_proxy 914 0.522595439 -0.622680603 0.00257569733 0 0 0
volume_proxy 915 -0.685640293 -0.285104196 0.0024796624 0 0 0
volume_proxy 929 -0.95001228 -0.755010845 -0.0100834854 0 0 0
volume_proxy 944 0.358131256 -0.463705297 -0.00895849837 0 0 0
volume_proxy 991 -1.20016164 -0.713636584 -0.00733443065 0 0 0
volume_proxy 1001 -0.24480845 0.929388088 0.00771302001 0 0 0
volume_proxy 1020 -0.918711296 0.197227581 0.00698755317 0 0 0
volume_proxy 1021 -0.979859022 -0.727219201 0.00518942123 0 0 0
volume_proxy 1042 0.99463125 0.691565883 -0.00600897694 0 0 0
volume_proxy 1050 -1.24735554 -0.462697077 0.0022942485 0 0 0
volume_proxy 1052 -0.455059583 0.100166406 -0.00916892823 0 0 0
volume_proxy 1062 0.38841818 0.660706156 -0.00641482695 0 0 0
volume_proxy 1066 0.709701848 0.572771476 -0.00820957159 0 0 0
volume_proxy 1093 -0.0415645159 -0.761521258 -0.00305680643 0 0 0
volume_proxy 1098 0.149130108 0.924371684 -0.00932546527 0 0 0
volume_proxy 1102 1.20215522 0.828153564 -0.00180973338 0 0 0
volume_proxy 1113 0.917400103 0.59026977 0.00549653751 0 0 0
volume_proxy 1117 0.764590357 0.341813008 0.00212785283 0 0 0
volume_proxy 1118 -0.450506758 -0.407633359 0.00544868298 0 0 0
volume_proxy 1120 -0.163555497 0.655780241 0.00748149565 0 0 0
volume_proxy 1133 0.719415022 -0.974643852 0.00753769564 0 0 0
volume_proxy 1137 -0.605458302 0.298684915 -0.00346746918 0 0 0
volume_proxy 1138 1.44940751 -0.861549196 -0.0107128287 0 0 0
volume_proxy 1147 0.802861832 0.34999604 -0.00899775573 0 0 0
volume_proxy 1151 0.674743831 -0.974935923 0.00587397553 0 0 0
volume_proxy 1166 -1.04909912 0.5522075 -0.00835854603 0 0 0
volume_proxy 1169 1.44360704 -0.980762846 0.00921066999 0 0 0
volume_proxy 1172 -0.183679936 0.430332975 -0.000932420865 0 0 0
volume_proxy 1179 0.584190242 0.233000427 0.0014337935 0 0 0
volume_proxy 1180 -0.461234819 0.360534645 0.0049905155 0 0 0
volume_proxy 1186 -0.592404628 -0.187535296 0.00606851847 0 0 0
volume_proxy 1193 -1.04012993 0.0423418372 0.00171135561 0 0 0
volume_proxy 1195 -1.37883943 -0.340041905 -0.00321507278 0 0 0
volume_proxy 1197 -0.6776772 -0.588335533 -0.00925466062 0 0 0
volume_proxy 1198 -0.214036565 0.486306628 0.0038780836 0 0 0
volume_proxy 1206 0.588075119 0.196714027 0.00768866929 0 0 0
volume_proxy 1208 -0.39399096 0.041268478 -0.00207711217 0 0 0
volume_proxy 1209 -1.48319618 0.235736506 -0.00933662106 0 0 0
volume_proxy 1210 -1.37072428 0.962603501 -0.00105860064 0 0 0
volume_proxy 1214 -0.565029475 0.676577478 0.00847170535 0 0 0
volume_proxy 1217 -0.640840465 0.535788494 -0.000313034311 0 0 0
volume_proxy 1219 -0.730477433 0.609995812 -0.00243165244 0 0 0
volume_proxy 1220 0.594744653 0.405757477 -0.00172858664 0 0 0
volume_proxy 1223 1.45619097 0.393342466 -0.00784999456 0 0 0
volume_proxy 1225 -0.10341239 -0.214422197 0.00868109031 0 0 0
volume_proxy 1230 1.16102555 -0.577729636 -0.00808730622 0 0 0
volume_proxy 1231 -0.810027269 0.164823851 0.00434776945 0 0 0
volume_proxy 1237 0.379524992 0.809789165 -0.00287014211 0 0 0
volume_proxy 1238 0.881253841 0.798357062 0.00850844011 0 0 0
volume_proxy 1245 -1.35502982 0.976450981 -0.0035031139 0 0 0
volume_proxy 1252 0.463603963 -0.632771366 0.00932812516 0 0 0
volume_proxy 1255 1.42812329 -0.419793298 -0.00878584087 0 0 0
volume_proxy 1259 -1.10647038 0.988952497 0.00961957099 0 0 0
volume_proxy 1260 0.336281516 0.543557063 0.00499689596 0 0 0
volume_proxy 1261 -0.480348138 0.756382248 0.0104001783 0 0 0
volume_proxy 1262 1.1717835 0.388388046 -0.00303103859 0 0 0
volume_proxy 1263 0.591422828 -0.423383641 0.000539296975 0 0 0
volume_proxy 1264 0.270367743 -0.40411682 -0.00534507824 0 0 0
volume_proxy 1270 0.477236747 -0.1951919 -0.000388078752 0 0 0
volume_proxy 1273 -0.681913342 0.920032321 -0.00999742162 0 0 0
volume_proxy 1276 1.06439896 0.633144779 0.00713286195 0 0 0
volume_proxy 1280 -1.17659132 0.2942085 -0.00990727424 0 0 0
volume_proxy 1281 -0.497628743 -0.886626832 -0.00233214789 0 0 0
volume_proxy 1285 -1.05403108 0.898222523 -0.00853138526 0 0 0
volume_proxy 1289 0.437334408 -0.477553046 -0.00578668993 0 0 0
volume_proxy 1291 -0.19685229 0.866380569 -0.00811890532 0 0 0
volume_proxy 1292 -0.0566712127 0.234216986 0.00103114456 0 0 0
volume_proxy 1293 -0.342783359 -0.760046239 -0.00421660503 0 0 0
volume_proxy 1294 1.30638451 0.623637373 0.00451280706 0 0 0
volume_proxy 1295 -1.28775978 0.235047645 -0.0027243505 0 0 0
volume_proxy 1296 -0.131579239 -0.19645955 0.00558889406 0 0 0
volume_proxy 1297 -0.273824978 -0.80779998 0.00746233799 0 0 0
volume_proxy 1298 -1.14051045 -0.795261372 0.0071500848 0 0 0
volume_proxy 1300 -1.22206281 0.563748394 -0.00923555995 0 0 0
volume_proxy 1301 -1.18522229 0.65898382 -0.00826933558 0 0 0
volume_proxy 1303 -0.802094308 0.697908048 0.00354408755 0 0 0
volume_proxy 1308 -0.590712712 -0.157186859 0.00798570021 0 0 0
volume_proxy 1309 -0.0417990509 -0.442056062 0.0091000851 0 0 0
volume_proxy 1312 0.81917091 -0.564292759 0.010364268 0 0 0
volume_proxy 1314 0.179529185 0.24600379 -0.00329943196 0 0 0
volume_proxy 1315 -0.876686779 -0.710531601 -0.00388789009 0 0 0
volume_proxy 1318 0.747227949 -0.639521337 0.00575242436 0 0 0
volume_proxy 1320 -0.411321922 -0.919694319 0.00624308415 0 0 0
volume_proxy 1321 -1.38186443 0.0263123656 0.00259601982 0 0 0
volume_proxy 1322 0.790180722 -0.605083496 0.00306321754 0 0 0
volume_proxy 1325 0.0884304909 -0.341092301 -0.00963183525 0 0 0
volume_proxy 1326 -0.0799159101 0.0447945483 -0.0068385327 0 0 0
volume_proxy 1328 -1.11274155 0.571174331 4.67030891e-05 0 0 0
volume_proxy 1329 0.997146384 0.638992916 -0.00954010609 0 0 0
volume_proxy 1330 0.114128661 0.306117247 -0.00823680594 0 0 0
volume_proxy 1331 0.351447726 0.666191838 -0.00355811832 0 0 0
volume_proxy 1332 1.09836049 0.493149345 0.00310818084 0 0 0
volume_proxy 1333 1.21178798 0.547607355 -0.00484916904 0 0 0
volume_proxy 1334 -1.3227283 -0.450999654 -0.00477736634 0 0 0
volume_proxy 1335 0.441000576 0.089451964 -0.000244299954 0 0 0
volume_proxy 1336 0.799565588 0.034729345 0.00473164327 0 0 0
volume_proxy 1337 -0.472746332 0.856157228 0.00761076838 0 0 0
volume_proxy 1340 0.444445978 0.39779084 -0.00727310804 0 0 0
volume_proxy 1341 -1.06385856 -0.56179489 0.00911600458 0 0 0
volume_proxy 1345 0.722748312 -0.744788893 0.0040763339 0 0 0
volume_proxy 1347 -0.197751461 0.581072262 -0.00100771375 0 0 0
volume_proxy 1348 0.735471286 -0.33538606 -0.0101214341 0 0 0
volume_proxy 1349 -1.27676057 -0.174878139 2.86400085e-05 0 0 0
volume_proxy 1350 0.558813198 -0.321776648 0.0104237508 0 0 0
volume_proxy 1351 0.905283706 0.433451491 -0.00402172185 0 0 0
volume_proxy 1353 1.28462139 0.118273237 -0.00219921803 0 0 0
volume_proxy 1354 -0.341690493 -0.0902060663 0.00831912516 0 0 0
volume_proxy 1355 -0.281101797 -0.0296208408 -0.00439004022 0 0 0
volume_proxy 1356 0.290137971 0.447391638 -0.00785701121 0 0 0
volume_proxy 1357 -1.45841575 0.232634744 0.00470721949 0 0 0
volume_proxy 1358 -1.04131554 -0.40750987 -0.00417697317 0 0 0
volume_proxy 1359 -0.597207184 0.0829424344 -0.0085664529 0 0 0
volume_proxy 1360 -1.4192802 -0.698442422 -0.00796959777 0 0 0
volume_proxy 1361 0.839312791 0.934276039 0.00536169526 0 0 0
volume_proxy 1362 0.0459223724 0.988382459 0.00995546355 0 0 0
volume_proxy 1363 0.0941170626 0.97236718 0.00843160345 0 0 0
volume_proxy 1364 -1.1296222 -0.551605464 -0.00718224204 0 0 0
volume_proxy 1366 1.01697476 0.863306346 -0.0060559601 0 0 0
volume_proxy 1367 -0.505369518 -0.903117206 0.0101428726 0 0 0
volume_proxy 1368 1.2592808 -0.877779534 -0.00547011563 0 0 0
volume_proxy 1369 1.27947944 0.892856094 0.00107948132 0 0 0
volume_proxy 1370 1.42829407 0.316393828 -0.00479766454 0 0 0
volume_proxy 1371 1.42547536 0.318655283 0.00890046204 0 0 0
