volume_proxy 0 1.36939267 -0.032411502 -0.00218730066 0 0 0
volume_proxy 5 0.468236708 -0.111058728 0.00168132884 0 0 0
volume_proxy 6 0.5398957 -0.366591079 0.00766479609 0 0 0
volume_proxy 11 0.940174073 0.393337451 -0.0087593112 0 0 0
volume_proxy 12 1.24419008 -0.512984256 0.00604921423 0 0 0
volume_proxy 14 -0.151856075 -0.293606759 -0.00206857233 0 0 0
volume_proxy 23 -0.0918253029 0.150909384 0.00672082032 0 0 0
volume_proxy 38 0.752529221 -0.0396446555 -0.00536262643 0 0 0
volume_proxy 40 0.449448849 -0.968791915 8.91820722e-05 0 0 0
volume_proxy 50 -0.189275108 -0.293691505 9.32062251e-05 0 0 0
volume_proxy 53 -0.229918388 0.266740873 0.00381932473 0 0 0
volume_proxy 58 1.32540854 -0.438921976 0.00726721568 0 0 0
volume_proxy 60 0.284575438 0.451330873 -0.00986416975 0 0 0
volume_proxy 61 0.0517279329 -0.690269222 0.00466975232 0 0 0
volume_proxy 72 0.247663066 -0.000723839038 0.000599028183 0 0 0
volume_proxy 85 -0.906858076 -0.0846455124 -0.00819822286 0 0 0
volume_proxy 88 -0.758662295 -0.451827628 0.00320659687 0 0 0
volume_proxy 97 1.39591943 -0.231408985 0.00283376885 0 0 0
volume_proxy 101 -1.19570584 0.824796645 0.00156555299 0 0 0
volume_proxy 105 0.217690117 -0.412417684 -0.00510530733 0 0 0
volume_proxy 107 1.33063424 0.465524183 -0.00388288744 0 0 0
volume_proxy 108 1.09363686 0.653167061 0.00756129874 0 0 0
volume_proxy 127 -0.803005159 0.482202248 0.00886782075 0 0 0
volume_proxy 130 1.4011864 0.470149618 0.000141722887 0 0 0
volume_proxy 140 -0.589909463 0.0847583165 0.0075018317 0 0 0
volume_proxy 157 0.736429226 -0.286202559 -0.00570784517 0 0 0
volume_proxy 159 0.03309678 -0.143953389 -0.00389801566 0 0 0
volume_proxy 161 0.0576019888 -0.0438889804 3.10351841e-05 0 0 0
volume_proxy 176 0.481347891 -0.811472706 0.00824756011 0 0 0
volume_proxy 178 -1.0617662 0.777286723 -0.000109383931 0 0 0
volume_proxy 186 0.253656673 0.263989231 -0.00917929478 0 0 0
volume_proxy 189 -1.31777096 0.401516632 -0.00526576989 0 0 0
volume_proxy 195 0.115140605 -0.262741156 0.00260101928 0 0 0
volume_proxy 196 0.18124646 0.231764113 -0.00806335172 0 0 0
volume_proxy 200 -0.421571676 -0.586641513 0.00728849068 0 0 0
volume_proxy 202 -1.32338434 0.550525249 -0.00442654522 0 0 0
volume_proxy 209 -1.00575349 0.0665693747 0.00168952395 0 0 0
volume_proxy 210 -0.522782673 0.380420623 0.00969498013 0 0 0
volume_proxy 226 -0.594316991 0.00685222738 -0.00395303732 0 0 0
volume_proxy 236 0.305001657 0.444708636 0.00340720736 0 0 0
volume_proxy 244 0.887149188 0.368923797 0.00238626759 0 0 0
volume_proxy 247 0.933540862 0.296097156 -0.00531545671 0 0 0
volume_proxy 256 -0.475560241 0.310064621 -0.00157621477 0 0 0
volume_proxy 259 0.0634865898 -0.277228057 -0.00876698853 0 0 0
volume_proxy 269 -0.188679694 -0.522444827 -0.00912996006 0 0 0
volume_proxy 276 1.18517321 -0.700503354 0.000239938581 0 0 0
volume_proxy 277 -0.72360565 -0.122335758 0.00771637432 0 0 0
volume_proxy 294 0.0334786114 0.159316348 0.000465173947 0 0 0
volume_proxy 296 -0.102013248 -0.318789292 -0.00371066827 0 0 0
volume_proxy 298 1.4658101 -0.464035455 0.00788661942 0 0 0
volume_proxy 305 0.423049324 0.198072424 -0.00199553366 0 0 0
volume_proxy 310 1.22047554 0.334047649 -0.00377037248 0 0 0
volume_proxy 311 1.03343311 -0.508578419 0.000704612567 0 0 0
volume_proxy 329 -0.74434702 -0.013555508 -0.00404216061 0 0 0
volume_proxy 337 -0.776517564 0.36177327 0.010241254 0 0 0
volume_proxy 344 -0.314013503 0.222544305 0.00910360098 0 0 0
volume_proxy 347 -0.465936277 -0.836106687 0.00377938323 0 0 0
volume_proxy 349 0.106297152 -0.327024045 0.00678003128 0 0 0
volume_proxy 356 0.508032707 0.177178369 0.000286052307 0 0 0
volume_proxy 375 1.18499844 -0.257743118 -0.00102577187 0 0 0
volume_proxy 388 -0.79473962 0.685106963 -0.00437222004 0 0 0
volume_proxy 399 0.449400735 -0.8430848 -0.00735163448 0 0 0
volume_proxy 409 0.554456058 -0.930542657 -0.00976857265 0 0 0
volume_proxy 431 -1.46440089 -0.966911149 -0.00294494694 0 0 0
volume_proxy 512 0.369077018 -0.921081513 0.00793979347 0 0 0
volume_proxy 518 0.806222888 0.863384075 -0.00237388056 0 0 0
volume_proxy 682 -0.109630982 -0.941742135 0.00820591966 0 0 0
volume_proxy 802 1.17266519 -0.744768692 -0.00805892816 0 0 0
volume_proxy 876 0.232309396 -0.704826847 0.0052777545 0 0 0
volume_proxy 904 -0.322763817 0.470707553 0.000773521564 0 0 0
volume_proxy 914 0.24524005 -0.852166853 0.00539179233 0 0 0
volume_proxy 929 -0.822559436 -0.896130149 -0.00138263185 0 0 0
volume_proxy 944 0.646388589 -0.761353987 -0.00416158946 0 0 0
volume_proxy 991 -1.06986649 -0.757138335 -0.0039437785 0 0 0
volume_proxy 1020 -1.3937257 0.799484574 -0.00106605604 0 0 0
volume_proxy 1021 -0.298577536 -0.854534059 0.00726032429 0 0 0
volume_proxy 1052 0.309291134 -0.250956115 -0.00599453074 0 0 0
volume_proxy 1066 0.903152151 0.415996959 -0.0105543416 0 0 0
volume_proxy 1093 0.103716212 -0.115990911 -7.01612218e-05 0 0 0
volume_proxy 1118 0.193207936 -0.528244555 -0.0086915058 0 0 0
volume_proxy 1120 -0.334389634 0.770777274 -0.00763543191 0 0 0
volume_proxy 1133 1.24024563 -0.974681788 0.0103005105 0 0 0
volume_proxy 1138 1.33633817 -0.632866095 0.00912686286 0 0 0
volume_proxy 1151 0.357278595 -0.795653661 0.0089347762 0 0 0
volume_proxy 1166 -0.730240222 0.424735652 -0.00168151125 0 0 0
volume_proxy 1169 1.40433323 -0.71871299 0.00279178113 0 0 0
volume_proxy 1172 -0.275663509 0.753569574 0.0075397066 0 0 0
volume_proxy 1180 -1.49394063 -0.156862967 0.00823300424 0 0 0
volume_proxy 1186 -0.499114011 -0.8254045 0.00506151428 0 0 0
volume_proxy 1193 -0.668283827 -0.390934928 -0.000816762218 0 0 0
volume_proxy 1197 -0.256413429 -0.323834157 -0.00802025525 0 0 0
volume_proxy 1209 -1.3885608 0.6755823 0.00649395575 0 0 0
volume_proxy 1210 -0.929153102 0.726627692 0.0100775394 0 0 0
volume_proxy 1217 -0.554944475 0.490663746 -0.00409834846 0 0 0
volume_proxy 1219 -0.769158673 0.73151752 0.00730006594 0 0 0
volume_proxy 1225 0.0410572449 -0.366095924 -0.000472635249 0 0 0
volume_proxy 1230 0.922689659 -0.231158718 -0.000218326069 0 0 0
volume_proxy 1237 0.0136541173 0.960109622 -0.00216834264 0 0 0
volume_proxy 1238 0.58588603 0.720812647 0.00707998278 0 0 0
volume_proxy 1245 -1.38932475 0.863887168 -0.000676377247 0 0 0
volume_proxy 1255 1.36810282 -0.489889604 0.00512654825 0 0 0
volume_proxy 1259 -1.01480648 0.820093865 0.00931414468 0 0 0
volume_proxy 1264 0.48497568 -0.612556936 0.0031129004 0 0 0
volume_proxy 1270 0.108384603 -0.0362919852 -0.00852453638 0 0 0
volume_proxy 1280 -1.31423204 0.492114985 0.00621270576 0 0 0
volume_proxy 1285 -1.37863899 0.712550983 0.00313899272 0 0 0
volume_proxy 1292 0.254806882 0.177782738 -0.00642855888 0 0 0
volume_proxy 1293 0.213797609 -0.892768666 0.000529329113 0 0 0
volume_proxy 1295 -1.40441588 0.81566748 0.00949162984 0 0 0
volume_proxy 1296 -0.0200155937 -0.109204557 0.00904783621 0 0 0
volume_proxy 1297 -0.17752983 -0.712104113 0.010249375 0 0 0
volume_proxy 1298 -1.00454774 -0.848604056 -0.00673333232 0 0 0
volume_proxy 1301 -0.523741172 0.566134213 0.00263888637 0 0 0
volume_proxy 1303 -1.00806204 0.918677361 -0.00523020292 0 0 0
volume_proxy 1308 -0.53182816 0.708467655 0.00782078883 0 0 0
volume_proxy 1315 -1.22362939 -0.794449329 -0.00396797622 0 0 0
volume_proxy 1318 0.784037476 -0.377556447 -0.00304788907 0 0 0
volume_proxy 1325 -1.14297063 -0.48726543 0.00960942889 0 0 0
volume_proxy 1326 -0.0336281113 -0.305475772 0.00660875833 0 0 0
volume_proxy 1334 -1.00006731 -0.503361061 0.00349712076 0 0 0
volume_proxy 1335 0.425404298 -0.406444725 -0.00814554999 0 0 0
volume_proxy 1340 0.448781144 0.596662302 -0.00591315515 0 0 0
volume_proxy 1345 0.135789578 -0.710334625 -0.00466796861 0 0 0
volume_proxy 1347 -0.307793723 0.66482236 -0.00152461332 0 0 0
volume_proxy 1348 1.44599582 -0.788909737 -0.00394949139 0 0 0
volume_proxy 1354 -0.430644639 -0.0643422149 -0.0031132905 0 0 0
volume_proxy 1357 -1.21224154 0.297405841 0.00736493624 0 0 0
volume_proxy 1358 -0.243416995 0.0236237831 -0.000144429401 0 0 0
volume_proxy 1361 1.4881903 0.81404624 -0.0102090858 0 0 0
volume_proxy 1366 1.20991439 0.88468754 0.00253197928 0 0 0
volume_proxy 1367 -1.0318135 -0.649635535 -0.0091659148 0 0 0
volume_proxy 1369 0.580953181 0.81383477 -0.00252053658 0 0 0
volume_proxy 1378 0.573975467 -0.560983292 -0.00897968406 0 0 0
volume_proxy 1379 0.459417784 0.305416915 -0.00304848212 0 0 0
volume_proxy 1380 -0.549760895 0.521136397 0.00416500505 0 0 0
volume_proxy 1381 0.899089446 0.450424394 0.0102793493 0 0 0
volume_proxy 1382 -0.183600018 -0.184148438 0.00645688728 0 0 0
volume_proxy 1383 -1.14264862 0.261712321 0.00974128916 0 0 0
volume_proxy 1384 0.300591671 0.22708674 -0.00276343181 0 0 0
volume_proxy 1385 0.855218056 0.824548209 0.0104174484 0 0 0
volume_proxy 1386 0.985348972 0.704285255 -0.00710065463 0 0 0
volume_proxy 1388 0.445804519 0.374142006 -0.00126965961 0 0 0
volume_proxy 1389 -0.0401135972 0.527535852 -0.0022314108 0 0 0
volume_proxy 1390 -1.49702772 0.645529538 -0.00278869029 0 0 0
volume_proxy 1392 -0.210923617 -0.978852893 0.00229269973 0 0 0
volume_proxy 1395 1.17012301 0.200208862 0.00650971417 0 0 0
volume_proxy 1397 -0.151705129 0.639692302 -0.0101415061 0 0 0
volume_proxy 1398 -0.981165207 0.65801672 0.000672137777 0 0 0
volume_proxy 1403 0.608051272 0.180675632 -0.00313272874 0 0 0
volume_proxy 1405 0.682200854 0.572844299 -0.00579098281 0 0 0
volume_proxy 1406 0.0398689339 -0.799349867 -0.00563627542 0 0 0
volume_proxy 1408 0.292703175 0.72943495 -0.00547903972 0 0 0
volume_proxy 1409 1.0954177 0.494888756 3.37035775e-05 0 0 0
volume_proxy 1411 0.781721802 0.699537724 -0.00768033588 0 0 0
volume_proxy 1413 0.887983205 0.551465641 0.00884648488 0 0 0
volume_proxy 1414 1.14423616 0.637635992 0.00121063968 0 0 0
volume_proxy 1415 1.49943691 -0.0805252439 0.00832047019 0 0 0
volume_proxy 1418 -1.44211898 0.0409417534 0.0107267599 0 0 0
volume_proxy 1419 -1.24600685 -0.977565443 -0.00887265459 0 0 0
volume_proxy 1420 -1.43122304 -0.429439506 0.00803959965 0 0 0
volume_proxy 1421 -1.16932418 0.0426790543 -0.00175051855 0 0 0
volume_proxy 1422 0.727434196 -0.962117561 0.00322686684 0 0 0
volume_proxy 1423 -0.42028565 0.31101228 0.000915358812 0 0 0
volume_proxy 1425 -0.632041048 -0.727555842 -0.00702440882 0 0 0
volume_proxy 1426 0.458492119 -0.0521014729 0.00232446293 0 0 0
volume_proxy 1427 -0.401063505 -0.00665061808 -0.000666067302 0 0 0
volume_proxy 1428 0.0315607072 0.64410058 0.00549159321 0 0 0
volume_proxy 1429 1.12415929 -0.0395958966 0.00106825105 0 0 0
volume_proxy 1430 -0.676746467 -0.944332341 0.0016200369 0 0 0
volume_proxy 1433 0.91067568 0.478612138 0.00586801002 0 0 0
