volume_proxy 0 0.755372688 0.3781283 0.00119612169 0 0 0
volume_proxy 5 1.19248078 -0.919084145 -0.00900046168 0 0 0
volume_proxy 6 -0.438778767 0.0682656452 0.0104308587 0 0 0
volume_proxy 11 0.59428706 0.665874934 0.0057429986 0 0 0
volume_proxy 12 0.413557376 -0.875307794 0.0102699708 0 0 0
volume_proxy 14 -0.94981359 0.580983362 -0.00930526275 0 0 0
volume_proxy 23 1.19104696 -0.933438336 0.00962024685 0 0 0
volume_proxy 38 0.908564602 -0.217319918 -0.00745620837 0 0 0
volume_proxy 40 -0.308258765 -0.21489272 0.00564176976 0 0 0
volume_proxy 50 -1.05165025 -0.256495502 -0.00499507018 0 0 0
volume_proxy 53 -0.230523642 0.82346868 0.00606891903 0 0 0
volume_proxy 58 0.672161555 -0.927482205 -0.0020701615 0 0 0
volume_proxy 60 0.601188279 0.589229544 0.00894624443 0 0 0
volume_proxy 72 -0.250849959 -0.570670581 0.00311655344 0 0 0
volume_proxy 85 -0.718381273 -0.180625492 0.004594702 0 0 0
volume_proxy 97 0.846041244 0.576312271 -0.00859783671 0 0 0
volume_proxy 107 1.2822812 0.892910465 0.00614625455 0 0 0
volume_proxy 127 -1.1959374 -0.18274597 -0.000297052885 0 0 0
volume_proxy 130 0.957652155 0.112269897 0.007442113 0 0 0
volume_proxy 140 0.159313222 0.685096536 -0.0075291351 0 0 0
volume_proxy 157 1.19508482 -0.30769426 0.00419446765 0 0 0
volume_proxy 159 0.629818147 0.589317649 0.00436379366 0 0 0
volume_proxy 161 0.743856341 0.503070953 -0.0103369341 0 0 0
volume_proxy 176 0.724494288 0.0377277934 0.00673951472 0 0 0
volume_proxy 186 -1.0368548 0.169296645 0.000434537644 0 0 0
volume_proxy 189 -0.576159954 0.884056877 0.0100050141 0 0 0
volume_proxy 195 -0.229948599 -0.228699021 0.00941338402 0 0 0
volume_proxy 196 0.612474116 -0.591461181 0.00685050324 0 0 0
volume_proxy 200 -0.352420369 -0.510138339 0.00999771908 0 0 0
volume_proxy 202 -0.382305931 0.392185346 0.00383642936 0 0 0
volume_proxy 209 -1.48091056 0.540609569 0.00928444955 0 0 0
volume_proxy 210 -0.996351039 0.614748119 -0.0076384589 0 0 0
volume_proxy 226 0.24705602 -0.779423396 0.00743068275 0 0 0
volume_proxy 236 0.95765705 0.970391567 -0.000978912137 0 0 0
volume_proxy 247 1.33915557 0.985527424 0.00285608697 0 0 0
volume_proxy 256 -0.239616223 0.886445168 -0.00399792298 0 0 0
volume_proxy 259 0.228140106 0.402171171 0.005851032 0 0 0
volume_proxy 269 -0.141395927 -0.742930066 -0.0039618617 0 0 0
volume_proxy 277 -1.4348992 0.202818587 -0.00431749609 0 0 0
volume_proxy 296 -0.311253409 -0.599971117 -0.00940157142 0 0 0
volume_proxy 305 0.196634168 -0.143907892 0.00188566442 0 0 0
volume_proxy 310 0.915945088 -0.88885542 0.00560608783 0 0 0
volume_proxy 344 -1.0150642 0.723721863 -0.0055461151 0 0 0
volume_proxy 347 -0.40140807 -0.310190321 -0.00805084147 0 0 0
volume_proxy 356 0.323048024 0.997456061 -0.001710734 0 0 0
volume_proxy 375 0.683553228 -0.851468623 -0.00418003992 0 0 0
volume_proxy 388 -0.0640163247 0.564610513 0.00647116689 0 0 0
volume_proxy 802 1.36141248 -0.142381301 0.00865839368 0 0 0
volume_proxy 1052 -0.599629516 -0.633757361 -0.000397854669 0 0 0
volume_proxy 1066 0.288832861 0.458437845 0.00980118496 0 0 0
volume_proxy 1120 -0.701965846 0.433405313 -0.00135270515 0 0 0
volume_proxy 1166 -0.471571401 0.822750699 0.00263558208 0 0 0
volume_proxy 1169 0.726537036 -0.973260024 0.00954032086 0 0 0
volume_proxy 1193 -1.3739661 -0.642735535 0.0105036869 0 0 0
volume_proxy 1225 -0.289487357 -0.414794578 -0.00497873907 0 0 0
volume_proxy 1245 -1.24912906 0.693885634 -0.00900635377 0 0 0
volume_proxy 1280 -1.25808331 0.194733317 -0.00154052464 0 0 0
volume_proxy 1285 -1.04309029 0.426019166 0.00694958484 0 0 0
volume_proxy 1295 -0.70771438 0.61561506 -0.00446161117 0 0 0
volume_proxy 1296 0.261074407 0.156671352 0.00375612861 0 0 0
volume_proxy 1335 0.802932162 -0.669902767 0.00761060125 0 0 0
volume_proxy 1340 1.21339383 0.049525914 -0.0105452482 0 0 0
volume_proxy 1380 0.0770725054 0.317944613 -0.00374774153 0 0 0
volume_proxy 1386 0.27341678 0.558500654 0.00748767741 0 0 0
volume_proxy 1397 0.879945135 -0.00380142188 -0.00558268064 0 0 0
volume_proxy 1409 0.728724127 0.773183249 0.00128875697 0 0 0
volume_proxy 1413 1.42089676 0.572363751 0.00790413009 0 0 0
volume_proxy 1420 -1.39994062 -0.0372432375 0.00466975389 0 0 0
volume_proxy 1422 1.39163586 -0.809215229 -0.000237009631 0 0 0
volume_proxy 1426 1.11247667 -0.121476112 -0.00466419777 0 0 0
volume_proxy 1429 1.178106 -0.449257259 0.00872660038 0 0 0
volume_proxy 1433 1.35399439 0.672395861 0.00373761797 0 0 0
volume_proxy 1434 -0.251057258 -0.911451208 0.00407124929 0 0 0
volume_proxy 1437 -0.164444416 -0.183316088 -0.00370259813 0 0 0
volume_proxy 1439 -0.314776189 0.83096921 -0.0036226272 0 0 0
volume_proxy 1440 1.04214112 -0.318379329 0.000942536968 0 0 0
volume_proxy 1445 -0.157349227 -0.923079474 0.00181456991 0 0 0
volume_proxy 1447 0.885840332 -0.518133183 0.00120798786 0 0 0
volume_proxy 1459 -0.851188616 -0.0213317347 -0.000328668105 0 0 0
volume_proxy 1460 1.35666475 0.865730609 -0.00505726428 0 0 0
volume_proxy 1461 -1.09923936 0.6793168 0.00738602909 0 0 0
volume_proxy 1466 -1.25412714 0.0872734235 0.000829434625 0 0 0
volume_proxy 1470 -1.43712228 -0.567818019 -0.00261463389 0 0 0
volume_proxy 1471 0.0665781766 0.805079092 0.0010733629 0 0 0
volume_proxy 1472 -1.1834873 0.415599838 -0.00395609441 0 0 0
volume_proxy 1474 0.949119112 -0.743360973 0.00933691692 0 0 0
volume_proxy 1481 1.05904046 0.763867573 -0.0076893496 0 0 0
volume_proxy 1482 0.573694229 -0.44312022 0.00452000716 0 0 0
volume_proxy 1485 0.192131404 -0.654636203 0.00618373579 0 0 0
volume_proxy 1486 1.15044008 -0.421055396 -2.91724924e-05 0 0 0
volume_proxy 1489 -0.342129227 0.12811249 -0.00452196863 0 0 0
volume_proxy 1490 1.31833914 0.814802554 0.00689554466 0 0 0
volume_proxy 1492 0.551807925 0.73754764 0.00272913528 0 0 0
volume_proxy 1493 0.387263128 0.0799608199 -0.00872424232 0 0 0
volume_proxy 1494 1.02148862 0.632561506 0.00105774702 0 0 0
volume_proxy 1496 -1.00480917 0.259995636 -0.00775714213 0 0 0
volume_proxy 1498 -1.19904234 0.235647411 0.00767600553 0 0 0
volume_proxy 1501 -0.986457075 -0.904244205 -0.00839179913 0 0 0
volume_proxy 1503 -0.0675447704 0.132593075 -0.00946205407 0 0 0
volume_proxy 1505 -0.271940292 0.870320714 0.0107028755 0 0 0
volume_proxy 1506 0.529143383 0.955456349 0.0106067215 0 0 0
volume_proxy 1507 -1.2287378 -0.418885522 -0.000816502066 0 0 0
volume_proxy 1508 -0.581999375 -0.934195769 0.00982435479 0 0 0
volume_proxy 1509 -1.38753914 0.641708468 -0.00307377534 0 0 0
volume_proxy 1510 0.469648322 -0.265816999 -0.0103351012 0 0 0
volume_proxy 1511 1.1230566 0.733463671 0.00610227614 0 0 0
volume_proxy 1512 -1.10809174 0.639048862 -5.30954347e-05 0 0 0
volume_proxy 1513 -0.57710702 0.649824395 -0.0088924348 0 0 0
volume_proxy 1514 -1.45840125 0.274718958 -0.00944125952 0 0 0
volume_proxy 1515 0.323623171 0.411894274 -0.00648105767 0 0 0
volume_proxy 1516 -0.850358581 -0.589323716 -0.00241058005 0 0 0
volume_proxy 1517 -1.00213021 -0.601926763 0.00908524906 0 0 0
volume_proxy 1518 -1.11267627 -0.15479192 0.00800005912 0 0 0
volume_proxy 1519 0.126467048 -0.281126347 -0.006364377 0 0 0
