volume_proxy 0 0.0191276053 0.422283786 0.00260987654 0 0 0
volume_proxy 5 0.829746749 -0.614586533 0.00242687346 0 0 0
volume_proxy 6 -0.00667744424 -0.248630765 -0.00162509158 0 0 0
volume_proxy 11 1.37692563 0.54216209 -0.00647554537 0 0 0
volume_proxy 12 0.636352716 -0.386986223 0.00983378108 0 0 0
volume_proxy 14 -0.709068675 0.885828424 -0.00942923996 0 0 0
volume_proxy 23 1.33071286 -0.97257421 -0.00750046418 0 0 0
volume_proxy 38 0.0627229534 -0.463461126 0.00946791377 0 0 0
volume_proxy 40 -0.789666699 -0.29018286 0.00382292145 0 0 0
volume_proxy 50 -0.596439092 -0.344967503 -0.00210345617 0 0 0
volume_proxy 53 -1.152657 0.601337812 0.00290932954 0 0 0
volume_proxy 58 0.932103298 -0.843533701 0.00210841773 0 0 0
volume_proxy 60 0.194347035 0.355123263 0.000187826735 0 0 0
volume_proxy 85 -0.874844639 0.535117649 -0.00520422843 0 0 0
volume_proxy 97 0.956930303 0.685671514 0.00936067533 0 0 0
volume_proxy 107 1.49245135 -0.108574018 0.00879591071 0 0 0
volume_proxy 127 -1.28100159 -0.526296698 0.00645674312 0 0 0
volume_proxy 130 0.656206928 0.878618925 -0.00349641848 0 0 0
volume_proxy 140 -0.799321125 0.997059828 -0.0107336182 0 0 0
volume_proxy 157 0.848834308 0.700580972 -0.00361115793 0 0 0
volume_proxy 159 1.10608681 0.107320513 0.0006067493 0 0 0
volume_proxy 161 0.869575114 0.951725691 -0.00633693872 0 0 0
volume_proxy 176 0.805516295 -0.0450646452 -0.00449093846 0 0 0
volume_proxy 186 -1.34407085 -0.305040506 0.00636822314 0 0 0
volume_proxy 189 -1.01255281 0.794172191 0.00464679487 0 0 0
volume_proxy 195 -0.604340203 -0.131256624 -0.00229243156 0 0 0
volume_proxy 196 0.901091805 0.0292708016 0.00176695705 0 0 0
volume_proxy 200 -0.192619 -0.681702832 -0.00876034458 0 0 0
volume_proxy 202 0.140581299 0.688917754 -0.00644161558 0 0 0
volume_proxy 209 -1.19526035 -0.379968821 -0.0021417918 0 0 0
volume_proxy 210 -0.368630408 0.789857283 -0.00226768372 0 0 0
volume_proxy 226 0.409100473 -0.332228743 -0.00629232239 0 0 0
volume_proxy 236 0.79843834 0.262099953 -0.00694085247 0 0 0
volume_proxy 247 0.581474697 0.719038229 -0.00288358519 0 0 0
volume_proxy 256 -1.27722498 0.667020725 -0.00437493739 0 0 0
volume_proxy 259 0.890865016 0.284475485 -0.00453930078 0 0 0
volume_proxy 269 -1.04200637 -0.254641417 -0.000900250668 0 0 0
volume_proxy 277 -0.887827031 0.157007821 0.00625552725 0 0 0
volume_proxy 296 -1.21693025 0.362943592 -0.00231918664 0 0 0
volume_proxy 305 1.23442519 -0.495128262 0.0099226604 0 0 0
volume_proxy 310 -0.0482388167 -0.920857073 -0.00172673928 0 0 0
volume_proxy 344 -1.08707437 0.728583538 -0.00475352851 0 0 0
volume_proxy 347 -0.00447674792 0.919772004 -0.006306043 0 0 0
volume_proxy 356 -0.82604573 0.482174346 0.00446243883 0 0 0
volume_proxy 375 0.884838911 -0.960013493 0.009474264 0 0 0
volume_proxy 388 0.814594704 -0.288401606 -0.0103899172 0 0 0
volume_proxy 802 1.48565604 -0.244683125 0.00200937237 0 0 0
volume_proxy 1052 -1.15054768 -0.619028697 0.0057291366 0 0 0
volume_proxy 1066 -0.711188909 0.254715937 0.00397905139 0 0 0
volume_proxy 1120 -0.263711859 0.479207552 0.00529136912 0 0 0
volume_proxy 1166 -0.790903725 0.306378753 -0.00306163274 0 0 0
volume_proxy 1169 1.08980757 -0.941304024 -0.00264272261 0 0 0
volume_proxy 1193 -1.30336291 -0.47495903 -0.0033886517 0 0 0
volume_proxy 1225 -0.449851929 -0.356657393 0.00592797496 0 0 0
volume_proxy 1245 -1.33577305 -0.2959974 0.008146547 0 0 0
volume_proxy 1280 -0.745921773 0.8618387 0.0105278709 0 0 0
volume_proxy 1285 -1.32478725 0.139531888 0.000381809214 0 0 0
volume_proxy 1295 -0.328068123 -0.00617109371 -0.00860590092 0 0 0
volume_proxy 1296 0.333309977 -0.621983722 0.00853556338 0 0 0
volume_proxy 1340 0.649661284 0.782339277 -0.00900932801 0 0 0
volume_proxy 1380 -0.267176272 0.703068291 -0.002926265 0 0 0
volume_proxy 1386 0.853989926 0.313360566 -0.00106486226 0 0 0
volume_proxy 1397 1.34274966 0.871209274 -0.00776339618 0 0 0
volume_proxy 1409 0.29808997 0.974964704 0.00892165732 0 0 0
volume_proxy 1413 1.07330533 0.744912025 -0.0106724299 0 0 0
volume_proxy 1422 0.391328507 -0.359787452 -0.000246683585 0 0 0
volume_proxy 1433 0.984758536 0.850191092 -0.000954159203 0 0 0
volume_proxy 1434 -0.0570174008 -0.983738707 -0.000878112155 0 0 0
volume_proxy 1437 0.0073481147 -0.0202286014 -0.0102531632 0 0 0
volume_proxy 1439 0.205147844 0.792675804 0.00164989076 0 0 0
volume_proxy 1447 0.923006284 -0.369847753 0.000353361286 0 0 0
volume_proxy 1459 -0.950966418 0.429267157 0.00559122651 0 0 0
volume_proxy 1460 0.326475196 0.232971969 0.00829307485 0 0 0
volume_proxy 1461 -0.991940273 0.663047867 0.00494888321 0 0 0
volume_proxy 1466 -0.52979943 -0.0113722967 0.00653994027 0 0 0
volume_proxy 1472 -0.73710027 0.424925727 0.00507016255 0 0 0
volume_proxy 1474 0.724618236 -0.816837936 0.00474274182 0 0 0
volume_proxy 1481 0.807376189 0.526847048 0.00375283474 0 0 0
volume_proxy 1482 1.23164367 0.216540227 -0.00532876095 0 0 0
volume_proxy 1485 0.472918757 -0.565680656 0.00763682021 0 0 0
volume_proxy 1489 0.0595781003 -0.488533372 -0.00531703933 0 0 0
volume_proxy 1490 1.30393939 0.877504452 -0.00435933833 0 0 0
volume_proxy 1492 0.501808425 0.378426191 0.00303921551 0 0 0
volume_proxy 1493 0.69116052 0.479039811 -0.00876798861 0 0 0
volume_proxy 1494 1.13648876 -0.130392967 -0.00497959981 0 0 0
volume_proxy 1496 -0.970860423 0.478388955 0.00583336676 0 0 0
volume_proxy 1498 -0.206255489 0.263770962 0.00770897691 0 0 0
volume_proxy 1501 -0.498731022 -0.793689172 -0.00871740946 0 0 0
volume_proxy 1503 0.28784181 0.0190107328 -0.00461914005 0 0 0
volume_proxy 1506 0.168427137 0.880855903 0.00648614498 0 0 0
volume_proxy 1507 -1.10006835 -0.407050502 -0.00558853929 0 0 0
volume_proxy 1508 -0.75898779 -0.647477045 0.00672523366 0 0 0
volume_proxy 1509 -1.480137 0.718241612 -0.00988027971 0 0 0
volume_proxy 1510 0.192774964 -0.777482623 -0.00646554902 0 0 0
volume_proxy 1511 1.46963575 0.356416379 0.0100282794 0 0 0
volume_proxy 1513 -1.39862959 0.517001635 0.0063264105 0 0 0
volume_proxy 1515 0.917838077 0.00860664988 0.000410445026 0 0 0
volume_proxy 1516 -0.287413612 -0.992357469 0.00105051799 0 0 0
volume_proxy 1517 -0.860857588 -0.537094325 -0.0022143352 0 0 0
volume_proxy 1519 0.311428009 -0.332864171 -0.0064668852 0 0 0
volume_proxy 1520 0.435597301 -0.188311362 0.00552932648 0 0 0
volume_proxy 1521 -0.431604821 -0.0271103093 -0.00345974935 0 0 0
volume_proxy 1522 0.536170041 0.511284306 0.0102787074 0 0 0
volume_proxy 1523 1.34612351 -0.0747134982 0.0063735238 0 0 0
volume_proxy 1525 -1.01808359 0.857022472 0.00186129037 0 0 0
volume_proxy 1526 1.05558782 -0.240140417 0.00722535881 0 0 0
volume_proxy 1528 0.474667367 -0.472917131 0.00228774702 0 0 0
volume_proxy 1529 -0.936082339 0.0481034884 -0.00368339523 0 0 0
volume_proxy 1530 -0.820728444 -0.194452248 -0.00382500948 0 0 0
