volume_proxy 0 1.48633477 -0.324902528 0.00233561551 0 0 0
volume_proxy 5 0.846339449 -0.0879832753 -0.00177368534 0 0 0
volume_proxy 6 0.520836423 0.308851361 -0.00392834354 0 0 0
volume_proxy 11 0.924740916 0.158395211 0.0038798901 0 0 0
volume_proxy 12 1.0922293 -0.122348763 -0.00259441552 0 0 0
volume_proxy 14 -0.354018909 -0.105248363 0.00500375467 0 0 0
volume_proxy 23 0.611648539 -0.613892339 -0.00702063257 0 0 0
volume_proxy 38 0.863132929 0.144356844 0.0097014116 0 0 0
volume_proxy 40 -0.187737806 -0.148245451 -0.00684984434 0 0 0
volume_proxy 50 -0.591412355 -0.698774174 -0.0068652554 0 0 0
volume_proxy 53 -0.937732879 0.254956697 0.00909544816 0 0 0
volume_proxy 58 1.20865417 -0.691870317 0.00563707567 0 0 0
volume_proxy 60 0.967996521 0.637986358 0.00952099084 0 0 0
volume_proxy 61 0.167579327 -0.690004533 -0.0094005069 0 0 0
volume_proxy 72 0.0315574348 0.13646105 -0.00348891712 0 0 0
volume_proxy 85 -1.28939226 0.0665942658 -0.010521055 0 0 0
volume_proxy 88 -0.843902012 -0.356251062 0.00363417463 0 0 0
volume_proxy 97 0.90953615 0.331944543 -0.00743071707 0 0 0
volume_proxy 105 0.304883295 -0.103815453 -0.00869363554 0 0 0
volume_proxy 107 1.43875839 0.773221459 0.00453040141 0 0 0
volume_proxy 127 -1.08726346 0.479560509 0.00316048735 0 0 0
volume_proxy 130 1.40637889 0.543463978 -0.00327616834 0 0 0
volume_proxy 140 -0.351844978 0.206327357 -0.00393063117 0 0 0
volume_proxy 157 1.45495956 -0.300666445 0.00946568125 0 0 0
volume_proxy 159 0.408659084 0.0323710397 -0.00791350594 0 0 0
volume_proxy 161 0.789932704 0.0851887749 0.00963403579 0 0 0
volume_proxy 176 0.465327074 -0.446769155 0.00821355249 0 0 0
volume_proxy 186 -0.778634512 0.160196408 -0.0051434999 0 0 0
volume_proxy 189 -0.994973092 0.889301145 0.00258933481 0 0 0
volume_proxy 195 -0.254511294 0.212269813 -0.0084694465 0 0 0
volume_proxy 196 0.303794201 -0.384263156 0.00456875533 0 0 0
volume_proxy 200 -0.508988855 -0.957228179 -0.00531208753 0 0 0
volume_proxy 202 -1.04524618 0.862534627 0.00905840858 0 0 0
volume_proxy 209 -1.02934229 0.267655145 0.00392870978 0 0 0
volume_proxy 210 -0.865220066 0.673194774 -0.00498099659 0 0 0
volume_proxy 226 -0.517278399 -0.546069579 -0.00934984551 0 0 0
volume_proxy 236 0.648863597 0.789952096 -0.0035695862 0 0 0
volume_proxy 247 0.440606916 0.624244555 0.0081841211 0 0 0
volume_proxy 256 -0.648037692 0.202597215 0.00327669512 0 0 0
volume_proxy 259 0.157160675 0.103195 -0.0037466923 0 0 0
volume_proxy 269 0.0500724611 -0.157345231 -0.00528225362 0 0 0
volume_proxy 277 -1.34484335 -0.177346689 0.00366341789 0 0 0
volume_proxy 296 0.0426033793 -0.29244463 0.00231989762 0 0 0
volume_proxy 305 0.182226454 -0.815174193 0.00598917214 0 0 0
volume_proxy 310 1.20705432 0.110153636 0.00059176746 0 0 0
volume_proxy 329 -0.304786536 -0.941860091 0.00917905741 0 0 0
volume_proxy 337 -0.98265405 0.974455494 0.000918437489 0 0 0
volume_proxy 344 -1.08024325 0.848651775 0.00423573277 0 0 0
volume_proxy 347 -0.625279917 -0.427438846 0.00804624335 0 0 0
volume_proxy 349 -0.529555851 -0.0822393331 -0.00471223223 0 0 0
volume_proxy 356 0.336590323 0.651527363 0.010791738 0 0 0
volume_proxy 375 0.714765715 -0.481139434 -0.00821657752 0 0 0
volume_proxy 388 -1.1731786 0.699981616 -0.0100611686 0 0 0
volume_proxy 431 -1.217369 0.104361568 -0.00412281204 0 0 0
volume_proxy 802 1.37743195 0.188430467 -0.00989855293 0 0 0
volume_proxy 876 0.223555532 -0.987392583 0.00238496778 0 0 0
volume_proxy 1052 0.20367466 -0.678146916 0.00401892721 0 0 0
volume_proxy 1066 0.652710989 0.439407147 0.00408421182 0 0 0
volume_proxy 1093 0.0986942347 0.0228972367 0.00656683471 0 0 0
volume_proxy 1120 -0.380860007 0.556176883 -0.00925196275 0 0 0
volume_proxy 1166 -0.547986917 0.834185905 0.00663235725 0 0 0
volume_proxy 1169 1.37013288 -0.823968929 0.00342099075 0 0 0
volume_proxy 1172 0.112630572 0.633621507 -0.00707095298 0 0 0
volume_proxy 1186 -0.761537121 -0.399294977 -0.000994422525 0 0 0
volume_proxy 1193 -0.66123896 0.167812986 -0.00575252595 0 0 0
volume_proxy 1219 -0.779662016 0.800775646 0.0107052728 0 0 0
volume_proxy 1225 0.0908169653 -0.195252681 -0.00633670324 0 0 0
volume_proxy 1245 -1.31254089 0.575641614 0.00704480708 0 0 0
volume_proxy 1270 0.0743440601 -0.163799801 -0.000762449271 0 0 0
volume_proxy 1280 -1.25860682 0.702660811 -0.00567918874 0 0 0
volume_proxy 1285 -1.21051662 0.967150301 0.0106752451 0 0 0
volume_proxy 1295 -1.08822979 0.725628324 8.74370869e-05 0 0 0
volume_proxy 1296 -0.0358961859 -0.123124699 0.00786776167 0 0 0
volume_proxy 1301 -1.41706085 0.835871014 0.000816349124 0 0 0
volume_proxy 1326 0.80285604 -0.0827813682 -0.00462592061 0 0 0
volume_proxy 1335 0.112531726 -0.645054924 0.000380701592 0 0 0
volume_proxy 1340 1.05707196 0.747880839 -0.00940844941 0 0 0
volume_proxy 1380 -0.107202782 0.576413554 0.00989950757 0 0 0
volume_proxy 1386 0.564728984 0.981323189 -0.00572333994 0 0 0
volume_proxy 1390 -1.48150415 0.879123426 0.00728578891 0 0 0
volume_proxy 1392 -0.0429163927 -0.769429936 -0.00333727791 0 0 0
volume_proxy 1397 0.539144812 0.535294518 -0.00426361125 0 0 0
volume_proxy 1403 0.531920998 -0.221090185 0.00400906288 0 0 0
volume_proxy 1405 -0.0621076009 0.867079174 -0.00488263129 0 0 0
volume_proxy 1409 1.40442185 0.607670937 0.000166299179 0 0 0
volume_proxy 1413 0.433635389 0.781073739 0.00287397703 0 0 0
volume_proxy 1418 -1.32310548 -0.10301142 -0.000328149246 0 0 0
volume_proxy 1420 -1.41765683 -0.308551573 0.00471781686 0 0 0
volume_proxy 1421 -1.34336562 -0.298060891 0.00920684918 0 0 0
volume_proxy 1422 1.30103054 -0.963644616 -0.00990905907 0 0 0
volume_proxy 1423 -0.72621761 0.980187938 -0.00517850502 0 0 0
volume_proxy 1426 0.800544156 -0.528609435 0.00493391724 0 0 0
volume_proxy 1428 -0.0634325198 0.775262825 0.00626925813 0 0 0
volume_proxy 1429 1.11280511 -0.131402166 0.00306348172 0 0 0
volume_proxy 1433 0.94268929 0.304134677 -0.00567158665 0 0 0
volume_proxy 1434 0.427253691 -0.38130574 0.00747610821 0 0 0
volume_proxy 1437 -0.409747231 -0.517670556 -0.00223019806 0 0 0
volume_proxy 1439 -0.59689696 0.821982898 0.00329421831 0 0 0
volume_proxy 1440 0.644600199 -0.527444873 0.00182774492 0 0 0
volume_proxy 1444 -1.15589157 -0.385931919 -0.00235548368 0 0 0
volume_proxy 1445 0.433858507 -0.791045675 0.00970996449 0 0 0
volume_proxy 1447 1.39729437 -0.435782515 -0.000446121384 0 0 0
volume_proxy 1459 -0.81556995 0.970804286 0.00621083487 0 0 0
volume_proxy 1460 1.05526296 0.346205806 0.00146544884 0 0 0
volume_proxy 1461 -1.12165799 0.558298424 0.00427681705 0 0 0
volume_proxy 1462 -0.908570357 -0.526055327 -0.00817632956 0 0 0
volume_proxy 1466 -1.12764242 -0.977067159 -0.00671507083 0 0 0
volume_proxy 1470 -1.36154864 -0.608324209 -0.00374413736 0 0 0
volume_proxy 1471 -0.383284696 0.855589562 -0.000746640013 0 0 0
volume_proxy 1472 -0.533423879 0.83623787 0.00230559974 0 0 0
volume_proxy 1474 1.21437902 -0.938206935 -0.00383066222 0 0 0
volume_proxy 1475 1.15475265 0.215907468 -0.0106683606 0 0 0
volume_proxy 1481 1.29103264 0.646084085 -0.00647760583 0 0 0
volume_proxy 1482 0.494422703 -0.980299695 0.00350863867 0 0 0
volume_proxy 1483 0.0462924692 -0.931000923 -0.0105126993 0 0 0
volume_proxy 1485 0.0523007407 -0.469835753 0.0010014063 0 0 0
volume_proxy 1486 0.929685035 -0.814986781 0.0102363478 0 0 0
volume_proxy 1489 -0.483671628 0.686107269 0.00967414493 0 0 0
volume_proxy 1490 0.78066777 0.915867828 0.00114098834 0 0 0
volume_proxy 1491 -0.773071381 -0.285396344 0.00943340481 0 0 0
volume_proxy 1492 0.0870864607 0.144517441 0.00179962921 0 0 0
volume_proxy 1493 0.540934541 0.356462533 -0.0102305083 0 0 0
volume_proxy 1494 0.883257567 0.471594186 -0.00281449829 0 0 0
volume_proxy 1495 0.954804895 -0.688930213 -0.00311336979 0 0 0
volume_proxy 1496 -1.10742453 0.671795142 -0.00585523921 0 0 0
volume_proxy 1497 0.330188727 0.574755667 0.000664149801 0 0 0
volume_proxy 1498 -1.42183688 0.747148023 -0.00696368583 0 0 0
volume_proxy 1501 -0.902121625 -0.784732939 0.007076435 0 0 0
volume_proxy 1502 -0.942867572 -0.751425211 0.00350199076 0 0 0
