volume_proxy 0 0.486966098 0.34726254 0.00840803132 0 0 0
volume_proxy 5 1.27688976 -0.847055531 -0.00468472944 0 0 0
volume_proxy 6 -0.490719964 0.144460267 0.00984237297 0 0 0
volume_proxy 11 0.711040793 0.601323799 0.000360214653 0 0 0
volume_proxy 12 0.391523091 -0.892761704 0.00870788454 0 0 0
volume_proxy 14 -0.854052366 0.650822069 0.00788593064 0 0 0
volume_proxy 23 1.1919624 -0.96747859 -0.00977385548 0 0 0
volume_proxy 38 0.901079947 -0.252948252 0.00156630771 0 0 0
volume_proxy 40 -0.334639677 -0.122969826 -0.00176123048 0 0 0
volume_proxy 50 -1.02982063 -0.286933341 0.00329794443 0 0 0
volume_proxy 53 -0.239025611 0.870080518 0.000264102052 0 0 0
volume_proxy 58 0.819673557 -0.872661166 0.00626870601 0 0 0
volume_proxy 60 0.553677073 0.591188233 -0.00504832574 0 0 0
volume_proxy 72 -0.211128015 -0.391355895 -0.00692158478 0 0 0
volume_proxy 85 -0.713741015 -0.118268936 0.00896103444 0 0 0
volume_proxy 97 0.767412896 0.607040469 -0.00195656033 0 0 0
volume_proxy 107 1.2534864 0.915301437 -0.00524184203 0 0 0
volume_proxy 127 -1.14296418 -0.213821981 -0.00748344487 0 0 0
volume_proxy 130 0.992518481 0.0950326607 -0.00733180851 0 0 0
volume_proxy 140 0.365469876 0.681622228 -0.00215861938 0 0 0
volume_proxy 157 1.19934059 -0.141273031 -0.00187847685 0 0 0
volume_proxy 159 0.624688008 0.728685751 -0.00983338282 0 0 0
volume_proxy 161 0.768683748 0.523771434 0.000874312807 0 0 0
volume_proxy 176 0.676977791 0.0328790719 0.00976681146 0 0 0
volume_proxy 186 -0.966727185 0.141619748 0.00390378506 0 0 0
volume_proxy 189 -0.481532856 0.905720287 -0.00943558774 0 0 0
volume_proxy 195 -0.271841865 -0.0876307077 0.00521901849 0 0 0
volume_proxy 196 0.579089309 -0.635031708 0.00886682585 0 0 0
volume_proxy 200 -0.352631182 -0.568079663 -0.00982304614 0 0 0
volume_proxy 202 -0.28611725 0.384964832 0.00298520795 0 0 0
volume_proxy 209 -1.45979296 0.574972242 0.00434668902 0 0 0
volume_proxy 210 -0.946213218 0.62160994 0.00127740213 0 0 0
volume_proxy 226 0.264360074 -0.986587176 -0.00902503131 0 0 0
volume_proxy 236 0.963446661 0.883549398 -0.00311059112 0 0 0
volume_proxy 247 1.40734561 0.956408878 0.00146788387 0 0 0
volume_proxy 256 -0.192893741 0.760719245 0.0031110935 0 0 0
volume_proxy 259 0.261370988 0.412175002 -0.00665374637 0 0 0
volume_proxy 269 -0.163238478 -0.683677265 -0.00867287948 0 0 0
volume_proxy 277 -1.40696 0.205568327 -0.00102516589 0 0 0
volume_proxy 296 -0.261720649 -0.665977088 -0.00829490846 0 0 0
volume_proxy 305 0.269018633 -0.0276230622 -0.00918855216 0 0 0
volume_proxy 310 0.795461669 -0.976847305 0.00875719317 0 0 0
volume_proxy 344 -0.980109943 0.721347271 0.00490562154 0 0 0
volume_proxy 347 -0.450931936 -0.322794716 0.00517104707 0 0 0
volume_proxy 356 0.361564101 0.890493708 -0.0100370423 0 0 0
volume_proxy 375 0.66439112 -0.869226043 -0.000538052247 0 0 0
volume_proxy 388 -0.105975777 0.457508628 -0.00648908969 0 0 0
volume_proxy 802 1.31849768 -0.127634226 -0.00332802264 0 0 0
volume_proxy 1052 -0.575651927 -0.659849559 0.00849904473 0 0 0
volume_proxy 1066 0.198451217 0.45617177 -0.000317447819 0 0 0
volume_proxy 1120 -0.744086819 0.36207377 -0.00776362624 0 0 0
volume_proxy 1166 -0.49509006 0.87106206 0.00617413509 0 0 0
volume_proxy 1169 0.818371408 -0.950051429 -0.00576818576 0 0 0
volume_proxy 1193 -1.41354979 -0.579618798 0.00346710758 0 0 0
volume_proxy 1225 -0.359439956 -0.414862316 0.00119607822 0 0 0
volume_proxy 1245 -1.31978665 0.77541566 -0.00371101416 0 0 0
volume_proxy 1280 -1.18947765 0.187350329 -0.000202157808 0 0 0
volume_proxy 1285 -1.01553537 0.366409418 -0.00695045849 0 0 0
volume_proxy 1295 -0.6303723 0.634145716 -0.00275531003 0 0 0
volume_proxy 1296 0.327351173 0.15701074 0.00394072784 0 0 0
volume_proxy 1335 0.763936128 -0.72389904 0.000298218395 0 0 0
volume_proxy 1340 1.19071915 0.113805274 -0.00491403025 0 0 0
volume_proxy 1380 0.144852271 0.206456974 0.00769004397 0 0 0
volume_proxy 1386 0.308714252 0.481820572 0.00415716066 0 0 0
volume_proxy 1397 0.916966368 0.041109611 -0.00500656216 0 0 0
volume_proxy 1409 0.762666427 0.827570057 0.00154528521 0 0 0
volume_proxy 1413 1.47053806 0.611026536 -0.00824163 0 0 0
volume_proxy 1420 -1.38909458 -0.0825596108 0.00527020511 0 0 0
volume_proxy 1422 1.31638891 -0.808936784 -0.00401239723 0 0 0
volume_proxy 1426 1.08464287 -0.107562316 0.00340971699 0 0 0
volume_proxy 1429 1.16237613 -0.467356811 -0.00740039886 0 0 0
volume_proxy 1433 1.26453681 0.623884808 0.0080192554 0 0 0
volume_proxy 1434 -0.325447372 -0.9673109 0.00727642987 0 0 0
volume_proxy 1437 -0.133440472 -0.283163049 0.00268004159 0 0 0
volume_proxy 1439 -0.348928829 0.796033975 -0.00933434147 0 0 0
volume_proxy 1440 1.13691104 -0.340505652 -0.00118802529 0 0 0
volume_proxy 1445 -0.143800262 -0.850535547 -0.00759515844 0 0 0
volume_proxy 1447 0.876309902 -0.496924924 -0.00806097889 0 0 0
volume_proxy 1459 -0.731460856 -0.0564527512 -0.00516595331 0 0 0
volume_proxy 1460 1.33822799 0.896420252 0.00687445264 0 0 0
volume_proxy 1461 -1.00263599 0.63508155 0.000820090075 0 0 0
volume_proxy 1466 -1.37597816 0.132987454 0.00699709909 0 0 0
volume_proxy 1470 -1.47968048 -0.550583906 -0.00751833245 0 0 0
volume_proxy 1471 -0.00932072264 0.873159938 -0.00863907451 0 0 0
volume_proxy 1472 -0.988791724 0.449247103 0.00971797803 0 0 0
volume_proxy 1474 0.929985672 -0.682279943 -0.000778552439 0 0 0
volume_proxy 1481 1.06597909 0.680839571 -0.00577810034 0 0 0
volume_proxy 1482 0.545812387 -0.452759057 0.00177143261 0 0 0
volume_proxy 1485 0.147048845 -0.716534388 0.00813728461 0 0 0
volume_proxy 1486 1.10774893 -0.447876153 -0.00934922841 0 0 0
volume_proxy 1489 -0.288964892 0.207072041 -0.00936736424 0 0 0
volume_proxy 1490 1.29493917 0.851750063 0.00659405152 0 0 0
volume_proxy 1492 0.543372345 0.795542805 -0.0044160223 0 0 0
volume_proxy 1493 0.306834998 0.0934058827 -0.00147934318 0 0 0
volume_proxy 1494 0.997589123 0.662396533 -0.00637555956 0 0 0
volume_proxy 1496 -1.10532525 0.207875585 -0.00902892586 0 0 0
volume_proxy 1498 -1.16753397 0.216591827 -0.00841961393 0 0 0
volume_proxy 1501 -1.00455595 -0.841778332 0.00649056277 0 0 0
volume_proxy 1503 -0.109628867 0.177217716 -0.00440786619 0 0 0
volume_proxy 1505 -0.264252834 0.874210367 -0.00994582025 0 0 0
volume_proxy 1506 0.512992706 0.948864736 -0.00777921193 0 0 0
volume_proxy 1507 -1.15858201 -0.459865924 0.000253571921 0 0 0
volume_proxy 1508 -0.608192766 -0.919774797 0.00936855201 0 0 0
volume_proxy 1509 -1.4227543 0.669914412 0.00534348154 0 0 0
volume_proxy 1510 0.412416163 -0.20729575 -0.00645526532 0 0 0
volume_proxy 1511 1.06836748 0.722775156 3.21526756e-05 0 0 0
volume_proxy 1512 -1.1602389 0.618780817 0.00235347741 0 0 0
volume_proxy 1513 -0.588935405 0.678968512 0.00960270779 0 0 0
volume_proxy 1514 -1.46780795 0.200204037 -0.000593283555 0 0 0
volume_proxy 1515 0.348170601 0.403500366 0.00103067555 0 0 0
volume_proxy 1516 -0.939084068 -0.563279656 -0.00277090426 0 0 0
volume_proxy 1517 -1.04062394 -0.717646296 -0.00613780381 0 0 0
volume_proxy 1518 -1.07497807 -0.167580017 0.006092011 0 0 0
volume_proxy 1519 0.184918062 -0.271290574 -0.0102309371 0 0 0
