volume_proxy 0 1.18485702 -0.210012176 0.000129703125 0 0 0
volume_proxy 5 0.290286527 0.617071372 0.00858807603 0 0 0
volume_proxy 6 1.35119159 -0.385209174 0.00229752415 0 0 0
volume_proxy 11 0.332618414 0.748271017 0.00708399142 0 0 0
volume_proxy 12 1.17228486 -0.0234877501 0.00643048796 0 0 0
volume_proxy 14 0.341687891 0.377723844 -0.00681449251 0 0 0
volume_proxy 23 -0.858347041 0.0369737981 0.00734243884 0 0 0
volume_proxy 38 0.102892715 -0.162747811 0.00120254611 0 0 0
volume_proxy 40 -0.0699870078 -0.670404237 -0.00771093082 0 0 0
volume_proxy 50 -0.259545056 -0.484059498 0.00767548495 0 0 0
volume_proxy 53 -0.104197771 -0.559997997 -0.000356328861 0 0 0
volume_proxy 58 1.18235684 -0.375857357 -0.010539858 0 0 0
volume_proxy 60 -0.31302001 0.595377347 0.00402728526 0 0 0
volume_proxy 61 -0.0579484142 -0.941616505 -0.00378613554 0 0 0
volume_proxy 72 0.383145719 -0.240058507 0.00974932112 0 0 0
volume_proxy 81 -1.22886671 -0.0999383241 -0.00559426347 0 0 0
volume_proxy 85 -0.39401182 0.111440298 0.00565425044 0 0 0
volume_proxy 88 -0.914585819 -0.0974934526 -0.00869733029 0 0 0
volume_proxy 97 1.04891211 -0.451751192 -0.00264101739 0 0 0
volume_proxy 101 -1.18108484 0.904412814 0.00327690834 0 0 0
volume_proxy 105 0.145977988 -0.868037356 -0.0046661626 0 0 0
volume_proxy 106 -0.0872129105 -0.85576298 0.00536365845 0 0 0
volume_proxy 107 0.513564987 0.288768619 0.0103025884 0 0 0
volume_proxy 108 1.38431608 0.611458898 0.0022060149 0 0 0
volume_proxy 126 -0.147404905 -0.749207506 0.00855744424 0 0 0
volume_proxy 127 -0.528986928 0.178721485 -0.0102345842 0 0 0
volume_proxy 130 1.1060958 0.498417622 0.00142435067 0 0 0
volume_proxy 132 0.677071737 0.924782826 -0.000552280204 0 0 0
volume_proxy 140 -0.927742913 0.644343151 -0.00712368787 0 0 0
volume_proxy 145 -0.963697812 -0.9618555 0.00741871692 0 0 0
volume_proxy 157 0.423458976 0.0445145783 0.00390604215 0 0 0
volume_proxy 159 -0.377236115 -0.362802426 -0.00770935807 0 0 0
volume_proxy 161 -0.374201568 0.167057349 0.00140293023 0 0 0
volume_proxy 176 0.309263989 -0.700124134 0.00161400493 0 0 0
volume_proxy 178 -1.43518848 0.536720085 -0.00518408757 0 0 0
volume_proxy 186 -0.0834403292 0.551893562 -0.00131480507 0 0 0
volume_proxy 189 -1.09818851 0.371537048 0.00436929844 0 0 0
volume_proxy 195 -0.392899108 -0.00228119015 0.00585635844 0 0 0
volume_proxy 196 0.522650203 0.36873807 0.00246473361 0 0 0
volume_proxy 200 -0.213305751 -0.566266304 0.00299301646 0 0 0
volume_proxy 202 -0.749430526 0.956149239 -0.00916062211 0 0 0
volume_proxy 209 -0.793389356 -0.467534384 -0.000701765321 0 0 0
volume_proxy 210 -0.021476983 0.547428849 -0.009497005 0 0 0
volume_proxy 224 0.497502299 -0.569257665 0.00553911701 0 0 0
volume_proxy 226 -0.79701425 -0.747813938 -0.00837627914 0 0 0
volume_proxy 236 0.339958526 -0.0290309821 -0.00767140647 0 0 0
volume_proxy 244 1.28119718 0.283718071 0.00476788803 0 0 0
volume_proxy 247 1.26422432 -0.152408952 -0.00280189835 0 0 0
volume_proxy 256 -0.0653850155 -0.690433204 0.00207599579 0 0 0
volume_proxy 258 0.812274075 0.0869494973 0.00160566071 0 0 0
volume_proxy 259 0.539265222 0.234485438 0.0103144304 0 0 0
volume_proxy 269 0.101114291 -0.510457977 -0.0105452884 0 0 0
volume_proxy 276 0.671648514 -0.403587033 -0.00874895274 0 0 0
volume_proxy 277 -0.483801458 -0.631424351 -0.00843765739 0 0 0
volume_proxy 279 0.700056636 0.455176629 -0.00220985328 0 0 0
volume_proxy 294 0.593399989 0.507412279 0.00555301203 0 0 0
volume_proxy 296 0.297112035 -0.3325712 0.00112538076 0 0 0
volume_proxy 298 0.621609335 -0.419431378 -0.00030608107 0 0 0
volume_proxy 305 0.202437108 -0.212442573 -0.00224724112 0 0 0
volume_proxy 310 1.30929376 0.627155464 0.0055888283 0 0 0
volume_proxy 311 1.34754763 -0.00114082339 0.000200698638 0 0 0
volume_proxy 329 -0.843718338 0.366794564 -0.00421858375 0 0 0
volume_proxy 337 -1.04910752 0.452354173 -0.00904019468 0 0 0
volume_proxy 344 0.460427494 0.527625172 0.00568479455 0 0 0
volume_proxy 347 -0.633632716 -0.894010268 0.00131954985 0 0 0
volume_proxy 349 0.49233532 -0.189413599 -0.00761004744 0 0 0
volume_proxy 356 0.406808876 0.588409424 0.00169170283 0 0 0
volume_proxy 358 1.31501998 0.785451572 0.00625546074 0 0 0
volume_proxy 375 1.16749847 -0.13907152 0.00514715264 0 0 0
volume_proxy 388 -1.20125422 0.0634967155 -0.00361795043 0 0 0
volume_proxy 399 0.450407873 -0.344455009 -0.00454221515 0 0 0
volume_proxy 409 0.312481263 -0.863099547 -0.00117787378 0 0 0
volume_proxy 412 1.1584856 -0.518420384 0.0104505938 0 0 0
volume_proxy 431 -1.47919389 -0.944623124 -0.00910359045 0 0 0
volume_proxy 512 0.32670635 -0.971900143 0.0101351461 0 0 0
volume_proxy 518 1.35288154 0.460851779 -0.00962524187 0 0 0
volume_proxy 591 -0.147618049 0.555242357 0.00345780258 0 0 0
volume_proxy 682 0.462806342 -0.351905009 -0.0103153188 0 0 0
volume_proxy 725 -1.4033659 -0.432727217 -0.0054281941 0 0 0
volume_proxy 751 -0.275795928 -0.844121786 0.00890741599 0 0 0
volume_proxy 802 1.1877917 -0.289202752 -0.00416085676 0 0 0
volume_proxy 814 0.482753276 -0.0378401122 -0.00751825105 0 0 0
volume_proxy 876 -0.28875272 -0.344696631 0.00349666035 0 0 0
volume_proxy 904 -0.79658716 0.569497959 0.00377467891 0 0 0
volume_proxy 914 0.500872729 -0.590207302 0.00562920932 0 0 0
volume_proxy 915 -0.771157603 -0.262909195 0.00893229861 0 0 0
volume_proxy 929 -0.924446149 -0.978350234 -0.00660801154 0 0 0
volume_proxy 944 0.131779272 -0.524941055 -0.00120140912 0 0 0
volume_proxy 991 -1.23212497 -0.946431829 0.00628164906 0 0 0
volume_proxy 1001 -0.211103109 0.725921171 0.00541784271 0 0 0
volume_proxy 1020 -0.943181112 0.223890674 -0.00738424715 0 0 0
volume_proxy 1021 -0.88241575 -0.733563656 0.00779419746 0 0 0
volume_proxy 1042 0.884685731 0.91895672 0.00123669555 0 0 0
volume_proxy 1050 -1.1117877 -0.244290038 0.00187229084 0 0 0
volume_proxy 1052 -0.396750838 0.161842653 -0.0013385584 0 0 0
volume_proxy 1062 0.622019154 0.343416949 0.00773108914 0 0 0
volume_proxy 1066 0.428122657 0.65526849 -0.00979162872 0 0 0
volume_proxy 1093 -0.0207413439 -0.880262266 0.00570073169 0 0 0
volume_proxy 1098 0.0799008179 0.916754649 -0.00652825109 0 0 0
volume_proxy 1102 1.12614368 0.735521739 0.0052623136 0 0 0
volume_proxy 1113 0.783503591 0.352977997 -0.00493965952 0 0 0
volume_proxy 1117 0.728106466 0.257757212 0.00691764437 0 0 0
volume_proxy 1118 -0.449255681 -0.173269922 0.0101824219 0 0 0
volume_proxy 1120 0.0839409969 0.600343783 -0.00652475911 0 0 0
volume_proxy 1133 0.745823116 -0.695070223 0.00449121325 0 0 0
volume_proxy 1137 -0.548307163 0.0882735975 -0.0049025598 0 0 0
volume_proxy 1138 1.37605076 -0.689371472 0.0034241527 0 0 0
volume_proxy 1151 0.550899438 -0.860729653 0.00196846734 0 0 0
volume_proxy 1166 -1.05521095 0.446803636 0.00385895134 0 0 0
volume_proxy 1169 1.48580458 -0.898078296 0.00675108406 0 0 0
volume_proxy 1172 -0.113765069 0.545170467 0.00954541989 0 0 0
volume_proxy 1180 -0.706492613 0.319466364 0.00703824616 0 0 0
volume_proxy 1186 -0.672238589 -0.275079071 -0.00188401527 0 0 0
volume_proxy 1193 -1.05817748 -0.231698461 0.00309960926 0 0 0
volume_proxy 1195 -1.23169057 -0.454969333 0.00818045492 0 0 0
volume_proxy 1197 -0.774130415 -0.328599555 -0.00195974602 0 0 0
volume_proxy 1198 -0.185513263 0.74953164 -0.00064833178 0 0 0
volume_proxy 1208 -0.62137565 -0.0680555378 -0.0067376783 0 0 0
volume_proxy 1209 -1.3522453 0.00771973474 0.00526720302 0 0 0
volume_proxy 1210 -1.39846237 0.741417189 0.006895869 0 0 0
volume_proxy 1214 -0.567527713 0.432737151 -0.00451996294 0 0 0
volume_proxy 1217 -0.582720752 0.310328508 0.00120013115 0 0 0
volume_proxy 1219 -0.741218545 0.772658063 0.00375546768 0 0 0
volume_proxy 1223 1.39937542 0.246101358 0.000832821569 0 0 0
volume_proxy 1225 0.13102555 -0.168109972 0.00919265957 0 0 0
volume_proxy 1230 1.21065736 -0.706470642 0.00215594021 0 0 0
volume_proxy 1231 -0.931440479 0.134313459 0.00974290739 0 0 0
volume_proxy 1237 0.194791827 0.979960513 0.00635455215 0 0 0
volume_proxy 1238 0.743714099 0.809844725 -0.00566860787 0 0 0
volume_proxy 1245 -1.40141907 0.912887348 0.00129585741 0 0 0
volume_proxy 1255 1.36540506 -0.27178884 -0.00508671161 0 0 0
volume_proxy 1259 -1.03146155 0.795186068 -0.00826440478 0 0 0
volume_proxy 1261 -0.564242713 0.472529544 -0.00352411965 0 0 0
volume_proxy 1262 1.29376205 0.302238058 0.00311968596 0 0 0
volume_proxy 1263 0.543454841 -0.207928764 -0.00688480806 0 0 0
volume_proxy 1264 0.150438209 -0.311237702 -0.00878349192 0 0 0
volume_proxy 1270 0.632106958 0.0592967232 0.00737446764 0 0 0
volume_proxy 1273 -0.836981603 0.801037136 -0.00570921572 0 0 0
volume_proxy 1280 -1.25838831 0.133551801 0.00434664196 0 0 0
volume_proxy 1281 -0.529855606 -0.843072707 0.00411694886 0 0 0
volume_proxy 1285 -1.09958307 0.919885438 0.00468292416 0 0 0
volume_proxy 1291 -0.124206694 0.713435398 0.00771402719 0 0 0
volume_proxy 1292 0.110480497 0.297914892 0.00906812956 0 0 0
volume_proxy 1293 -0.229640402 -0.81532189 0.00271786027 0 0 0
volume_proxy 1294 1.41819028 0.61365324 0.00701310373 0 0 0
volume_proxy 1295 -1.46541083 0.345037244 -0.00421833459 0 0 0
volume_proxy 1296 -0.237498899 -0.243751785 -0.00392142864 0 0 0
volume_proxy 1297 -0.461421177 -0.699833879 0.003609691 0 0 0
volume_proxy 1298 -1.25579242 -0.992834883 -0.00859446853 0 0 0
volume_proxy 1300 -1.28091299 0.342064648 0.00277573942 0 0 0
volume_proxy 1301 -1.09556621 0.761025923 -0.0106327686 0 0 0
volume_proxy 1303 -0.803090612 0.952507854 -0.0074354279 0 0 0
volume_proxy 1308 -0.458257858 -0.125715649 -0.00256611173 0 0 0
volume_proxy 1309 -0.143234568 -0.281377506 0.00894758166 0 0 0
volume_proxy 1315 -0.855077262 -0.728277312 0.0053805577 0 0 0
volume_proxy 1318 0.762074192 -0.412474396 -0.00297334518 0 0 0
volume_proxy 1320 -0.499721891 -0.9189244 0.00276511157 0 0 0
volume_proxy 1321 -1.34375507 0.207034379 0.00908821312 0 0 0
volume_proxy 1325 -0.0414523961 -0.35843817 -0.0042287164 0 0 0
volume_proxy 1326 -0.113224566 -0.208130426 0.00988726 0 0 0
volume_proxy 1329 0.992617784 0.574023967 0.0080129372 0 0 0
volume_proxy 1330 0.231669745 0.369141322 -0.00379106009 0 0 0
volume_proxy 1331 0.547817122 0.327526984 0.00442417175 0 0 0
volume_proxy 1333 1.16406971 0.702878775 0.0100266772 0 0 0
volume_proxy 1334 -1.24453659 -0.264444305 -0.0102991529 0 0 0
volume_proxy 1335 0.410868396 -0.0513754547 0.00960790179 0 0 0
volume_proxy 1336 0.775006217 -0.00569280988 -0.00370654215 0 0 0
volume_proxy 1337 -0.419830188 0.725813752 0.000307032769 0 0 0
volume_proxy 1340 0.268978803 0.88019284 -0.00644614023 0 0 0
volume_proxy 1341 -0.895219957 -0.671237811 -0.00749026086 0 0 0
volume_proxy 1345 0.714615835 -0.987336443 -0.00764114493 0 0 0
volume_proxy 1347 -0.361717877 0.457619474 0.00274333047 0 0 0
volume_proxy 1348 0.681247468 -0.550955477 -0.00043981684 0 0 0
volume_proxy 1349 -1.44897594 -0.314381884 -0.00527210236 0 0 0
volume_proxy 1350 0.561411247 -0.326326 0.0102893816 0 0 0
volume_proxy 1353 1.11994205 0.0648511815 0.00361207046 0 0 0
volume_proxy 1354 -0.446793157 -0.0670515968 -0.00270516341 0 0 0
volume_proxy 1357 -1.40326066 0.183635142 0.000605502126 0 0 0
volume_proxy 1358 -0.838822885 -0.393254685 0.00714409212 0 0 0
volume_proxy 1360 -1.3178836 -0.756444312 0.00571342035 0 0 0
volume_proxy 1361 0.977856237 0.851484442 0.00211068695 0 0 0
volume_proxy 1364 -0.936074436 -0.44791573 0.00135561176 0 0 0
volume_proxy 1366 1.04245254 0.873639189 -0.000613048266 0 0 0
volume_proxy 1367 -0.392143152 -0.869688934 -0.0074024189 0 0 0
volume_proxy 1368 1.23892865 -0.973998238 0.00784544255 0 0 0
volume_proxy 1369 1.17303173 0.886677847 -0.00774645537 0 0 0
volume_proxy 1370 1.4666784 0.361618064 0.00245053517 0 0 0
volume_proxy 1371 1.4590417 0.370691741 0.0043981161 0 0 0
volume_proxy 1376 0.66727809 -0.563664163 0.00544985941 0 0 0
volume_proxy 1377 1.02263899 0.554116156 0.000808396848 0 0 0
volume_proxy 1378 0.519681024 -0.539709889 -0.00779449661 0 0 0
volume_proxy 1379 0.52434794 0.365151981 -0.00316086165 0 0 0
volume_proxy 1380 0.0208301545 0.215547054 -0.0089940733 0 0 0
volume_proxy 1381 0.871069847 0.461805151 0.00561236554 0 0 0
volume_proxy 1382 -0.360353365 -0.0131102906 0.00546872509 0 0 0
volume_proxy 1383 -1.08815671 0.565722457 0.00270231803 0 0 0
volume_proxy 1384 0.536779228 0.36470465 0.00505849503 0 0 0
volume_proxy 1385 0.774105846 0.345427141 -0.00863464286 0 0 0
volume_proxy 1386 0.169201472 0.42065817 0.00175996507 0 0 0
volume_proxy 1387 -0.0634223248 0.977423806 0.00590653926 0 0 0
volume_proxy 1388 0.208304853 0.307199405 -0.00276178097 0 0 0
