volume_proxy 0 1.19674134 -0.027358335 -0.000907680714 0 0 0
volume_proxy 4 1.19826496 0.624236535 0.00678958668 0 0 0
volume_proxy 5 -0.125382448 0.615678755 -0.000286455217 0 0 0
volume_proxy 6 1.15038585 0.816556507 -0.0101243797 0 0 0
volume_proxy 11 -0.0237911703 0.974430998 -0.00247497574 0 0 0
volume_proxy 12 0.671644615 -0.468957216 0.00274261036 0 0 0
volume_proxy 14 0.659313225 0.534205534 -0.010399264 0 0 0
volume_proxy 23 -0.617527161 -0.0950279875 0.00258864574 0 0 0
volume_proxy 38 0.260806321 -0.149527389 -0.00210375574 0 0 0
volume_proxy 40 -0.508851229 -0.679746056 -0.00580017453 0 0 0
volume_proxy 47 0.800366742 -0.371898531 0.00159267123 0 0 0
volume_proxy 50 -0.12509023 -0.546239224 0.00557820569 0 0 0
volume_proxy 52 -1.32501546 -0.879780474 -3.06955339e-05 0 0 0
volume_proxy 53 -0.395401796 -0.29575651 -0.000534041457 0 0 0
volume_proxy 57 -1.07036855 0.420757516 0.00472521358 0 0 0
volume_proxy 58 0.940772196 -0.584432504 -0.0101512441 0 0 0
volume_proxy 60 -0.465881268 0.797311557 0.00237826547 0 0 0
volume_proxy 61 -1.15077425 -0.718583168 -0.0047202923 0 0 0
volume_proxy 69 -0.690295222 -0.0914441621 -0.00704544086 0 0 0
volume_proxy 72 0.92347045 0.0228354004 -0.00835037953 0 0 0
volume_proxy 81 -0.875517809 0.129566558 0.00531529847 0 0 0
volume_proxy 85 -0.716532949 0.364176161 0.000716225335 0 0 0
volume_proxy 88 -0.851818141 0.198724793 -0.00408254876 0 0 0
volume_proxy 97 1.06588713 0.000504604324 0.00610477114 0 0 0
volume_proxy 101 -1.43987968 0.600712967 -0.00518643202 0 0 0
volume_proxy 105 -0.40667162 -0.669567019 0.00179784947 0 0 0
volume_proxy 106 -0.524549648 -0.609244288 0.00519245872 0 0 0
volume_proxy 107 0.294632208 0.553883109 0.00992128209 0 0 0
volume_proxy 108 1.40153266 -0.559144037 0.0107996855 0 0 0
volume_proxy 126 0.0262019779 -0.587371229 0.00635798325 0 0 0
volume_proxy 127 -0.23882838 0.474711581 -0.00689766713 0 0 0
volume_proxy 130 1.23200313 0.507255588 -0.00128572758 0 0 0
volume_proxy 132 0.864671993 0.557393146 0.00387154692 0 0 0
volume_proxy 135 0.177943078 -0.74776936 0.010219034 0 0 0
volume_proxy 140 -0.987242294 0.735585047 -0.00914171626 0 0 0
volume_proxy 145 -0.715029382 -0.682556515 0.00517415219 0 0 0
volume_proxy 149 -1.28878422 0.719460892 -0.000626446705 0 0 0
volume_proxy 157 0.632719791 0.176014722 -0.00852402798 0 0 0
volume_proxy 159 -0.889691979 -0.993361566 -0.00654537961 0 0 0
volume_proxy 161 0.0786381424 0.670153804 -0.00480096036 0 0 0
volume_proxy 163 -1.37986427 0.0304428456 0.00380285305 0 0 0
volume_proxy 169 0.767766595 0.378663373 0.00543052677 0 0 0
volume_proxy 176 0.532147102 -0.228181115 -0.00248821151 0 0 0
volume_proxy 178 -0.86129139 0.356348338 -0.00566457664 0 0 0
volume_proxy 186 -0.715227658 0.435141937 0.000624605802 0 0 0
volume_proxy 189 -0.925110289 0.175421596 0.00134347092 0 0 0
volume_proxy 195 -0.631213551 0.231919976 0.00669098785 0 0 0
volume_proxy 196 0.517330464 0.223328173 0.00182660439 0 0 0
volume_proxy 198 1.43861282 -0.807266868 0.00734112479 0 0 0
volume_proxy 200 -1.08278374 -0.307450601 -0.00264735364 0 0 0
volume_proxy 202 -0.704640197 0.485138903 0.00744883467 0 0 0
volume_proxy 209 -1.05556702 -0.61421391 -0.00293148931 0 0 0
volume_proxy 210 -0.124643853 0.0571189618 0.0020848173 0 0 0
volume_proxy 224 1.183775 -0.82649143 -0.00342607012 0 0 0
volume_proxy 226 -0.705000315 -0.788766197 -0.00912316293 0 0 0
volume_proxy 228 -0.0700522629 0.313968951 0.00643258755 0 0 0
volume_proxy 236 0.0852137592 -0.0975615963 0.00246508161 0 0 0
volume_proxy 237 0.183137964 0.496294637 0.00205935074 0 0 0
volume_proxy 244 0.700039284 0.56929519 -0.00127636727 0 0 0
volume_proxy 247 1.36122524 -0.600704874 -0.00747824328 0 0 0
volume_proxy 251 0.483371181 0.0157592398 -0.00789855942 0 0 0
volume_proxy 256 0.302019948 -0.453226232 -0.00351645861 0 0 0
volume_proxy 257 -0.0737158417 0.657566772 0.00388438281 0 0 0
volume_proxy 258 0.559633096 -0.29759366 -0.00167472759 0 0 0
volume_proxy 259 0.540342302 0.404102155 -0.01045208 0 0 0
volume_proxy 269 0.806819775 0.0713732907 -0.00291510214 0 0 0
volume_proxy 271 -1.37834177 0.986808869 -0.000796384454 0 0 0
volume_proxy 273 1.2693097 0.372502973 0.00103066672 0 0 0
volume_proxy 276 0.216511477 0.147660257 -0.00480911978 0 0 0
volume_proxy 277 -0.624469015 -0.676796557 0.0102100998 0 0 0
volume_proxy 279 -0.23373758 -0.403026812 0.00168593516 0 0 0
volume_proxy 281 -0.918166532 0.882881867 -0.00887209643 0 0 0
volume_proxy 284 -0.647284415 0.779153672 0.00513553253 0 0 0
volume_proxy 285 -0.14544363 -0.928228048 0.0015686102 0 0 0
volume_proxy 294 -0.0484989893 0.557565233 0.00488755683 0 0 0
volume_proxy 296 -0.144967386 -0.731143382 0.000937740937 0 0 0
volume_proxy 298 0.940545021 -0.885501404 -0.00654430973 0 0 0
volume_proxy 305 0.244917325 0.0392685808 -0.00119404477 0 0 0
volume_proxy 310 0.944322324 0.492004644 0.00532564289 0 0 0
volume_proxy 311 0.240441145 -0.750939362 0.000510435908 0 0 0
volume_proxy 314 -0.465596259 0.148463648 0.00286130422 0 0 0
volume_proxy 319 -0.207790656 -0.744934823 -0.00699362048 0 0 0
volume_proxy 321 0.0455667666 -0.738873246 -0.0043555694 0 0 0
volume_proxy 329 -0.422700491 0.831267803 0.0065710548 0 0 0
volume_proxy 335 -1.17260565 -0.41106899 0.0087498276 0 0 0
volume_proxy 337 -1.12923138 0.613121212 0.00411250172 0 0 0
volume_proxy 339 -0.530847691 -0.65632679 0.00504556986 0 0 0
volume_proxy 344 0.605112911 0.497067046 0.00257669082 0 0 0
volume_proxy 345 -0.871013948 0.0560310913 0.00261772508 0 0 0
volume_proxy 347 -0.0767590988 -0.31784305 -0.000447913193 0 0 0
volume_proxy 349 0.609626864 -0.206190394 -0.00120446377 0 0 0
volume_proxy 356 0.551638711 0.740971972 -0.00789395162 0 0 0
volume_proxy 358 1.41845519 0.52457781 -0.0046141212 0 0 0
volume_proxy 370 1.19600251 0.795639218 0.0043207689 0 0 0
volume_proxy 375 0.584254309 0.0369010717 0.00612812337 0 0 0
volume_proxy 377 0.699938032 0.245427886 0.00615065493 0 0 0
volume_proxy 388 -1.49801062 -0.15697198 -0.0067125618 0 0 0
volume_proxy 393 1.05819432 -0.0565765911 0.00739135233 0 0 0
volume_proxy 396 -0.844911082 0.990951801 0.0082249585 0 0 0
volume_proxy 397 0.480277139 0.0119533399 0.0103562201 0 0 0
volume_proxy 399 0.707044691 -0.742449526 -0.00367902771 0 0 0
volume_proxy 409 -0.408404277 -0.460937702 0.00117626463 0 0 0
volume_proxy 412 1.12023384 -0.635936314 -0.00254292284 0 0 0
volume_proxy 418 -0.846953336 -0.0834748019 0.00218497668 0 0 0
volume_proxy 431 -0.857577453 -0.905991769 0.0083887662 0 0 0
volume_proxy 463 -0.300138989 -0.893219543 -0.00952678717 0 0 0
volume_proxy 497 -1.30691451 -0.525864868 0.00118356451 0 0 0
volume_proxy 502 0.828892848 -0.956187656 -0.00331364375 0 0 0
volume_proxy 512 0.269501718 -0.644779324 -0.00891887939 0 0 0
volume_proxy 513 0.63882457 -0.209023473 0.00852111944 0 0 0
volume_proxy 518 1.49030126 -0.600485192 -0.0031827018 0 0 0
volume_proxy 572 0.281515458 -0.419921118 -0.00121071561 0 0 0
volume_proxy 591 -0.41555168 0.660962504 -0.00601670055 0 0 0
volume_proxy 594 -1.16447429 0.634241099 -0.00516624203 0 0 0
volume_proxy 615 1.10111152 0.0747553438 0.00414760292 0 0 0
volume_proxy 616 0.718137571 0.549086521 -0.0100124759 0 0 0
volume_proxy 637 -1.48570541 -0.858697415 0.00381257516 0 0 0
volume_proxy 647 -0.245779011 0.785468636 0.0037229597 0 0 0
volume_proxy 669 1.24872073 -0.402719285 -0.00131256624 0 0 0
volume_proxy 682 0.00165345331 0.173046662 -0.0018319879 0 0 0
volume_proxy 702 -0.0317896843 -0.27789236 -0.00302675842 0 0 0
volume_proxy 725 -1.45053553 -0.676507638 -0.0035996054 0 0 0
volume_proxy 751 0.0781652096 -0.528764407 0.000398593783 0 0 0
volume_proxy 797 -1.11619686 -0.344258246 -0.0106209903 0 0 0
volume_proxy 802 0.803535918 -0.171103652 -0.00290867372 0 0 0
volume_proxy 812 1.18713279 0.436348115 0.00170695334 0 0 0
volume_proxy 814 1.07402593 -0.389889888 -0.0069433924 0 0 0
volume_proxy 822 -0.0953777653 -0.894885467 0.00341315208 0 0 0
volume_proxy 835 -0.571352862 -0.983796618 -0.00841708985 0 0 0
volume_proxy 848 -1.35742138 -0.182354403 -0.00736829909 0 0 0
volume_proxy 856 1.18957196 0.380587412 -0.0104365232 0 0 0
volume_proxy 869 1.42935197 0.805677841 -0.00754806415 0 0 0
volume_proxy 876 -0.068586108 -0.459326248 -0.00921523897 0 0 0
volume_proxy 883 0.187845382 0.745756435 -0.0101132201 0 0 0
volume_proxy 902 0.213755011 0.207515695 -0.00328775776 0 0 0
volume_proxy 903 0.258695645 0.686072624 0.00404316605 0 0 0
volume_proxy 904 -1.11804976 0.41694131 9.28509177e-05 0 0 0
volume_proxy 914 0.180496438 -0.969871018 0.00171651933 0 0 0
volume_proxy 915 -0.66690239 0.0222571942 0.00244034154 0 0 0
volume_proxy 926 -0.209367202 0.700344794 -0.00572472005 0 0 0
volume_proxy 929 -0.532669268 -0.48045183 0.00572444964 0 0 0
volume_proxy 944 0.676283944 -0.9700445 -0.00178702341 0 0 0
volume_proxy 966 -0.564055486 0.849508381 0.0104456002 0 0 0
volume_proxy 969 -0.663123572 0.117068121 -0.00826737333 0 0 0
volume_proxy 974 -0.0429661391 -0.426654281 -0.00658067763 0 0 0
volume_proxy 977 -1.03049962 -0.427901611 0.00868421065 0 0 0
volume_proxy 979 -0.0892403174 0.701333249 0.00531463363 0 0 0
volume_proxy 983 1.29337254 -0.152383014 0.00932937229 0 0 0
volume_proxy 991 -0.797003568 -0.57032658 5.82333212e-05 0 0 0
volume_proxy 992 0.257443725 0.178223485 0.00684650753 0 0 0
volume_proxy 997 1.20950627 0.0688591527 0.00467392061 0 0 0
volume_proxy 1001 0.304919861 0.952802658 0.00365555945 0 0 0
volume_proxy 1012 1.00459903 -0.0710227568 -0.00298463666 0 0 0
volume_proxy 1019 -0.806577462 -0.8716739 0.0100530794 0 0 0
volume_proxy 1020 -0.838392239 0.620601764 0.0103760977 0 0 0
volume_proxy 1021 -0.937263182 -0.833510111 0.00836121405 0 0 0
volume_proxy 1028 -1.3288703 -0.720213515 -7.87346073e-05 0 0 0
volume_proxy 1031 1.15195293 -0.552907903 -0.0106817813 0 0 0
volume_proxy 1032 1.42503006 0.388183327 -0.000418699822 0 0 0
volume_proxy 1033 0.911242513 0.775108579 0.00464440048 0 0 0
volume_proxy 1035 0.679932436 -0.788501809 -0.00435639618 0 0 0
volume_proxy 1036 0.484098732 0.140807249 -0.00346225866 0 0 0
volume_proxy 1040 -1.16935785 -0.56440976 -0.00961255346 0 0 0
volume_proxy 1042 1.09042391 0.667912649 0.00133338834 0 0 0
volume_proxy 1050 -0.696222176 -0.541541081 0.0085675572 0 0 0
volume_proxy 1052 -0.748445526 0.178102061 0.00294887714 0 0 0
volume_proxy 1056 -1.03472745 0.85775541 -0.00696747065 0 0 0
volume_proxy 1062 0.48902843 0.388823774 0.00252952106 0 0 0
volume_proxy 1066 0.807347328 0.107978225 0.00955235836 0 0 0
volume_proxy 1067 0.52399571 -0.450252313 -0.000677478426 0 0 0
volume_proxy 1069 -1.05208561 -0.10313653 -0.00859912724 0 0 0
volume_proxy 1070 -1.23234043 0.738264274 -0.00408151436 0 0 0
volume_proxy 1078 -1.27382688 0.823710396 0.00461896213 0 0 0
volume_proxy 1085 0.0766905418 -0.513066767 -0.00534192676 0 0 0
volume_proxy 1086 0.48677836 -0.351846743 -0.000302340233 0 0 0
volume_proxy 1089 -0.858236359 0.953024988 0.00457925467 0 0 0
volume_proxy 1091 0.495376059 0.216092276 -0.00781954948 0 0 0
volume_proxy 1093 -0.170758653 -0.435884202 0.0062339878 0 0 0
volume_proxy 1098 0.322497243 0.545759411 0.00701687354 0 0 0
volume_proxy 1102 1.27973303 0.530642656 0.0018645047 0 0 0
volume_proxy 1106 0.776542231 -0.53120738 0.00982112459 0 0 0
volume_proxy 1110 1.10557161 -0.673475644 0.00695034954 0 0 0
volume_proxy 1113 1.06451113 0.41962669 0.00191591091 0 0 0
volume_proxy 1114 -0.908212774 0.00239531631 0.00496251061 0 0 0
volume_proxy 1117 0.851544936 0.102019916 0.00542929338 0 0 0
volume_proxy 1118 0.451439514 -0.521807058 -0.00679447834 0 0 0
volume_proxy 1119 -1.3822619 0.69911985 0.00824714866 0 0 0
volume_proxy 1120 0.0190742405 -0.0254378014 0.00644828566 0 0 0
volume_proxy 1123 -1.31362576 0.854326986 -0.00775992307 0 0 0
volume_proxy 1127 0.537272693 0.303763441 0.00278613092 0 0 0
volume_proxy 1130 -0.275348168 -0.0835267428 0.00450732261 0 0 0
volume_proxy 1132 0.518729136 0.235829591 0.00183256207 0 0 0
volume_proxy 1133 1.13175057 -0.711592959 -0.00137277259 0 0 0
volume_proxy 1134 0.585937883 0.946763785 -0.00104559166 0 0 0
volume_proxy 1137 -1.07239812 -0.147789766 0.00637591792 0 0 0
volume_proxy 1138 1.4229392 -0.625087156 0.00479222175 0 0 0
volume_proxy 1143 -0.343524354 0.0493795615 0.00933653599 0 0 0
volume_proxy 1145 -0.727394838 -0.835291453 0.00634149589 0 0 0
volume_proxy 1147 0.25072242 0.436724932 0.000721967202 0 0 0
volume_proxy 1149 -0.668885962 0.38989388 -0.00302942297 0 0 0
volume_proxy 1150 -0.331220462 -0.518158314 -0.00667099202 0 0 0
volume_proxy 1151 0.707150279 -0.906370723 -0.0028708425 0 0 0
volume_proxy 1157 -0.130954483 0.0487760398 0.00681982245 0 0 0
volume_proxy 1161 0.694431769 -0.981402992 -0.00521267964 0 0 0
volume_proxy 1165 -0.230911506 -0.730399182 0.00337301614 0 0 0
volume_proxy 1166 -1.46060445 0.449079131 0.00400758977 0 0 0
volume_proxy 1167 -1.33831107 0.208228737 0.00715087562 0 0 0
volume_proxy 1168 -0.0904742153 -0.46037908 -0.00495567268 0 0 0
volume_proxy 1169 1.49703911 -0.338976535 0.00298392993 0 0 0
volume_proxy 1170 -1.35411152 -0.127138541 0.0106754405 0 0 0
volume_proxy 1171 -0.597958451 0.388960606 -0.00432647604 0 0 0
volume_proxy 1172 -0.53265774 0.395533411 0.00786021694 0 0 0
volume_proxy 1174 0.269502011 0.333695833 -0.00145515572 0 0 0
volume_proxy 1175 -0.34553613 -0.767292675 0.00726025385 0 0 0
volume_proxy 1178 -0.49089474 0.743621671 0.00802056032 0 0 0
volume_proxy 1179 0.480398421 0.439595239 0.0103202976 0 0 0
volume_proxy 1180 -1.02380055 0.572765347 0.00575223874 0 0 0
volume_proxy 1182 0.556103959 0.889529008 0.00668025236 0 0 0
volume_proxy 1183 0.55120325 -0.556264004 -0.00707474897 0 0 0
volume_proxy 1186 -0.502839539 -0.462132127 -0.00822548333 0 0 0
volume_proxy 1191 1.39404784 0.842747741 -0.00100887166 0 0 0
volume_proxy 1193 -0.95994768 0.343941138 -0.00937890853 0 0 0
volume_proxy 1194 -0.985695419 -0.446998898 0.00537198445 0 0 0
volume_proxy 1195 -1.49897384 -0.416528185 -0.00209157177 0 0 0
volume_proxy 1196 -0.993478413 -0.554558478 0.000825487698 0 0 0
volume_proxy 1197 -1.10680818 -0.915024603 -0.00508616558 0 0 0
volume_proxy 1198 0.105989846 0.182777015 -0.00513040032 0 0 0
volume_proxy 1199 0.0451142279 0.100453347 0.00600652836 0 0 0
volume_proxy 1201 -0.983882836 0.394341236 0.00644473722 0 0 0
volume_proxy 1204 0.199580684 -0.36237514 0.00811176431 0 0 0
volume_proxy 1206 1.16162192 0.610432226 0.00202135118 0 0 0
volume_proxy 1208 -0.161877316 -0.0740557089 -0.00568917264 0 0 0
volume_proxy 1209 -1.38310221 0.347722618 -0.00207862036 0 0 0
volume_proxy 1210 -1.31943528 0.687855505 0.00603085497 0 0 0
volume_proxy 1213 -0.545665503 -0.0873677513 0.00180487767 0 0 0
volume_proxy 1214 -0.405472698 -0.0468687644 0.00225117169 0 0 0
volume_proxy 1216 1.08641625 0.0583292333 -0.00706725382 0 0 0
volume_proxy 1217 -0.369787946 0.726900603 -0.00896829494 0 0 0
volume_proxy 1219 -0.917443263 0.0662314835 0.00549601189 0 0 0
volume_proxy 1220 0.33594745 0.285006333 0.0102864685 0 0 0
volume_proxy 1221 1.39240087 -0.0209239178 0.0101978577 0 0 0
volume_proxy 1223 1.26852196 0.67144896 -0.00785348768 0 0 0
volume_proxy 1224 -0.56121049 0.697562768 -0.00180426009 0 0 0
volume_proxy 1225 -0.434183109 0.0103741747 0.0095882755 0 0 0
volume_proxy 1226 -0.610789917 0.96286534 0.00872157332 0 0 0
volume_proxy 1227 -0.695841042 0.833526061 -0.00369713892 0 0 0
volume_proxy 1228 0.810798949 0.97087207 0.00926910734 0 0 0
volume_proxy 1229 1.01099242 0.777693445 -0.00106491803 0 0 0
volume_proxy 1230 1.30795548 -0.775061553 0.00786188723 0 0 0
volume_proxy 1231 -0.640757227 -0.445866634 0.0101545965 0 0 0
volume_proxy 1232 -1.48135384 -0.987801604 -0.00768039415 0 0 0
volume_proxy 1235 -1.49703588 0.599034394 -0.0047463492 0 0 0
volume_proxy 1236 -0.0981240834 0.211403715 0.00795393243 0 0 0
volume_proxy 1237 0.75350077 0.84651087 0.00259592123 0 0 0
volume_proxy 1238 0.600775038 0.770130534 -0.005631823 0 0 0
volume_proxy 1239 1.38031936 0.688850804 -0.010493959 0 0 0
volume_proxy 1240 1.32143972 0.759875823 0.00203963673 0 0 0
volume_proxy 1241 -0.427749634 -0.0935779908 0.00769841659 0 0 0
volume_proxy 1242 -0.764082455 -0.972440706 -0.00964882295 0 0 0
volume_proxy 1243 -1.06755305 -0.888432548 0.0048529498 0 0 0
volume_proxy 1245 -1.37941855 0.421181665 0.00778560168 0 0 0
volume_proxy 1247 -1.25777746 0.553049309 -0.00623797676 0 0 0
volume_proxy 1248 0.934040632 0.160069844 -0.00329134799 0 0 0
volume_proxy 1249 -0.156928096 -0.0620528146 0.00318577063 0 0 0
volume_proxy 1252 0.843717216 -0.958804515 0.00962048571 0 0 0
volume_proxy 1253 -1.16994234 0.32462935 -0.00817800976 0 0 0
volume_proxy 1254 0.9007209 -0.662822201 -0.0058497896 0 0 0
volume_proxy 1255 0.927737594 -0.60648867 -0.00606704518 0 0 0
volume_proxy 1256 -0.56478714 -0.821740503 0.010519674 0 0 0
volume_proxy 1257 0.305390737 -0.688357225 -0.00405999174 0 0 0
volume_proxy 1258 1.25473009 0.604774488 0.00790615978 0 0 0
volume_proxy 1259 -0.923392912 0.987083644 -0.00479800123 0 0 0
volume_proxy 1260 0.642765467 0.510888537 0.00266980097 0 0 0
volume_proxy 1261 -0.581942717 0.762364342 0.0100348342 0 0 0
volume_proxy 1262 0.762350143 0.515078038 -0.00431878983 0 0 0
volume_proxy 1263 0.906224979 0.0599852737 -0.00053706535 0 0 0
volume_proxy 1264 -0.100213065 -0.736394759 0.000263411973 0 0 0
volume_proxy 1265 0.228548124 0.427119739 -0.000581368893 0 0 0
volume_proxy 1266 -0.313737453 0.145597609 -8.40940222e-05 0 0 0
