volume_proxy 0 0.774898656 0.058942996 0.00773045787 0 0 0
volume_proxy 1 -0.179681999 -0.94615629 0.00979826764 0 0 0
volume_proxy 2 0.74646704 -0.457175482 -0.00251716178 0 0 0
volume_proxy 4 1.17941322 0.933662331 -0.00235030464 0 0 0
volume_proxy 5 -0.536003642 0.320980524 0.00905500207 0 0 0
volume_proxy 6 1.04234401 0.378685595 0.00424251451 0 0 0
volume_proxy 7 -0.495388531 0.234328771 0.00679316798 0 0 0
volume_proxy 8 0.404003223 -0.796393051 0.00170905326 0 0 0
volume_proxy 9 1.29307833 0.645840578 -0.0037183642 0 0 0
volume_proxy 11 -1.22282179 0.785079898 -0.000557795704 0 0 0
volume_proxy 12 0.488013035 -0.371418116 -0.00709322592 0 0 0
volume_proxy 13 -0.798829176 -0.922705945 -0.00177520982 0 0 0
volume_proxy 14 0.506277377 -0.0406245177 0.00397495641 0 0 0
volume_proxy 15 -0.211585091 -0.730981424 0.00990522311 0 0 0
volume_proxy 16 -1.25737632 0.786801987 -0.00525202993 0 0 0
volume_proxy 17 -0.652632084 -0.0564382102 0.00456745114 0 0 0
volume_proxy 18 -1.43091863 -0.379121389 0.00342816756 0 0 0
volume_proxy 19 -1.26869555 -0.56762044 -0.00745249727 0 0 0
volume_proxy 21 -0.512437085 0.679480481 -0.00894401918 0 0 0
volume_proxy 22 1.13707763 0.00529866143 -0.00636450672 0 0 0
volume_proxy 23 -0.782033049 0.209883176 -0.00731953186 0 0 0
volume_proxy 24 -0.834160699 0.566147888 0.00366870179 0 0 0
volume_proxy 31 -0.733450643 -0.0232452695 0.00882469965 0 0 0
volume_proxy 36 0.635752263 0.730918939 -0.00826074893 0 0 0
volume_proxy 38 0.573152315 0.113624991 -0.00892200182 0 0 0
volume_proxy 40 -0.166170389 -0.575264239 0.00526345331 0 0 0
volume_proxy 42 1.45470796 -0.406850231 0.00806866825 0 0 0
volume_proxy 45 0.199808215 0.579866857 0.00731937045 0 0 0
volume_proxy 46 0.583879235 -0.989651184 -0.00942515603 0 0 0
volume_proxy 47 1.22507321 0.410465823 0.000160774918 0 0 0
volume_proxy 48 -0.184585615 -0.567609885 -0.00161766141 0 0 0
volume_proxy 49 0.3468472 -0.492713836 0.0011241342 0 0 0
volume_proxy 50 -0.209626775 -0.932315999 -0.00243674221 0 0 0
volume_proxy 51 -1.34987265 0.600727639 0.00104371999 0 0 0
volume_proxy 52 -1.43717691 -0.943629423 -0.00672503772 0 0 0
volume_proxy 53 0.314736533 -0.201052389 0.00976617408 0 0 0
volume_proxy 54 -0.747662347 0.456425759 0.00766274447 0 0 0
volume_proxy 55 -1.10512938 0.0347199244 0.000545145638 0 0 0
volume_proxy 57 -1.34399045 -0.259476483 0.002872849 0 0 0
volume_proxy 58 0.593841343 -0.503097631 -0.00155844388 0 0 0
volume_proxy 59 -0.437251433 0.397315709 -0.00587915924 0 0 0
volume_proxy 60 -0.0857118457 0.398926908 -0.00470630416 0 0 0
volume_proxy 61 -1.30152077 -0.178764352 0.00859320858 0 0 0
volume_proxy 62 0.109907275 0.137115441 -0.00792145876 0 0 0
volume_proxy 63 0.740440607 0.196540769 -0.00666484575 0 0 0
volume_proxy 64 -0.376678221 -0.192269166 -0.0101369058 0 0 0
volume_proxy 66 0.236314951 0.745348947 -0.00208119208 0 0 0
volume_proxy 69 -0.802040424 -0.302343654 -0.00525075122 0 0 0
volume_proxy 71 0.716749174 0.669321578 0.00985217859 0 0 0
volume_proxy 72 0.498251018 0.00857805808 0.00288834991 0 0 0
volume_proxy 73 0.87264431 -0.776048894 -0.00964620233 0 0 0
volume_proxy 75 0.980923388 -0.770303142 -0.00294405784 0 0 0
volume_proxy 78 1.43187298 0.119806084 0.00220021772 0 0 0
volume_proxy 81 -0.969937218 0.974758216 -0.00852285883 0 0 0
volume_proxy 84 -0.645502433 -0.158692872 0.00555192625 0 0 0
volume_proxy 85 -0.724678326 0.356427353 0.00429240257 0 0 0
volume_proxy 86 0.346078106 -0.308617393 -0.00881119548 0 0 0
volume_proxy 87 0.91656668 0.493586963 -0.00876758888 0 0 0
volume_proxy 88 -0.720414103 0.391612543 0.00443888053 0 0 0
volume_proxy 90 0.572363737 -0.664117585 0.00172191494 0 0 0
volume_proxy 91 0.612444475 -0.733095518 -0.00481804621 0 0 0
volume_proxy 94 -0.478137714 -0.462490579 -0.00853849254 0 0 0
volume_proxy 96 0.763738763 -0.229857142 0.0087184869 0 0 0
volume_proxy 97 0.961972358 -0.0875868693 0.00424865518 0 0 0
volume_proxy 100 0.0161406011 -0.893356576 -0.00247474509 0 0 0
volume_proxy 101 -0.830195345 0.0313099767 0.00688975502 0 0 0
volume_proxy 102 0.193572039 -0.809534885 -0.010615948 0 0 0
volume_proxy 103 0.859146901 -0.493100552 0.0106755814 0 0 0
volume_proxy 104 0.747817105 0.977909564 0.0005653734 0 0 0
volume_proxy 105 -0.508075175 -0.434514935 -0.00158373857 0 0 0
volume_proxy 106 -0.059154252 -0.886581436 -0.000942383357 0 0 0
volume_proxy 107 0.141260844 0.382077892 0.00123950954 0 0 0
volume_proxy 108 1.33085831 -0.323670545 0.00954275684 0 0 0
volume_proxy 111 0.561835996 0.124936954 0.00207480837 0 0 0
volume_proxy 112 0.971223435 0.182566049 -0.000264840981 0 0 0
volume_proxy 113 -0.781459505 -0.0848963017 0.00511168022 0 0 0
volume_proxy 114 -0.812992533 0.0409066905 0.00545490444 0 0 0
volume_proxy 121 0.616404729 0.456652961 0.00422250011 0 0 0
volume_proxy 123 0.436511754 -0.714788937 0.00319004947 0 0 0
volume_proxy 124 -0.6507749 0.316000561 0.000475900642 0 0 0
volume_proxy 125 -0.926623244 -0.699917888 -0.00513933103 0 0 0
volume_proxy 126 -0.0871287033 -0.386240855 -0.00998203029 0 0 0
volume_proxy 127 -0.0145218413 -0.144887576 -0.00686827018 0 0 0
volume_proxy 130 0.803376804 -0.316797223 0.0100137531 0 0 0
volume_proxy 131 0.720839535 0.136136816 0.010470834 0 0 0
volume_proxy 132 0.27469596 0.615399511 0.00662861472 0 0 0
volume_proxy 135 0.304769125 -0.295120598 -0.00848615002 0 0 0
volume_proxy 138 0.568457283 -0.70410003 -0.00102018084 0 0 0
volume_proxy 140 -0.552103769 0.691782854 0.00486106924 0 0 0
volume_proxy 141 1.35033455 -0.599586858 0.00551357855 0 0 0
volume_proxy 144 -1.37345269 0.111137677 0.000918024468 0 0 0
volume_proxy 145 -0.627933518 -0.484887709 -0.00159574561 0 0 0
volume_proxy 146 1.22736046 -0.427365786 0.00569821249 0 0 0
volume_proxy 149 -1.2538994 0.809724907 -0.000780903386 0 0 0
volume_proxy 155 0.757665903 0.438651263 -0.0103745982 0 0 0
volume_proxy 157 0.984946342 0.0774536279 0.00643959428 0 0 0
volume_proxy 159 0.131169378 -0.352317183 -0.00190414158 0 0 0
volume_proxy 161 -0.115578172 0.0256503526 0.0107385725 0 0 0
volume_proxy 163 -1.46661055 0.784526601 0.00334477921 0 0 0
volume_proxy 167 0.0827461896 -0.00103778014 0.00162689611 0 0 0
volume_proxy 168 0.889328501 0.49771714 0.00152797241 0 0 0
volume_proxy 169 0.823965366 -0.21199905 -0.00981032786 0 0 0
volume_proxy 170 1.07088153 -0.672909986 -0.00485815504 0 0 0
volume_proxy 171 -0.863749052 0.428649359 0.00343839595 0 0 0
volume_proxy 173 -0.167164755 0.489216902 0.000386725116 0 0 0
volume_proxy 174 0.989597069 -0.675127263 -0.00243029816 0 0 0
volume_proxy 176 -0.00657668354 -0.0960124335 -0.00732374253 0 0 0
volume_proxy 178 -0.784251203 -0.026398169 -0.00532058829 0 0 0
volume_proxy 181 0.110943621 -0.562513257 -0.00330165734 0 0 0
volume_proxy 183 0.990883435 -0.573935386 0.00524018154 0 0 0
volume_proxy 186 -0.495112616 -0.860750926 0.00378018382 0 0 0
volume_proxy 187 -0.348126853 0.693119311 0.0062410814 0 0 0
volume_proxy 189 -1.08129039 0.270058466 0.00787280978 0 0 0
volume_proxy 192 0.355811415 -0.249600263 0.00701034192 0 0 0
volume_proxy 194 -0.333098461 -0.696355286 -0.00889389662 0 0 0
volume_proxy 195 -1.15578357 0.674230995 -0.00457958522 0 0 0
volume_proxy 196 0.757491398 0.561872856 0.00542696365 0 0 0
volume_proxy 197 -0.505702779 -0.873364449 0.00994317827 0 0 0
volume_proxy 198 0.839918771 -0.947413533 0.00420110563 0 0 0
volume_proxy 200 -0.911951656 0.0577015848 0.00289750474 0 0 0
volume_proxy 201 -1.29369726 0.248311811 0.00802815468 0 0 0
volume_proxy 202 -0.366986262 0.787611041 0.00107565549 0 0 0
volume_proxy 204 -1.07788788 -0.266880837 -0.00795170042 0 0 0
volume_proxy 206 0.628184285 0.0112554064 -0.00279140681 0 0 0
volume_proxy 208 -1.35393183 0.810800357 -0.00124539677 0 0 0
volume_proxy 209 -1.06360792 -0.60402978 -0.00418312452 0 0 0
volume_proxy 210 0.36985769 0.200745412 -0.00763661312 0 0 0
volume_proxy 212 1.09366531 -0.340592564 -0.00953554445 0 0 0
volume_proxy 213 0.110919557 -0.535311989 -0.00375070047 0 0 0
volume_proxy 219 -0.285256775 0.270430288 0.00426505596 0 0 0
volume_proxy 223 -1.25781889 0.426045421 0.00483480264 0 0 0
volume_proxy 224 0.798287774 -0.63970342 -0.000707207494 0 0 0
volume_proxy 225 -0.925663621 0.217554417 -0.00572616197 0 0 0
volume_proxy 226 -0.698854979 -0.504558183 0.00718672726 0 0 0
volume_proxy 227 -0.521325082 -0.69523159 0.00154829922 0 0 0
volume_proxy 228 -0.508031749 0.161901663 -0.00594397806 0 0 0
volume_proxy 229 0.449603593 -0.212174657 0.00654463418 0 0 0
volume_proxy 230 -0.187078994 0.723321626 -0.0062795072 0 0 0
volume_proxy 231 0.55054055 -0.040404712 -0.000968988805 0 0 0
volume_proxy 232 0.759933073 0.6424105 0.0102861112 0 0 0
volume_proxy 233 1.16756943 0.890477512 -0.000616411614 0 0 0
volume_proxy 235 -0.684953501 -0.752508268 0.00951183667 0 0 0
volume_proxy 236 1.11513585 0.256080948 0.00312700719 0 0 0
volume_proxy 237 0.187592878 0.713606124 -0.0100869509 0 0 0
volume_proxy 238 0.211637853 -0.218259935 0.000971052198 0 0 0
volume_proxy 239 0.712662555 0.0191493664 0.000655896257 0 0 0
volume_proxy 240 0.35109053 -0.0859693541 -0.00373776441 0 0 0
volume_proxy 242 1.27619954 0.339766329 -0.00850909883 0 0 0
volume_proxy 244 0.0158126977 0.301720974 -0.0092990135 0 0 0
volume_proxy 245 -0.0287950021 -0.370155152 -0.00685956059 0 0 0
volume_proxy 246 -0.901248464 -0.277574737 0.0092345164 0 0 0
volume_proxy 247 0.998732848 -0.751869714 -0.0104220662 0 0 0
volume_proxy 251 0.595349812 0.772904441 0.00541332598 0 0 0
volume_proxy 254 -1.38494187 0.557435765 -0.00223302424 0 0 0
volume_proxy 256 0.349544807 -0.115477716 0.0049406869 0 0 0
volume_proxy 257 -0.208889475 0.537399813 -0.00431765411 0 0 0
volume_proxy 258 0.255708874 -0.193032823 -0.00260952032 0 0 0
volume_proxy 259 -0.0166930785 -0.0638405006 -0.0100187501 0 0 0
volume_proxy 260 -0.00554088269 0.971998801 -0.00460235881 0 0 0
volume_proxy 262 -0.82629524 0.105481178 -0.00311769874 0 0 0
volume_proxy 268 0.0812392887 0.20648267 -0.00829321958 0 0 0
volume_proxy 269 0.882426754 -0.339986282 0.00512266769 0 0 0
volume_proxy 271 -1.32306086 0.136809041 -0.00514892396 0 0 0
volume_proxy 273 1.42499312 0.846846784 -0.00262953978 0 0 0
volume_proxy 274 -0.377720877 -0.0891562048 -0.00223290444 0 0 0
volume_proxy 276 0.410479238 0.183274542 -0.00606338609 0 0 0
volume_proxy 277 -0.692635797 -0.453463073 0.00477560194 0 0 0
volume_proxy 279 -0.870580497 -0.808487083 0.00974708171 0 0 0
volume_proxy 281 -1.3329481 0.831948397 0.00122986916 0 0 0
volume_proxy 282 0.533523493 -0.434780435 0.00527186221 0 0 0
volume_proxy 284 -1.29163698 0.589813429 -0.000640654963 0 0 0
volume_proxy 285 -0.643718404 -0.572499605 -0.00678928969 0 0 0
volume_proxy 292 -0.986335535 -0.628753152 0.00368026482 0 0 0
volume_proxy 293 1.48916013 0.479058288 -0.00796013339 0 0 0
volume_proxy 294 -0.722752647 0.799793902 0.00610379616 0 0 0
volume_proxy 296 0.0419420878 -0.278244771 0.00653301462 0 0 0
volume_proxy 297 0.930611505 0.142651574 -0.00557092588 0 0 0
volume_proxy 298 0.733844787 -0.621193619 -0.00096150186 0 0 0
volume_proxy 299 -1.20884088 0.815656108 0.00354433721 0 0 0
volume_proxy 303 -0.0948067167 -0.170033574 -0.00498663531 0 0 0
volume_proxy 304 -1.15680196 0.943876117 -0.00865342105 0 0 0
volume_proxy 305 0.561546463 0.532563478 -0.0071783206 0 0 0
volume_proxy 307 -1.12947959 -0.109101743 0.00971246822 0 0 0
volume_proxy 308 0.670466162 -0.973330742 0.00718736271 0 0 0
volume_proxy 309 0.524104666 0.672852195 0.000817127922 0 0 0
volume_proxy 310 0.71529126 -0.0904815673 0.00134566532 0 0 0
volume_proxy 311 0.000510346695 -0.725018783 -0.00459004665 0 0 0
volume_proxy 312 0.218428798 -0.196633689 -0.00127812546 0 0 0
volume_proxy 313 0.888403583 0.908543462 -0.0103423894 0 0 0
volume_proxy 314 -0.311746691 -0.271227268 0.00904389295 0 0 0
volume_proxy 315 -0.163799685 0.328576501 0.0096159528 0 0 0
volume_proxy 316 0.144034494 -0.125918956 0.00353050111 0 0 0
volume_proxy 318 -1.07143688 -0.1599264 0.00663866669 0 0 0
volume_proxy 319 -0.173491779 -0.61547507 -0.0100102307 0 0 0
volume_proxy 321 -0.288568644 -0.866950199 -0.000272495677 0 0 0
volume_proxy 322 0.498363088 0.55255942 -0.0104879215 0 0 0
volume_proxy 324 -0.952605565 -0.944541879 0.00122198554 0 0 0
volume_proxy 326 -0.844069514 0.581841263 0.00205256236 0 0 0
volume_proxy 327 1.04152436 -0.997645675 0.00839537798 0 0 0
volume_proxy 329 0.214549808 0.805783292 -0.00333949137 0 0 0
volume_proxy 330 0.507304778 -0.275283365 -0.00465142789 0 0 0
volume_proxy 331 -1.27936349 0.464282583 -0.00629564981 0 0 0
volume_proxy 333 -1.33030966 -0.729386993 0.00840727109 0 0 0
volume_proxy 334 0.645401271 -0.750514595 0.00697674278 0 0 0
volume_proxy 335 -0.875312895 -0.302811926 -0.000284732171 0 0 0
volume_proxy 337 -0.83274413 0.412733764 0.00303714273 0 0 0
volume_proxy 338 -0.27688941 -0.169338264 0.00511706294 0 0 0
volume_proxy 339 -0.5519046 -0.387096988 -0.00258589526 0 0 0
volume_proxy 341 1.09392858 0.602921932 -0.0102242899 0 0 0
volume_proxy 342 -0.267698897 0.0590948513 0.00394508162 0 0 0
volume_proxy 343 -0.29444075 0.872280213 0.0044129528 0 0 0
volume_proxy 344 0.778751448 0.152250574 0.00370750978 0 0 0
volume_proxy 345 -0.72687721 0.0843428185 -0.000559117417 0 0 0
volume_proxy 347 0.12381722 -0.00752835184 0.00850710095 0 0 0
volume_proxy 349 -0.015419163 0.181623171 0.00190048015 0 0 0
volume_proxy 350 -0.778791435 0.515217225 -0.00799434721 0 0 0
volume_proxy 351 -1.39277073 0.187977237 -0.00875004461 0 0 0
volume_proxy 353 -0.0105292815 0.551903863 5.2022813e-05 0 0 0
volume_proxy 355 1.00099238 0.0453904629 -0.00152256333 0 0 0
volume_proxy 356 0.612253243 0.328752041 0.003547318 0 0 0
volume_proxy 357 -0.9454625 -0.625758204 0.00944058345 0 0 0
volume_proxy 358 1.37196704 0.865211171 -0.00697281812 0 0 0
volume_proxy 359 0.457394262 0.00260431491 -0.00112900699 0 0 0
volume_proxy 361 0.229051064 -0.556819561 -0.000934917936 0 0 0
volume_proxy 363 1.13906903 0.797383212 -0.00714978431 0 0 0
volume_proxy 370 1.45446554 0.243493497 0.000648655573 0 0 0
volume_proxy 371 -1.31151722 0.352257432 0.00040751671 0 0 0
volume_proxy 372 0.329888548 0.0993454662 -0.00979035801 0 0 0
volume_proxy 373 1.09440321 0.000916657114 0.00379991647 0 0 0
volume_proxy 374 1.22565155 -0.788275396 0.00482816455 0 0 0
volume_proxy 375 1.15139541 0.387997182 -0.00899082052 0 0 0
volume_proxy 376 0.161237222 -0.07083133 -0.00956478923 0 0 0
volume_proxy 377 0.758888783 -0.607126692 -0.00455854406 0 0 0
volume_proxy 379 -1.37169376 0.284573565 -0.00307421077 0 0 0
volume_proxy 380 -0.617190155 -0.535676794 -0.00948183301 0 0 0
volume_proxy 382 -0.431880571 -0.42680857 -0.00440008231 0 0 0
volume_proxy 383 0.138246319 -0.999501609 -0.00890554766 0 0 0
volume_proxy 384 -0.038415912 0.741010058 -0.00378726102 0 0 0
volume_proxy 387 -0.223245423 0.430982805 0.00686361387 0 0 0
volume_proxy 388 -1.40085919 0.157270484 -0.00362158389 0 0 0
volume_proxy 389 -0.190952314 0.293975714 0.00523470122 0 0 0
volume_proxy 390 -1.41234483 -0.50988832 0.00679272236 0 0 0
volume_proxy 391 -1.46446763 0.76062781 0.000959318621 0 0 0
volume_proxy 392 -0.516972053 0.585824456 -0.00420471978 0 0 0
volume_proxy 393 1.05008142 0.0729717807 -0.00780570143 0 0 0
volume_proxy 394 -0.886047134 0.921370434 -0.00742441852 0 0 0
volume_proxy 395 -0.117950744 -0.735263737 -0.00926913708 0 0 0
volume_proxy 396 -0.910282554 0.840510383 0.00624880282 0 0 0
volume_proxy 397 1.16781696 0.197485009 -0.00205689909 0 0 0
volume_proxy 399 0.683416241 -0.957120455 0.00316657747 0 0 0
volume_proxy 400 -0.714124093 -0.347917208 -0.00212283679 0 0 0
volume_proxy 401 0.500279309 0.2946683 0.00953753879 0 0 0
volume_proxy 402 -0.711603351 -0.411299406 0.00439588361 0 0 0
volume_proxy 404 -0.245266949 -0.88550347 0.0037156204 0 0 0
volume_proxy 405 0.901984937 -0.14390454 0.00178265417 0 0 0
volume_proxy 406 1.18168184 -0.176630922 -0.000954727487 0 0 0
volume_proxy 408 0.207037698 -0.644567158 0.010200274 0 0 0
volume_proxy 409 -0.0567912464 -0.811944256 0.00112754636 0 0 0
volume_proxy 411 -0.182378316 0.310763476 0.00805341151 0 0 0
volume_proxy 412 1.450823 0.10312144 -0.00297658409 0 0 0
volume_proxy 413 0.488684908 0.400247105 0.00928933721 0 0 0
volume_proxy 414 1.44218725 0.526859269 -0.00545570862 0 0 0
volume_proxy 415 -0.948555388 -0.888006003 -0.00231566586 0 0 0
volume_proxy 418 0.131602324 -0.535881228 -0.00117039322 0 0 0
volume_proxy 419 -1.21555182 -0.502366812 -0.00159173336 0 0 0
volume_proxy 422 -0.301174414 0.324562082 0.00804017691 0 0 0
volume_proxy 424 0.774372771 0.859947365 -0.00330952681 0 0 0
volume_proxy 425 0.225101759 -0.280689034 0.0107918761 0 0 0
volume_proxy 430 0.799531862 0.525796413 0.00700750766 0 0 0
volume_proxy 431 -1.46012299 -0.8230816 0.00735072261 0 0 0
volume_proxy 434 -0.466665014 -0.563582371 -0.00401928975 0 0 0
volume_proxy 435 -1.36640174 -0.953020311 -0.00801302267 0 0 0
volume_proxy 438 -0.284348608 -0.0118829009 0.00793235954 0 0 0
volume_proxy 440 0.327500841 -0.688315235 -0.00848922505 0 0 0
volume_proxy 442 -0.321709621 -0.824693092 0.00510182564 0 0 0
volume_proxy 443 0.976492979 -0.601364659 0.00481426093 0 0 0
volume_proxy 444 0.83842055 -0.901290844 0.00431563709 0 0 0
volume_proxy 445 -1.14596781 -0.558495331 0.00574416436 0 0 0
volume_proxy 448 -0.725730914 0.0817589828 -0.0081416634 0 0 0
volume_proxy 451 0.499596969 -0.574195105 -0.00894981241 0 0 0
volume_proxy 453 -1.22314628 0.533480318 0.00824145531 0 0 0
volume_proxy 455 0.901051927 0.318625898 -0.00153804898 0 0 0
volume_proxy 456 0.675315926 -0.776912987 -0.00284112164 0 0 0
volume_proxy 457 -1.3681866 0.610321728 -0.00283173651 0 0 0
volume_proxy 459 -0.619115677 0.442564956 -0.000771557966 0 0 0
volume_proxy 462 -0.413476734 -0.556059248 -0.0063034279 0 0 0
volume_proxy 463 0.461357499 -0.525661698 0.00810671587 0 0 0
volume_proxy 468 0.520213937 0.246656987 -0.00848780037 0 0 0
volume_proxy 470 1.35341766 0.905897344 0.0101698802 0 0 0
volume_proxy 471 0.773777521 -0.891634237 -0.00247123505 0 0 0
volume_proxy 472 0.946691302 0.841456722 0.00735478419 0 0 0
volume_proxy 481 0.534117791 -0.588435877 -0.0107818214 0 0 0
volume_proxy 484 0.210495156 -0.606637595 0.00209096271 0 0 0
volume_proxy 487 -0.506510643 0.870526181 -0.00859141056 0 0 0
volume_proxy 488 -0.921545757 -0.949492246 0.000493498048 0 0 0
volume_proxy 489 -0.738499164 -0.751198021 -0.0047735291 0 0 0
volume_proxy 492 1.13073196 -0.904432962 -0.00405187307 0 0 0
volume_proxy 493 -1.17993815 -0.555152392 0.00177151733 0 0 0
volume_proxy 494 -0.492626064 0.796177609 0.00481324556 0 0 0
volume_proxy 495 -0.703183687 -0.250763998 0.00899709458 0 0 0
volume_proxy 497 -1.47056232 -0.928096806 -0.000288135422 0 0 0
volume_proxy 499 1.28198983 -0.896037804 -0.00310175995 0 0 0
volume_proxy 500 -0.922610863 -0.184776111 -0.000371034265 0 0 0
volume_proxy 501 -1.36554862 0.998028766 -0.00371851084 0 0 0
volume_proxy 502 0.782003959 -0.4623386 0.00717731407 0 0 0
volume_proxy 503 0.00922830819 0.204146573 0.00701023869 0 0 0
volume_proxy 504 1.47458884 0.498086573 -0.00179327954 0 0 0
volume_proxy 506 1.00887434 -0.419872042 -0.00898779903 0 0 0
volume_proxy 508 0.842232013 0.74744634 -0.00884799251 0 0 0
volume_proxy 510 -0.0876297041 -0.684572903 -0.0100570037 0 0 0
volume_proxy 512 0.351592394 -0.518544933 0.00650923921 0 0 0
volume_proxy 513 0.48232334 -0.375725196 0.00416991775 0 0 0
volume_proxy 518 1.09217198 -0.531275009 0.00843805776 0 0 0
volume_proxy 519 -1.07453018 0.898345363 -0.00899668345 0 0 0
volume_proxy 526 0.824554429 0.823265559 -0.00290705928 0 0 0
volume_proxy 527 -0.599597524 -0.258105252 0.00252795478 0 0 0
volume_proxy 531 0.131391141 0.433062954 -0.00179488832 0 0 0
volume_proxy 533 -0.79457048 -0.626577292 0.00341534602 0 0 0
volume_proxy 534 -0.594517112 -0.949588255 -0.00646278237 0 0 0
volume_proxy 537 -1.23538293 0.193645428 -0.00782770492 0 0 0
volume_proxy 540 0.567567621 -0.741212547 -0.000783116009 0 0 0
volume_proxy 544 0.411802479 0.778372381 0.00502437466 0 0 0
volume_proxy 546 -0.99365392 -0.536447621 0.00290460139 0 0 0
volume_proxy 547 1.29305979 0.571136695 0.0101212425 0 0 0
volume_proxy 549 0.418150488 -0.759595386 -0.00438296895 0 0 0
volume_proxy 550 0.214334394 -0.0213681429 -0.00434208817 0 0 0
volume_proxy 554 0.0406325145 -0.150740443 0.00381347665 0 0 0
volume_proxy 558 0.367716785 -0.852948357 0.00290293626 0 0 0
volume_proxy 559 0.997730738 0.698690064 -0.00214432611 0 0 0
volume_proxy 561 0.954082773 0.645145796 -0.00553656231 0 0 0
volume_proxy 562 -0.943297209 0.639803388 -0.0105969036 0 0 0
volume_proxy 563 -0.693849537 0.774192178 0.00276910062 0 0 0
volume_proxy 565 -0.0672167405 0.000880133682 0.00843543238 0 0 0
volume_proxy 568 -0.49988782 0.350176505 -0.00230376313 0 0 0
volume_proxy 571 1.04052724 0.920219338 -0.00978524054 0 0 0
volume_proxy 572 0.198968515 -0.654387237 0.0107815421 0 0 0
volume_proxy 574 0.239279946 -0.378926005 0.00136159404 0 0 0
volume_proxy 575 -1.44438843 0.996968134 -0.0103205167 0 0 0
volume_proxy 578 -0.632564469 0.788137136 0.00233587054 0 0 0
volume_proxy 579 -0.947751573 0.675857453 -0.00788009645 0 0 0
volume_proxy 581 0.644469708 0.997308614 -0.00109663641 0 0 0
volume_proxy 582 1.12859496 -0.29883564 -0.0015937327 0 0 0
volume_proxy 584 -0.929806333 0.102942679 0.00227424613 0 0 0
volume_proxy 585 0.315743909 -0.976774667 -0.0083060791 0 0 0
volume_proxy 590 1.38248487 0.0465160153 0.00580107139 0 0 0
volume_proxy 591 -0.750576377 -0.357408398 -0.00397697173 0 0 0
volume_proxy 594 -0.909727917 -0.285856471 -0.00558432138 0 0 0
volume_proxy 595 0.753637496 0.85348367 0.00917683671 0 0 0
volume_proxy 600 0.811462772 0.739629057 -0.008931301 0 0 0
volume_proxy 602 -0.0159244786 -0.238127064 -0.00936397045 0 0 0
volume_proxy 603 0.0165071179 -0.475663775 0.00111630835 0 0 0
volume_proxy 604 -0.620636526 0.547743548 -0.0041906173 0 0 0
volume_proxy 606 -0.455317958 0.610049743 -0.00768336416 0 0 0
volume_proxy 608 -0.600653465 -0.975770093 -0.00971534693 0 0 0
volume_proxy 610 -1.33407748 0.0355126905 0.00508192349 0 0 0
volume_proxy 613 -0.98553749 -0.847691671 -0.00756705283 0 0 0
volume_proxy 615 1.49286521 -0.814905796 -0.0105439244 0 0 0
volume_proxy 616 1.25805703 -0.279412808 0.00407671478 0 0 0
volume_proxy 621 0.269508271 -0.79911779 3.26068034e-05 0 0 0
volume_proxy 624 0.638763588 0.692836352 0.00373478745 0 0 0
volume_proxy 625 -1.36241124 0.0792227826 0.00311201845 0 0 0
volume_proxy 626 0.997229127 0.327636398 -0.000147691436 0 0 0
volume_proxy 627 0.68318946 -0.56963686 0.0104747131 0 0 0
volume_proxy 628 -0.0362012025 -0.437996515 -0.00485509416 0 0 0
volume_proxy 630 -0.847564191 -0.926124842 -0.00822797958 0 0 0
volume_proxy 633 0.221047537 -0.076072467 0.00386775545 0 0 0
volume_proxy 634 -0.889626848 0.364203518 0.00730696399 0 0 0
volume_proxy 636 1.22169307 -0.599434682 -0.00439158281 0 0 0
volume_proxy 637 -0.777689518 -0.852954834 -0.00650038931 0 0 0
volume_proxy 638 -0.591514417 0.572056546 0.00857203966 0 0 0
volume_proxy 639 -0.579795229 0.10040168 -0.000214766625 0 0 0
volume_proxy 642 0.919894452 -0.14546655 0.00591404462 0 0 0
volume_proxy 644 -0.560380135 0.854957311 0.00189705357 0 0 0
volume_proxy 645 -0.444746197 0.557778789 -0.00480977651 0 0 0
volume_proxy 647 -0.125431815 0.400633534 0.00888852228 0 0 0
volume_proxy 656 0.180183823 -0.263184263 0.0060690654 0 0 0
volume_proxy 660 1.34698879 0.713331934 -0.00150444938 0 0 0
volume_proxy 663 0.450197843 -0.365375665 -0.00623848153 0 0 0
volume_proxy 664 1.46673983 -0.923879195 -0.00163078932 0 0 0
volume_proxy 665 -0.904309274 -0.824794526 0.00611996269 0 0 0
volume_proxy 666 -0.437556884 0.341102073 0.0025020364 0 0 0
volume_proxy 669 1.18194368 -0.183478305 -0.000466343782 0 0 0
volume_proxy 675 -0.890684944 0.233699979 -0.0101044107 0 0 0
volume_proxy 677 0.142385337 0.609905611 0.00240601413 0 0 0
volume_proxy 678 -1.02452962 0.0393940202 0.00608248873 0 0 0
volume_proxy 680 1.44019685 0.00959526471 0.0079032282 0 0 0
volume_proxy 682 -0.0225944284 0.763856415 0.00656075454 0 0 0
volume_proxy 688 -0.216433358 0.401437517 0.000108374069 0 0 0
volume_proxy 691 1.13628385 0.167318047 -0.00952447771 0 0 0
volume_proxy 692 -1.33726622 -0.767369582 -0.00837093028 0 0 0
volume_proxy 693 0.312401415 0.432809573 -0.00192095372 0 0 0
volume_proxy 696 0.933827158 -0.645690098 -0.000244694257 0 0 0
volume_proxy 698 0.0948293192 0.861899842 -0.00973110161 0 0 0
volume_proxy 699 0.559258396 0.787605714 0.00653576663 0 0 0
volume_proxy 700 0.86073935 -0.361474559 -0.00252435545 0 0 0
volume_proxy 701 -0.861022541 0.862970562 -0.00598413045 0 0 0
volume_proxy 702 -0.0829175349 -0.197754949 -0.0091708648 0 0 0
volume_proxy 703 -1.39190376 -0.637594974 -0.00502473454 0 0 0
volume_proxy 704 1.38150368 -0.0759564055 0.00123754802 0 0 0
volume_proxy 708 -1.47426135 0.298108215 -0.00600176127 0 0 0
volume_proxy 710 0.322669541 0.625177877 -0.00885511972 0 0 0
volume_proxy 711 0.247170944 0.21031801 -0.00704850854 0 0 0
volume_proxy 712 0.241982547 -0.418485171 -0.00813179566 0 0 0
volume_proxy 720 1.31693559 0.986655274 -0.00344276157 0 0 0
volume_proxy 722 0.288373456 0.964985413 -0.00987445361 0 0 0
volume_proxy 725 -0.97875091 -0.800072622 0.0054749051 0 0 0
volume_proxy 731 -0.744904941 -0.261845125 -0.00276839421 0 0 0
volume_proxy 735 -0.519707887 -0.0276809309 0.00880463571 0 0 0
volume_proxy 738 -0.129816965 -0.931788196 -0.00669593914 0 0 0
volume_proxy 740 0.0855044164 0.199026602 0.00808370694 0 0 0
volume_proxy 751 0.189324867 -0.93203332 -0.00723890599 0 0 0
volume_proxy 756 0.317894971 -0.361460812 -0.00877822531 0 0 0
volume_proxy 757 0.0151814556 0.407306054 0.0106002966 0 0 0
volume_proxy 758 0.911036604 0.634105934 0.000478860955 0 0 0
volume_proxy 761 0.0111028438 0.167651195 -0.000132591415 0 0 0
volume_proxy 762 -1.00737988 0.9576261 0.00254136758 0 0 0
volume_proxy 764 -0.0182627883 0.0726530897 0.000124435993 0 0 0
volume_proxy 765 0.502456618 0.865664605 -0.0092791076 0 0 0
volume_proxy 768 -0.975621337 -0.621033182 -0.00811282016 0 0 0
volume_proxy 769 0.173409183 -0.125398416 -0.00156597462 0 0 0
volume_proxy 777 0.690374248 -0.984690703 -0.00837866685 0 0 0
volume_proxy 779 -0.199847512 0.133414979 -0.000716039584 0 0 0
volume_proxy 780 -0.734845992 0.350405181 -0.00721101035 0 0 0
volume_proxy 781 -0.788560645 0.426942804 0.00568351409 0 0 0
volume_proxy 784 1.42837347 0.373973963 -0.00621200171 0 0 0
volume_proxy 788 -0.605430258 0.121636667 -0.00598318486 0 0 0
volume_proxy 789 -0.63968284 0.180158309 -0.00931500717 0 0 0
volume_proxy 790 0.0721675551 0.192205841 -0.00531897004 0 0 0
volume_proxy 791 0.513648183 -0.436032431 -0.00468983603 0 0 0
volume_proxy 794 0.7080569 0.838987174 0.00763707065 0 0 0
volume_proxy 795 0.841866012 -0.968281551 -0.00562817751 0 0 0
volume_proxy 796 -1.13692342 0.755113824 0.0030590185 0 0 0
volume_proxy 797 -1.05711593 -0.25436773 -0.00804403067 0 0 0
volume_proxy 799 -1.49021887 0.00447248544 0.00269719116 0 0 0
volume_proxy 800 -1.40722235 0.906217762 0.00808055198 0 0 0
volume_proxy 802 0.327945518 -0.0268441351 0.00859322721 0 0 0
volume_proxy 804 0.656874357 0.564690987 -0.0059341199 0 0 0
volume_proxy 810 0.812213596 0.312343216 0.00958281741 0 0 0
volume_proxy 811 0.846634634 0.68227506 0.00297049887 0 0 0
volume_proxy 812 1.02399289 0.81903932 -0.00942222165 0 0 0
volume_proxy 814 0.984267565 -0.282143197 0.00194471048 0 0 0
volume_proxy 816 -0.991435975 -0.677846306 0.00226284822 0 0 0
volume_proxy 817 -1.39181027 0.786947056 0.00437546512 0 0 0
volume_proxy 821 0.822092919 0.753406333 -6.38612386e-05 0 0 0
volume_proxy 822 0.16596339 -0.694186964 0.00695320034 0 0 0
volume_proxy 824 1.49062152 -0.660431338 -0.00910279939 0 0 0
volume_proxy 825 1.12169636 0.963437249 -0.00463067959 0 0 0
volume_proxy 826 -0.181325554 0.509225714 -0.00827142798 0 0 0
volume_proxy 827 1.35877617 0.134432115 0.00655970528 0 0 0
volume_proxy 829 0.80420201 0.785144782 -0.000622223006 0 0 0
volume_proxy 831 -1.44579244 0.978413841 0.00714483121 0 0 0
volume_proxy 833 -0.606051678 -0.186925807 -0.000674883774 0 0 0
volume_proxy 834 -0.723364381 0.0479950159 -0.00767914454 0 0 0
volume_proxy 835 0.20319045 -0.724154726 0.00737272719 0 0 0
volume_proxy 837 -0.350339985 -0.227742353 -0.000160304849 0 0 0
volume_proxy 839 -0.0035737769 -0.465892054 0.0041367762 0 0 0
volume_proxy 841 -0.580928008 0.692813562 -0.0048261084 0 0 0
volume_proxy 842 1.32556863 -0.492804092 -0.00902168758 0 0 0
volume_proxy 843 -1.32436957 0.978811734 -0.0107115912 0 0 0
volume_proxy 846 1.39307131 0.14592929 -0.00103659707 0 0 0
volume_proxy 848 -1.29975518 -0.169782455 0.00444236934 0 0 0
volume_proxy 852 -0.21461791 0.6481311 0.000409381799 0 0 0
volume_proxy 853 0.930996544 -0.461855 -0.00239288364 0 0 0
volume_proxy 854 -0.233540497 0.893182663 -0.0101313081 0 0 0
volume_proxy 855 -0.722856132 0.762937392 0.0101001488 0 0 0
volume_proxy 856 1.06253758 0.352356936 0.000996509213 0 0 0
volume_proxy 857 1.34912151 -0.799095066 0.0104719684 0 0 0
volume_proxy 859 0.661430343 0.460419352 -0.0064626023 0 0 0
volume_proxy 860 -0.445572459 -0.382551469 0.00369460241 0 0 0
volume_proxy 861 -0.269603285 -0.200911498 0.0067005427 0 0 0
volume_proxy 862 -0.350865409 -0.291754522 -0.00248909022 0 0 0
volume_proxy 864 -0.470767298 0.660145205 0.0096964236 0 0 0
volume_proxy 865 -1.04084158 0.491846528 0.00558861794 0 0 0
volume_proxy 867 -0.975687869 0.366497279 -0.000999166205 0 0 0
volume_proxy 868 0.639074857 -0.111508891 -0.000137547988 0 0 0
volume_proxy 869 1.2015608 0.773793753 0.00386770721 0 0 0
volume_proxy 872 0.950423973 -0.621005028 0.0105820931 0 0 0
volume_proxy 873 0.668455258 -0.696778514 -0.000684444033 0 0 0
volume_proxy 874 0.786000598 0.674277353 -0.00916135362 0 0 0
volume_proxy 875 -0.384011639 -0.90281802 -0.00436526503 0 0 0
volume_proxy 876 -0.305694485 -0.868958782 -0.00433833564 0 0 0
volume_proxy 877 -0.353056597 -0.434440459 -0.00227989253 0 0 0
volume_proxy 878 1.31634447 -0.587916391 0.00745592083 0 0 0
volume_proxy 879 1.35909235 -0.753287296 -0.00557357902 0 0 0
volume_proxy 881 -0.261947882 -0.343312262 0.00220754836 0 0 0
volume_proxy 882 -0.420760805 -0.360612089 -0.00274726611 0 0 0
volume_proxy 883 -0.289337151 0.876061336 -0.00416841492 0 0 0
volume_proxy 885 -0.218066513 0.355453413 -0.00314675804 0 0 0
volume_proxy 887 -1.14778469 0.464249223 -0.00897659721 0 0 0
volume_proxy 888 1.03231269 -0.422624073 0.00484123754 0 0 0
volume_proxy 889 -1.24682918 0.831528815 0.00422538902 0 0 0
volume_proxy 890 1.2002668 0.92070062 -0.00966822152 0 0 0
volume_proxy 891 -0.628170129 -0.852935978 0.00158732505 0 0 0
volume_proxy 893 1.11007522 -0.485520184 0.00461474484 0 0 0
volume_proxy 894 1.45707199 -0.62690364 0.00657921873 0 0 0
volume_proxy 895 0.384514514 -0.91254749 -0.0105269301 0 0 0
volume_proxy 896 1.12626284 0.00545351887 0.00513378923 0 0 0
volume_proxy 897 -0.812992557 0.674044279 0.00143928345 0 0 0
volume_proxy 898 0.944090918 -0.687199545 0.00976412479 0 0 0
volume_proxy 899 0.96542417 -0.541847005 0.00883885058 0 0 0
volume_proxy 900 -0.846153233 -0.891768966 -0.00478381677 0 0 0
volume_proxy 901 -0.153634689 0.905071399 -0.00977465316 0 0 0
volume_proxy 902 0.0411023851 0.688172698 0.00523389094 0 0 0
volume_proxy 903 0.223953577 0.351240144 -0.0054169763 0 0 0
volume_proxy 904 -0.986565374 0.503886211 0.00377337368 0 0 0
volume_proxy 905 -0.258592436 -0.988733061 0.00159405306 0 0 0
volume_proxy 906 1.2745554 0.510886666 0.00954136997 0 0 0
volume_proxy 907 -0.756579497 -0.796940644 0.00638761149 0 0 0
volume_proxy 908 -0.00227918581 0.545597997 0.010061495 0 0 0
volume_proxy 909 -1.09539528 -0.693791778 0.00650476275 0 0 0
volume_proxy 910 -1.3462581 0.59397813 0.000695844426 0 0 0
volume_proxy 911 1.35717259 0.225996263 -0.00873943415 0 0 0
volume_proxy 912 1.48034301 0.186373703 0.00687974076 0 0 0
volume_proxy 913 -1.23637461 -0.920788878 0.00594404128 0 0 0
volume_proxy 914 -0.0805675613 -0.818517533 0.000373285699 0 0 0
volume_proxy 915 -0.0257073989 -0.503759102 0.00549657807 0 0 0
volume_proxy 916 -0.729846372 0.11579462 -0.00853037739 0 0 0
volume_proxy 917 -0.423570315 0.074805503 -0.00975928147 0 0 0
volume_proxy 918 -0.409020067 0.0743733736 0.00869843509 0 0 0
volume_proxy 919 -1.13888124 0.45348309 -0.00908723236 0 0 0
volume_proxy 920 -1.11928458 0.466227488 0.00922547593 0 0 0
