volume_proxy 0 0.455208112 -0.436182669 -0.00583635688 0 0 0
volume_proxy 6 0.0345140363 0.733202927 -0.00472787492 0 0 0
volume_proxy 11 1.37031419 0.926658018 0.00233182966 0 0 0
volume_proxy 12 1.17620837 -0.0692004779 -0.00451945121 0 0 0
volume_proxy 14 -1.2917012 0.522676183 -0.00145328872 0 0 0
volume_proxy 23 0.536067653 -0.177068017 -0.00543812567 0 0 0
volume_proxy 38 -1.25385071 -0.859477365 -0.00968753346 0 0 0
volume_proxy 40 -1.07320539 0.252140122 -0.00621727045 0 0 0
volume_proxy 50 -0.610764559 -0.465744207 0.00353453509 0 0 0
volume_proxy 53 -1.0207173 0.356435144 -0.00575313852 0 0 0
volume_proxy 58 1.2563556 -0.794895406 0.00756091267 0 0 0
volume_proxy 60 0.0614853879 0.878576145 0.0102390109 0 0 0
volume_proxy 85 -1.36057326 0.447113059 0.0106711529 0 0 0
volume_proxy 97 1.08202687 0.928282325 0.00751332524 0 0 0
volume_proxy 107 0.922108551 -0.0599781353 0.00444334665 0 0 0
volume_proxy 127 -1.08504799 -0.884669152 -0.00413687851 0 0 0
volume_proxy 130 0.35631744 -0.498241133 -0.00659735171 0 0 0
volume_proxy 140 -0.84000378 0.594383599 0.00756277329 0 0 0
volume_proxy 157 0.658912451 -0.994553413 0.00505821827 0 0 0
volume_proxy 159 1.40250383 0.807701088 0.000325504036 0 0 0
volume_proxy 161 -0.247467803 0.522266175 0.0106847764 0 0 0
volume_proxy 176 1.49440525 0.00939858765 0.00782315867 0 0 0
volume_proxy 186 -1.06442852 -0.41180217 -0.00932630306 0 0 0
volume_proxy 189 -0.350425148 -0.248398174 -0.000286322724 0 0 0
volume_proxy 195 -1.43607139 -0.970972431 -0.0085519469 0 0 0
volume_proxy 196 0.388670952 0.440181115 -0.00745744319 0 0 0
volume_proxy 200 -1.35724584 -0.301156203 -0.00694093856 0 0 0
volume_proxy 202 0.241553068 0.752313237 -0.00602201174 0 0 0
volume_proxy 209 -1.02283815 0.088159101 -0.00514645073 0 0 0
volume_proxy 210 0.292094795 0.897224749 -0.00735070126 0 0 0
volume_proxy 226 0.584302793 -0.666788517 -0.00855289059 0 0 0
volume_proxy 236 1.16901424 -0.78565924 -0.00225737321 0 0 0
volume_proxy 247 1.11908823 0.549967206 -0.0042281623 0 0 0
volume_proxy 256 -1.08255042 0.899333138 -0.00928018975 0 0 0
volume_proxy 259 0.803055548 0.442918924 -0.00701639784 0 0 0
volume_proxy 269 -1.41037742 -0.064583879 -0.00290881013 0 0 0
volume_proxy 277 -0.588037274 -0.154406668 -0.00174882185 0 0 0
volume_proxy 296 -1.34054386 0.942753214 0.00152031515 0 0 0
volume_proxy 305 0.75502903 -0.324035779 0.00426342946 0 0 0
volume_proxy 310 0.421650635 0.198065589 0.00343897665 0 0 0
volume_proxy 344 -1.26667325 -0.330814813 0.00970046943 0 0 0
volume_proxy 347 -0.493716813 0.841442147 0.00677410705 0 0 0
volume_proxy 356 -0.19775035 0.0759878815 0.0103668941 0 0 0
volume_proxy 375 0.664910519 -0.195593514 0.00405714838 0 0 0
volume_proxy 388 1.38512799 -0.124415911 -0.00327248941 0 0 0
volume_proxy 802 1.06129637 0.3893131 -0.00965315572 0 0 0
volume_proxy 1052 -1.16833277 -0.719289986 0.00739225802 0 0 0
volume_proxy 1066 0.00338801575 0.473385086 -0.00118894808 0 0 0
volume_proxy 1120 -0.849524927 0.570656196 -0.00745744741 0 0 0
volume_proxy 1166 -0.932941614 -0.250260222 0.00754966562 0 0 0
volume_proxy 1193 -1.08832133 -0.331393212 -0.00905181533 0 0 0
volume_proxy 1225 -0.835774862 -0.491066744 0.00138840077 0 0 0
volume_proxy 1245 -1.32805772 -0.0059216373 -0.00403612879 0 0 0
volume_proxy 1280 -0.393988211 0.965315629 -0.00735330342 0 0 0
volume_proxy 1285 -1.25242072 0.721205795 -0.0104379604 0 0 0
volume_proxy 1295 0.745746583 0.00720383833 0.00918851612 0 0 0
volume_proxy 1296 0.054321723 -0.652966545 0.00550420723 0 0 0
volume_proxy 1340 0.677638046 0.4206273 0.00781641432 0 0 0
volume_proxy 1380 -1.0077397 -0.179060135 -0.00247772358 0 0 0
volume_proxy 1386 1.42777906 0.615148787 -0.00909740317 0 0 0
volume_proxy 1397 0.776082887 0.813606583 0.00118980784 0 0 0
volume_proxy 1409 -0.0707976406 0.80728992 -0.00291922429 0 0 0
volume_proxy 1413 1.33745964 0.577243453 0.00460990667 0 0 0
volume_proxy 1422 -0.0184890741 -0.668285663 0.00342376287 0 0 0
volume_proxy 1433 1.19916317 0.556408664 0.00297646043 0 0 0
volume_proxy 1437 0.191846282 -0.142227194 -0.0095883601 0 0 0
volume_proxy 1447 1.48680994 0.0225273106 0.00956049214 0 0 0
volume_proxy 1459 -1.23843891 -0.0860376837 -0.00918992009 0 0 0
volume_proxy 1460 0.137175192 0.863902946 0.00130244418 0 0 0
volume_proxy 1461 -0.924580676 0.729890856 -0.00953628407 0 0 0
volume_proxy 1466 -0.520421812 0.310589367 -0.00654787872 0 0 0
volume_proxy 1472 -1.1933963 0.727377491 -0.00617031496 0 0 0
volume_proxy 1474 1.41443703 -0.648592241 0.0102782512 0 0 0
volume_proxy 1481 0.588840351 0.390283327 -0.0106300526 0 0 0
volume_proxy 1482 0.933116989 0.362850637 -0.00724221952 0 0 0
volume_proxy 1485 0.368492651 -0.2941671 0.00669152756 0 0 0
volume_proxy 1489 0.123350259 -0.9404762 -0.00324076434 0 0 0
volume_proxy 1490 1.08937559 0.998327567 -0.00818904011 0 0 0
volume_proxy 1494 1.32257269 -0.057905061 -0.00150727081 0 0 0
volume_proxy 1496 -1.35604612 0.49198206 -0.00519966636 0 0 0
volume_proxy 1498 0.0358373236 0.119991711 -0.00158390693 0 0 0
volume_proxy 1503 -1.13973176 -0.609718014 -0.00462167612 0 0 0
volume_proxy 1506 -0.115844796 0.702417909 0.000560199982 0 0 0
volume_proxy 1507 -1.31761532 0.184361287 0.0101034683 0 0 0
volume_proxy 1508 -0.388842395 -0.346157609 -0.00841114118 0 0 0
volume_proxy 1509 -1.32611574 0.206756245 -0.000259474032 0 0 0
volume_proxy 1510 0.0891821968 -0.689158857 -0.00195654455 0 0 0
volume_proxy 1511 1.1075513 0.404780241 -0.00392110497 0 0 0
volume_proxy 1513 -1.48447461 0.662852806 0.00289899641 0 0 0
volume_proxy 1515 0.876829622 -0.683894261 -0.00655974694 0 0 0
volume_proxy 1516 -0.0975490067 -0.91729153 -0.0100506956 0 0 0
volume_proxy 1517 -0.94257462 -0.438711672 0.00593754093 0 0 0
volume_proxy 1519 -0.0670997741 -0.577309239 -0.00814704018 0 0 0
volume_proxy 1520 0.333587629 -0.390511848 -0.00963568635 0 0 0
volume_proxy 1521 -1.04155127 -0.631837334 0.00800525214 0 0 0
volume_proxy 1523 0.524646523 -0.111399583 0.00263957055 0 0 0
volume_proxy 1525 -0.692898108 0.876125553 -0.00505500947 0 0 0
volume_proxy 1526 0.86926254 -0.717542712 0.00543062507 0 0 0
volume_proxy 1528 0.585908842 -0.625491949 0.00841478283 0 0 0
volume_proxy 1529 -1.12992639 0.408470402 -0.00598922361 0 0 0
volume_proxy 1531 0.294209434 0.446097024 0.00657724349 0 0 0
volume_proxy 1533 1.17761546 -0.230961343 -0.00395460041 0 0 0
volume_proxy 1534 0.575070682 0.93797347 -0.00184247401 0 0 0
volume_proxy 1535 0.661332052 0.76744787 -0.00264958806 0 0 0
volume_proxy 1536 -0.745817615 -0.748386518 0.000434757593 0 0 0
volume_proxy 1537 -0.552536942 -0.733468033 -0.00119184051 0 0 0
