volume_proxy 0 0.188921784 0.228448462 -0.00451323988 0 0 0
volume_proxy 5 0.673630397 -0.716138198 -0.00746367905 0 0 0
volume_proxy 6 -0.158670266 -0.151088592 -0.0026883072 0 0 0
volume_proxy 11 1.32770823 0.416363464 -0.00520496888 0 0 0
volume_proxy 12 0.43153415 -0.548480867 -0.00559799007 0 0 0
volume_proxy 14 -0.732373674 0.768811597 0.00915472411 0 0 0
volume_proxy 23 1.27126095 -0.656908788 -0.0100552824 0 0 0
volume_proxy 38 -0.242920661 -0.573090306 0.00144261336 0 0 0
volume_proxy 40 -0.897649156 -0.360736469 0.00109233041 0 0 0
volume_proxy 50 -0.81476025 -0.287124892 -0.00462493486 0 0 0
volume_proxy 53 -1.1839508 0.719197795 -0.00466944331 0 0 0
volume_proxy 58 0.797036816 -0.790863379 -0.000570818022 0 0 0
volume_proxy 60 0.108479052 0.243151732 0.0105811798 0 0 0
volume_proxy 85 -1.20804431 0.800347399 -0.0077628953 0 0 0
volume_proxy 97 0.695599993 0.699829296 -0.00164193549 0 0 0
volume_proxy 107 1.44796323 -0.244976579 -0.00631373761 0 0 0
volume_proxy 127 -1.36951216 -0.539969809 -0.00834355119 0 0 0
volume_proxy 130 0.763881397 0.893992947 -0.00450796082 0 0 0
volume_proxy 140 -1.14970666 0.974251103 0.000899030482 0 0 0
volume_proxy 157 1.05199117 0.430689621 -0.000836430896 0 0 0
volume_proxy 159 1.01303265 0.609834522 -0.00510535611 0 0 0
volume_proxy 161 0.627013026 0.682609207 0.00404737285 0 0 0
volume_proxy 176 0.784806717 -0.278934117 0.00272377311 0 0 0
volume_proxy 186 -1.42724313 -0.473748742 0.000156888783 0 0 0
volume_proxy 189 -1.21647198 0.95247436 -0.0102499649 0 0 0
volume_proxy 195 -0.791375045 -0.0599812971 -0.00220343315 0 0 0
volume_proxy 196 0.90491195 0.26895293 -0.00792964008 0 0 0
volume_proxy 200 -0.637109968 -0.834068388 0.00054787388 0 0 0
volume_proxy 202 0.0505723545 0.773021829 -0.00749669585 0 0 0
volume_proxy 209 -1.2733489 -0.346579288 0.00457871001 0 0 0
volume_proxy 210 -0.767522298 0.798532661 0.00103778769 0 0 0
volume_proxy 226 0.128501957 0.0453678379 0.00107707406 0 0 0
volume_proxy 236 1.20652917 0.255887532 0.00876314142 0 0 0
volume_proxy 247 0.428965642 0.823708356 0.00382315104 0 0 0
volume_proxy 256 -1.09061111 0.83139366 -0.00113748286 0 0 0
volume_proxy 259 0.908867491 0.373380856 0.00474878575 0 0 0
volume_proxy 269 -0.940798614 0.123004795 -0.00715922789 0 0 0
volume_proxy 277 -1.16841545 -0.11335547 0.00671076075 0 0 0
volume_proxy 296 -1.37454443 0.53950196 -0.00978536661 0 0 0
volume_proxy 305 1.26091941 -0.601589262 -0.00521227337 0 0 0
volume_proxy 310 -0.321783852 -0.961243178 -0.00979116742 0 0 0
volume_proxy 344 -1.01312268 0.662459821 0.00505526928 0 0 0
volume_proxy 347 -0.0818663472 0.892052691 -0.00059221843 0 0 0
volume_proxy 356 -0.693243947 0.319177265 -0.00630016144 0 0 0
volume_proxy 375 1.03443472 -0.855165078 -0.00558609513 0 0 0
volume_proxy 388 1.0035147 -0.346540504 0.00214675005 0 0 0
volume_proxy 802 1.43539804 -0.188520303 -0.00121300666 0 0 0
volume_proxy 1052 -1.06779514 -0.643733645 -0.00216316751 0 0 0
volume_proxy 1066 -0.788576481 0.260150714 -0.0102967256 0 0 0
volume_proxy 1120 -0.385713209 0.326303505 0.00432846318 0 0 0
volume_proxy 1166 -0.651423406 0.442144619 -0.00722958494 0 0 0
volume_proxy 1169 1.06829254 -0.743201542 0.00263105261 0 0 0
volume_proxy 1193 -1.46713123 -0.495106991 -0.00704250364 0 0 0
volume_proxy 1225 -0.399792955 -0.466996183 0.00994598811 0 0 0
volume_proxy 1245 -1.45481182 -0.311739542 -0.00380588923 0 0 0
volume_proxy 1280 -0.818979445 0.764236486 0.00946017571 0 0 0
volume_proxy 1285 -1.27889857 0.310831193 0.00207147831 0 0 0
volume_proxy 1295 -0.259317692 -0.284835667 -0.0106484386 0 0 0
volume_proxy 1296 0.381769536 -0.474817428 -0.00337794728 0 0 0
volume_proxy 1340 0.938736569 0.730953317 0.00541648365 0 0 0
volume_proxy 1380 -0.202642296 0.799154562 0.00280532116 0 0 0
volume_proxy 1386 1.05914876 0.339895374 -0.00182277424 0 0 0
volume_proxy 1397 1.36333448 0.942660375 -0.00642761937 0 0 0
volume_proxy 1409 0.125481787 0.892411681 0.00711371082 0 0 0
volume_proxy 1413 0.882045349 0.843461351 -0.00938886744 0 0 0
volume_proxy 1422 0.630970612 -0.375886334 -0.00813698272 0 0 0
volume_proxy 1433 1.24037312 0.743972673 -0.00264198457 0 0 0
volume_proxy 1434 0.0308311753 -0.977000426 0.00503846816 0 0 0
volume_proxy 1437 -0.113734997 -0.0401224151 0.00781001896 0 0 0
volume_proxy 1439 0.0833025141 0.83645642 -0.00777559842 0 0 0
volume_proxy 1447 0.747066396 -0.111334173 -0.00755188966 0 0 0
volume_proxy 1459 -1.02370287 0.563382479 0.00322545951 0 0 0
volume_proxy 1460 0.218729134 0.466615509 0.000200998602 0 0 0
volume_proxy 1461 -0.641997675 0.683409295 0.00726313335 0 0 0
volume_proxy 1466 -0.525630862 0.193428313 0.00567390138 0 0 0
volume_proxy 1472 -0.593740503 0.450411257 0.00338715488 0 0 0
volume_proxy 1474 0.872387019 -0.725868685 0.00698779425 0 0 0
volume_proxy 1481 0.764286927 0.459295454 -0.00342444261 0 0 0
volume_proxy 1482 1.00076491 0.0959533429 -0.000329139442 0 0 0
volume_proxy 1485 0.370525405 -0.605206129 0.00223403382 0 0 0
volume_proxy 1489 0.0876656306 -0.718378056 -0.00484390504 0 0 0
volume_proxy 1490 1.18534536 0.931198185 -0.006344726 0 0 0
volume_proxy 1494 1.2337019 -0.203939713 0.00266281955 0 0 0
volume_proxy 1496 -0.925329861 0.587315277 0.00568229911 0 0 0
volume_proxy 1498 -0.144469362 0.330071961 0.00563999923 0 0 0
volume_proxy 1501 -0.487634854 -0.608244168 0.00923560089 0 0 0
volume_proxy 1503 0.20303196 0.0771204259 -0.000611099641 0 0 0
volume_proxy 1506 0.294386922 0.921996696 -0.00241941014 0 0 0
volume_proxy 1507 -1.24595367 -0.638038618 -0.00979127659 0 0 0
volume_proxy 1508 -0.852620884 -0.858501435 -0.00717354001 0 0 0
volume_proxy 1509 -1.37271766 0.484145846 -0.0022511673 0 0 0
volume_proxy 1510 0.253368261 -0.736829296 0.00285443415 0 0 0
volume_proxy 1511 1.37079597 0.62095755 0.010246687 0 0 0
volume_proxy 1513 -1.49425453 0.728911019 0.006299643 0 0 0
volume_proxy 1515 0.744707662 0.247102731 0.00467762324 0 0 0
volume_proxy 1516 -0.262511408 -0.995615776 -0.000684533143 0 0 0
volume_proxy 1517 -0.798465443 -0.48461851 0.00937785317 0 0 0
volume_proxy 1519 0.241541431 -0.287640544 0.00153690606 0 0 0
volume_proxy 1520 0.293980327 -0.127687405 0.00607540585 0 0 0
volume_proxy 1521 -0.569708834 -0.0881545154 -0.00583836323 0 0 0
volume_proxy 1522 0.491304122 0.501308625 0.00838218851 0 0 0
volume_proxy 1523 1.46366862 -0.0811388728 -0.00948741532 0 0 0
volume_proxy 1525 -1.07215968 0.984503447 0.0104518477 0 0 0
volume_proxy 1526 1.1365097 -0.324415194 0.00786571672 0 0 0
volume_proxy 1528 0.686361502 -0.600614915 -0.00375741434 0 0 0
volume_proxy 1529 -0.847511106 -0.0435825298 -0.000990431951 0 0 0
volume_proxy 1530 -0.773108158 -0.43355839 -0.00715785979 0 0 0
volume_proxy 1531 0.396717252 0.480596099 0.00831910357 0 0 0
