volume_proxy 0 0.592726052 -0.152928711 0.00762844348 0 0 0
volume_proxy 6 -0.275964445 0.939637268 0.00854186664 0 0 0
volume_proxy 11 1.23477345 0.821978695 -0.0083975155 0 0 0
volume_proxy 12 1.16509266 0.189414006 0.00322770789 0 0 0
volume_proxy 14 -1.2228758 0.478538799 0.00101782304 0 0 0
volume_proxy 23 0.223539128 -0.304077865 -0.000749512988 0 0 0
volume_proxy 38 -1.33673129 -0.593451275 0.00323627291 0 0 0
volume_proxy 40 -0.938130098 0.182739405 -0.00914945306 0 0 0
volume_proxy 50 -0.867909906 -0.32707417 -0.00922247693 0 0 0
volume_proxy 53 -1.08514733 0.410759973 0.00637656489 0 0 0
volume_proxy 58 1.01802097 -0.890301291 0.00870789174 0 0 0
volume_proxy 60 0.0799925306 0.875931333 0.0104290763 0 0 0
volume_proxy 85 -1.41167655 0.470090513 -0.00543936724 0 0 0
volume_proxy 97 1.02989232 0.932268084 -0.0013571067 0 0 0
volume_proxy 107 0.896042426 0.0366370883 0.00448760014 0 0 0
volume_proxy 127 -1.26703838 -0.81126374 0.00193803259 0 0 0
volume_proxy 130 0.622239831 -0.2671505 -0.00632676392 0 0 0
volume_proxy 140 -0.673640348 0.745762742 0.0107335849 0 0 0
volume_proxy 157 0.661552194 -0.993338526 -0.00855046807 0 0 0
volume_proxy 159 1.48091782 0.551081656 -0.00312085394 0 0 0
volume_proxy 161 -0.187641408 0.581160312 -0.00251284824 0 0 0
volume_proxy 176 1.31481526 0.0213106948 0.00644743371 0 0 0
volume_proxy 186 -1.02267295 -0.325290431 -0.00610111258 0 0 0
volume_proxy 189 -0.844991654 -0.407747855 0.00832030364 0 0 0
volume_proxy 195 -1.34929118 -0.996552414 0.000729071336 0 0 0
volume_proxy 196 0.453124007 0.358522875 0.00182709838 0 0 0
volume_proxy 200 -1.23976107 -0.350273441 -0.00398285954 0 0 0
volume_proxy 202 0.352064503 0.497786306 -0.00724049528 0 0 0
volume_proxy 209 -0.950795951 0.257316788 -0.00785174795 0 0 0
volume_proxy 210 0.137115022 0.994356099 -0.000966235393 0 0 0
volume_proxy 226 0.465502332 -0.758529824 -0.00499514154 0 0 0
volume_proxy 236 1.34792841 -0.7319243 0.000612356873 0 0 0
volume_proxy 247 0.911740218 0.581161558 -0.00985212525 0 0 0
volume_proxy 256 -0.820340326 0.820903097 0.00277742434 0 0 0
volume_proxy 259 0.78268215 0.603110663 -0.00274971547 0 0 0
volume_proxy 269 -1.38856665 0.0101336846 0.00854030079 0 0 0
volume_proxy 277 -0.742361985 -0.18894816 -0.008857531 0 0 0
volume_proxy 296 -1.34251067 0.899107401 0.00246568465 0 0 0
volume_proxy 305 0.877726316 -0.236247571 -0.00869079789 0 0 0
volume_proxy 310 0.625084351 0.0807129236 0.000162294486 0 0 0
volume_proxy 344 -1.38332791 -0.42552948 0.00377811991 0 0 0
volume_proxy 347 -0.597142594 0.863303073 0.00448276534 0 0 0
volume_proxy 356 -0.281046968 -0.0246245397 -0.0103238785 0 0 0
volume_proxy 375 0.890408439 -0.238677526 -0.00923860438 0 0 0
volume_proxy 388 1.31522155 -0.0344813252 -0.00695273311 0 0 0
volume_proxy 802 1.09533483 0.314631117 0.00153439888 0 0 0
volume_proxy 1052 -1.1762129 -0.726866257 0.0031370409 0 0 0
volume_proxy 1066 0.0607361396 0.647406676 -0.00793688397 0 0 0
volume_proxy 1120 -0.838370085 0.435072086 0.00469732971 0 0 0
volume_proxy 1166 -0.911678571 -0.313934587 -0.0102760019 0 0 0
volume_proxy 1193 -1.01087501 -0.178108977 0.00716120626 0 0 0
volume_proxy 1225 -0.854645204 -0.416541262 0.00901548289 0 0 0
volume_proxy 1245 -1.39252334 0.0332042395 0.0079704194 0 0 0
volume_proxy 1280 -0.330165177 0.970103668 0.0010168942 0 0 0
volume_proxy 1285 -1.36870632 0.78768428 0.0067482969 0 0 0
volume_proxy 1295 0.475979445 -0.00693328622 -0.00330328475 0 0 0
volume_proxy 1296 0.0117786768 -0.70826675 -0.0087332556 0 0 0
volume_proxy 1340 0.728495647 0.480691149 -0.00100631548 0 0 0
volume_proxy 1380 -0.933803743 -0.0490866491 -0.00215567998 0 0 0
volume_proxy 1386 1.31446027 0.508019013 0.000913707191 0 0 0
volume_proxy 1397 0.651312208 0.933037478 -0.00215506288 0 0 0
volume_proxy 1409 -0.20945494 0.775068978 0.00637149179 0 0 0
volume_proxy 1413 1.16680465 0.716989063 -0.00677886826 0 0 0
volume_proxy 1422 -0.0613449473 -0.658406759 -0.0046583706 0 0 0
volume_proxy 1433 1.26244591 0.525953153 0.00974347836 0 0 0
volume_proxy 1437 0.119342334 -0.238039336 0.0099048754 0 0 0
volume_proxy 1447 1.39301392 0.0270100063 -0.00100287974 0 0 0
volume_proxy 1459 -1.15730893 -0.0671107673 0.000734686062 0 0 0
volume_proxy 1460 0.307092891 0.887147802 0.00624295498 0 0 0
volume_proxy 1461 -0.842865043 0.778828658 -0.00909628378 0 0 0
volume_proxy 1466 -0.521399599 0.318186929 0.00367293492 0 0 0
volume_proxy 1472 -1.44948202 0.733952106 -0.00823961943 0 0 0
volume_proxy 1474 1.18610885 -0.657469663 -0.000664821033 0 0 0
volume_proxy 1481 0.771379647 0.350888456 0.00415897668 0 0 0
volume_proxy 1482 0.789298565 0.279601913 -0.00968500069 0 0 0
volume_proxy 1485 0.316541874 -0.296168685 0.000992514691 0 0 0
volume_proxy 1489 0.141779268 -0.982057576 0.00716240473 0 0 0
volume_proxy 1490 1.03875884 0.995701977 0.00084287687 0 0 0
volume_proxy 1494 1.3791253 -0.17346453 -0.009307272 0 0 0
volume_proxy 1496 -1.29974985 0.535973192 0.000426696924 0 0 0
volume_proxy 1498 -0.156742907 0.149570808 -0.00397684503 0 0 0
volume_proxy 1503 -1.01958035 -0.533324617 0.00936666135 0 0 0
volume_proxy 1506 -0.0275472338 0.499799229 0.0107764615 0 0 0
volume_proxy 1507 -1.23192648 0.0937417128 -0.000432553233 0 0 0
volume_proxy 1508 -0.529103992 -0.341082671 0.00659129997 0 0 0
volume_proxy 1509 -1.35190585 0.193157448 0.00307907647 0 0 0
volume_proxy 1510 0.219084628 -0.620900023 0.00965329343 0 0 0
volume_proxy 1511 1.03338734 0.472206104 0.00379264962 0 0 0
volume_proxy 1513 -1.49035213 0.619937746 -0.00110690343 0 0 0
volume_proxy 1515 0.702664917 -0.765521447 -0.00573185978 0 0 0
volume_proxy 1516 -0.2499482 -0.927600644 -0.00967968024 0 0 0
volume_proxy 1517 -0.967854583 -0.458832896 0.00367894456 0 0 0
volume_proxy 1519 -0.0520059992 -0.549908104 -0.00290342506 0 0 0
volume_proxy 1520 0.37626537 -0.325202134 0.00580552071 0 0 0
volume_proxy 1521 -1.07244851 -0.711113275 0.00713756991 0 0 0
volume_proxy 1523 0.491924993 -0.0860721041 -0.00831289182 0 0 0
volume_proxy 1525 -0.77573162 0.886657951 -0.00931412211 0 0 0
volume_proxy 1526 0.906531196 -0.78033799 0.00546866519 0 0 0
volume_proxy 1528 0.604823248 -0.619705795 0.00579573995 0 0 0
volume_proxy 1529 -1.12327827 0.366561281 0.00237237823 0 0 0
volume_proxy 1531 0.485087919 0.458863078 -0.00988283417 0 0 0
volume_proxy 1533 1.08726842 -0.0967796443 0.00274353128 0 0 0
volume_proxy 1534 0.617807287 0.85438506 -0.00173381745 0 0 0
volume_proxy 1535 0.547902151 0.903188387 -0.00780953635 0 0 0
volume_proxy 1536 -0.782930341 -0.693187335 0.010095177 0 0 0
volume_proxy 1537 -0.521836856 -0.709610253 0.00471198822 0 0 0
