volume_proxy 0 -0.305217817 -0.52869671 0.0100905138 0 0 0
volume_proxy 6 -0.252928554 0.451194308 -0.00691936469 0 0 0
volume_proxy 11 1.11914939 -0.0517525464 -0.00764647989 0 0 0
volume_proxy 12 1.44064856 -0.552939083 0.00326220575 0 0 0
volume_proxy 14 -1.25458763 0.603524277 -0.00239569069 0 0 0
volume_proxy 23 1.15759545 -0.691892405 0.00602003232 0 0 0
volume_proxy 38 -0.816878145 -0.949130522 0.00226405829 0 0 0
volume_proxy 40 -0.975351718 -0.398608853 0.00759022814 0 0 0
volume_proxy 50 -1.26461207 -0.438481331 0.00300875043 0 0 0
volume_proxy 53 -1.00026883 0.6926731 0.0100358536 0 0 0
volume_proxy 58 0.896967369 -0.0966369525 0.00419945606 0 0 0
volume_proxy 60 -0.171474142 0.606241291 -0.00959509039 0 0 0
volume_proxy 85 -0.97058246 0.708919061 -0.00331995733 0 0 0
volume_proxy 97 0.574238919 0.364113555 -0.00352364224 0 0 0
volume_proxy 107 0.129871131 -0.180350679 0.00998671429 0 0 0
volume_proxy 127 -1.34768173 -0.64821111 0.00437157715 0 0 0
volume_proxy 130 -0.297321999 -0.743268064 0.00814009876 0 0 0
volume_proxy 140 0.45851476 -0.298343095 0.005244732 0 0 0
volume_proxy 157 0.816303586 -0.456594302 0.00933812731 0 0 0
volume_proxy 159 0.285812942 0.397928695 0.00431553837 0 0 0
volume_proxy 161 -0.165151645 -0.650297709 0.00622178522 0 0 0
volume_proxy 176 0.568463813 0.331828231 0.000539827021 0 0 0
volume_proxy 186 -0.948245512 0.141643098 9.42106673e-05 0 0 0
volume_proxy 189 -0.752621525 -0.796043391 -0.00108768985 0 0 0
volume_proxy 195 -1.13113371 -0.739929758 0.0106868864 0 0 0
volume_proxy 196 -0.562834482 0.31744229 0.00981358506 0 0 0
volume_proxy 200 -1.30330844 0.93408398 -0.00319857924 0 0 0
volume_proxy 202 -0.324417319 0.289397066 -0.00138636908 0 0 0
volume_proxy 209 -1.27864771 -0.199411969 -0.00254266177 0 0 0
volume_proxy 210 0.527559027 0.875807677 -0.00706441895 0 0 0
volume_proxy 226 1.03185973 0.294057322 -0.0084797735 0 0 0
volume_proxy 236 0.851679525 -0.324111072 0.00276786809 0 0 0
volume_proxy 247 0.211802984 -0.769890456 -0.00135827236 0 0 0
volume_proxy 256 -0.0212711364 -0.540303563 -0.00823875881 0 0 0
volume_proxy 259 0.22813361 -0.299719918 0.00116777619 0 0 0
volume_proxy 269 -0.96296625 0.875678021 0.00566047792 0 0 0
volume_proxy 277 -0.980757205 -0.464962224 0.00769884356 0 0 0
volume_proxy 296 -1.07220684 0.575698447 -0.00840151764 0 0 0
volume_proxy 305 0.650476852 -0.758525119 -0.00808917667 0 0 0
volume_proxy 310 1.07076725 0.667923199 -0.00865264489 0 0 0
volume_proxy 344 -1.11182518 -0.571606956 -0.00162515384 0 0 0
volume_proxy 347 -0.546807132 0.62135652 -0.00697772267 0 0 0
volume_proxy 356 -0.183179836 -0.168714328 -0.00637313619 0 0 0
volume_proxy 375 0.944954209 -0.101022632 -0.00489519404 0 0 0
volume_proxy 388 1.03741528 -0.316741678 0.00375014495 0 0 0
volume_proxy 1052 -0.531678788 -0.0297186766 0.00628394476 0 0 0
volume_proxy 1066 -0.298473312 0.13509163 0.00960541024 0 0 0
volume_proxy 1120 -0.731677245 0.644611104 0.00654184433 0 0 0
volume_proxy 1166 -0.890680629 -0.978928931 -0.00103654776 0 0 0
volume_proxy 1193 -1.13545654 -0.342358623 0.0050369002 0 0 0
volume_proxy 1225 -1.26870945 -0.93683593 0.0030299816 0 0 0
volume_proxy 1245 -1.45038475 0.789160395 0.00758697678 0 0 0
volume_proxy 1280 -1.48988107 0.905662085 0.00481299639 0 0 0
volume_proxy 1285 -0.533513703 0.713631267 0.00847551104 0 0 0
volume_proxy 1295 0.469420716 0.127843497 0.00342345095 0 0 0
volume_proxy 1296 -0.421517279 -0.570575036 -0.00620615045 0 0 0
volume_proxy 1340 1.19226961 -0.0417695142 0.00203645992 0 0 0
volume_proxy 1380 -1.31512624 -0.399239437 0.000621522613 0 0 0
volume_proxy 1386 1.21049096 0.860699119 0.00166974225 0 0 0
volume_proxy 1397 0.510449228 0.736492109 -0.00763326227 0 0 0
volume_proxy 1409 0.599272249 0.437552168 -0.00515098764 0 0 0
volume_proxy 1413 1.09726588 0.177759931 -0.00713975213 0 0 0
volume_proxy 1422 0.749441485 -0.754072535 0.00182692449 0 0 0
volume_proxy 1433 1.22942605 0.824870982 -0.00857254685 0 0 0
volume_proxy 1437 0.11280186 -0.97380051 0.0103160067 0 0 0
volume_proxy 1459 -0.734082316 -0.175946154 -0.00203049134 0 0 0
volume_proxy 1460 -0.547891837 0.228846564 -0.00741066391 0 0 0
volume_proxy 1461 -1.20220356 0.498024742 -0.00544079131 0 0 0
volume_proxy 1472 -1.4042147 0.00799089244 -0.00790358272 0 0 0
volume_proxy 1474 1.1531009 0.212137571 -0.00639792832 0 0 0
volume_proxy 1481 0.141224121 0.264052513 0.00139356364 0 0 0
volume_proxy 1482 1.2728648 0.982933277 -0.00524937216 0 0 0
volume_proxy 1485 0.754814697 -0.524452695 0.00318947307 0 0 0
volume_proxy 1489 0.411622054 -0.733853067 0.00431851575 0 0 0
volume_proxy 1490 1.09338312 0.646937114 0.00711076241 0 0 0
volume_proxy 1496 -1.38185074 0.501348369 -0.0088793487 0 0 0
volume_proxy 1498 -0.170601891 -0.156757733 0.000242576673 0 0 0
volume_proxy 1503 -1.27439511 -0.388134738 -0.00920322436 0 0 0
volume_proxy 1506 0.403651561 0.752461215 -0.00737616143 0 0 0
volume_proxy 1507 -0.582331075 -0.70285898 -0.000279679013 0 0 0
volume_proxy 1508 -0.686538183 -0.144983151 0.00796286932 0 0 0
volume_proxy 1509 -1.00561119 -0.0352048322 0.00656775774 0 0 0
volume_proxy 1510 -0.440718233 -0.799316246 0.00152733963 0 0 0
volume_proxy 1513 -1.32521639 0.555033947 0.00211773762 0 0 0
volume_proxy 1515 0.574245624 -0.678621165 -0.0093744083 0 0 0
volume_proxy 1516 -0.199925773 -0.68185792 -0.00144704853 0 0 0
volume_proxy 1517 -1.38739761 -0.304175106 -0.00695879591 0 0 0
volume_proxy 1519 0.191533004 -0.0740675785 -0.00594140241 0 0 0
volume_proxy 1520 0.0588842195 -0.566041615 0.00373868356 0 0 0
volume_proxy 1521 -1.46442422 -0.967425475 0.00178510121 0 0 0
volume_proxy 1523 0.177167466 0.094830284 -0.0034566027 0 0 0
volume_proxy 1525 -0.855444554 0.989683232 0.00473258137 0 0 0
volume_proxy 1526 1.37079398 -0.263213754 -0.00684233712 0 0 0
volume_proxy 1528 1.10083703 -0.870320241 -0.00620786299 0 0 0
volume_proxy 1529 -1.03071048 -0.2861128 -0.00148094426 0 0 0
volume_proxy 1531 0.407494009 0.984086641 0.0057462625 0 0 0
volume_proxy 1533 1.08827162 0.706547717 -0.000781001034 0 0 0
volume_proxy 1534 -0.627496137 0.000822773076 -0.000501461569 0 0 0
volume_proxy 1536 -0.923092046 -0.710741972 0.00164677695 0 0 0
volume_proxy 1537 -0.425527949 -0.501288157 0.0038102362 0 0 0
volume_proxy 1538 1.06736508 -0.206144606 -0.00373659242 0 0 0
volume_proxy 1539 0.45687984 0.645588999 -0.00307264906 0 0 0
volume_proxy 1540 1.2801024 0.253461996 -0.0016678637 0 0 0
