volume_proxy 0 0.608867803 0.256691605 -0.000932278664 0 0 0
volume_proxy 5 0.993980373 -0.721400284 -0.00273933305 0 0 0
volume_proxy 6 -0.153070541 -0.217369944 -0.00258807512 0 0 0
volume_proxy 11 0.917506568 0.485809892 -0.000376119447 0 0 0
volume_proxy 12 0.266256373 -0.66711456 -0.0101020602 0 0 0
volume_proxy 14 -0.762903283 0.0781161733 0.0101057112 0 0 0
volume_proxy 23 0.710999186 -0.831336561 0.00601497828 0 0 0
volume_proxy 38 0.637368406 0.347025476 0.00915770167 0 0 0
volume_proxy 40 -0.249209478 -0.117190099 0.0103653511 0 0 0
volume_proxy 50 -0.82224044 -0.411050653 0.0069939675 0 0 0
volume_proxy 53 -0.434112392 0.937960988 -0.0067529524 0 0 0
volume_proxy 58 0.774747766 -0.976744403 -0.00894757712 0 0 0
volume_proxy 60 0.53365523 0.471348629 -0.00788280718 0 0 0
volume_proxy 72 0.0962252186 -0.0872901765 -0.000985983173 0 0 0
volume_proxy 85 -0.899988665 0.0778928174 -0.00629703062 0 0 0
volume_proxy 97 0.87734652 0.121949282 0.00693740567 0 0 0
volume_proxy 107 1.18175325 0.857573078 0.00927098717 0 0 0
volume_proxy 127 -1.41220732 0.161580461 0.0097619572 0 0 0
volume_proxy 130 1.04164847 0.229202091 -0.000591273808 0 0 0
volume_proxy 140 -0.13032905 0.979856856 -0.00380810022 0 0 0
volume_proxy 157 1.09925972 0.0589935823 0.00527328913 0 0 0
volume_proxy 159 0.278469278 0.855010348 0.00867939753 0 0 0
volume_proxy 161 0.690881043 0.413507265 -0.00214101087 0 0 0
volume_proxy 176 0.319795394 0.265221271 -0.000582060214 0 0 0
volume_proxy 186 -0.7993179 0.311813402 -0.0078007739 0 0 0
volume_proxy 189 -1.06356666 0.95010575 -0.0077409565 0 0 0
volume_proxy 195 -0.184548207 -0.784369882 -0.00255197015 0 0 0
volume_proxy 196 0.729044103 -0.60880564 -0.00186133471 0 0 0
volume_proxy 200 -0.404263977 -0.565913434 -0.00997454618 0 0 0
volume_proxy 202 -0.867039799 0.646010185 0.00368405398 0 0 0
volume_proxy 209 -1.28232163 0.155603693 0.000587805951 0 0 0
volume_proxy 210 -1.17821942 0.658669842 -0.00730720023 0 0 0
volume_proxy 226 0.0237423763 -0.718157891 0.000774475332 0 0 0
volume_proxy 236 1.1782575 0.74145943 -0.00961627742 0 0 0
volume_proxy 247 1.16114059 0.841366653 0.000897719113 0 0 0
volume_proxy 256 -0.530727081 0.614505941 -0.000983961617 0 0 0
volume_proxy 259 0.440954226 0.550473167 -0.0064771877 0 0 0
volume_proxy 269 -0.0643391378 -0.284428642 -0.00389580787 0 0 0
volume_proxy 277 -1.22986602 0.153249304 -0.00381787438 0 0 0
volume_proxy 296 -0.40451567 -0.672400655 0.000282445627 0 0 0
volume_proxy 305 0.374981574 -0.312316105 -0.00210180188 0 0 0
volume_proxy 310 0.847117762 -0.608602408 0.00264143243 0 0 0
volume_proxy 344 -0.818373642 0.690117012 0.00318853608 0 0 0
volume_proxy 347 -0.316696809 0.174023892 0.000231641314 0 0 0
volume_proxy 349 -0.982813891 -0.290552959 0.00981350104 0 0 0
volume_proxy 356 0.225112421 0.876816577 0.00406151838 0 0 0
volume_proxy 375 0.523942464 -0.810540779 -0.00361311171 0 0 0
volume_proxy 388 -0.171555961 0.450520875 0.00324789801 0 0 0
volume_proxy 802 1.2158375 0.324647487 0.0101447239 0 0 0
volume_proxy 876 -0.0967862528 -0.440305022 -0.00568218492 0 0 0
volume_proxy 1052 -0.507508707 -0.918563792 -0.0105275773 0 0 0
volume_proxy 1066 0.594695369 0.677982467 -0.00409734866 0 0 0
volume_proxy 1120 -0.881785197 0.618634946 -0.00533872905 0 0 0
volume_proxy 1166 -0.452087254 0.600805404 0.00849075084 0 0 0
volume_proxy 1169 1.0653853 -0.79807927 0.00546491424 0 0 0
volume_proxy 1186 -0.973881752 -0.0898491888 -0.00923789777 0 0 0
volume_proxy 1193 -0.761855769 -0.597547712 0.00132972784 0 0 0
volume_proxy 1225 -0.16905079 -0.203888845 -0.00905927996 0 0 0
volume_proxy 1245 -1.44204914 0.899499265 0.00315599346 0 0 0
volume_proxy 1280 -1.14087535 0.452897237 -0.0105537577 0 0 0
volume_proxy 1285 -0.820522709 0.486580557 -0.000108212214 0 0 0
volume_proxy 1295 -0.679962351 0.64166293 0.0040596101 0 0 0
volume_proxy 1296 0.106349016 -0.00395747649 -0.0025388462 0 0 0
volume_proxy 1335 0.662819102 -0.670880816 0.00152716423 0 0 0
volume_proxy 1340 1.35617969 0.124905692 0.00422860729 0 0 0
volume_proxy 1380 -0.310539724 0.319892475 0.00135823801 0 0 0
volume_proxy 1386 0.197944222 0.521605101 0.0106837407 0 0 0
volume_proxy 1397 0.962108219 0.325239871 0.00746187129 0 0 0
volume_proxy 1409 0.757974544 0.979545175 0.00677877836 0 0 0
volume_proxy 1413 1.07298427 0.575494589 -0.00254720941 0 0 0
volume_proxy 1420 -1.3258558 -0.108526318 -0.00975734318 0 0 0
volume_proxy 1421 -1.05713329 -0.175272164 -0.0012155986 0 0 0
volume_proxy 1422 1.17439304 -0.905329295 0.00329267563 0 0 0
volume_proxy 1426 0.724202255 0.122823804 -0.00257938346 0 0 0
volume_proxy 1429 1.08376035 -0.215334091 -0.00332743928 0 0 0
volume_proxy 1433 1.36547148 0.488781446 0.00314799858 0 0 0
volume_proxy 1434 -0.182329394 -0.654018298 0.00426404879 0 0 0
volume_proxy 1437 -0.22096342 -0.178977939 0.00665958803 0 0 0
volume_proxy 1439 -0.474424677 0.788621144 -0.00859032922 0 0 0
volume_proxy 1440 1.1404758 -0.525794408 -0.00822094662 0 0 0
volume_proxy 1445 -0.14521625 -0.892120156 -0.00799930321 0 0 0
volume_proxy 1447 1.03914128 -0.662453966 0.00873122663 0 0 0
volume_proxy 1459 -0.880683707 0.300799139 0.00120383654 0 0 0
volume_proxy 1460 1.17420325 0.158615707 0.00257738325 0 0 0
volume_proxy 1461 -1.33033317 0.564717722 -0.00657460448 0 0 0
volume_proxy 1462 -1.0606401 -0.235846725 -0.00417786604 0 0 0
volume_proxy 1466 -0.842519297 -0.27525088 0.000488166178 0 0 0
volume_proxy 1470 -1.36826698 -0.572573307 0.0100350589 0 0 0
volume_proxy 1471 -0.0995647624 0.6616787 0.0103194033 0 0 0
volume_proxy 1472 -0.954805385 0.413265205 -0.00172023947 0 0 0
volume_proxy 1474 0.666458034 -0.463304334 -0.000283011792 0 0 0
volume_proxy 1481 1.42365627 0.688333974 -0.00510837284 0 0 0
volume_proxy 1482 0.771793985 -0.646069144 0.00113967214 0 0 0
volume_proxy 1485 0.304302849 -0.493757355 -0.00970804836 0 0 0
volume_proxy 1486 1.02130014 -0.394148917 0.0105498467 0 0 0
volume_proxy 1489 -0.537751055 0.256872806 -0.00861906893 0 0 0
volume_proxy 1490 1.09211932 0.860288554 0.000835876909 0 0 0
volume_proxy 1492 0.535754175 0.522367175 0.00860563943 0 0 0
volume_proxy 1493 0.165105226 0.465702396 -0.00357498531 0 0 0
volume_proxy 1494 1.14061047 0.547486364 0.000338244193 0 0 0
volume_proxy 1496 -1.15289089 0.234074322 -0.0102770262 0 0 0
volume_proxy 1497 0.112774336 -0.0646733319 -0.00471157631 0 0 0
volume_proxy 1498 -1.22720264 0.32252797 -0.00723863895 0 0 0
volume_proxy 1501 -1.01945821 -0.868150481 0.00531109128 0 0 0
volume_proxy 1503 -0.246408251 0.0240627711 -0.00396665134 0 0 0
volume_proxy 1505 -0.0622562877 0.980785143 -0.00290007608 0 0 0
volume_proxy 1506 0.520276999 0.714245905 -0.00487129901 0 0 0
volume_proxy 1507 -1.22651679 -0.561962736 0.0035498371 0 0 0
volume_proxy 1508 -0.653386528 -0.99630025 0.00986311073 0 0 0
volume_proxy 1509 -1.46631888 0.604536141 0.00531481606 0 0 0
volume_proxy 1510 0.519294221 -0.645931132 -0.00178170277 0 0 0
volume_proxy 1511 1.14452516 0.440691402 -0.0107325058 0 0 0
volume_proxy 1512 -1.14404513 0.377376861 -0.00136217446 0 0 0
volume_proxy 1513 -0.869175388 0.809631738 -0.00742607903 0 0 0
volume_proxy 1514 -1.09143485 0.258173275 0.00307163684 0 0 0
volume_proxy 1515 0.299815586 0.595729809 0.00477704269 0 0 0
volume_proxy 1516 -0.698504521 -0.866698295 0.00405511005 0 0 0
