volume_proxy 0 0.367455194 -0.462039187 0.000525342678 0 0 0
volume_proxy 6 -0.134877515 0.759901414 -0.000576582308 0 0 0
volume_proxy 11 1.23772813 0.81051333 0.00746109156 0 0 0
volume_proxy 12 1.42162229 -0.0820431432 0.00226118247 0 0 0
volume_proxy 14 -1.4528527 0.306247805 0.000135506794 0 0 0
volume_proxy 23 0.434430033 -0.333830346 0.00707006838 0 0 0
volume_proxy 38 -0.818344631 -0.69975694 0.00561095547 0 0 0
volume_proxy 40 -0.853738555 0.214340424 0.0060804495 0 0 0
volume_proxy 50 -0.572942738 -0.196593661 0.00585746736 0 0 0
volume_proxy 53 -1.42062263 0.903938216 -0.00634637842 0 0 0
volume_proxy 58 1.42095454 -0.877422131 -0.00549111146 0 0 0
volume_proxy 60 -0.0405447689 0.781967153 0.00945321026 0 0 0
volume_proxy 85 -1.00766023 0.584442041 -0.00127770245 0 0 0
volume_proxy 97 0.844375668 0.934512846 -0.00178167468 0 0 0
volume_proxy 107 0.679140325 -0.0299663013 0.000421792272 0 0 0
volume_proxy 127 -1.11799398 -0.83630927 0.0100948439 0 0 0
volume_proxy 130 0.709778087 -0.590180356 -0.00545652835 0 0 0
volume_proxy 140 -0.712154471 0.480172051 0.0068726692 0 0 0
volume_proxy 157 0.387294816 -0.96280313 0.00354720345 0 0 0
volume_proxy 159 1.28796138 0.885137217 -0.00800102505 0 0 0
volume_proxy 161 -0.600496313 0.363407737 0.00395435456 0 0 0
volume_proxy 176 1.45379521 0.150090863 0.00642086595 0 0 0
volume_proxy 186 -1.12620929 -0.370752927 0.00594279368 0 0 0
volume_proxy 189 -0.471715224 -0.35993648 0.00105374083 0 0 0
volume_proxy 195 -1.4407218 -0.721870151 0.00315560036 0 0 0
volume_proxy 196 0.45788692 0.741050418 -0.0100458033 0 0 0
volume_proxy 200 -1.43980243 0.361307668 0.00611439402 0 0 0
volume_proxy 202 -0.0304904211 0.711596064 0.00714795393 0 0 0
volume_proxy 209 -0.868878128 0.227786125 0.00349795021 0 0 0
volume_proxy 210 0.154781292 0.877170049 -0.00366230485 0 0 0
volume_proxy 226 0.472286703 -0.76602197 -0.0012765634 0 0 0
volume_proxy 236 1.13475723 -0.767824208 0.00101972543 0 0 0
volume_proxy 247 1.33380687 0.791421724 0.00527004253 0 0 0
volume_proxy 256 -0.852408172 0.87350904 0.00121114335 0 0 0
volume_proxy 259 0.899711961 0.274812035 0.00729763316 0 0 0
volume_proxy 269 -1.17491256 -0.233817382 0.000586085305 0 0 0
volume_proxy 277 -0.434941045 -0.29267728 -0.00799029088 0 0 0
volume_proxy 296 -1.26626809 0.344513453 0.00249532818 0 0 0
volume_proxy 305 0.691006284 -0.180191551 0.00570280227 0 0 0
volume_proxy 310 0.621677247 0.0971022257 -0.00400443309 0 0 0
volume_proxy 344 -1.48868983 -0.483877787 -0.00366396498 0 0 0
volume_proxy 347 -0.424433538 0.680146207 0.00348237022 0 0 0
volume_proxy 356 -0.495486935 -0.0305400096 -0.00422917052 0 0 0
volume_proxy 375 0.799991656 -0.388845627 -0.000916018001 0 0 0
volume_proxy 388 1.44217242 -0.490232901 -0.00923744705 0 0 0
volume_proxy 802 0.941511933 0.333622519 -0.00462189565 0 0 0
volume_proxy 1052 -1.47790983 -0.544821267 -0.00826133424 0 0 0
volume_proxy 1066 0.0754861112 0.787698184 0.00155749758 0 0 0
volume_proxy 1120 -0.690067447 0.412937692 -0.00269948858 0 0 0
volume_proxy 1166 -0.886551401 -0.518711602 -0.00293460927 0 0 0
volume_proxy 1193 -1.35973177 -0.833015581 -0.00709188536 0 0 0
volume_proxy 1225 -1.02635242 -0.460015822 0.0060797218 0 0 0
volume_proxy 1245 -1.45619044 0.131509215 -0.00383329526 0 0 0
volume_proxy 1280 -0.500245321 0.93096063 0.00492404734 0 0 0
volume_proxy 1285 -1.35765665 0.506650674 -0.00722958786 0 0 0
volume_proxy 1295 0.992938014 -0.316699424 -0.00443881504 0 0 0
volume_proxy 1296 -0.0460953232 -0.762391614 -0.00718012175 0 0 0
volume_proxy 1340 0.839677294 0.652641559 -0.00152670675 0 0 0
volume_proxy 1380 -0.80965017 -0.0864890566 -0.00384355354 0 0 0
volume_proxy 1386 1.42803229 0.354559951 -0.00727567095 0 0 0
volume_proxy 1397 0.258340999 0.807602117 0.00143975572 0 0 0
volume_proxy 1409 -0.108091204 0.272201238 0.0107923894 0 0 0
volume_proxy 1413 1.3696552 0.916643205 -0.00798321567 0 0 0
volume_proxy 1422 0.328988959 -0.39544056 0.000203594016 0 0 0
volume_proxy 1433 1.07076452 0.504769025 -0.00976716037 0 0 0
volume_proxy 1437 0.0726905399 -0.102447423 -0.0003694591 0 0 0
volume_proxy 1459 -1.13757266 0.148075707 -0.00215244606 0 0 0
volume_proxy 1460 -0.0381625965 0.906525802 -0.0092237189 0 0 0
volume_proxy 1461 -1.23679844 0.894887847 0.00219572857 0 0 0
volume_proxy 1466 -0.195450593 0.330566696 0.00170008203 0 0 0
volume_proxy 1472 -1.48021204 0.611461498 -0.00924152505 0 0 0
volume_proxy 1474 1.28383789 -0.124580297 -0.00651832333 0 0 0
volume_proxy 1481 0.838901883 0.823950234 -0.00729752272 0 0 0
volume_proxy 1482 0.96320551 0.642293016 0.0102102908 0 0 0
volume_proxy 1485 0.35798633 -0.331639823 0.00748350182 0 0 0
volume_proxy 1489 0.237603982 -0.82816768 0.00924019708 0 0 0
volume_proxy 1490 1.01112149 0.983547707 -0.0098989481 0 0 0
volume_proxy 1496 -1.38032772 0.836117475 -0.0044447754 0 0 0
volume_proxy 1498 -0.136664722 0.342141007 6.75389487e-06 0 0 0
volume_proxy 1503 -1.23778346 -0.870638008 0.00818629137 0 0 0
volume_proxy 1506 0.356028604 0.506044558 0.00567535772 0 0 0
volume_proxy 1507 -1.3631547 0.0165157046 -0.00466338982 0 0 0
volume_proxy 1508 -0.401422306 -0.292452621 0.00371374373 0 0 0
volume_proxy 1509 -1.31641555 -0.0687543092 0.00599172443 0 0 0
volume_proxy 1510 0.0168175681 -0.924383697 -0.00917616956 0 0 0
volume_proxy 1511 1.46339312 0.406838793 4.65889274e-05 0 0 0
volume_proxy 1513 -1.23440568 0.954528025 0.00935027292 0 0 0
volume_proxy 1515 0.841229334 -0.574105654 0.0069098717 0 0 0
volume_proxy 1516 0.0165661557 -0.902265348 0.009720521 0 0 0
volume_proxy 1517 -1.20619947 -0.157990371 -0.00435370175 0 0 0
volume_proxy 1519 -0.0438275418 -0.533512909 -0.00302050601 0 0 0
volume_proxy 1520 0.21509626 -0.299515139 -0.00584965855 0 0 0
volume_proxy 1521 -1.32606955 -0.535453284 0.00239664717 0 0 0
volume_proxy 1523 0.280637585 -0.117146391 0.00122410914 0 0 0
volume_proxy 1525 -0.856682271 0.946211789 -0.00593119913 0 0 0
volume_proxy 1526 0.970306785 -0.668355705 0.00894805868 0 0 0
volume_proxy 1528 0.663296614 -0.480677027 -0.00399490518 0 0 0
volume_proxy 1529 -1.24475073 0.259863364 -0.00612501397 0 0 0
volume_proxy 1531 0.70825166 0.439698121 -0.00987694655 0 0 0
volume_proxy 1533 1.38113897 -0.0475065616 -0.00360344379 0 0 0
volume_proxy 1534 0.326770529 0.734799673 0.00707103866 0 0 0
volume_proxy 1535 0.928098255 0.68919863 0.00373426494 0 0 0
volume_proxy 1536 -0.520499388 -0.609181324 0.00402317594 0 0 0
volume_proxy 1537 -0.572512595 -0.73212739 -0.00510691744 0 0 0
volume_proxy 1538 1.49815998 0.145840626 -0.00598805244 0 0 0
