volume_proxy 0 0.843665222 0.539256334 -0.00554808148 0 0 0
volume_proxy 5 1.48460049 -0.695721459 0.00374932102 0 0 0
volume_proxy 6 -0.0881547851 0.514176517 -0.00224445763 0 0 0
volume_proxy 11 1.41443971 0.574683742 -0.00676557529 0 0 0
volume_proxy 12 0.411557808 -0.529079559 -0.00204788113 0 0 0
volume_proxy 14 -0.971980972 0.702235702 -0.00674921709 0 0 0
volume_proxy 23 1.22304632 -0.751960385 -0.00711268511 0 0 0
volume_proxy 38 0.955394704 -0.218478505 -0.00441081534 0 0 0
volume_proxy 40 -0.531308464 -0.523629205 0.00422542122 0 0 0
volume_proxy 50 -0.742378992 -0.113839156 -0.00343753598 0 0 0
volume_proxy 53 -0.688958102 0.677481088 0.00734296863 0 0 0
volume_proxy 58 1.0911037 -0.959393289 0.00751123773 0 0 0
volume_proxy 60 0.217027084 0.455057317 -0.00969313238 0 0 0
volume_proxy 85 -0.891822777 -0.173410077 0.00705350564 0 0 0
volume_proxy 97 1.00061057 0.91621759 -0.00696688757 0 0 0
volume_proxy 107 1.21934681 0.552458606 -0.00876492157 0 0 0
volume_proxy 127 -1.2478081 -0.190251157 0.00195315732 0 0 0
volume_proxy 130 0.742448295 0.344976157 -0.00395020653 0 0 0
volume_proxy 140 -0.00295445732 0.0276167802 -2.93744324e-05 0 0 0
volume_proxy 157 1.04855682 -0.584838961 -0.00509890976 0 0 0
volume_proxy 159 0.952745918 0.533705454 0.0015533779 0 0 0
volume_proxy 161 0.615864613 0.913071482 -0.00680639612 0 0 0
volume_proxy 176 0.471269606 0.272839675 0.000307666054 0 0 0
volume_proxy 186 -1.25879398 0.226818737 0.00114928099 0 0 0
volume_proxy 189 -0.990559103 0.748707815 0.00281415947 0 0 0
volume_proxy 195 0.171965923 -0.544591732 -0.00571628517 0 0 0
volume_proxy 196 0.807288383 0.028613235 -0.00523310217 0 0 0
volume_proxy 200 -0.663146475 -0.887911576 0.0107027273 0 0 0
volume_proxy 202 -0.488666542 0.760775471 0.00817841181 0 0 0
volume_proxy 209 -1.14006412 0.111368751 0.00740189368 0 0 0
volume_proxy 210 -0.239726732 0.475331927 0.00463665099 0 0 0
volume_proxy 226 0.371178918 -0.871017925 -0.0104222393 0 0 0
volume_proxy 236 0.93849066 0.827630768 0.000266073204 0 0 0
volume_proxy 247 1.46586708 0.444178672 0.00862993522 0 0 0
volume_proxy 256 -1.03177476 0.995321768 0.00541485023 0 0 0
volume_proxy 259 0.500841047 0.868374673 0.00124537934 0 0 0
volume_proxy 269 -1.00306698 -0.379616619 0.0103104064 0 0 0
volume_proxy 277 -1.1938951 -0.38356265 0.00956487203 0 0 0
volume_proxy 296 -0.760331713 -0.623543092 -0.0039783996 0 0 0
volume_proxy 305 -0.0267802133 -0.209769152 -0.00335976649 0 0 0
volume_proxy 310 0.0874173275 -0.479707853 0.010110387 0 0 0
volume_proxy 344 -1.24071562 0.672753226 0.00784740589 0 0 0
volume_proxy 347 0.213875562 -0.0362369903 -0.0102835274 0 0 0
volume_proxy 356 -0.046486365 0.808381587 0.00572803771 0 0 0
volume_proxy 375 1.27774605 -0.872481703 0.00320887277 0 0 0
volume_proxy 388 0.341342821 0.380042077 -0.00550530957 0 0 0
volume_proxy 802 1.42040367 -0.4328378 0.00437087792 0 0 0
volume_proxy 1052 -0.967697712 -0.974104815 0.0102620584 0 0 0
volume_proxy 1066 0.325573159 0.0884609174 -0.000709780446 0 0 0
volume_proxy 1120 -0.304041774 0.104116619 0.00773279104 0 0 0
volume_proxy 1166 -0.506110098 0.623305785 0.00385075295 0 0 0
volume_proxy 1169 0.971332763 -0.977601927 -0.00591312357 0 0 0
volume_proxy 1193 -1.15537978 -0.242043829 0.00639483308 0 0 0
volume_proxy 1225 -0.415609615 -0.167193038 0.00214459747 0 0 0
volume_proxy 1245 -1.48502776 0.53723539 -0.00318130225 0 0 0
volume_proxy 1280 -1.22194975 0.521554515 0.0106771103 0 0 0
volume_proxy 1285 -1.0847345 0.12249894 -0.00295130548 0 0 0
volume_proxy 1295 -0.611210726 0.217423338 -0.00997993018 0 0 0
volume_proxy 1296 0.443001601 -0.158191138 -0.00494994539 0 0 0
volume_proxy 1335 0.146623269 -0.65681922 -0.00914695015 0 0 0
volume_proxy 1340 1.04555676 0.520768233 -0.00666540284 0 0 0
volume_proxy 1380 0.216773587 0.395115366 -0.00441244969 0 0 0
volume_proxy 1386 0.0604701578 0.215083006 0.00640427328 0 0 0
volume_proxy 1397 1.20158189 0.110679584 0.0062147196 0 0 0
volume_proxy 1409 0.0715393594 0.839874571 0.00808536357 0 0 0
volume_proxy 1413 1.34017662 0.516487326 0.000113658243 0 0 0
volume_proxy 1420 -0.893071439 -0.225984193 0.00815582881 0 0 0
volume_proxy 1422 0.749159685 -0.718255769 -0.00202669748 0 0 0
volume_proxy 1429 0.899109903 -0.361815908 0.00612780981 0 0 0
volume_proxy 1433 1.46945045 0.676848938 -0.00374971238 0 0 0
volume_proxy 1434 0.134632307 -0.786065662 0.00793690976 0 0 0
volume_proxy 1437 0.0406176751 0.00774508814 0.0102538474 0 0 0
volume_proxy 1439 -0.121158358 0.400724001 -0.00384112352 0 0 0
volume_proxy 1447 0.401107114 -0.796362738 -0.00437758535 0 0 0
volume_proxy 1459 -0.509669008 0.243027798 0.00986663058 0 0 0
volume_proxy 1460 1.48263576 0.786975154 -0.00396312524 0 0 0
volume_proxy 1461 -1.13051055 0.634914937 -0.00323319172 0 0 0
volume_proxy 1466 -1.05445199 -0.0546878604 0.00850184472 0 0 0
volume_proxy 1470 -1.09712777 -0.620765509 -0.00791422867 0 0 0
volume_proxy 1472 -1.23472211 0.581444731 0.0105749693 0 0 0
volume_proxy 1474 1.00365998 -0.858132814 0.00806610626 0 0 0
volume_proxy 1481 1.18784149 0.909108147 0.00693753556 0 0 0
volume_proxy 1482 0.851748967 -0.468393755 -0.00183425728 0 0 0
volume_proxy 1485 0.491287166 -0.954645324 0.00930836421 0 0 0
volume_proxy 1486 0.902301585 -0.422696077 -0.00986469473 0 0 0
volume_proxy 1489 0.405171383 -0.103372893 -0.00998235442 0 0 0
volume_proxy 1490 1.40399569 0.849329551 -0.00697754724 0 0 0
volume_proxy 1492 0.402520388 0.459676055 0.00803367071 0 0 0
volume_proxy 1493 0.15425546 -0.0347568056 0.00105861875 0 0 0
volume_proxy 1494 0.920683917 0.318243708 0.00700272032 0 0 0
volume_proxy 1496 -1.47576387 0.574217232 -0.000106051565 0 0 0
volume_proxy 1498 -0.8984309 0.371411785 -0.00516044591 0 0 0
volume_proxy 1501 -0.670901973 -0.798966881 -0.00123057555 0 0 0
volume_proxy 1503 -0.105926188 0.175504214 0.00215689825 0 0 0
volume_proxy 1506 0.395368709 0.994978974 -0.0102821103 0 0 0
volume_proxy 1507 -1.01953645 -0.349612605 -0.0016704785 0 0 0
volume_proxy 1508 -0.498436233 -0.83991977 0.00494398114 0 0 0
volume_proxy 1509 -1.45815164 0.626626062 -0.00773088541 0 0 0
volume_proxy 1510 0.282108809 -0.6591769 -0.00367306074 0 0 0
volume_proxy 1511 1.10559705 0.703911672 -0.00673633003 0 0 0
volume_proxy 1513 -0.767384723 0.960993677 -0.00228847814 0 0 0
volume_proxy 1515 0.97919079 0.482530972 0.00330443749 0 0 0
volume_proxy 1516 -0.498296734 -0.509833919 0.0076281894 0 0 0
volume_proxy 1517 -0.804461639 -0.826666447 -0.00268746769 0 0 0
volume_proxy 1518 -0.981593027 -0.0230980319 0.000175184459 0 0 0
volume_proxy 1519 -0.0365623609 -0.103744679 0.00298446746 0 0 0
volume_proxy 1520 -0.0111099562 -0.510990391 0.00693438094 0 0 0
volume_proxy 1521 -0.391829481 0.578030342 0.00240784455 0 0 0
volume_proxy 1522 -0.0657028144 0.629437331 0.00160831808 0 0 0
volume_proxy 1523 1.18913949 -0.371826766 0.00541214054 0 0 0
volume_proxy 1524 0.987888335 -0.452169473 0.00642006745 0 0 0
volume_proxy 1525 -1.14212037 0.618542596 0.00820292267 0 0 0
