volume_proxy 0 0.164073063 0.310413102 0.00749216499 0 0 0
volume_proxy 5 0.825012191 -0.69472573 0.000865273808 0 0 0
volume_proxy 6 -0.210106798 -0.0876723386 0.000331214046 0 0 0
volume_proxy 11 1.05285854 0.418382717 -0.0100224098 0 0 0
volume_proxy 12 0.332286166 -0.504487159 -0.00705230741 0 0 0
volume_proxy 14 -0.638536645 0.884337689 -0.00306018174 0 0 0
volume_proxy 23 1.09564085 -0.668543173 -0.00880111129 0 0 0
volume_proxy 38 -0.151954249 -0.529589683 -0.00160698944 0 0 0
volume_proxy 40 -0.850729007 -0.230327539 0.00345355917 0 0 0
volume_proxy 50 -0.882854847 -0.422769815 0.00524054491 0 0 0
volume_proxy 53 -1.1551252 0.514433413 0.00178375941 0 0 0
volume_proxy 58 0.822423736 -0.983580947 0.0044404091 0 0 0
volume_proxy 60 0.0791699083 -0.01037974 0.0038298971 0 0 0
volume_proxy 85 -1.25568789 0.833652479 0.00530616123 0 0 0
volume_proxy 97 0.559348605 0.704897141 0.00152323426 0 0 0
volume_proxy 107 1.2894265 -0.303334793 -0.00457601408 0 0 0
volume_proxy 127 -1.4311572 -0.512707083 -0.00960594685 0 0 0
volume_proxy 130 0.676738234 0.842955757 0.00617442806 0 0 0
volume_proxy 140 -1.0858421 0.924452555 0.00787110925 0 0 0
volume_proxy 157 1.07385628 0.395726191 0.00971035668 0 0 0
volume_proxy 159 1.1677908 0.586622375 -0.00250817061 0 0 0
volume_proxy 161 0.583111752 0.433808134 0.000526008118 0 0 0
volume_proxy 176 0.934607399 -0.127985417 -0.00190855399 0 0 0
volume_proxy 186 -1.39622125 -0.50781589 -0.000765340969 0 0 0
volume_proxy 189 -1.17548138 0.814632328 -0.00859516545 0 0 0
volume_proxy 195 -0.875115719 -0.0569906121 0.00559625999 0 0 0
volume_proxy 196 0.79375658 0.310825226 -0.00865160867 0 0 0
volume_proxy 200 -0.696244699 -0.859114674 0.0028078705 0 0 0
volume_proxy 202 0.0142733119 0.936904355 -0.0089629759 0 0 0
volume_proxy 209 -1.234864 -0.58818643 0.000234184785 0 0 0
volume_proxy 210 -0.685892464 0.872017384 -0.00058740399 0 0 0
volume_proxy 226 -0.0523135042 0.0312373223 -0.00197128435 0 0 0
volume_proxy 236 1.32260063 0.271423335 -0.00471135135 0 0 0
volume_proxy 247 0.473860989 0.712182162 -0.00396540852 0 0 0
volume_proxy 256 -0.986463144 0.832953198 0.00558087291 0 0 0
volume_proxy 259 0.85638829 0.378604545 0.00393203187 0 0 0
volume_proxy 269 -0.65968266 0.226315055 0.00320563292 0 0 0
volume_proxy 277 -1.27804803 -0.213711862 0.0101987395 0 0 0
volume_proxy 296 -1.33583533 0.548630524 0.00105677901 0 0 0
volume_proxy 305 1.29774745 -0.562061135 0.00280475453 0 0 0
volume_proxy 310 -0.203111501 -0.912387185 -0.00169223704 0 0 0
volume_proxy 344 -1.00431241 0.673909972 0.00112038665 0 0 0
volume_proxy 347 -0.128241887 0.774317022 -0.00715932067 0 0 0
volume_proxy 356 -0.744244716 0.544124481 -0.00469532496 0 0 0
volume_proxy 375 1.15016306 -0.840237975 0.0087623155 0 0 0
volume_proxy 388 0.768950462 -0.186082721 0.00238461433 0 0 0
volume_proxy 802 1.33382306 -0.1904688 0.00632255049 0 0 0
volume_proxy 1052 -1.02763016 -0.768782648 0.00359711991 0 0 0
volume_proxy 1066 -0.802645076 0.421949307 0.00112689024 0 0 0
volume_proxy 1120 -0.322708066 0.337571711 0.00630118737 0 0 0
volume_proxy 1166 -0.755174906 0.453637459 -0.00108389559 0 0 0
volume_proxy 1169 1.15815706 -0.734399195 -0.00797248529 0 0 0
volume_proxy 1193 -1.32956144 -0.647369927 -0.000808463268 0 0 0
volume_proxy 1225 -0.22895091 -0.358079802 0.00999149414 0 0 0
volume_proxy 1245 -1.36483605 -0.343750448 0.00547643233 0 0 0
volume_proxy 1280 -0.806631397 0.792832964 0.00397440745 0 0 0
volume_proxy 1285 -1.31670998 0.477224269 0.0100701631 0 0 0
volume_proxy 1295 -0.0982158833 -0.191632575 -0.0041331254 0 0 0
volume_proxy 1296 0.302505412 -0.571548238 0.00268637876 0 0 0
volume_proxy 1340 1.07854134 0.702041539 -0.00927775895 0 0 0
volume_proxy 1380 -0.373074787 0.867628685 0.00527330598 0 0 0
volume_proxy 1386 1.2404673 0.464441608 -0.000880494767 0 0 0
volume_proxy 1397 1.34844372 0.930708066 -0.0002901088 0 0 0
volume_proxy 1409 0.0969506961 0.951705495 -0.00173766711 0 0 0
volume_proxy 1413 0.924423912 0.792147381 0.00600138132 0 0 0
volume_proxy 1422 0.750508771 -0.256394842 -0.00169442779 0 0 0
volume_proxy 1433 1.16113528 0.778246151 -0.00413756564 0 0 0
volume_proxy 1434 0.0372005778 -0.951824077 -0.00858394028 0 0 0
volume_proxy 1437 -0.104381256 0.0786713006 -0.00773870579 0 0 0
volume_proxy 1439 -0.116832091 0.912705979 -0.00665039266 0 0 0
volume_proxy 1447 0.808286549 -0.101088307 0.00524280288 0 0 0
volume_proxy 1459 -1.08332946 0.600869989 0.00772561245 0 0 0
volume_proxy 1460 0.180065984 0.480970378 0.00626531871 0 0 0
volume_proxy 1461 -0.709212584 0.65759206 0.00980728744 0 0 0
volume_proxy 1466 -0.645366909 0.239016889 0.00213908977 0 0 0
volume_proxy 1472 -0.581807348 0.459609833 -0.000528639935 0 0 0
volume_proxy 1474 0.888781208 -0.793618058 0.00528255192 0 0 0
volume_proxy 1481 0.762934344 0.479160647 0.00762983559 0 0 0
volume_proxy 1482 1.10403163 0.158291658 -0.00274731946 0 0 0
volume_proxy 1485 0.357117871 -0.553694189 0.00888964518 0 0 0
volume_proxy 1489 -0.0182147344 -0.664107196 0.0037812261 0 0 0
volume_proxy 1490 1.13622372 0.940377481 -0.00124429127 0 0 0
volume_proxy 1494 1.41021498 -0.30105158 -0.00213929034 0 0 0
volume_proxy 1496 -0.97007776 0.565131761 -0.00156687394 0 0 0
volume_proxy 1498 -0.174150366 0.343270106 0.00938690988 0 0 0
volume_proxy 1501 -0.483976138 -0.601582381 -0.00583865067 0 0 0
volume_proxy 1503 0.230974216 0.0537152844 0.00147505783 0 0 0
volume_proxy 1506 0.27740934 0.826890484 0.00986854855 0 0 0
volume_proxy 1507 -1.34207367 -0.532388901 -0.0105196605 0 0 0
volume_proxy 1508 -0.871133783 -0.845483828 -0.00250377221 0 0 0
volume_proxy 1509 -1.31237981 0.615496217 0.0103239009 0 0 0
volume_proxy 1510 0.194133425 -0.752685978 -0.00801076685 0 0 0
volume_proxy 1511 1.31545497 0.734946245 -0.00578862343 0 0 0
volume_proxy 1513 -1.47615451 0.875167941 -0.00897883664 0 0 0
volume_proxy 1515 0.685927207 0.480181189 -0.00425678412 0 0 0
volume_proxy 1516 -0.257369331 -0.965959195 0.00205148922 0 0 0
volume_proxy 1517 -0.821246434 -0.529421679 0.00769598113 0 0 0
volume_proxy 1519 0.0847770361 -0.341474942 0.00984715354 0 0 0
volume_proxy 1520 0.254555979 -0.202189655 0.00693443908 0 0 0
volume_proxy 1521 -0.689467331 -0.145721577 0.00734210976 0 0 0
volume_proxy 1522 0.632424834 0.50218835 0.00189570242 0 0 0
volume_proxy 1523 1.4937052 -0.147795067 -0.00369490228 0 0 0
volume_proxy 1525 -1.07693439 0.94146746 0.00318596207 0 0 0
volume_proxy 1526 1.17589412 -0.253074075 -0.00703292154 0 0 0
volume_proxy 1528 0.756075547 -0.606712398 0.0100905358 0 0 0
volume_proxy 1529 -0.844733993 0.0691500042 -0.00799695585 0 0 0
volume_proxy 1530 -0.855310248 -0.418110963 0.00548873426 0 0 0
volume_proxy 1531 0.413923235 0.478591816 0.008973358 0 0 0
