volume_proxy 0 1.46956069 -0.0808620228 0.0038476565 0 0 0
volume_proxy 5 0.363975972 0.757269629 0.00981731759 0 0 0
volume_proxy 6 0.9855935 -0.180434167 0.00976550313 0 0 0
volume_proxy 11 0.295408159 0.51345993 0.00995294717 0 0 0
volume_proxy 12 0.982048301 -0.0672767298 -0.00908368097 0 0 0
volume_proxy 14 0.639282859 0.360976243 0.00895917825 0 0 0
volume_proxy 23 -0.326227219 -0.0949510657 -0.00177800859 0 0 0
volume_proxy 38 0.47264274 -0.0330097882 0.00735910328 0 0 0
volume_proxy 40 -0.14277922 -0.920381274 0.00840139253 0 0 0
volume_proxy 50 -0.524562134 -0.484325051 -0.00705426986 0 0 0
volume_proxy 53 -0.225855758 -0.791065076 -0.00976640836 0 0 0
volume_proxy 58 1.28019408 -0.408425873 -0.00295277865 0 0 0
volume_proxy 60 -0.173360233 0.571688677 0.00649686374 0 0 0
volume_proxy 61 0.041822489 -0.965560304 -0.0048749042 0 0 0
volume_proxy 72 0.345379301 -0.189192614 0.00686131349 0 0 0
volume_proxy 81 -0.840046284 -0.202153272 -0.00962178365 0 0 0
volume_proxy 85 -0.430836704 0.320099341 0.00525255753 0 0 0
volume_proxy 88 -0.910586544 -0.170493443 -0.00355907145 0 0 0
volume_proxy 97 1.44517615 -0.332688532 -0.00176835972 0 0 0
volume_proxy 101 -1.16606036 0.948804408 0.00264855314 0 0 0
volume_proxy 105 -0.0500119527 -0.917651981 -0.00995199005 0 0 0
volume_proxy 106 -0.0875298474 -0.974192582 0.00582806761 0 0 0
volume_proxy 107 0.604294962 0.263115377 0.00939497228 0 0 0
volume_proxy 108 1.41033955 0.476052992 -0.00472522168 0 0 0
volume_proxy 126 -0.235404043 -0.723625089 -0.0102874803 0 0 0
volume_proxy 127 -0.349431205 0.452666155 -0.00266228462 0 0 0
volume_proxy 130 1.01032173 0.595787457 -0.00894635361 0 0 0
volume_proxy 132 0.555962778 0.875319216 0.00834083664 0 0 0
volume_proxy 140 -0.893514424 0.393287677 -0.00501278545 0 0 0
volume_proxy 145 -0.964073829 -0.815228546 -0.00178843859 0 0 0
volume_proxy 157 0.491628991 0.0825933083 -0.00965594758 0 0 0
volume_proxy 159 -0.51740861 -0.425764014 0.000491132333 0 0 0
volume_proxy 161 -0.29890723 0.041824187 0.0101432393 0 0 0
volume_proxy 176 0.451146313 -0.61355198 0.0085724687 0 0 0
volume_proxy 178 -0.968334329 0.699594625 0.00763210769 0 0 0
volume_proxy 186 -0.19308139 0.738000236 0.0049877717 0 0 0
volume_proxy 189 -1.13485028 0.43090653 0.00116601681 0 0 0
volume_proxy 195 -0.315352516 -0.16740056 -0.00413294079 0 0 0
volume_proxy 196 0.51348959 0.443817603 -0.00578496213 0 0 0
volume_proxy 200 -0.181804334 -0.739686213 0.0078213505 0 0 0
volume_proxy 202 -0.674856736 0.973839702 0.00174975915 0 0 0
volume_proxy 209 -0.742336206 -0.485372597 0.0047235437 0 0 0
volume_proxy 210 -0.285890654 0.263699858 0.0080248774 0 0 0
volume_proxy 224 0.608984557 -0.516672393 0.00530458656 0 0 0
volume_proxy 226 -0.570223397 -0.608054947 0.00802211555 0 0 0
volume_proxy 236 0.499694899 0.398432668 -0.00815539527 0 0 0
volume_proxy 244 1.4486497 0.329469761 -0.00831627613 0 0 0
volume_proxy 247 1.05117136 -0.0880724721 -0.00437426155 0 0 0
volume_proxy 256 0.00255491604 -0.768475097 0.00909396077 0 0 0
volume_proxy 258 1.08700889 0.552402907 -0.00874941188 0 0 0
volume_proxy 259 0.31740682 0.0256874875 -0.00524744936 0 0 0
volume_proxy 269 -0.163577937 -0.670258389 0.00842249429 0 0 0
volume_proxy 276 0.369555229 -0.198659161 -0.00232989893 0 0 0
volume_proxy 277 -0.624028123 -0.387669698 0.00693221569 0 0 0
volume_proxy 294 0.669385015 0.798384352 -0.00258276173 0 0 0
volume_proxy 296 0.155810345 -0.137742166 0.000492468329 0 0 0
volume_proxy 298 0.975891473 -0.624561769 -0.00864071343 0 0 0
volume_proxy 305 0.485097082 -0.203076825 0.00152214722 0 0 0
volume_proxy 310 1.10156588 0.28555636 0.00883108869 0 0 0
volume_proxy 311 1.32548469 -0.297215929 0.00631907563 0 0 0
volume_proxy 329 -0.770778621 0.0911718307 0.00300923059 0 0 0
volume_proxy 337 -1.10377421 0.338413397 0.000358021892 0 0 0
volume_proxy 344 0.499437318 0.275176747 -0.0092590071 0 0 0
volume_proxy 347 -0.657648523 -0.868862162 0.00709300369 0 0 0
volume_proxy 349 0.380152178 -0.0210015556 0.00840747207 0 0 0
volume_proxy 356 0.435896427 0.511859415 0.00141777341 0 0 0
volume_proxy 358 1.25304818 0.956770929 -0.00770916635 0 0 0
volume_proxy 375 1.09268335 -0.293600851 -0.0094314862 0 0 0
volume_proxy 388 -1.13414935 0.166442297 0.00393375516 0 0 0
volume_proxy 399 0.654552666 -0.521214365 -0.00548314031 0 0 0
volume_proxy 409 0.391556105 -0.840461066 0.00353188758 0 0 0
volume_proxy 412 1.36790292 -0.28989814 -0.00651487737 0 0 0
volume_proxy 431 -1.18868404 -0.93327453 -0.000940317388 0 0 0
volume_proxy 512 0.255872471 -0.914693881 -0.00862280918 0 0 0
volume_proxy 518 1.35673816 0.877396619 -0.00653641284 0 0 0
volume_proxy 591 -0.338773504 0.361921607 0.0101302154 0 0 0
volume_proxy 682 0.229009413 -0.421907995 -0.00126925672 0 0 0
volume_proxy 725 -1.20459699 -0.562899381 -0.00756231042 0 0 0
volume_proxy 751 -0.330259181 -0.90843891 -0.00499637366 0 0 0
volume_proxy 802 1.0790786 -0.597742932 -0.00134957415 0 0 0
volume_proxy 814 0.288257576 0.00827930251 -0.0104745338 0 0 0
volume_proxy 876 -0.264552362 -0.244529141 0.00164179057 0 0 0
volume_proxy 904 -0.669034813 0.574816763 0.00884802322 0 0 0
volume_proxy 914 0.289747389 -0.724131924 -0.000581118497 0 0 0
volume_proxy 929 -0.929223079 -0.732149107 -0.00177404238 0 0 0
volume_proxy 944 0.295860614 -0.766361152 0.00941682177 0 0 0
volume_proxy 991 -1.37311536 -0.783511949 0.00733320358 0 0 0
volume_proxy 1020 -1.09336322 0.609263333 0.00720704528 0 0 0
volume_proxy 1021 -0.572810202 -0.879390911 -0.000152044135 0 0 0
volume_proxy 1042 0.759448882 0.9460213 0.00422380145 0 0 0
volume_proxy 1050 -1.0906721 -0.169885082 -0.00110215077 0 0 0
volume_proxy 1052 -0.42371927 0.109119215 -0.00525004962 0 0 0
volume_proxy 1062 0.664089061 0.348881476 0.00106703712 0 0 0
volume_proxy 1066 0.754292715 0.51505144 -0.00182409363 0 0 0
volume_proxy 1093 -0.388630976 -0.790020636 -0.00897547759 0 0 0
volume_proxy 1098 0.465716252 0.935766598 0.00377152431 0 0 0
volume_proxy 1118 -0.214889841 -0.488061732 -0.00207587325 0 0 0
volume_proxy 1120 -0.181945784 0.413411687 0.00903040785 0 0 0
volume_proxy 1133 0.373408336 -0.808866141 0.00612376028 0 0 0
volume_proxy 1137 -0.839798926 -0.00947405458 0.00256447193 0 0 0
volume_proxy 1138 1.38291316 -0.94176659 -0.00992934278 0 0 0
volume_proxy 1151 0.445078654 -0.929554838 0.00346679929 0 0 0
volume_proxy 1166 -0.919415495 0.422627977 0.00648723851 0 0 0
volume_proxy 1169 1.33491847 -0.781494893 -0.00845884128 0 0 0
volume_proxy 1172 0.0966467686 0.563427338 -0.00255787038 0 0 0
volume_proxy 1180 -1.01338792 0.17599373 0.000331244951 0 0 0
volume_proxy 1186 -0.333805114 -0.415552785 -0.00270014994 0 0 0
volume_proxy 1193 -0.917865281 -0.0161721844 0.00845426448 0 0 0
volume_proxy 1195 -1.28364675 -0.335998543 -0.0064904579 0 0 0
volume_proxy 1197 -0.496761507 -0.24670742 0.00902188859 0 0 0
volume_proxy 1198 -0.0260740684 0.657152639 0.00236874669 0 0 0
volume_proxy 1208 -0.561373722 -0.0361494577 0.00354773988 0 0 0
volume_proxy 1209 -1.21941037 0.16089181 -0.00268207934 0 0 0
volume_proxy 1210 -1.18944464 0.897807874 -0.00246399636 0 0 0
volume_proxy 1217 -0.497690892 0.346455336 -0.00349158845 0 0 0
volume_proxy 1219 -0.770559861 0.63649481 0.00859556475 0 0 0
volume_proxy 1223 1.34663783 0.0721683185 0.00531372103 0 0 0
volume_proxy 1225 -0.00377176748 -0.206091854 -0.0102861357 0 0 0
volume_proxy 1230 0.996434648 -0.230622473 0.00104986275 0 0 0
volume_proxy 1231 -1.30743413 0.0509667688 0.00966982956 0 0 0
volume_proxy 1237 0.402405112 0.838396651 -0.0022677288 0 0 0
volume_proxy 1238 0.571274309 0.861656901 -0.00378244804 0 0 0
volume_proxy 1245 -1.32112683 0.825063025 -0.00311263136 0 0 0
volume_proxy 1255 1.18453372 -0.33729337 -0.00824619082 0 0 0
volume_proxy 1259 -0.752226885 0.671094683 -0.00331108731 0 0 0
volume_proxy 1262 1.38930548 0.382578668 -0.00715254508 0 0 0
volume_proxy 1264 0.137385194 -0.456457775 0.00946753611 0 0 0
volume_proxy 1270 0.570234482 -0.0743923829 0.0103614212 0 0 0
volume_proxy 1273 -0.860115812 0.686715608 0.0107994838 0 0 0
volume_proxy 1280 -1.17622316 0.264597961 -0.010775294 0 0 0
volume_proxy 1285 -1.42919773 0.966189608 -0.00572297152 0 0 0
volume_proxy 1292 0.183994864 0.334937496 -0.0101145013 0 0 0
volume_proxy 1293 -0.279858447 -0.832078306 0.00315726474 0 0 0
volume_proxy 1294 1.12883044 0.644352382 -0.0102790662 0 0 0
volume_proxy 1295 -1.49059257 0.602850257 0.00538506878 0 0 0
volume_proxy 1296 -0.0953998909 -0.133557301 0.00969750509 0 0 0
volume_proxy 1297 -0.351050993 -0.700901023 -0.000170572989 0 0 0
volume_proxy 1298 -1.311841 -0.77741114 -0.00858277649 0 0 0
volume_proxy 1301 -1.07398535 0.812965477 0.00470391319 0 0 0
volume_proxy 1303 -0.80306667 0.953457786 -0.00810275633 0 0 0
volume_proxy 1308 -0.408955594 0.113336147 -0.00552760627 0 0 0
volume_proxy 1309 -0.225201081 -0.200367345 0.00884856569 0 0 0
volume_proxy 1315 -0.984721355 -0.866927522 -0.00881981818 0 0 0
volume_proxy 1318 0.737480732 -0.471754421 0.00100241269 0 0 0
volume_proxy 1325 0.0435362914 -0.634438728 0.000853601215 0 0 0
volume_proxy 1326 -0.232907527 -0.0439896488 0.00964156468 0 0 0
volume_proxy 1329 0.934466484 0.57256815 -0.0102646661 0 0 0
volume_proxy 1330 0.351989498 0.300038028 0.00198578183 0 0 0
volume_proxy 1331 0.373841788 0.364816316 0.00314554734 0 0 0
volume_proxy 1334 -1.45428137 -0.3143332 -0.00976963666 0 0 0
volume_proxy 1335 0.355532609 -0.223333433 0.000842206379 0 0 0
volume_proxy 1336 0.749445182 -0.00756971726 0.00260839315 0 0 0
volume_proxy 1337 -0.299746074 0.501138258 0.00534006311 0 0 0
volume_proxy 1340 0.482900114 0.685471478 0.00159239066 0 0 0
volume_proxy 1341 -0.628395824 -0.546073762 0.00304596904 0 0 0
volume_proxy 1345 0.606312919 -0.812921692 -0.000942613024 0 0 0
volume_proxy 1347 -0.444601238 0.562657663 -0.000479416329 0 0 0
volume_proxy 1348 0.705637813 -0.596826113 -0.00235407072 0 0 0
volume_proxy 1349 -1.47516327 -0.0866374533 0.00277492503 0 0 0
volume_proxy 1353 1.02729953 -0.243575522 0.00273824328 0 0 0
volume_proxy 1354 -0.449222139 -0.304210158 0.00224347458 0 0 0
volume_proxy 1357 -1.48631209 0.00128435097 0.00829895866 0 0 0
volume_proxy 1358 -0.652664105 -0.574196958 0.00822834065 0 0 0
volume_proxy 1360 -1.39568995 -0.88885085 -0.000455109788 0 0 0
volume_proxy 1361 1.13457735 0.846884546 0.00938366459 0 0 0
volume_proxy 1366 1.04276188 0.99603486 0.00740498639 0 0 0
volume_proxy 1367 -0.522435555 -0.9125833 -0.00573579761 0 0 0
volume_proxy 1368 1.10954374 -0.936383863 -0.00532141217 0 0 0
volume_proxy 1369 1.09041324 0.866163785 -0.00326203345 0 0 0
volume_proxy 1376 0.942703633 -0.568941511 0.000691244876 0 0 0
volume_proxy 1378 0.510245224 -0.603100761 0.00612514257 0 0 0
volume_proxy 1379 0.540959247 0.277730589 0.00945614633 0 0 0
volume_proxy 1380 -0.173274774 0.375031724 0.00489143342 0 0 0
volume_proxy 1381 0.79579906 0.65136197 -0.00904946059 0 0 0
volume_proxy 1382 -0.408383051 -0.193342625 -0.00879219154 0 0 0
volume_proxy 1383 -1.27198082 0.718257765 0.00349753293 0 0 0
volume_proxy 1384 0.516333974 0.405549961 -0.00455800769 0 0 0
volume_proxy 1385 1.04960267 0.435700295 0.00209092388 0 0 0
volume_proxy 1386 0.504546255 0.507221398 0.00211169718 0 0 0
volume_proxy 1387 0.120102245 0.802850623 0.00136204498 0 0 0
volume_proxy 1388 0.143515938 0.274773342 0.00897535036 0 0 0
volume_proxy 1389 -0.127464886 0.880271657 -0.000647312129 0 0 0
volume_proxy 1390 -1.27806232 0.212937874 0.00662544989 0 0 0
volume_proxy 1391 0.679694503 -0.0650546534 0.00563884597 0 0 0
volume_proxy 1392 -0.508912206 -0.802623153 -0.00710220831 0 0 0
volume_proxy 1393 0.807971214 0.304004066 0.00972700759 0 0 0
volume_proxy 1394 1.49827377 0.531425666 -0.00874065037 0 0 0
volume_proxy 1395 1.48893586 0.338193672 0.00447836185 0 0 0
volume_proxy 1396 -0.881961609 -0.335669181 -0.00996483801 0 0 0
volume_proxy 1397 -0.791435606 0.203198806 0.0104533209 0 0 0
volume_proxy 1398 -0.696042877 0.509410299 0.00817195772 0 0 0
volume_proxy 1401 1.05806131 0.504447299 0.00174569724 0 0 0
volume_proxy 1402 1.10668791 0.585718014 -0.00909125757 0 0 0
volume_proxy 1403 0.812497895 0.236209265 0.002204323 0 0 0
