volume_proxy 0 -0.564787563 -0.763776512 -0.00588959178 0 0 0
volume_proxy 6 0.094197266 0.310781087 0.00513920789 0 0 0
volume_proxy 11 1.40660852 0.943124752 0.00194465576 0 0 0
volume_proxy 12 1.05815671 -0.551049103 0.00754942983 0 0 0
volume_proxy 14 -1.06027503 0.0110042474 -0.000186424758 0 0 0
volume_proxy 23 0.687892341 -0.4118317 0.00311114944 0 0 0
volume_proxy 38 -1.00282837 -0.912249759 0.00478322778 0 0 0
volume_proxy 40 -1.01449115 -0.0258478632 0.00360586879 0 0 0
volume_proxy 50 -0.655934833 -0.0218881568 -0.00295891383 0 0 0
volume_proxy 53 -1.18326443 0.786568917 0.00656736635 0 0 0
volume_proxy 58 1.47184795 -0.963542008 -0.00168152431 0 0 0
volume_proxy 60 -0.292647505 0.855914598 0.00173638083 0 0 0
volume_proxy 85 -1.28483583 0.68873366 0.00749132882 0 0 0
volume_proxy 97 0.843140585 0.722811001 0.00252849345 0 0 0
volume_proxy 107 0.435678069 0.119911281 0.00793706858 0 0 0
volume_proxy 127 -1.2509306 -0.75299703 -0.00413159376 0 0 0
volume_proxy 130 1.03809218 -0.870880491 -0.00772366063 0 0 0
volume_proxy 140 -0.436017965 -0.0292442926 -0.00693033798 0 0 0
volume_proxy 157 0.320786241 -0.911966053 -0.00697564141 0 0 0
volume_proxy 159 1.13862692 0.312559384 -0.00318685763 0 0 0
volume_proxy 161 -0.310221777 -0.0744173952 -0.00164538107 0 0 0
volume_proxy 176 1.27845207 0.124551271 -0.00675187135 0 0 0
volume_proxy 186 -0.723396315 -0.188334197 0.00400564359 0 0 0
volume_proxy 189 -0.256712593 -0.273183032 0.00666323417 0 0 0
volume_proxy 195 -1.26181202 -0.754397446 0.00661877142 0 0 0
volume_proxy 196 0.58238286 0.680066337 -0.00168498142 0 0 0
volume_proxy 200 -0.556422065 0.343876203 0.00196312097 0 0 0
volume_proxy 202 -0.188436401 0.765768547 0.00260080312 0 0 0
volume_proxy 209 -0.966721795 -0.279159108 0.00556277706 0 0 0
volume_proxy 210 0.0178380237 0.52820167 -0.000838188858 0 0 0
volume_proxy 226 0.584492104 -0.874408071 -0.00889799994 0 0 0
volume_proxy 236 1.12973128 -0.821116335 0.00251084021 0 0 0
volume_proxy 247 0.568225378 -0.143395261 0.00672646129 0 0 0
volume_proxy 256 -0.67693228 0.852562921 0.00147681299 0 0 0
volume_proxy 259 0.412077583 -0.100841589 0.00534865599 0 0 0
volume_proxy 269 -0.795283108 -0.187928167 -0.00507245189 0 0 0
volume_proxy 277 -0.667953404 -0.761291238 -0.00107824297 0 0 0
volume_proxy 296 -1.1729665 0.741398904 0.00677803104 0 0 0
volume_proxy 305 0.410212927 -0.446131619 0.00162610446 0 0 0
volume_proxy 310 0.627817297 0.550130044 -0.00359067286 0 0 0
volume_proxy 344 -1.3949871 -0.153823298 0.0026581904 0 0 0
volume_proxy 347 -0.09824649 0.790892274 -0.00959930011 0 0 0
volume_proxy 356 -0.162287647 0.0878228126 0.00453068971 0 0 0
volume_proxy 375 0.857548109 -0.535015158 0.00735218206 0 0 0
volume_proxy 388 1.26011592 -0.880122397 0.00200811831 0 0 0
volume_proxy 802 0.559507278 0.432998832 -0.00243525112 0 0 0
volume_proxy 1052 -1.20181072 -0.395151417 0.00938965945 0 0 0
volume_proxy 1066 0.057390574 0.689552988 -0.0101773556 0 0 0
volume_proxy 1120 -0.363834585 0.718127855 0.000570840154 0 0 0
volume_proxy 1166 -1.13529279 -0.558474654 -0.00290894347 0 0 0
volume_proxy 1193 -1.02086792 -0.242007209 -0.00750012834 0 0 0
volume_proxy 1225 -1.01545124 -0.601195289 0.0031331148 0 0 0
volume_proxy 1245 -1.37000143 0.372204593 0.00808067869 0 0 0
volume_proxy 1280 -0.91760658 0.759738848 0.000540730826 0 0 0
volume_proxy 1285 -1.31227059 0.207754934 0.0100616493 0 0 0
volume_proxy 1295 0.605390981 -0.023068077 -0.00802454492 0 0 0
volume_proxy 1296 -0.0889252439 -0.988908007 0.00252077151 0 0 0
volume_proxy 1340 0.884346026 0.0832178533 -0.00965820432 0 0 0
volume_proxy 1380 -1.16046097 -0.0783204301 0.000140524371 0 0 0
volume_proxy 1386 1.3104715 0.538941274 -0.00329446506 0 0 0
volume_proxy 1397 0.638957506 0.936067868 0.00906729293 0 0 0
volume_proxy 1409 -0.208090907 0.439774445 0.00109013125 0 0 0
volume_proxy 1413 1.10387858 0.842564967 0.00534315062 0 0 0
volume_proxy 1422 0.804736402 -0.752787583 0.000950036519 0 0 0
volume_proxy 1433 1.18166902 0.413183275 0.00821939802 0 0 0
volume_proxy 1437 0.0234911457 -0.461165375 -0.00293458786 0 0 0
volume_proxy 1459 -1.09012951 -0.265448308 0.00306581516 0 0 0
volume_proxy 1460 0.00638420791 0.812524154 0.00723628603 0 0 0
volume_proxy 1461 -1.49982231 0.847404476 -0.00187084832 0 0 0
volume_proxy 1466 -0.300367122 0.64438859 -0.00362471817 0 0 0
volume_proxy 1472 -1.26724393 0.776831613 -0.00739201815 0 0 0
volume_proxy 1474 1.30100765 -0.0695043793 -0.00198107306 0 0 0
volume_proxy 1481 0.361857681 0.682893329 -0.0058304283 0 0 0
volume_proxy 1482 1.06539929 0.739500428 0.00103447015 0 0 0
volume_proxy 1485 0.598230816 -0.259338833 0.00152356528 0 0 0
volume_proxy 1489 0.429549632 -0.535729533 0.00594362905 0 0 0
volume_proxy 1490 0.651767384 0.943293263 0.00910721883 0 0 0
volume_proxy 1496 -1.20748476 0.967625647 0.00643387835 0 0 0
volume_proxy 1498 -0.196678094 0.266947794 0.00605346099 0 0 0
volume_proxy 1503 -1.06274485 -0.740801496 -0.002527206 0 0 0
volume_proxy 1506 0.216813112 0.605459807 0.00488168807 0 0 0
volume_proxy 1507 -1.38288063 -0.0185835186 -0.0102513225 0 0 0
volume_proxy 1508 -0.310660552 -0.157619929 -0.000233173356 0 0 0
volume_proxy 1509 -1.37530026 -0.20976836 0.00729043739 0 0 0
volume_proxy 1510 -0.161445506 -0.982912164 -0.00545276941 0 0 0
volume_proxy 1511 1.28257774 0.511940986 -0.0102429656 0 0 0
volume_proxy 1513 -1.43066625 0.831790775 0.00406755941 0 0 0
volume_proxy 1515 0.776804086 -0.839633516 -0.00453502442 0 0 0
volume_proxy 1516 -0.250858518 -0.914202777 -0.000808551803 0 0 0
volume_proxy 1517 -1.09318381 -0.312155749 0.00930884242 0 0 0
volume_proxy 1519 0.0900317519 -0.518502055 0.00225039744 0 0 0
volume_proxy 1520 0.260004895 -0.367550914 0.00299120059 0 0 0
volume_proxy 1521 -1.26047559 -0.618289878 -0.00892507072 0 0 0
volume_proxy 1523 0.349429296 -0.54266589 -0.00610642248 0 0 0
volume_proxy 1525 -0.783058522 0.934719086 -0.00941602875 0 0 0
volume_proxy 1526 0.979948186 -0.747667758 0.00236096971 0 0 0
volume_proxy 1528 0.693381688 -0.673056906 0.00355845925 0 0 0
volume_proxy 1529 -1.07163773 0.294327787 -0.00925289516 0 0 0
volume_proxy 1531 0.38154687 0.47185789 0.00990513594 0 0 0
volume_proxy 1533 1.18961543 0.0673024422 -0.00923876046 0 0 0
volume_proxy 1534 0.296386232 0.709982912 -0.0028305256 0 0 0
volume_proxy 1535 0.759553297 0.677312056 -0.00872703959 0 0 0
volume_proxy 1536 -0.418633984 -0.578937773 -0.00948915726 0 0 0
volume_proxy 1537 -0.372914642 -0.86991167 0.00189500426 0 0 0
volume_proxy 1538 1.33329717 -0.258399162 0.00214639913 0 0 0
