volume_proxy 0 1.33447269 -0.0606556709 0.0101449322 0 0 0
volume_proxy 5 0.385889779 0.355736586 -0.0105163637 0 0 0
volume_proxy 6 0.724330331 -0.0429908945 0.00738320888 0 0 0
volume_proxy 11 0.402656624 0.483738173 0.00663889402 0 0 0
volume_proxy 12 1.43829996 -0.318761788 0.000948177675 0 0 0
volume_proxy 14 0.25492821 0.231525726 -0.00623710226 0 0 0
volume_proxy 23 -0.447786152 -0.0201865131 -0.00583612411 0 0 0
volume_proxy 38 0.556474471 -0.0625027064 -0.000354740845 0 0 0
volume_proxy 40 0.081406626 -0.924730653 0.00811518905 0 0 0
volume_proxy 50 -0.667241729 -0.609730197 0.00589314911 0 0 0
volume_proxy 53 -0.0994907802 -0.865922391 -0.00952781248 0 0 0
volume_proxy 58 1.32926859 -0.540010464 -0.00191207317 0 0 0
volume_proxy 60 0.251176916 0.565382999 0.0035702806 0 0 0
volume_proxy 61 -0.0932421191 -0.910951076 0.00775786295 0 0 0
volume_proxy 72 0.243031858 -0.270910879 -0.000448996189 0 0 0
volume_proxy 81 -0.720399755 -0.821873744 0.00250428014 0 0 0
volume_proxy 85 -0.498063622 0.136304003 0.00855044833 0 0 0
volume_proxy 88 -0.777250659 -0.209176075 0.0079226621 0 0 0
volume_proxy 97 1.47665089 -0.478674399 -0.00843190098 0 0 0
volume_proxy 101 -1.06356956 0.909696254 -0.00722018785 0 0 0
volume_proxy 105 -0.0243684481 -0.953229866 -0.0042143505 0 0 0
volume_proxy 106 0.0334934924 -0.730426727 0.000421580908 0 0 0
volume_proxy 107 0.904697477 0.253266518 0.00131535046 0 0 0
volume_proxy 108 1.4294559 0.194294347 -0.00220992895 0 0 0
volume_proxy 127 -0.800263873 0.34984911 -0.00433120399 0 0 0
volume_proxy 130 0.873154094 0.476564552 -0.00773713055 0 0 0
volume_proxy 132 0.537326141 0.621295604 -0.000514742728 0 0 0
volume_proxy 140 -0.579344832 0.354875858 -0.00984889004 0 0 0
volume_proxy 145 -0.963730198 -0.864086167 -0.00897821886 0 0 0
volume_proxy 157 0.446085594 0.252786367 0.00783622532 0 0 0
volume_proxy 159 -0.0387729596 -0.754006592 0.00445588915 0 0 0
volume_proxy 161 -0.446751818 -0.0160317947 -0.00743279329 0 0 0
volume_proxy 176 0.347386587 -0.899211533 0.00738748176 0 0 0
volume_proxy 178 -1.34063251 0.789362117 0.00953294526 0 0 0
volume_proxy 186 0.142046626 0.721143084 0.00805768425 0 0 0
volume_proxy 189 -1.26381394 0.535880796 -0.00502481602 0 0 0
volume_proxy 195 -0.387561425 -0.340170804 -0.00306698256 0 0 0
volume_proxy 196 0.51340025 0.456792338 -0.00828190574 0 0 0
volume_proxy 200 0.0182721615 -0.69935002 -0.0107237034 0 0 0
volume_proxy 202 -1.12284896 0.857954049 0.00870799824 0 0 0
volume_proxy 209 -0.828292608 -0.296182273 -0.00567421384 0 0 0
volume_proxy 210 -0.315378563 0.28027168 0.0030027766 0 0 0
volume_proxy 224 0.688565142 -0.816084502 0.00909475238 0 0 0
volume_proxy 226 -0.637817227 -0.413453068 -0.0106154697 0 0 0
volume_proxy 236 0.476226235 0.216005549 0.0104631038 0 0 0
volume_proxy 244 1.45216366 0.612589382 -0.00211000194 0 0 0
volume_proxy 247 0.653689833 0.222491949 0.00484779228 0 0 0
volume_proxy 256 -0.406809317 -0.497673011 0.00814180554 0 0 0
volume_proxy 259 0.165264096 -0.00134404933 0.00317780723 0 0 0
volume_proxy 269 -0.0403340351 -0.816480191 0.00974145512 0 0 0
volume_proxy 276 0.836128022 -0.238602844 -0.00648551839 0 0 0
volume_proxy 277 -0.501720678 -0.295298822 0.00806311573 0 0 0
volume_proxy 294 0.880684975 0.394219572 -0.010624048 0 0 0
volume_proxy 296 0.150659464 -0.235438461 0.00914509671 0 0 0
volume_proxy 298 1.31150706 -0.484617182 -0.010542564 0 0 0
volume_proxy 305 0.557561204 -0.176522585 0.00302305997 0 0 0
volume_proxy 310 1.21017771 0.546237762 0.00127053641 0 0 0
volume_proxy 311 1.28074103 -0.130473271 0.00180073857 0 0 0
volume_proxy 329 -0.952463261 -0.0350812635 -0.0104886965 0 0 0
volume_proxy 337 -0.787032549 0.474411779 0.00253981403 0 0 0
volume_proxy 344 0.503573744 0.442742558 -0.0104155947 0 0 0
volume_proxy 347 -0.684648634 -0.677070504 -0.00293011913 0 0 0
volume_proxy 349 0.480541122 -0.0837049106 0.00548384542 0 0 0
volume_proxy 356 0.524590397 0.41362145 -0.00874052388 0 0 0
volume_proxy 358 1.02679409 0.845148462 -0.00891234454 0 0 0
volume_proxy 375 1.21325887 -0.305134706 0.00884575121 0 0 0
volume_proxy 388 -1.08478287 0.35082622 -0.00711814114 0 0 0
volume_proxy 399 0.730272071 -0.412990278 0.00298667002 0 0 0
volume_proxy 409 0.4583321 -0.730982207 -0.00560917213 0 0 0
volume_proxy 412 1.45661499 0.13579289 0.00302066008 0 0 0
volume_proxy 431 -1.2293762 -0.927827155 -0.0062178044 0 0 0
volume_proxy 512 0.193102239 -0.866193785 0.00169209632 0 0 0
volume_proxy 518 1.40047931 0.838920049 0.000185704884 0 0 0
volume_proxy 591 -0.410661062 0.484379737 -0.00220746609 0 0 0
volume_proxy 682 0.244564756 -0.453212582 -0.00925108878 0 0 0
volume_proxy 725 -1.37070218 -0.838032416 0.00171879535 0 0 0
volume_proxy 751 -0.472100294 -0.866668771 0.00214512567 0 0 0
volume_proxy 802 0.949139016 -0.410179407 -0.00507493365 0 0 0
volume_proxy 814 0.252870642 0.273514738 0.0105489255 0 0 0
volume_proxy 876 -0.171231626 -0.382997771 -0.0103224203 0 0 0
volume_proxy 904 -0.619419852 0.592331603 -0.00593589645 0 0 0
volume_proxy 914 0.0535557997 -0.573589922 -0.00351996586 0 0 0
volume_proxy 929 -1.08938477 -0.383689239 -0.00554405969 0 0 0
volume_proxy 944 0.349069838 -0.694537492 -0.00661372879 0 0 0
volume_proxy 991 -1.03753569 -0.759315761 -0.0066799339 0 0 0
volume_proxy 1020 -0.99043573 0.750575836 -0.00141900633 0 0 0
volume_proxy 1021 -0.732499201 -0.952678651 -0.00140410478 0 0 0
volume_proxy 1042 0.83677601 0.811468991 -0.00963105817 0 0 0
volume_proxy 1050 -1.47162009 -0.354740132 0.00593011708 0 0 0
volume_proxy 1052 -0.301947027 -0.0763943041 0.00811681869 0 0 0
volume_proxy 1066 0.565111925 0.387471489 -0.0080053011 0 0 0
volume_proxy 1093 -0.113694661 -0.623756495 -0.000704363154 0 0 0
volume_proxy 1098 0.758228255 0.904620268 0.00953649635 0 0 0
volume_proxy 1118 -0.213998888 -0.586310068 0.00622487652 0 0 0
volume_proxy 1120 -0.346654369 0.55478004 0.00564473165 0 0 0
volume_proxy 1133 0.716497099 -0.656014808 0.0103908411 0 0 0
volume_proxy 1137 -0.674762074 0.0677627443 -0.00318922786 0 0 0
volume_proxy 1138 1.48096742 -0.982316906 0.0106369597 0 0 0
volume_proxy 1151 0.734082758 -0.981877193 0.00247165531 0 0 0
volume_proxy 1166 -0.979923694 0.611227848 -0.00684642581 0 0 0
volume_proxy 1169 1.23502653 -0.875586449 0.0012459186 0 0 0
volume_proxy 1172 0.117511244 0.534816451 -0.00456357295 0 0 0
volume_proxy 1180 -0.871907323 0.213686188 0.00316335698 0 0 0
volume_proxy 1186 -0.68957338 -0.877165971 -0.00630308736 0 0 0
volume_proxy 1193 -1.01528854 -0.239178332 -0.00363368378 0 0 0
volume_proxy 1195 -1.2909712 -0.529985621 0.00585431978 0 0 0
volume_proxy 1197 -0.488471915 -0.518050376 -0.00165842321 0 0 0
volume_proxy 1198 -0.127261602 0.743784651 0.00956917617 0 0 0
volume_proxy 1208 -0.53265849 -0.350036608 -0.00249951675 0 0 0
volume_proxy 1209 -1.25569452 0.360970979 0.00912999775 0 0 0
volume_proxy 1210 -0.972416895 0.895112021 0.00843343803 0 0 0
volume_proxy 1217 -0.33802717 0.267370332 3.29385451e-05 0 0 0
volume_proxy 1219 -0.905304356 0.524526339 0.00633910255 0 0 0
volume_proxy 1223 1.45999411 0.349432089 0.00205142729 0 0 0
volume_proxy 1225 0.106887431 -0.345784912 -0.00154321128 0 0 0
volume_proxy 1230 0.995848213 -0.254011523 -0.00598070049 0 0 0
volume_proxy 1231 -1.49232774 -0.0516286522 0.00585852509 0 0 0
volume_proxy 1237 0.0623296837 0.911976484 -0.00202307709 0 0 0
volume_proxy 1238 0.452178704 0.907587452 -0.00570183636 0 0 0
volume_proxy 1245 -1.26556328 0.946711525 -0.00115647777 0 0 0
volume_proxy 1255 1.14757086 -0.51234472 -0.00477680394 0 0 0
volume_proxy 1259 -0.87875857 0.612271474 -0.00937215844 0 0 0
volume_proxy 1262 1.4985454 0.216001073 -0.00867900586 0 0 0
volume_proxy 1264 0.187161556 -0.414337519 -0.00255496571 0 0 0
volume_proxy 1270 0.403315926 0.0864508414 0.00867539611 0 0 0
volume_proxy 1273 -0.653582187 0.467138339 -0.00435798812 0 0 0
volume_proxy 1280 -0.988323999 0.120806079 0.00417241748 0 0 0
volume_proxy 1285 -1.23716681 0.907252566 0.00358730672 0 0 0
volume_proxy 1292 0.212680586 0.156165853 -0.00874414564 0 0 0
volume_proxy 1293 -0.382990598 -0.921834671 0.00212369074 0 0 0
volume_proxy 1294 0.968275127 0.659406705 -0.0101908312 0 0 0
volume_proxy 1295 -1.39347325 0.731951979 0.00928584198 0 0 0
volume_proxy 1296 0.056610496 -0.0735219422 -0.00267143967 0 0 0
volume_proxy 1297 -0.164780503 -0.79209455 0.00956535088 0 0 0
volume_proxy 1298 -1.18814196 -0.966289433 -0.00634871634 0 0 0
volume_proxy 1301 -0.519490187 0.740581514 0.00912654913 0 0 0
volume_proxy 1303 -0.720557469 0.988275319 0.00585781269 0 0 0
volume_proxy 1308 -0.300844918 0.340319649 0.00404567533 0 0 0
volume_proxy 1315 -1.129114 -0.723920467 0.00910345491 0 0 0
volume_proxy 1318 0.782096004 -0.527721166 -0.00323320893 0 0 0
volume_proxy 1325 -0.272671592 -0.5677479 0.00770086351 0 0 0
volume_proxy 1326 -0.221356168 0.130679029 -0.00723362255 0 0 0
volume_proxy 1329 0.955108437 0.793044827 0.0105626612 0 0 0
volume_proxy 1330 0.431326859 0.36106091 0.00821881383 0 0 0
volume_proxy 1331 0.225805143 0.215467067 -0.00397529183 0 0 0
volume_proxy 1334 -1.39091549 -0.0916857009 0.00718798485 0 0 0
volume_proxy 1335 0.341524875 -0.231499876 -0.00391355125 0 0 0
volume_proxy 1336 0.555598207 -0.140906551 0.00561060113 0 0 0
volume_proxy 1337 -0.0426430323 0.486977437 0.00629044256 0 0 0
volume_proxy 1340 0.392120697 0.774631242 -0.00686805524 0 0 0
volume_proxy 1341 -0.735309012 -0.535114238 -0.00243552559 0 0 0
volume_proxy 1345 0.457621248 -0.990940585 0.00533200063 0 0 0
volume_proxy 1347 -0.440999251 0.314975832 0.00233722518 0 0 0
volume_proxy 1348 0.815859625 -0.740423631 -0.00962480992 0 0 0
volume_proxy 1349 -1.44739754 -0.244722629 0.00822629154 0 0 0
volume_proxy 1353 1.30230879 -0.168943678 -0.00583703529 0 0 0
volume_proxy 1354 -0.371205102 -0.132202917 -0.00696414101 0 0 0
volume_proxy 1357 -1.4732371 0.00085324756 -0.00318241616 0 0 0
volume_proxy 1358 -0.483723902 -0.355348452 0.00740923632 0 0 0
volume_proxy 1360 -1.408023 -0.910641945 0.00234295206 0 0 0
volume_proxy 1361 1.21235257 0.76069163 0.00262859149 0 0 0
volume_proxy 1366 0.917499744 0.745423041 -0.00940150485 0 0 0
volume_proxy 1367 -0.391356725 -0.8493212 -0.00342291055 0 0 0
volume_proxy 1368 0.940407332 -0.986807263 -0.00426716074 0 0 0
volume_proxy 1369 1.17327996 0.919541208 0.00974413678 0 0 0
volume_proxy 1376 0.902330832 -0.408540528 -0.00315102053 0 0 0
volume_proxy 1378 0.422174433 -0.522800376 0.00722827437 0 0 0
volume_proxy 1379 0.597729668 0.455017351 -0.00662336832 0 0 0
volume_proxy 1380 -0.347198836 0.436772666 -0.000572515602 0 0 0
volume_proxy 1381 0.808681926 0.570261049 -0.00197419079 0 0 0
volume_proxy 1382 -0.459679554 -0.0752432592 -0.00498827611 0 0 0
volume_proxy 1383 -1.32106607 0.635443743 0.00687724297 0 0 0
volume_proxy 1384 0.565132362 0.351665235 -0.00870123992 0 0 0
volume_proxy 1385 1.10180658 0.586756824 -0.00875916669 0 0 0
volume_proxy 1386 0.600692961 0.57523967 7.03484759e-06 0 0 0
volume_proxy 1387 0.030219683 0.711491105 0.00795784223 0 0 0
volume_proxy 1388 0.0858739247 0.221466292 -0.00254000857 0 0 0
volume_proxy 1389 -0.0143203899 0.83761496 -0.00152658023 0 0 0
volume_proxy 1390 -1.43859225 0.521959513 0.00682451492 0 0 0
volume_proxy 1391 0.544534184 0.0978968723 0.00694445998 0 0 0
volume_proxy 1392 -0.401612264 -0.848503799 0.0103400576 0 0 0
volume_proxy 1394 1.09208348 0.676044807 0.00221299509 0 0 0
volume_proxy 1395 1.27911647 0.138187369 -0.00724657578 0 0 0
volume_proxy 1396 -0.894130924 -0.482983764 -0.00609946395 0 0 0
volume_proxy 1397 -0.621252157 0.44991816 0.00541748145 0 0 0
volume_proxy 1398 -0.819638724 0.432320185 0.000801853468 0 0 0
volume_proxy 1401 1.13060911 0.452143367 5.98645857e-05 0 0 0
volume_proxy 1403 0.866321068 0.122140827 -0.00599949397 0 0 0
volume_proxy 1404 0.967139731 0.732403054 0.00154834871 0 0 0
volume_proxy 1405 0.792972042 0.133979355 0.00896621306 0 0 0
volume_proxy 1406 -0.177978277 -0.387602669 0.0107884008 0 0 0
