volume_proxy 0 1.2424523 -0.0491504989 0.00668343476 0 0 0
volume_proxy 4 1.25225149 0.532711892 -0.00296076476 0 0 0
volume_proxy 5 -0.407810836 0.216328909 -0.000498016778 0 0 0
volume_proxy 6 1.462309 0.478136339 0.00320312109 0 0 0
volume_proxy 11 -0.198502363 0.789666062 -0.000299223288 0 0 0
volume_proxy 12 0.55438162 -0.117244479 -0.00815889581 0 0 0
volume_proxy 13 -1.20673467 -0.823644617 -0.00598144408 0 0 0
volume_proxy 14 0.513060671 0.472628838 0.0035779062 0 0 0
volume_proxy 15 -0.395803106 -0.758408578 -0.0100377684 0 0 0
volume_proxy 23 -0.587216508 -0.407509706 0.00268182158 0 0 0
volume_proxy 38 0.415852423 0.0843485115 -0.00980291287 0 0 0
volume_proxy 40 0.0532244594 -0.789836121 0.00412623529 0 0 0
volume_proxy 47 1.07132516 -0.306444547 -0.0068723499 0 0 0
volume_proxy 49 0.128943402 -0.829142684 -0.00330939022 0 0 0
volume_proxy 50 -0.303844535 -0.684837641 -0.000138928779 0 0 0
volume_proxy 52 -0.956770032 -0.338893002 0.00189453938 0 0 0
volume_proxy 53 0.213425239 -0.351681384 -0.00163009353 0 0 0
volume_proxy 57 -1.39048137 0.219192514 0.0055978317 0 0 0
volume_proxy 58 0.532061908 -0.681560059 -0.000809925373 0 0 0
volume_proxy 60 -0.281674156 0.715470506 0.00183115787 0 0 0
volume_proxy 61 -1.48957676 -0.427764057 -0.00385760079 0 0 0
volume_proxy 69 -0.858282273 -0.0633724342 -0.00684705597 0 0 0
volume_proxy 72 0.390768713 -0.0707084282 0.00766598892 0 0 0
volume_proxy 81 -1.22477506 0.213026252 0.00852022341 0 0 0
volume_proxy 85 -0.509533206 0.260541289 -0.0100016631 0 0 0
volume_proxy 87 1.35466264 0.79988748 -0.000294763411 0 0 0
volume_proxy 88 -0.954574075 0.152043503 -0.000195933381 0 0 0
volume_proxy 97 1.25342081 0.0589500265 0.00482422335 0 0 0
volume_proxy 101 -0.95981465 0.651730159 0.00606425047 0 0 0
volume_proxy 102 0.276376417 -0.455166893 -0.00217157348 0 0 0
volume_proxy 105 -0.583433199 -0.620355606 0.0051219018 0 0 0
volume_proxy 106 -0.222763819 -0.688155936 0.00908409389 0 0 0
volume_proxy 107 0.439386829 0.412909365 0.00833228474 0 0 0
volume_proxy 108 1.25570821 -0.409568422 0.000151095567 0 0 0
volume_proxy 113 -0.475149605 -0.31043199 -0.00971291283 0 0 0
volume_proxy 125 -0.929276098 0.0327021892 -0.00426839757 0 0 0
volume_proxy 126 -0.182175795 -0.806178735 0.00153953692 0 0 0
volume_proxy 127 0.36112346 0.0682584139 -0.00756964561 0 0 0
volume_proxy 130 1.43327399 0.171022959 -0.00370200788 0 0 0
volume_proxy 132 0.66465205 0.846781354 0.00245708157 0 0 0
volume_proxy 135 0.640213149 -0.810613658 -0.00548787596 0 0 0
volume_proxy 140 -0.715416204 0.786262252 -0.00862854398 0 0 0
volume_proxy 145 -0.727427523 -0.474099158 0.00109485127 0 0 0
volume_proxy 149 -0.968552596 0.830699318 0.00419778221 0 0 0
volume_proxy 157 0.796450963 0.535952583 -0.0050957491 0 0 0
volume_proxy 159 -0.949624512 -0.715712019 0.00654282678 0 0 0
volume_proxy 161 -0.0992509222 0.136218396 0.00379888379 0 0 0
volume_proxy 163 -1.45264386 0.11687671 0.00457812974 0 0 0
volume_proxy 169 1.13788965 0.121263122 0.0100374785 0 0 0
volume_proxy 176 0.192539825 0.0204533556 -0.00870012872 0 0 0
volume_proxy 178 -0.788881844 -0.048181943 0.0057987788 0 0 0
volume_proxy 186 -0.332844057 0.119212694 0.0055855996 0 0 0
volume_proxy 189 -0.766663863 0.28909544 -0.00826576663 0 0 0
volume_proxy 194 0.0938497782 -0.826475558 0.00811209054 0 0 0
volume_proxy 195 -0.70929277 0.42515768 0.00559728475 0 0 0
volume_proxy 196 0.735338101 0.359111188 -0.00084638183 0 0 0
volume_proxy 198 1.07890582 -0.655274243 0.00050451133 0 0 0
volume_proxy 200 -0.922003688 -0.252445113 -0.00378995004 0 0 0
volume_proxy 201 -1.28126847 0.177972608 0.0104546113 0 0 0
volume_proxy 202 -0.737980552 0.543718653 0.00318521261 0 0 0
volume_proxy 208 -1.11673186 0.29632146 -0.00658683138 0 0 0
volume_proxy 209 -0.747170655 -0.299008082 -0.00512846602 0 0 0
volume_proxy 210 0.0156065506 -0.00694691115 -0.00244591369 0 0 0
volume_proxy 213 0.0837019505 0.0933738696 0.00183939855 0 0 0
volume_proxy 223 -1.07509862 0.257963721 0.000136567845 0 0 0
volume_proxy 224 1.42022704 -0.912560913 -0.00594047283 0 0 0
volume_proxy 226 -0.687968548 -0.86143228 0.00730297217 0 0 0
volume_proxy 228 0.0431146593 0.122016567 -0.00458374943 0 0 0
volume_proxy 230 0.629288427 0.947343483 -0.00190993955 0 0 0
volume_proxy 232 0.59752026 0.224045657 -0.00991861845 0 0 0
volume_proxy 236 0.804366167 -0.0396622003 0.00513120362 0 0 0
volume_proxy 237 0.492098501 0.977139726 0.0071125735 0 0 0
volume_proxy 242 1.1486723 0.506928053 0.00411293186 0 0 0
volume_proxy 244 0.644692782 0.783661108 -0.00653783943 0 0 0
volume_proxy 247 1.20229365 -0.278961879 0.00125764006 0 0 0
volume_proxy 251 0.577471392 0.64857904 -0.00615982496 0 0 0
volume_proxy 256 0.47037698 -0.646341247 0.0025132206 0 0 0
volume_proxy 257 -0.178519843 0.355933948 0.00260342233 0 0 0
volume_proxy 258 0.409736497 -0.0630779115 -0.00656296846 0 0 0
volume_proxy 259 0.570551749 0.540469564 -0.0102098942 0 0 0
volume_proxy 269 1.11833013 0.130017974 -0.00332015269 0 0 0
volume_proxy 271 -1.42286856 0.843722797 0.00774946513 0 0 0
volume_proxy 273 1.49260324 0.373939411 -0.0035582755 0 0 0
volume_proxy 276 0.415759482 0.209181065 -0.00948602249 0 0 0
volume_proxy 277 -0.213342912 -0.740933138 0.00472385987 0 0 0
volume_proxy 279 -0.520167432 -0.50841991 0.000292117741 0 0 0
volume_proxy 281 -1.41690595 0.994731776 0.0102469113 0 0 0
volume_proxy 284 -0.938040582 0.809331995 0.0090024812 0 0 0
volume_proxy 285 -0.635904112 -0.670745521 0.00520773415 0 0 0
volume_proxy 294 -0.0416623729 0.750344469 -0.00130555672 0 0 0
volume_proxy 296 0.438689249 -0.468678742 0.00272467668 0 0 0
volume_proxy 297 1.11701884 0.0487642199 0.00109629664 0 0 0
volume_proxy 298 0.929684955 -0.59356188 0.00804188934 0 0 0
volume_proxy 305 -0.115567885 -0.09282295 0.00130237405 0 0 0
volume_proxy 309 0.971863423 0.708593025 0.00965448765 0 0 0
volume_proxy 310 0.728876733 0.148725891 -0.00830296765 0 0 0
volume_proxy 311 0.458824201 -0.990536079 0.00683502116 0 0 0
volume_proxy 314 -0.179646491 0.337207835 -0.00356701764 0 0 0
volume_proxy 315 -0.269701586 0.0199874171 -0.00558323334 0 0 0
volume_proxy 319 0.23310788 -0.733790001 0.000978766119 0 0 0
volume_proxy 321 -0.19835611 -0.88112898 -0.00238627901 0 0 0
volume_proxy 329 -0.247846449 0.721346769 0.00720336546 0 0 0
volume_proxy 335 -1.17391445 -0.245988965 0.00697220301 0 0 0
volume_proxy 337 -0.900147747 0.550728691 0.00625876558 0 0 0
volume_proxy 338 -0.538585332 -0.192728479 -0.00371113225 0 0 0
volume_proxy 339 -0.689356972 -0.374647067 0.000730307652 0 0 0
volume_proxy 343 -0.000158523226 0.811483349 -0.00973369083 0 0 0
volume_proxy 344 0.611360345 0.384562502 0.00197320579 0 0 0
volume_proxy 345 -0.79253308 -0.201705005 0.0102031268 0 0 0
volume_proxy 347 -0.00763847002 -0.382765936 -0.000644891135 0 0 0
volume_proxy 349 0.56618674 0.216111969 0.00757911142 0 0 0
volume_proxy 356 0.583722088 0.702262275 0.00446082425 0 0 0
volume_proxy 358 1.43501746 0.792900448 -0.00824043916 0 0 0
volume_proxy 370 1.24067699 0.412383638 -0.000745163173 0 0 0
volume_proxy 371 -1.00450391 0.0277951434 -0.00513411347 0 0 0
volume_proxy 375 0.851418404 0.228372048 0.0106878699 0 0 0
volume_proxy 377 0.501340885 0.278290924 -0.00893460943 0 0 0
volume_proxy 380 -0.63672453 -0.606362998 -0.00318307318 0 0 0
volume_proxy 383 0.754899746 -0.848666904 -0.0104623608 0 0 0
volume_proxy 384 -0.378411832 0.932445277 0.00536362222 0 0 0
volume_proxy 388 -1.49018237 0.00301437201 0.00440094534 0 0 0
volume_proxy 393 1.26384208 0.0312454204 0.00938538869 0 0 0
volume_proxy 396 -0.964736247 0.735345662 0.00448279497 0 0 0
volume_proxy 397 0.974138254 0.140164676 0.00934059277 0 0 0
volume_proxy 399 1.18117943 -0.967523697 0.00454549852 0 0 0
volume_proxy 400 0.088194056 -0.490839691 0.00239113531 0 0 0
volume_proxy 402 -0.857228872 -0.823532681 -0.00738317115 0 0 0
volume_proxy 409 -0.561871129 -0.654324123 -0.00702265278 0 0 0
volume_proxy 412 1.46948646 -0.676187295 0.00187440314 0 0 0
volume_proxy 415 -0.645823396 -0.584610468 0.00493025874 0 0 0
volume_proxy 418 -0.8121319 -0.122990294 -0.000741943353 0 0 0
volume_proxy 425 0.00357189001 -0.103352923 -0.0036701935 0 0 0
volume_proxy 431 -1.43943348 -0.78198007 0.00733298955 0 0 0
volume_proxy 435 -1.19826536 -0.880517368 0.00399901385 0 0 0
volume_proxy 442 -0.128792761 -0.293248695 -0.00916202217 0 0 0
volume_proxy 463 -0.0218588948 -0.591830747 0.00190394261 0 0 0
volume_proxy 497 -1.28297366 -0.902779126 0.00672251703 0 0 0
volume_proxy 502 1.25633751 -0.168084226 0.000350689738 0 0 0
volume_proxy 512 0.343592418 -0.867154546 -0.00611138526 0 0 0
volume_proxy 513 0.566918131 -0.0911938101 -0.00813803218 0 0 0
volume_proxy 518 1.24821616 -0.68036749 -0.00976502651 0 0 0
volume_proxy 547 1.23262022 0.92868373 0.00476230682 0 0 0
volume_proxy 549 0.303497981 -0.800852691 0.000991538885 0 0 0
volume_proxy 559 1.30330634 0.876321805 0.00397962063 0 0 0
volume_proxy 572 0.0480491526 -0.1227821 0.00897333367 0 0 0
volume_proxy 578 -0.90763954 0.946452632 -0.0094109596 0 0 0
volume_proxy 581 1.36285962 0.742209623 0.00905276412 0 0 0
volume_proxy 591 -0.768281002 0.597349084 0.0101770799 0 0 0
volume_proxy 594 -1.14905765 0.418976641 0.0100892319 0 0 0
volume_proxy 608 -0.421012463 -0.330823773 -0.00802471256 0 0 0
volume_proxy 615 0.988054721 -0.439905665 0.00761467998 0 0 0
volume_proxy 616 1.46410109 0.11567193 0.00389883397 0 0 0
volume_proxy 637 -1.35148003 -0.863179317 -0.00294033079 0 0 0
volume_proxy 647 -0.146696293 0.798585249 -0.00391122274 0 0 0
volume_proxy 669 1.17016771 -0.35495813 -0.00704214096 0 0 0
volume_proxy 682 -0.0203097311 0.711897995 -0.00258174654 0 0 0
volume_proxy 693 -0.619174733 0.706500611 0.0104709289 0 0 0
volume_proxy 698 -0.0848349364 0.776099587 0.00570176839 0 0 0
volume_proxy 702 -0.0777012643 -0.0870082886 0.00512769146 0 0 0
volume_proxy 703 -0.779713229 0.017717719 0.00982310729 0 0 0
volume_proxy 722 0.675127135 0.541012083 -0.00551169807 0 0 0
volume_proxy 725 -1.33537675 -0.914630146 -0.00127659978 0 0 0
volume_proxy 751 0.201986994 -0.540113069 0.00850142586 0 0 0
volume_proxy 757 0.112039346 0.0899482163 0.00773623984 0 0 0
volume_proxy 781 -0.885166767 0.0802444682 -0.00540152988 0 0 0
volume_proxy 797 -1.23760059 -0.390834174 0.00187974811 0 0 0
volume_proxy 800 -1.22423727 0.957373208 -0.00156726132 0 0 0
volume_proxy 802 0.620400837 0.197950414 0.00355683226 0 0 0
volume_proxy 804 0.14505102 -0.0468792483 -0.0103955757 0 0 0
volume_proxy 810 0.952206638 0.0807845903 -0.00173432965 0 0 0
volume_proxy 811 0.617019423 0.625364018 0.00443721724 0 0 0
volume_proxy 812 0.95705102 0.332154412 -0.00373364054 0 0 0
volume_proxy 814 1.08141173 -0.0512173938 0.00160656294 0 0 0
volume_proxy 822 0.203940405 -0.74847939 -0.00736171473 0 0 0
volume_proxy 833 -0.427799876 0.153044543 -0.00915516356 0 0 0
volume_proxy 835 -0.181470173 -0.920836072 0.00163656916 0 0 0
volume_proxy 839 -0.267823768 -0.137072232 0.00225379406 0 0 0
volume_proxy 846 1.33963914 0.0527638544 0.0060085025 0 0 0
volume_proxy 848 -1.01316216 -0.216019024 0.00107229511 0 0 0
volume_proxy 854 -0.556189441 0.980409156 -0.00896785562 0 0 0
volume_proxy 856 1.09521405 0.451870139 -0.00438292269 0 0 0
volume_proxy 869 1.2385453 0.655192821 0.0100818835 0 0 0
volume_proxy 876 -0.0613838784 -0.554103776 0.00615921788 0 0 0
volume_proxy 878 1.46853309 -0.548622697 -0.00647452802 0 0 0
volume_proxy 883 0.112396661 0.840876766 0.00885467283 0 0 0
volume_proxy 889 -1.48089998 0.608321984 -0.00569540766 0 0 0
volume_proxy 896 1.32826169 0.545726645 -0.00849983348 0 0 0
volume_proxy 902 -0.0863059338 0.574996209 -0.00913532764 0 0 0
volume_proxy 903 0.532918908 0.743953288 0.00839585117 0 0 0
volume_proxy 904 -0.935258522 0.502581323 -0.00454188859 0 0 0
volume_proxy 906 0.988002356 0.664285378 0.00735162577 0 0 0
volume_proxy 910 -1.47007538 0.725087045 -0.00621479771 0 0 0
volume_proxy 912 1.33922916 0.209893905 -0.00966710059 0 0 0
volume_proxy 913 -1.05191921 -0.98927135 0.0107029489 0 0 0
volume_proxy 914 0.0091623771 -0.816792569 -0.00532577346 0 0 0
volume_proxy 915 -0.385911664 -0.281443036 0.00143539122 0 0 0
volume_proxy 924 -0.549286302 0.366631696 -0.00811416653 0 0 0
volume_proxy 926 -0.00496341122 0.241684394 0.00348622411 0 0 0
volume_proxy 929 -0.653029032 -0.806419378 -0.00792315301 0 0 0
volume_proxy 931 0.0246666122 -0.137174744 -0.00892299214 0 0 0
volume_proxy 935 -1.49350561 0.363989713 0.00827821961 0 0 0
volume_proxy 939 0.959177249 0.901257388 -0.0032619052 0 0 0
volume_proxy 944 0.573820139 -0.974925865 0.00659577616 0 0 0
volume_proxy 945 -0.598071081 0.525975763 -0.000956694493 0 0 0
volume_proxy 948 -0.196371928 -0.0376014957 0.00213969562 0 0 0
volume_proxy 949 -0.500343873 -0.0290510069 0.00593981134 0 0 0
volume_proxy 963 -0.744120866 0.643827627 0.00715590226 0 0 0
volume_proxy 966 -0.5713766 0.874002843 -0.0104605344 0 0 0
volume_proxy 969 -0.959054442 -0.0127602674 0.00883218253 0 0 0
volume_proxy 973 -0.169114547 0.0735921912 -0.00904531076 0 0 0
volume_proxy 974 0.491458566 -0.675155094 0.000448656046 0 0 0
volume_proxy 977 -1.18906203 -0.324759034 0.00129241596 0 0 0
volume_proxy 979 -0.131499686 0.820519873 0.00383290781 0 0 0
volume_proxy 981 -0.344850203 0.327062668 -0.00739222817 0 0 0
volume_proxy 983 1.21344392 -0.198495625 0.00258829798 0 0 0
volume_proxy 984 1.40486403 0.541875031 0.000332000786 0 0 0
volume_proxy 990 -1.27951819 0.40556842 -0.00293801449 0 0 0
volume_proxy 991 -0.562663134 -0.29085623 0.00848930796 0 0 0
volume_proxy 992 -0.131039601 0.379741131 -0.00216437615 0 0 0
volume_proxy 997 1.18122373 0.0714879589 -0.00930774424 0 0 0
volume_proxy 999 -0.738291539 -0.427427982 0.00328276043 0 0 0
volume_proxy 1001 0.517850009 0.928148331 0.00803898572 0 0 0
volume_proxy 1007 -1.24637727 -0.598161674 0.0081670488 0 0 0
volume_proxy 1008 0.261879237 -0.534348389 0.000748311562 0 0 0
volume_proxy 1012 0.868333917 0.111632549 0.00957119237 0 0 0
volume_proxy 1016 1.09689167 -0.887267792 0.00959469777 0 0 0
volume_proxy 1018 -0.947063937 -0.666944187 0.00726718403 0 0 0
volume_proxy 1019 -0.755126333 -0.839864235 0.0050446919 0 0 0
volume_proxy 1020 -0.916738431 0.457846446 0.00667455336 0 0 0
volume_proxy 1021 -0.90329343 -0.545326003 -0.00253701524 0 0 0
volume_proxy 1023 0.825203558 0.17126534 0.00225079868 0 0 0
volume_proxy 1024 1.22836297 0.839558389 0.00244325375 0 0 0
volume_proxy 1028 -1.45559713 -0.720949738 0.000960599294 0 0 0
volume_proxy 1029 0.959681824 0.870145326 -0.00242211594 0 0 0
volume_proxy 1030 0.595364416 0.476626511 -0.00454238099 0 0 0
volume_proxy 1031 1.24407185 -0.526165895 -0.0104236248 0 0 0
volume_proxy 1032 1.23014571 0.229554026 0.00722055806 0 0 0
volume_proxy 1033 0.913807177 0.977589853 0.00103103734 0 0 0
volume_proxy 1035 0.349540742 -0.319048302 0.0104474957 0 0 0
volume_proxy 1036 0.865856705 -0.194791206 -0.00658026282 0 0 0
volume_proxy 1040 -0.900170005 -0.939788579 -0.00090724235 0 0 0
volume_proxy 1041 0.21046218 0.269908888 -0.00409202471 0 0 0
volume_proxy 1042 0.848155676 0.22590269 0.00931079249 0 0 0
volume_proxy 1046 0.0252453438 -0.191252731 -0.00658282993 0 0 0
volume_proxy 1050 -0.676063322 -0.492813494 0.0069806887 0 0 0
volume_proxy 1052 -0.584452803 0.146456801 -0.00523076576 0 0 0
volume_proxy 1053 -0.400040191 -0.923198035 0.0056813018 0 0 0
volume_proxy 1056 -1.30206264 0.934450858 0.0083882103 0 0 0
volume_proxy 1057 0.123728097 -0.514158331 0.00708976987 0 0 0
volume_proxy 1061 -0.520021842 -0.428614247 -0.00235887977 0 0 0
volume_proxy 1062 0.809938853 0.340425753 0.00174714947 0 0 0
volume_proxy 1065 -1.3675368 -0.597745907 0.00202887742 0 0 0
volume_proxy 1066 0.775010375 0.0524911154 0.00845405841 0 0 0
volume_proxy 1067 0.893162219 -0.239426766 0.00075211673 0 0 0
volume_proxy 1069 -0.700985089 0.29437407 -0.00950890536 0 0 0
volume_proxy 1070 -1.33057979 0.600026075 -0.00848570718 0 0 0
volume_proxy 1075 -0.296015087 0.324724044 -0.00523583367 0 0 0
volume_proxy 1077 -0.959655688 0.901905632 -0.00687884148 0 0 0
volume_proxy 1078 -1.17048486 0.788148793 -0.00417013163 0 0 0
volume_proxy 1079 -0.0228839645 -0.144186553 0.0080998513 0 0 0
volume_proxy 1085 0.10746032 -0.330328169 0.00604511331 0 0 0
volume_proxy 1086 1.03319288 -0.604399427 -0.003696306 0 0 0
volume_proxy 1089 -0.920551341 0.563722074 -0.0104639287 0 0 0
volume_proxy 1091 0.256421544 0.0946836987 0.00123447561 0 0 0
volume_proxy 1092 0.186240694 0.207243322 0.00889423212 0 0 0
volume_proxy 1093 0.106548677 -0.753591055 0.00438706076 0 0 0
volume_proxy 1094 -1.42896866 0.833038653 0.0106769006 0 0 0
volume_proxy 1096 0.432148824 0.34884864 -0.00624384254 0 0 0
volume_proxy 1098 0.491862456 0.566917274 0.00387960481 0 0 0
volume_proxy 1102 1.15475037 0.575551928 0.00535231189 0 0 0
volume_proxy 1106 0.950693723 -0.629772341 0.0106785314 0 0 0
volume_proxy 1108 1.1769326 0.510114962 -0.00227893569 0 0 0
volume_proxy 1109 1.03516889 -0.801392689 0.0104967546 0 0 0
volume_proxy 1110 0.815007279 -0.896138874 0.00203968515 0 0 0
volume_proxy 1111 -0.438275029 -0.240911935 0.000808747318 0 0 0
volume_proxy 1112 -0.743048182 0.838114137 -0.00858732475 0 0 0
volume_proxy 1113 1.1315782 0.216734791 -0.00828169131 0 0 0
volume_proxy 1114 -1.18313553 0.147831576 -0.0063826619 0 0 0
volume_proxy 1117 0.708399978 -0.137758632 -0.00986707147 0 0 0
volume_proxy 1118 0.362738936 -0.41550957 0.0063649338 0 0 0
volume_proxy 1119 -1.42666897 0.500162204 -0.00471594497 0 0 0
volume_proxy 1120 -0.0646277997 0.092657134 -0.001795844 0 0 0
volume_proxy 1123 -1.34674532 0.836309766 -0.00578518014 0 0 0
volume_proxy 1127 0.548703251 0.612324023 0.00406445996 0 0 0
volume_proxy 1128 -0.586793714 0.0209843335 0.00421998077 0 0 0
volume_proxy 1129 1.13770725 0.704444796 0.00621275972 0 0 0
volume_proxy 1130 -0.64850998 0.410335677 -0.00318414069 0 0 0
volume_proxy 1131 -0.999902635 0.0272761094 0.0089033558 0 0 0
volume_proxy 1132 0.533560942 0.16120099 0.0106546048 0 0 0
volume_proxy 1133 1.49569762 -0.574370906 0.00634489437 0 0 0
volume_proxy 1134 0.993682821 0.713732805 -0.000193315427 0 0 0
volume_proxy 1135 -0.995045708 -0.850093488 0.0105107936 0 0 0
volume_proxy 1136 -1.04301142 -0.788208311 0.00954262164 0 0 0
volume_proxy 1137 -0.729621044 -0.134687818 -0.00533932407 0 0 0
volume_proxy 1138 1.26286498 -0.570276719 -0.00914959917 0 0 0
volume_proxy 1139 1.32689086 -0.555265079 0.00715843628 0 0 0
volume_proxy 1143 -0.368641636 -0.0267876195 -0.00456251835 0 0 0
volume_proxy 1144 0.499428 -0.98083789 0.0101814806 0 0 0
volume_proxy 1145 -0.685710191 -0.948431161 0.0051737847 0 0 0
volume_proxy 1146 -0.276972824 0.325659281 0.00961316435 0 0 0
volume_proxy 1147 -0.0787195437 0.118442474 0.00319170186 0 0 0
volume_proxy 1148 -0.0842744412 -0.228574342 -0.00746958406 0 0 0
volume_proxy 1149 -0.64414037 0.55790793 0.00688462214 0 0 0
volume_proxy 1150 -0.388806393 -0.652939485 0.00474417688 0 0 0
volume_proxy 1151 0.729385093 -0.708650858 0.00783429912 0 0 0
volume_proxy 1152 0.114108188 0.716708776 -0.00636093153 0 0 0
volume_proxy 1157 -0.273917447 0.293324421 0.0072109204 0 0 0
volume_proxy 1159 -0.346091352 0.993900942 -0.0107205233 0 0 0
volume_proxy 1160 -0.234173241 0.945396598 0.00717749187 0 0 0
volume_proxy 1161 0.713033523 -0.84565038 0.00687275029 0 0 0
volume_proxy 1163 1.22432589 0.371741677 -0.00670753014 0 0 0
volume_proxy 1164 1.31395954 0.520777294 -0.0106931772 0 0 0
volume_proxy 1165 -0.243178244 -0.805234473 -0.00883572516 0 0 0
volume_proxy 1166 -1.32634127 0.311225473 -0.00775205865 0 0 0
volume_proxy 1167 -1.48409733 0.270999665 -0.0104646937 0 0 0
volume_proxy 1168 -0.00108678703 -0.337230159 -0.000739087083 0 0 0
volume_proxy 1169 1.484441 -0.332846105 -0.00804241763 0 0 0
volume_proxy 1170 -1.39726554 0.319084893 0.0104652893 0 0 0
volume_proxy 1171 -0.47254483 0.391761191 -0.00567093561 0 0 0
volume_proxy 1172 -0.173978651 0.262721011 -0.0089009473 0 0 0
volume_proxy 1174 0.568227911 -0.0300330041 -0.00910326132 0 0 0
volume_proxy 1175 -0.483123494 -0.782987741 -0.00563139876 0 0 0
volume_proxy 1176 -0.94182812 -0.989646491 -0.00834300443 0 0 0
volume_proxy 1177 1.20268149 0.043457393 -0.00496155138 0 0 0
volume_proxy 1178 -0.526466749 0.873861989 0.00248779894 0 0 0
volume_proxy 1179 0.547780776 0.474119831 0.00588299614 0 0 0
volume_proxy 1180 -1.09653767 0.493369715 0.000458700759 0 0 0
volume_proxy 1181 -1.07804072 0.464904248 -0.00287289768 0 0 0
volume_proxy 1182 0.606000957 0.882946299 0.00292708858 0 0 0
volume_proxy 1183 0.659189516 -0.776406484 0.00614584384 0 0 0
volume_proxy 1184 1.39392959 0.661460252 -0.00797639288 0 0 0
volume_proxy 1185 -0.104148002 0.214547738 0.00393600728 0 0 0
