volume_proxy 0 0.568758092 0.375870061 0.00035866133 0 0 0
volume_proxy 5 1.26990266 -0.828785239 -0.0038362862 0 0 0
volume_proxy 6 -0.498374082 0.0357611869 -0.00334077331 0 0 0
volume_proxy 11 0.608236532 0.548976868 -0.00908511305 0 0 0
volume_proxy 12 0.405862708 -0.894552006 -0.00491919715 0 0 0
volume_proxy 14 -0.905801904 0.642075276 -0.00606554589 0 0 0
volume_proxy 23 1.17400423 -0.894668002 0.00951455221 0 0 0
volume_proxy 38 0.931875615 -0.156668383 0.00306668923 0 0 0
volume_proxy 40 -0.333549632 -0.166468205 0.00367358071 0 0 0
volume_proxy 50 -1.01811652 -0.286962311 0.0043733576 0 0 0
volume_proxy 53 -0.242787888 0.921054991 0.00195337267 0 0 0
volume_proxy 58 0.804549254 -0.890124226 0.00948230352 0 0 0
volume_proxy 60 0.556253678 0.531485443 0.00494910126 0 0 0
volume_proxy 72 -0.236307944 -0.381036942 0.00256229902 0 0 0
volume_proxy 85 -0.722206379 -0.138658494 0.00709777152 0 0 0
volume_proxy 97 0.737482272 0.589842723 0.00732480335 0 0 0
volume_proxy 107 1.28127363 0.884635424 -0.00775266209 0 0 0
volume_proxy 127 -1.19001928 -0.188743195 0.00750093311 0 0 0
volume_proxy 130 0.984610102 0.0730807506 -0.010702495 0 0 0
volume_proxy 140 0.301846057 0.73319155 0.00463213645 0 0 0
volume_proxy 157 1.14876826 -0.187003084 -0.00304632217 0 0 0
volume_proxy 159 0.672326302 0.727699315 -0.0027499897 0 0 0
volume_proxy 161 0.781410492 0.49071991 0.000241759257 0 0 0
volume_proxy 176 0.72537269 0.0444306456 -0.007387997 0 0 0
volume_proxy 186 -0.991738866 0.0692643062 0.00521990049 0 0 0
volume_proxy 189 -0.452390321 0.868237837 0.00262961012 0 0 0
volume_proxy 195 -0.281532886 -0.210136685 0.00440459137 0 0 0
volume_proxy 196 0.581635623 -0.592551983 0.00691814835 0 0 0
volume_proxy 200 -0.372614157 -0.53061677 -0.000161299422 0 0 0
volume_proxy 202 -0.30930306 0.359938447 0.00264455147 0 0 0
volume_proxy 209 -1.49127955 0.571387256 -0.0055151057 0 0 0
volume_proxy 210 -1.01049033 0.621812208 0.00430284525 0 0 0
volume_proxy 226 0.244682849 -0.881440405 0.00931453687 0 0 0
volume_proxy 236 0.968215669 0.872555285 -0.00570825267 0 0 0
volume_proxy 247 1.34964834 0.992270421 -0.0097058577 0 0 0
volume_proxy 256 -0.220605451 0.833385061 -0.00549110122 0 0 0
volume_proxy 259 0.263772438 0.462269466 0.00861330804 0 0 0
volume_proxy 269 -0.196718506 -0.724012331 -0.00144029196 0 0 0
volume_proxy 277 -1.38258019 0.232279332 0.00845548378 0 0 0
volume_proxy 296 -0.280876062 -0.694291668 -0.000510148038 0 0 0
volume_proxy 305 0.286536998 -0.0456430521 0.00372626908 0 0 0
volume_proxy 310 0.775515164 -0.89679159 -0.00386277143 0 0 0
volume_proxy 344 -1.01169743 0.692389188 -0.00709549699 0 0 0
volume_proxy 347 -0.357364604 -0.297116079 -0.00720261597 0 0 0
volume_proxy 356 0.343547315 0.890047345 -0.00715944228 0 0 0
volume_proxy 375 0.659804031 -0.869309706 -0.000391764713 0 0 0
volume_proxy 388 -0.0915673858 0.508433271 0.00898204493 0 0 0
volume_proxy 802 1.31645979 -0.139666624 -0.00466582869 0 0 0
volume_proxy 1052 -0.571862293 -0.615451817 0.0034339558 0 0 0
volume_proxy 1066 0.178225674 0.486719373 0.00918959563 0 0 0
volume_proxy 1120 -0.718825962 0.389853991 -0.000751237334 0 0 0
volume_proxy 1166 -0.515052468 0.842934484 0.00128036962 0 0 0
volume_proxy 1169 0.807605906 -0.916478389 -0.00662276961 0 0 0
volume_proxy 1193 -1.41557913 -0.649466236 -0.00552190939 0 0 0
volume_proxy 1225 -0.341367734 -0.353896088 -0.0104713948 0 0 0
volume_proxy 1245 -1.31199442 0.781465643 -0.00286869028 0 0 0
volume_proxy 1280 -1.20639683 0.162860254 -0.000434735054 0 0 0
volume_proxy 1285 -1.02945312 0.350381268 -0.00565506549 0 0 0
volume_proxy 1295 -0.694311934 0.65493719 -0.004024106 0 0 0
volume_proxy 1296 0.315218199 0.135048614 0.00355539435 0 0 0
volume_proxy 1335 0.738331699 -0.716288123 -0.00924133066 0 0 0
volume_proxy 1340 1.1637767 0.0684482038 -0.00701372195 0 0 0
volume_proxy 1380 0.132511723 0.25504961 0.00792911149 0 0 0
volume_proxy 1386 0.317962379 0.466704647 0.0102457884 0 0 0
volume_proxy 1397 0.89785399 0.0376649915 0.0101261955 0 0 0
volume_proxy 1409 0.76273399 0.854021235 -0.00576320017 0 0 0
volume_proxy 1413 1.42761289 0.611867771 0.00983626301 0 0 0
volume_proxy 1420 -1.41864339 -0.0149182545 -0.000606877073 0 0 0
volume_proxy 1422 1.32287973 -0.796461475 0.00454009851 0 0 0
volume_proxy 1426 1.10473853 -0.14165662 -0.00653338749 0 0 0
volume_proxy 1429 1.18407722 -0.450587731 -0.00521720885 0 0 0
volume_proxy 1433 1.33484589 0.64777393 -0.00245807269 0 0 0
volume_proxy 1434 -0.29275508 -0.955408478 0.00639145941 0 0 0
volume_proxy 1437 -0.176633751 -0.226479371 -0.00967404945 0 0 0
volume_proxy 1439 -0.337957985 0.849296024 0.00769097585 0 0 0
volume_proxy 1440 1.105339 -0.35285381 0.00954222059 0 0 0
volume_proxy 1445 -0.150319912 -0.883858385 -0.00797606715 0 0 0
volume_proxy 1447 0.876870034 -0.522799884 0.00903774226 0 0 0
volume_proxy 1459 -0.75510004 -0.0580827951 -0.0089900074 0 0 0
volume_proxy 1460 1.35281525 0.894290174 -0.000814848647 0 0 0
volume_proxy 1461 -1.07478117 0.608923084 -0.0107704754 0 0 0
volume_proxy 1466 -1.35661483 0.154109293 -0.00962311505 0 0 0
volume_proxy 1470 -1.46729382 -0.543253784 0.00662367065 0 0 0
volume_proxy 1471 -0.0230964575 0.8392301 0.00795335944 0 0 0
volume_proxy 1472 -1.05123979 0.459522035 0.00797081601 0 0 0
volume_proxy 1474 0.949738153 -0.662953934 -0.00430603174 0 0 0
volume_proxy 1481 1.05003497 0.731444822 -0.00984080564 0 0 0
volume_proxy 1482 0.502397681 -0.445276128 -0.00872221441 0 0 0
volume_proxy 1485 0.148416321 -0.692217775 -0.0016164339 0 0 0
volume_proxy 1486 1.07715641 -0.449749116 0.00162580383 0 0 0
volume_proxy 1489 -0.311048496 0.191888546 0.0084445207 0 0 0
volume_proxy 1490 1.3183209 0.859273846 -0.00197450647 0 0 0
volume_proxy 1492 0.509938438 0.770894845 0.00286209503 0 0 0
volume_proxy 1493 0.290641709 0.0590417236 0.00740038672 0 0 0
volume_proxy 1494 0.973149933 0.654528999 -0.00309029653 0 0 0
volume_proxy 1496 -1.09019071 0.220554227 -0.0015451047 0 0 0
volume_proxy 1498 -1.2011678 0.210019072 0.00633948655 0 0 0
volume_proxy 1501 -0.963484034 -0.805147009 -0.00364772759 0 0 0
volume_proxy 1503 -0.0914339239 0.122014305 -0.0102201038 0 0 0
volume_proxy 1505 -0.257509645 0.866342565 -0.00903553107 0 0 0
volume_proxy 1506 0.549246622 0.979291299 -0.00383534321 0 0 0
volume_proxy 1507 -1.18081494 -0.471653908 0.00981308961 0 0 0
volume_proxy 1508 -0.618035896 -0.961212395 0.00192719075 0 0 0
volume_proxy 1509 -1.4229277 0.647362017 -0.00271943245 0 0 0
volume_proxy 1510 0.411193232 -0.203884755 -0.00318423183 0 0 0
volume_proxy 1511 1.09178571 0.728296484 0.00557312081 0 0 0
volume_proxy 1512 -1.15805376 0.611729073 0.00515288466 0 0 0
volume_proxy 1513 -0.559337933 0.715621124 -0.00702042098 0 0 0
volume_proxy 1514 -1.40970193 0.237692304 0.00550976863 0 0 0
volume_proxy 1515 0.361565946 0.422381924 -0.00648452069 0 0 0
volume_proxy 1516 -0.949637165 -0.546425974 0.00811926386 0 0 0
volume_proxy 1517 -1.0406345 -0.660305339 0.0104428405 0 0 0
volume_proxy 1518 -1.01145041 -0.176490358 -0.0064165866 0 0 0
volume_proxy 1519 0.175595112 -0.257618512 -0.00648875755 0 0 0
