volume_proxy 0 1.26863958 0.00736791551 -0.00705102042 0 0 0
volume_proxy 4 1.22426748 0.798814247 -0.010357283 0 0 0
volume_proxy 5 0.0390848514 0.522125226 -0.000126245691 0 0 0
volume_proxy 6 1.4834995 0.627484095 -0.00330636646 0 0 0
volume_proxy 11 0.207439978 0.832075686 0.00346062134 0 0 0
volume_proxy 12 0.745266232 -0.291896801 0.00336873436 0 0 0
volume_proxy 14 0.542104068 0.677316233 -0.00130338019 0 0 0
volume_proxy 23 -0.477095664 0.0172994875 0.0104568262 0 0 0
volume_proxy 38 0.385740914 -0.357519332 -0.00680001568 0 0 0
volume_proxy 40 -0.466651403 -0.340160559 0.00159809938 0 0 0
volume_proxy 50 -0.208799646 -0.85216334 0.00842785494 0 0 0
volume_proxy 52 -1.36198585 -0.751918244 -0.00288949688 0 0 0
volume_proxy 53 -0.170873167 -0.471623155 0.00233406312 0 0 0
volume_proxy 58 0.995663225 -0.509959062 -0.00540085869 0 0 0
volume_proxy 60 -0.473426049 0.642640911 0.00433373469 0 0 0
volume_proxy 61 -0.956521588 -0.763951225 0.00925033197 0 0 0
volume_proxy 69 -0.736585874 -0.109134203 -0.00226528391 0 0 0
volume_proxy 72 0.955585036 0.107194934 -0.00850241701 0 0 0
volume_proxy 81 -0.888721302 -0.0591083669 -0.00577349519 0 0 0
volume_proxy 85 -0.791947967 0.0916819347 -0.0054801767 0 0 0
volume_proxy 88 -0.899015475 0.213661521 0.00684442108 0 0 0
volume_proxy 97 1.19569982 -0.181823946 0.0107500229 0 0 0
volume_proxy 101 -1.45244341 0.598483967 0.00801094322 0 0 0
volume_proxy 105 -0.435054291 -0.485280658 0.00374289037 0 0 0
volume_proxy 106 -0.790352499 -0.781282197 -0.00888028607 0 0 0
volume_proxy 107 0.323975861 0.525313891 -0.00809740099 0 0 0
volume_proxy 108 1.40308158 -0.259835788 0.00221074745 0 0 0
volume_proxy 126 -0.0763723973 -0.917366619 -0.0041394983 0 0 0
volume_proxy 127 -0.312519244 0.22086529 -0.00770155368 0 0 0
volume_proxy 130 1.3521444 0.388368975 0.00667240211 0 0 0
volume_proxy 132 0.823039092 0.502766883 0.00477247717 0 0 0
volume_proxy 135 -0.023795213 -0.852827004 -0.00702487884 0 0 0
volume_proxy 140 -0.715233698 0.81863222 -0.0074751763 0 0 0
volume_proxy 145 -1.14604875 -0.692361782 -0.000773835023 0 0 0
volume_proxy 157 0.659910772 -0.340668727 -0.00610308192 0 0 0
volume_proxy 159 -0.800363763 -0.771458226 -0.00347360498 0 0 0
volume_proxy 161 -0.172284396 0.199325391 -0.00744547773 0 0 0
volume_proxy 163 -0.905784591 -0.0997329537 0.0101905738 0 0 0
volume_proxy 169 0.79864263 0.696289973 -0.00285057169 0 0 0
volume_proxy 176 0.248994661 -0.129478937 -0.00548953906 0 0 0
volume_proxy 178 -1.02644073 0.480492016 -0.00869689501 0 0 0
volume_proxy 186 -0.584957998 0.180733726 -0.00443915644 0 0 0
volume_proxy 189 -1.07385556 0.515010728 0.00317854418 0 0 0
volume_proxy 195 -0.614068352 0.100352332 -0.00270151381 0 0 0
volume_proxy 196 0.462468787 0.24009997 -0.00847262549 0 0 0
volume_proxy 198 1.36533348 -0.688491509 -0.00959637125 0 0 0
volume_proxy 200 -1.14473343 -0.283392312 -0.00340315566 0 0 0
volume_proxy 202 -0.621263215 0.9164327 0.00485833455 0 0 0
volume_proxy 209 -0.734187893 -0.767495884 0.0106929559 0 0 0
volume_proxy 210 -0.13305913 0.225735229 0.0105190839 0 0 0
volume_proxy 224 1.02253978 -0.785523703 -0.00771574869 0 0 0
volume_proxy 226 -0.739738242 -0.886010616 0.010218408 0 0 0
volume_proxy 228 -0.158008574 0.426513471 0.00310163231 0 0 0
volume_proxy 236 0.147467374 0.0526717783 -0.00130146157 0 0 0
volume_proxy 237 0.407517824 0.727648307 -0.000287882412 0 0 0
volume_proxy 244 0.883646421 0.198373501 0.0104523681 0 0 0
volume_proxy 247 1.22056398 -0.306593766 -0.00814743425 0 0 0
volume_proxy 251 0.886214791 0.160794464 -0.00732149027 0 0 0
volume_proxy 256 -0.110603852 -0.570918804 0.00886174795 0 0 0
volume_proxy 257 -0.414223257 0.797017252 0.00372331599 0 0 0
volume_proxy 258 0.525845984 -0.126448649 -0.00136171666 0 0 0
volume_proxy 259 0.750701184 0.489460687 0.00663877388 0 0 0
volume_proxy 269 0.913208619 0.151041771 -0.00932410259 0 0 0
volume_proxy 271 -1.43548423 0.932060108 0.00595646524 0 0 0
volume_proxy 273 1.39777717 0.151485168 -0.00510487709 0 0 0
volume_proxy 276 0.678998304 -0.212350764 0.0106627495 0 0 0
volume_proxy 277 -0.563753072 -0.76043367 0.00632181343 0 0 0
volume_proxy 279 0.0731223241 -0.325729942 -0.00592975227 0 0 0
volume_proxy 294 -0.0744200531 0.598563996 0.0103085366 0 0 0
volume_proxy 296 0.0256820611 -0.678583647 -0.0034074403 0 0 0
volume_proxy 298 1.12223674 -0.807511881 0.00588979185 0 0 0
volume_proxy 305 0.212129254 0.1208646 0.00509350656 0 0 0
volume_proxy 310 0.846169573 0.560014474 -0.00821136468 0 0 0
volume_proxy 311 0.635511392 -0.765253122 0.00974492814 0 0 0
volume_proxy 314 -0.38448891 0.293880744 -0.00962233631 0 0 0
volume_proxy 321 0.209323746 -0.936696809 -0.000560232713 0 0 0
volume_proxy 329 -0.63656413 0.567854915 -0.00530322621 0 0 0
volume_proxy 337 -1.46715133 0.692612764 -0.00499900723 0 0 0
volume_proxy 344 0.616707483 0.823165523 0.00151071424 0 0 0
volume_proxy 345 -0.921743721 0.190542934 -0.0101396203 0 0 0
volume_proxy 347 -0.0897758756 -0.45182277 -0.0067802163 0 0 0
volume_proxy 349 0.509591361 -0.261688734 -0.00543553094 0 0 0
volume_proxy 356 0.140470054 0.907054888 -0.00332008186 0 0 0
volume_proxy 358 1.45624211 0.812145302 -0.00234965897 0 0 0
volume_proxy 370 1.32143888 0.579204841 0.00293855993 0 0 0
volume_proxy 375 0.73658511 -0.0788767333 -0.00464391415 0 0 0
volume_proxy 377 0.486965216 0.453009843 -0.00974795625 0 0 0
volume_proxy 388 -1.15384187 -0.0218929202 0.0041753515 0 0 0
volume_proxy 393 1.3649698 -0.298618666 -0.00474719151 0 0 0
volume_proxy 396 -0.57135275 0.893171269 -0.00383174469 0 0 0
volume_proxy 397 0.407890661 -0.238016859 0.00328527827 0 0 0
volume_proxy 399 0.778983509 -0.779316939 0.00958218119 0 0 0
volume_proxy 409 -0.331357914 -0.547528214 0.00881329896 0 0 0
volume_proxy 412 1.32998017 -0.376108995 0.000496346926 0 0 0
volume_proxy 418 -1.09774399 -0.177748369 -0.00240103048 0 0 0
volume_proxy 431 -1.00848875 -0.671754528 0.0104379044 0 0 0
volume_proxy 497 -0.853849917 -0.43676021 -0.0104768847 0 0 0
volume_proxy 502 1.01308148 -0.913621356 0.00665570204 0 0 0
volume_proxy 512 0.350246829 -0.820724923 0.0034979524 0 0 0
volume_proxy 513 0.512171767 -0.216021007 0.00937753474 0 0 0
volume_proxy 518 1.25168695 -0.705328672 0.00116909434 0 0 0
volume_proxy 591 -0.443675654 0.899919197 0.00278931247 0 0 0
volume_proxy 615 1.22304056 0.142055514 0.00126196125 0 0 0
volume_proxy 616 0.897740927 0.680001249 -0.006260549 0 0 0
volume_proxy 637 -1.22644755 -0.730503689 -0.00627351478 0 0 0
volume_proxy 647 -0.345242808 0.938093749 0.00526616763 0 0 0
volume_proxy 669 1.02552705 -0.574595623 0.0030429259 0 0 0
volume_proxy 682 0.299486735 0.261377966 0.000407588437 0 0 0
volume_proxy 702 -0.18705916 -0.355831295 -0.00932705404 0 0 0
volume_proxy 725 -1.39328293 -0.757386167 0.00146850846 0 0 0
volume_proxy 751 0.182875816 -0.680506958 0.000425577885 0 0 0
volume_proxy 797 -1.02400885 -0.40562349 0.00621429065 0 0 0
volume_proxy 802 0.965997699 -0.307363912 -0.0101354151 0 0 0
volume_proxy 814 0.89957848 -0.368796608 0.0090158456 0 0 0
volume_proxy 835 -0.290069476 -0.873391715 -0.00998663537 0 0 0
volume_proxy 848 -1.31595112 -0.352966172 0.00505027667 0 0 0
volume_proxy 856 1.29709592 0.240501886 -0.000578032182 0 0 0
volume_proxy 869 1.444156 0.904407647 0.00658997158 0 0 0
volume_proxy 876 -0.375622162 -0.35196 -0.000541971743 0 0 0
volume_proxy 883 0.316494528 0.706665314 0.00970159961 0 0 0
volume_proxy 902 0.224836854 0.0469469839 0.0085689655 0 0 0
volume_proxy 903 0.436949867 0.443273375 0.00129237352 0 0 0
volume_proxy 904 -0.909186352 0.471897045 -0.000350856604 0 0 0
volume_proxy 914 0.487767283 -0.843203937 -0.00563145446 0 0 0
volume_proxy 915 -0.760258529 0.0385941714 0.00424345602 0 0 0
volume_proxy 926 -0.465707917 0.267587365 0.00123870485 0 0 0
volume_proxy 929 -0.7895279 -0.578769078 -0.00483083081 0 0 0
volume_proxy 944 0.7232259 -0.894492022 -0.00424634036 0 0 0
volume_proxy 969 -0.639213247 -0.0441180824 0.00139736445 0 0 0
volume_proxy 974 -0.156756442 -0.551986274 -0.0103889603 0 0 0
volume_proxy 979 -0.104237204 0.569027318 0.00820215542 0 0 0
volume_proxy 983 1.13434246 -0.237994408 -0.00117004369 0 0 0
volume_proxy 991 -0.706439564 -0.507523012 -0.00138721196 0 0 0
volume_proxy 992 0.289191392 0.180216227 0.00733251873 0 0 0
volume_proxy 997 1.31890692 -0.0857964427 0.00059803461 0 0 0
volume_proxy 1001 0.272692885 0.727566166 -0.00887751767 0 0 0
volume_proxy 1020 -0.910114682 0.492746788 0.00820055027 0 0 0
volume_proxy 1021 -0.972787531 -0.847809299 0.0104906078 0 0 0
volume_proxy 1031 1.11454064 -0.505803082 -0.00952242039 0 0 0
volume_proxy 1033 0.869856931 0.920464915 -0.00654692995 0 0 0
volume_proxy 1035 0.719934571 -0.888609704 0.00109116713 0 0 0
volume_proxy 1036 0.550067511 0.293784882 -0.00172492423 0 0 0
volume_proxy 1040 -1.08678862 -0.863314023 0.00213684078 0 0 0
volume_proxy 1042 1.02201391 0.88032979 0.00487044768 0 0 0
volume_proxy 1050 -0.839052387 -0.412360824 -0.00466131273 0 0 0
volume_proxy 1052 -0.631826992 0.245831552 0.00293699175 0 0 0
volume_proxy 1062 0.242296682 0.306638492 0.00057634412 0 0 0
volume_proxy 1066 0.745737285 0.285562242 -0.00108135026 0 0 0
volume_proxy 1069 -0.875084453 -0.148612047 -0.00691239526 0 0 0
volume_proxy 1078 -1.3544137 0.924424076 0.0094706231 0 0 0
volume_proxy 1086 0.128896104 -0.220318061 0.00638416807 0 0 0
volume_proxy 1093 -0.225366034 -0.320104232 0.00531189329 0 0 0
volume_proxy 1098 0.124485239 0.73753873 0.0065961362 0 0 0
volume_proxy 1102 1.26015342 0.519160505 0.00613722387 0 0 0
volume_proxy 1106 0.758237215 -0.725456424 0.00926923986 0 0 0
volume_proxy 1110 0.948104552 -0.570783664 -0.00714736198 0 0 0
volume_proxy 1113 1.21588374 0.629582737 -0.00395730864 0 0 0
volume_proxy 1114 -0.729494379 -0.000268356229 0.00895436623 0 0 0
volume_proxy 1117 0.77314572 0.145293132 -0.00663502907 0 0 0
volume_proxy 1118 0.173653997 -0.618427513 -0.0104979156 0 0 0
volume_proxy 1120 -0.137672195 0.315669119 -0.0105977834 0 0 0
volume_proxy 1123 -1.44593251 0.937843245 -0.0103596484 0 0 0
volume_proxy 1127 0.41949444 0.296767848 -0.00327799693 0 0 0
volume_proxy 1130 -0.217886816 -0.0385519976 -0.00166844679 0 0 0
volume_proxy 1133 1.20507739 -0.842131126 0.00426843471 0 0 0
volume_proxy 1134 0.663144693 0.509584552 0.00794081188 0 0 0
volume_proxy 1137 -0.891437357 0.0266713844 -0.00068360104 0 0 0
volume_proxy 1138 1.42541417 -0.662802318 0.00806589108 0 0 0
volume_proxy 1143 -0.521364669 0.261636066 -0.00248106242 0 0 0
volume_proxy 1145 -0.851600962 -0.673263333 -0.00279984913 0 0 0
volume_proxy 1147 0.129312354 0.167930701 0.00453605985 0 0 0
volume_proxy 1149 -0.699333078 0.1721101 -0.00609986943 0 0 0
volume_proxy 1150 -0.370920196 -0.735037398 -0.00940692551 0 0 0
volume_proxy 1151 0.5925102 -0.904690299 -0.008462262 0 0 0
volume_proxy 1157 0.0771103049 0.218031955 0.00501162829 0 0 0
volume_proxy 1161 0.644715552 -0.952491843 0.00950650454 0 0 0
volume_proxy 1165 -0.212911041 -0.838116596 -0.00283022595 0 0 0
volume_proxy 1166 -1.4142186 0.419825947 0.00699936379 0 0 0
volume_proxy 1167 -1.31237591 0.50238065 0.00505201569 0 0 0
volume_proxy 1168 -0.0895803352 -0.755389909 -0.00520596126 0 0 0
volume_proxy 1169 1.4117023 -0.54160825 -0.00210666801 0 0 0
volume_proxy 1170 -1.25196447 -0.21772551 -0.00705857379 0 0 0
volume_proxy 1171 -0.454075506 0.109553732 0.00637643628 0 0 0
volume_proxy 1172 -0.403774629 0.331121422 -0.00058765053 0 0 0
volume_proxy 1174 -0.0273885587 0.390955772 0.00607180932 0 0 0
volume_proxy 1179 0.648248317 0.272143773 -0.0041296062 0 0 0
volume_proxy 1180 -0.800925454 0.552718578 -0.00676783341 0 0 0
volume_proxy 1182 0.326475406 0.96158576 0.00616953287 0 0 0
volume_proxy 1186 -0.442420017 -0.230590714 -0.00788554679 0 0 0
volume_proxy 1191 1.47734321 0.879392367 -0.00548820955 0 0 0
volume_proxy 1193 -1.07454663 0.208497297 -0.00407292567 0 0 0
volume_proxy 1195 -1.48887009 -0.439700156 -0.00593705803 0 0 0
volume_proxy 1197 -0.988208555 -0.921005772 0.00346702863 0 0 0
volume_proxy 1198 0.101161706 0.384795096 0.00459997265 0 0 0
volume_proxy 1199 0.0906436061 0.0529765711 0.00997307356 0 0 0
volume_proxy 1204 0.182085385 -0.638329534 0.00129951009 0 0 0
volume_proxy 1206 1.06512507 0.342425294 -0.0102690558 0 0 0
volume_proxy 1208 -0.233814193 -0.127008488 -0.00946474678 0 0 0
volume_proxy 1209 -1.32655342 0.279809285 -0.00301797482 0 0 0
volume_proxy 1210 -1.27813578 0.737652217 -0.0106315537 0 0 0
volume_proxy 1213 -0.415392776 0.279614951 -0.000238465054 0 0 0
volume_proxy 1214 -0.405223521 0.0420019807 0.0103771854 0 0 0
volume_proxy 1217 -0.56420517 0.598979893 0.00879464641 0 0 0
volume_proxy 1219 -0.996775676 0.015438064 0.00959361615 0 0 0
volume_proxy 1220 0.495439484 0.402208071 0.000827524496 0 0 0
volume_proxy 1221 1.19111634 -0.111307803 -0.0030482487 0 0 0
volume_proxy 1223 1.27337608 0.582203913 0.000703626703 0 0 0
volume_proxy 1224 -0.402518883 0.909322109 -0.000154793964 0 0 0
volume_proxy 1225 -0.259155944 -0.0684584713 0.00186856601 0 0 0
volume_proxy 1227 -0.69403476 0.839160471 0.00264854795 0 0 0
volume_proxy 1228 0.807052559 0.899606964 0.00657850323 0 0 0
volume_proxy 1229 1.49895034 0.976888476 -0.0063555019 0 0 0
volume_proxy 1230 1.32834983 -0.776825815 0.00188195565 0 0 0
volume_proxy 1231 -0.843223558 -0.118831059 0.00387015743 0 0 0
volume_proxy 1236 -0.254615899 -0.00295970449 0.00912787826 0 0 0
volume_proxy 1237 0.747826327 0.931826208 -0.00346883179 0 0 0
volume_proxy 1238 0.571887556 0.800052644 0.00668756163 0 0 0
volume_proxy 1239 1.43316599 0.96405571 0.0107071085 0 0 0
volume_proxy 1240 1.20803906 0.669828653 -0.00978455138 0 0 0
volume_proxy 1241 -0.391344712 -0.0590560216 0.00244726287 0 0 0
volume_proxy 1243 -0.945420944 -0.955600735 0.00381423753 0 0 0
volume_proxy 1245 -1.37279817 0.519929801 -0.00242974217 0 0 0
volume_proxy 1247 -1.17031439 0.743049507 -0.0107850048 0 0 0
volume_proxy 1248 1.06264522 0.302108838 -0.00168383024 0 0 0
volume_proxy 1249 -0.206633866 -0.365784551 0.00462862744 0 0 0
volume_proxy 1252 0.661767045 -0.867031199 -0.00971495755 0 0 0
volume_proxy 1253 -0.886442452 0.151255618 -0.00694094354 0 0 0
volume_proxy 1254 0.683560583 -0.781488826 0.00453387211 0 0 0
volume_proxy 1255 0.836926465 -0.660975931 0.00764729554 0 0 0
volume_proxy 1256 -0.608144288 -0.679377526 0.000643953749 0 0 0
volume_proxy 1257 0.264782645 -0.558665259 -0.0104029369 0 0 0
volume_proxy 1258 1.02149351 0.712933221 0.00507903418 0 0 0
volume_proxy 1259 -0.896356551 0.922732064 0.00427511649 0 0 0
volume_proxy 1260 0.743695001 0.564847379 -0.00342398071 0 0 0
volume_proxy 1261 -0.539478022 0.934520839 -0.00319600263 0 0 0
volume_proxy 1262 0.793350789 0.212374367 -0.00771565252 0 0 0
volume_proxy 1263 0.78362462 -0.0386545563 0.0050772147 0 0 0
volume_proxy 1264 0.0129887159 -0.44575003 -0.0087372865 0 0 0
volume_proxy 1265 0.216539702 0.313205742 -0.00438664049 0 0 0
volume_proxy 1266 -0.429389327 0.273969038 0.000920328046 0 0 0
volume_proxy 1267 -1.15495152 -0.474245147 -0.00809573492 0 0 0
volume_proxy 1269 0.1593526 -0.296352843 0.00572479979 0 0 0
volume_proxy 1270 0.252503199 -0.453096491 -0.0060590294 0 0 0
volume_proxy 1271 -1.2161744 -0.432241853 -0.00531706815 0 0 0
volume_proxy 1272 0.503087792 0.177824702 -0.00139749926 0 0 0
volume_proxy 1273 -0.726301242 0.995353881 5.34552911e-05 0 0 0
volume_proxy 1275 -1.38528359 0.798878519 -0.0020836671 0 0 0
volume_proxy 1276 0.935997349 0.081431515 -0.00758277451 0 0 0
volume_proxy 1277 1.46975256 0.718644548 -0.00140157038 0 0 0
volume_proxy 1278 1.21064753 0.227637663 0.00961888479 0 0 0
volume_proxy 1279 -0.642059565 0.747414213 0.00377961914 0 0 0
volume_proxy 1280 -1.28492726 0.589743047 0.00199905557 0 0 0
volume_proxy 1281 -0.383274166 -0.869048521 -0.0102707627 0 0 0
volume_proxy 1282 -0.312093152 -0.812350375 0.00853941929 0 0 0
volume_proxy 1283 -0.510377903 -0.80314429 -0.0056347795 0 0 0
volume_proxy 1284 -0.477817583 -0.949596233 0.00161695338 0 0 0
volume_proxy 1285 -0.803440267 0.839848839 -0.00511627724 0 0 0
volume_proxy 1286 -1.33699261 0.474384898 0.00848562076 0 0 0
volume_proxy 1288 -0.523284623 -0.8553091 -0.00380401733 0 0 0
volume_proxy 1289 0.672223534 -0.429452648 -0.00108765681 0 0 0
volume_proxy 1290 -1.33568194 -0.807248283 0.00719071683 0 0 0
volume_proxy 1291 -0.349325124 0.781937185 0.00272469974 0 0 0
