volume_proxy 0 0.468861085 -0.435347881 -0.00721631908 0 0 0
volume_proxy 6 -0.0133454068 0.684387121 0.00750920688 0 0 0
volume_proxy 11 1.37002945 0.817858044 -0.0102925289 0 0 0
volume_proxy 12 0.99585725 -0.033788853 0.00691287608 0 0 0
volume_proxy 14 -1.39166544 0.52115588 -0.00890127098 0 0 0
volume_proxy 23 0.434447066 -0.243451004 0.00174079149 0 0 0
volume_proxy 38 -1.36079622 -0.861817215 0.00607301374 0 0 0
volume_proxy 40 -0.949425154 0.191527258 0.00600807264 0 0 0
volume_proxy 50 -0.617754705 -0.411258647 0.0065952223 0 0 0
volume_proxy 53 -1.05546315 0.512582788 -0.00156024677 0 0 0
volume_proxy 58 1.32040142 -0.830375642 0.0036201242 0 0 0
volume_proxy 60 0.153818388 0.837133952 -0.00735329953 0 0 0
volume_proxy 85 -1.28092339 0.536088266 -7.46867045e-05 0 0 0
volume_proxy 97 1.04240776 0.898028527 0.00112455787 0 0 0
volume_proxy 107 0.933824507 0.0521495068 -0.0102610961 0 0 0
volume_proxy 127 -1.016413 -0.781034146 -0.000606547125 0 0 0
volume_proxy 130 0.424775438 -0.424631822 0.00944334688 0 0 0
volume_proxy 140 -0.905989456 0.66068439 -0.00599747626 0 0 0
volume_proxy 157 0.568659882 -0.862846708 0.00112983559 0 0 0
volume_proxy 159 1.39672162 0.894336659 0.00239487047 0 0 0
volume_proxy 161 -0.376723514 0.510939362 0.00446602112 0 0 0
volume_proxy 176 1.47481084 -0.0485267543 -0.00899654614 0 0 0
volume_proxy 186 -1.17144122 -0.346021935 -0.0035505426 0 0 0
volume_proxy 189 -0.405276419 -0.2908772 -0.000976077466 0 0 0
volume_proxy 195 -1.43308985 -0.955551881 0.00104164349 0 0 0
volume_proxy 196 0.399960421 0.378213375 -0.0089247183 0 0 0
volume_proxy 200 -1.3371514 -0.220811877 -0.000381014187 0 0 0
volume_proxy 202 0.188459086 0.854147627 -0.0075087797 0 0 0
volume_proxy 209 -0.989327288 0.12749912 -0.000953885796 0 0 0
volume_proxy 210 0.157837211 0.982421135 0.00497221777 0 0 0
volume_proxy 226 0.682464271 -0.82997422 -0.00916630792 0 0 0
volume_proxy 236 1.19002714 -0.722653578 0.00325008814 0 0 0
volume_proxy 247 1.20735816 0.500945713 -0.00103690297 0 0 0
volume_proxy 256 -0.958837223 0.962248322 -0.00870275302 0 0 0
volume_proxy 259 0.811212672 0.453396052 0.00641959692 0 0 0
volume_proxy 269 -1.49369488 -0.11496824 0.00696947693 0 0 0
volume_proxy 277 -0.450929811 0.0020668814 -0.00817456351 0 0 0
volume_proxy 296 -1.28863973 0.930026577 0.00798548726 0 0 0
volume_proxy 305 0.912820327 -0.371506503 -0.00920946115 0 0 0
volume_proxy 310 0.346380562 0.142540832 0.00131647666 0 0 0
volume_proxy 344 -1.43062545 -0.26131684 0.00667912414 0 0 0
volume_proxy 347 -0.616906081 0.773817173 -0.00783715093 0 0 0
volume_proxy 356 -0.338759044 0.161454062 0.00617532269 0 0 0
volume_proxy 375 0.631284746 -0.254515799 0.000669374325 0 0 0
volume_proxy 388 1.4903633 -0.104720483 -0.0057530008 0 0 0
volume_proxy 802 1.14851098 0.336148911 0.00352430756 0 0 0
volume_proxy 1052 -1.25055115 -0.66739214 -0.0050965914 0 0 0
volume_proxy 1066 0.0108783357 0.503133493 0.000163019005 0 0 0
volume_proxy 1120 -0.835629873 0.509153398 0.00348266322 0 0 0
volume_proxy 1166 -0.854097372 -0.188952892 0.00141315635 0 0 0
volume_proxy 1193 -1.11893272 -0.294605079 0.000791139501 0 0 0
volume_proxy 1225 -0.953627312 -0.50555835 0.00574350299 0 0 0
volume_proxy 1245 -1.33947318 0.0680041048 0.00115956694 0 0 0
volume_proxy 1280 -0.355770123 0.913911024 -0.00698303272 0 0 0
volume_proxy 1285 -1.1571333 0.667404644 0.00536118198 0 0 0
volume_proxy 1295 0.722313468 -0.0140906473 -0.00412025383 0 0 0
volume_proxy 1296 0.0185989581 -0.669896083 -0.000374037201 0 0 0
volume_proxy 1340 0.617521363 0.375498103 -0.00797768944 0 0 0
volume_proxy 1380 -0.968674639 -0.24092735 -0.00697314244 0 0 0
volume_proxy 1386 1.47143723 0.54323255 0.00258070859 0 0 0
volume_proxy 1397 0.672240598 0.841783428 -0.00505597697 0 0 0
volume_proxy 1409 -0.191641715 0.732947538 -0.00958646965 0 0 0
volume_proxy 1413 1.33686958 0.643557353 0.0078672019 0 0 0
volume_proxy 1422 0.0465186062 -0.694546867 0.00335867569 0 0 0
volume_proxy 1433 1.13488378 0.572594456 -0.00398117069 0 0 0
volume_proxy 1437 0.186347765 -0.14452165 -0.00043204066 0 0 0
volume_proxy 1447 1.44226595 -0.0023197309 -0.00887863271 0 0 0
volume_proxy 1459 -1.29685457 -0.00844875222 -0.0102791642 0 0 0
volume_proxy 1460 0.197492483 0.873138367 0.00658259778 0 0 0
volume_proxy 1461 -0.926268491 0.716278746 0.00802102465 0 0 0
volume_proxy 1466 -0.525523992 0.36468771 -0.0032779764 0 0 0
volume_proxy 1472 -1.24106994 0.676729339 0.0052502834 0 0 0
volume_proxy 1474 1.49856256 -0.666980313 0.0089073629 0 0 0
volume_proxy 1481 0.707680911 0.597891105 0.00572015577 0 0 0
volume_proxy 1482 0.995318716 0.434344795 0.00823876937 0 0 0
volume_proxy 1485 0.413260393 -0.359050924 -0.00137233515 0 0 0
volume_proxy 1489 0.174783399 -0.981938735 0.00477396039 0 0 0
volume_proxy 1490 1.14487526 0.988726784 0.00334219329 0 0 0
volume_proxy 1494 1.39813001 -0.0396294049 -1.64192337e-05 0 0 0
volume_proxy 1496 -1.44102274 0.555791838 0.00688886563 0 0 0
volume_proxy 1498 0.061360809 0.167821612 0.00899396421 0 0 0
volume_proxy 1503 -0.946921346 -0.559539185 0.0106731853 0 0 0
volume_proxy 1506 -0.0529389332 0.71575593 0.000339769342 0 0 0
volume_proxy 1507 -1.30326016 0.134026839 0.00589048417 0 0 0
volume_proxy 1508 -0.403563168 -0.446367871 0.00697486734 0 0 0
volume_proxy 1509 -1.25706187 0.199061466 -0.00223882064 0 0 0
volume_proxy 1510 0.138182126 -0.645708555 -0.00755162547 0 0 0
volume_proxy 1511 1.09070122 0.399619649 -0.00696692856 0 0 0
volume_proxy 1513 -1.48282762 0.615072097 -0.00578073322 0 0 0
volume_proxy 1515 0.827741808 -0.565698176 0.00483495795 0 0 0
volume_proxy 1516 -0.103094844 -0.990975269 0.00590493113 0 0 0
volume_proxy 1517 -0.950663176 -0.356464431 0.00617367601 0 0 0
volume_proxy 1519 -0.0793628666 -0.578162585 -0.00504515181 0 0 0
volume_proxy 1520 0.263269488 -0.310666508 -0.00476945914 0 0 0
volume_proxy 1521 -1.06917223 -0.570330523 0.00932261446 0 0 0
volume_proxy 1523 0.562321639 -0.0255352639 -0.00130889005 0 0 0
volume_proxy 1525 -0.702853356 0.962439462 0.00589870278 0 0 0
volume_proxy 1526 0.902834274 -0.683052949 -0.00693298094 0 0 0
volume_proxy 1528 0.604243012 -0.634365528 -0.00681349115 0 0 0
volume_proxy 1529 -1.0508817 0.405190908 -0.00273516675 0 0 0
volume_proxy 1531 0.303313139 0.388149026 0.00206200611 0 0 0
volume_proxy 1533 1.1672972 -0.24684902 -0.00282382316 0 0 0
volume_proxy 1534 0.480048214 0.956238734 0.00483645746 0 0 0
volume_proxy 1535 0.683553346 0.715625564 -0.00239574381 0 0 0
volume_proxy 1536 -0.769996415 -0.757694935 0.00883330695 0 0 0
volume_proxy 1537 -0.530405556 -0.764443052 -0.00465503225 0 0 0
