volume_proxy 0 1.42719839 -0.408096512 -0.00519214236 0 0 0
volume_proxy 5 0.893999627 -0.0543357208 0.00541218432 0 0 0
volume_proxy 6 0.454187195 0.348960329 -0.00164976235 0 0 0
volume_proxy 11 0.904722328 0.143785651 0.00207541005 0 0 0
volume_proxy 12 1.09911556 -0.357706845 0.00216046282 0 0 0
volume_proxy 14 -0.480140667 -0.113111437 -0.00928419581 0 0 0
volume_proxy 23 0.765698752 -0.699640964 0.00909958011 0 0 0
volume_proxy 38 0.799140803 0.0683367275 0.00921441675 0 0 0
volume_proxy 40 -0.077820343 -0.237696915 -0.00205806153 0 0 0
volume_proxy 50 -0.610974142 -0.652029903 -0.00890185325 0 0 0
volume_proxy 53 -0.872797953 0.178390595 0.00746733298 0 0 0
volume_proxy 58 1.16626964 -0.607160928 0.000249559416 0 0 0
volume_proxy 60 1.02409926 0.439089713 -0.00849424289 0 0 0
volume_proxy 61 0.0695182906 -0.771054923 -0.00480522342 0 0 0
volume_proxy 72 0.0280130262 0.204718089 0.00302762306 0 0 0
volume_proxy 85 -1.33427909 0.0161524197 0.00615553751 0 0 0
volume_proxy 88 -0.874324061 -0.399741903 -0.00314383646 0 0 0
volume_proxy 97 1.10477694 0.376692268 0.000248016901 0 0 0
volume_proxy 105 0.469730273 0.00206919969 -0.0061534254 0 0 0
volume_proxy 107 1.4506238 0.899386014 0.000962401392 0 0 0
volume_proxy 127 -1.08943469 0.584305087 0.0104354072 0 0 0
volume_proxy 130 1.43548298 0.318769824 -0.00906783772 0 0 0
volume_proxy 140 -0.477697274 0.321361029 -0.00270593821 0 0 0
volume_proxy 157 1.45588631 -0.34679547 -0.00576165389 0 0 0
volume_proxy 159 0.3300719 -0.00113023564 0.00307026161 0 0 0
volume_proxy 161 0.695237236 0.214037173 0.00218687166 0 0 0
volume_proxy 176 0.516266174 -0.260542637 -0.00574296837 0 0 0
volume_proxy 186 -0.7684081 0.208973898 -0.00799861551 0 0 0
volume_proxy 189 -0.880654207 0.777010831 0.00867934139 0 0 0
volume_proxy 195 -0.226714669 0.242592949 -0.00958415924 0 0 0
volume_proxy 196 0.388911986 -0.529904844 0.00237513168 0 0 0
volume_proxy 200 -0.458492705 -0.834111078 0.00331571665 0 0 0
volume_proxy 202 -1.13387155 0.714130002 -0.00106642686 0 0 0
volume_proxy 209 -1.15977228 0.233265615 0.00956941873 0 0 0
volume_proxy 210 -1.0766493 0.603639897 0.006714344 0 0 0
volume_proxy 226 -0.552476315 -0.50302608 -0.000527837684 0 0 0
volume_proxy 236 0.737380069 0.875052545 -0.00443423242 0 0 0
volume_proxy 247 0.38572657 0.650640614 0.0104513755 0 0 0
volume_proxy 256 -0.763978584 0.302943393 0.00411504556 0 0 0
volume_proxy 259 0.36651441 0.122143226 0.000729289674 0 0 0
volume_proxy 269 0.0766178897 -0.0846915418 0.00245777453 0 0 0
volume_proxy 277 -1.40757434 -0.209605098 0.00659676681 0 0 0
volume_proxy 296 0.188758386 -0.354885395 0.00675741736 0 0 0
volume_proxy 305 0.110616071 -0.872534732 -0.00149643896 0 0 0
volume_proxy 310 1.24652282 0.0712790386 0.00629042165 0 0 0
volume_proxy 329 -0.439177717 -0.874710057 -0.0021432158 0 0 0
volume_proxy 337 -1.1045881 0.935296446 -0.00863743725 0 0 0
volume_proxy 344 -0.947613579 0.947083923 0.00214911761 0 0 0
volume_proxy 347 -0.662268716 -0.281681451 0.00989644296 0 0 0
volume_proxy 349 -0.485902226 -0.0772879215 -0.0103626767 0 0 0
volume_proxy 356 0.194340862 0.584130225 0.00659191573 0 0 0
volume_proxy 375 0.601152814 -0.390354149 -0.00787730422 0 0 0
volume_proxy 388 -1.08164058 0.5678421 0.00790485084 0 0 0
volume_proxy 431 -1.16112642 0.0682742787 0.00299014342 0 0 0
volume_proxy 802 1.28192736 0.318675414 0.00316397769 0 0 0
volume_proxy 876 0.224959163 -0.971583855 -0.00875335475 0 0 0
volume_proxy 1052 0.18010253 -0.668114691 -0.00823671953 0 0 0
volume_proxy 1066 0.734156882 0.469187725 -0.0077742708 0 0 0
volume_proxy 1093 0.0695821896 -0.0232057242 -0.00677761401 0 0 0
volume_proxy 1120 -0.332786122 0.578249654 0.00777535205 0 0 0
volume_proxy 1166 -0.58812668 0.75325364 0.00980032481 0 0 0
volume_proxy 1169 1.37274779 -0.808576671 -0.0082460893 0 0 0
volume_proxy 1172 0.280773531 0.713318132 0.00784601666 0 0 0
volume_proxy 1186 -0.732213954 -0.308253522 -0.00234030196 0 0 0
volume_proxy 1193 -0.793100647 0.138870837 -0.00711410646 0 0 0
volume_proxy 1219 -0.887773363 0.791755968 -0.00952006876 0 0 0
volume_proxy 1225 -0.0526739972 -0.252256497 -0.00463247415 0 0 0
volume_proxy 1245 -1.29857276 0.680136369 -0.0101151811 0 0 0
volume_proxy 1270 0.0725378849 -0.0556235678 -0.0016857924 0 0 0
volume_proxy 1280 -1.25474774 0.608374057 0.000365412752 0 0 0
volume_proxy 1285 -1.06635495 0.920231094 0.00580276591 0 0 0
volume_proxy 1295 -1.11306706 0.777541069 0.003879647 0 0 0
volume_proxy 1296 -0.10889069 -0.0874463341 0.0045799292 0 0 0
volume_proxy 1301 -1.44312581 0.681819704 0.00540871472 0 0 0
volume_proxy 1326 0.811083973 -0.0279399861 0.00948365251 0 0 0
volume_proxy 1335 0.116079196 -0.800948342 -0.00588040541 0 0 0
volume_proxy 1340 1.0165218 0.731795688 0.00271438914 0 0 0
volume_proxy 1380 -0.152042472 0.518551455 0.000995275939 0 0 0
volume_proxy 1386 0.520791182 0.941114968 0.00372193699 0 0 0
volume_proxy 1390 -1.46524776 0.795783616 -0.00214217419 0 0 0
volume_proxy 1392 0.0697062405 -0.631503916 0.0087264485 0 0 0
volume_proxy 1397 0.654447318 0.5542718 0.00583648491 0 0 0
volume_proxy 1403 0.530811261 -0.160027592 -0.00669605106 0 0 0
volume_proxy 1405 -0.0964304764 0.762055773 0.00594413559 0 0 0
volume_proxy 1409 1.49014649 0.551263265 0.00746992677 0 0 0
volume_proxy 1413 0.516217677 0.821209772 -0.00652938653 0 0 0
volume_proxy 1418 -1.30113284 -0.085698636 0.00909080426 0 0 0
volume_proxy 1420 -1.43809085 -0.220391674 -0.00296054798 0 0 0
volume_proxy 1421 -1.36346186 -0.28381829 0.00273069578 0 0 0
volume_proxy 1422 1.3277464 -0.888845769 0.00179126229 0 0 0
volume_proxy 1423 -0.658008003 0.941402964 -0.00315129288 0 0 0
volume_proxy 1426 0.861801071 -0.635558589 -0.00466783375 0 0 0
volume_proxy 1428 -0.0207563271 0.691170957 0.00923202334 0 0 0
volume_proxy 1429 1.10470441 -0.101621848 0.0104001492 0 0 0
volume_proxy 1433 0.903740092 0.312393943 -0.00403208724 0 0 0
volume_proxy 1434 0.443455964 -0.482732803 0.00194027408 0 0 0
volume_proxy 1437 -0.37543854 -0.534595232 0.00374365414 0 0 0
volume_proxy 1439 -0.557117028 0.777543863 0.00446846643 0 0 0
volume_proxy 1440 0.623631871 -0.576286722 -0.0104635003 0 0 0
volume_proxy 1444 -1.13305728 -0.480915073 -0.00225254656 0 0 0
volume_proxy 1445 0.265875836 -0.884746511 -0.0102504261 0 0 0
volume_proxy 1447 1.34249624 -0.433655629 0.00816811617 0 0 0
volume_proxy 1459 -0.82281888 0.836522498 -0.00716942798 0 0 0
volume_proxy 1460 1.11523111 0.332440069 0.00964127922 0 0 0
volume_proxy 1461 -1.15097895 0.618361019 0.00977050684 0 0 0
volume_proxy 1462 -1.01553171 -0.380971365 -0.0105686391 0 0 0
volume_proxy 1466 -1.10167497 -0.868132318 -0.00350545095 0 0 0
volume_proxy 1470 -1.33137246 -0.626007429 -0.00370366682 0 0 0
volume_proxy 1471 -0.358279197 0.826272311 -0.00860322998 0 0 0
volume_proxy 1472 -0.481464023 0.855448588 -0.00241124074 0 0 0
volume_proxy 1474 1.2070434 -0.932894707 -0.00361018364 0 0 0
volume_proxy 1475 1.09564308 0.160029807 0.00928929531 0 0 0
volume_proxy 1481 1.25064227 0.625122875 0.00558574991 0 0 0
volume_proxy 1482 0.523622463 -0.996690337 0.00813866293 0 0 0
volume_proxy 1483 0.0976377453 -0.782524021 -0.00132056694 0 0 0
volume_proxy 1485 -0.00871886869 -0.509118698 -0.00092420165 0 0 0
volume_proxy 1486 0.950700559 -0.82050287 -0.00837435852 0 0 0
volume_proxy 1489 -0.480515211 0.650754945 -0.00556283188 0 0 0
volume_proxy 1490 0.810975365 0.928684341 0.00313607194 0 0 0
volume_proxy 1491 -0.851090973 -0.351686142 -9.4593503e-05 0 0 0
volume_proxy 1492 0.0535026804 0.121734554 -0.00231864158 0 0 0
volume_proxy 1493 0.528787165 0.41466758 -0.00807372057 0 0 0
volume_proxy 1494 0.905233467 0.471773028 0.00290991166 0 0 0
volume_proxy 1495 0.910802739 -0.793013248 -0.00815984624 0 0 0
volume_proxy 1496 -0.913449249 0.626054464 0.0014631764 0 0 0
volume_proxy 1497 0.295645995 0.452968713 0.00152943093 0 0 0
volume_proxy 1498 -1.32734756 0.760337563 0.00790884346 0 0 0
volume_proxy 1501 -0.887699392 -0.910338972 -0.00157498135 0 0 0
volume_proxy 1502 -0.90477292 -0.693691274 -0.00536225381 0 0 0
