volume_proxy 0 0.736312559 0.423310294 -0.002528671 0 0 0
volume_proxy 5 1.49934596 -0.83604809 0.00584341799 0 0 0
volume_proxy 6 -0.205439107 0.56757329 0.00882502089 0 0 0
volume_proxy 11 1.49083626 0.506168418 0.00200737419 0 0 0
volume_proxy 12 0.370109459 -0.445141371 0.0052700973 0 0 0
volume_proxy 14 -0.969264545 0.811710178 0.0024139762 0 0 0
volume_proxy 23 1.06825784 -0.804452043 0.000909730555 0 0 0
volume_proxy 38 1.05780852 -0.292946086 -0.00787901818 0 0 0
volume_proxy 40 -0.612060094 -0.502928004 0.0103056943 0 0 0
volume_proxy 50 -0.666767605 -0.175315581 0.00581588819 0 0 0
volume_proxy 53 -0.571898401 0.741970602 0.00380265132 0 0 0
volume_proxy 58 1.03904318 -0.931287632 -0.0101237474 0 0 0
volume_proxy 60 0.233616821 0.481988853 -0.00425202021 0 0 0
volume_proxy 85 -0.98809123 -0.219020609 -0.00207417215 0 0 0
volume_proxy 97 0.892069176 0.856502342 0.00852531481 0 0 0
volume_proxy 107 1.20105438 0.66901943 -0.00915749253 0 0 0
volume_proxy 127 -1.38546943 -0.195707191 0.00691446674 0 0 0
volume_proxy 130 0.694767349 0.360869016 0.00204361596 0 0 0
volume_proxy 140 -0.0842068432 0.0326381875 0.00692913791 0 0 0
volume_proxy 157 1.10886156 -0.451290888 0.000487584994 0 0 0
volume_proxy 159 1.03381071 0.472321861 0.00103209178 0 0 0
volume_proxy 161 0.595980122 0.937708817 0.00201142956 0 0 0
volume_proxy 176 0.498209297 0.365690776 0.0107060034 0 0 0
volume_proxy 186 -1.17124084 0.231296427 -0.00862155583 0 0 0
volume_proxy 189 -0.915812823 0.802399708 -0.00439666027 0 0 0
volume_proxy 195 -0.0521898515 -0.573615083 -0.00347088272 0 0 0
volume_proxy 196 0.63083547 -0.0358209789 -0.00436033592 0 0 0
volume_proxy 200 -0.659689125 -0.902396951 -0.00454031508 0 0 0
volume_proxy 202 -0.427463088 0.746552119 -0.00148669555 0 0 0
volume_proxy 209 -1.1945342 0.0795526895 -0.0021421719 0 0 0
volume_proxy 210 -0.230293962 0.483007248 -0.00881817169 0 0 0
volume_proxy 226 0.218895512 -0.991313163 0.00838474836 0 0 0
volume_proxy 236 1.07634615 0.771281679 -0.00261596817 0 0 0
volume_proxy 247 1.41044098 0.457336691 0.00273008792 0 0 0
volume_proxy 256 -0.966039618 0.956183575 -0.00272265333 0 0 0
volume_proxy 259 0.417774473 0.695591217 -0.00769983454 0 0 0
volume_proxy 269 -0.922479584 -0.399988753 -0.00409594382 0 0 0
volume_proxy 277 -1.18177585 -0.617059673 0.0066124456 0 0 0
volume_proxy 296 -0.591948056 -0.689309976 -0.00486569655 0 0 0
volume_proxy 305 0.000107369785 -0.1094356 -0.010110236 0 0 0
volume_proxy 310 0.0410324163 -0.648227429 0.00121292784 0 0 0
volume_proxy 344 -1.11686697 0.683130827 0.00169248221 0 0 0
volume_proxy 347 0.270702287 0.0267280053 0.00114749754 0 0 0
volume_proxy 356 -0.123367856 0.799022099 0.00367207381 0 0 0
volume_proxy 375 1.43333727 -0.802231207 0.00224044469 0 0 0
volume_proxy 388 0.371998006 0.304156068 0.000581760927 0 0 0
volume_proxy 802 1.45304832 -0.430295168 -0.00945833836 0 0 0
volume_proxy 1052 -0.866404119 -0.919691708 0.0104808215 0 0 0
volume_proxy 1066 0.271085312 0.147200498 0.0107984578 0 0 0
volume_proxy 1120 -0.287849947 0.0940673509 0.0090240145 0 0 0
volume_proxy 1166 -0.503199883 0.691182412 0.00216590152 0 0 0
volume_proxy 1169 1.05901828 -0.985574618 -0.00655767795 0 0 0
volume_proxy 1193 -1.13876959 -0.142376428 -0.0102376377 0 0 0
volume_proxy 1225 -0.486030704 -0.179797661 -0.00640008616 0 0 0
volume_proxy 1245 -1.47214172 0.542725066 -0.00731208283 0 0 0
volume_proxy 1280 -1.27426626 0.337754525 0.0084527437 0 0 0
volume_proxy 1285 -1.11666549 0.0615246749 -0.00673126699 0 0 0
volume_proxy 1295 -0.512420539 0.191492769 -0.00297403091 0 0 0
volume_proxy 1296 0.427567844 -0.177820431 -0.000760404596 0 0 0
volume_proxy 1335 0.137853431 -0.624150885 0.00144692132 0 0 0
volume_proxy 1340 1.00093823 0.536938055 -0.0105698833 0 0 0
volume_proxy 1380 0.19316774 0.386162738 0.00787045534 0 0 0
volume_proxy 1386 0.176819399 0.285211941 0.00752517579 0 0 0
volume_proxy 1397 1.19008293 0.154141883 0.00849713494 0 0 0
volume_proxy 1409 0.0817896163 0.857181456 -0.00165148479 0 0 0
volume_proxy 1413 1.33188238 0.608240073 -0.00578205944 0 0 0
volume_proxy 1420 -0.915226222 -0.190200755 -0.00423545275 0 0 0
volume_proxy 1422 0.879541964 -0.806539607 0.000751623471 0 0 0
volume_proxy 1429 0.883756304 -0.313892154 -0.0010198596 0 0 0
volume_proxy 1433 1.49436634 0.646614167 -0.0030025141 0 0 0
volume_proxy 1434 0.0834031553 -0.818115989 -0.00787175429 0 0 0
volume_proxy 1437 0.0259347234 -0.0116879656 0.0046623341 0 0 0
volume_proxy 1439 -0.167307335 0.446233479 0.00842126129 0 0 0
volume_proxy 1447 0.292451253 -0.78379499 -0.00555273105 0 0 0
volume_proxy 1459 -0.534330269 0.146766046 -0.00668419886 0 0 0
volume_proxy 1460 1.43466199 0.793299761 -0.005222754 0 0 0
volume_proxy 1461 -1.16907675 0.628229277 -0.000754774257 0 0 0
volume_proxy 1466 -1.05245012 0.013724077 -0.00540697294 0 0 0
volume_proxy 1470 -1.10773855 -0.580713283 -0.0017990955 0 0 0
volume_proxy 1472 -1.30356916 0.502686023 0.00691225895 0 0 0
volume_proxy 1474 0.994867591 -0.819058646 0.00136764255 0 0 0
volume_proxy 1481 1.12506086 0.977054314 -0.00856706822 0 0 0
volume_proxy 1482 0.804481288 -0.509039418 -0.00682564418 0 0 0
volume_proxy 1485 0.426335773 -0.951801199 -0.00129678936 0 0 0
volume_proxy 1486 0.909424128 -0.384356854 0.00280376486 0 0 0
volume_proxy 1489 0.318965199 -0.0978161632 -0.00721789894 0 0 0
volume_proxy 1490 1.44632854 0.811187779 -0.0101358045 0 0 0
volume_proxy 1492 0.39528883 0.455192435 0.00433035162 0 0 0
volume_proxy 1493 0.180594518 -0.0526454723 -0.0033735145 0 0 0
volume_proxy 1494 1.04765269 0.292994479 -0.00845948932 0 0 0
volume_proxy 1496 -1.43734391 0.576039713 -0.00130676513 0 0 0
volume_proxy 1498 -0.952070584 0.313437012 0.00181739966 0 0 0
volume_proxy 1501 -0.675932911 -0.842340934 0.0105350243 0 0 0
volume_proxy 1503 -0.191893919 0.195045397 0.0105374805 0 0 0
volume_proxy 1506 0.515143206 0.98445948 0.00216071382 0 0 0
volume_proxy 1507 -1.02462622 -0.37186574 -0.00732013241 0 0 0
volume_proxy 1508 -0.546190006 -0.864240871 -0.00320771329 0 0 0
volume_proxy 1509 -1.4189101 0.628862912 0.00314459178 0 0 0
volume_proxy 1510 0.353368371 -0.696882012 0.00627177852 0 0 0
volume_proxy 1511 1.13447112 0.736791542 0.010239796 0 0 0
volume_proxy 1513 -0.781758912 0.993951381 0.00594782086 0 0 0
volume_proxy 1515 1.00585981 0.492495184 -0.00600399985 0 0 0
volume_proxy 1516 -0.530850773 -0.446665945 -0.00125421116 0 0 0
volume_proxy 1517 -0.844117913 -0.821873288 -0.0047582336 0 0 0
volume_proxy 1518 -1.06097602 -0.0424969688 0.0063543155 0 0 0
volume_proxy 1519 0.02790256 -0.142916191 0.00618976159 0 0 0
volume_proxy 1520 0.0417141095 -0.516357127 0.00975949547 0 0 0
volume_proxy 1521 -0.377621703 0.652292528 0.00765352113 0 0 0
volume_proxy 1522 0.0502823797 0.568379908 0.00870427933 0 0 0
volume_proxy 1523 1.14495418 -0.346970312 0.00523707732 0 0 0
volume_proxy 1524 0.985150983 -0.442411572 0.00395584907 0 0 0
volume_proxy 1525 -1.13583245 0.636419823 -0.00861161381 0 0 0
