volume_proxy 0 0.654251261 0.518523733 -0.00173208932 0 0 0
volume_proxy 5 1.35207461 -0.70171028 -0.0091807361 0 0 0
volume_proxy 6 -0.412755188 0.337107481 0.0104862496 0 0 0
volume_proxy 11 0.834616634 0.532011634 -0.0028100295 0 0 0
volume_proxy 12 0.0402135894 -0.500259899 0.00847573499 0 0 0
volume_proxy 14 -1.2325439 0.963866283 -0.00130265967 0 0 0
volume_proxy 23 1.32420544 -0.781356289 0.00552282925 0 0 0
volume_proxy 38 0.752426071 -0.271377912 0.00365612756 0 0 0
volume_proxy 40 -0.464829003 -0.249178584 0.00552159252 0 0 0
volume_proxy 50 -0.87640198 -0.267780556 0.0087481934 0 0 0
volume_proxy 53 -0.362938821 0.838116357 -0.00927335026 0 0 0
volume_proxy 58 0.934948439 -0.780301444 0.00329673003 0 0 0
volume_proxy 60 0.580490607 0.699339489 -0.00489130383 0 0 0
volume_proxy 85 -0.83034122 -0.0899523352 -0.00941630396 0 0 0
volume_proxy 97 0.967843766 0.533120743 -0.00275607437 0 0 0
volume_proxy 107 1.1453993 0.902019541 0.00543569647 0 0 0
volume_proxy 127 -1.44368407 -0.043361134 0.00520433749 0 0 0
volume_proxy 130 0.67702905 0.132420272 -0.00750310166 0 0 0
volume_proxy 140 0.399534521 0.715649786 0.00151143325 0 0 0
volume_proxy 157 1.16881047 -0.158237666 -0.00294908167 0 0 0
volume_proxy 159 0.628129177 0.376649924 -0.00135642366 0 0 0
volume_proxy 161 0.715258381 0.327618064 -0.00746137767 0 0 0
volume_proxy 176 0.674683924 0.243728219 -0.00747561342 0 0 0
volume_proxy 186 -0.919257059 0.419327691 0.0038926574 0 0 0
volume_proxy 189 -0.526070046 0.945624127 -0.00891422964 0 0 0
volume_proxy 195 -0.428289979 -0.492149456 0.00122814527 0 0 0
volume_proxy 196 0.765284013 -0.775265302 -0.0048864851 0 0 0
volume_proxy 200 -0.44397285 -0.690840735 -0.00493703396 0 0 0
volume_proxy 202 -0.349577326 0.460893323 -0.00728524732 0 0 0
volume_proxy 209 -1.22104194 0.975235271 -0.00197833235 0 0 0
volume_proxy 210 -0.622169678 0.398587352 0.00282698301 0 0 0
volume_proxy 226 0.335723306 -0.818229804 -0.00175293121 0 0 0
volume_proxy 236 0.941911364 0.815944795 -0.0106678139 0 0 0
volume_proxy 247 1.16375321 0.724758712 -0.00865155162 0 0 0
volume_proxy 256 -0.512401454 0.992279165 -0.00710057738 0 0 0
volume_proxy 259 0.343872077 0.625329242 0.00782557055 0 0 0
volume_proxy 269 -0.568340228 -0.701500697 -0.00948467774 0 0 0
volume_proxy 277 -1.11914862 -0.183854657 0.00498645367 0 0 0
volume_proxy 296 -0.556159041 -0.715670831 -0.00460347558 0 0 0
volume_proxy 305 0.209955677 -0.125452499 0.00577725025 0 0 0
volume_proxy 310 0.495262588 -0.7404346 8.25870115e-05 0 0 0
volume_proxy 344 -1.24916547 0.973596579 0.0103045061 0 0 0
volume_proxy 347 -0.40550313 -0.100589735 0.00161548249 0 0 0
volume_proxy 356 0.371087347 0.760625012 0.00473998469 0 0 0
volume_proxy 375 1.0420128 -0.920108966 -0.00110777084 0 0 0
volume_proxy 388 0.171252731 0.248471871 -0.00592639292 0 0 0
volume_proxy 802 1.38195377 -0.316196301 0.00583629764 0 0 0
volume_proxy 1052 -0.839492676 -0.773626472 -0.000904757858 0 0 0
volume_proxy 1066 -0.109789863 0.427263531 0.0077848275 0 0 0
volume_proxy 1120 -0.710612288 0.072733363 -0.00038020662 0 0 0
volume_proxy 1166 -0.533201682 0.904349684 0.000919308964 0 0 0
volume_proxy 1169 1.0712369 -0.91662881 -0.0043275582 0 0 0
volume_proxy 1193 -1.19176195 -0.52027566 0.00449815285 0 0 0
volume_proxy 1225 -0.561682452 -0.348261927 0.00267201149 0 0 0
volume_proxy 1245 -1.49713827 0.738987305 0.000149808478 0 0 0
volume_proxy 1280 -1.35515584 0.208536235 -0.0030890038 0 0 0
volume_proxy 1285 -1.10520338 0.133497514 -0.00835787368 0 0 0
volume_proxy 1295 -0.477591887 0.724121987 0.00248986633 0 0 0
volume_proxy 1296 0.399868038 0.0404674413 0.0102602824 0 0 0
volume_proxy 1335 0.647035653 -0.732968304 -0.00584006529 0 0 0
volume_proxy 1340 1.09571905 0.00227005479 0.00716217298 0 0 0
volume_proxy 1380 0.284076038 0.324653632 -0.00247526973 0 0 0
volume_proxy 1386 0.0128968544 0.50948341 -0.00738909572 0 0 0
volume_proxy 1397 1.05494589 0.152161815 -0.0100948062 0 0 0
volume_proxy 1409 0.596901707 0.920289189 -0.00178577479 0 0 0
volume_proxy 1413 1.28388799 0.50937112 -0.00359801429 0 0 0
volume_proxy 1420 -1.24694506 -0.0520252937 -0.0080392223 0 0 0
volume_proxy 1422 1.01947867 -0.837415352 -0.00566063934 0 0 0
volume_proxy 1426 1.18113379 0.00998007472 0.00949356349 0 0 0
volume_proxy 1429 1.17286521 -0.352513634 0.00738895642 0 0 0
volume_proxy 1433 1.36652229 0.454733246 -0.00603081997 0 0 0
volume_proxy 1434 -0.291766495 -0.997737797 0.00454180173 0 0 0
volume_proxy 1437 0.0791588848 -0.024406696 -0.0033881371 0 0 0
volume_proxy 1439 -0.224763681 0.654758751 0.00566556579 0 0 0
volume_proxy 1440 1.08504703 -0.399778979 0.00969045511 0 0 0
volume_proxy 1447 0.868157313 -0.582945781 0.0031471498 0 0 0
volume_proxy 1459 -0.629847448 0.11868367 -0.0011239914 0 0 0
volume_proxy 1460 1.16176944 0.906255255 0.00713576712 0 0 0
volume_proxy 1461 -1.02213382 0.60900754 0.00163277313 0 0 0
volume_proxy 1466 -1.46844688 0.237244421 -0.000516132316 0 0 0
volume_proxy 1470 -1.34721232 -0.39901418 0.00978733487 0 0 0
volume_proxy 1471 -0.021395461 0.829058391 0.00767621633 0 0 0
volume_proxy 1472 -1.09634956 0.377211955 -0.00640831293 0 0 0
volume_proxy 1474 1.10090049 -0.862491388 0.00595910454 0 0 0
volume_proxy 1481 0.950925902 0.827751605 0.000207740069 0 0 0
volume_proxy 1482 0.639086577 -0.495994516 0.00201333149 0 0 0
volume_proxy 1485 0.228345448 -0.78282161 0.00153071894 0 0 0
volume_proxy 1486 1.23871064 -0.670672264 -0.00440185017 0 0 0
volume_proxy 1489 -0.371635199 0.125081153 -0.00628700974 0 0 0
volume_proxy 1490 1.39520289 0.928293414 0.00378658741 0 0 0
volume_proxy 1492 0.41905094 0.809759001 -0.0106661296 0 0 0
volume_proxy 1493 0.376854865 -0.0451946532 0.0021811498 0 0 0
volume_proxy 1494 0.958319676 0.611336764 0.00517208024 0 0 0
volume_proxy 1496 -1.18931969 0.0593055026 0.00479111773 0 0 0
volume_proxy 1498 -1.14261498 0.0901362346 0.0033316982 0 0 0
volume_proxy 1501 -0.856008726 -0.959568346 -0.00525695893 0 0 0
volume_proxy 1503 -0.037664852 0.0364445719 -0.00107007013 0 0 0
volume_proxy 1505 -0.176593772 0.799387899 0.00998815847 0 0 0
volume_proxy 1506 0.560620719 0.826581749 -0.00498059183 0 0 0
volume_proxy 1507 -1.13810241 -0.438924037 -0.00510101282 0 0 0
volume_proxy 1508 -0.58376103 -0.942598422 -0.00154137534 0 0 0
volume_proxy 1509 -1.20277943 0.697444738 0.00663652594 0 0 0
volume_proxy 1510 0.689645436 -0.191922911 0.00252384833 0 0 0
volume_proxy 1511 0.971580575 0.669060196 -0.00125989238 0 0 0
volume_proxy 1512 -1.22713074 0.820405318 0.00693073054 0 0 0
volume_proxy 1513 -0.738716935 0.858601213 0.00869131223 0 0 0
volume_proxy 1514 -1.48208255 0.491748096 0.0100011624 0 0 0
volume_proxy 1515 0.508003524 0.466307797 -0.00253134621 0 0 0
volume_proxy 1516 -0.810401195 -0.559192969 -0.00966929507 0 0 0
volume_proxy 1517 -0.941914622 -0.754581966 -0.0064212752 0 0 0
volume_proxy 1518 -1.19115629 -0.163583643 0.00463250553 0 0 0
volume_proxy 1519 -0.0781264361 -0.33823522 -0.00930898811 0 0 0
volume_proxy 1520 -0.171350913 -0.682263455 0.000827128553 0 0 0
