volume_proxy 0 0.328207456 -0.402949408 0.00692081229 0 0 0
volume_proxy 6 -0.188626016 0.68055896 -0.00427614143 0 0 0
volume_proxy 11 1.08768162 0.875829726 -0.00434906592 0 0 0
volume_proxy 12 1.34875312 -0.0913992519 0.00855848583 0 0 0
volume_proxy 14 -1.45756516 0.312597209 0.00453437876 0 0 0
volume_proxy 23 0.243282514 -0.18426883 -0.00515398242 0 0 0
volume_proxy 38 -0.9725568 -0.699264303 0.00651584825 0 0 0
volume_proxy 40 -0.782422325 0.149443675 0.00994375186 0 0 0
volume_proxy 50 -0.52895031 -0.150722337 -0.00469633044 0 0 0
volume_proxy 53 -1.47733409 0.997195922 -0.00676152732 0 0 0
volume_proxy 58 1.45542432 -0.516361706 0.00548440322 0 0 0
volume_proxy 60 -0.00342569981 0.662593653 -0.010558313 0 0 0
volume_proxy 85 -0.805818442 0.667483271 0.00506772422 0 0 0
volume_proxy 97 0.800071405 0.886670769 0.00567153926 0 0 0
volume_proxy 107 0.727123006 0.00143617317 -0.000439645769 0 0 0
volume_proxy 127 -1.10331009 -0.862524252 0.007312304 0 0 0
volume_proxy 130 0.900849656 -0.592042238 0.00838590679 0 0 0
volume_proxy 140 -0.709907824 0.277615637 -0.000640213543 0 0 0
volume_proxy 157 0.0421938312 -0.84970328 0.00396115789 0 0 0
volume_proxy 159 1.37142665 0.692010886 0.00535772862 0 0 0
volume_proxy 161 -0.31873874 0.0892808997 -0.00242320177 0 0 0
volume_proxy 176 1.3560925 0.373662135 -0.0051305124 0 0 0
volume_proxy 186 -0.97621461 -0.368097615 -0.00114153653 0 0 0
volume_proxy 189 -0.266842308 -0.247183695 0.00864256977 0 0 0
volume_proxy 195 -1.36831242 -0.842213121 -0.00268815852 0 0 0
volume_proxy 196 0.421345376 0.65618791 0.00814422794 0 0 0
volume_proxy 200 -1.37729443 0.367595657 -0.00111107404 0 0 0
volume_proxy 202 -0.0343066054 0.978015233 0.0050731291 0 0 0
volume_proxy 209 -0.793856486 0.0713814773 -0.00273494582 0 0 0
volume_proxy 210 0.0987160091 0.981209285 0.00402059869 0 0 0
volume_proxy 226 0.38401498 -0.753023307 0.010675063 0 0 0
volume_proxy 236 1.1263286 -0.995556575 -0.00531442924 0 0 0
volume_proxy 247 1.31504555 0.832178511 -0.00173015077 0 0 0
volume_proxy 256 -0.777239746 0.938130259 0.00691361711 0 0 0
volume_proxy 259 0.880901366 0.252339235 -0.00708284655 0 0 0
volume_proxy 269 -1.01550443 0.000356807569 -0.00327190623 0 0 0
volume_proxy 277 -0.295640255 -0.206709174 0.00168823241 0 0 0
volume_proxy 296 -1.3783831 0.498010835 -0.00990800641 0 0 0
volume_proxy 305 0.625194768 -0.199105632 0.00254550907 0 0 0
volume_proxy 310 0.550392332 0.271600236 -0.00955548803 0 0 0
volume_proxy 344 -1.41933102 -0.391292336 0.000966212864 0 0 0
volume_proxy 347 -0.283339165 0.489531142 0.00924542964 0 0 0
volume_proxy 356 -0.648387807 -0.0423516903 0.00681803261 0 0 0
volume_proxy 375 0.762754145 -0.52415265 -0.00662022838 0 0 0
volume_proxy 388 1.4493496 -0.25165455 -0.00438222837 0 0 0
volume_proxy 802 1.02921256 0.278673972 0.00364832188 0 0 0
volume_proxy 1052 -1.46932227 -0.63633664 -0.00988955369 0 0 0
volume_proxy 1066 0.0294166401 0.754238996 -0.00155953678 0 0 0
volume_proxy 1120 -0.565431877 0.669977492 0.000787832229 0 0 0
volume_proxy 1166 -0.989346646 -0.642119349 -0.00844879836 0 0 0
volume_proxy 1193 -1.38799926 -0.886611456 0.00105552021 0 0 0
volume_proxy 1225 -1.05102533 -0.446369747 -0.00727115179 0 0 0
volume_proxy 1245 -1.45113405 0.131316357 -0.0025699076 0 0 0
volume_proxy 1280 -0.505054302 0.914257516 -0.00266840496 0 0 0
volume_proxy 1285 -1.45282045 0.38724454 0.00498117914 0 0 0
volume_proxy 1295 0.797246178 -0.349543826 0.0029559519 0 0 0
volume_proxy 1296 -0.0885839511 -0.877631198 0.00836229238 0 0 0
volume_proxy 1340 0.768763034 0.653808062 -0.00979626963 0 0 0
volume_proxy 1380 -0.771871267 -0.0432165681 -0.00332674161 0 0 0
volume_proxy 1386 1.38217753 0.348232161 0.000450346259 0 0 0
volume_proxy 1397 0.348471544 0.721298893 -0.00796703314 0 0 0
volume_proxy 1409 -0.0961051858 0.402238843 -0.00938153026 0 0 0
volume_proxy 1413 1.48923392 0.987246293 -0.0080385896 0 0 0
volume_proxy 1422 0.393228609 -0.376118806 -0.0065400203 0 0 0
volume_proxy 1433 1.25174679 0.420619733 -0.00851832302 0 0 0
volume_proxy 1437 0.0923390502 -0.21292741 0.0101480678 0 0 0
volume_proxy 1459 -1.24105572 0.216726559 -0.00436287883 0 0 0
volume_proxy 1460 0.0350502581 0.921775705 -0.00377425433 0 0 0
volume_proxy 1461 -1.30602144 0.867310432 -0.00126340442 0 0 0
volume_proxy 1466 -0.346764964 0.459042062 0.00192818269 0 0 0
volume_proxy 1472 -1.38358958 0.628393535 0.0100675219 0 0 0
volume_proxy 1474 1.30033594 -0.107098895 0.00874855428 0 0 0
volume_proxy 1481 0.725625478 0.697208365 0.00681869518 0 0 0
volume_proxy 1482 1.10160986 0.696813923 0.00577193237 0 0 0
volume_proxy 1485 0.395485348 -0.350617843 0.00731176577 0 0 0
volume_proxy 1489 0.307442122 -0.727910925 0.00296493078 0 0 0
volume_proxy 1490 0.853131994 0.96890537 -0.000493889468 0 0 0
volume_proxy 1496 -1.41225554 0.913592447 -0.00536083432 0 0 0
volume_proxy 1498 -0.0752270748 0.181532062 -0.00820408319 0 0 0
volume_proxy 1503 -1.21954363 -0.893266647 0.000799728129 0 0 0
volume_proxy 1506 0.346563978 0.586136923 0.00764387137 0 0 0
volume_proxy 1507 -1.33259229 -0.0420761586 0.00460319443 0 0 0
volume_proxy 1508 -0.444327366 -0.145733678 0.00391581938 0 0 0
volume_proxy 1509 -1.24735097 -0.111222907 -0.00950868548 0 0 0
volume_proxy 1510 0.0658069084 -0.865401679 -0.00145217302 0 0 0
volume_proxy 1511 1.3413903 0.379631834 -0.00330131006 0 0 0
volume_proxy 1513 -1.17412481 0.840750389 -0.000945765703 0 0 0
volume_proxy 1515 0.67420239 -0.60877758 -0.00310556085 0 0 0
volume_proxy 1516 0.0694913705 -0.948905362 0.00486963062 0 0 0
volume_proxy 1517 -1.18695008 -0.123918015 -0.00550405827 0 0 0
volume_proxy 1519 0.014006449 -0.612619682 -0.00979296347 0 0 0
volume_proxy 1520 0.255755662 -0.213505964 0.0044939563 0 0 0
volume_proxy 1521 -1.41099341 -0.49931884 0.00104015914 0 0 0
volume_proxy 1523 0.222513565 -0.134746631 0.00103067246 0 0 0
volume_proxy 1525 -0.880403064 0.981117487 -0.00899491877 0 0 0
volume_proxy 1526 0.920301168 -0.558830812 0.00137423267 0 0 0
volume_proxy 1528 0.66355417 -0.54698724 -0.00757540575 0 0 0
volume_proxy 1529 -1.2263902 0.212920494 -0.00539065162 0 0 0
volume_proxy 1531 0.655835125 0.501724484 0.0092318769 0 0 0
volume_proxy 1533 1.32673177 0.00733458718 0.00540205477 0 0 0
volume_proxy 1534 0.388533232 0.4319362 -0.00790268766 0 0 0
volume_proxy 1535 0.908810437 0.667341068 -0.0084070863 0 0 0
volume_proxy 1536 -0.535297251 -0.640560151 0.00329895983 0 0 0
volume_proxy 1537 -0.457496617 -0.783832802 -0.00890308624 0 0 0
volume_proxy 1538 1.47570126 0.130540565 -0.00257060785 0 0 0
