volume_proxy 0 0.618015153 0.432946008 0.00895340159 0 0 0
volume_proxy 5 1.26283031 -0.725318998 0.00945641803 0 0 0
volume_proxy 6 -0.534871637 0.306640195 -0.00652679889 0 0 0
volume_proxy 11 0.935543584 0.635422088 -0.00745843363 0 0 0
volume_proxy 12 0.141761568 -0.514572743 0.00258196687 0 0 0
volume_proxy 14 -1.28503531 0.882443194 -0.00609105693 0 0 0
volume_proxy 23 1.31191417 -0.73851574 -0.0106146581 0 0 0
volume_proxy 38 0.681917862 -0.0988718019 -0.00336052852 0 0 0
volume_proxy 40 -0.380685169 -0.161989031 0.00577920334 0 0 0
volume_proxy 50 -1.09741565 -0.218863863 -0.00470024875 0 0 0
volume_proxy 53 -0.259884799 0.894796028 0.0045103025 0 0 0
volume_proxy 58 0.974404622 -0.734834246 0.0107271571 0 0 0
volume_proxy 60 0.652748281 0.606641261 -0.000784287796 0 0 0
volume_proxy 85 -0.828308167 -0.177339969 0.00424269783 0 0 0
volume_proxy 97 1.00197683 0.47420696 0.0045888369 0 0 0
volume_proxy 107 1.26386921 0.826358091 -0.000479455907 0 0 0
volume_proxy 127 -1.44586499 -0.186220742 0.00641736312 0 0 0
volume_proxy 130 0.631850689 0.0664953203 -0.000809200045 0 0 0
volume_proxy 140 0.390230511 0.63710681 -0.00838805688 0 0 0
volume_proxy 157 1.25521467 -0.167616198 0.00669551973 0 0 0
volume_proxy 159 0.748877387 0.402066412 -0.00629024144 0 0 0
volume_proxy 161 0.776780142 0.376264161 -0.00413247855 0 0 0
volume_proxy 176 0.681664193 0.338345397 0.00508356956 0 0 0
volume_proxy 186 -0.799473384 0.231721607 -0.0011456284 0 0 0
volume_proxy 189 -0.437941055 0.965124706 -0.00162178145 0 0 0
volume_proxy 195 -0.262164693 -0.352477437 -0.00325084862 0 0 0
volume_proxy 196 0.772340293 -0.853278247 -0.00550474705 0 0 0
volume_proxy 200 -0.493653073 -0.846768267 0.00755838671 0 0 0
volume_proxy 202 -0.454843902 0.497974852 -0.0011589909 0 0 0
volume_proxy 209 -1.28418279 0.916072268 -0.00992107172 0 0 0
volume_proxy 210 -0.58758279 0.382697214 0.00716540003 0 0 0
volume_proxy 226 0.489911481 -0.797364595 0.00876977658 0 0 0
volume_proxy 236 0.986173744 0.762644179 -0.00196112579 0 0 0
volume_proxy 247 1.228173 0.794461165 0.00521482943 0 0 0
volume_proxy 256 -0.401389736 0.909528964 -0.00901155815 0 0 0
volume_proxy 259 0.261640325 0.491511384 -0.00584592082 0 0 0
volume_proxy 269 -0.394311994 -0.739178428 -0.00504831523 0 0 0
volume_proxy 277 -1.17580435 -0.179384975 0.00379359369 0 0 0
volume_proxy 296 -0.366248498 -0.697500889 0.00102928087 0 0 0
volume_proxy 305 0.172702296 -0.0831038862 -0.00990519898 0 0 0
volume_proxy 310 0.803949046 -0.862872936 0.00617719913 0 0 0
volume_proxy 344 -1.14918351 0.853991716 0.000466712596 0 0 0
volume_proxy 347 -0.497014891 -0.27221256 0.00736426366 0 0 0
volume_proxy 356 0.20943296 0.786227487 0.0010758037 0 0 0
volume_proxy 375 1.06276135 -0.91517085 -0.00506217654 0 0 0
volume_proxy 388 0.0560394436 0.456064293 0.00455100047 0 0 0
volume_proxy 802 1.27928319 -0.23773869 0.00460687658 0 0 0
volume_proxy 1052 -0.672256744 -0.806535097 -0.00554258729 0 0 0
volume_proxy 1066 0.142463658 0.423461178 0.0105407377 0 0 0
volume_proxy 1120 -0.642652914 0.183275944 -0.00090316304 0 0 0
volume_proxy 1166 -0.541374541 0.936778674 -0.00722767756 0 0 0
volume_proxy 1169 0.924286232 -0.861565378 -0.0029705012 0 0 0
volume_proxy 1193 -1.22777244 -0.443914122 0.00171064632 0 0 0
volume_proxy 1225 -0.387146213 -0.248740883 -0.00118229287 0 0 0
volume_proxy 1245 -1.46175059 0.750081564 -0.00712642683 0 0 0
volume_proxy 1280 -1.22166304 0.232050403 -0.000722003666 0 0 0
volume_proxy 1285 -1.06399209 0.0985470502 0.00853795733 0 0 0
volume_proxy 1295 -0.619555422 0.710017718 0.00597175049 0 0 0
volume_proxy 1296 0.342371808 0.0339021358 0.00954466005 0 0 0
volume_proxy 1335 0.72731567 -0.76216185 0.00369732385 0 0 0
volume_proxy 1340 1.03714293 -0.0123450745 -0.00339845624 0 0 0
volume_proxy 1380 0.185992554 0.230480934 -0.00630981979 0 0 0
volume_proxy 1386 0.105854362 0.574838404 -0.00101070168 0 0 0
volume_proxy 1397 1.10026064 0.0401396042 -0.00186242436 0 0 0
volume_proxy 1409 0.588246849 0.805177677 7.33157982e-05 0 0 0
volume_proxy 1413 1.31655381 0.589492047 -0.00495270859 0 0 0
volume_proxy 1420 -1.29782292 -0.125781875 -0.00994407899 0 0 0
volume_proxy 1422 1.12610587 -0.778316621 0.00154397021 0 0 0
volume_proxy 1426 1.20774172 -0.00297678542 0.00626552765 0 0 0
volume_proxy 1429 1.17547218 -0.397965807 0.00889077615 0 0 0
volume_proxy 1433 1.28913661 0.552047776 -0.00978932407 0 0 0
volume_proxy 1434 -0.265183473 -0.982027087 0.00629902375 0 0 0
volume_proxy 1437 0.0888059163 -0.0692675582 -0.00290967355 0 0 0
volume_proxy 1439 -0.312434491 0.770997937 0.00026633101 0 0 0
volume_proxy 1440 1.21932667 -0.339121244 0.00662116792 0 0 0
volume_proxy 1447 0.801367462 -0.646718131 0.000178537707 0 0 0
volume_proxy 1459 -0.766776233 -0.0633573466 -0.000993690649 0 0 0
volume_proxy 1460 1.12722742 0.874708587 0.00328958638 0 0 0
volume_proxy 1461 -0.920948673 0.57088637 0.00629235098 0 0 0
volume_proxy 1466 -1.43734355 0.178469434 -0.0103988194 0 0 0
volume_proxy 1470 -1.3230545 -0.38942491 0.00626814772 0 0 0
volume_proxy 1471 -0.0213866585 0.786365524 0.00745239818 0 0 0
volume_proxy 1472 -1.12676217 0.401528699 -0.00785339412 0 0 0
volume_proxy 1474 1.06908117 -0.887912068 0.00707183653 0 0 0
volume_proxy 1481 1.01803718 0.681691469 0.0100594541 0 0 0
volume_proxy 1482 0.517850459 -0.369163434 -0.00437763493 0 0 0
volume_proxy 1485 0.191830445 -0.69914138 0.00190746433 0 0 0
volume_proxy 1486 1.22830619 -0.678527364 0.0067422027 0 0 0
volume_proxy 1489 -0.400902114 0.142975139 -0.0090857055 0 0 0
volume_proxy 1490 1.40652114 0.929955058 -0.0023790929 0 0 0
volume_proxy 1492 0.480277381 0.814635994 -0.0035661409 0 0 0
volume_proxy 1493 0.373251693 -0.00851242793 0.00568704499 0 0 0
volume_proxy 1494 0.9320822 0.636107156 0.00144531987 0 0 0
volume_proxy 1496 -1.16880925 0.199755658 0.00627071712 0 0 0
volume_proxy 1498 -1.13432639 0.0617048903 -0.00741773879 0 0 0
volume_proxy 1501 -0.864422019 -0.986397413 0.0070827466 0 0 0
volume_proxy 1503 0.109483622 0.0962702506 0.00299581556 0 0 0
volume_proxy 1505 -0.128942943 0.781729715 -0.00220544106 0 0 0
volume_proxy 1506 0.565682364 0.858374597 -0.00361804728 0 0 0
volume_proxy 1507 -1.02522066 -0.49281541 0.00576633845 0 0 0
volume_proxy 1508 -0.61063991 -0.889320722 -0.00814789991 0 0 0
volume_proxy 1509 -1.24943404 0.613456558 -0.00982088928 0 0 0
volume_proxy 1510 0.654924089 -0.223047745 -0.0058177299 0 0 0
volume_proxy 1511 0.967264695 0.721960477 0.00342687459 0 0 0
volume_proxy 1512 -1.21264176 0.793403733 -0.00247009141 0 0 0
volume_proxy 1513 -0.696902696 0.889936786 0.00247330215 0 0 0
volume_proxy 1514 -1.42375095 0.465194128 0.00856140137 0 0 0
volume_proxy 1515 0.524393567 0.536221948 -0.00132534426 0 0 0
volume_proxy 1516 -0.802648248 -0.546783523 -0.00790052479 0 0 0
volume_proxy 1517 -0.979966924 -0.76203311 -0.00612346149 0 0 0
volume_proxy 1518 -1.10449633 -0.139641639 -0.00715177625 0 0 0
volume_proxy 1519 -0.0359251776 -0.333567922 0.00591269635 0 0 0
volume_proxy 1520 -0.182823895 -0.69833286 0.00850096761 0 0 0
