volume_proxy 0 0.0512141257 0.48036069 -0.000991898589 0 0 0
volume_proxy 5 0.968356951 -0.474033534 0.00589328243 0 0 0
volume_proxy 6 -0.384544017 -0.290146309 0.00761613466 0 0 0
volume_proxy 11 1.32514873 0.813118447 0.00269592975 0 0 0
volume_proxy 12 0.401089441 -0.429620494 0.010735473 0 0 0
volume_proxy 14 -0.850989411 0.911610305 0.00596172246 0 0 0
volume_proxy 23 1.32523744 -0.992057117 0.0084675374 0 0 0
volume_proxy 38 0.270927784 -0.386000321 -0.00641034124 0 0 0
volume_proxy 40 -0.650964668 -0.467645513 0.00811403249 0 0 0
volume_proxy 50 -0.713516877 -0.414718369 0.00304308546 0 0 0
volume_proxy 53 -1.06428782 0.491352753 -0.0102748202 0 0 0
volume_proxy 58 1.0142519 -0.963378943 -0.00157034893 0 0 0
volume_proxy 60 0.186647553 0.497374305 -0.00529998381 0 0 0
volume_proxy 85 -0.722937199 0.800522332 0.00821245262 0 0 0
volume_proxy 97 0.980538381 0.881632589 -0.00403516682 0 0 0
volume_proxy 107 1.38621717 -0.281314084 -0.00793118711 0 0 0
volume_proxy 127 -1.06562828 -0.362526151 -0.00947555945 0 0 0
volume_proxy 130 0.75852936 0.852329534 0.00823028996 0 0 0
volume_proxy 140 -0.867766509 0.99969797 0.0012232752 0 0 0
volume_proxy 157 1.20709501 0.783834605 0.00202423875 0 0 0
volume_proxy 159 1.04047608 0.481908953 -0.0060989554 0 0 0
volume_proxy 161 1.00078956 0.734378066 0.00503165869 0 0 0
volume_proxy 176 0.930692586 0.0902812142 -0.000242308051 0 0 0
volume_proxy 186 -1.46486658 -0.268138696 -0.00647844984 0 0 0
volume_proxy 189 -0.979938999 0.701420913 0.00662484137 0 0 0
volume_proxy 195 -0.45458871 -0.466713284 0.00874486386 0 0 0
volume_proxy 196 0.615199625 0.117356199 -0.0107519359 0 0 0
volume_proxy 200 -0.151259759 -0.872928567 0.00470064932 0 0 0
volume_proxy 202 0.172261687 0.645934744 -0.00257046405 0 0 0
volume_proxy 209 -0.9220116 -0.510252732 0.00538368493 0 0 0
volume_proxy 210 -0.14726057 0.591692363 -0.0023422329 0 0 0
volume_proxy 226 0.475480189 -0.349707227 0.00269616352 0 0 0
volume_proxy 236 0.488789552 0.18226916 -0.00878966243 0 0 0
volume_proxy 247 0.66480659 0.830920608 0.00517656056 0 0 0
volume_proxy 256 -1.38288852 0.86029066 -0.00956554587 0 0 0
volume_proxy 259 0.833559037 0.247821249 0.00926530278 0 0 0
volume_proxy 269 -1.16315136 -0.0680752369 -0.000291570559 0 0 0
volume_proxy 277 -0.871208491 -0.155147484 -0.001730587 0 0 0
volume_proxy 296 -1.22941003 0.376453208 -0.0101499309 0 0 0
volume_proxy 305 1.46315144 -0.565268893 -0.00801034868 0 0 0
volume_proxy 310 -0.436013581 -0.955914513 -0.00837536298 0 0 0
volume_proxy 344 -1.2514781 0.746973145 -0.00666660692 0 0 0
volume_proxy 347 -0.163759123 0.874907708 0.00915070667 0 0 0
volume_proxy 356 -0.735063969 0.490553795 0.00619627382 0 0 0
volume_proxy 375 0.928432575 -0.743644634 -0.00632612518 0 0 0
volume_proxy 388 0.636884335 -0.171879745 -0.00109708274 0 0 0
volume_proxy 802 1.41674143 -0.262215419 0.00978763374 0 0 0
volume_proxy 1052 -1.1161507 -0.703667405 -0.00191690286 0 0 0
volume_proxy 1066 -0.678383319 0.231954968 0.00543131649 0 0 0
volume_proxy 1120 -0.187204322 0.372383509 -0.00106708638 0 0 0
volume_proxy 1166 -0.675932096 0.314822837 -0.00493900965 0 0 0
volume_proxy 1169 1.22565276 -0.904772681 0.00433688745 0 0 0
volume_proxy 1193 -1.48388205 -0.592234266 -0.0086896977 0 0 0
volume_proxy 1225 -0.239960769 -0.566285156 -0.00660319986 0 0 0
volume_proxy 1245 -1.1984038 -0.186717092 0.00183443128 0 0 0
volume_proxy 1280 -0.819286508 0.875780101 -0.000125866025 0 0 0
volume_proxy 1285 -1.22167888 0.0186487295 0.00393863915 0 0 0
volume_proxy 1295 -0.23482609 -0.0478392284 -0.00498781624 0 0 0
volume_proxy 1296 0.210640031 -0.540193606 0.0103143047 0 0 0
volume_proxy 1340 0.734577604 0.824565363 -0.00635976834 0 0 0
volume_proxy 1380 -0.365305071 0.810788953 0.0105084225 0 0 0
volume_proxy 1386 0.821099067 0.252278926 -0.00640542924 0 0 0
volume_proxy 1397 1.42518637 0.718185868 -0.00994635715 0 0 0
volume_proxy 1409 0.204356823 0.94974658 0.00659965713 0 0 0
volume_proxy 1413 0.846322134 0.790862221 0.00595625202 0 0 0
volume_proxy 1422 0.285044777 -0.505817508 -0.000854951736 0 0 0
volume_proxy 1433 1.03953523 0.994892028 -0.00464666649 0 0 0
volume_proxy 1434 -0.104559812 -0.998800882 0.00156422035 0 0 0
volume_proxy 1437 0.0309282123 -0.098559542 -0.00744119621 0 0 0
volume_proxy 1439 -0.080173955 0.78346719 -0.00479574077 0 0 0
volume_proxy 1447 0.89843352 -0.602924634 0.00612793934 0 0 0
volume_proxy 1459 -0.717011024 0.524297843 -0.00379300143 0 0 0
volume_proxy 1460 0.34055816 0.385581677 0.000477163051 0 0 0
volume_proxy 1461 -0.910535591 0.69780272 0.00844737788 0 0 0
volume_proxy 1466 -0.40173564 -0.0672500628 -0.00310957085 0 0 0
volume_proxy 1472 -0.879290516 0.48076048 0.00836527989 0 0 0
volume_proxy 1474 0.784781448 -0.901725347 -0.00657716374 0 0 0
volume_proxy 1481 1.0270366 0.335578587 0.0101107812 0 0 0
volume_proxy 1482 1.22279476 0.199702091 0.00289818244 0 0 0
volume_proxy 1485 0.441861563 -0.576905664 0.00652018582 0 0 0
volume_proxy 1489 -0.0976780963 -0.566820955 -0.00998610941 0 0 0
volume_proxy 1490 1.32403693 0.93896333 0.00696230541 0 0 0
volume_proxy 1492 0.447735737 0.454390676 0.00281724567 0 0 0
volume_proxy 1493 0.782693151 0.350728398 0.000265382276 0 0 0
volume_proxy 1494 1.1419881 -0.116368107 0.00705536049 0 0 0
volume_proxy 1496 -1.12908671 0.468407937 -0.0069497248 0 0 0
volume_proxy 1498 -0.122056054 0.418802382 0.0106156289 0 0 0
volume_proxy 1501 -0.45715284 -0.857919297 0.00741009236 0 0 0
volume_proxy 1503 0.157120487 0.0856363644 0.0106204366 0 0 0
volume_proxy 1506 0.110640231 0.983767064 -0.00529897444 0 0 0
volume_proxy 1507 -1.14896581 -0.331322811 0.00324087487 0 0 0
volume_proxy 1508 -0.746824294 -0.574425676 0.0101865643 0 0 0
volume_proxy 1509 -1.39565079 0.722596619 -0.00784542171 0 0 0
volume_proxy 1510 0.116879952 -0.775370104 -0.00888316196 0 0 0
volume_proxy 1511 1.26590373 0.458120072 0.00466551892 0 0 0
volume_proxy 1513 -1.38096719 0.384640958 0.000758929011 0 0 0
volume_proxy 1515 0.846525069 -0.117876644 -0.00350113266 0 0 0
volume_proxy 1516 -0.269261702 -0.895213276 0.00496031951 0 0 0
volume_proxy 1517 -1.04838368 -0.523202909 0.00560688821 0 0 0
volume_proxy 1519 0.305804197 -0.308560728 -0.0102856017 0 0 0
volume_proxy 1520 0.485969836 -0.341005234 -0.00824929003 0 0 0
volume_proxy 1521 -0.510347698 -0.109221408 0.0015199629 0 0 0
volume_proxy 1522 0.526774847 0.337018073 0.00377316357 0 0 0
volume_proxy 1523 1.29123239 -0.240661682 0.00246262799 0 0 0
volume_proxy 1525 -0.991773576 0.798267384 0.0094742664 0 0 0
volume_proxy 1526 1.09149575 -0.325680192 -0.00669087349 0 0 0
volume_proxy 1528 0.530140702 -0.587523141 0.0072651539 0 0 0
volume_proxy 1529 -1.00677197 -0.0147165032 -0.0105769861 0 0 0
volume_proxy 1530 -0.666472172 -0.323322637 -0.00802041633 0 0 0
