volume_proxy 0 1.42465853 0.0690493268 -0.00717739062 0 0 0
volume_proxy 5 0.360197563 0.376245086 -0.00648056571 0 0 0
volume_proxy 6 0.501256775 -0.0309798882 0.00014808808 0 0 0
volume_proxy 11 0.597250687 0.47189966 -0.0092512973 0 0 0
volume_proxy 12 1.17061265 -0.453823021 -0.00947134384 0 0 0
volume_proxy 14 0.0650519707 0.0459283983 0.00368399287 0 0 0
volume_proxy 23 -0.513134684 0.133170647 0.00721225044 0 0 0
volume_proxy 38 0.618095056 -0.374154605 -0.00892213051 0 0 0
volume_proxy 40 0.0655902828 -0.830586173 0.00570996148 0 0 0
volume_proxy 50 -0.71544209 -0.413643653 0.000446856119 0 0 0
volume_proxy 53 -0.441348789 -0.24165859 -0.00661863678 0 0 0
volume_proxy 58 1.06872988 -0.540160586 -0.00354428673 0 0 0
volume_proxy 60 0.260043833 0.842367789 -0.00554367807 0 0 0
volume_proxy 61 -0.0607489137 -0.987972201 -0.00110484682 0 0 0
volume_proxy 72 0.307670915 -0.322635222 0.00387189421 0 0 0
volume_proxy 81 -0.644658713 -0.898094979 0.00541521011 0 0 0
volume_proxy 85 -0.375098951 0.150404616 -0.0103568771 0 0 0
volume_proxy 88 -0.791872818 -0.508715928 0.0049324931 0 0 0
volume_proxy 97 1.47860204 -0.597689791 -0.00629148254 0 0 0
volume_proxy 101 -1.10255192 0.590575837 0.0069710989 0 0 0
volume_proxy 105 -0.0679773477 -0.867519724 -0.00483892175 0 0 0
volume_proxy 106 -0.0263304463 -0.883524306 0.00282670376 0 0 0
volume_proxy 107 0.980315473 0.1499172 -0.00075263001 0 0 0
volume_proxy 108 1.43345297 0.504466389 0.000467999156 0 0 0
volume_proxy 127 -0.803066115 0.430561617 0.00779456231 0 0 0
volume_proxy 130 0.967762297 0.232096843 -0.00540424065 0 0 0
volume_proxy 132 0.570535397 0.514520552 0.00194738867 0 0 0
volume_proxy 140 -0.317412762 0.419282233 -0.000180696862 0 0 0
volume_proxy 145 -1.24696817 -0.813072274 0.0106141576 0 0 0
volume_proxy 157 0.515769212 0.193373417 0.00656255321 0 0 0
volume_proxy 159 -0.0694917018 -0.695427229 -0.00448586498 0 0 0
volume_proxy 161 -0.213375044 0.00528438074 -0.00994091447 0 0 0
volume_proxy 176 0.386429562 -0.689232916 -0.0043603073 0 0 0
volume_proxy 178 -1.38527643 0.928600583 0.00582060274 0 0 0
volume_proxy 186 -0.0598630552 0.654743108 -0.00434662544 0 0 0
volume_proxy 189 -1.3050915 0.693028268 -0.00503178655 0 0 0
volume_proxy 195 -0.34376494 -0.187883492 0.0034155783 0 0 0
volume_proxy 196 0.416191846 0.287014861 -0.00421800875 0 0 0
volume_proxy 200 0.0903531548 -0.690599796 -0.000809227423 0 0 0
volume_proxy 202 -1.23975202 0.832390854 0.00284322883 0 0 0
volume_proxy 209 -0.984225645 -0.366460569 0.0105491948 0 0 0
volume_proxy 210 -0.580543929 0.0933202421 -0.00930933885 0 0 0
volume_proxy 224 0.72578006 -0.877110024 0.00575123411 0 0 0
volume_proxy 226 -0.700606116 -0.210040738 0.00622097498 0 0 0
volume_proxy 236 0.626239619 0.193255045 -0.00825507429 0 0 0
volume_proxy 244 1.35945628 0.609479614 0.00893874707 0 0 0
volume_proxy 247 0.547427079 0.127412897 0.00253670858 0 0 0
volume_proxy 256 -0.202256234 -0.343708157 0.00101919393 0 0 0
volume_proxy 259 0.248764469 -0.394706802 0.0104643614 0 0 0
volume_proxy 269 0.26855268 -0.818995159 -0.00242565146 0 0 0
volume_proxy 276 0.848867332 -0.0879692161 0.0091258853 0 0 0
volume_proxy 277 -0.506360156 -0.346672645 -0.00662621082 0 0 0
volume_proxy 294 0.727524247 0.223375475 -0.00846161699 0 0 0
volume_proxy 296 0.0743572458 -0.0194807737 -0.0103856134 0 0 0
volume_proxy 298 1.24542988 -0.717319775 -0.00167239294 0 0 0
volume_proxy 305 0.72715369 0.0533945503 0.00933176025 0 0 0
volume_proxy 310 1.37668279 0.457512487 -0.008885702 0 0 0
volume_proxy 311 1.45950955 -0.15906516 -0.00918590281 0 0 0
volume_proxy 329 -1.23609508 0.136336801 -0.007311675 0 0 0
volume_proxy 337 -0.8467821 0.438043864 -0.0102077626 0 0 0
volume_proxy 344 0.238112923 0.228349417 0.00671298068 0 0 0
volume_proxy 347 -0.438815777 -0.684310242 0.00821977367 0 0 0
volume_proxy 349 0.617690313 -0.210872057 -0.00606835188 0 0 0
volume_proxy 356 0.37960238 0.237973962 0.00198640506 0 0 0
volume_proxy 375 0.983353714 -0.177609186 0.00404836279 0 0 0
volume_proxy 388 -0.97645105 0.525215241 0.00219110489 0 0 0
volume_proxy 399 0.626888395 -0.442405261 -0.0106592378 0 0 0
volume_proxy 409 0.468437026 -0.825740694 -0.00119686653 0 0 0
volume_proxy 431 -1.49096682 -0.719586095 -0.00913363021 0 0 0
volume_proxy 512 0.217022994 -0.890599155 0.00878840229 0 0 0
volume_proxy 518 1.49646006 0.707878019 -0.00489983823 0 0 0
volume_proxy 591 -0.4589985 -0.00770323015 0.00411938014 0 0 0
volume_proxy 682 0.235772714 -0.57884738 0.0106827313 0 0 0
volume_proxy 725 -1.39127992 -0.935908162 0.00683447516 0 0 0
volume_proxy 751 -0.624993776 -0.986820096 0.00158556103 0 0 0
volume_proxy 802 1.06000569 -0.4989935 -0.00727793498 0 0 0
volume_proxy 876 -0.175307777 -0.273500678 -0.00210384434 0 0 0
volume_proxy 904 -0.422867048 0.636270173 0.00845120871 0 0 0
volume_proxy 914 0.0985034866 -0.610979341 0.00901872369 0 0 0
volume_proxy 929 -1.00803432 -0.620878139 0.00768818874 0 0 0
volume_proxy 944 0.577230845 -0.978113324 0.00737126946 0 0 0
volume_proxy 991 -1.09341289 -0.977156419 -0.00997506455 0 0 0
volume_proxy 1020 -1.33763079 0.743081936 -0.00499061576 0 0 0
volume_proxy 1021 -0.802470324 -0.887592226 0.00487108885 0 0 0
volume_proxy 1050 -1.39570217 -0.14539952 0.00164133036 0 0 0
volume_proxy 1052 -0.180144614 -0.091412306 0.0101537561 0 0 0
volume_proxy 1066 0.741433617 0.612478978 0.010344835 0 0 0
volume_proxy 1093 0.0879973559 -0.490682681 0.00694656244 0 0 0
volume_proxy 1098 0.572624397 0.945832895 -0.000165889252 0 0 0
volume_proxy 1118 -0.0720895823 -0.5462395 -0.010138024 0 0 0
volume_proxy 1120 -0.337883649 0.399244864 -0.00862610561 0 0 0
volume_proxy 1133 0.628101202 -0.797381199 0.00525194885 0 0 0
volume_proxy 1137 -0.365956931 0.129979342 0.000931813424 0 0 0
volume_proxy 1138 1.27758035 -0.890860323 0.00418108257 0 0 0
volume_proxy 1151 0.571364525 -0.968528281 -0.0090076348 0 0 0
volume_proxy 1166 -1.08082211 0.473545433 0.0037140787 0 0 0
volume_proxy 1169 1.42120524 -0.830652865 0.000277463059 0 0 0
volume_proxy 1172 -0.225997679 0.493742891 0.0065744519 0 0 0
volume_proxy 1180 -1.0528052 0.108672741 -0.00319640187 0 0 0
volume_proxy 1186 -0.808436812 -0.892482349 -0.00967154405 0 0 0
volume_proxy 1193 -0.83127794 -0.268344299 0.00601670143 0 0 0
volume_proxy 1195 -1.35963847 -0.374191891 0.00719739966 0 0 0
volume_proxy 1197 -0.591598978 -0.542098712 -0.00668029713 0 0 0
volume_proxy 1208 -0.582729983 -0.0667652235 -0.00696539183 0 0 0
volume_proxy 1209 -1.3082532 0.478712974 -0.00572722138 0 0 0
volume_proxy 1210 -1.05283235 0.902173841 -0.00511915428 0 0 0
volume_proxy 1217 -0.355213457 0.570388628 0.00418002894 0 0 0
volume_proxy 1219 -0.803682945 0.53195454 -0.00840301081 0 0 0
volume_proxy 1223 1.46695485 0.194905482 -0.00211020897 0 0 0
volume_proxy 1225 0.0917777997 -0.432214595 -0.00208468355 0 0 0
volume_proxy 1230 0.909536076 -0.266744745 0.00956451739 0 0 0
volume_proxy 1231 -1.4156409 -0.0894074421 0.00796674743 0 0 0
volume_proxy 1237 -0.0883902526 0.860987217 -0.00559275239 0 0 0
volume_proxy 1238 0.37678109 0.820652871 -0.00541166162 0 0 0
volume_proxy 1245 -1.35412247 0.945702362 0.00754583851 0 0 0
volume_proxy 1255 1.39823862 -0.798255603 -0.00217150755 0 0 0
volume_proxy 1259 -0.831519362 0.779122845 -0.00165107711 0 0 0
volume_proxy 1264 0.0695922769 -0.55360802 -0.00927155761 0 0 0
volume_proxy 1270 0.0406684107 0.0180747984 0.0092005378 0 0 0
volume_proxy 1273 -0.566033514 0.411476133 0.00478344361 0 0 0
volume_proxy 1280 -0.955100655 0.244359659 0.00466825784 0 0 0
volume_proxy 1285 -1.29728038 0.835705913 -0.00126850007 0 0 0
volume_proxy 1292 0.122990639 0.0746784 -0.00095829117 0 0 0
volume_proxy 1293 -0.316278085 -0.872580007 -0.0105311647 0 0 0
volume_proxy 1295 -1.41444738 0.600808937 -0.00346210593 0 0 0
volume_proxy 1296 0.173237706 -0.122646542 -0.0028706515 0 0 0
volume_proxy 1297 -0.07766942 -0.845036457 -0.00188682236 0 0 0
volume_proxy 1298 -1.24614014 -0.870899881 -0.00641224604 0 0 0
volume_proxy 1301 -0.328157852 0.861305378 -0.00423010132 0 0 0
volume_proxy 1303 -0.686568967 0.999725513 0.00590223225 0 0 0
volume_proxy 1308 -0.200643749 0.398470163 0.00119449358 0 0 0
volume_proxy 1315 -1.11048828 -0.65555966 0.00515516212 0 0 0
volume_proxy 1318 0.842319027 -0.488602986 0.00951343293 0 0 0
volume_proxy 1325 -0.315133862 -0.609100624 -0.00977333733 0 0 0
volume_proxy 1326 -0.419885695 -0.00432041704 -0.00593853347 0 0 0
volume_proxy 1330 0.434202111 0.133790242 0.000950048442 0 0 0
volume_proxy 1331 0.231715401 0.141793998 0.00497393473 0 0 0
volume_proxy 1334 -1.36874854 -0.103167418 -0.00203001876 0 0 0
volume_proxy 1335 0.450613106 -0.323427462 -0.00676118593 0 0 0
volume_proxy 1336 0.500226639 -0.113399286 -0.00657059715 0 0 0
volume_proxy 1340 0.2470729 0.752789684 -0.00782307481 0 0 0
volume_proxy 1341 -0.942682361 -0.33037745 0.00768677578 0 0 0
volume_proxy 1345 0.382935048 -0.802887752 -0.00222732894 0 0 0
volume_proxy 1347 -0.142169274 0.445235211 -0.00015752537 0 0 0
volume_proxy 1348 1.0511567 -0.673817414 0.00452924329 0 0 0
volume_proxy 1349 -1.33867979 -0.304794441 -0.00257893456 0 0 0
volume_proxy 1354 -0.307309737 -0.146824595 -0.00462369903 0 0 0
volume_proxy 1357 -1.38721545 -0.106686424 -0.00886632913 0 0 0
volume_proxy 1358 -0.464093307 -0.369309751 -0.00057383985 0 0 0
volume_proxy 1360 -1.47759108 -0.892024947 0.00686768983 0 0 0
volume_proxy 1361 1.24769484 0.930291467 -0.00614534572 0 0 0
volume_proxy 1366 0.956434151 0.45121275 -0.00512768838 0 0 0
volume_proxy 1367 -0.613948543 -0.742644579 0.00363282833 0 0 0
volume_proxy 1368 0.855129438 -0.995914545 -0.00435184113 0 0 0
volume_proxy 1369 0.919760875 0.957732932 0.0105937557 0 0 0
volume_proxy 1378 0.467885552 -0.535938019 0.0013750124 0 0 0
volume_proxy 1379 0.490519219 0.473560063 -0.00836576498 0 0 0
volume_proxy 1380 -0.378319552 0.70725141 -0.0103095318 0 0 0
volume_proxy 1381 0.728952825 0.394876806 0.00129324971 0 0 0
volume_proxy 1382 -0.208738801 -0.041190528 -0.0104032115 0 0 0
volume_proxy 1383 -1.37172455 0.536450445 0.00145511069 0 0 0
volume_proxy 1384 0.379157472 0.150309842 0.00709341237 0 0 0
volume_proxy 1385 0.935258079 0.836039105 -0.00224201363 0 0 0
volume_proxy 1386 0.712563804 0.597924945 -0.00619734344 0 0 0
volume_proxy 1388 0.14361715 0.107929176 -0.000240978573 0 0 0
volume_proxy 1389 -0.0390283354 0.671826194 -0.000732349474 0 0 0
volume_proxy 1390 -1.42943609 0.370616397 0.0090290184 0 0 0
volume_proxy 1391 0.721349071 -0.0567312632 -0.00107255068 0 0 0
volume_proxy 1392 -0.311620102 -0.888436092 0.00524246142 0 0 0
volume_proxy 1395 1.25914807 0.0592545023 0.0103817322 0 0 0
volume_proxy 1396 -0.991488815 -0.850503747 -0.00393055128 0 0 0
volume_proxy 1397 -0.487025144 0.623626605 0.0105282376 0 0 0
volume_proxy 1398 -1.0518515 0.253017525 -0.00167662764 0 0 0
volume_proxy 1401 0.884116773 0.608329297 0.0103020616 0 0 0
volume_proxy 1403 0.64420612 0.0286590456 -0.00294871015 0 0 0
volume_proxy 1405 0.770725326 0.183276649 -0.00200463659 0 0 0
volume_proxy 1406 -0.147607608 -0.421629994 0.00261146319 0 0 0
volume_proxy 1407 1.37137139 0.227815662 0.00514928895 0 0 0
volume_proxy 1408 0.122425629 0.615904684 -0.00413587142 0 0 0
volume_proxy 1409 0.954967107 0.427456059 -0.00186704832 0 0 0
volume_proxy 1410 0.250950415 0.268878444 0.0091696584 0 0 0
volume_proxy 1411 0.851595822 0.843286819 0.010031931 0 0 0
volume_proxy 1412 1.03442144 -0.295529436 -0.0106002277 0 0 0
volume_proxy 1413 0.980580009 0.730477367 0.00167090784 0 0 0
volume_proxy 1414 0.94858306 0.770113364 0.00581870796 0 0 0
