volume_proxy 0 1.12813318 -0.147524565 -0.00916034374 0 0 0
volume_proxy 4 1.01856875 0.552491436 0.00216973397 0 0 0
volume_proxy 5 -0.421299089 0.300696622 0.00876903492 0 0 0
volume_proxy 6 1.46450431 0.362585822 -0.00349525104 0 0 0
volume_proxy 11 -0.402463128 0.727126871 0.006510864 0 0 0
volume_proxy 12 0.429766557 -0.138420708 -0.00279255373 0 0 0
volume_proxy 13 -1.24047825 -0.710151681 0.000702781777 0 0 0
volume_proxy 14 0.28271529 0.316736135 0.00540852279 0 0 0
volume_proxy 15 -0.285885997 -0.75963878 0.000623776734 0 0 0
volume_proxy 23 -0.602622813 -0.382138378 0.00592024553 0 0 0
volume_proxy 36 0.526270715 0.943013435 -0.00392812558 0 0 0
volume_proxy 38 0.398525432 0.0419948738 -0.00419619441 0 0 0
volume_proxy 40 -0.0745680053 -0.940759448 -0.00354580942 0 0 0
volume_proxy 47 1.11518413 -0.184479321 -0.00892392355 0 0 0
volume_proxy 49 0.0939280363 -0.700719645 0.00130842184 0 0 0
volume_proxy 50 -0.188207557 -0.675478906 0.00142511362 0 0 0
volume_proxy 52 -0.985413546 -0.341410039 -0.0088839302 0 0 0
volume_proxy 53 0.307569198 -0.35121003 0.00983615682 0 0 0
volume_proxy 57 -1.27637641 0.278926433 -0.00626013286 0 0 0
volume_proxy 58 0.509541675 -0.732503951 -0.00797142835 0 0 0
volume_proxy 59 -0.684562045 0.835853541 0.00952124972 0 0 0
volume_proxy 60 -0.242837181 0.74671348 -0.0105191778 0 0 0
volume_proxy 61 -1.49013725 -0.363025189 0.00704331868 0 0 0
volume_proxy 62 0.0503932839 0.240085844 -0.0079584163 0 0 0
volume_proxy 69 -0.951599236 -0.052413101 0.000295943688 0 0 0
volume_proxy 72 0.378685895 -0.127350198 0.000991671589 0 0 0
volume_proxy 81 -1.21917416 0.210212283 -0.00217581462 0 0 0
volume_proxy 85 -0.419888756 0.354192525 -0.00907301443 0 0 0
volume_proxy 87 1.25822429 0.85406249 0.0097477843 0 0 0
volume_proxy 88 -0.995405255 0.1569625 0.00591631383 0 0 0
volume_proxy 97 1.23160316 -0.0189786058 -0.0106388358 0 0 0
volume_proxy 101 -0.919880524 0.758687404 -0.0100330609 0 0 0
volume_proxy 102 0.292825578 -0.397640845 -0.00188955118 0 0 0
volume_proxy 105 -0.553854705 -0.560622675 0.00583380959 0 0 0
volume_proxy 106 -0.269574438 -0.759389378 0.00777285234 0 0 0
volume_proxy 107 0.215003296 0.266928297 0.00466421434 0 0 0
volume_proxy 108 1.15680847 -0.384418123 0.0100855055 0 0 0
volume_proxy 113 -0.503483838 -0.158039717 -0.00810632961 0 0 0
volume_proxy 125 -0.786756486 -0.0604369039 0.00794510617 0 0 0
volume_proxy 126 -0.198951753 -0.734833973 -0.00702032712 0 0 0
volume_proxy 127 0.287294824 0.0679793736 0.000703977146 0 0 0
volume_proxy 130 1.25797991 0.122146845 -0.00771348146 0 0 0
volume_proxy 132 0.617965685 0.820601037 -0.00158535629 0 0 0
volume_proxy 135 0.608741472 -0.985568843 7.11011433e-05 0 0 0
volume_proxy 140 -0.704896337 0.773680397 0.00828805862 0 0 0
volume_proxy 145 -0.742555212 -0.54376999 -0.00485941962 0 0 0
volume_proxy 149 -1.09153258 0.855356751 -0.00831756533 0 0 0
volume_proxy 157 0.697363249 0.448714976 0.000827759624 0 0 0
volume_proxy 159 -1.00134958 -0.61812764 -0.00325812328 0 0 0
volume_proxy 161 -0.198507076 0.0347820215 -0.0024345153 0 0 0
volume_proxy 163 -1.40590167 0.208922544 -0.00811539651 0 0 0
volume_proxy 169 1.16842297 0.178045862 -0.00102052984 0 0 0
volume_proxy 176 0.15141089 0.129837553 0.00925571328 0 0 0
volume_proxy 178 -0.696850237 -0.0990586255 0.00684960376 0 0 0
volume_proxy 186 -0.373202352 -0.121978302 -0.0104416748 0 0 0
volume_proxy 189 -0.823630578 0.298582656 -0.00793492241 0 0 0
volume_proxy 194 0.217899619 -0.840567334 -5.6549459e-06 0 0 0
volume_proxy 195 -0.769649129 0.411016244 0.00112621895 0 0 0
volume_proxy 196 0.649528776 0.561820011 0.000834299974 0 0 0
volume_proxy 198 1.09232721 -0.704360255 0.00358722881 0 0 0
volume_proxy 200 -1.08357802 -0.361718424 -0.00651920827 0 0 0
volume_proxy 201 -1.22206555 0.291945946 0.0089482361 0 0 0
volume_proxy 202 -0.774106641 0.40940802 -0.00968722235 0 0 0
volume_proxy 208 -1.20291236 0.34361517 -0.00984785517 0 0 0
volume_proxy 209 -0.911104827 -0.287625884 0.00369291091 0 0 0
volume_proxy 210 0.14368945 0.0806357678 0.00503221918 0 0 0
volume_proxy 213 0.0360756747 0.0393876606 0.00230808144 0 0 0
volume_proxy 223 -1.12086408 0.218457335 -0.00289722756 0 0 0
volume_proxy 224 1.49678032 -0.8671572 0.00121467897 0 0 0
volume_proxy 226 -0.799137204 -0.724568846 -0.00553855074 0 0 0
volume_proxy 228 -0.0754801423 0.184399016 -0.00410077307 0 0 0
volume_proxy 230 0.582565565 0.983548552 0.00195696665 0 0 0
volume_proxy 232 0.58592314 0.360248321 0.00363336379 0 0 0
volume_proxy 236 0.856624229 0.0559491569 -0.00228733736 0 0 0
volume_proxy 237 0.343387734 0.997400015 0.00430419651 0 0 0
volume_proxy 242 1.11035239 0.50955296 0.00151017135 0 0 0
volume_proxy 244 0.765683131 0.872232058 0.00792769563 0 0 0
volume_proxy 247 1.15517486 -0.243220352 0.00115734109 0 0 0
volume_proxy 251 0.496731281 0.640842146 0.00346385923 0 0 0
volume_proxy 256 0.254363596 -0.74013507 -0.000649526576 0 0 0
volume_proxy 257 -0.101872896 0.288596749 0.00276893494 0 0 0
volume_proxy 258 0.497628983 -0.112733864 0.00729318354 0 0 0
volume_proxy 259 0.575666093 0.468003752 0.00280036424 0 0 0
volume_proxy 269 1.02995437 -0.0315989636 -0.000382364602 0 0 0
volume_proxy 271 -1.29608937 0.73261219 -0.00915127787 0 0 0
volume_proxy 273 1.4303701 0.352203365 -0.0101765817 0 0 0
volume_proxy 276 0.362909406 0.0828213435 0.00843878489 0 0 0
volume_proxy 277 -0.237779755 -0.542396277 -0.0096837169 0 0 0
volume_proxy 279 -0.522931007 -0.503006607 0.00155896577 0 0 0
volume_proxy 281 -1.4581937 0.950253122 0.00669439121 0 0 0
volume_proxy 284 -0.962399643 0.845651483 -0.00596012802 0 0 0
volume_proxy 285 -0.640634852 -0.665513514 0.00813830506 0 0 0
volume_proxy 294 -0.0726175663 0.771268725 0.00240713759 0 0 0
volume_proxy 296 0.384780929 -0.586909545 0.00185473854 0 0 0
volume_proxy 297 1.06478524 0.0421412536 -0.00620750421 0 0 0
volume_proxy 298 0.961621429 -0.626162425 0.00825424108 0 0 0
volume_proxy 305 0.0619903243 -0.134199024 -0.00347206414 0 0 0
volume_proxy 309 1.09174151 0.846383027 -0.00477380068 0 0 0
volume_proxy 310 0.677475383 0.206517327 -0.00889112161 0 0 0
volume_proxy 311 0.333300753 -0.893929843 0.0044026781 0 0 0
volume_proxy 314 -0.413702036 0.298074229 0.00530450218 0 0 0
volume_proxy 315 -0.167876379 0.165976562 -0.0077644983 0 0 0
volume_proxy 319 0.180525734 -0.769885928 0.000136667645 0 0 0
volume_proxy 321 -0.415086291 -0.895678794 -0.00842221888 0 0 0
volume_proxy 322 0.603840372 0.521472298 0.00511566697 0 0 0
volume_proxy 324 -0.912058251 -0.984812949 -0.010211942 0 0 0
volume_proxy 329 -0.206474653 0.857742391 0.0107705834 0 0 0
volume_proxy 335 -1.15122014 -0.237223314 -0.00594458713 0 0 0
volume_proxy 337 -0.755640231 0.687186301 -0.00985820133 0 0 0
volume_proxy 338 -0.404300051 -0.0666774652 0.00444138371 0 0 0
volume_proxy 339 -0.80917658 -0.423370304 0.00581675783 0 0 0
volume_proxy 343 -0.27012612 0.876009243 0.00262670271 0 0 0
volume_proxy 344 0.520255181 0.270052002 -0.00737942802 0 0 0
volume_proxy 345 -0.891534393 -0.154819254 0.00980791478 0 0 0
volume_proxy 347 0.143922806 -0.38387817 0.00547666051 0 0 0
volume_proxy 349 0.449477236 0.100304754 -0.0101615251 0 0 0
volume_proxy 356 0.656735998 0.7188126 0.0077429812 0 0 0
volume_proxy 358 1.31970317 0.739520595 -0.0048578949 0 0 0
volume_proxy 370 1.26589381 0.424449139 0.00875029388 0 0 0
volume_proxy 371 -1.01431944 0.160338505 0.00749785517 0 0 0
volume_proxy 375 0.923052602 0.216585479 -0.000203651317 0 0 0
volume_proxy 377 0.697730786 0.374612982 -0.00852670724 0 0 0
volume_proxy 380 -0.65703526 -0.54378148 -0.00990954077 0 0 0
volume_proxy 383 0.81738203 -0.909900772 -0.00793687844 0 0 0
volume_proxy 384 -0.182169098 0.990405238 -0.00970773759 0 0 0
volume_proxy 388 -1.42956044 -0.110753952 -0.00179152507 0 0 0
volume_proxy 393 1.34426915 -0.0396991309 0.00629423644 0 0 0
volume_proxy 396 -0.86161945 0.819216213 0.00219282308 0 0 0
volume_proxy 397 0.996045658 0.233954634 -0.00190460889 0 0 0
volume_proxy 399 1.10147853 -0.930331075 -0.00744060088 0 0 0
volume_proxy 400 0.0769150054 -0.564356723 0.00788110774 0 0 0
volume_proxy 402 -0.88595914 -0.754318776 -0.00188558274 0 0 0
volume_proxy 409 -0.546263754 -0.652025835 0.00740894291 0 0 0
volume_proxy 412 1.4880286 -0.595897376 -0.00700167688 0 0 0
volume_proxy 415 -0.701291385 -0.754780085 0.00403187547 0 0 0
volume_proxy 418 -0.690226864 -0.241916524 -0.0100142791 0 0 0
volume_proxy 425 -0.0668766203 -0.2828801 -0.00110925887 0 0 0
volume_proxy 431 -1.39596985 -0.831927949 -0.00121422216 0 0 0
volume_proxy 435 -0.999319826 -0.982678555 -0.010166429 0 0 0
volume_proxy 442 0.0678750449 -0.340200308 -0.00572862774 0 0 0
volume_proxy 463 -0.100097825 -0.610911772 0.000836013131 0 0 0
volume_proxy 470 1.34697195 0.511877752 -0.000906867776 0 0 0
volume_proxy 497 -1.22975025 -0.930055542 0.00358703581 0 0 0
volume_proxy 502 0.999155743 -0.186354644 -0.00487812209 0 0 0
volume_proxy 512 0.343928919 -0.812036942 -0.00678876226 0 0 0
volume_proxy 513 0.531547476 0.110710449 -0.00657368945 0 0 0
volume_proxy 518 1.26915045 -0.61510231 -0.000595976251 0 0 0
volume_proxy 544 0.710018328 0.700043776 -0.000759885362 0 0 0
volume_proxy 547 1.24087224 0.889424925 0.000964991859 0 0 0
volume_proxy 549 0.440647808 -0.896689085 -0.00882275754 0 0 0
volume_proxy 559 1.28984717 0.785702002 -0.0032393724 0 0 0
volume_proxy 572 0.0927482726 -0.111359382 0.00986238184 0 0 0
volume_proxy 578 -0.905655501 0.881852736 0.00118760709 0 0 0
volume_proxy 581 1.2216536 0.668405971 0.00269190084 0 0 0
volume_proxy 591 -0.750340726 0.700659301 0.003620053 0 0 0
volume_proxy 594 -1.03401855 0.502688286 -0.00778447535 0 0 0
volume_proxy 608 -0.44683873 -0.455999975 -0.00855325561 0 0 0
volume_proxy 615 0.853905397 -0.422185093 0.00304421374 0 0 0
volume_proxy 616 1.3716601 0.171811328 -0.000346224324 0 0 0
volume_proxy 626 1.13849046 0.104109623 0.00562824331 0 0 0
volume_proxy 637 -1.2679837 -0.997346552 0.00547600365 0 0 0
volume_proxy 647 -0.155301425 0.885041429 0.00911531508 0 0 0
volume_proxy 665 -0.946875205 -0.991914118 0.00617725525 0 0 0
volume_proxy 669 1.11175708 -0.213117357 -0.00495695176 0 0 0
volume_proxy 682 0.08131179 0.912024735 -0.00913387903 0 0 0
volume_proxy 693 -0.445986002 0.712146595 -0.00472467158 0 0 0
volume_proxy 698 -0.119751659 0.751958037 -0.00503111813 0 0 0
volume_proxy 702 -0.188021485 -0.0892021942 0.00231359369 0 0 0
volume_proxy 703 -0.892307882 0.201082228 -0.00414988254 0 0 0
volume_proxy 704 1.13207165 0.146887074 0.00851724356 0 0 0
volume_proxy 708 -1.05180502 0.533017678 0.0074158067 0 0 0
volume_proxy 722 0.684683489 0.575012681 0.0018957706 0 0 0
volume_proxy 725 -1.4630059 -0.914618866 -0.00812303487 0 0 0
volume_proxy 751 0.245926257 -0.717444075 -0.00498322499 0 0 0
volume_proxy 757 0.0355407706 0.23461231 0.00996187446 0 0 0
volume_proxy 781 -0.845658452 0.0982312203 -0.00240597171 0 0 0
volume_proxy 795 0.604395467 -0.821014561 0.00365992119 0 0 0
volume_proxy 797 -1.21442959 -0.353972033 -0.00738339564 0 0 0
volume_proxy 800 -1.21983056 0.874570356 -0.00718512388 0 0 0
volume_proxy 802 0.489531419 0.0723931705 0.00973503856 0 0 0
volume_proxy 804 0.118868802 -0.06307001 -0.00627617497 0 0 0
volume_proxy 810 0.817532532 0.023150092 -0.0086477818 0 0 0
volume_proxy 811 0.553459962 0.588519335 0.00461371423 0 0 0
volume_proxy 812 0.880329687 0.511308197 0.00690446383 0 0 0
volume_proxy 814 1.18913109 0.0097172108 -0.00276340684 0 0 0
volume_proxy 822 0.268497784 -0.864745989 0.00835992652 0 0 0
volume_proxy 825 1.44334515 0.524749626 0.010601446 0 0 0
volume_proxy 833 -0.336935782 0.0483530751 0.0107402514 0 0 0
volume_proxy 835 -0.095587204 -0.821091857 -0.00642105324 0 0 0
volume_proxy 839 -0.211249629 -0.163481016 -0.00455204379 0 0 0
volume_proxy 846 1.39111272 0.0421282583 -0.00997622563 0 0 0
volume_proxy 848 -1.00637527 -0.175058419 0.00193679456 0 0 0
volume_proxy 854 -0.293834721 0.861019707 0.00456451709 0 0 0
volume_proxy 856 1.07479174 0.533682419 -0.00804256428 0 0 0
volume_proxy 869 1.27730869 0.732302191 -0.000892522402 0 0 0
volume_proxy 876 -0.0738595761 -0.547448315 -0.00947522209 0 0 0
volume_proxy 878 1.40557999 -0.55751758 -0.00801380671 0 0 0
volume_proxy 883 0.0695205078 0.917788064 -0.00504749959 0 0 0
volume_proxy 889 -1.40583022 0.550862957 0.00776405181 0 0 0
volume_proxy 896 1.3266178 0.464476602 -0.00531561386 0 0 0
volume_proxy 902 -0.063994963 0.699586671 -0.00828953515 0 0 0
volume_proxy 903 0.394614076 0.711754699 0.00915685065 0 0 0
volume_proxy 904 -1.02815401 0.643420978 -0.00109422997 0 0 0
volume_proxy 906 1.05064564 0.561511428 -0.0098366773 0 0 0
volume_proxy 910 -1.41587436 0.646049388 0.00849590679 0 0 0
volume_proxy 912 1.40480644 0.210526002 0.00777650765 0 0 0
volume_proxy 913 -1.16989023 -0.976650515 0.00116415999 0 0 0
volume_proxy 914 0.00762155669 -0.89789825 -0.00564261307 0 0 0
volume_proxy 915 -0.423154266 -0.3574976 -0.000113346745 0 0 0
volume_proxy 924 -0.553214676 0.36098391 -0.0037089837 0 0 0
volume_proxy 926 -0.116016298 0.217127103 0.00985219493 0 0 0
volume_proxy 929 -0.598429579 -0.864318449 -0.00274573472 0 0 0
volume_proxy 931 0.0629816306 -0.0671625909 0.00711903047 0 0 0
volume_proxy 935 -1.35693803 0.380776301 0.010563433 0 0 0
volume_proxy 939 0.911540658 0.890665186 0.00914887694 0 0 0
volume_proxy 944 0.55659797 -0.997575041 0.000331970194 0 0 0
volume_proxy 945 -0.727278682 0.404351841 0.00874633427 0 0 0
volume_proxy 948 -0.261959967 0.0288295655 0.00840483543 0 0 0
volume_proxy 949 -0.589413516 -0.023245818 0.00829830609 0 0 0
volume_proxy 953 -0.559913129 -0.858279815 -0.00759521285 0 0 0
volume_proxy 963 -0.721036911 0.523257954 0.00154302851 0 0 0
volume_proxy 966 -0.518857706 0.885895034 -0.00761542281 0 0 0
volume_proxy 969 -0.970230298 -0.0598306755 -0.0100043981 0 0 0
volume_proxy 973 -0.171229491 -0.0147945552 -0.00481108212 0 0 0
volume_proxy 974 0.494135657 -0.805554153 -0.00767676813 0 0 0
volume_proxy 977 -1.12205376 -0.260138038 0.0107025009 0 0 0
volume_proxy 979 -0.11355059 0.742485169 -0.000171598335 0 0 0
volume_proxy 981 -0.155473963 0.220904583 0.0015402722 0 0 0
volume_proxy 983 1.1618994 -0.326803778 -0.0079360082 0 0 0
volume_proxy 984 1.48223764 0.648665751 -0.0101526748 0 0 0
volume_proxy 985 -0.54741677 -0.870300651 0.00116793612 0 0 0
volume_proxy 990 -1.18212157 0.442933666 0.0103160278 0 0 0
volume_proxy 991 -0.53865894 -0.205617217 -0.00554411843 0 0 0
volume_proxy 992 -0.16874212 0.258692652 -0.00148454995 0 0 0
volume_proxy 997 1.23811802 0.0600500147 -0.00772435085 0 0 0
volume_proxy 999 -0.700587206 -0.26509102 0.00873575873 0 0 0
volume_proxy 1001 0.606651893 0.942064854 -0.00724532162 0 0 0
volume_proxy 1007 -1.15779673 -0.637705186 0.000259039814 0 0 0
volume_proxy 1008 0.290738603 -0.615684933 0.00670697991 0 0 0
volume_proxy 1012 0.860389782 -0.0369831394 -0.00769993274 0 0 0
volume_proxy 1016 1.05250986 -0.794403119 0.0104395455 0 0 0
volume_proxy 1017 0.645468356 -0.695380099 0.00819580973 0 0 0
volume_proxy 1018 -0.949400358 -0.656711012 -0.0022872576 0 0 0
volume_proxy 1019 -0.79211898 -0.785438007 0.000717596899 0 0 0
volume_proxy 1020 -0.815733365 0.521914093 0.00929698001 0 0 0
volume_proxy 1021 -0.909642909 -0.450084594 0.000564753408 0 0 0
volume_proxy 1023 0.919632549 0.30511555 -0.00652227167 0 0 0
volume_proxy 1024 1.12627281 0.739139755 0.00951971634 0 0 0
volume_proxy 1028 -1.42590606 -0.672573361 -0.00109911798 0 0 0
volume_proxy 1029 1.02270035 0.79754761 -0.00725721671 0 0 0
volume_proxy 1030 0.567377028 0.496612887 0.0026704297 0 0 0
volume_proxy 1031 1.13070963 -0.583369453 -0.00387784785 0 0 0
volume_proxy 1032 1.2780874 0.231814737 0.00544863703 0 0 0
volume_proxy 1033 0.855712492 0.901421485 -0.0047528416 0 0 0
volume_proxy 1035 0.291445876 -0.414755185 -0.0034364803 0 0 0
volume_proxy 1036 0.92448681 -0.316813236 -0.00386636384 0 0 0
volume_proxy 1040 -0.957325708 -0.783835947 0.00915972063 0 0 0
volume_proxy 1041 0.210009188 0.340846279 -0.00124804503 0 0 0
volume_proxy 1042 0.82000336 0.146135508 -0.00338708258 0 0 0
volume_proxy 1046 0.105990681 -0.110227336 0.000534443149 0 0 0
volume_proxy 1050 -0.626531926 -0.468269653 0.0050693462 0 0 0
volume_proxy 1052 -0.627716557 0.134204955 0.00919706942 0 0 0
volume_proxy 1053 -0.39810457 -0.853109248 -0.00151013405 0 0 0
volume_proxy 1056 -1.45755726 0.891881793 0.00482562027 0 0 0
volume_proxy 1057 0.00426744139 -0.481201899 0.00958088713 0 0 0
volume_proxy 1061 -0.441506409 -0.399286081 0.00673057772 0 0 0
volume_proxy 1062 0.681686999 0.407905486 -0.0107296475 0 0 0
volume_proxy 1065 -1.3726089 -0.522861805 -0.0106620398 0 0 0
volume_proxy 1066 0.866686075 0.107119724 -0.0055294909 0 0 0
volume_proxy 1067 0.870971824 -0.314231484 0.00416287937 0 0 0
volume_proxy 1069 -0.798173583 0.406458227 0.00880019586 0 0 0
volume_proxy 1070 -1.17799027 0.480662005 0.00313195285 0 0 0
volume_proxy 1072 -0.595680111 0.862419027 0.00985606318 0 0 0
volume_proxy 1075 -0.299719057 0.419837792 0.00351394549 0 0 0
volume_proxy 1077 -0.972437468 0.995205694 0.00535374577 0 0 0
volume_proxy 1078 -1.08983904 0.824029144 -0.00427470431 0 0 0
volume_proxy 1079 -0.0162862659 -0.0836659138 -0.00822725107 0 0 0
volume_proxy 1085 -0.0917314356 -0.233600914 0.0011431523 0 0 0
volume_proxy 1086 1.0229677 -0.575182462 0.0107258211 0 0 0
volume_proxy 1089 -0.900151506 0.761981826 0.00516198531 0 0 0
volume_proxy 1091 0.276272038 0.204324469 0.00692794472 0 0 0
volume_proxy 1092 0.107236101 0.0451279519 0.0012331276 0 0 0
volume_proxy 1093 0.223136451 -0.643583239 -0.00444721333 0 0 0
volume_proxy 1094 -1.49945313 0.827626817 -0.00864522377 0 0 0
volume_proxy 1096 0.366997592 0.414040957 -0.000371769498 0 0 0
volume_proxy 1098 0.478335634 0.585816075 0.00987086651 0 0 0
volume_proxy 1102 1.14835109 0.630689093 -0.00819350356 0 0 0
volume_proxy 1106 0.873632868 -0.608916489 -0.00761883735 0 0 0
volume_proxy 1107 -0.237639612 0.264092397 -0.00143013333 0 0 0
volume_proxy 1108 1.18747652 0.606114124 -0.00186638374 0 0 0
volume_proxy 1109 1.0920431 -0.844161979 -0.0013809182 0 0 0
volume_proxy 1110 0.829567381 -0.952808248 -0.00560343428 0 0 0
volume_proxy 1111 -0.395401853 -0.195257525 0.0103246377 0 0 0
volume_proxy 1112 -0.7492189 0.98347631 0.00455467266 0 0 0
volume_proxy 1113 1.27598468 0.198123788 -0.00831038068 0 0 0
volume_proxy 1114 -1.10328868 0.120930061 0.00192187349 0 0 0
volume_proxy 1117 0.669838391 -0.239374454 -0.00726163635 0 0 0
volume_proxy 1118 0.306958131 -0.508109528 -0.00871031592 0 0 0
volume_proxy 1119 -1.28561928 0.543793406 0.000734914248 0 0 0
volume_proxy 1120 -0.0548533251 0.20588424 -0.00435805046 0 0 0
volume_proxy 1123 -1.37062457 0.829165535 0.00330150411 0 0 0
volume_proxy 1127 0.592990416 0.665342687 0.00885589632 0 0 0
volume_proxy 1128 -0.667345837 0.0838621004 -0.0107516851 0 0 0
volume_proxy 1129 1.1198082 0.80805286 -0.00505070959 0 0 0
volume_proxy 1130 -0.749102448 0.303149589 0.00799738914 0 0 0
volume_proxy 1131 -1.0144433 0.101451503 0.00438713238 0 0 0
volume_proxy 1132 0.546853347 0.105408205 0.00805645996 0 0 0
volume_proxy 1133 1.45499487 -0.604219571 -0.00623922763 0 0 0
volume_proxy 1134 0.989244416 0.707998436 -0.005295439 0 0 0
volume_proxy 1135 -0.877790353 -0.996498126 0.00603720216 0 0 0
volume_proxy 1136 -1.02379406 -0.801937869 0.00943014773 0 0 0
volume_proxy 1137 -0.700415073 -0.159495681 -0.008319436 0 0 0
volume_proxy 1138 1.30551922 -0.661092674 -0.0100147728 0 0 0
volume_proxy 1139 1.42583227 -0.580123684 0.00294413299 0 0 0
volume_proxy 1143 -0.369641223 0.0266643487 0.000379185716 0 0 0
volume_proxy 1144 0.503468746 -0.993200661 -0.00374257376 0 0 0
volume_proxy 1145 -0.632056208 -0.951928349 -0.00184192155 0 0 0
volume_proxy 1146 -0.2163091 0.158651753 0.00993538854 0 0 0
volume_proxy 1147 -0.154614115 0.0323113699 -0.000144565447 0 0 0
volume_proxy 1148 -0.00358257606 -0.313376071 -0.0069825904 0 0 0
volume_proxy 1149 -0.56956898 0.570269826 0.00301518825 0 0 0
volume_proxy 1150 -0.360624333 -0.670792656 -0.00155085357 0 0 0
volume_proxy 1151 0.789154204 -0.675128658 -0.00849121771 0 0 0
volume_proxy 1152 0.178984302 0.773917878 -0.00945663151 0 0 0
volume_proxy 1156 -0.989622587 0.536942449 0.0104232384 0 0 0
volume_proxy 1157 -0.223805571 0.277446614 0.00307855529 0 0 0
volume_proxy 1159 -0.443155695 0.947971957 0.00416329083 0 0 0
volume_proxy 1160 -0.343073504 0.868973255 0.00489203608 0 0 0
volume_proxy 1161 0.666393709 -0.803184107 -0.00503544821 0 0 0
volume_proxy 1163 1.37765054 0.39280206 -0.0102394484 0 0 0
volume_proxy 1164 1.31124292 0.454855294 0.00479572394 0 0 0
volume_proxy 1165 -0.234031734 -0.696297407 -0.00152220888 0 0 0
volume_proxy 1166 -1.41578573 0.342006718 0.00997886055 0 0 0
volume_proxy 1167 -1.44277381 0.22097523 0.00520128829 0 0 0
volume_proxy 1168 0.298049426 -0.255119103 0.00271950185 0 0 0
volume_proxy 1169 1.48781545 -0.367368453 0.00310972685 0 0 0
volume_proxy 1170 -1.45207201 0.279157968 0.00312226482 0 0 0
volume_proxy 1171 -0.388028303 0.340589738 0.00483274735 0 0 0
volume_proxy 1172 -0.268834205 0.273634472 -0.00955077831 0 0 0
volume_proxy 1173 0.628182385 0.513810844 0.0106364005 0 0 0
volume_proxy 1174 0.498901073 0.0243634514 -0.00341697429 0 0 0
