volume_proxy 0 1.18825975 -0.231593689 -0.000434740821 0 0 0
volume_proxy 4 1.37221506 0.905699472 -0.00109706542 0 0 0
volume_proxy 5 0.275198046 0.874474885 0.0100224894 0 0 0
volume_proxy 6 1.40043618 -0.106970444 0.00258153678 0 0 0
volume_proxy 11 0.401113444 0.931417203 -0.00968841967 0 0 0
volume_proxy 12 0.766054293 -0.074808461 -0.0075108589 0 0 0
volume_proxy 14 0.697859683 0.575788962 0.00715578539 0 0 0
volume_proxy 23 -0.819439688 -0.056180454 -0.00877071316 0 0 0
volume_proxy 38 0.255883144 -0.663030853 -0.0076008456 0 0 0
volume_proxy 40 0.118487566 -0.311189945 -0.00718326717 0 0 0
volume_proxy 50 -0.121022311 -0.855904397 -0.00975613835 0 0 0
volume_proxy 53 -0.0561134247 -0.778557338 -0.0101303874 0 0 0
volume_proxy 58 1.16632357 -0.325484527 0.00925114803 0 0 0
volume_proxy 60 -0.330964873 0.377099429 -0.00235339376 0 0 0
volume_proxy 61 -0.220842807 -0.733895806 -0.000228048858 0 0 0
volume_proxy 72 0.633935538 -0.0891997842 -0.00550948763 0 0 0
volume_proxy 81 -1.26820505 0.128570229 -0.0073668708 0 0 0
volume_proxy 85 -0.614758903 0.179161333 0.000736529749 0 0 0
volume_proxy 88 -0.424752334 0.0367466083 -0.00464410791 0 0 0
volume_proxy 97 1.04114401 -0.392349946 -0.00817419337 0 0 0
volume_proxy 101 -1.39973096 0.607511035 -0.00665618468 0 0 0
volume_proxy 105 -0.05194142 -0.817486996 -0.00319812566 0 0 0
volume_proxy 106 -0.832559273 -0.899751347 -0.00316919091 0 0 0
volume_proxy 107 0.624990239 0.478874476 -0.00877556605 0 0 0
volume_proxy 108 1.47901853 0.195347132 0.00178646258 0 0 0
volume_proxy 126 -0.346630836 -0.979711909 0.00690533137 0 0 0
volume_proxy 127 -0.640984592 -0.0138897759 -0.0101352665 0 0 0
volume_proxy 130 1.24662547 0.592961536 -0.00829029352 0 0 0
volume_proxy 132 0.978921103 0.71196495 0.00129741701 0 0 0
volume_proxy 135 -0.361743345 -0.869600545 0.00113254641 0 0 0
volume_proxy 140 -0.791741426 0.80544172 0.000915976553 0 0 0
volume_proxy 145 -0.941401587 -0.435842941 -0.00845649765 0 0 0
volume_proxy 157 0.494043325 0.172794346 -0.00696150736 0 0 0
volume_proxy 159 -0.80185515 -0.75149792 -0.00237806326 0 0 0
volume_proxy 161 -0.608761606 0.569009473 8.59354143e-05 0 0 0
volume_proxy 169 0.848984958 0.782319604 -0.010790293 0 0 0
volume_proxy 176 0.322225913 -0.486436466 -0.00571075406 0 0 0
volume_proxy 178 -1.38717406 0.478498878 0.00450938965 0 0 0
volume_proxy 186 -0.11469166 0.52439463 0.00653697323 0 0 0
volume_proxy 189 -1.45164333 0.471102784 0.00661916589 0 0 0
volume_proxy 195 -0.385515118 0.4379313 0.00272249861 0 0 0
volume_proxy 196 1.05775961 0.558785133 0.00662834936 0 0 0
volume_proxy 198 1.0999202 -0.983386854 -0.0105352967 0 0 0
volume_proxy 200 -0.689274331 -0.435459528 0.00304268112 0 0 0
volume_proxy 202 -0.928804335 0.912439693 0.00552946706 0 0 0
volume_proxy 209 -1.05821151 -0.540286983 -0.00479788216 0 0 0
volume_proxy 210 0.117109518 0.530637516 -0.00419021191 0 0 0
volume_proxy 224 0.662541192 -0.863630359 -0.00940818811 0 0 0
volume_proxy 226 -0.733256944 -0.902440107 -0.00581041112 0 0 0
volume_proxy 236 0.481710919 0.184785237 0.00489539376 0 0 0
volume_proxy 237 0.295671017 0.40630649 0.00302585072 0 0 0
volume_proxy 244 0.974775152 0.566130052 -0.00125251114 0 0 0
volume_proxy 247 1.43751916 -0.213981199 0.00364083853 0 0 0
volume_proxy 256 0.0819363157 -0.655022443 0.00455653077 0 0 0
volume_proxy 258 0.784386873 0.119961979 0.00427382495 0 0 0
volume_proxy 259 0.72118798 0.549816296 -0.00959732765 0 0 0
volume_proxy 269 0.538868386 -0.301687589 0.00344689414 0 0 0
volume_proxy 276 0.713920002 -0.572270173 0.00674315932 0 0 0
volume_proxy 277 -0.477908396 -0.823621533 0.0106428409 0 0 0
volume_proxy 279 0.507858301 0.258670138 0.00757892759 0 0 0
volume_proxy 294 0.496826943 0.625061667 0.00339763929 0 0 0
volume_proxy 296 0.192914545 -0.478022488 -0.00832879819 0 0 0
volume_proxy 298 0.428446029 -0.554467232 -0.00119224854 0 0 0
volume_proxy 305 0.271820725 -0.0113925719 -0.00504928235 0 0 0
volume_proxy 310 0.906939718 0.514243144 -0.00864843218 0 0 0
volume_proxy 311 1.06253949 -0.24687013 0.00421510593 0 0 0
volume_proxy 314 -0.232056579 0.302333357 0.00867642585 0 0 0
volume_proxy 329 -0.548189569 0.80847272 0.00768970685 0 0 0
volume_proxy 337 -1.22500512 0.375414036 0.00990126861 0 0 0
volume_proxy 344 0.687063996 0.414379392 0.000924246282 0 0 0
volume_proxy 345 -1.01211811 0.642213622 0.00309489582 0 0 0
volume_proxy 347 -0.451411711 -0.611037939 0.00793531759 0 0 0
volume_proxy 349 0.414184183 0.0224342924 0.00864589765 0 0 0
volume_proxy 356 0.102633416 0.917849691 -0.00660791738 0 0 0
volume_proxy 358 1.36578677 0.821060522 0.00527930056 0 0 0
volume_proxy 370 0.785988997 0.798742066 0.00434058917 0 0 0
volume_proxy 375 1.01187551 -0.330329843 0.00639463438 0 0 0
volume_proxy 388 -1.31765045 0.215850115 0.00649595958 0 0 0
volume_proxy 399 0.434061972 -0.656562241 0.00349732725 0 0 0
volume_proxy 409 -0.0287282319 -0.864584183 -0.000289410126 0 0 0
volume_proxy 412 0.860927492 -0.76525793 0.00489243157 0 0 0
volume_proxy 431 -1.1651644 -0.660956423 0.00633088256 0 0 0
volume_proxy 497 -1.38355952 -0.702889664 0.00202391868 0 0 0
volume_proxy 512 0.168070284 -0.856185468 0.000953849637 0 0 0
volume_proxy 518 1.33183173 -0.17833287 0.00917196794 0 0 0
volume_proxy 591 0.107354585 0.422981139 -4.31290141e-05 0 0 0
volume_proxy 616 0.836932555 0.802732294 0.010151966 0 0 0
volume_proxy 637 -0.9867555 -0.625749172 0.00904503794 0 0 0
volume_proxy 669 1.27425341 -0.833728473 0.00341999561 0 0 0
volume_proxy 682 0.10203085 -0.0241963847 0.00613478544 0 0 0
volume_proxy 725 -1.23542287 -0.441108059 0.0020863459 0 0 0
volume_proxy 751 -0.277053972 -0.97752055 0.00231021607 0 0 0
volume_proxy 802 1.24294643 -0.185204286 -0.00303276957 0 0 0
volume_proxy 814 0.713068324 -0.316456222 -0.00362858306 0 0 0
volume_proxy 876 -0.228284281 -0.58471436 0.00808869251 0 0 0
volume_proxy 883 0.472179814 0.416216362 -0.00856394284 0 0 0
volume_proxy 902 -0.104896796 0.15358645 -0.00869196295 0 0 0
volume_proxy 904 -0.885175396 0.630729953 -0.00268813497 0 0 0
volume_proxy 914 0.658278776 -0.736039083 0.000626364183 0 0 0
volume_proxy 915 -0.507017331 -0.08014348 0.00536493953 0 0 0
volume_proxy 926 -0.596811156 0.146331828 0.0050335829 0 0 0
volume_proxy 929 -0.818446938 -0.441376336 0.000148730903 0 0 0
volume_proxy 944 0.403970139 -0.280643757 0.00676443527 0 0 0
volume_proxy 991 -0.994306817 -0.727925447 0.00375873043 0 0 0
volume_proxy 1001 -0.223604547 0.971096436 0.00311805083 0 0 0
volume_proxy 1020 -1.04353983 0.31560384 0.00670129466 0 0 0
volume_proxy 1021 -0.895535949 -0.839643207 -0.0085270842 0 0 0
volume_proxy 1042 1.0092503 0.666342046 -0.00668820179 0 0 0
volume_proxy 1050 -0.955539992 -0.279904258 -0.00896133717 0 0 0
volume_proxy 1052 -0.491232555 0.0853441523 -0.000325756405 0 0 0
volume_proxy 1062 0.361425369 0.420655036 0.00194331723 0 0 0
volume_proxy 1066 0.682565685 0.588458815 0.00792231377 0 0 0
volume_proxy 1093 -0.24695538 -0.68346398 0.00547913154 0 0 0
volume_proxy 1098 0.2620093 0.930558451 0.0009850419 0 0 0
volume_proxy 1102 1.18367707 0.910498051 -0.00912436004 0 0 0
volume_proxy 1113 0.961920875 0.828759177 -0.00366041857 0 0 0
volume_proxy 1117 0.807512651 0.17872203 0.0103011295 0 0 0
volume_proxy 1118 -0.200438433 -0.41900801 -0.0025851048 0 0 0
volume_proxy 1120 -0.12400028 0.622302141 -0.00269985421 0 0 0
volume_proxy 1133 0.698990601 -0.944372968 0.00788392254 0 0 0
volume_proxy 1137 -0.687477784 0.354623975 -0.00564915813 0 0 0
volume_proxy 1138 1.2482887 -0.814133728 -0.00230098872 0 0 0
volume_proxy 1147 0.798510626 0.354599155 0.000803735339 0 0 0
volume_proxy 1151 0.538286577 -0.996154076 0.00875458929 0 0 0
volume_proxy 1166 -1.13395433 0.572423541 -0.00840636667 0 0 0
volume_proxy 1168 -0.498416328 -0.954787995 9.31383827e-06 0 0 0
volume_proxy 1169 1.44480527 -0.901740723 0.00013301773 0 0 0
volume_proxy 1172 -0.200857709 0.225363815 0.000807272938 0 0 0
volume_proxy 1179 0.676878825 0.280887928 -0.0102039666 0 0 0
volume_proxy 1180 -0.80048134 0.367551351 -0.00639563001 0 0 0
volume_proxy 1182 -0.0601490599 0.901771589 0.00238724336 0 0 0
volume_proxy 1186 -0.48451848 -0.18832765 0.00190564932 0 0 0
volume_proxy 1191 1.07676639 0.835584942 -0.0061135351 0 0 0
volume_proxy 1193 -1.04910971 0.0727807429 0.0085535954 0 0 0
volume_proxy 1195 -1.44406235 -0.348420391 -0.00778251754 0 0 0
volume_proxy 1197 -0.878754438 -0.619985393 -0.00218863205 0 0 0
volume_proxy 1198 0.0363897781 0.567378206 -0.00376163577 0 0 0
volume_proxy 1206 0.722854839 0.338366436 0.0026738204 0 0 0
volume_proxy 1208 -0.349839367 -0.00869145196 0.010539364 0 0 0
volume_proxy 1209 -1.44828917 0.262245552 0.00427211214 0 0 0
volume_proxy 1210 -1.38895673 0.906151543 -0.00163288384 0 0 0
volume_proxy 1214 -0.568615733 0.41387648 -0.0102334444 0 0 0
volume_proxy 1217 -0.613005831 0.429156879 0.00883306809 0 0 0
volume_proxy 1219 -0.818146822 0.511752296 0.00245496362 0 0 0
volume_proxy 1220 0.604760858 0.478290881 0.0028467916 0 0 0
volume_proxy 1223 1.47420508 0.51208456 0.00568402297 0 0 0
volume_proxy 1225 -0.242754767 0.0258259878 0.00639380271 0 0 0
volume_proxy 1229 1.42943766 0.968942719 -0.00748959471 0 0 0
volume_proxy 1230 1.1541346 -0.78941172 0.00824224356 0 0 0
volume_proxy 1231 -0.726472406 0.105047261 0.00333002564 0 0 0
volume_proxy 1237 0.720143908 0.686930117 0.00916471144 0 0 0
volume_proxy 1238 0.725751197 0.930080056 0.00676128628 0 0 0
volume_proxy 1245 -1.38541995 0.973684873 0.000773546736 0 0 0
volume_proxy 1252 0.557552698 -0.704337456 0.00230452145 0 0 0
volume_proxy 1255 1.18437241 -0.342514288 -0.0102581423 0 0 0
volume_proxy 1259 -1.15143089 0.942032297 -0.0036329538 0 0 0
volume_proxy 1260 0.451266355 0.546566502 -0.00586749722 0 0 0
volume_proxy 1261 -0.384708565 0.895983903 0.00347074013 0 0 0
volume_proxy 1262 1.17538839 0.43005117 0.00687332439 0 0 0
volume_proxy 1263 0.547625305 -0.253243285 -0.00519522978 0 0 0
volume_proxy 1264 0.42530263 -0.30542479 0.00518075711 0 0 0
volume_proxy 1270 0.350869953 -0.140534927 0.00300172218 0 0 0
volume_proxy 1273 -0.79015366 0.902165779 0.000753741855 0 0 0
volume_proxy 1276 1.12422307 0.519755014 0.00700024418 0 0 0
volume_proxy 1277 1.48145915 0.242773911 -0.00597109255 0 0 0
volume_proxy 1280 -1.2838899 0.202393569 -0.00390074643 0 0 0
volume_proxy 1281 -0.565842523 -0.78264064 -0.000714006807 0 0 0
volume_proxy 1285 -0.999171475 0.936583364 0.00545744989 0 0 0
volume_proxy 1289 0.557190053 -0.433154293 0.0103060699 0 0 0
volume_proxy 1290 -1.45486523 -0.748677171 -0.00841219343 0 0 0
volume_proxy 1291 -0.158975027 0.868495071 0.00302287295 0 0 0
volume_proxy 1292 -0.115907413 0.234197267 0.00206930165 0 0 0
volume_proxy 1293 -0.33618866 -0.700083542 -0.00949728321 0 0 0
volume_proxy 1294 1.3995804 0.721729923 0.00457310274 0 0 0
volume_proxy 1295 -1.14936015 0.331630113 -0.00605085825 0 0 0
volume_proxy 1296 -0.221295216 -0.295441801 0.00683525638 0 0 0
volume_proxy 1297 -0.30991825 -0.489601432 -0.0076995073 0 0 0
volume_proxy 1298 -0.741043435 -0.907369945 -0.00247052085 0 0 0
volume_proxy 1299 -0.610517939 0.123216023 -0.00430365383 0 0 0
volume_proxy 1300 -1.39494995 0.798646292 -0.000955002423 0 0 0
volume_proxy 1301 -1.07368601 0.86275772 0.00114044491 0 0 0
volume_proxy 1303 -0.903597496 0.358786151 0.00329200228 0 0 0
volume_proxy 1308 -0.506673936 0.00171152034 0.0051787625 0 0 0
volume_proxy 1309 0.117027146 -0.498606074 0.000142439027 0 0 0
volume_proxy 1312 0.919820446 -0.670228209 0.00946900907 0 0 0
volume_proxy 1314 0.157655126 0.340389949 -0.00994362105 0 0 0
volume_proxy 1315 -0.713444737 -0.726025189 0.00850558162 0 0 0
volume_proxy 1317 1.39131523 0.298079026 0.007584038 0 0 0
volume_proxy 1318 1.06975611 -0.710929332 -0.00761487249 0 0 0
volume_proxy 1320 -0.342036505 -0.923392869 0.00025405383 0 0 0
volume_proxy 1321 -1.24774365 0.0633622665 0.00412320701 0 0 0
volume_proxy 1322 0.762102641 -0.596513537 0.0103476678 0 0 0
volume_proxy 1324 0.830817739 0.971153221 0.00301806238 0 0 0
volume_proxy 1325 -0.181875281 -0.209592705 -0.00139836978 0 0 0
volume_proxy 1326 -0.00444031264 -0.0942857132 -0.00170398592 0 0 0
volume_proxy 1328 -0.91015691 0.512985568 0.00815809854 0 0 0
volume_proxy 1329 0.893789564 0.652438378 -0.00590200173 0 0 0
volume_proxy 1330 -0.0175018714 0.332050248 2.61679044e-05 0 0 0
volume_proxy 1331 0.326120919 0.520800273 -0.00615144064 0 0 0
volume_proxy 1332 1.01234466 0.501959694 0.00218396907 0 0 0
volume_proxy 1333 1.12127763 0.305809352 -0.0106551791 0 0 0
volume_proxy 1334 -1.1718152 -0.565434127 0.00653470063 0 0 0
volume_proxy 1335 0.280112537 0.120180841 -0.00378105805 0 0 0
volume_proxy 1336 0.635901695 -0.0819237065 -0.00842518457 0 0 0
volume_proxy 1337 -0.667385691 0.625677137 0.00557910004 0 0 0
volume_proxy 1340 0.42975655 0.330459095 -0.00817658815 0 0 0
volume_proxy 1341 -1.02787202 -0.826388307 -0.00202801007 0 0 0
volume_proxy 1342 -0.822510619 -0.658151161 -0.0104466174 0 0 0
volume_proxy 1345 0.570858022 -0.869570454 0.00259162414 0 0 0
volume_proxy 1346 0.0227311157 0.822868163 -0.00820107018 0 0 0
volume_proxy 1347 -0.157966906 0.62248443 0.000770160093 0 0 0
volume_proxy 1348 0.581016437 -0.534849096 -0.00113652331 0 0 0
volume_proxy 1349 -1.20090125 -0.143697741 -0.00963425615 0 0 0
volume_proxy 1350 0.630387187 -0.3617643 -0.00450197779 0 0 0
volume_proxy 1351 0.840059386 0.583893089 0.00127294593 0 0 0
volume_proxy 1353 1.42809256 0.0516510954 -0.00967316884 0 0 0
volume_proxy 1354 -0.286278489 0.0676106103 0.00362891076 0 0 0
volume_proxy 1355 -0.249519989 -0.110292829 0.00822824147 0 0 0
volume_proxy 1356 0.220034769 0.443741992 -0.0100237523 0 0 0
volume_proxy 1357 -1.4663955 0.274126511 0.00142384469 0 0 0
volume_proxy 1358 -1.04978423 -0.270857801 -0.0057446097 0 0 0
