volume_proxy 0 0.294652138 -0.330650196 0.0056076178 0 0 0
volume_proxy 6 -0.691341315 0.810141286 -0.00294157964 0 0 0
volume_proxy 11 1.49926234 0.722400908 -0.00594663987 0 0 0
volume_proxy 12 0.924546873 0.0690666968 -0.00594713856 0 0 0
volume_proxy 14 -1.10907548 0.74738864 0.00861999301 0 0 0
volume_proxy 23 0.717270953 -0.377460165 0.0030448829 0 0 0
volume_proxy 38 -0.99413428 -0.972911916 -0.00523439976 0 0 0
volume_proxy 40 -0.873061438 0.329927781 0.0013235215 0 0 0
volume_proxy 50 -0.748962056 -0.529703182 0.00335903398 0 0 0
volume_proxy 53 -1.22721289 0.0863001369 -0.0046903671 0 0 0
volume_proxy 58 0.590202904 -0.913438708 -0.00192878613 0 0 0
volume_proxy 60 0.345195722 0.881796216 -0.0060073582 0 0 0
volume_proxy 85 -1.38208792 0.810653733 0.00146125323 0 0 0
volume_proxy 97 1.17331264 0.735124873 -0.00511189088 0 0 0
volume_proxy 107 0.964828884 0.0702454359 -0.00918131152 0 0 0
volume_proxy 127 -1.29410424 -0.73453792 -0.00415889914 0 0 0
volume_proxy 130 0.624830515 0.18828066 -0.00394126567 0 0 0
volume_proxy 140 -1.08008562 0.713772484 -0.00483819305 0 0 0
volume_proxy 157 0.621627179 -0.583104872 0.00130767327 0 0 0
volume_proxy 159 1.24248042 0.477686705 -0.0042997322 0 0 0
volume_proxy 161 -0.212835572 0.645886923 0.00450096733 0 0 0
volume_proxy 176 1.38320612 0.00176005593 -0.0103611669 0 0 0
volume_proxy 186 -0.234497338 0.0149119412 -0.00564439709 0 0 0
volume_proxy 189 -0.785465227 -0.605961134 0.0106759138 0 0 0
volume_proxy 195 -1.37779441 -0.825559035 0.00450221865 0 0 0
volume_proxy 196 0.683270205 0.291998611 0.00560787704 0 0 0
volume_proxy 200 -1.25476399 -0.545812074 -0.0106177504 0 0 0
volume_proxy 202 0.245104281 0.625718801 -0.0103853394 0 0 0
volume_proxy 209 -0.788682997 0.499174834 -0.00121000939 0 0 0
volume_proxy 210 0.110885961 0.789854275 0.00597917538 0 0 0
volume_proxy 226 0.424112395 -0.623312096 0.0088378438 0 0 0
volume_proxy 236 1.22244293 -0.665081428 0.00534311433 0 0 0
volume_proxy 247 1.07855016 0.756408268 0.00485598884 0 0 0
volume_proxy 256 -0.841681417 0.497474586 -0.00400942034 0 0 0
volume_proxy 259 0.481982717 0.965287786 0.00965828179 0 0 0
volume_proxy 269 -0.804826674 0.39271516 -0.00383024027 0 0 0
volume_proxy 277 -0.823768733 0.00858127264 0.0042489725 0 0 0
volume_proxy 296 -1.35455395 0.91896257 -0.00724700564 0 0 0
volume_proxy 305 0.752210163 -0.297952167 0.00656266308 0 0 0
volume_proxy 310 0.201570324 0.00370722046 0.00515360652 0 0 0
volume_proxy 344 -1.20818436 -0.398042313 0.00592923956 0 0 0
volume_proxy 347 -0.45979229 0.868245815 -0.00072178452 0 0 0
volume_proxy 356 -0.428973746 -0.0675143509 0.00927405697 0 0 0
volume_proxy 375 0.815967118 0.332602961 0.0100165192 0 0 0
volume_proxy 388 0.993937335 0.163677648 -0.00865807575 0 0 0
volume_proxy 802 0.844159912 0.128216509 0.00317434405 0 0 0
volume_proxy 1052 -0.796655781 -0.897095522 0.00390958287 0 0 0
volume_proxy 1066 0.00705934995 0.220465436 -0.00725474121 0 0 0
volume_proxy 1120 -0.816577396 0.448579005 0.00122494619 0 0 0
volume_proxy 1166 -0.734971492 -0.212529662 -0.00874113657 0 0 0
volume_proxy 1193 -1.06181375 -0.324508822 0.00306223937 0 0 0
volume_proxy 1225 -0.61825412 -0.295114185 -0.00389367119 0 0 0
volume_proxy 1245 -1.24538191 -0.0238393648 -3.02483675e-05 0 0 0
volume_proxy 1280 -0.296072407 0.619038336 -0.00449701259 0 0 0
volume_proxy 1285 -1.29146261 0.587404089 0.00135071053 0 0 0
volume_proxy 1295 0.374863526 -0.0519511715 0.00051868284 0 0 0
volume_proxy 1296 0.295788973 -0.665647708 -0.00984556601 0 0 0
volume_proxy 1340 0.660347019 0.615179586 0.00388532775 0 0 0
volume_proxy 1380 -0.424205027 -0.0754964993 0.00247143807 0 0 0
volume_proxy 1386 1.35953043 0.592053593 0.000264112677 0 0 0
volume_proxy 1397 0.954477711 0.767063715 -0.0107395332 0 0 0
volume_proxy 1409 -0.231886182 0.839548747 -0.0103650067 0 0 0
volume_proxy 1413 0.793682423 0.921443398 0.00103207548 0 0 0
volume_proxy 1422 0.174974345 -0.507026103 -0.00178477679 0 0 0
volume_proxy 1433 1.4442242 0.72990236 -0.000608733259 0 0 0
volume_proxy 1437 0.155994863 -0.0204507526 0.0030113517 0 0 0
volume_proxy 1447 1.10997171 -0.125417778 -0.0106940271 0 0 0
volume_proxy 1459 -1.17045493 0.0940595956 0.00211531626 0 0 0
volume_proxy 1460 -0.0904379101 0.564560103 0.00646967137 0 0 0
volume_proxy 1461 -0.715689827 0.955322984 -0.010322504 0 0 0
volume_proxy 1466 -0.892580031 0.162990135 -0.0107480584 0 0 0
volume_proxy 1472 -1.26774555 0.603782719 -0.00869592769 0 0 0
volume_proxy 1474 1.21959866 -0.569592097 -0.00913028035 0 0 0
volume_proxy 1481 0.556248836 0.959891967 -0.00961516352 0 0 0
volume_proxy 1482 0.807239935 0.0760810929 -0.0085049379 0 0 0
volume_proxy 1485 0.344764272 -0.265952814 0.00773672462 0 0 0
volume_proxy 1489 0.115301081 -0.657917587 0.00362600016 0 0 0
volume_proxy 1490 1.07178938 0.91665188 0.00430145024 0 0 0
volume_proxy 1494 1.32003691 -0.0883438945 0.00902540447 0 0 0
volume_proxy 1496 -1.17964639 0.492852054 0.00615611623 0 0 0
volume_proxy 1498 -0.127843326 0.481330603 0.00681650023 0 0 0
volume_proxy 1503 -0.786098099 -0.0310625137 -0.00182576485 0 0 0
volume_proxy 1506 0.406126431 0.742270543 -0.00263494192 0 0 0
volume_proxy 1507 -1.23379144 -0.0615527362 -0.00503968397 0 0 0
volume_proxy 1508 -0.60240257 -0.332840356 0.00934926837 0 0 0
volume_proxy 1509 -1.06028373 -0.0180318357 0.00105983694 0 0 0
volume_proxy 1510 0.00725178206 -0.714061481 -0.000364566899 0 0 0
volume_proxy 1511 1.04898813 0.34806305 0.00231309567 0 0 0
volume_proxy 1513 -1.2643705 0.600077003 0.00753661204 0 0 0
volume_proxy 1515 0.658823931 -0.528117883 0.00630838017 0 0 0
volume_proxy 1516 -0.280996758 -0.934161274 0.00172145786 0 0 0
volume_proxy 1517 -0.71128022 -0.354251742 0.00155499366 0 0 0
volume_proxy 1519 0.0976425813 -0.795858466 0.0010846562 0 0 0
volume_proxy 1520 0.132932323 -0.302932816 -0.00991057807 0 0 0
volume_proxy 1521 -1.21101925 -0.552249651 -0.00450802637 0 0 0
volume_proxy 1523 0.757563011 -0.0150368273 -4.87101517e-05 0 0 0
volume_proxy 1525 -0.779603659 0.999281751 0.002159328 0 0 0
volume_proxy 1526 1.01551326 -0.696239194 0.00633841041 0 0 0
volume_proxy 1528 0.522214813 -0.707742456 0.0107761456 0 0 0
volume_proxy 1529 -1.06797418 0.120361858 -0.00936080057 0 0 0
volume_proxy 1531 0.583679444 0.566378879 0.0106503428 0 0 0
volume_proxy 1533 0.966824886 -0.337927928 -0.00880103886 0 0 0
volume_proxy 1534 0.562115948 0.700265177 -0.00799472898 0 0 0
volume_proxy 1535 0.23295459 0.988203702 -0.00632738594 0 0 0
volume_proxy 1536 -0.613224898 -0.801255012 -0.00299002725 0 0 0
volume_proxy 1537 -0.55044505 -0.576872281 0.00661713437 0 0 0
