volume_proxy 0 1.2503646 0.00825900215 0.00110648514 0 0 0
volume_proxy 4 1.31344511 0.649477951 0.00739104459 0 0 0
volume_proxy 5 -0.315988191 0.256460541 0.00700373781 0 0 0
volume_proxy 6 1.33410302 0.625635786 0.00278196275 0 0 0
volume_proxy 11 -0.0706165294 0.91272375 0.00592955007 0 0 0
volume_proxy 12 0.56128597 -0.149619357 -0.00172263728 0 0 0
volume_proxy 13 -1.30126135 -0.982571894 0.00613133365 0 0 0
volume_proxy 14 0.478416206 0.433264359 0.00220315514 0 0 0
volume_proxy 15 -0.391892549 -0.717817014 0.0013105555 0 0 0
volume_proxy 23 -0.544574329 -0.1878652 -0.00200988238 0 0 0
volume_proxy 38 0.231630696 -0.0354721605 -0.00275216906 0 0 0
volume_proxy 40 0.0892474895 -0.66551126 -0.00173683497 0 0 0
volume_proxy 47 1.15356031 -0.309314008 0.00695023326 0 0 0
volume_proxy 49 0.346271286 -0.887290309 0.00322342903 0 0 0
volume_proxy 50 -0.301298811 -0.620776543 -0.00856797825 0 0 0
volume_proxy 52 -0.848015741 -0.44980183 0.00790179206 0 0 0
volume_proxy 53 0.188417262 -0.337507397 -0.00058102529 0 0 0
volume_proxy 57 -1.37359441 0.123736715 0.00593042647 0 0 0
volume_proxy 58 0.607938097 -0.815778484 -0.00956335077 0 0 0
volume_proxy 60 -0.219875133 0.864455004 0.00072744272 0 0 0
volume_proxy 61 -1.43267171 -0.444646509 0.00183744764 0 0 0
volume_proxy 69 -0.805735842 -0.172382056 0.00424165646 0 0 0
volume_proxy 72 0.41120739 0.0465895017 -0.00297082589 0 0 0
volume_proxy 81 -1.27203284 0.100424118 -0.00556150061 0 0 0
volume_proxy 85 -0.548615655 0.351366314 -0.00192069823 0 0 0
volume_proxy 88 -0.954238046 0.0371688804 0.000286144904 0 0 0
volume_proxy 97 1.09031038 0.125418867 0.0025291211 0 0 0
volume_proxy 101 -0.936628258 0.762980674 0.00188537631 0 0 0
volume_proxy 102 0.45636037 -0.430233668 0.00412796566 0 0 0
volume_proxy 105 -0.430491874 -0.694284982 0.000768254758 0 0 0
volume_proxy 106 -0.244440681 -0.756650246 0.00943017663 0 0 0
volume_proxy 107 0.481897058 0.539053595 0.00723890467 0 0 0
volume_proxy 108 1.36323046 -0.513458346 0.00330059257 0 0 0
volume_proxy 125 -0.97134868 -0.0695577009 0.00543283015 0 0 0
volume_proxy 126 -0.105440937 -0.623555525 0.00879513079 0 0 0
volume_proxy 127 0.356737414 0.1918451 0.00948540969 0 0 0
volume_proxy 130 1.34301983 0.190053598 0.00852718978 0 0 0
volume_proxy 132 0.66651528 0.823263539 0.000755870498 0 0 0
volume_proxy 135 0.617381821 -0.876254863 0.00016596463 0 0 0
volume_proxy 140 -0.692427992 0.770409896 -0.00130824272 0 0 0
volume_proxy 145 -0.735952612 -0.549847144 0.00580632022 0 0 0
volume_proxy 149 -1.20914065 0.979939753 -0.00308285007 0 0 0
volume_proxy 157 0.93381052 0.556317061 -0.00591628509 0 0 0
volume_proxy 159 -1.09872148 -0.760379824 -0.00227652754 0 0 0
volume_proxy 161 0.0304600346 0.321765818 0.00861133489 0 0 0
volume_proxy 163 -1.39216322 0.0932423428 0.00509247752 0 0 0
volume_proxy 169 1.02836258 0.12221828 -0.00622054425 0 0 0
volume_proxy 176 0.10221021 -0.0740265235 0.00155701811 0 0 0
volume_proxy 178 -0.879351836 -0.0955410158 0.00732027847 0 0 0
volume_proxy 186 -0.348893328 0.265751675 -0.0106971352 0 0 0
volume_proxy 189 -0.734680429 0.15128383 0.00173692973 0 0 0
volume_proxy 194 0.0455107337 -0.771800159 -0.0103122319 0 0 0
volume_proxy 195 -0.574593141 0.435565214 0.00772661557 0 0 0
volume_proxy 196 0.690429135 0.31125023 0.00218388255 0 0 0
volume_proxy 198 1.1326667 -0.833865261 -0.00960880349 0 0 0
volume_proxy 200 -1.16029556 -0.325095591 -0.00537056861 0 0 0
volume_proxy 201 -1.24430512 0.294982964 -0.00237536356 0 0 0
volume_proxy 202 -0.546907618 0.345563113 0.00413141538 0 0 0
volume_proxy 208 -1.15268054 0.336198245 -0.00629578692 0 0 0
volume_proxy 209 -0.700697644 -0.257672997 0.00472847687 0 0 0
volume_proxy 210 -0.0987987975 0.0177963827 0.00990862652 0 0 0
volume_proxy 213 -0.306182187 0.0864637596 -0.0042711153 0 0 0
volume_proxy 223 -1.08883381 0.216184254 -0.00377769314 0 0 0
volume_proxy 224 1.44338858 -0.864633245 0.00462338837 0 0 0
volume_proxy 226 -0.573408803 -0.962570453 -0.00948431838 0 0 0
volume_proxy 228 -0.0172715559 0.202865844 -0.00282970098 0 0 0
volume_proxy 230 0.639698737 0.747709151 -0.00166381623 0 0 0
volume_proxy 232 0.568146547 0.201748917 0.0105592033 0 0 0
volume_proxy 236 0.685600779 -0.0372905143 0.00671955255 0 0 0
volume_proxy 237 0.35580338 0.95923857 -0.00890694295 0 0 0
volume_proxy 242 1.03440951 0.40666506 -0.00948138585 0 0 0
volume_proxy 244 0.759071614 0.686647826 -0.00958724182 0 0 0
volume_proxy 247 1.10067092 -0.253121677 -0.00613189392 0 0 0
volume_proxy 251 0.573768601 0.605349441 0.00221116654 0 0 0
volume_proxy 256 0.596433295 -0.49758684 0.00845435366 0 0 0
volume_proxy 257 -0.265287254 0.512833091 0.00320264223 0 0 0
volume_proxy 258 0.482983058 0.00545893065 -0.00675700793 0 0 0
volume_proxy 259 0.572808796 0.498984944 -0.00254380405 0 0 0
volume_proxy 269 1.12149308 0.418230299 0.00277595834 0 0 0
volume_proxy 271 -1.43007776 0.80582894 -0.00111520216 0 0 0
volume_proxy 273 1.46566022 0.326661825 0.00434649492 0 0 0
volume_proxy 276 0.470997065 0.208019517 -0.00677087569 0 0 0
volume_proxy 277 -0.464554012 -0.648002871 0.00173106988 0 0 0
volume_proxy 279 -0.363879391 -0.482464089 -0.00868068139 0 0 0
volume_proxy 281 -1.4062012 0.975336776 0.00208365722 0 0 0
volume_proxy 284 -0.623365749 0.792748386 -0.00402358216 0 0 0
volume_proxy 285 -0.669670663 -0.596917776 -0.00590773007 0 0 0
volume_proxy 294 0.0243501845 0.865826823 -0.00292729349 0 0 0
volume_proxy 296 0.318450963 -0.495617863 -0.00832065466 0 0 0
volume_proxy 297 1.09691812 0.21379256 -0.0074995926 0 0 0
volume_proxy 298 0.909356734 -0.676870733 -0.00939793262 0 0 0
volume_proxy 305 -0.164763369 0.0219141819 -0.00370877128 0 0 0
volume_proxy 309 1.17061027 0.665582961 0.00579006062 0 0 0
volume_proxy 310 0.837355656 0.363346053 0.00288173846 0 0 0
volume_proxy 311 0.452217407 -0.923240198 0.00368463311 0 0 0
volume_proxy 314 -0.190501567 0.379147299 0.00497721746 0 0 0
volume_proxy 315 -0.33005075 -0.0647782637 0.00709156813 0 0 0
volume_proxy 319 0.00250319734 -0.778404064 -0.00486431014 0 0 0
volume_proxy 321 -0.279008836 -0.888238684 0.00622269093 0 0 0
volume_proxy 329 -0.298946148 0.724673831 -0.00878895784 0 0 0
volume_proxy 335 -1.28728873 -0.223575641 0.000942645509 0 0 0
volume_proxy 337 -0.819577582 0.34947181 -0.00165461866 0 0 0
volume_proxy 338 -0.680401733 -0.0901173898 0.00301888753 0 0 0
volume_proxy 339 -0.471882651 -0.574448085 0.0107666009 0 0 0
volume_proxy 343 -0.0454942647 0.683261691 0.00533664821 0 0 0
volume_proxy 344 0.620349864 0.474845153 -0.00630206598 0 0 0
volume_proxy 345 -0.736626531 -0.180473118 -0.0053150188 0 0 0
volume_proxy 347 -0.0218913999 -0.30344934 0.00119987187 0 0 0
volume_proxy 349 0.56617398 0.0168570793 0.00374167233 0 0 0
volume_proxy 356 0.585915526 0.667095294 -0.00242639085 0 0 0
volume_proxy 358 1.44142802 0.736090794 -0.00429999514 0 0 0
volume_proxy 370 1.3493843 0.442168874 -0.00600843567 0 0 0
volume_proxy 375 0.872059316 0.191556946 -0.00771683095 0 0 0
volume_proxy 377 0.556424788 0.292159329 0.00593295424 0 0 0
volume_proxy 380 -0.527003792 -0.669977856 -0.00153028596 0 0 0
volume_proxy 383 0.883929824 -0.818921793 -0.000701993954 0 0 0
volume_proxy 384 -0.360269168 0.876791639 -0.00165666138 0 0 0
volume_proxy 388 -1.44870562 -0.109814808 -0.00493076562 0 0 0
volume_proxy 393 1.20359964 -0.0481059741 -3.05394545e-05 0 0 0
volume_proxy 396 -0.717579264 0.922425114 -0.00501149969 0 0 0
volume_proxy 397 0.927195769 0.279273723 -0.0061842774 0 0 0
volume_proxy 399 1.05038769 -0.968056924 -0.0018774886 0 0 0
volume_proxy 400 -0.0290767891 -0.436829931 -0.000934723625 0 0 0
volume_proxy 402 -0.738836768 -0.778452759 0.00395411209 0 0 0
volume_proxy 409 -0.436582918 -0.58004436 0.0103642709 0 0 0
volume_proxy 412 1.43412029 -0.559476138 0.00422351511 0 0 0
volume_proxy 418 -0.758464878 0.0250013412 -0.00556884767 0 0 0
volume_proxy 431 -1.20943253 -0.703051397 0.00192550298 0 0 0
volume_proxy 435 -1.29074657 -0.974462871 0.0061758717 0 0 0
volume_proxy 442 -0.145390025 -0.298665343 -0.00696298104 0 0 0
volume_proxy 463 -0.0328615946 -0.7867505 -0.00849243095 0 0 0
volume_proxy 497 -1.07685928 -0.903817334 0.00739433147 0 0 0
volume_proxy 502 1.47940449 -0.409826792 0.00301343291 0 0 0
volume_proxy 512 0.274794539 -0.821077248 -0.00825136253 0 0 0
volume_proxy 513 0.490097638 -0.0709186728 0.00969544233 0 0 0
volume_proxy 518 1.46151893 -0.599228706 -0.00790528592 0 0 0
volume_proxy 547 1.33822609 0.911824326 0.00762367968 0 0 0
volume_proxy 549 0.192871436 -0.639270348 -0.0107182369 0 0 0
volume_proxy 572 0.128073745 -0.283519581 -0.00491360206 0 0 0
volume_proxy 578 -0.791800391 0.930904184 0.00422436942 0 0 0
volume_proxy 581 1.27326072 0.672552234 0.00547019596 0 0 0
volume_proxy 591 -0.743089426 0.559818261 -0.00422334311 0 0 0
volume_proxy 594 -1.09476568 0.437378921 0.005785317 0 0 0
volume_proxy 615 1.01526547 -0.235571204 0.00998184267 0 0 0
volume_proxy 616 1.47822912 0.162844847 0.0029055442 0 0 0
volume_proxy 637 -1.42669874 -0.799705642 -0.00568795769 0 0 0
volume_proxy 647 -0.22624904 0.961566593 0.00532583944 0 0 0
volume_proxy 669 1.19597246 -0.330852178 0.00600488441 0 0 0
volume_proxy 682 -0.170081799 0.534647866 0.00547503821 0 0 0
volume_proxy 693 -0.636959685 0.479739845 0.00272326305 0 0 0
volume_proxy 698 -0.249107169 0.692771721 0.00279843464 0 0 0
volume_proxy 702 -0.147442203 -0.0629647276 0.00965835999 0 0 0
volume_proxy 703 -0.838030082 -0.0536585681 0.00363806448 0 0 0
volume_proxy 722 0.64894607 0.527549926 -8.16386494e-05 0 0 0
volume_proxy 725 -1.43590191 -0.821957117 0.00702269509 0 0 0
volume_proxy 751 0.232187804 -0.49896791 -0.00995190836 0 0 0
volume_proxy 757 0.190973832 0.283061706 -0.0107558533 0 0 0
volume_proxy 797 -1.20539478 -0.415684513 -0.00431634596 0 0 0
volume_proxy 800 -1.01667485 0.928172567 -0.00262822819 0 0 0
volume_proxy 802 0.683659644 0.131206466 -0.00974269 0 0 0
volume_proxy 810 1.06637826 0.0175940538 0.00341825932 0 0 0
volume_proxy 811 0.721420802 0.587136085 -0.00526887076 0 0 0
volume_proxy 812 0.992710999 0.432840044 -0.000294484092 0 0 0
volume_proxy 814 1.14987344 -0.17807099 0.00366042943 0 0 0
volume_proxy 822 0.096588014 -0.774715589 -0.00941784228 0 0 0
volume_proxy 833 -0.444492403 0.031918653 -0.0103612686 0 0 0
volume_proxy 835 -0.306651737 -0.995583237 -0.00981949564 0 0 0
volume_proxy 839 -0.233073093 -0.215130777 -0.00890778282 0 0 0
volume_proxy 846 1.3089842 0.0875520961 0.0022235598 0 0 0
volume_proxy 848 -0.918635442 -0.201473859 0.00858460328 0 0 0
volume_proxy 854 -0.646987163 0.998729193 -0.00312320136 0 0 0
volume_proxy 856 1.3405056 0.46421153 0.00683823896 0 0 0
volume_proxy 869 1.32157409 0.683560148 0.00835345925 0 0 0
volume_proxy 876 -0.163051142 -0.549009858 -0.00843867974 0 0 0
volume_proxy 878 1.42210137 -0.541367503 0.00771940571 0 0 0
volume_proxy 883 0.195792879 0.792872124 -0.00320884587 0 0 0
volume_proxy 889 -1.3925326 0.68428341 -0.00682136882 0 0 0
volume_proxy 896 1.41224653 0.707072181 -0.00550770616 0 0 0
volume_proxy 902 -0.0512231487 0.554362836 0.00659095852 0 0 0
volume_proxy 903 0.55852736 0.706891396 0.00265730441 0 0 0
volume_proxy 904 -0.878554385 0.430721044 0.00600033973 0 0 0
volume_proxy 906 0.876415135 0.608977168 -0.0106032949 0 0 0
volume_proxy 910 -1.43750861 0.592231466 0.000543634194 0 0 0
volume_proxy 912 1.32929452 0.152013608 0.010746582 0 0 0
volume_proxy 914 0.00473141294 -0.780670599 -0.00685648515 0 0 0
volume_proxy 915 -0.403492113 -0.127336819 -0.00840074163 0 0 0
volume_proxy 924 -0.658069621 0.416736361 0.0097609072 0 0 0
volume_proxy 926 -0.195361918 0.225216013 -0.00652487523 0 0 0
volume_proxy 929 -0.559601739 -0.839800703 0.00910702835 0 0 0
volume_proxy 931 -0.0687877342 -0.0302011252 -0.00208512363 0 0 0
volume_proxy 935 -1.38734522 0.344625986 0.00437173926 0 0 0
volume_proxy 944 0.560998772 -0.99197758 0.00793228483 0 0 0
volume_proxy 945 -0.625727623 0.74567138 -0.00682526921 0 0 0
volume_proxy 948 -0.236180695 -0.148479849 -0.00317126706 0 0 0
volume_proxy 949 -0.647940007 0.0512924752 0.00190749968 0 0 0
volume_proxy 963 -0.683647617 0.552243221 -0.00994676358 0 0 0
volume_proxy 966 -0.445454313 0.778254457 -0.00960447057 0 0 0
volume_proxy 969 -0.763028596 -0.0643883989 -0.00156867234 0 0 0
volume_proxy 974 0.394488792 -0.683180783 -0.00346388436 0 0 0
volume_proxy 977 -1.16165898 -0.309117323 -0.00165742084 0 0 0
volume_proxy 979 -0.123935872 0.67613491 -0.00483339283 0 0 0
volume_proxy 981 -0.442842369 0.167774298 0.00918414799 0 0 0
volume_proxy 983 1.02471863 -0.200364042 0.00890145762 0 0 0
volume_proxy 984 1.49614567 0.560314757 -0.00923796711 0 0 0
volume_proxy 990 -1.39689419 0.427081187 -0.00785630504 0 0 0
volume_proxy 991 -0.491048772 -0.261188436 6.33926171e-05 0 0 0
volume_proxy 992 -0.145823305 0.334715662 0.00543180481 0 0 0
volume_proxy 997 1.18019315 0.0133090811 0.00324747112 0 0 0
volume_proxy 1001 0.530784976 0.954545631 -0.00192473365 0 0 0
volume_proxy 1007 -1.24874034 -0.577220732 -0.00270636862 0 0 0
volume_proxy 1008 0.27136571 -0.547593031 0.0106303781 0 0 0
volume_proxy 1012 0.850085408 -0.122156608 -0.00851611511 0 0 0
volume_proxy 1016 0.930392895 -0.991959025 -0.00829900096 0 0 0
volume_proxy 1018 -1.02268073 -0.740661128 0.000542495928 0 0 0
volume_proxy 1019 -0.726936527 -0.995220282 0.00227123318 0 0 0
volume_proxy 1020 -0.945933871 0.468110637 -0.000381044685 0 0 0
volume_proxy 1021 -0.882222581 -0.720030273 0.00910090482 0 0 0
volume_proxy 1023 0.868653118 0.26481751 0.01055389 0 0 0
volume_proxy 1024 1.18252223 0.906328434 0.00135915807 0 0 0
volume_proxy 1028 -1.36558854 -0.747371984 0.00467517755 0 0 0
volume_proxy 1030 0.615897091 0.34585264 0.00199104744 0 0 0
volume_proxy 1031 1.18271081 -0.468934738 0.00671489317 0 0 0
volume_proxy 1032 1.36206216 0.281818965 0.010315535 0 0 0
volume_proxy 1033 1.01420203 0.980923347 0.00614745482 0 0 0
volume_proxy 1035 0.356918521 -0.494910985 0.0106197249 0 0 0
volume_proxy 1036 0.867001709 -0.0412705391 -0.00799860758 0 0 0
volume_proxy 1040 -0.839489194 -0.91796764 0.00504772144 0 0 0
volume_proxy 1042 0.936678692 0.197970829 -0.00139787092 0 0 0
volume_proxy 1046 -0.0293676623 -0.353585015 -0.0072261068 0 0 0
volume_proxy 1050 -0.58235371 -0.464448459 0.00540147774 0 0 0
volume_proxy 1052 -0.631485727 0.158275654 0.00285459473 0 0 0
volume_proxy 1053 -0.430564902 -0.975565665 0.00869465235 0 0 0
volume_proxy 1056 -1.34578915 0.921168841 0.00592599788 0 0 0
volume_proxy 1057 0.113899654 -0.66659224 0.00412529134 0 0 0
volume_proxy 1061 -0.595653925 -0.494077822 -0.00192863037 0 0 0
volume_proxy 1062 0.800741265 0.434815611 -0.00227960867 0 0 0
volume_proxy 1065 -1.39422689 -0.530382028 0.0102990643 0 0 0
volume_proxy 1066 0.759589824 0.16364711 -0.00602933682 0 0 0
volume_proxy 1067 0.809206392 -0.28981258 0.00878635018 0 0 0
volume_proxy 1069 -0.66988293 0.122239595 -0.00871369952 0 0 0
volume_proxy 1070 -1.31802445 0.570959968 -0.00667142211 0 0 0
volume_proxy 1075 -0.283023801 0.390185001 -0.0027556825 0 0 0
volume_proxy 1077 -1.1268921 0.994996109 0.00657339881 0 0 0
volume_proxy 1078 -1.23958022 0.842843253 -0.000796839967 0 0 0
volume_proxy 1079 -0.00198027192 -0.0496114697 -0.00501641344 0 0 0
volume_proxy 1085 0.130099525 -0.341435162 0.0102369961 0 0 0
volume_proxy 1086 1.000246 -0.627141754 -0.00915918638 0 0 0
volume_proxy 1089 -0.793059452 0.651103908 -0.00629591856 0 0 0
volume_proxy 1091 0.27858508 0.229755522 0.0104285909 0 0 0
volume_proxy 1093 -0.00412298442 -0.793522195 -0.00396160663 0 0 0
volume_proxy 1094 -1.39928481 0.699886031 0.00840146431 0 0 0
volume_proxy 1096 0.40791638 0.301649447 -0.00213163267 0 0 0
volume_proxy 1098 0.568374658 0.447622123 -0.00704351733 0 0 0
volume_proxy 1102 1.140754 0.57176482 -0.00335010187 0 0 0
volume_proxy 1106 0.968136344 -0.655869989 -0.00513987326 0 0 0
volume_proxy 1108 1.1822073 0.457427506 0.00040091851 0 0 0
volume_proxy 1109 1.17105072 -0.939686492 0.0026772234 0 0 0
volume_proxy 1110 0.917933417 -0.898953764 -0.0100218727 0 0 0
volume_proxy 1111 -0.449572479 -0.201004672 -0.010214064 0 0 0
volume_proxy 1112 -0.788804219 0.845837644 -0.00305308619 0 0 0
volume_proxy 1113 1.18254632 0.196497133 -0.00610688967 0 0 0
volume_proxy 1114 -1.20680204 0.18857096 0.0056999116 0 0 0
volume_proxy 1117 0.767695913 -0.182915607 -0.00363538199 0 0 0
volume_proxy 1118 0.182135841 -0.467271194 -0.00915937035 0 0 0
volume_proxy 1119 -1.34481476 0.39103534 -0.00427793791 0 0 0
volume_proxy 1120 -0.0540335718 0.151244406 0.0095283108 0 0 0
volume_proxy 1123 -1.32360528 0.844822916 0.00621042159 0 0 0
volume_proxy 1127 0.41787599 0.717150882 -0.00192500537 0 0 0
volume_proxy 1128 -0.614805993 -0.0465253408 -0.0101643243 0 0 0
volume_proxy 1129 1.12346394 0.831706548 -0.00869540663 0 0 0
volume_proxy 1130 -0.644186113 0.24350244 -0.000280905127 0 0 0
volume_proxy 1131 -0.992864619 0.134811753 0.0070996001 0 0 0
volume_proxy 1132 0.462420617 0.278637917 -0.00914791344 0 0 0
volume_proxy 1133 1.39117233 -0.63665698 0.00619007467 0 0 0
volume_proxy 1134 0.922351883 0.704300011 -0.00253949439 0 0 0
volume_proxy 1137 -0.78496504 -0.0282638896 0.00606626128 0 0 0
volume_proxy 1138 1.12008526 -0.572470758 -0.00453743958 0 0 0
volume_proxy 1139 1.45646146 -0.783002773 0.000227372252 0 0 0
volume_proxy 1143 -0.444762859 -0.0126985849 -0.0060629504 0 0 0
volume_proxy 1144 0.414054391 -0.941022904 0.00256670912 0 0 0
volume_proxy 1145 -0.629158447 -0.945064459 0.00669243856 0 0 0
volume_proxy 1146 0.0154885852 0.358272101 0.00134062365 0 0 0
volume_proxy 1147 -0.0871705911 0.344663728 -0.00538756454 0 0 0
volume_proxy 1148 -0.208896927 -0.15155323 -0.00931623226 0 0 0
volume_proxy 1149 -0.65845967 0.606587871 0.0106102413 0 0 0
volume_proxy 1150 -0.526363985 -0.689255225 0.00523223865 0 0 0
volume_proxy 1151 0.830751829 -0.772136391 -0.00650662511 0 0 0
volume_proxy 1152 0.0750327522 0.577647333 -0.0054228908 0 0 0
volume_proxy 1157 -0.30786595 0.170256158 -0.0106159519 0 0 0
volume_proxy 1159 -0.442456694 0.97745294 0.00906946498 0 0 0
volume_proxy 1160 -0.129616039 0.851651066 -0.00479110573 0 0 0
volume_proxy 1161 0.82629861 -0.889042515 0.00586075871 0 0 0
volume_proxy 1163 1.2090761 0.254868369 -0.00865444885 0 0 0
volume_proxy 1164 1.41329478 0.537379851 -0.00353117025 0 0 0
volume_proxy 1165 -0.321919554 -0.811349243 0.00540654812 0 0 0
volume_proxy 1166 -1.43175011 0.441216646 0.00869588064 0 0 0
volume_proxy 1167 -1.36392403 0.394214503 0.00955488661 0 0 0
volume_proxy 1168 -0.0212984245 -0.283687427 0.00238829222 0 0 0
volume_proxy 1169 1.40767521 -0.415708736 -0.00755109476 0 0 0
volume_proxy 1170 -1.3990583 0.158832215 0.00573507965 0 0 0
volume_proxy 1171 -0.506625142 0.225817737 0.00724285494 0 0 0
volume_proxy 1172 -0.338819924 0.259792509 0.00897326858 0 0 0
volume_proxy 1174 0.469808917 -0.0305397506 0.0066432681 0 0 0
volume_proxy 1175 -0.497774157 -0.688378447 0.00676054448 0 0 0
volume_proxy 1177 1.09513116 -0.0365583671 0.0103015811 0 0 0
volume_proxy 1178 -0.489910064 0.778557511 0.00610201485 0 0 0
volume_proxy 1179 0.525682337 0.56932002 -0.00180650539 0 0 0
volume_proxy 1180 -1.12354744 0.429109979 0.0076898807 0 0 0
volume_proxy 1181 -1.12002059 0.602004443 0.0025304367 0 0 0
volume_proxy 1182 0.534045117 0.9880103 0.00790449133 0 0 0
volume_proxy 1183 0.661000772 -0.740246903 0.00133271363 0 0 0
volume_proxy 1184 1.47346374 0.626810029 0.00822949638 0 0 0
volume_proxy 1185 -0.103884931 0.099434655 -0.0027475984 0 0 0
volume_proxy 1186 -0.341304294 -0.326053032 -0.00195269998 0 0 0
volume_proxy 1187 0.988920018 0.83983729 -0.00051383928 0 0 0
volume_proxy 1188 -0.146131456 0.00188118788 -0.000511112655 0 0 0
volume_proxy 1191 1.33592988 0.905782775 -0.00859956577 0 0 0
volume_proxy 1193 -0.85758332 0.116917476 0.0102584996 0 0 0
volume_proxy 1194 -1.11021439 -0.65393705 0.00604860114 0 0 0
volume_proxy 1195 -1.04632745 -0.73841354 -0.00545473464 0 0 0
volume_proxy 1196 -0.663094196 -0.536443826 -0.0029105944 0 0 0
volume_proxy 1197 -1.03401691 -0.967609585 0.00294488263 0 0 0
volume_proxy 1198 0.110727739 0.0799275672 0.0101696295 0 0 0
volume_proxy 1199 0.0425035124 0.0865389499 0.0065797506 0 0 0
