volume_proxy 0 -0.0597028617 0.620375898 0.00588493446 0 0 0
volume_proxy 5 1.29750237 -0.311545213 -0.0105784644 0 0 0
volume_proxy 6 0.0307532092 0.440009471 0.00583144844 0 0 0
volume_proxy 11 1.25587981 0.507506596 0.00885869638 0 0 0
volume_proxy 12 0.517895183 -0.203146204 -0.0079984004 0 0 0
volume_proxy 14 -0.830721364 0.488568918 -0.00281886868 0 0 0
volume_proxy 23 1.19145196 -0.901297017 -0.00533483192 0 0 0
volume_proxy 38 -0.436688483 -0.961029733 -0.0024034005 0 0 0
volume_proxy 40 -1.28147099 0.0610506076 0.00579031747 0 0 0
volume_proxy 50 -0.947243105 -0.69069572 -0.00194532073 0 0 0
volume_proxy 53 -1.29597872 0.262725 0.0107990872 0 0 0
volume_proxy 58 1.08340278 -0.957848505 0.00384054486 0 0 0
volume_proxy 60 0.00321490862 0.168378138 -0.00907244915 0 0 0
volume_proxy 85 -1.06112502 0.91822229 0.00974510125 0 0 0
volume_proxy 97 0.502843871 0.976183367 -0.00646973487 0 0 0
volume_proxy 107 1.3005552 -0.117090344 0.000126751703 0 0 0
volume_proxy 127 -1.32297392 -0.778457319 -0.00479646167 0 0 0
volume_proxy 130 0.574548513 0.756732041 -0.0023774648 0 0 0
volume_proxy 140 -1.03126946 0.803207657 -0.00533372763 0 0 0
volume_proxy 157 0.731994207 0.161127059 -0.00813215584 0 0 0
volume_proxy 159 1.43379844 0.728878631 0.00110692997 0 0 0
volume_proxy 161 0.277225807 0.513361837 -0.00686843722 0 0 0
volume_proxy 176 0.50822106 -0.217617441 -0.00864662992 0 0 0
volume_proxy 186 -0.707657224 -0.417969447 0.000649056631 0 0 0
volume_proxy 189 -1.33856513 0.582813227 -0.00444423591 0 0 0
volume_proxy 195 -0.868090485 -0.4136479 -0.00543477093 0 0 0
volume_proxy 196 0.682227112 -0.0225451522 -0.00590388359 0 0 0
volume_proxy 200 -0.965528917 -0.956162856 0.0101220232 0 0 0
volume_proxy 202 0.245951439 0.487550534 0.00458485864 0 0 0
volume_proxy 209 -1.03057744 -0.395783637 -0.00979442835 0 0 0
volume_proxy 210 -0.654695852 0.911472427 -0.00682024834 0 0 0
volume_proxy 226 -0.412656708 -0.690043503 0.00552781744 0 0 0
volume_proxy 236 1.43974795 0.137739104 -0.00660942735 0 0 0
volume_proxy 247 0.699051927 0.800876303 -0.00334951943 0 0 0
volume_proxy 256 -1.14327436 0.95703194 0.00834267594 0 0 0
volume_proxy 259 0.229843412 0.98109222 0.00164038612 0 0 0
volume_proxy 269 -0.667233024 0.401279296 0.0031491862 0 0 0
volume_proxy 277 -1.44672288 -0.414683057 -0.00195715714 0 0 0
volume_proxy 296 -1.40433875 0.307396787 0.00230708015 0 0 0
volume_proxy 305 0.973149789 -0.608342924 -0.00990688089 0 0 0
volume_proxy 310 -0.116476471 -0.712981344 -0.00827041757 0 0 0
volume_proxy 344 -1.11438051 0.328357912 0.010570075 0 0 0
volume_proxy 347 0.0499601896 0.915056341 0.000700678973 0 0 0
volume_proxy 356 -0.735142134 0.380038406 0.00117223849 0 0 0
volume_proxy 375 0.802335982 -0.928746005 0.0083575564 0 0 0
volume_proxy 388 1.29918468 -0.222854443 -0.00776853619 0 0 0
volume_proxy 802 1.26818184 -0.381888777 0.00681900888 0 0 0
volume_proxy 1052 -0.906977158 -0.718119935 0.000588270124 0 0 0
volume_proxy 1066 -0.674199947 0.0124398663 -0.00698552258 0 0 0
volume_proxy 1120 -0.347938951 0.0183960767 -0.00981041359 0 0 0
volume_proxy 1166 -0.676723001 0.129650431 -0.0033340176 0 0 0
volume_proxy 1169 1.26558046 -0.726298874 0.00606290865 0 0 0
volume_proxy 1193 -0.950877827 -0.82142412 0.00156866274 0 0 0
volume_proxy 1225 -0.0888072108 -0.566996711 -0.00242451882 0 0 0
volume_proxy 1245 -1.43624095 -0.234004301 0.0013341957 0 0 0
volume_proxy 1280 -0.670237782 0.751835422 -0.00235547694 0 0 0
volume_proxy 1285 -1.35118262 0.400820733 -0.00609045171 0 0 0
volume_proxy 1295 0.0796892045 0.175576512 -0.00761934147 0 0 0
volume_proxy 1296 0.25102456 -0.563064844 -0.00823496744 0 0 0
volume_proxy 1340 1.08629206 0.884127984 -0.0065574411 0 0 0
volume_proxy 1380 -0.30833313 0.86465915 0.00298967605 0 0 0
volume_proxy 1386 1.23857667 0.269907591 0.00861025021 0 0 0
volume_proxy 1397 0.929872649 0.757302507 -0.00705152795 0 0 0
volume_proxy 1409 -0.0808868519 0.516246374 -0.00534247517 0 0 0
volume_proxy 1413 0.556309117 0.877680863 -0.00809073773 0 0 0
volume_proxy 1422 0.408565113 0.073295066 0.00508830801 0 0 0
volume_proxy 1433 1.27064406 0.96724275 0.00953014603 0 0 0
volume_proxy 1434 0.0815798895 -0.978568588 -0.00763052013 0 0 0
volume_proxy 1437 -0.102418486 -0.0427417297 -0.00422255935 0 0 0
volume_proxy 1439 0.0335571656 0.775973963 0.00724271989 0 0 0
volume_proxy 1447 1.02054067 0.149422811 0.00628614875 0 0 0
volume_proxy 1459 -1.34724613 0.451980938 -0.010110411 0 0 0
volume_proxy 1460 -0.322867464 0.708844669 -0.0053255619 0 0 0
volume_proxy 1461 -0.700673842 0.808041242 -0.00857870234 0 0 0
volume_proxy 1466 -0.867567366 -0.0934959417 -0.00265159531 0 0 0
volume_proxy 1472 -0.964530085 0.572157439 0.00239143623 0 0 0
volume_proxy 1474 0.932776159 -0.749678724 -0.00845479537 0 0 0
volume_proxy 1481 0.895759683 0.424283019 -0.00783759382 0 0 0
volume_proxy 1482 0.809125522 -0.205291969 -0.00383129603 0 0 0
volume_proxy 1485 0.579485844 -0.401856908 0.00075959586 0 0 0
volume_proxy 1489 0.250527425 -0.990814799 0.0094587632 0 0 0
volume_proxy 1490 1.14280093 0.820402567 0.00893327909 0 0 0
volume_proxy 1494 1.2095722 -0.0942821407 0.0107798318 0 0 0
volume_proxy 1496 -1.10774674 0.291968779 -0.00480311817 0 0 0
volume_proxy 1498 -0.23130216 0.315403852 0.00652609101 0 0 0
volume_proxy 1501 -0.403638161 -0.653180631 -0.00236982677 0 0 0
volume_proxy 1503 0.0789824601 0.139225885 -0.00670980098 0 0 0
volume_proxy 1506 0.550904129 0.770151309 0.0042116634 0 0 0
volume_proxy 1507 -1.15801281 -0.304766195 0.0053239519 0 0 0
volume_proxy 1508 -0.968816134 -0.765874544 0.00805499168 0 0 0
volume_proxy 1509 -1.43160296 0.450779496 0.00315396487 0 0 0
volume_proxy 1510 -0.00643156585 -0.897913908 0.0104813655 0 0 0
volume_proxy 1511 1.40583914 0.755419374 0.00987376238 0 0 0
volume_proxy 1513 -1.41250511 0.779465255 -0.00886358022 0 0 0
volume_proxy 1515 0.505001003 0.327103626 -0.0042955148 0 0 0
volume_proxy 1516 -0.286352457 -0.895403667 -0.00466005763 0 0 0
volume_proxy 1517 -0.782436282 -0.598589656 -0.00057734718 0 0 0
volume_proxy 1519 -0.00015583999 -0.257264577 0.00614262392 0 0 0
volume_proxy 1520 0.222556374 -0.146596925 -0.00844168629 0 0 0
volume_proxy 1521 -1.00042553 -0.356285632 0.00158642939 0 0 0
volume_proxy 1522 0.389178114 0.854202342 -0.00195371318 0 0 0
volume_proxy 1523 1.31312261 -0.277764695 0.0087914949 0 0 0
volume_proxy 1525 -0.905864674 0.933461038 0.00690411069 0 0 0
volume_proxy 1526 1.27553382 -0.289450373 -0.00628238449 0 0 0
volume_proxy 1528 0.553774228 -0.98092752 0.00755626164 0 0 0
volume_proxy 1529 -0.947870599 0.0519608 -0.00156922419 0 0 0
volume_proxy 1530 -1.05475657 -0.582937939 -0.0036172575 0 0 0
volume_proxy 1531 0.534884594 0.53824724 0.00210353408 0 0 0
