volume_proxy 0 0.468272304 0.190587719 -0.00738451623 0 0 0
volume_proxy 5 1.05451222 -0.611355223 -0.00995771551 0 0 0
volume_proxy 6 -0.193933243 -0.0117283514 0.00642093158 0 0 0
volume_proxy 11 1.3618204 0.351760601 0.00896842007 0 0 0
volume_proxy 12 0.280145127 -0.715345827 -0.00411896086 0 0 0
volume_proxy 14 -0.701686713 0.893268793 -0.000216801416 0 0 0
volume_proxy 23 1.49113849 -0.955578957 0.000197450664 0 0 0
volume_proxy 38 0.670445105 -0.295132142 -0.00359250842 0 0 0
volume_proxy 40 -0.290770081 -0.499045811 0.00258207923 0 0 0
volume_proxy 50 -0.68780964 -0.0462323679 0.00150087749 0 0 0
volume_proxy 53 -0.572057438 0.772203902 -0.00404688709 0 0 0
volume_proxy 58 0.732453151 -0.80439885 -0.00784122224 0 0 0
volume_proxy 60 0.697328999 0.749757666 5.24920884e-05 0 0 0
volume_proxy 85 -0.763458248 0.72707662 0.0106543623 0 0 0
volume_proxy 97 1.19742905 0.642881564 -0.00356996877 0 0 0
volume_proxy 107 1.0252664 -0.639668201 0.0051523767 0 0 0
volume_proxy 127 -1.1208776 -0.222840198 0.00225101434 0 0 0
volume_proxy 130 0.53041296 0.849136799 -0.00490748802 0 0 0
volume_proxy 140 -0.497888686 0.903418564 0.00472782882 0 0 0
volume_proxy 157 1.24868386 0.618204963 -0.000455057314 0 0 0
volume_proxy 159 1.18424708 0.845774847 0.00391854127 0 0 0
volume_proxy 161 0.80230801 0.741222823 -0.00200349588 0 0 0
volume_proxy 176 1.00305193 -0.180114728 0.00531862383 0 0 0
volume_proxy 186 -1.49844086 -0.366477412 -0.0029752869 0 0 0
volume_proxy 189 -0.712032873 0.717974091 0.00129317351 0 0 0
volume_proxy 195 -0.440474774 -0.0576192301 0.00189544143 0 0 0
volume_proxy 196 0.521210907 0.391839898 -0.00956270708 0 0 0
volume_proxy 200 0.0236394703 -0.915705797 0.00935117812 0 0 0
volume_proxy 202 -0.0249902162 0.686733116 0.00527068989 0 0 0
volume_proxy 209 -0.969136586 -0.314831331 0.00315764314 0 0 0
volume_proxy 210 -0.087129721 0.831747019 0.0102776467 0 0 0
volume_proxy 226 0.173643508 -0.170916535 0.0100286609 0 0 0
volume_proxy 236 0.51655222 0.464260901 -0.0104470167 0 0 0
volume_proxy 247 1.10793207 0.887574012 0.00708555146 0 0 0
volume_proxy 256 -1.43730998 0.556983407 0.00509746123 0 0 0
volume_proxy 259 0.711111997 0.316791644 -0.00647986317 0 0 0
volume_proxy 269 -0.945806314 -0.0511097316 0.00959543852 0 0 0
volume_proxy 277 -1.17771658 -0.524542467 -0.010428903 0 0 0
volume_proxy 296 -1.19241447 0.00222676056 -0.00263367835 0 0 0
volume_proxy 305 1.12193026 -0.282537222 0.00311196933 0 0 0
volume_proxy 310 -0.393009569 -0.903896251 0.00740805957 0 0 0
volume_proxy 344 -1.29969668 0.311769042 0.00163668505 0 0 0
volume_proxy 347 -0.297513366 0.779107156 -0.00161607971 0 0 0
volume_proxy 356 -0.512346889 0.909759203 0.00932988331 0 0 0
volume_proxy 375 0.554552451 -0.950096778 -0.00786732681 0 0 0
volume_proxy 388 0.375912604 -0.245308575 -0.00757442373 0 0 0
volume_proxy 802 1.41187951 -0.265530158 0.00337930922 0 0 0
volume_proxy 1052 -0.762499014 -0.654491152 0.000780050645 0 0 0
volume_proxy 1066 -0.338323548 -0.223179447 -0.00789118871 0 0 0
volume_proxy 1120 -0.295475276 0.00331985288 -0.0088942277 0 0 0
volume_proxy 1166 -0.482254128 0.1099085 -0.0055162739 0 0 0
volume_proxy 1169 0.964575776 -0.987009872 -0.00700819195 0 0 0
volume_proxy 1193 -1.36756498 -0.534975214 0.00610551771 0 0 0
volume_proxy 1225 -0.392469936 -0.12366806 0.0068434866 0 0 0
volume_proxy 1245 -0.970617305 -0.0154541633 -0.00613083887 0 0 0
volume_proxy 1280 -0.748046848 0.776648801 0.00138785183 0 0 0
volume_proxy 1285 -1.27206331 -0.288720904 -0.00994823328 0 0 0
volume_proxy 1295 -0.292232383 0.20867471 0.00358380538 0 0 0
volume_proxy 1296 0.286130775 -0.492459423 0.00897351084 0 0 0
volume_proxy 1340 1.07782856 0.571308617 -0.003710864 0 0 0
volume_proxy 1380 0.108506234 0.987835123 0.0100201783 0 0 0
volume_proxy 1386 0.772233116 0.142110212 0.00137932976 0 0 0
volume_proxy 1397 0.978573523 0.838708964 0.00598414178 0 0 0
volume_proxy 1409 0.123242059 0.906254422 0.0021897569 0 0 0
volume_proxy 1413 0.706757934 0.6654488 -0.00867890531 0 0 0
volume_proxy 1422 0.392265812 -0.748792073 4.87100514e-05 0 0 0
volume_proxy 1433 1.1348432 0.972430389 -0.000437789359 0 0 0
volume_proxy 1434 -0.0976744266 -0.93343056 -0.00394959385 0 0 0
volume_proxy 1437 -0.151904358 -0.148531301 0.00417161183 0 0 0
volume_proxy 1439 -0.12427604 0.447768543 0.00231666467 0 0 0
volume_proxy 1447 0.560470437 -0.558893463 0.000808710032 0 0 0
volume_proxy 1459 -0.706680567 0.427721624 0.0074548116 0 0 0
volume_proxy 1460 0.651443957 0.657732618 -0.0030449979 0 0 0
volume_proxy 1461 -1.19825528 0.581326494 -0.00738145934 0 0 0
volume_proxy 1466 -0.592021685 -0.137102913 0.00342252572 0 0 0
volume_proxy 1472 -1.21985977 0.784362667 0.00728279411 0 0 0
volume_proxy 1474 0.26726377 -0.741326529 -0.00885620763 0 0 0
volume_proxy 1481 1.1642124 0.623475271 0.00185036262 0 0 0
volume_proxy 1482 1.25287811 -0.138133466 0.00982329114 0 0 0
volume_proxy 1485 0.578123731 -0.593190141 0.00870456031 0 0 0
volume_proxy 1489 0.019850602 -0.250570543 -0.000297770981 0 0 0
volume_proxy 1490 1.4209412 0.955029283 0.00633635329 0 0 0
volume_proxy 1492 0.612986686 0.387312602 -0.00146203632 0 0 0
volume_proxy 1493 0.566499496 0.367172159 0.00772054289 0 0 0
volume_proxy 1494 0.998264602 -0.0534337061 0.0010352101 0 0 0
volume_proxy 1496 -0.865429562 0.989430888 0.00672677379 0 0 0
volume_proxy 1498 -0.501621335 0.294194132 0.000666106069 0 0 0
volume_proxy 1501 -0.260942945 -0.752969239 0.00854538085 0 0 0
volume_proxy 1503 -0.0323865164 0.309245591 0.00904675116 0 0 0
volume_proxy 1506 0.477077732 0.892573364 0.00300873255 0 0 0
volume_proxy 1507 -1.01453241 -0.478479175 -0.00944141153 0 0 0
volume_proxy 1508 -0.721877087 -0.725318122 -0.00230875918 0 0 0
volume_proxy 1509 -1.11285073 0.835958191 0.00681405147 0 0 0
volume_proxy 1510 0.325496965 -0.455455229 -0.00947304617 0 0 0
volume_proxy 1511 1.3072775 0.496841706 -0.0012354974 0 0 0
volume_proxy 1513 -1.39743347 0.6894654 -0.00391509539 0 0 0
volume_proxy 1515 0.487530018 -0.0528553417 0.0027121317 0 0 0
volume_proxy 1516 -0.338635901 -0.898735859 0.00989427725 0 0 0
volume_proxy 1517 -0.982964144 -0.30912736 0.0104570922 0 0 0
volume_proxy 1519 0.179874558 -0.289983423 -0.00845017138 0 0 0
volume_proxy 1520 0.65863151 -0.331712102 -0.00597838194 0 0 0
volume_proxy 1521 -0.670917527 0.015732492 -0.00879509456 0 0 0
volume_proxy 1522 0.214552307 0.70473549 0.00986600311 0 0 0
volume_proxy 1523 1.41702249 -0.186641881 0.00722228539 0 0 0
volume_proxy 1525 -0.856679189 0.708133719 -0.00229499538 0 0 0
volume_proxy 1526 1.19770434 -0.0961209703 0.00814106908 0 0 0
volume_proxy 1528 0.538536344 -0.655574284 -0.00687746148 0 0 0
volume_proxy 1529 -0.837534472 -0.141940197 -0.00143505151 0 0 0
volume_proxy 1530 -0.85048954 -0.244682282 0.00428056257 0 0 0
