volume_proxy 0 0.485631946 0.258683523 0.00654788738 0 0 0
volume_proxy 5 1.28667947 -0.870835565 0.00155436328 0 0 0
volume_proxy 6 -0.506448574 0.220130179 -0.00704989099 0 0 0
volume_proxy 11 0.566025916 0.575891804 0.00641765716 0 0 0
volume_proxy 12 0.350796265 -0.912616547 0.00703043807 0 0 0
volume_proxy 14 -0.833015395 0.678056576 0.000626324427 0 0 0
volume_proxy 23 1.19154745 -0.879737 -0.0046443086 0 0 0
volume_proxy 38 0.767484026 -0.200695164 -0.00779358398 0 0 0
volume_proxy 40 -0.344122179 -0.0915484685 0.000111837437 0 0 0
volume_proxy 50 -0.964732545 -0.265661321 -0.00369840122 0 0 0
volume_proxy 53 -0.155146558 0.884070941 -0.00282913266 0 0 0
volume_proxy 58 0.867541189 -0.852990286 -0.00443027472 0 0 0
volume_proxy 60 0.523757953 0.590568225 -0.00212262898 0 0 0
volume_proxy 72 -0.240440115 -0.435414189 -0.0021632748 0 0 0
volume_proxy 85 -0.715650155 -0.167372828 -0.0104203952 0 0 0
volume_proxy 97 0.701708148 0.618551124 0.00533602275 0 0 0
volume_proxy 107 1.18118512 0.924092723 0.00956132092 0 0 0
volume_proxy 127 -1.22291162 -0.140050848 0.0069688837 0 0 0
volume_proxy 130 0.93692635 0.0562322037 0.00155414128 0 0 0
volume_proxy 140 0.356297748 0.760729648 0.000676909115 0 0 0
volume_proxy 157 1.27008653 -0.109538749 -0.00855382958 0 0 0
volume_proxy 159 0.677446005 0.689711808 0.00637052035 0 0 0
volume_proxy 161 0.790535651 0.547762461 0.00655437118 0 0 0
volume_proxy 176 0.771004477 0.122908302 -0.00470407548 0 0 0
volume_proxy 186 -0.982088574 0.0763997859 -0.00501873109 0 0 0
volume_proxy 189 -0.486671793 0.958998153 -0.00721934897 0 0 0
volume_proxy 195 -0.256522572 -0.0954852388 0.00269564247 0 0 0
volume_proxy 196 0.602089376 -0.665088287 -0.00940619802 0 0 0
volume_proxy 200 -0.340713862 -0.55427494 -0.01027805 0 0 0
volume_proxy 202 -0.277246898 0.363559322 -0.00184356964 0 0 0
volume_proxy 209 -1.4286308 0.650960942 0.00293157165 0 0 0
volume_proxy 210 -0.866731506 0.648583421 0.00768595189 0 0 0
volume_proxy 226 0.339830872 -0.95382599 0.00651332676 0 0 0
volume_proxy 236 1.00001399 0.859845588 -0.000226290899 0 0 0
volume_proxy 247 1.40215293 0.924987625 0.0095178815 0 0 0
volume_proxy 256 -0.29613998 0.763825583 0.00748737329 0 0 0
volume_proxy 259 0.319690752 0.44715175 0.00179351795 0 0 0
volume_proxy 269 -0.149176468 -0.757753275 0.00289223193 0 0 0
volume_proxy 277 -1.40907717 0.24582865 -0.00715699543 0 0 0
volume_proxy 296 -0.31008662 -0.797257794 -0.00991433615 0 0 0
volume_proxy 305 0.149702446 -0.042463542 0.0102369506 0 0 0
volume_proxy 310 0.797531541 -0.968623477 -0.00346728328 0 0 0
volume_proxy 344 -0.979182876 0.75356216 0.000867601086 0 0 0
volume_proxy 347 -0.418876913 -0.284892703 -0.00332538864 0 0 0
volume_proxy 356 0.363253525 0.872812809 -0.00380842463 0 0 0
volume_proxy 375 0.780875998 -0.854808137 0.00515659118 0 0 0
volume_proxy 388 -0.0842809781 0.404397098 0.004603639 0 0 0
volume_proxy 802 1.2610392 -0.187020313 -0.00281682774 0 0 0
volume_proxy 1052 -0.523546693 -0.752608402 -0.000163055826 0 0 0
volume_proxy 1066 0.294922644 0.399623101 0.00454912436 0 0 0
volume_proxy 1120 -0.768922938 0.40248208 0.00950962836 0 0 0
volume_proxy 1166 -0.530850017 0.938260583 -0.00248071892 0 0 0
volume_proxy 1169 0.839494876 -0.916148098 0.00315882033 0 0 0
volume_proxy 1193 -1.46969614 -0.606354041 0.00113623492 0 0 0
volume_proxy 1225 -0.394613932 -0.440438966 0.00876921272 0 0 0
volume_proxy 1245 -1.33912569 0.740195134 0.0043471591 0 0 0
volume_proxy 1280 -1.17262298 0.190745325 -0.00700619298 0 0 0
volume_proxy 1285 -0.949466643 0.37109584 0.00643565315 0 0 0
volume_proxy 1295 -0.585218338 0.594765546 -0.00567352523 0 0 0
volume_proxy 1296 0.292341885 0.174899003 0.00992565915 0 0 0
volume_proxy 1335 0.812397008 -0.733792789 -0.00367450866 0 0 0
volume_proxy 1340 1.08246628 0.0618203662 0.00763941986 0 0 0
volume_proxy 1380 0.154814278 0.210443785 0.00806541152 0 0 0
volume_proxy 1386 0.267348752 0.515298868 -0.00865360898 0 0 0
volume_proxy 1397 0.935632478 0.0450008157 0.000374834737 0 0 0
volume_proxy 1409 0.789805947 0.884790168 0.00548036545 0 0 0
volume_proxy 1413 1.41887872 0.592313763 -0.00401170462 0 0 0
volume_proxy 1420 -1.34865866 -0.0871419049 -0.00779781422 0 0 0
volume_proxy 1422 1.29036711 -0.715012837 -0.00750667894 0 0 0
volume_proxy 1426 1.03792293 -0.122583413 -0.00203628141 0 0 0
volume_proxy 1429 1.17471177 -0.494691864 0.00116280294 0 0 0
volume_proxy 1433 1.22824184 0.606693765 -0.000882615441 0 0 0
volume_proxy 1434 -0.341276848 -0.957916174 0.00790406763 0 0 0
volume_proxy 1437 -0.115103675 -0.220002419 -0.00161891053 0 0 0
volume_proxy 1439 -0.38417954 0.819806907 -0.00335869833 0 0 0
volume_proxy 1440 1.12223804 -0.381082391 0.010160017 0 0 0
volume_proxy 1445 -0.143432067 -0.836762288 0.00786955939 0 0 0
volume_proxy 1447 0.809249122 -0.502639381 0.00386932403 0 0 0
volume_proxy 1459 -0.766693148 -0.0851316004 -0.0043450344 0 0 0
volume_proxy 1460 1.3039144 0.889096403 -0.00825946315 0 0 0
volume_proxy 1461 -0.928875685 0.62409826 -0.00823661887 0 0 0
volume_proxy 1466 -1.38751261 0.153761308 -0.00985530034 0 0 0
volume_proxy 1470 -1.48469227 -0.517965856 -0.00622528426 0 0 0
volume_proxy 1471 -0.0473659471 0.85069661 -0.00164015047 0 0 0
volume_proxy 1472 -0.99127949 0.398496293 -0.00267878904 0 0 0
volume_proxy 1474 0.986151208 -0.684892811 4.79512599e-05 0 0 0
volume_proxy 1481 1.04963564 0.682930319 -0.00299408406 0 0 0
volume_proxy 1482 0.610730745 -0.474097173 6.26805621e-05 0 0 0
volume_proxy 1485 0.169911662 -0.713152602 -0.00850388079 0 0 0
volume_proxy 1486 1.12281496 -0.440764678 -0.00377491978 0 0 0
volume_proxy 1489 -0.319005966 0.217821454 -0.0102990833 0 0 0
volume_proxy 1490 1.27185875 0.868567781 0.00818553448 0 0 0
volume_proxy 1492 0.50198314 0.850092558 -0.00718262194 0 0 0
volume_proxy 1493 0.298956289 0.0606368432 -0.0103523368 0 0 0
volume_proxy 1494 0.984524858 0.622933213 -0.00634128479 0 0 0
volume_proxy 1496 -1.07330078 0.22381893 0.00232444132 0 0 0
volume_proxy 1498 -1.13671992 0.23597061 -0.0105901649 0 0 0
volume_proxy 1501 -0.975413838 -0.901775806 0.00126311277 0 0 0
volume_proxy 1503 -0.128226392 0.212370033 -0.00784268085 0 0 0
volume_proxy 1505 -0.256995236 0.875128075 0.00927737917 0 0 0
volume_proxy 1506 0.494804403 0.915253033 -0.00877377263 0 0 0
volume_proxy 1507 -1.12581713 -0.529863305 -0.000927536506 0 0 0
volume_proxy 1508 -0.65207303 -0.961264309 -0.00569638684 0 0 0
volume_proxy 1509 -1.35844998 0.697372736 0.00928992967 0 0 0
volume_proxy 1510 0.445787809 -0.223552724 -0.00428774648 0 0 0
volume_proxy 1511 1.05047817 0.723080914 0.00167051087 0 0 0
volume_proxy 1512 -1.17751496 0.626399806 -0.00208560877 0 0 0
volume_proxy 1513 -0.589603244 0.713121393 0.00195911052 0 0 0
volume_proxy 1514 -1.49130397 0.270576624 -0.00417179743 0 0 0
volume_proxy 1515 0.405769507 0.38566139 0.00386506572 0 0 0
volume_proxy 1516 -0.906172522 -0.518637102 -0.000796065671 0 0 0
volume_proxy 1517 -1.04004461 -0.751926646 -0.00556266364 0 0 0
volume_proxy 1518 -1.03780119 -0.117877424 0.00993702346 0 0 0
volume_proxy 1519 0.177258816 -0.253015655 0.00644437049 0 0 0
