volume_proxy 0 -0.349330102 -0.505876968 0.00481157654 0 0 0
volume_proxy 6 -0.333272072 0.492971757 0.00578704414 0 0 0
volume_proxy 11 1.17443954 -0.00784914929 -0.0075536622 0 0 0
volume_proxy 12 1.26343807 -0.736776607 0.0039479039 0 0 0
volume_proxy 14 -1.21052947 0.562765481 0.00166885141 0 0 0
volume_proxy 23 1.20143057 -0.591909025 0.00168631172 0 0 0
volume_proxy 38 -0.947441435 -0.896512763 0.00227902637 0 0 0
volume_proxy 40 -0.917170242 -0.312610163 0.00838924585 0 0 0
volume_proxy 50 -1.27009631 -0.389275805 0.000786712781 0 0 0
volume_proxy 53 -1.0771055 0.757050379 0.00914436435 0 0 0
volume_proxy 58 0.943243203 -0.171197609 0.0104990474 0 0 0
volume_proxy 60 -0.293493377 0.615571979 -0.00939910836 0 0 0
volume_proxy 85 -0.913276367 0.767500894 -0.00673376928 0 0 0
volume_proxy 97 0.65573144 0.211239851 0.00793259693 0 0 0
volume_proxy 107 0.179682248 -0.224723878 0.00226835681 0 0 0
volume_proxy 127 -1.30550265 -0.473795464 -0.000193328282 0 0 0
volume_proxy 130 -0.320901387 -0.821522989 0.00309393027 0 0 0
volume_proxy 140 0.454071244 -0.435917718 -0.00151084348 0 0 0
volume_proxy 157 0.62338257 -0.377578922 0.00953205645 0 0 0
volume_proxy 159 0.222948189 0.491077046 -0.00464507292 0 0 0
volume_proxy 161 -0.121259441 -0.619747682 -0.000842215215 0 0 0
volume_proxy 176 0.608333855 0.291260491 0.00530592613 0 0 0
volume_proxy 186 -0.922824469 0.0734185472 0.00786688269 0 0 0
volume_proxy 189 -0.798006397 -0.688188659 0.00504145157 0 0 0
volume_proxy 195 -1.15380329 -0.822352727 -0.00450815895 0 0 0
volume_proxy 196 -0.45704945 0.302353699 0.00154916567 0 0 0
volume_proxy 200 -1.41882544 0.905002119 0.00630687491 0 0 0
volume_proxy 202 -0.420896068 0.161987678 -0.000245684526 0 0 0
volume_proxy 209 -1.125607 -0.142746086 -0.00701621927 0 0 0
volume_proxy 210 0.565077597 0.92332067 0.00703376809 0 0 0
volume_proxy 226 1.09276266 0.287616335 -0.0027322254 0 0 0
volume_proxy 236 0.693384361 -0.181687934 -0.00543356338 0 0 0
volume_proxy 247 0.31424805 -0.86048642 -0.00845796079 0 0 0
volume_proxy 256 0.0861071761 -0.469903509 -0.0057818053 0 0 0
volume_proxy 259 0.210434756 -0.375816497 -0.000697722994 0 0 0
volume_proxy 269 -0.963375091 0.893268546 0.000823839492 0 0 0
volume_proxy 277 -0.835313049 -0.473621588 0.0042842721 0 0 0
volume_proxy 296 -1.04265475 0.471096793 0.00815932124 0 0 0
volume_proxy 305 0.776879323 -0.7177701 -0.00793890835 0 0 0
volume_proxy 310 1.01462262 0.787891039 -0.00500590234 0 0 0
volume_proxy 344 -1.07033747 -0.718647525 -0.00810031309 0 0 0
volume_proxy 347 -0.671671845 0.67318159 0.00893650901 0 0 0
volume_proxy 356 -0.164666776 -0.0801407369 -0.00740354687 0 0 0
volume_proxy 375 0.803610358 -0.104605951 -0.00391423347 0 0 0
volume_proxy 388 1.09698428 -0.360557288 0.00262296078 0 0 0
volume_proxy 1052 -0.579190446 -0.135224335 0.0102805896 0 0 0
volume_proxy 1066 -0.283746903 0.261978084 -0.00661131652 0 0 0
volume_proxy 1120 -0.836649731 0.624076089 -0.00806733306 0 0 0
volume_proxy 1166 -0.847373696 -0.845528376 0.00185400541 0 0 0
volume_proxy 1193 -1.30539796 -0.246159889 0.00471924674 0 0 0
volume_proxy 1225 -1.2287463 -0.98108453 -0.000937297954 0 0 0
volume_proxy 1245 -1.39606734 0.862446432 0.000201507689 0 0 0
volume_proxy 1280 -1.41515112 0.975991899 0.00758254594 0 0 0
volume_proxy 1285 -0.440623643 0.821436963 -0.00713926749 0 0 0
volume_proxy 1295 0.48989167 -0.0327326734 0.00340339288 0 0 0
volume_proxy 1296 -0.4061958 -0.620250407 -0.00462649049 0 0 0
volume_proxy 1340 1.35093412 -0.0263502129 -0.00118787072 0 0 0
volume_proxy 1380 -1.276539 -0.482709724 0.00355604348 0 0 0
volume_proxy 1386 1.20021221 0.812154087 -0.00593514579 0 0 0
volume_proxy 1397 0.716294859 0.820352231 -0.00959734928 0 0 0
volume_proxy 1409 0.661809263 0.446470658 -0.00128958406 0 0 0
volume_proxy 1413 1.05861078 0.103051397 0.00404862047 0 0 0
volume_proxy 1422 0.59611637 -0.752191102 -0.00278394196 0 0 0
volume_proxy 1433 1.17760651 0.874906344 -0.00364090537 0 0 0
volume_proxy 1437 0.159286595 -0.985520473 0.000785431654 0 0 0
volume_proxy 1459 -0.719077984 -0.181517963 -0.00763655559 0 0 0
volume_proxy 1460 -0.550194733 0.203234203 -0.00613973836 0 0 0
volume_proxy 1461 -1.25146845 0.588963367 -0.00873565114 0 0 0
volume_proxy 1472 -1.4011709 -0.0311261341 0.00422773862 0 0 0
volume_proxy 1474 1.15082633 0.385179208 0.00380581949 0 0 0
volume_proxy 1481 0.27197631 0.161276105 -0.00346393182 0 0 0
volume_proxy 1482 1.30142791 0.99351826 -0.00561719755 0 0 0
volume_proxy 1485 0.826668262 -0.529134048 -0.00205402879 0 0 0
volume_proxy 1489 0.357437661 -0.701117606 0.00375957231 0 0 0
volume_proxy 1490 0.958505432 0.5765884 0.000715751414 0 0 0
volume_proxy 1496 -1.49174186 0.542436971 -0.00320220799 0 0 0
volume_proxy 1498 -0.130623445 -0.298602251 -0.00621129819 0 0 0
volume_proxy 1503 -1.30908553 -0.380043332 0.00685833656 0 0 0
volume_proxy 1506 0.419512265 0.734863152 0.00887905822 0 0 0
volume_proxy 1507 -0.488394507 -0.620970079 -0.00921468289 0 0 0
volume_proxy 1508 -0.615912993 -0.114656883 -0.00701879508 0 0 0
volume_proxy 1509 -0.981578044 -0.0176870697 0.00610647759 0 0 0
volume_proxy 1510 -0.438288385 -0.806551699 -0.00691907405 0 0 0
volume_proxy 1513 -1.33931761 0.519333863 0.00049460176 0 0 0
volume_proxy 1515 0.615607023 -0.684424158 -0.00618808835 0 0 0
volume_proxy 1516 -0.162973557 -0.749813316 0.00333070805 0 0 0
volume_proxy 1517 -1.3133753 -0.258534339 0.00193800293 0 0 0
volume_proxy 1519 0.193746186 -0.0597169188 -0.00705945852 0 0 0
volume_proxy 1520 0.145958709 -0.509035358 -0.000777952406 0 0 0
volume_proxy 1521 -1.47695657 -0.841635059 0.00919021038 0 0 0
volume_proxy 1523 0.213652959 -0.0740204751 -0.00543763329 0 0 0
volume_proxy 1525 -0.903563988 0.843591546 -0.00602797766 0 0 0
volume_proxy 1526 1.35863201 -0.315194607 0.00940249284 0 0 0
volume_proxy 1528 1.06912012 -0.84557011 -0.0080384582 0 0 0
volume_proxy 1529 -0.928373476 -0.320347232 -0.00465322181 0 0 0
volume_proxy 1531 0.404904666 0.936549413 0.00554566075 0 0 0
volume_proxy 1533 1.17543572 0.72206526 -0.00570692514 0 0 0
volume_proxy 1534 -0.603933268 0.0696363687 -0.000244018506 0 0 0
volume_proxy 1536 -0.950104092 -0.716328354 0.00612436227 0 0 0
volume_proxy 1537 -0.467000354 -0.486889263 0.00720186474 0 0 0
volume_proxy 1538 1.07247794 -0.212104041 -0.00712783365 0 0 0
volume_proxy 1539 0.488902259 0.797112194 0.00949768719 0 0 0
volume_proxy 1540 1.176966 0.265055108 -0.000871892282 0 0 0
