volume_proxy 0 -0.926772982 -0.205660793 -0.000515096317 0 0 0
volume_proxy 6 0.0646825311 0.288494266 -0.00334297046 0 0 0
volume_proxy 11 0.959125347 0.726414488 0.00621826819 0 0 0
volume_proxy 12 1.38592797 -0.410964076 0.000275403451 0 0 0
volume_proxy 14 -1.48250487 0.75503803 -0.00869779862 0 0 0
volume_proxy 23 1.26232838 0.119144043 -0.00194503064 0 0 0
volume_proxy 38 -0.653249687 -0.893576011 0.00338293147 0 0 0
volume_proxy 40 -1.22452085 -0.00614000584 -6.4348198e-05 0 0 0
volume_proxy 50 -1.03306695 -0.801492689 -0.00532190572 0 0 0
volume_proxy 53 -1.35822202 0.532188091 0.00655565271 0 0 0
volume_proxy 58 0.549332833 -0.471488847 -0.00757406989 0 0 0
volume_proxy 60 -0.561067952 0.843094096 0.000491852155 0 0 0
volume_proxy 85 -0.965628166 0.954261001 -0.00684740948 0 0 0
volume_proxy 97 0.344811076 0.959370928 0.00770705442 0 0 0
volume_proxy 107 0.0261493344 0.272869498 0.00208594057 0 0 0
volume_proxy 127 -1.35057123 -0.630471508 -0.00707648166 0 0 0
volume_proxy 130 0.10978931 -0.676503183 0.00753494728 0 0 0
volume_proxy 140 0.709395862 0.168785249 0.00390331387 0 0 0
volume_proxy 157 0.329475625 0.0822096446 0.00156644154 0 0 0
volume_proxy 159 -0.0632674931 0.66539829 0.00370318426 0 0 0
volume_proxy 161 -0.36696153 0.0384223531 0.00120820857 0 0 0
volume_proxy 176 1.07084568 0.382492507 -0.0107686644 0 0 0
volume_proxy 186 -1.14579425 0.206015484 -0.00395235945 0 0 0
volume_proxy 189 -0.878249659 -0.892423149 -0.00604215651 0 0 0
volume_proxy 195 -1.37098793 -0.960540329 0.00194418171 0 0 0
volume_proxy 196 -1.06983968 0.0153181437 -0.00976296084 0 0 0
volume_proxy 200 -1.14423401 0.746812955 0.00928140601 0 0 0
volume_proxy 202 -0.651497332 -0.504006016 -0.00526035921 0 0 0
volume_proxy 209 -1.15720294 0.201803614 -2.07638832e-05 0 0 0
volume_proxy 210 0.437565935 0.0976505965 0.00742210348 0 0 0
volume_proxy 226 1.18565797 0.185468766 0.00309529412 0 0 0
volume_proxy 236 0.503873421 0.450259023 0.00845084374 0 0 0
volume_proxy 247 -0.155613838 -0.902486263 -0.00793523329 0 0 0
volume_proxy 256 0.581663546 -0.888566249 0.00239269083 0 0 0
volume_proxy 259 0.851170245 0.000694457855 -0.00173469929 0 0 0
volume_proxy 269 -1.49208825 0.707058136 -0.00593045093 0 0 0
volume_proxy 277 -0.983470588 0.0414207699 0.000588320288 0 0 0
volume_proxy 296 -0.681430136 -0.0996616631 -0.0100940912 0 0 0
volume_proxy 305 0.596171877 -0.420579424 -0.00593442689 0 0 0
volume_proxy 310 1.46644681 0.622527957 -0.00283423572 0 0 0
volume_proxy 344 -0.32814399 -0.506629169 0.00533380958 0 0 0
volume_proxy 347 -0.655556523 0.798342262 0.0060511667 0 0 0
volume_proxy 356 -0.717229717 0.267777104 -0.00323697903 0 0 0
volume_proxy 375 1.47634982 -0.054809325 0.00529117001 0 0 0
volume_proxy 388 1.47215174 -0.405482522 0.00678823882 0 0 0
volume_proxy 1052 -1.30403072 -0.435407366 0.0012921444 0 0 0
volume_proxy 1066 -0.104737847 -0.000721182285 0.00364712832 0 0 0
volume_proxy 1120 -0.78954454 0.857615389 -0.00785876168 0 0 0
volume_proxy 1166 -0.870086656 -0.80583657 0.000961299547 0 0 0
volume_proxy 1193 -0.945439798 -0.0856974271 -0.001722812 0 0 0
volume_proxy 1225 -1.2882776 -0.945024638 0.00373270795 0 0 0
volume_proxy 1245 -1.05639695 0.690925851 -0.00626190975 0 0 0
volume_proxy 1280 -1.38410842 0.891763255 0.00189458656 0 0 0
volume_proxy 1285 -0.545718922 0.965017272 -0.00561250429 0 0 0
volume_proxy 1295 0.704325407 0.455334689 0.00968570556 0 0 0
volume_proxy 1296 -0.557979682 -0.406466892 -0.00629800841 0 0 0
volume_proxy 1340 1.35414311 -0.0698077958 0.00304494297 0 0 0
volume_proxy 1380 -1.42334167 -0.620298657 -0.00512232486 0 0 0
volume_proxy 1386 1.19223581 0.502736033 -0.00838255405 0 0 0
volume_proxy 1397 0.0535812901 0.789333901 -0.00135753019 0 0 0
volume_proxy 1409 0.507458067 0.287093424 0.00204679603 0 0 0
volume_proxy 1413 0.539564887 0.583529346 0.0103900974 0 0 0
volume_proxy 1422 1.38951666 -0.778700597 0.0102561127 0 0 0
volume_proxy 1433 1.45635657 0.733285629 -2.63514673e-05 0 0 0
volume_proxy 1437 -0.370747216 -0.989786116 -0.00221395412 0 0 0
volume_proxy 1459 -0.892124958 -0.403687627 0.0049557922 0 0 0
volume_proxy 1460 -1.06093132 0.0863877533 0.0071828787 0 0 0
volume_proxy 1461 -1.09822375 0.255774315 -0.00758356962 0 0 0
volume_proxy 1472 -1.15339932 -0.174121518 -0.00417842548 0 0 0
volume_proxy 1474 1.33892913 -0.0489354077 -0.00756025254 0 0 0
volume_proxy 1481 -0.435261822 0.200162603 0.00778532826 0 0 0
volume_proxy 1482 0.764743534 0.363581591 0.00186569004 0 0 0
volume_proxy 1485 0.73398155 -0.160888744 -0.00522371818 0 0 0
volume_proxy 1489 0.21421721 -0.825146622 -0.0054935125 0 0 0
volume_proxy 1490 0.551027104 0.543794269 0.00203177802 0 0 0
volume_proxy 1496 -1.32414278 0.662882903 0.0023540384 0 0 0
volume_proxy 1498 -0.353373923 -0.251088628 -0.00868509496 0 0 0
volume_proxy 1503 -1.30385644 -0.940778755 0.00475673299 0 0 0
volume_proxy 1506 0.31991801 0.785204413 0.004586687 0 0 0
volume_proxy 1507 -0.12841952 -0.249876486 -0.00440760709 0 0 0
volume_proxy 1508 -0.895784254 0.262282925 -0.0057193746 0 0 0
volume_proxy 1509 -1.04716273 -0.261113392 -0.00413899202 0 0 0
volume_proxy 1513 -1.23670073 0.143641075 -0.00555591926 0 0 0
volume_proxy 1515 0.186730731 -0.946368755 -0.00224753501 0 0 0
volume_proxy 1516 -0.180813486 -0.765862597 -1.2635092e-05 0 0 0
volume_proxy 1517 -1.24492365 -0.587915505 -0.00173174544 0 0 0
volume_proxy 1519 0.367491563 0.560811838 0.00618461091 0 0 0
volume_proxy 1520 0.0174106193 -0.347931087 0.00324329663 0 0 0
volume_proxy 1521 -0.959506807 -0.509320105 -0.00468887678 0 0 0
volume_proxy 1523 -0.103855571 -0.288314624 0.0021538482 0 0 0
volume_proxy 1525 -0.525312102 0.839721869 -0.00400627968 0 0 0
volume_proxy 1526 1.42776334 -0.151438308 -0.005010681 0 0 0
volume_proxy 1528 0.841557433 -0.70514379 0.0057677537 0 0 0
volume_proxy 1529 -0.740278466 -0.171923988 0.0105775145 0 0 0
volume_proxy 1531 0.400329056 0.851979516 0.00350624994 0 0 0
volume_proxy 1533 0.834163922 -0.00883398364 -0.00825135821 0 0 0
volume_proxy 1534 -0.580099222 0.0031050643 0.00532133018 0 0 0
volume_proxy 1537 -0.993090335 -0.577625318 -0.00979660216 0 0 0
volume_proxy 1538 1.19306229 -0.366975325 -0.00231403103 0 0 0
volume_proxy 1539 0.223068519 0.745753415 -0.0107416955 0 0 0
volume_proxy 1540 1.37410729 0.117058456 0.00445297906 0 0 0
volume_proxy 1541 -0.445007896 -0.945757831 0.0101369804 0 0 0
