volume_proxy 0 0.926615221 0.774083352 -0.00819047801 0 0 0
volume_proxy 5 1.39992177 -0.58700454 0.0103224176 0 0 0
volume_proxy 6 -0.462619039 0.563161942 0.000227132023 0 0 0
volume_proxy 11 1.42995757 0.75483005 0.00750450747 0 0 0
volume_proxy 12 0.429267207 -0.818089517 -0.00652793567 0 0 0
volume_proxy 14 -0.800984338 0.860737206 -0.00340727572 0 0 0
volume_proxy 23 1.4034985 -0.923542379 -0.00521746922 0 0 0
volume_proxy 38 0.425963273 0.289914447 -0.00449874463 0 0 0
volume_proxy 40 -0.340044594 -0.682831104 0.00317988111 0 0 0
volume_proxy 50 -1.04365066 0.0715692023 0.0031579833 0 0 0
volume_proxy 53 -0.759005786 0.356034594 0.00968274392 0 0 0
volume_proxy 58 1.08985894 -0.979094056 -0.0045732958 0 0 0
volume_proxy 60 0.356612835 0.489675832 -0.00644952932 0 0 0
volume_proxy 85 -0.42239995 0.491646679 -0.00190365013 0 0 0
volume_proxy 97 0.997867303 0.597620566 0.00269619218 0 0 0
volume_proxy 107 0.814683594 0.162924768 0.00364969947 0 0 0
volume_proxy 127 -1.22739666 0.0421864027 0.00182419705 0 0 0
volume_proxy 130 0.6576252 0.74913379 0.0101324569 0 0 0
volume_proxy 140 -0.530872424 0.668203509 -0.00335919657 0 0 0
volume_proxy 157 0.953779968 0.368261875 0.0103752886 0 0 0
volume_proxy 159 0.518585528 0.715360012 0.00335838275 0 0 0
volume_proxy 161 0.484128728 0.885861211 0.00779571277 0 0 0
volume_proxy 176 0.952962392 -0.450115857 0.00707862619 0 0 0
volume_proxy 186 -1.05640324 -0.170647361 0.00736273355 0 0 0
volume_proxy 189 -0.62025526 0.767993959 0.00803957054 0 0 0
volume_proxy 195 -0.0728989966 -0.0866471378 -0.000231313383 0 0 0
volume_proxy 196 0.720387547 0.528453819 0.00488897306 0 0 0
volume_proxy 200 -0.932315887 -0.825220174 0.00813116408 0 0 0
volume_proxy 202 0.0292890932 0.781302223 0.00811643027 0 0 0
volume_proxy 209 -0.853165948 -0.0757350252 0.00115357638 0 0 0
volume_proxy 210 -0.180859003 0.334556862 -0.0038756773 0 0 0
volume_proxy 226 0.423045251 -0.416917466 0.00302482473 0 0 0
volume_proxy 236 0.92360501 0.351989606 -0.00723457904 0 0 0
volume_proxy 247 1.26353179 0.97928282 0.00786124507 0 0 0
volume_proxy 256 -1.4631579 0.726361248 -0.00130389206 0 0 0
volume_proxy 259 0.371262465 0.536726373 0.00321497533 0 0 0
volume_proxy 269 -0.786857902 -0.308755936 0.00959150036 0 0 0
volume_proxy 277 -1.43657295 -0.302793035 -0.00746393507 0 0 0
volume_proxy 296 -0.966750869 -0.397481135 -0.0024485492 0 0 0
volume_proxy 305 0.615880974 0.0943831327 0.00192037885 0 0 0
volume_proxy 310 -0.630586883 -0.94225643 0.00227427785 0 0 0
volume_proxy 344 -1.47020725 0.659182443 -0.00028587819 0 0 0
volume_proxy 347 0.312800882 -0.0387824397 -0.0045619281 0 0 0
volume_proxy 356 -0.247962923 0.980273879 0.00331303766 0 0 0
volume_proxy 375 1.0252206 -0.850091989 0.00844924596 0 0 0
volume_proxy 388 0.173328896 -0.0574129145 0.00657951585 0 0 0
volume_proxy 802 1.31272871 -0.677412535 0.0006201578 0 0 0
volume_proxy 1052 -0.935610902 -0.833408417 -0.00996101014 0 0 0
volume_proxy 1066 -0.166193511 -0.152320322 0.00537042577 0 0 0
volume_proxy 1120 -0.368324503 -0.220485905 -0.00460421722 0 0 0
volume_proxy 1166 -0.657390167 0.13819189 -0.00794962213 0 0 0
volume_proxy 1169 0.843358974 -0.888786186 0.00791795741 0 0 0
volume_proxy 1193 -1.48979601 -0.493878737 -0.00377295994 0 0 0
volume_proxy 1225 -0.113601697 -0.157681258 0.00398020409 0 0 0
volume_proxy 1245 -1.46146204 0.1255748 0.00289677563 0 0 0
volume_proxy 1280 -0.988881813 0.60822827 0.0107315117 0 0 0
volume_proxy 1285 -1.16932644 -0.536831609 -0.00557347606 0 0 0
volume_proxy 1295 -0.661687416 0.149440706 0.0102720009 0 0 0
volume_proxy 1296 0.516228502 -0.334383793 0.0101048906 0 0 0
volume_proxy 1335 0.485566292 -0.667936165 -0.00757306499 0 0 0
volume_proxy 1340 1.02681152 0.408459193 0.00789614405 0 0 0
volume_proxy 1380 0.24036809 0.876869419 0.00393009368 0 0 0
volume_proxy 1386 0.210904357 0.144298765 0.00413617253 0 0 0
volume_proxy 1397 0.928686442 0.676081879 0.000320254347 0 0 0
volume_proxy 1409 -0.0710455452 0.977772434 0.00918232233 0 0 0
volume_proxy 1413 1.1788799 0.855324662 -0.00817744354 0 0 0
volume_proxy 1420 -0.848769273 -0.0783213244 0.00507199712 0 0 0
volume_proxy 1422 0.531157223 -0.621606374 0.00580041146 0 0 0
volume_proxy 1429 0.589387871 -0.631133205 -0.0044860896 0 0 0
volume_proxy 1433 1.43987196 0.915277759 0.00928690288 0 0 0
volume_proxy 1434 0.157366904 -0.992457021 0.00234289895 0 0 0
volume_proxy 1437 -0.168268205 0.0132082967 0.00326673464 0 0 0
volume_proxy 1439 0.289503858 0.204834374 -0.00881361204 0 0 0
volume_proxy 1447 0.769761722 -0.989893315 0.00968866558 0 0 0
volume_proxy 1459 -0.860096509 0.36104325 0.0039100175 0 0 0
volume_proxy 1460 0.996437606 0.668647154 -0.00978123837 0 0 0
volume_proxy 1461 -1.35408391 0.76639351 3.18828483e-05 0 0 0
volume_proxy 1466 -0.875038075 -0.0581943261 0.00911046908 0 0 0
volume_proxy 1470 -1.15575946 -0.116259163 -0.00628938545 0 0 0
volume_proxy 1472 -1.19008183 0.58238433 -0.00312071966 0 0 0
volume_proxy 1474 0.523099166 -0.916247152 0.00177217102 0 0 0
volume_proxy 1481 1.16305295 0.830565998 0.00782615459 0 0 0
volume_proxy 1482 1.26695276 -0.215853199 0.00929798432 0 0 0
volume_proxy 1485 0.472073753 -0.697735866 0.0041296154 0 0 0
volume_proxy 1489 0.0643348658 -0.443683854 -0.000712526606 0 0 0
volume_proxy 1490 1.29362664 0.933413544 0.00125827823 0 0 0
volume_proxy 1492 0.616238243 0.509356005 0.00137513445 0 0 0
volume_proxy 1493 0.428856113 0.19824678 -0.00512494745 0 0 0
volume_proxy 1494 1.11933232 0.0436069219 -0.00320899101 0 0 0
volume_proxy 1496 -1.13894679 0.974246045 -0.00313915033 0 0 0
volume_proxy 1498 -0.884636419 0.378217946 -0.0106190463 0 0 0
volume_proxy 1501 -0.47625711 -0.685523071 -0.00680937824 0 0 0
volume_proxy 1503 -0.230924032 0.578210719 0.00453143961 0 0 0
volume_proxy 1506 0.292874702 0.953581378 -0.00223595984 0 0 0
volume_proxy 1507 -1.07741663 -0.499401806 0.00711585482 0 0 0
volume_proxy 1508 -0.661413193 -0.796926062 0.00144998413 0 0 0
volume_proxy 1509 -0.996934973 0.65551699 -0.00152356291 0 0 0
volume_proxy 1510 0.237477196 -0.690215426 0.00859702356 0 0 0
volume_proxy 1511 1.43168091 0.61130529 0.00500648589 0 0 0
volume_proxy 1513 -1.17117003 0.865916738 0.00861031134 0 0 0
volume_proxy 1515 0.642413735 0.0851780261 -0.00135277815 0 0 0
volume_proxy 1516 -0.407881941 -0.739366506 0.00680366381 0 0 0
volume_proxy 1517 -0.772383444 -0.613766791 0.00242981174 0 0 0
volume_proxy 1518 -0.839049771 -0.0537227137 0.0088847973 0 0 0
volume_proxy 1519 0.317371775 -0.217760684 0.00190560971 0 0 0
volume_proxy 1520 0.245235923 -0.451101046 0.00506200664 0 0 0
volume_proxy 1521 -0.591898221 -0.198992218 0.00938850661 0 0 0
volume_proxy 1522 0.114387175 0.723467027 0.0097239032 0 0 0
volume_proxy 1523 1.47319568 -0.265367839 -0.00906927356 0 0 0
volume_proxy 1525 -1.00810494 0.679051291 0.00760394291 0 0 0
volume_proxy 1526 1.0960582 -0.202257246 0.0101285849 0 0 0
