volume_proxy 0 -0.624774883 -0.564805013 -0.00924898033 0 0 0
volume_proxy 6 0.0798470864 0.801911417 0.0103056129 0 0 0
volume_proxy 11 0.648075556 0.116225516 -0.00230640239 0 0 0
volume_proxy 12 1.06755025 -0.899100745 0.00737228704 0 0 0
volume_proxy 14 -1.24301751 0.703426735 -0.00457728474 0 0 0
volume_proxy 23 1.11035086 -0.839041285 0.00865940801 0 0 0
volume_proxy 38 -0.850869086 -0.74326073 -0.00757592913 0 0 0
volume_proxy 40 -0.620998249 -0.505123033 -0.00644858135 0 0 0
volume_proxy 50 -1.41106985 0.188511672 0.010126408 0 0 0
volume_proxy 53 -0.953834415 0.69422128 -0.00684753977 0 0 0
volume_proxy 58 0.884137136 -0.210553131 0.00178529592 0 0 0
volume_proxy 60 -0.298475313 0.721892908 -0.00357385275 0 0 0
volume_proxy 85 -1.12064455 0.755376579 0.00621121138 0 0 0
volume_proxy 97 0.971910209 0.354780247 0.000324464506 0 0 0
volume_proxy 107 0.0692691916 -0.00988331585 0.00531710035 0 0 0
volume_proxy 127 -1.25272101 -0.227397613 -0.00196202388 0 0 0
volume_proxy 130 0.331347741 -0.766526794 0.00770123268 0 0 0
volume_proxy 140 0.569694885 -0.000850107444 0.00878508661 0 0 0
volume_proxy 157 0.793855475 -0.552861414 0.00659885358 0 0 0
volume_proxy 159 0.568102753 0.650717299 0.00876282735 0 0 0
volume_proxy 161 -0.274590016 -0.786376332 -0.000619849165 0 0 0
volume_proxy 176 0.70992162 0.207902313 0.00819958483 0 0 0
volume_proxy 186 -1.47762207 0.0123309346 0.000168938387 0 0 0
volume_proxy 189 -0.687266801 -0.489282275 0.00476993178 0 0 0
volume_proxy 195 -1.26347758 -0.813273459 -0.0107275222 0 0 0
volume_proxy 196 -0.188082205 0.212789497 0.000138966503 0 0 0
volume_proxy 200 -1.13183054 0.552162677 0.00562892749 0 0 0
volume_proxy 202 -0.181989741 -0.340137306 -0.00489808824 0 0 0
volume_proxy 209 -1.1756889 0.00098483544 -0.00991653971 0 0 0
volume_proxy 210 0.847282218 0.657541024 -0.00578474452 0 0 0
volume_proxy 226 1.09546588 0.226837424 0.00891278005 0 0 0
volume_proxy 236 1.08861651 0.175756987 0.00181737638 0 0 0
volume_proxy 247 0.407774721 -0.751184249 0.00683200862 0 0 0
volume_proxy 256 0.015523651 -0.285397408 -0.0052161169 0 0 0
volume_proxy 259 0.133531051 -0.277755625 0.00545547784 0 0 0
volume_proxy 269 -0.857671006 0.865760697 -0.0084172855 0 0 0
volume_proxy 277 -0.531016547 -0.384514027 0.00536155226 0 0 0
volume_proxy 296 -0.978216178 0.746522893 0.00167775939 0 0 0
volume_proxy 305 0.932415973 -0.422049977 -0.0046820647 0 0 0
volume_proxy 310 1.3798853 0.834314068 -0.00865332759 0 0 0
volume_proxy 344 -0.870724648 -0.884244737 0.00756253822 0 0 0
volume_proxy 347 -0.380073526 0.619957995 -0.00512799778 0 0 0
volume_proxy 356 -0.567298706 0.0623760138 -0.00720734614 0 0 0
volume_proxy 375 1.02690771 -0.0206331982 -0.00856546202 0 0 0
volume_proxy 388 0.767922622 -0.585268686 -0.00688061171 0 0 0
volume_proxy 1052 -0.488587539 -0.0070760394 0.00396134618 0 0 0
volume_proxy 1066 -0.425536464 0.443135714 -0.000872915849 0 0 0
volume_proxy 1120 -0.797759509 0.576961836 -0.00878802354 0 0 0
volume_proxy 1166 -0.740171703 -0.833830017 -0.0029048783 0 0 0
volume_proxy 1193 -1.02607196 -0.315720462 0.00526604034 0 0 0
volume_proxy 1225 -1.47727455 -0.934415578 0.00513623934 0 0 0
volume_proxy 1245 -1.45858949 0.600077278 -0.000346862603 0 0 0
volume_proxy 1280 -1.27864249 0.827316829 0.00695224059 0 0 0
volume_proxy 1285 -0.353776469 0.743859066 0.00529232261 0 0 0
volume_proxy 1295 0.585454271 0.073397924 -0.00353826688 0 0 0
volume_proxy 1296 -0.165513784 -0.864945383 -0.000187400644 0 0 0
volume_proxy 1340 1.46277851 -0.0567349944 0.00118346558 0 0 0
volume_proxy 1380 -1.45111566 -0.427980092 0.00255210791 0 0 0
volume_proxy 1386 1.38474374 0.872334169 0.00750389977 0 0 0
volume_proxy 1397 0.720300756 0.567256151 -4.79783912e-05 0 0 0
volume_proxy 1409 0.68152832 0.370646735 -0.00758955993 0 0 0
volume_proxy 1413 1.16885009 0.363308859 -0.00551176006 0 0 0
volume_proxy 1422 0.254330941 -0.999077797 0.00158148036 0 0 0
volume_proxy 1433 1.0225358 0.672622672 -0.00419122769 0 0 0
volume_proxy 1437 0.296753629 -0.824734882 0.00873225237 0 0 0
volume_proxy 1459 -0.572405522 -0.515898217 0.00109073881 0 0 0
volume_proxy 1460 -0.445171569 0.59697919 -0.00795049899 0 0 0
volume_proxy 1461 -1.44920339 0.608779494 0.0031432855 0 0 0
volume_proxy 1472 -1.08542989 0.278843081 0.0094854839 0 0 0
volume_proxy 1474 1.40882077 0.0934030623 -0.00943603397 0 0 0
volume_proxy 1481 0.293539014 -0.030853366 0.00943177944 0 0 0
volume_proxy 1482 1.25662487 0.855644145 0.00188985 0 0 0
volume_proxy 1485 0.85177336 -0.638099422 -0.000902531401 0 0 0
volume_proxy 1489 0.537042338 -0.669514208 -0.00318588198 0 0 0
volume_proxy 1490 0.782535875 0.971969819 0.00242171298 0 0 0
volume_proxy 1496 -1.45847471 0.725465612 0.0010145351 0 0 0
volume_proxy 1498 0.0445908367 -0.332833857 -0.00305896497 0 0 0
volume_proxy 1503 -0.948059358 -0.926630163 -0.00083415244 0 0 0
volume_proxy 1506 0.37654148 0.843471905 -0.0106700851 0 0 0
volume_proxy 1507 -0.486870071 -0.644928014 -0.00678962117 0 0 0
volume_proxy 1508 -0.683542877 0.0473113432 -0.00431357326 0 0 0
volume_proxy 1509 -1.12406936 -0.230487771 -0.00696281657 0 0 0
volume_proxy 1510 -0.644101566 -0.813423296 -0.00448006503 0 0 0
volume_proxy 1513 -1.00564274 0.837055878 -0.0102632579 0 0 0
volume_proxy 1515 0.504263042 -0.818588237 0.00993271325 0 0 0
volume_proxy 1516 -0.218383941 -0.583474965 0.00694091789 0 0 0
volume_proxy 1517 -1.13409038 -0.333038281 0.00956645624 0 0 0
volume_proxy 1519 0.127019205 -0.575392232 -0.00252503614 0 0 0
volume_proxy 1520 -0.119877138 -0.505394992 -0.00494099449 0 0 0
volume_proxy 1521 -1.41398155 -0.915001573 -0.00646854318 0 0 0
volume_proxy 1523 0.069312807 0.00314287488 -0.00299238114 0 0 0
volume_proxy 1525 -0.902961149 0.716190815 0.00656228134 0 0 0
volume_proxy 1526 1.259979 -0.421342629 0.00132138458 0 0 0
volume_proxy 1528 0.950996183 -0.978314137 -0.00189592411 0 0 0
volume_proxy 1529 -1.06011248 -0.151338746 0.00520294271 0 0 0
volume_proxy 1531 0.611466499 0.596298221 -0.0068764794 0 0 0
volume_proxy 1533 1.49579825 0.483971044 -0.00731723761 0 0 0
volume_proxy 1534 -0.392450788 0.203913332 -0.00751767323 0 0 0
volume_proxy 1536 -0.81738495 -0.709814708 -0.00650567523 0 0 0
volume_proxy 1537 -0.624673152 -0.62463917 0.000770581685 0 0 0
volume_proxy 1538 1.02835737 -0.318402148 -0.010541815 0 0 0
volume_proxy 1539 0.472994631 0.856506819 0.00617629447 0 0 0
volume_proxy 1540 1.07057019 0.388754398 0.0106273217 0 0 0
