volume_proxy 0 1.25109554 0.197617199 0.00112555189 0 0 0
volume_proxy 5 0.633300902 -0.355740414 0.00288413528 0 0 0
volume_proxy 6 -0.411088632 -0.2599222 -0.00662450523 0 0 0
volume_proxy 11 0.992622524 0.207796178 -0.00646956617 0 0 0
volume_proxy 12 0.637367171 -0.335963476 0.00483664718 0 0 0
volume_proxy 14 -0.0509204404 0.308258162 0.00694925603 0 0 0
volume_proxy 23 1.1469188 -0.727838256 0.00719580553 0 0 0
volume_proxy 38 0.712689315 0.559167934 0.0107438405 0 0 0
volume_proxy 40 -0.213684028 -0.00276075601 0.00735990524 0 0 0
volume_proxy 50 -0.418822874 -0.706923198 0.00848120156 0 0 0
volume_proxy 53 -0.691147071 0.728463651 0.00193440459 0 0 0
volume_proxy 58 1.46317773 -0.28374954 0.00609191877 0 0 0
volume_proxy 60 1.16971074 0.231199774 -0.00224175779 0 0 0
volume_proxy 72 -0.232214466 0.173848796 0.0093696246 0 0 0
volume_proxy 85 -1.10224165 0.360007616 -0.000611957668 0 0 0
volume_proxy 97 0.942127795 0.162163653 0.00153314539 0 0 0
volume_proxy 105 1.16019498 -0.261228489 0.00468632872 0 0 0
volume_proxy 107 1.32445602 0.985437936 -0.00441396811 0 0 0
volume_proxy 127 -1.26421676 0.643052771 -0.00323904045 0 0 0
volume_proxy 130 1.27443702 0.326234867 -0.00652717191 0 0 0
volume_proxy 140 -0.649199245 0.910225079 -0.00985238798 0 0 0
volume_proxy 157 1.35541873 0.150154368 0.00457717973 0 0 0
volume_proxy 159 0.0623263338 0.90994707 0.00324804815 0 0 0
volume_proxy 161 0.559310318 0.258182433 -0.00648757584 0 0 0
volume_proxy 176 -0.025197148 -0.213151465 -0.000866145895 0 0 0
volume_proxy 186 -0.906911655 0.820474633 0.00777521656 0 0 0
volume_proxy 189 -0.741622209 0.881102861 0.000576573034 0 0 0
volume_proxy 195 -0.198091538 -0.0437225085 -0.00862120145 0 0 0
volume_proxy 196 0.213195516 -0.388047584 -0.00318509176 0 0 0
volume_proxy 200 -0.00816506211 -0.515610864 -0.00918777921 0 0 0
volume_proxy 202 -1.18384679 0.13546716 -0.00727974651 0 0 0
volume_proxy 209 -1.45867785 0.0466130233 0.00116303877 0 0 0
volume_proxy 210 -1.00963383 0.797069705 -0.00549179542 0 0 0
volume_proxy 226 0.379064316 -0.684026789 -0.00381480247 0 0 0
volume_proxy 236 0.827402135 0.711135857 -0.0104822347 0 0 0
volume_proxy 247 0.803550402 0.906159425 -0.000732840367 0 0 0
volume_proxy 256 -0.596160587 0.713083607 -0.00949636796 0 0 0
volume_proxy 259 0.425410159 -0.0842152723 0.00382588593 0 0 0
volume_proxy 269 0.226638382 -0.31780344 -0.00742743227 0 0 0
volume_proxy 277 -1.13701567 -0.457145084 -0.00632964435 0 0 0
volume_proxy 296 -0.00614440719 -0.515375004 -0.00652323169 0 0 0
volume_proxy 305 -0.0156177835 -0.546012804 -0.00500644951 0 0 0
volume_proxy 310 1.28145013 -0.279303936 -0.00751864004 0 0 0
volume_proxy 329 -1.13966304 -0.720598665 0.00634322345 0 0 0
volume_proxy 337 -0.571021371 0.426512292 -0.0069566816 0 0 0
volume_proxy 344 -1.27253525 0.739597518 0.000300180568 0 0 0
volume_proxy 347 -0.627264633 0.210466368 0.00325974598 0 0 0
volume_proxy 349 -0.657129694 0.10492861 -0.00668652545 0 0 0
volume_proxy 356 0.303123205 0.700098603 -0.0060736663 0 0 0
volume_proxy 375 0.584399427 -0.695637702 -0.00245879116 0 0 0
volume_proxy 388 -0.98841687 0.348351136 0.00301136896 0 0 0
volume_proxy 431 -1.31610898 -0.0394181331 -0.000320467073 0 0 0
volume_proxy 802 1.12708468 0.502088702 0.00251435677 0 0 0
volume_proxy 876 0.496919136 -0.988158951 0.0051800383 0 0 0
volume_proxy 1052 0.0301292213 -0.515704643 0.00872118296 0 0 0
volume_proxy 1066 0.309461388 0.771341845 -0.00129188496 0 0 0
volume_proxy 1120 -0.297829586 0.34839322 -0.000870102088 0 0 0
volume_proxy 1166 -0.595389738 0.894176876 -0.00563576368 0 0 0
volume_proxy 1169 1.39558828 -0.778050736 -0.00445221388 0 0 0
volume_proxy 1172 -0.0858564823 0.862728182 -0.00952081422 0 0 0
volume_proxy 1186 -0.529194455 -0.297106297 0.00587815349 0 0 0
volume_proxy 1193 -0.597760829 0.475979241 -0.00116394376 0 0 0
volume_proxy 1219 -0.701883448 0.874924895 -2.79263071e-05 0 0 0
volume_proxy 1225 0.0452297471 -0.15231364 -0.00768768872 0 0 0
volume_proxy 1245 -1.09679974 0.89982453 -0.00636803147 0 0 0
volume_proxy 1280 -1.444305 0.702245775 0.00440058299 0 0 0
volume_proxy 1285 -1.17693008 0.99649262 -0.00295152457 0 0 0
volume_proxy 1295 -0.99563553 0.980113315 -0.00215537088 0 0 0
volume_proxy 1296 0.312538039 0.132055384 0.000862610353 0 0 0
volume_proxy 1326 1.05473876 -0.552037973 -0.00803290152 0 0 0
volume_proxy 1335 0.35577533 -0.744128324 -0.00400914249 0 0 0
volume_proxy 1340 1.15497088 0.316373179 0.00186881952 0 0 0
volume_proxy 1380 -0.0147444437 0.176889159 0.000871613509 0 0 0
volume_proxy 1386 0.156238202 0.780420887 -0.00323870618 0 0 0
volume_proxy 1397 0.84830637 0.808605543 -0.000632039491 0 0 0
volume_proxy 1403 0.531749984 0.139834856 -0.00569477664 0 0 0
volume_proxy 1409 0.968392203 0.703968427 -0.000323827358 0 0 0
volume_proxy 1413 0.432179884 0.785446981 -0.00712904243 0 0 0
volume_proxy 1418 -1.34703874 0.199546163 0.00542831277 0 0 0
volume_proxy 1420 -1.31997711 -0.134058238 -0.00720277351 0 0 0
volume_proxy 1421 -1.29790574 -0.216136905 0.00319601877 0 0 0
volume_proxy 1422 1.17004056 -0.874165575 0.00470527555 0 0 0
volume_proxy 1423 -0.633406721 0.664711386 0.00294550383 0 0 0
volume_proxy 1426 0.851103536 -0.731801043 0.00744373824 0 0 0
volume_proxy 1429 1.16071386 -0.0955718101 -0.00655146741 0 0 0
volume_proxy 1433 1.02888951 0.530464428 -0.00454835317 0 0 0
volume_proxy 1434 0.238694316 -0.556297055 -0.000794249194 0 0 0
volume_proxy 1437 -0.253751911 -0.327786022 0.0102398589 0 0 0
volume_proxy 1439 -0.258891564 0.812101713 -0.00499097548 0 0 0
volume_proxy 1440 0.652759648 -0.29996542 0.0107549428 0 0 0
volume_proxy 1444 -1.43479781 -0.897514379 -0.010413201 0 0 0
volume_proxy 1445 0.324532911 -0.669163119 -0.00895558233 0 0 0
volume_proxy 1447 1.47355525 -0.643372655 -0.00658353938 0 0 0
volume_proxy 1459 -0.488691168 0.769198992 0.0100765118 0 0 0
volume_proxy 1460 0.656461404 0.0171816845 -0.000534882218 0 0 0
volume_proxy 1461 -0.933391861 0.5490805 -0.00375884071 0 0 0
volume_proxy 1462 -0.964526862 -0.569050291 0.0105970975 0 0 0
volume_proxy 1466 -0.633325976 -0.789456147 -0.00367706972 0 0 0
volume_proxy 1470 -1.26172669 -0.677245842 -0.00921628884 0 0 0
volume_proxy 1471 -0.0812624774 0.745337021 0.00342539792 0 0 0
volume_proxy 1472 -0.936446239 0.775561622 0.00461287302 0 0 0
volume_proxy 1474 1.02828477 -0.94009501 0.0059626025 0 0 0
volume_proxy 1475 1.14339885 -0.096876375 5.92498493e-05 0 0 0
volume_proxy 1481 1.3394475 0.742922382 -0.00648797295 0 0 0
volume_proxy 1482 0.537259685 -0.775922587 0.00324681665 0 0 0
volume_proxy 1485 0.121892135 -0.742697765 0.0039222249 0 0 0
volume_proxy 1486 1.17397625 -0.437689137 -0.00886778539 0 0 0
volume_proxy 1489 -0.365092916 0.521264145 0.0074368424 0 0 0
volume_proxy 1490 1.21674949 0.854701778 -0.00199468489 0 0 0
volume_proxy 1492 0.14853822 0.498918467 0.00659502823 0 0 0
volume_proxy 1493 0.278093094 0.250807538 -0.00765623818 0 0 0
volume_proxy 1494 0.918551089 0.732717818 0.00869771141 0 0 0
volume_proxy 1495 0.740471125 -0.619160725 -0.00139670261 0 0 0
volume_proxy 1496 -0.688863354 0.55882821 -0.00344115999 0 0 0
volume_proxy 1497 0.225028543 0.585182302 0.00193412416 0 0 0
volume_proxy 1498 -1.2785556 0.629459426 0.00449785419 0 0 0
volume_proxy 1501 -0.914927806 -0.805389913 0.00561524636 0 0 0
volume_proxy 1502 -1.0295596 -0.474522596 0.0090364833 0 0 0
volume_proxy 1503 -0.566975434 0.260692335 -0.00855705609 0 0 0
volume_proxy 1505 -0.127552751 0.799958817 -0.009896831 0 0 0
volume_proxy 1506 0.239159251 0.499490706 -0.000601729466 0 0 0
volume_proxy 1507 -0.684671571 -0.579692313 -0.00236085135 0 0 0
volume_proxy 1508 -0.100506875 -0.829468166 0.00889588761 0 0 0
volume_proxy 1509 -1.33635919 0.969464222 -0.0028797886 0 0 0
