volume_proxy 0 1.29444818 -0.330289758 -0.0094598809 0 0 0
volume_proxy 5 0.896104466 0.234936235 0.00734444834 0 0 0
volume_proxy 6 0.219954787 0.0372314729 -0.00660080083 0 0 0
volume_proxy 11 0.761466212 0.0506059199 0.00521987159 0 0 0
volume_proxy 12 1.48706698 -0.307882368 -0.00658997817 0 0 0
volume_proxy 14 -0.183532333 -0.0796601327 0.0043341643 0 0 0
volume_proxy 23 0.488119608 -0.641391799 -0.00729180435 0 0 0
volume_proxy 38 0.760279748 -0.100568685 0.00608675482 0 0 0
volume_proxy 40 0.182876997 -0.80488279 -0.00609922948 0 0 0
volume_proxy 50 -0.454446374 -0.576378012 -0.00570552319 0 0 0
volume_proxy 53 -0.47897012 -0.0195001565 -0.00760258974 0 0 0
volume_proxy 58 0.937114201 -0.603745244 -0.0090678529 0 0 0
volume_proxy 60 1.02601765 0.722034555 -0.0107282134 0 0 0
volume_proxy 61 0.181803357 -0.833766898 -0.0089580073 0 0 0
volume_proxy 72 0.212805081 0.1629993 -0.00219370729 0 0 0
volume_proxy 85 -1.03147091 -0.247038601 -2.84162115e-05 0 0 0
volume_proxy 88 -1.20621889 -0.797836369 0.00517984809 0 0 0
volume_proxy 97 1.12091183 -0.0236419159 0.00712278421 0 0 0
volume_proxy 101 -0.990525254 0.980389924 -0.00110233681 0 0 0
volume_proxy 105 0.0789037586 -0.149308521 -0.00460332274 0 0 0
volume_proxy 107 1.13467459 0.412757388 0.00525490476 0 0 0
volume_proxy 127 -0.763726508 0.503156273 -0.00507798531 0 0 0
volume_proxy 130 1.2993298 0.486585583 0.000487805164 0 0 0
volume_proxy 140 -0.452194334 -0.026088837 -0.00380796356 0 0 0
volume_proxy 157 1.18618852 -0.109174998 0.00297933464 0 0 0
volume_proxy 159 0.29090877 -0.24086252 -0.00916983767 0 0 0
volume_proxy 161 0.566416036 0.191285326 -0.00647244467 0 0 0
volume_proxy 176 0.690485699 -0.753865354 -0.00998798106 0 0 0
volume_proxy 186 -0.219220764 0.0922968445 0.00402533199 0 0 0
volume_proxy 189 -1.09229433 0.735028996 -0.00838091071 0 0 0
volume_proxy 195 -0.0476474569 0.36704201 -0.007568915 0 0 0
volume_proxy 196 0.446382218 0.0280386326 0.00967141817 0 0 0
volume_proxy 200 -0.46290484 -0.747156147 -0.0085142343 0 0 0
volume_proxy 202 -1.06323912 0.68535955 -0.00797266348 0 0 0
volume_proxy 209 -0.738002685 0.11695313 -0.00247783214 0 0 0
volume_proxy 210 -0.790392362 0.295042168 -0.00466843758 0 0 0
volume_proxy 226 -0.514954775 -0.464689229 0.00181899806 0 0 0
volume_proxy 236 0.197337335 0.753918563 0.00274376687 0 0 0
volume_proxy 247 0.210767301 0.398587765 -0.00178125045 0 0 0
volume_proxy 256 -0.759403372 0.0951878318 -0.00976639117 0 0 0
volume_proxy 259 0.207013793 0.169476592 0.00105989398 0 0 0
volume_proxy 269 0.206393311 -0.379632066 0.00553097384 0 0 0
volume_proxy 277 -1.34548579 -0.44359639 -0.00604606216 0 0 0
volume_proxy 294 -0.0406726645 0.433712183 -0.00516164484 0 0 0
volume_proxy 296 0.0734828737 -0.162193068 0.00269012531 0 0 0
volume_proxy 298 1.20873441 -0.685680407 -0.00198678488 0 0 0
volume_proxy 305 0.878845727 -0.880612684 0.00661135055 0 0 0
volume_proxy 310 0.912120554 0.204537599 -0.00638370532 0 0 0
volume_proxy 329 -0.784168261 -0.74686075 0.00672522565 0 0 0
volume_proxy 337 -1.10542364 0.831401202 0.0106780808 0 0 0
volume_proxy 344 -0.655712471 0.67066264 0.00778136483 0 0 0
volume_proxy 347 -0.287741997 -0.6230619 0.00272088126 0 0 0
volume_proxy 349 -0.760641576 0.492455507 0.00678076358 0 0 0
volume_proxy 356 0.520701105 0.689377754 -0.00586758044 0 0 0
volume_proxy 375 1.07438092 -0.33284867 -0.00358766702 0 0 0
volume_proxy 388 -1.42218379 0.961944632 0.00978618076 0 0 0
volume_proxy 431 -1.06132539 -0.459374554 0.00549954374 0 0 0
volume_proxy 802 1.09687382 -0.463164713 0.00147306715 0 0 0
volume_proxy 876 0.202549318 -0.852261587 -0.0101267044 0 0 0
volume_proxy 1020 -1.42199196 0.903740517 -0.00860652708 0 0 0
volume_proxy 1052 0.0978265779 -0.993080652 -0.00906336952 0 0 0
volume_proxy 1066 0.670304889 0.452370038 0.00440527389 0 0 0
volume_proxy 1093 0.0343608616 0.168050276 0.00249033656 0 0 0
volume_proxy 1120 -0.67781206 0.836938861 0.00285221481 0 0 0
volume_proxy 1166 -0.695154985 0.686265932 0.00728786039 0 0 0
volume_proxy 1169 1.24007448 -0.932076946 -0.00708602202 0 0 0
volume_proxy 1172 -0.0999573019 0.630757063 0.000995355394 0 0 0
volume_proxy 1186 -0.533081417 -0.374558958 -0.00595362461 0 0 0
volume_proxy 1193 -0.788709768 -0.00611073139 0.00346838801 0 0 0
volume_proxy 1210 -1.32396372 0.771852993 -0.000250363747 0 0 0
volume_proxy 1217 -0.326248257 -0.0524582277 -0.00372377332 0 0 0
volume_proxy 1219 -1.04296498 0.947694366 0.00249530791 0 0 0
volume_proxy 1225 -0.0369452099 -0.637748485 -0.00813782513 0 0 0
volume_proxy 1245 -1.43187877 0.802458008 0.0052853688 0 0 0
volume_proxy 1270 -0.0146988905 0.157500949 -0.00212367272 0 0 0
volume_proxy 1280 -1.40426135 0.681828333 0.00550002728 0 0 0
volume_proxy 1285 -1.32777125 0.958747946 0.0100347374 0 0 0
volume_proxy 1292 0.72796484 0.250643342 0.00262222472 0 0 0
volume_proxy 1295 -1.16715272 0.678674466 -0.00300037495 0 0 0
volume_proxy 1296 0.0946705876 -0.144059888 0.0107778142 0 0 0
volume_proxy 1301 -1.00154105 0.88809606 0.00489376957 0 0 0
volume_proxy 1308 -0.488926265 0.95802557 -0.00952197216 0 0 0
volume_proxy 1318 1.25614201 -0.494967399 0.00923693654 0 0 0
volume_proxy 1326 0.340791009 -0.215091481 0.00990348753 0 0 0
volume_proxy 1335 0.252679356 -0.412396249 -0.00412105341 0 0 0
volume_proxy 1340 0.950387377 0.596411481 0.00716080475 0 0 0
volume_proxy 1366 0.94999842 0.984298756 -0.00395185665 0 0 0
volume_proxy 1380 -0.556836671 0.617538142 -0.00285425404 0 0 0
volume_proxy 1381 0.592492953 0.641669425 -0.00935275649 0 0 0
volume_proxy 1386 0.653007935 0.929251149 0.0068696465 0 0 0
volume_proxy 1388 0.71990365 0.216624563 0.000186365018 0 0 0
volume_proxy 1390 -1.40361072 0.870044709 -0.00505950766 0 0 0
volume_proxy 1392 -0.0591132055 -0.729752727 0.00985155471 0 0 0
volume_proxy 1397 0.564329933 0.397689744 0.00705146531 0 0 0
volume_proxy 1398 -1.41278528 0.507809458 -0.00547067518 0 0 0
volume_proxy 1403 0.532768494 0.0508788826 0.000258358291 0 0 0
volume_proxy 1405 -0.10161847 0.431787521 -0.00670200183 0 0 0
volume_proxy 1408 0.570587794 0.748731034 0.00646838359 0 0 0
volume_proxy 1409 1.28885158 0.282755767 0.00730680681 0 0 0
volume_proxy 1413 0.654617617 0.841067222 -0.0100200538 0 0 0
volume_proxy 1418 -1.4558783 -0.160563031 0.0102095654 0 0 0
volume_proxy 1420 -1.32362264 -0.114466611 -0.00836978512 0 0 0
volume_proxy 1421 -1.46818486 -0.313635796 0.00441290622 0 0 0
volume_proxy 1422 1.01756326 -0.972938091 0.00812666426 0 0 0
volume_proxy 1423 -0.422844699 0.567883789 -0.00821689194 0 0 0
volume_proxy 1425 -1.16406604 -0.782488527 -0.00979580582 0 0 0
volume_proxy 1426 0.861423798 -0.412907677 -0.00478630307 0 0 0
volume_proxy 1428 -0.211113676 0.567153986 -0.00639715709 0 0 0
volume_proxy 1429 1.12824654 -0.178455404 0.00478931836 0 0 0
volume_proxy 1433 1.03083454 0.194004181 0.00101679538 0 0 0
volume_proxy 1434 0.687380254 -0.492847862 0.00353372037 0 0 0
volume_proxy 1436 -0.964709062 -0.903520679 -0.000471901364 0 0 0
volume_proxy 1437 -0.289196869 -0.459312067 -0.00668635891 0 0 0
volume_proxy 1439 -0.659362459 0.841558959 0.00729034759 0 0 0
volume_proxy 1440 0.185975704 -0.42463395 -0.0103201219 0 0 0
volume_proxy 1444 -0.736755634 -0.686849155 0.00149087509 0 0 0
volume_proxy 1445 0.343589631 -0.723511392 -0.00745842535 0 0 0
volume_proxy 1447 1.26102479 -0.555273563 -0.00303382427 0 0 0
volume_proxy 1448 0.188309031 -0.175699055 0.000328798055 0 0 0
volume_proxy 1454 -1.03799391 -0.948354121 -0.00172163643 0 0 0
volume_proxy 1459 -1.02775758 0.9745953 0.00120407596 0 0 0
volume_proxy 1460 0.997788099 0.322155083 -0.00807268507 0 0 0
volume_proxy 1461 -1.36140573 0.345686258 -0.00611902341 0 0 0
volume_proxy 1462 -0.941537922 -0.798338704 -0.00759188208 0 0 0
volume_proxy 1464 -0.953392818 -0.946726051 0.00618094513 0 0 0
volume_proxy 1465 1.26210175 -0.808247525 0.00339465099 0 0 0
volume_proxy 1466 -1.30609981 -0.833184429 -0.00626163007 0 0 0
volume_proxy 1470 -1.27099118 -0.847965058 0.00456396037 0 0 0
volume_proxy 1471 -0.0560992921 0.937172167 0.0053562987 0 0 0
volume_proxy 1472 -0.275454301 0.842803474 0.00821185443 0 0 0
volume_proxy 1473 -0.524698074 0.821701489 -0.00977744069 0 0 0
volume_proxy 1474 0.753316799 -0.801723672 0.0025740848 0 0 0
volume_proxy 1475 0.879529382 0.21528975 -0.00136455923 0 0 0
volume_proxy 1477 -0.0383263127 -0.252669512 -0.00469179488 0 0 0
volume_proxy 1478 -0.0521483818 -0.237340946 -0.0107905366 0 0 0
volume_proxy 1479 0.722661897 0.889551048 0.00374099173 0 0 0
volume_proxy 1480 1.38229027 -0.506144014 -0.000723207668 0 0 0
volume_proxy 1481 1.19750388 0.694667496 0.00387486998 0 0 0
volume_proxy 1482 0.192276201 -0.931116039 0.000753794891 0 0 0
volume_proxy 1483 0.173728614 -0.892563153 -0.001658525 0 0 0
volume_proxy 1484 0.0590077757 0.323630952 -0.0107196956 0 0 0
