volume_proxy 0 1.31990632 0.0772885945 -0.00396903551 0 0 0
volume_proxy 5 0.671029788 0.189629659 0.00998568466 0 0 0
volume_proxy 6 0.493846569 -0.241215388 -0.0105987123 0 0 0
volume_proxy 11 0.775495888 0.401013169 -0.00532726546 0 0 0
volume_proxy 12 1.28239516 -0.249293498 -0.00769266881 0 0 0
volume_proxy 14 -0.0856306188 -0.391590983 0.0105363683 0 0 0
volume_proxy 23 0.170571662 -0.142183284 0.00956407598 0 0 0
volume_proxy 38 0.634675892 -0.0262862316 0.00145719917 0 0 0
volume_proxy 40 0.115355371 -0.935725109 -0.0101707791 0 0 0
volume_proxy 50 -0.19919883 -0.154109937 0.00583678584 0 0 0
volume_proxy 53 -0.129032683 0.0205969266 -0.00587569391 0 0 0
volume_proxy 58 1.20602046 -0.528903405 -0.00640034238 0 0 0
volume_proxy 60 0.526216862 0.432489695 -0.00206541864 0 0 0
volume_proxy 61 0.220710474 -0.710623301 -0.00616623627 0 0 0
volume_proxy 72 0.394599602 0.129575878 0.00422506965 0 0 0
volume_proxy 85 -1.20946485 -0.239847094 -0.00488486907 0 0 0
volume_proxy 88 -0.713535204 -0.447112438 0.000209256513 0 0 0
volume_proxy 97 1.21897644 -0.303611687 0.0102758044 0 0 0
volume_proxy 101 -1.13205652 0.985637148 -0.00544484368 0 0 0
volume_proxy 105 0.263405667 -0.215930756 0.000210578803 0 0 0
volume_proxy 107 1.38202483 0.166435733 0.00929512717 0 0 0
volume_proxy 108 1.17442121 0.424196804 0.00918324445 0 0 0
volume_proxy 127 -0.819246937 0.852432373 0.00579784232 0 0 0
volume_proxy 130 1.46874585 0.463545898 0.00471318708 0 0 0
volume_proxy 140 -0.581156071 0.172869658 0.00106945641 0 0 0
volume_proxy 157 0.829160116 -0.0583780827 -0.00751998911 0 0 0
volume_proxy 159 0.157532855 -0.151721444 -0.00454643534 0 0 0
volume_proxy 161 0.184288014 0.058440119 0.0062289976 0 0 0
volume_proxy 176 0.58228789 -0.696240565 0.0021598503 0 0 0
volume_proxy 186 0.522290619 0.19880404 -0.0103937693 0 0 0
volume_proxy 189 -1.14093489 0.330922481 0.0101606436 0 0 0
volume_proxy 195 0.187740004 -0.291367966 -0.0071808127 0 0 0
volume_proxy 196 0.256171879 0.254781748 0.00395562995 0 0 0
volume_proxy 200 -0.245876674 -0.908096616 -0.000154454845 0 0 0
volume_proxy 202 -1.46963973 0.787950818 0.00544118866 0 0 0
volume_proxy 209 -0.683696967 0.122532172 -0.00677139383 0 0 0
volume_proxy 210 -0.46419507 0.207483915 0.00994140862 0 0 0
volume_proxy 226 -0.574417015 0.0921860141 -0.0102295755 0 0 0
volume_proxy 236 0.262451308 0.615386567 -0.00203902127 0 0 0
volume_proxy 244 1.16969814 0.664907351 0.0101946603 0 0 0
volume_proxy 247 1.00269858 0.235650542 0.000736826699 0 0 0
volume_proxy 256 -0.278829736 0.0449473852 0.00594791734 0 0 0
volume_proxy 259 0.0729806639 -0.398324554 -0.0059825477 0 0 0
volume_proxy 269 -0.0128362172 -0.1746266 0.00851389637 0 0 0
volume_proxy 277 -0.505076421 -0.253827573 0.0064565508 0 0 0
volume_proxy 294 0.0331843814 0.0752726674 -0.00978485578 0 0 0
volume_proxy 296 -0.342071937 -0.311480523 0.00675453827 0 0 0
volume_proxy 298 1.47846949 -0.560498271 0.00571223894 0 0 0
volume_proxy 305 0.686917784 -0.0835742947 -0.00768758978 0 0 0
volume_proxy 310 1.0854703 0.442491764 -0.00453064433 0 0 0
volume_proxy 311 1.06988478 -0.998772516 0.000173297777 0 0 0
volume_proxy 329 -0.863534808 -0.372549804 -0.000509995226 0 0 0
volume_proxy 337 -0.708245077 0.729653005 -0.00101396549 0 0 0
volume_proxy 344 -0.445984293 0.262977478 -0.0105364493 0 0 0
volume_proxy 347 -0.415594405 -0.874108843 -0.00505871127 0 0 0
volume_proxy 349 -0.0937358836 -0.0536922141 -0.00192444495 0 0 0
volume_proxy 356 0.259066173 0.247623743 -0.0103305044 0 0 0
volume_proxy 375 1.23697794 -0.372333599 -0.0090695554 0 0 0
volume_proxy 388 -1.0564326 0.898148122 -0.00747717974 0 0 0
volume_proxy 431 -1.20634897 -0.83003931 0.0010117091 0 0 0
volume_proxy 518 0.908170749 0.818079862 0.0087699846 0 0 0
volume_proxy 802 1.07777989 -0.834698072 -0.00613211193 0 0 0
volume_proxy 876 0.210249106 -0.817658937 0.00202632848 0 0 0
volume_proxy 904 -0.180454773 0.357876169 0.0066566319 0 0 0
volume_proxy 914 0.156205414 -0.889877905 0.00364595639 0 0 0
volume_proxy 1020 -1.37019967 0.946238029 -0.00145108153 0 0 0
volume_proxy 1052 0.137178457 -0.525913306 0.0103743798 0 0 0
volume_proxy 1066 0.817031782 0.506191314 0.00295129219 0 0 0
volume_proxy 1093 -0.0762773819 -0.0731988183 0.00915537922 0 0 0
volume_proxy 1118 0.126010939 -0.468968703 -0.00106323608 0 0 0
volume_proxy 1120 -0.489527807 0.864095519 0.00769785212 0 0 0
volume_proxy 1138 1.48361579 -0.729869486 0.00783103861 0 0 0
volume_proxy 1166 -0.786813578 0.521404905 0.00752469126 0 0 0
volume_proxy 1169 1.40930334 -0.909934365 -0.00267273411 0 0 0
volume_proxy 1172 -0.114302883 0.755851692 -0.00734043645 0 0 0
volume_proxy 1180 -1.39198473 -0.359216902 0.00876835927 0 0 0
volume_proxy 1186 -0.683355076 -0.678951567 -0.00242981004 0 0 0
volume_proxy 1193 -0.91881153 -0.410500595 0.00917749466 0 0 0
volume_proxy 1209 -1.47210272 0.748897095 -0.00608502521 0 0 0
volume_proxy 1210 -1.03513013 0.792945815 -0.0045424301 0 0 0
volume_proxy 1217 -0.468573455 0.247501807 -0.00855043381 0 0 0
volume_proxy 1219 -1.06567011 0.691457471 -0.00917904161 0 0 0
volume_proxy 1225 0.0543742405 -0.468465696 0.000969327579 0 0 0
volume_proxy 1230 1.12402179 -0.173823227 -0.000980137631 0 0 0
volume_proxy 1237 0.174505842 0.980843369 0.00436067801 0 0 0
volume_proxy 1238 0.671283797 0.739222176 -0.00687103034 0 0 0
volume_proxy 1245 -1.40895625 0.615021884 0.00280640161 0 0 0
volume_proxy 1255 1.24992223 -0.624054892 -0.00396485134 0 0 0
volume_proxy 1259 -1.37395757 0.642794481 -0.00720259346 0 0 0
volume_proxy 1270 0.285214818 -0.156386072 -0.000403727159 0 0 0
volume_proxy 1280 -1.07376476 0.488335006 -0.00508201593 0 0 0
volume_proxy 1285 -1.35196595 0.694533576 -0.00250221102 0 0 0
volume_proxy 1292 0.495336082 0.10417018 0.00517071657 0 0 0
volume_proxy 1295 -1.39716785 0.760208231 0.00935662881 0 0 0
volume_proxy 1296 -0.0795696926 -0.101469908 -0.00227777863 0 0 0
volume_proxy 1297 -0.116356412 -0.857964634 -0.00516142532 0 0 0
volume_proxy 1301 -0.627329962 0.624663788 -0.00114112066 0 0 0
volume_proxy 1308 -0.471400791 0.975905953 -0.00808025787 0 0 0
volume_proxy 1318 0.997794956 -0.570200767 0.00538040303 0 0 0
volume_proxy 1326 0.0652802884 -0.343465966 0.00496262653 0 0 0
volume_proxy 1334 -0.895134245 -0.618716933 -0.00525269463 0 0 0
volume_proxy 1335 0.095475025 -0.729598782 0.00703514494 0 0 0
volume_proxy 1340 0.688964564 0.62041862 -0.00253084892 0 0 0
volume_proxy 1347 -0.0115637939 0.774634597 -0.00162203463 0 0 0
volume_proxy 1348 1.39493647 -0.954786206 -0.000427753962 0 0 0
volume_proxy 1358 -0.19630357 0.052781715 -0.00847591775 0 0 0
volume_proxy 1361 1.40350169 0.790120596 -0.00872338109 0 0 0
volume_proxy 1366 1.31245444 0.829161617 -0.00899308596 0 0 0
volume_proxy 1379 0.512492536 0.498446214 -0.00625393561 0 0 0
volume_proxy 1380 -0.661174385 0.76164517 0.00546184987 0 0 0
volume_proxy 1381 0.742601279 0.619939607 0.00257632539 0 0 0
volume_proxy 1384 0.29927433 0.0106946053 0.0073594053 0 0 0
volume_proxy 1385 0.989152701 0.518694607 -0.00558295614 0 0 0
volume_proxy 1386 0.890254403 0.842019968 -0.00184803565 0 0 0
volume_proxy 1388 0.489978689 0.344223187 0.00683330882 0 0 0
volume_proxy 1389 -0.164025046 0.766122269 -0.00409037535 0 0 0
volume_proxy 1390 -1.28446936 0.886357153 -0.00566169351 0 0 0
volume_proxy 1392 0.00268323696 -0.937757198 0.0036906785 0 0 0
volume_proxy 1395 0.96505693 0.0887511852 -0.00850801792 0 0 0
volume_proxy 1397 -0.0857741376 0.492086758 -0.00439956249 0 0 0
volume_proxy 1398 -1.01766517 0.472121544 -0.00840966747 0 0 0
volume_proxy 1403 0.657725653 0.17844103 0.00621377031 0 0 0
volume_proxy 1405 0.418490284 0.419188014 -0.00200174501 0 0 0
volume_proxy 1406 0.0277029926 -0.747588873 -0.00372387205 0 0 0
volume_proxy 1408 0.237570518 0.829538379 0.00302022887 0 0 0
volume_proxy 1409 1.21983334 0.280415016 0.00964948215 0 0 0
volume_proxy 1413 0.587758777 0.797740652 0.00842999161 0 0 0
volume_proxy 1414 1.28272518 0.556970185 0.00935269623 0 0 0
volume_proxy 1415 1.29483196 -0.130719125 -0.00413187634 0 0 0
volume_proxy 1418 -1.40103258 -0.148565624 -0.00470820068 0 0 0
volume_proxy 1419 -1.24462363 -0.923910376 0.00595669852 0 0 0
volume_proxy 1420 -1.20622318 -0.361470003 0.00107647529 0 0 0
volume_proxy 1421 -1.24900873 0.0204085066 0.00832765862 0 0 0
volume_proxy 1422 0.671186925 -0.836782405 -0.000821931873 0 0 0
volume_proxy 1423 -0.428281404 0.185384765 -0.00218458495 0 0 0
volume_proxy 1425 -0.59009652 -0.551461064 -0.00265468279 0 0 0
volume_proxy 1426 0.729149735 -0.142407672 0.00210396845 0 0 0
volume_proxy 1428 -0.0381140636 0.62367282 -0.00630823664 0 0 0
volume_proxy 1429 1.24705154 -0.106366428 0.00168134182 0 0 0
volume_proxy 1430 -0.906192196 -0.997626878 -0.00407535587 0 0 0
volume_proxy 1433 1.19967554 0.265986082 0.00479129416 0 0 0
volume_proxy 1434 0.409379352 -0.464310533 -0.00626290944 0 0 0
volume_proxy 1436 -1.18834608 -0.787368758 -0.00579030398 0 0 0
volume_proxy 1437 -0.319235415 0.00761083417 -0.00657570518 0 0 0
volume_proxy 1439 -1.12614237 0.907553966 0.00838093909 0 0 0
volume_proxy 1440 0.401618947 -0.723713903 0.00361596205 0 0 0
volume_proxy 1441 0.272067978 -0.729103138 0.00359569186 0 0 0
volume_proxy 1442 0.861985052 0.835848433 0.0102557847 0 0 0
volume_proxy 1443 -0.232497832 -0.0274845799 0.00708297631 0 0 0
volume_proxy 1444 -0.285839516 -0.882869328 0.00624229001 0 0 0
volume_proxy 1445 0.160357783 -0.963392434 -0.00237606839 0 0 0
volume_proxy 1446 -1.00784078 -0.481850035 -0.00885803609 0 0 0
volume_proxy 1447 1.19502785 -0.988411048 -0.00625332153 0 0 0
volume_proxy 1448 0.392476007 -0.580462117 0.00993320817 0 0 0
volume_proxy 1452 -1.35203084 0.349975723 0.00530826634 0 0 0
volume_proxy 1453 -1.22098859 0.360534817 -0.00504494219 0 0 0
volume_proxy 1454 -0.938387698 -0.792298642 0.00272215612 0 0 0
volume_proxy 1455 -0.972375297 -0.818853487 0.00165173075 0 0 0
