volume_proxy 0 -0.174451255 0.37490561 0.00800841184 0 0 0
volume_proxy 6 -0.276397025 0.759502718 0.00184052775 0 0 0
volume_proxy 11 1.07701913 0.620368141 -0.0103185767 0 0 0
volume_proxy 12 0.655839684 0.175100954 0.00437532872 0 0 0
volume_proxy 14 -1.17602841 0.660589973 0.00935576449 0 0 0
volume_proxy 23 0.835505783 -0.778835684 -0.00766196226 0 0 0
volume_proxy 38 -0.875795673 -0.73367083 -0.00401884051 0 0 0
volume_proxy 40 -1.01011785 -0.0231450435 -0.000929709305 0 0 0
volume_proxy 50 -0.933812777 -0.419252323 0.00300483739 0 0 0
volume_proxy 53 -1.30344155 0.53038398 -0.0016922197 0 0 0
volume_proxy 58 0.459160721 -0.912757615 -0.00929933954 0 0 0
volume_proxy 60 0.364680947 0.592512951 -0.00471359322 0 0 0
volume_proxy 85 -1.03018475 0.609664263 -0.00948218304 0 0 0
volume_proxy 97 1.39178626 0.917559019 0.00823271147 0 0 0
volume_proxy 107 1.34459779 0.109113502 0.0100875359 0 0 0
volume_proxy 127 -1.37728655 -0.719660574 0.00829326749 0 0 0
volume_proxy 130 0.517466043 0.715187488 -0.00840925325 0 0 0
volume_proxy 140 -1.08701409 0.55724839 -0.00723916105 0 0 0
volume_proxy 157 0.77621696 -0.0138003813 -0.00045980703 0 0 0
volume_proxy 159 1.17732144 0.230578848 -0.0028658431 0 0 0
volume_proxy 161 -0.0352254662 0.574882393 -0.008178053 0 0 0
volume_proxy 176 1.4568179 -0.110590788 0.0100739822 0 0 0
volume_proxy 186 -0.263267877 0.0452371366 0.00963595111 0 0 0
volume_proxy 189 -1.08585461 -0.527724572 -0.00454255675 0 0 0
volume_proxy 195 -1.43687247 -0.989180888 0.0030447169 0 0 0
volume_proxy 196 0.641483207 0.40364836 -0.00393022275 0 0 0
volume_proxy 200 -1.00226892 -0.543651375 -0.00269134145 0 0 0
volume_proxy 202 0.76943256 0.823322596 0.00533608324 0 0 0
volume_proxy 209 -1.080906 0.365627939 0.00705431159 0 0 0
volume_proxy 210 -0.181104513 0.882784313 -0.000359520883 0 0 0
volume_proxy 226 0.00870981197 -0.140073932 0.00409682213 0 0 0
volume_proxy 236 1.43222969 -0.9493678 0.00448150248 0 0 0
volume_proxy 247 1.03847769 0.371477635 0.00139068394 0 0 0
volume_proxy 256 -0.867179457 0.262329741 0.000729897754 0 0 0
volume_proxy 259 0.397186376 0.992247252 0.00513872514 0 0 0
volume_proxy 269 -0.714548203 0.362732046 0.00222916351 0 0 0
volume_proxy 277 -1.02473014 0.125178675 0.00896900912 0 0 0
volume_proxy 296 -1.22991311 0.968726731 0.000100825744 0 0 0
volume_proxy 305 0.68574335 -0.317795904 -0.00665378005 0 0 0
volume_proxy 310 -0.0709168704 -0.150064364 0.00526037114 0 0 0
volume_proxy 344 -1.1595661 -0.231535126 -0.00682644712 0 0 0
volume_proxy 347 -0.058261334 0.673298451 -0.00709558841 0 0 0
volume_proxy 356 -0.95533559 0.109207652 -0.000913028931 0 0 0
volume_proxy 375 0.873133804 0.0305396207 -0.000429470622 0 0 0
volume_proxy 388 1.35882321 0.0554010236 -0.00291998383 0 0 0
volume_proxy 802 0.715722931 0.00241270835 -0.00897971931 0 0 0
volume_proxy 1052 -0.949915757 -0.760207915 0.00625989731 0 0 0
volume_proxy 1066 -0.289379506 -0.0329500984 -0.0102263198 0 0 0
volume_proxy 1120 -0.888956714 0.0126328114 -0.00599663453 0 0 0
volume_proxy 1166 -0.797566013 0.0889569907 0.0028761792 0 0 0
volume_proxy 1193 -1.05331199 -0.542849267 -0.000253138114 0 0 0
volume_proxy 1225 -0.524387439 -0.00186423845 0.00155932388 0 0 0
volume_proxy 1245 -1.13460078 -0.172103334 0.00663456136 0 0 0
volume_proxy 1280 -0.47067636 0.587084701 0.0103449038 0 0 0
volume_proxy 1285 -1.12869854 0.48238134 -0.00192161831 0 0 0
volume_proxy 1295 0.215275121 -0.198702893 -0.00187374091 0 0 0
volume_proxy 1296 0.170630871 -0.579839324 0.00442998333 0 0 0
volume_proxy 1340 0.810961301 0.880748937 0.00758059857 0 0 0
volume_proxy 1380 -0.456847934 0.0265771636 0.00709858453 0 0 0
volume_proxy 1386 1.48728199 0.331681654 0.00369158993 0 0 0
volume_proxy 1397 0.974911079 0.623408736 -0.00149804508 0 0 0
volume_proxy 1409 -0.443287373 0.855287484 -0.000660302391 0 0 0
volume_proxy 1413 0.657117342 0.576428095 -0.00609328402 0 0 0
volume_proxy 1422 0.376832374 -0.291839354 0.0101155508 0 0 0
volume_proxy 1433 1.4800848 0.888464457 -0.00480869158 0 0 0
volume_proxy 1437 0.0275435887 0.0226347164 0.00522240336 0 0 0
volume_proxy 1447 1.08295388 -0.362590818 -0.00129185511 0 0 0
volume_proxy 1459 -1.4639448 0.270485947 -0.00837379999 0 0 0
volume_proxy 1460 -0.13260975 0.363790319 0.00406470126 0 0 0
volume_proxy 1461 -0.865207921 0.786977483 0.00194955172 0 0 0
volume_proxy 1466 -0.646272827 0.0534489048 0.00301796312 0 0 0
volume_proxy 1472 -1.3203592 0.71227458 0.00277919704 0 0 0
volume_proxy 1474 1.04388626 -0.509670187 -0.00360024681 0 0 0
volume_proxy 1481 0.806316109 0.589705211 -0.000624800305 0 0 0
volume_proxy 1482 1.04824974 -0.00809418833 0.00479240336 0 0 0
volume_proxy 1485 0.355917053 0.0590958514 0.00334299883 0 0 0
volume_proxy 1489 0.0500575442 -0.945699771 -0.000418610252 0 0 0
volume_proxy 1490 0.882848931 0.986477307 -0.00591382247 0 0 0
volume_proxy 1494 1.40923471 -0.0659393511 0.00331629501 0 0 0
volume_proxy 1496 -1.12586488 0.326094259 0.00311692941 0 0 0
volume_proxy 1498 -0.258536494 0.157368948 -0.0103889388 0 0 0
volume_proxy 1503 -0.656814325 -0.00936637697 0.00849986072 0 0 0
volume_proxy 1506 0.335975328 0.973553602 0.000903184761 0 0 0
volume_proxy 1507 -1.06490642 -0.163195579 0.0036337389 0 0 0
volume_proxy 1508 -0.642695064 -0.449686538 -0.00840527393 0 0 0
volume_proxy 1509 -1.34369473 0.208480677 0.00810749212 0 0 0
volume_proxy 1510 -0.0307391828 -0.973850589 -0.00249084953 0 0 0
volume_proxy 1511 1.21080377 0.918346198 0.00185258818 0 0 0
volume_proxy 1513 -1.30613644 0.284096414 -0.00845483253 0 0 0
volume_proxy 1515 0.743657642 -0.228005727 0.00727058838 0 0 0
volume_proxy 1516 -0.309411871 -0.914190383 -0.00386659648 0 0 0
volume_proxy 1517 -0.849387814 -0.398254678 -0.00559842649 0 0 0
volume_proxy 1519 0.0958397128 -0.734051605 0.00614043263 0 0 0
volume_proxy 1520 0.201326988 -0.0345549395 -0.0034448294 0 0 0
volume_proxy 1521 -1.355246 -0.493919819 -0.000321393349 0 0 0
volume_proxy 1523 0.827755626 -0.0828611772 -0.00477603795 0 0 0
volume_proxy 1525 -0.753129649 0.966849892 0.00352643949 0 0 0
volume_proxy 1526 1.27152525 -0.676627786 0.0103124302 0 0 0
volume_proxy 1528 0.590804863 -0.6588439 0.00983065565 0 0 0
volume_proxy 1529 -1.072896 0.118103705 -0.00690736053 0 0 0
volume_proxy 1530 -0.6342937 -0.70257076 -0.00537991088 0 0 0
volume_proxy 1531 0.709680216 0.428504586 0.0104461556 0 0 0
volume_proxy 1532 -0.537546499 -0.844781282 -0.00989200398 0 0 0
volume_proxy 1533 1.14629552 -0.416709384 0.000155258243 0 0 0
volume_proxy 1534 0.0729267885 0.796595656 0.00999539255 0 0 0
volume_proxy 1535 0.305737915 0.930681288 -0.00813619011 0 0 0
