volume_proxy 0 0.118269472 -0.354677172 -0.00992437521 0 0 0
volume_proxy 6 -0.2613147 0.598127824 -0.00373485796 0 0 0
volume_proxy 11 1.12513814 0.956105235 0.00656081166 0 0 0
volume_proxy 12 1.32213193 -0.0438902655 -0.000844824379 0 0 0
volume_proxy 14 -1.47438541 0.172023235 0.00889403611 0 0 0
volume_proxy 23 0.391047764 -0.305789844 0.00257926147 0 0 0
volume_proxy 38 -0.767095452 -0.964134165 -0.00420935935 0 0 0
volume_proxy 40 -0.719225999 0.176656435 -0.00700826907 0 0 0
volume_proxy 50 -0.542427403 -0.0802532599 0.00901343914 0 0 0
volume_proxy 53 -1.3845987 0.811928754 0.00616896922 0 0 0
volume_proxy 58 1.34729562 -0.75240754 0.00196745835 0 0 0
volume_proxy 60 -0.00171977358 0.706163718 0.00209615148 0 0 0
volume_proxy 85 -0.814801942 0.65282428 0.00907350631 0 0 0
volume_proxy 97 0.648533424 0.862884045 -0.00836863201 0 0 0
volume_proxy 107 0.579858665 -0.177030172 -0.00252708208 0 0 0
volume_proxy 127 -1.36511022 -0.774654562 -0.00120884234 0 0 0
volume_proxy 130 0.833812343 -0.65007169 -0.00788047457 0 0 0
volume_proxy 140 -0.479961741 -0.00656026786 0.0073180006 0 0 0
volume_proxy 157 0.390236238 -0.992859027 -0.0106637057 0 0 0
volume_proxy 159 1.27777974 0.364522453 0.00370011434 0 0 0
volume_proxy 161 -0.0665212782 0.196839667 0.00874145607 0 0 0
volume_proxy 176 1.39252851 0.282781775 -0.00566251598 0 0 0
volume_proxy 186 -0.533449849 -0.193600891 0.00796492781 0 0 0
volume_proxy 189 -0.264203746 0.112629452 0.00521658059 0 0 0
volume_proxy 195 -1.38154846 -0.92034648 -0.000240901161 0 0 0
volume_proxy 196 0.489865492 0.724948982 -0.00969532999 0 0 0
volume_proxy 200 -0.840976674 0.726629355 0.00901530612 0 0 0
volume_proxy 202 0.192685068 0.994376024 -0.00630206797 0 0 0
volume_proxy 209 -0.86659684 0.127400655 -0.0020678718 0 0 0
volume_proxy 210 0.100601728 0.741597569 -0.000485282961 0 0 0
volume_proxy 226 0.469868314 -0.891095785 -0.00619973443 0 0 0
volume_proxy 236 1.13378382 -0.729851359 -0.00040597633 0 0 0
volume_proxy 247 0.957729861 0.592144441 0.00543687625 0 0 0
volume_proxy 256 -0.799986356 0.805819881 0.00552780323 0 0 0
volume_proxy 259 1.1448357 0.174585986 -0.0041254281 0 0 0
volume_proxy 269 -0.847545865 0.0216980184 -0.0063982513 0 0 0
volume_proxy 277 -0.39158846 -0.553306603 -0.00734952514 0 0 0
volume_proxy 296 -1.10975616 0.470843207 -0.00469652164 0 0 0
volume_proxy 305 0.718145616 -0.314623479 0.00778030881 0 0 0
volume_proxy 310 0.410498801 0.455370517 -0.0107849596 0 0 0
volume_proxy 344 -1.31013059 -0.130766363 0.0092793994 0 0 0
volume_proxy 347 -0.268835981 0.447192772 0.0011022549 0 0 0
volume_proxy 356 -0.199029971 0.221872607 0.0104661154 0 0 0
volume_proxy 375 0.678832474 -0.359625926 -0.00997248846 0 0 0
volume_proxy 388 1.47719927 -0.455071891 -0.00808120741 0 0 0
volume_proxy 802 0.772444303 0.211913124 -0.000173157974 0 0 0
volume_proxy 1052 -1.38134952 -0.422627923 -0.0105374216 0 0 0
volume_proxy 1066 0.0398298811 0.713156603 0.0059311995 0 0 0
volume_proxy 1120 -0.603044369 0.659045561 0.00164962507 0 0 0
volume_proxy 1166 -1.09982509 -0.515475328 -0.00594834213 0 0 0
volume_proxy 1193 -1.45025725 -0.628318668 -0.0106576116 0 0 0
volume_proxy 1225 -0.918993959 -0.347025772 -0.00690245321 0 0 0
volume_proxy 1245 -1.34146662 0.131676443 -0.0036998696 0 0 0
volume_proxy 1280 -0.700135126 0.949338531 0.00292229442 0 0 0
volume_proxy 1285 -1.29112518 0.536603447 0.00262681123 0 0 0
volume_proxy 1295 0.861952604 -0.336414934 -0.0107104449 0 0 0
volume_proxy 1296 -0.067139483 -0.880727775 -0.00750593642 0 0 0
volume_proxy 1340 0.737437228 0.331845461 -0.0085036725 0 0 0
volume_proxy 1380 -0.99704288 0.0160754088 0.0059556749 0 0 0
volume_proxy 1386 1.32296088 0.316262317 0.00704370027 0 0 0
volume_proxy 1397 0.576672968 0.818403783 0.00690669538 0 0 0
volume_proxy 1409 -0.0274383991 0.267610139 0.00494887451 0 0 0
volume_proxy 1413 1.48080543 0.99048743 -0.00523508091 0 0 0
volume_proxy 1422 0.670633293 -0.765024647 -0.00237360632 0 0 0
volume_proxy 1433 1.11201683 0.474607584 -0.0018135444 0 0 0
volume_proxy 1437 -0.0742508546 -0.402454008 -0.0104380677 0 0 0
volume_proxy 1459 -1.11943475 0.0666196373 -0.00531212185 0 0 0
volume_proxy 1460 -0.113380318 0.963030178 0.00948969427 0 0 0
volume_proxy 1461 -1.18804744 0.928141686 0.00536628919 0 0 0
volume_proxy 1466 -0.438117662 0.425896274 0.0056820139 0 0 0
volume_proxy 1472 -1.35395789 0.628075637 0.00176972991 0 0 0
volume_proxy 1474 1.46476128 -0.00550022191 -0.00812901485 0 0 0
volume_proxy 1481 0.500341852 0.549594212 -0.00303539263 0 0 0
volume_proxy 1482 0.89441188 0.914197118 -0.00175018456 0 0 0
volume_proxy 1485 0.332571944 -0.414798718 0.0087675968 0 0 0
volume_proxy 1489 0.322349922 -0.726120076 0.00259603013 0 0 0
volume_proxy 1490 0.667984845 0.986606569 -0.00775790127 0 0 0
volume_proxy 1496 -1.40074677 0.699819305 0.00893511158 0 0 0
volume_proxy 1498 0.0431468358 0.322596522 0.00569854189 0 0 0
volume_proxy 1503 -1.24198841 -0.837835784 -0.0066024297 0 0 0
volume_proxy 1506 0.276179367 0.688815553 -0.00589388043 0 0 0
volume_proxy 1507 -1.25141879 -0.0955638212 -0.000711129217 0 0 0
volume_proxy 1508 -0.511301669 -0.130605205 0.00668059295 0 0 0
volume_proxy 1509 -1.20137465 -0.105003446 -0.00304372947 0 0 0
volume_proxy 1510 -0.138229069 -0.994456541 -0.00587439775 0 0 0
volume_proxy 1511 1.31336643 0.315948116 0.00876501587 0 0 0
volume_proxy 1513 -1.2967534 0.755581996 -0.00971336241 0 0 0
volume_proxy 1515 0.818384072 -0.677178738 -0.0102176173 0 0 0
volume_proxy 1516 -0.0333476077 -0.948067305 -0.00892204378 0 0 0
volume_proxy 1517 -1.2639587 -0.326131262 0.00182386525 0 0 0
volume_proxy 1519 0.0313656162 -0.585792642 0.00649742954 0 0 0
volume_proxy 1520 0.192906429 -0.277232734 -0.00800257387 0 0 0
volume_proxy 1521 -1.21791909 -0.486674497 -0.00340793327 0 0 0
volume_proxy 1523 0.367557966 -0.382911844 -8.76513784e-06 0 0 0
volume_proxy 1525 -0.951850487 0.919612307 0.000456019989 0 0 0
volume_proxy 1526 1.04972771 -0.657328417 -0.000227116696 0 0 0
volume_proxy 1528 0.535766412 -0.574483332 0.00861562849 0 0 0
volume_proxy 1529 -1.21603164 0.262758195 -0.00737010313 0 0 0
volume_proxy 1531 0.298538557 0.591410498 -0.00212245388 0 0 0
volume_proxy 1533 1.3121933 -0.0298017927 0.00370683727 0 0 0
volume_proxy 1534 0.340778073 0.434905559 0.0069089371 0 0 0
volume_proxy 1535 0.878049254 0.603582352 0.00242299145 0 0 0
volume_proxy 1536 -0.526683049 -0.599084518 -0.00885317333 0 0 0
volume_proxy 1537 -0.280915653 -0.910067831 0.00883341494 0 0 0
volume_proxy 1538 1.29466857 0.0174563779 0.00232740033 0 0 0
