volume_proxy 0 0.419392606 -0.158056265 -0.0025987059 0 0 0
volume_proxy 6 -0.762646229 0.926584695 0.00482989491 0 0 0
volume_proxy 11 1.47027883 0.771392857 0.00937865311 0 0 0
volume_proxy 12 0.902421042 0.124647977 0.00987130319 0 0 0
volume_proxy 14 -1.21442705 0.680774517 -0.00465149417 0 0 0
volume_proxy 23 0.717503287 -0.340010126 0.00327553736 0 0 0
volume_proxy 38 -1.15058497 -0.881113778 -0.00412848932 0 0 0
volume_proxy 40 -0.946428576 0.256745477 -0.00436953228 0 0 0
volume_proxy 50 -0.815834108 -0.492673477 0.00242133518 0 0 0
volume_proxy 53 -1.20252393 -0.0220026768 0.0104130173 0 0 0
volume_proxy 58 0.628553517 -0.907330376 0.00440869143 0 0 0
volume_proxy 60 0.212870708 0.93988721 -0.00625557325 0 0 0
volume_proxy 85 -1.35792692 0.771186744 0.00184908893 0 0 0
volume_proxy 97 1.09481001 0.844989972 -0.000182032098 0 0 0
volume_proxy 107 0.991180502 0.0332499843 0.00480080392 0 0 0
volume_proxy 127 -1.32863678 -0.587130324 0.00339136675 0 0 0
volume_proxy 130 0.634759364 0.0336193574 -0.00673640386 0 0 0
volume_proxy 140 -1.06242014 0.688137627 0.00865031982 0 0 0
volume_proxy 157 0.695535164 -0.60270524 0.00908954377 0 0 0
volume_proxy 159 1.22576877 0.489549279 0.00869543431 0 0 0
volume_proxy 161 -0.303889963 0.707979373 0.00402061956 0 0 0
volume_proxy 176 1.27937942 0.0639026303 -0.00235728618 0 0 0
volume_proxy 186 -0.332577643 -0.0438283808 0.0026899753 0 0 0
volume_proxy 189 -0.761959419 -0.564243287 -0.000113039778 0 0 0
volume_proxy 195 -1.43951899 -0.82713023 0.00597895676 0 0 0
volume_proxy 196 0.654755996 0.256781666 0.0043216953 0 0 0
volume_proxy 200 -1.22364569 -0.527603527 0.00360995212 0 0 0
volume_proxy 202 0.409896555 0.55067006 0.00798562089 0 0 0
volume_proxy 209 -0.769779998 0.435825943 -0.000962240611 0 0 0
volume_proxy 210 0.160597406 0.86668841 0.00289576417 0 0 0
volume_proxy 226 0.414647038 -0.78498688 0.00552487727 0 0 0
volume_proxy 236 1.16554453 -0.503487208 -0.00876137039 0 0 0
volume_proxy 247 1.14869567 0.88688059 0.00426815997 0 0 0
volume_proxy 256 -0.803857904 0.497767126 0.000296837747 0 0 0
volume_proxy 259 0.479930821 0.935623436 -0.00534107872 0 0 0
volume_proxy 269 -0.815339805 0.364757416 0.00460141118 0 0 0
volume_proxy 277 -0.787844258 0.0308415075 0.0020047367 0 0 0
volume_proxy 296 -1.29661317 0.980160584 -0.00514071813 0 0 0
volume_proxy 305 0.670398856 -0.208475641 -0.00872587444 0 0 0
volume_proxy 310 0.14433379 -0.15893725 -0.00645329857 0 0 0
volume_proxy 344 -1.20493456 -0.409496747 -9.85410064e-05 0 0 0
volume_proxy 347 -0.530554106 0.906216536 -0.00808367885 0 0 0
volume_proxy 356 -0.426752017 -0.12388789 0.00841010642 0 0 0
volume_proxy 375 0.866900607 0.192515228 -0.00487525395 0 0 0
volume_proxy 388 1.06979097 0.185331372 0.00406892951 0 0 0
volume_proxy 802 0.872681768 0.150300721 -0.00617958305 0 0 0
volume_proxy 1052 -0.865505664 -0.900552128 -0.00841925534 0 0 0
volume_proxy 1066 0.00809146438 0.304160732 0.00268578149 0 0 0
volume_proxy 1120 -0.825449393 0.316928832 -0.000549151011 0 0 0
volume_proxy 1166 -0.781629183 -0.199316265 -0.00805501601 0 0 0
volume_proxy 1193 -1.10190617 -0.384612558 0.0106475943 0 0 0
volume_proxy 1225 -0.556272662 -0.346637851 -0.00690593288 0 0 0
volume_proxy 1245 -1.23945316 0.0310425505 0.00985032674 0 0 0
volume_proxy 1280 -0.373390822 0.589702321 -0.00874865538 0 0 0
volume_proxy 1285 -1.33703901 0.630230137 0.0086203113 0 0 0
volume_proxy 1295 0.454984928 -0.0150369296 -0.00505891955 0 0 0
volume_proxy 1296 0.221788187 -0.645120825 -0.00862723331 0 0 0
volume_proxy 1340 0.584813302 0.763504041 0.00326229327 0 0 0
volume_proxy 1380 -0.561012884 -0.0213532227 -0.00734340216 0 0 0
volume_proxy 1386 1.2177377 0.572893208 -0.00874270353 0 0 0
volume_proxy 1397 0.93437491 0.757107768 -0.00825971196 0 0 0
volume_proxy 1409 -0.196235607 0.865540777 -0.00149605994 0 0 0
volume_proxy 1413 0.73104968 0.84680798 -0.00230815864 0 0 0
volume_proxy 1422 0.0767240145 -0.559919369 -0.000435551528 0 0 0
volume_proxy 1433 1.4968871 0.739176369 -0.00702852355 0 0 0
volume_proxy 1437 0.131200103 -0.0701721445 0.0034957197 0 0 0
volume_proxy 1447 1.15103659 -0.133141846 0.0050170943 0 0 0
volume_proxy 1459 -1.15634205 0.113480097 0.00964977749 0 0 0
volume_proxy 1460 -0.133977153 0.665293118 0.0038866241 0 0 0
volume_proxy 1461 -0.752156196 0.941291026 0.0100781227 0 0 0
volume_proxy 1466 -1.0189681 0.169850266 0.0102828064 0 0 0
volume_proxy 1472 -1.37585095 0.595930459 -0.00937835545 0 0 0
volume_proxy 1474 1.25367716 -0.62673251 0.0021038436 0 0 0
volume_proxy 1481 0.626203466 0.914711529 -0.00922367816 0 0 0
volume_proxy 1482 0.708428949 0.107130553 -0.0073015131 0 0 0
volume_proxy 1485 0.408192764 -0.381345724 -0.00378797088 0 0 0
volume_proxy 1489 0.145368859 -0.690402532 -0.00399641097 0 0 0
volume_proxy 1490 1.00613145 0.889847896 -0.0016518832 0 0 0
volume_proxy 1494 1.24528901 -0.073648361 -0.00577250612 0 0 0
volume_proxy 1496 -1.14616602 0.427760907 -0.00100545136 0 0 0
volume_proxy 1498 -0.167492075 0.36979955 -0.00887231608 0 0 0
volume_proxy 1503 -0.797490654 0.0218537287 0.00223201097 0 0 0
volume_proxy 1506 0.44540757 0.727089284 0.006240045 0 0 0
volume_proxy 1507 -1.28270983 -0.115395095 -0.00767832515 0 0 0
volume_proxy 1508 -0.565752068 -0.249981217 0.00200386557 0 0 0
volume_proxy 1509 -1.06629202 -0.070196829 0.0093993277 0 0 0
volume_proxy 1510 0.0229015957 -0.777591337 0.00094380532 0 0 0
volume_proxy 1511 1.10227222 0.387751182 -0.00106182344 0 0 0
volume_proxy 1513 -1.23706483 0.651291529 -0.00498584776 0 0 0
volume_proxy 1515 0.662725218 -0.586917724 0.00843124875 0 0 0
volume_proxy 1516 -0.275680557 -0.917957071 0.00572599269 0 0 0
volume_proxy 1517 -0.709754046 -0.493599678 0.00412840743 0 0 0
volume_proxy 1519 0.0662136448 -0.718545879 -0.00413993238 0 0 0
volume_proxy 1520 0.166181905 -0.328852204 -0.00247547855 0 0 0
volume_proxy 1521 -1.25573626 -0.547189104 0.00210574539 0 0 0
volume_proxy 1523 0.782976983 -0.0327684448 0.00544971937 0 0 0
volume_proxy 1525 -0.821539722 0.923081628 0.00121818845 0 0 0
volume_proxy 1526 1.0122068 -0.717823329 0.00739243982 0 0 0
volume_proxy 1528 0.55681968 -0.768045008 0.00952482284 0 0 0
volume_proxy 1529 -1.09492851 0.0881666819 -0.00709722895 0 0 0
volume_proxy 1531 0.610307135 0.501278 0.00464621935 0 0 0
volume_proxy 1533 0.973153662 -0.413082448 0.0061073452 0 0 0
volume_proxy 1534 0.590850787 0.712550622 -0.00888737261 0 0 0
volume_proxy 1535 0.358355838 0.974185319 -0.00745549821 0 0 0
volume_proxy 1536 -0.625275242 -0.807657283 -0.00321893464 0 0 0
volume_proxy 1537 -0.526667402 -0.609949614 -0.00589445131 0 0 0
