volume_proxy 0 0.548398901 0.0735902243 -0.0029166027 0 0 0
volume_proxy 5 1.08356172 -0.778815475 -0.000920397374 0 0 0
volume_proxy 6 -0.282791423 -0.702319642 0.00271053219 0 0 0
volume_proxy 11 0.896463353 0.153351178 0.00389022612 0 0 0
volume_proxy 12 0.0869869889 -0.950204648 -0.00380246106 0 0 0
volume_proxy 14 -0.884375571 0.099633245 0.00745330725 0 0 0
volume_proxy 23 0.614112105 -0.692817339 -0.00546963726 0 0 0
volume_proxy 38 0.597266628 0.740057611 0.00977909135 0 0 0
volume_proxy 40 -0.313875975 -0.318659293 0.00788827713 0 0 0
volume_proxy 50 -0.755126165 -0.743968907 -0.0101235569 0 0 0
volume_proxy 53 -0.605296908 0.655201255 0.000207391587 0 0 0
volume_proxy 58 1.00180912 -0.82199678 0.00855402435 0 0 0
volume_proxy 60 0.915745245 0.316918185 0.00404140034 0 0 0
volume_proxy 72 0.171013756 -0.096433089 0.000746695886 0 0 0
volume_proxy 85 -1.23428635 0.226066045 0.0054944947 0 0 0
volume_proxy 97 0.817068794 0.0868797275 -0.0094991274 0 0 0
volume_proxy 107 1.29954962 0.544999616 -0.000428193681 0 0 0
volume_proxy 127 -1.34044797 0.00205677377 -0.00171683511 0 0 0
volume_proxy 130 1.00762234 0.3545741 0.00410178829 0 0 0
volume_proxy 140 -0.255104446 0.744715699 0.00803472975 0 0 0
volume_proxy 157 1.02890029 -0.0491257671 -0.00637913108 0 0 0
volume_proxy 159 -0.152447472 0.841399015 -0.00296334168 0 0 0
volume_proxy 161 0.823957951 0.256868504 -0.00329556478 0 0 0
volume_proxy 176 0.241945686 0.289444519 0.00359810161 0 0 0
volume_proxy 186 -1.06653644 0.505105826 0.0104629428 0 0 0
volume_proxy 189 -1.49770163 0.674110483 0.00747192294 0 0 0
volume_proxy 195 -0.714004523 -0.710531578 -0.00788204472 0 0 0
volume_proxy 196 0.685301319 -0.55043373 -0.00858878821 0 0 0
volume_proxy 200 -0.431825688 -0.912658575 0.00510114105 0 0 0
volume_proxy 202 -1.20110812 0.751024036 -0.00820289747 0 0 0
volume_proxy 209 -1.02365671 0.114875102 -0.0107552155 0 0 0
volume_proxy 210 -0.740471789 0.507083843 -0.00813152392 0 0 0
volume_proxy 226 0.411802692 -0.671412566 0.00954278861 0 0 0
volume_proxy 236 1.43571835 0.55931812 -0.00565213759 0 0 0
volume_proxy 247 1.35944415 0.731317824 0.00166478131 0 0 0
volume_proxy 256 -0.400424793 0.560768966 -0.00647158531 0 0 0
volume_proxy 259 0.584257111 0.553890008 -0.0104496648 0 0 0
volume_proxy 269 -0.0156578186 -0.691535657 0.00130319359 0 0 0
volume_proxy 277 -1.44541359 0.022131664 0.00210977052 0 0 0
volume_proxy 296 -0.150645718 -0.723953447 -0.00264961133 0 0 0
volume_proxy 305 0.278294023 -0.442534528 0.0100306302 0 0 0
volume_proxy 310 1.16421128 -0.613215648 0.00905421906 0 0 0
volume_proxy 344 -1.45185362 0.498770285 -0.00480156331 0 0 0
volume_proxy 347 -0.41360002 0.255423327 -0.00673016982 0 0 0
volume_proxy 349 -1.04156302 -0.214150054 -0.000546231761 0 0 0
volume_proxy 356 0.0881198742 0.964062345 -9.50701755e-05 0 0 0
volume_proxy 375 0.268207975 -0.660434595 -0.00144940498 0 0 0
volume_proxy 388 -0.180009222 0.409229747 0.0024541732 0 0 0
volume_proxy 802 1.16301294 0.533018804 -0.000397667409 0 0 0
volume_proxy 876 0.0119702063 -0.397328972 -0.00224255299 0 0 0
volume_proxy 1052 -0.358181392 -0.818168029 0.0027103271 0 0 0
volume_proxy 1066 0.528926657 0.798469753 -0.00210177383 0 0 0
volume_proxy 1120 -0.602424151 0.53052035 -0.003713532 0 0 0
volume_proxy 1166 -0.509933899 0.749093605 -0.00180925478 0 0 0
volume_proxy 1169 1.01093122 -0.860288546 -0.00734577459 0 0 0
volume_proxy 1172 0.269977714 0.481173594 -0.00615338194 0 0 0
volume_proxy 1186 -0.785553564 -0.357590932 -0.00819440256 0 0 0
volume_proxy 1193 -0.662186797 -0.213783312 -0.00803233792 0 0 0
volume_proxy 1225 0.0645427982 -0.475751154 0.00538743312 0 0 0
volume_proxy 1245 -1.42906496 0.769725405 0.00837588762 0 0 0
volume_proxy 1280 -1.14074542 0.547961134 -5.21408383e-05 0 0 0
volume_proxy 1285 -0.973741118 0.681204641 0.00378496021 0 0 0
volume_proxy 1295 -0.58130782 0.442344007 -0.00739087752 0 0 0
volume_proxy 1296 0.122228108 0.102331854 0.0061595191 0 0 0
volume_proxy 1335 0.734093472 -0.801231484 -0.0100881558 0 0 0
volume_proxy 1340 1.09587361 0.0815878968 0.00482385144 0 0 0
volume_proxy 1380 -0.421691245 0.211980704 -0.00848266769 0 0 0
volume_proxy 1386 -0.00499530285 0.814062024 -0.00690969898 0 0 0
volume_proxy 1397 1.00597288 0.686915099 -0.00703596938 0 0 0
volume_proxy 1403 0.293527489 0.3928569 -0.0106895582 0 0 0
volume_proxy 1409 0.873565551 0.947905815 0.00668294899 0 0 0
volume_proxy 1413 1.01163984 0.470385006 -0.00137136418 0 0 0
volume_proxy 1420 -1.26266729 -0.113231786 -0.00895728434 0 0 0
volume_proxy 1421 -1.29341589 -0.150847293 -0.00668787775 0 0 0
volume_proxy 1422 1.20631079 -0.954917556 0.00174392927 0 0 0
volume_proxy 1426 0.761001591 -0.0857944969 0.00909039995 0 0 0
volume_proxy 1429 1.04506793 -0.17545689 -0.00239183562 0 0 0
volume_proxy 1433 1.32159398 0.557698884 0.00477358748 0 0 0
volume_proxy 1434 0.00648109829 -0.581444627 0.00990899398 0 0 0
volume_proxy 1437 -0.0436156352 -0.202828245 0.00750097304 0 0 0
volume_proxy 1439 -0.385480204 0.75878132 0.00981688872 0 0 0
volume_proxy 1440 0.984695399 -0.486862909 0.00189735348 0 0 0
volume_proxy 1444 -0.578514802 -0.924083716 -0.000827609063 0 0 0
volume_proxy 1445 0.129008158 -0.940078232 0.00388562373 0 0 0
volume_proxy 1447 0.829004858 -0.710240195 -0.00514544102 0 0 0
volume_proxy 1459 -0.739211539 0.321050496 0.00398655959 0 0 0
volume_proxy 1460 1.07341221 0.0374885697 0.00420409274 0 0 0
volume_proxy 1461 -1.21405498 0.62559444 -0.00011332624 0 0 0
volume_proxy 1462 -0.924948234 0.0088350034 -0.00170085849 0 0 0
volume_proxy 1466 -0.466994936 -0.667732391 0.00391503778 0 0 0
volume_proxy 1470 -1.45158332 -0.704691424 0.0084569928 0 0 0
volume_proxy 1471 0.104194942 0.497855811 0.00824181876 0 0 0
volume_proxy 1472 -0.808438587 0.45989639 0.00195041741 0 0 0
volume_proxy 1474 0.835026952 -0.482560276 0.00629587923 0 0 0
volume_proxy 1481 1.37906276 0.448764215 0.00767296708 0 0 0
volume_proxy 1482 0.753707741 -0.879308411 -0.00790273377 0 0 0
volume_proxy 1485 0.456174408 -0.535869104 0.00345208386 0 0 0
volume_proxy 1486 1.19172223 -0.497793272 0.00585787013 0 0 0
volume_proxy 1489 -0.633691899 0.469185702 0.00261955637 0 0 0
volume_proxy 1490 1.04183936 0.687650192 0.0106032153 0 0 0
volume_proxy 1492 0.230664775 0.611741721 -0.00767321605 0 0 0
volume_proxy 1493 0.0956446753 0.337990346 0.00303571009 0 0 0
volume_proxy 1494 1.09476105 0.6628011 0.00349781181 0 0 0
volume_proxy 1496 -1.21343517 0.377983677 -0.00792238881 0 0 0
volume_proxy 1497 0.0401410145 -0.00189978431 0.00301020769 0 0 0
volume_proxy 1498 -1.23559413 0.575874111 0.00346396179 0 0 0
volume_proxy 1501 -0.945366346 -0.801770365 -6.34707367e-05 0 0 0
volume_proxy 1502 -1.03223689 -0.992637997 0.00909168243 0 0 0
volume_proxy 1503 -0.456453916 -0.0180653782 -0.00593286374 0 0 0
volume_proxy 1505 0.0443364986 0.945731699 0.00624751335 0 0 0
volume_proxy 1506 0.266524481 0.531970827 0.0101378291 0 0 0
volume_proxy 1507 -1.0805236 -0.567838712 -0.000331887916 0 0 0
volume_proxy 1508 -0.548491537 -0.984914608 0.00980287414 0 0 0
volume_proxy 1509 -1.44196608 0.78773296 -0.00806810099 0 0 0
volume_proxy 1510 0.576681687 -0.555279259 0.00871786809 0 0 0
volume_proxy 1511 1.10804232 0.229307549 0.00842316665 0 0 0
volume_proxy 1512 -1.01924784 0.337281471 0.00948286769 0 0 0
volume_proxy 1513 -0.701282623 0.837362815 -0.00379712278 0 0 0
volume_proxy 1514 -1.18113114 0.371521619 0.00649846652 0 0 0
