volume_proxy 0 0.617204385 -0.0566700919 0.00650751096 0 0 0
volume_proxy 5 0.94544578 -0.65363337 -0.00815160931 0 0 0
volume_proxy 6 0.00665420603 -0.587504743 -0.00881397529 0 0 0
volume_proxy 11 0.65613274 0.222558896 5.21936353e-05 0 0 0
volume_proxy 12 0.0752160323 -0.728343464 -0.00604704048 0 0 0
volume_proxy 14 -0.480579219 0.154696703 0.00986270902 0 0 0
volume_proxy 23 1.00853294 -0.794101304 -0.00643105804 0 0 0
volume_proxy 38 0.511870678 0.97470393 0.00394054439 0 0 0
volume_proxy 40 -0.044739285 -0.0405124977 -0.00191082042 0 0 0
volume_proxy 50 -0.692374291 -0.909139096 -0.0014955008 0 0 0
volume_proxy 53 -0.753868892 0.860078177 -0.00125209856 0 0 0
volume_proxy 58 1.33513923 -0.663921134 -0.00442871296 0 0 0
volume_proxy 60 0.893765996 0.145880792 0.00636468169 0 0 0
volume_proxy 72 0.0293541228 0.105909316 -0.00477449491 0 0 0
volume_proxy 85 -1.2859408 0.412865961 -0.0106587569 0 0 0
volume_proxy 97 1.08845921 0.216365118 0.00345612643 0 0 0
volume_proxy 107 1.14433776 0.973740556 0.0059236673 0 0 0
volume_proxy 127 -1.21335679 0.376314747 -0.00841676989 0 0 0
volume_proxy 130 1.07320918 0.0511773811 0.00821389728 0 0 0
volume_proxy 140 -0.355963251 0.864611791 0.00973608264 0 0 0
volume_proxy 157 1.27052043 -0.00518574901 0.00815164183 0 0 0
volume_proxy 159 -0.0608092067 0.566849802 0.000573078686 0 0 0
volume_proxy 161 0.846311394 0.168085467 -0.00483940965 0 0 0
volume_proxy 176 0.314214528 0.0486433561 0.0102029598 0 0 0
volume_proxy 186 -0.936940115 0.488886975 -0.00904769391 0 0 0
volume_proxy 189 -1.459169 0.709836061 -0.0100716203 0 0 0
volume_proxy 195 -0.480600034 -0.661756679 -0.00159031279 0 0 0
volume_proxy 196 0.616052941 -0.607812716 -0.00620121199 0 0 0
volume_proxy 200 -0.439352733 -0.897276014 0.00278936449 0 0 0
volume_proxy 202 -1.11669097 0.743945422 0.00187174193 0 0 0
volume_proxy 209 -1.07662382 0.251383872 -0.00926174599 0 0 0
volume_proxy 210 -0.653761469 0.724997508 0.0033956455 0 0 0
volume_proxy 226 0.639525166 -0.762004965 0.00783071851 0 0 0
volume_proxy 236 1.1911002 0.631484943 0.00835054459 0 0 0
volume_proxy 247 1.30478825 0.698046196 0.00659907111 0 0 0
volume_proxy 256 -0.0822011485 0.598171152 0.00225731947 0 0 0
volume_proxy 259 0.445855346 0.289135843 -0.000105612246 0 0 0
volume_proxy 269 0.221856048 -0.711279987 -0.00450658348 0 0 0
volume_proxy 277 -1.4431238 -0.0212825707 0.010129706 0 0 0
volume_proxy 296 0.312245259 -0.958095811 0.00516647055 0 0 0
volume_proxy 305 0.289923824 -0.118906893 0.00412588838 0 0 0
volume_proxy 310 1.4979342 -0.476088837 -0.00662637862 0 0 0
volume_proxy 329 -1.43923234 0.0490360844 -0.00398838999 0 0 0
volume_proxy 344 -1.43105561 0.652122785 0.00187609882 0 0 0
volume_proxy 347 -0.440992404 0.279346998 -0.00615915951 0 0 0
volume_proxy 349 -1.02917409 -0.14747371 0.00086472906 0 0 0
volume_proxy 356 -0.0991854646 0.937466034 0.00822695655 0 0 0
volume_proxy 375 0.116380409 -0.93422271 0.00448652342 0 0 0
volume_proxy 388 -0.274286952 0.413106872 -0.0072064622 0 0 0
volume_proxy 431 -1.46005979 0.183198241 -0.0102662488 0 0 0
volume_proxy 802 1.13788055 0.745676102 0.00144548903 0 0 0
volume_proxy 876 0.240412695 -0.412055062 -0.0102581914 0 0 0
volume_proxy 1052 -0.188149476 -0.462825174 -0.00433657218 0 0 0
volume_proxy 1066 0.403897591 0.974059698 -0.00940760718 0 0 0
volume_proxy 1120 -0.598963552 0.51734589 -0.00676677489 0 0 0
volume_proxy 1166 -0.524120081 0.856429835 0.00625265626 0 0 0
volume_proxy 1169 1.24152867 -0.92702742 -0.00429739692 0 0 0
volume_proxy 1172 0.168077355 0.345243214 0.00815603259 0 0 0
volume_proxy 1186 -0.816286409 -0.433475499 -0.00457431579 0 0 0
volume_proxy 1193 -0.774488669 0.0847123721 0.000528792179 0 0 0
volume_proxy 1225 -0.0365726558 -0.357145058 -0.00983691413 0 0 0
volume_proxy 1245 -1.24245965 0.823043428 -0.00590452632 0 0 0
volume_proxy 1280 -1.07967442 0.587565125 -0.0075802086 0 0 0
volume_proxy 1285 -1.05018143 0.734861845 0.00478785624 0 0 0
volume_proxy 1295 -0.659215305 0.632513837 0.00199613915 0 0 0
volume_proxy 1296 0.312716215 -0.0941776248 0.00498966698 0 0 0
volume_proxy 1335 0.586793549 -0.779632242 0.0064031554 0 0 0
volume_proxy 1340 1.19231968 0.0831328329 -0.000773470239 0 0 0
volume_proxy 1380 -0.323951414 -0.0586718182 -0.00571557687 0 0 0
volume_proxy 1386 0.0198669482 0.965804628 -0.00880163332 0 0 0
volume_proxy 1397 1.03123208 0.985702 -0.00740390412 0 0 0
volume_proxy 1403 0.299630788 0.374038702 0.00508530579 0 0 0
volume_proxy 1409 0.751062032 0.914650869 -0.00100377533 0 0 0
volume_proxy 1413 1.05656961 0.539477234 -0.00956368876 0 0 0
volume_proxy 1420 -1.28561876 0.0286097933 0.010700251 0 0 0
volume_proxy 1421 -1.42263867 -0.119266851 0.00855973441 0 0 0
volume_proxy 1422 1.03191973 -0.95609343 0.00143806253 0 0 0
volume_proxy 1426 0.778765803 -0.352883322 -0.00624986673 0 0 0
volume_proxy 1429 1.04706391 -0.0111735635 0.0104887496 0 0 0
volume_proxy 1433 1.2436321 0.449282096 -0.00881282587 0 0 0
volume_proxy 1434 -0.0328756336 -0.686925127 0.00462024898 0 0 0
volume_proxy 1437 0.122465511 -0.336396025 -0.00356377716 0 0 0
volume_proxy 1439 -0.625339151 0.869572187 0.00624479038 0 0 0
volume_proxy 1440 0.614441014 -0.260868674 -0.00241400688 0 0 0
volume_proxy 1444 -0.853094909 -0.782710557 -0.00253079408 0 0 0
volume_proxy 1445 -0.000819753868 -0.857998061 0.00214050329 0 0 0
volume_proxy 1447 0.913977526 -0.4475338 -0.00986841669 0 0 0
volume_proxy 1459 -0.853211999 0.685042002 0.0053463588 0 0 0
volume_proxy 1460 1.07116562 0.0462366203 -0.0072298578 0 0 0
volume_proxy 1461 -1.23967948 0.817150909 -0.000243528489 0 0 0
volume_proxy 1462 -1.0355913 0.0283718672 0.00109369094 0 0 0
volume_proxy 1466 -0.489729426 -0.811728252 0.00457498416 0 0 0
volume_proxy 1470 -1.33265462 -0.759471672 -0.00387067231 0 0 0
volume_proxy 1471 0.306794734 0.610463883 0.00737316399 0 0 0
volume_proxy 1472 -0.951496716 0.523742261 0.00559019234 0 0 0
volume_proxy 1474 0.820613462 -0.490680033 -0.0099016388 0 0 0
volume_proxy 1481 1.30161403 0.487428722 0.0057219556 0 0 0
volume_proxy 1482 0.514000534 -0.889147628 0.0103853695 0 0 0
volume_proxy 1485 0.329811983 -0.576826375 -0.00695860143 0 0 0
volume_proxy 1486 1.13417298 -0.563666889 -0.00982974043 0 0 0
volume_proxy 1489 -0.456498233 0.449567976 0.00425936775 0 0 0
volume_proxy 1490 1.12298105 0.770737608 0.00360102965 0 0 0
volume_proxy 1492 0.0586323759 0.670415136 0.0022727409 0 0 0
volume_proxy 1493 0.369899303 0.396207794 -0.00550331398 0 0 0
volume_proxy 1494 0.959976552 0.760135777 -0.000484277477 0 0 0
volume_proxy 1496 -1.11193465 0.279350744 0.00173016828 0 0 0
volume_proxy 1497 0.0918759892 0.139575463 -0.00282475263 0 0 0
volume_proxy 1498 -1.18999918 0.382724966 0.00184268172 0 0 0
volume_proxy 1501 -0.931405329 -0.759892812 -0.0107913041 0 0 0
volume_proxy 1502 -0.868234165 -0.749439118 -0.00893636503 0 0 0
volume_proxy 1503 -0.466290677 0.192531096 -0.000666608941 0 0 0
volume_proxy 1505 0.306272552 0.984497988 -0.00983318184 0 0 0
volume_proxy 1506 0.41296819 0.287250678 0.00212424019 0 0 0
volume_proxy 1507 -0.942208079 -0.456802219 -0.00979928788 0 0 0
volume_proxy 1508 -0.378201332 -0.913653631 0.00173376317 0 0 0
volume_proxy 1509 -1.45439107 0.879819497 0.00492452692 0 0 0
volume_proxy 1510 0.679529097 -0.611706761 0.00177820736 0 0 0
volume_proxy 1511 1.25753123 0.342808493 0.00293810929 0 0 0
volume_proxy 1512 -0.954620523 0.234470284 0.0042797301 0 0 0
volume_proxy 1513 -0.639448942 0.625895085 -0.0104112075 0 0 0
