volume_proxy 0 0.630581201 0.711555401 -0.00637515739 0 0 0
volume_proxy 5 1.28524891 -0.73357288 7.30050133e-05 0 0 0
volume_proxy 6 -0.410412957 0.662646879 0.0058215047 0 0 0
volume_proxy 11 0.904237995 0.448827457 0.000513308711 0 0 0
volume_proxy 12 0.245949025 -0.493592589 0.00944419997 0 0 0
volume_proxy 14 -1.2036827 0.952000325 0.00409227488 0 0 0
volume_proxy 23 1.41976828 -0.822971306 -0.00984947352 0 0 0
volume_proxy 38 0.767421562 0.0687428219 -0.00713786289 0 0 0
volume_proxy 40 -0.458959677 -0.0474996117 0.00919371693 0 0 0
volume_proxy 50 -0.834344831 -0.24655597 0.00433475772 0 0 0
volume_proxy 53 -0.421122947 0.888165586 -0.00639295105 0 0 0
volume_proxy 58 0.679418509 -0.865670359 -0.00135146458 0 0 0
volume_proxy 60 0.514945459 0.281078153 -0.00280939235 0 0 0
volume_proxy 85 -0.912972826 -0.0014304304 -0.00492437454 0 0 0
volume_proxy 97 0.997465867 0.628649542 -0.00548401215 0 0 0
volume_proxy 107 1.21665894 0.95852609 0.00391535963 0 0 0
volume_proxy 127 -1.38039998 -0.00642624779 0.010786425 0 0 0
volume_proxy 130 0.771070016 0.248175009 -0.00355434916 0 0 0
volume_proxy 140 0.439121718 0.580782282 -0.0098732415 0 0 0
volume_proxy 157 1.24515241 0.0141438704 -0.00577316936 0 0 0
volume_proxy 159 0.735680519 0.336021126 -0.0037443727 0 0 0
volume_proxy 161 0.663423353 0.790431878 -0.000816285274 0 0 0
volume_proxy 176 0.525607447 0.370134848 0.00123436468 0 0 0
volume_proxy 186 -1.01073966 0.459835125 -0.00274543929 0 0 0
volume_proxy 189 -0.536234254 0.987113114 0.00172578752 0 0 0
volume_proxy 195 -0.239832006 -0.639479069 0.00416123841 0 0 0
volume_proxy 196 0.732758603 -0.387443274 0.00490008902 0 0 0
volume_proxy 200 -0.295572199 -0.613292259 0.00780106366 0 0 0
volume_proxy 202 -0.574389705 0.632600975 -0.00966215642 0 0 0
volume_proxy 209 -1.33069638 0.885076975 0.0106403135 0 0 0
volume_proxy 210 -0.331654138 0.270062703 0.00675929592 0 0 0
volume_proxy 226 0.377246885 -0.810152549 0.00658715341 0 0 0
volume_proxy 236 1.07486033 0.768978246 0.0104391215 0 0 0
volume_proxy 247 1.23721274 0.819220141 0.0005188618 0 0 0
volume_proxy 256 -0.707341717 0.785833139 -0.00733051412 0 0 0
volume_proxy 259 0.386133107 0.440864831 -0.000456221999 0 0 0
volume_proxy 269 -0.715049525 -0.568355724 -0.00961606342 0 0 0
volume_proxy 277 -1.03417168 -0.223501438 0.00854968051 0 0 0
volume_proxy 296 -0.375120485 -0.494262485 -0.0048013127 0 0 0
volume_proxy 305 0.0169148258 -0.0279148134 0.00243980227 0 0 0
volume_proxy 310 0.381159281 -0.875231386 -0.00234705759 0 0 0
volume_proxy 344 -1.10978956 0.907847137 -0.000723829524 0 0 0
volume_proxy 347 -0.2003416 -0.131780518 -0.00298942503 0 0 0
volume_proxy 356 0.23599651 0.596232425 -0.000677071025 0 0 0
volume_proxy 375 0.943242967 -0.753924586 0.00454045364 0 0 0
volume_proxy 388 0.452596008 0.120398401 -0.00782946546 0 0 0
volume_proxy 802 1.41077153 -0.282908229 0.00525924937 0 0 0
volume_proxy 1052 -0.810085654 -0.723182481 0.00722558884 0 0 0
volume_proxy 1066 -0.0352588001 0.213929734 0.000426861975 0 0 0
volume_proxy 1120 -0.451176079 -0.0124195064 -0.00738385556 0 0 0
volume_proxy 1166 -0.74267221 0.842889165 0.000844773899 0 0 0
volume_proxy 1169 1.09931338 -0.778890294 -0.00921661284 0 0 0
volume_proxy 1193 -1.24524025 -0.527780929 -0.0105653451 0 0 0
volume_proxy 1225 -0.556622516 -0.232072487 0.00697475436 0 0 0
volume_proxy 1245 -1.41681978 0.662196585 0.000362877089 0 0 0
volume_proxy 1280 -1.15504042 0.172921336 0.00671536884 0 0 0
volume_proxy 1285 -1.18412443 0.0505114533 -0.0024525048 0 0 0
volume_proxy 1295 -0.356961872 0.630433608 0.00705941139 0 0 0
volume_proxy 1296 0.288697277 0.010550388 -0.0059396184 0 0 0
volume_proxy 1335 0.434654847 -0.802016322 -0.000694111743 0 0 0
volume_proxy 1340 0.884592088 0.0793896634 -0.00500952131 0 0 0
volume_proxy 1380 0.172878756 0.376667247 -0.00918408816 0 0 0
volume_proxy 1386 0.19649819 0.367736877 -0.00653942347 0 0 0
volume_proxy 1397 1.06450127 0.231313602 -0.000175753315 0 0 0
volume_proxy 1409 0.41101155 0.951269395 -0.00273226868 0 0 0
volume_proxy 1413 1.33643798 0.515992542 -0.00158031266 0 0 0
volume_proxy 1420 -1.3535624 0.114707769 0.0016341236 0 0 0
volume_proxy 1422 0.77893741 -0.910480357 0.00401297943 0 0 0
volume_proxy 1426 1.12067404 -0.00584197757 0.00347780666 0 0 0
volume_proxy 1429 1.29042847 -0.481615071 0.00547971094 0 0 0
volume_proxy 1433 1.31877168 0.397517484 0.0104728468 0 0 0
volume_proxy 1434 -0.173029602 -0.995739611 0.00155956694 0 0 0
volume_proxy 1437 -0.0128073222 0.0303133274 0.00751827752 0 0 0
volume_proxy 1439 -0.21924552 0.537595944 0.00205925957 0 0 0
volume_proxy 1440 1.10282442 -0.300967451 -0.00969624884 0 0 0
volume_proxy 1447 0.973797198 -0.828131362 -0.00942553885 0 0 0
volume_proxy 1459 -0.489663146 0.12391407 -0.00766861334 0 0 0
volume_proxy 1460 1.28838607 0.891286851 -0.00471073822 0 0 0
volume_proxy 1461 -1.17053093 0.566912717 0.0043595444 0 0 0
volume_proxy 1466 -1.2610323 0.248245824 7.9408145e-05 0 0 0
volume_proxy 1470 -1.18172328 -0.391000069 0.0051162001 0 0 0
volume_proxy 1472 -1.26134655 0.419080349 -0.00261284149 0 0 0
volume_proxy 1474 1.07399875 -0.905590605 0.0082367637 0 0 0
volume_proxy 1481 1.06214727 0.997858253 0.00710027927 0 0 0
volume_proxy 1482 0.699686451 -0.657700704 0.0074699733 0 0 0
volume_proxy 1485 0.350841815 -0.660822227 -0.0060401234 0 0 0
volume_proxy 1486 1.19872524 -0.553731211 -0.00821077321 0 0 0
volume_proxy 1489 -0.0446766184 -0.0327668517 0.00406322319 0 0 0
volume_proxy 1490 1.3476391 0.80564515 -0.00605161287 0 0 0
volume_proxy 1492 0.196439696 0.725074212 0.00443188453 0 0 0
volume_proxy 1493 0.268550811 0.17762757 0.00266750435 0 0 0
volume_proxy 1494 0.855062617 0.485671906 -0.00957405627 0 0 0
volume_proxy 1496 -1.18841297 0.00644393899 0.00873642175 0 0 0
volume_proxy 1498 -1.14807964 0.193459545 0.00356443706 0 0 0
volume_proxy 1501 -1.0262338 -0.992134913 -0.00582369292 0 0 0
volume_proxy 1503 0.128823279 0.0324663116 0.00844495292 0 0 0
volume_proxy 1506 0.605791215 0.835059678 -0.0044711487 0 0 0
volume_proxy 1507 -1.06034229 -0.378217775 0.000260076893 0 0 0
volume_proxy 1508 -0.549729427 -0.807425413 -0.00672129201 0 0 0
volume_proxy 1509 -1.3860413 0.50553631 -0.00879204756 0 0 0
volume_proxy 1510 0.513935863 -0.288179489 0.00546154854 0 0 0
volume_proxy 1511 1.03058371 0.869820911 0.00228420933 0 0 0
volume_proxy 1512 -1.26459768 0.710878985 0.00466337305 0 0 0
volume_proxy 1513 -0.682811882 0.979933655 -0.00963225653 0 0 0
volume_proxy 1514 -1.18942437 0.629679914 -0.00766851621 0 0 0
volume_proxy 1515 0.627455487 0.494278711 0.00906118106 0 0 0
volume_proxy 1516 -0.905056433 -0.522120618 -0.0101269802 0 0 0
volume_proxy 1517 -0.870445024 -0.987250257 -0.007819585 0 0 0
volume_proxy 1518 -1.36264494 -0.265410285 -0.00630406847 0 0 0
volume_proxy 1519 0.11159551 -0.260976797 0.00322302072 0 0 0
volume_proxy 1520 -0.0838754197 -0.704873984 0.000292207889 0 0 0
volume_proxy 1521 -0.104261107 0.950781923 0.00599397093 0 0 0
volume_proxy 1522 0.0969737895 0.552074639 0.00654816089 0 0 0
