volume_proxy 0 0.121049076 0.537209075 0.000202320512 0 0 0
volume_proxy 5 1.14113548 -0.509784948 -0.00267865275 0 0 0
volume_proxy 6 0.0229013849 0.161766079 -0.0104769916 0 0 0
volume_proxy 11 1.06936137 0.409695517 0.00760442803 0 0 0
volume_proxy 12 0.426076311 -0.274760014 -0.00815796504 0 0 0
volume_proxy 14 -0.739058881 0.69442656 -0.000532731312 0 0 0
volume_proxy 23 1.17352305 -0.957189482 -0.00133956066 0 0 0
volume_proxy 38 -0.422521747 -0.867113975 -0.00887413691 0 0 0
volume_proxy 40 -0.993200269 -0.388458572 0.00564731519 0 0 0
volume_proxy 50 -0.849593811 -0.505839247 -0.00163928851 0 0 0
volume_proxy 53 -1.38630401 0.287117692 0.00788791081 0 0 0
volume_proxy 58 0.814333792 -0.987721936 0.00360966984 0 0 0
volume_proxy 60 -0.087427907 0.113056605 -0.0107342391 0 0 0
volume_proxy 85 -1.30466575 0.878544844 -0.00153057038 0 0 0
volume_proxy 97 0.670437256 0.576562605 -0.00590862589 0 0 0
volume_proxy 107 1.41424445 -0.239307789 0.00950326703 0 0 0
volume_proxy 127 -1.37523933 -0.684136836 0.00869982077 0 0 0
volume_proxy 130 0.930630186 0.896326684 -0.00428792252 0 0 0
volume_proxy 140 -1.04515631 0.738457308 -0.00688144666 0 0 0
volume_proxy 157 1.07485879 0.490382262 -0.00895692679 0 0 0
volume_proxy 159 1.12280262 0.627375939 0.000106464592 0 0 0
volume_proxy 161 0.448722816 0.350377301 0.00777699106 0 0 0
volume_proxy 176 0.66359361 -0.103237001 -0.00461144649 0 0 0
volume_proxy 186 -1.10162185 -0.424050522 0.00222482907 0 0 0
volume_proxy 189 -1.17971546 0.663188001 -0.00989016682 0 0 0
volume_proxy 195 -0.69653967 -0.129906287 0.00152025116 0 0 0
volume_proxy 196 0.704521333 0.339362863 -0.00171363761 0 0 0
volume_proxy 200 -0.990906772 -0.833134622 -0.00670835013 0 0 0
volume_proxy 202 0.127478066 0.727986624 -0.00531387502 0 0 0
volume_proxy 209 -1.03360684 -0.512254557 -0.00603482563 0 0 0
volume_proxy 210 -0.720283068 0.906939613 -0.0105860639 0 0 0
volume_proxy 226 -0.209628197 -0.40140309 0.00869156247 0 0 0
volume_proxy 236 1.48674486 0.0393818878 -0.0025094516 0 0 0
volume_proxy 247 0.589803798 0.815992351 -0.0100417926 0 0 0
volume_proxy 256 -1.19134698 0.915288356 -0.000462336769 0 0 0
volume_proxy 259 0.613964421 0.745489904 -0.000245558443 0 0 0
volume_proxy 269 -0.631203557 0.232917677 -0.00960819498 0 0 0
volume_proxy 277 -1.41576803 -0.106791325 0.00693713156 0 0 0
volume_proxy 296 -1.25560293 0.29039275 -0.0064946482 0 0 0
volume_proxy 305 1.23230183 -0.826614093 -0.00941084484 0 0 0
volume_proxy 310 -0.0709881149 -0.933449551 0.0026570023 0 0 0
volume_proxy 344 -1.0863538 0.495591397 -0.00248609729 0 0 0
volume_proxy 347 0.0268668418 0.866453674 0.00166587746 0 0 0
volume_proxy 356 -0.849551486 0.520277682 0.0100388931 0 0 0
volume_proxy 375 1.14893393 -0.759934131 -0.0070591785 0 0 0
volume_proxy 388 1.19287924 -0.239346613 0.00377481679 0 0 0
volume_proxy 802 1.23567435 -0.480610526 -0.00419883654 0 0 0
volume_proxy 1052 -1.04085439 -0.679155776 0.00834958935 0 0 0
volume_proxy 1066 -0.736861619 0.0662139568 -0.00588428604 0 0 0
volume_proxy 1120 -0.437030997 0.122142596 0.00586029157 0 0 0
volume_proxy 1166 -0.783200426 0.280414627 -0.00492337651 0 0 0
volume_proxy 1169 1.18026899 -0.754062595 -0.00730961716 0 0 0
volume_proxy 1193 -1.00247351 -0.596269328 0.00726307529 0 0 0
volume_proxy 1225 -0.068493337 -0.449708692 0.00141649084 0 0 0
volume_proxy 1245 -1.47208223 -0.251823556 0.000584368806 0 0 0
volume_proxy 1280 -0.586330813 0.857233924 -0.00222740835 0 0 0
volume_proxy 1285 -1.42323996 0.220104465 0.0106303731 0 0 0
volume_proxy 1295 0.023049665 -0.156301457 -0.00138645787 0 0 0
volume_proxy 1296 0.417129742 -0.604157675 -0.0050814358 0 0 0
volume_proxy 1340 1.23765288 0.842380882 -0.00640136311 0 0 0
volume_proxy 1380 -0.23509261 0.941249099 0.00697530229 0 0 0
volume_proxy 1386 1.30503799 0.290519206 -0.00181175865 0 0 0
volume_proxy 1397 1.14398681 0.791708039 0.00953666073 0 0 0
volume_proxy 1409 0.00344253121 0.838401441 -0.000331667763 0 0 0
volume_proxy 1413 0.946974689 0.864565551 0.0104020606 0 0 0
volume_proxy 1422 0.483756994 0.0864782879 -0.000322358469 0 0 0
volume_proxy 1433 1.24735356 0.923285482 0.00474161614 0 0 0
volume_proxy 1434 -0.0739766883 -0.971561456 -0.00302624416 0 0 0
volume_proxy 1437 -0.22780816 -0.0422450864 0.00878584451 0 0 0
volume_proxy 1439 0.0312491669 0.828809776 0.00935126839 0 0 0
volume_proxy 1447 0.993285163 0.069074129 0.0033132396 0 0 0
volume_proxy 1459 -1.19720217 0.586070754 -0.0089009215 0 0 0
volume_proxy 1460 -0.0450862967 0.690682822 0.000609104582 0 0 0
volume_proxy 1461 -0.585307385 0.91619591 -0.00455305863 0 0 0
volume_proxy 1466 -0.829245873 -0.00117670891 -0.00909720707 0 0 0
volume_proxy 1472 -0.86969397 0.465788349 7.30229033e-05 0 0 0
volume_proxy 1474 0.729903774 -0.639041796 -0.00327844455 0 0 0
volume_proxy 1481 0.961850675 0.430500266 -0.0100206893 0 0 0
volume_proxy 1482 1.08764183 0.136347889 0.00736183568 0 0 0
volume_proxy 1485 0.400345285 -0.442591114 -0.00369856066 0 0 0
volume_proxy 1489 0.114455043 -0.658950198 0.00264961388 0 0 0
volume_proxy 1490 1.17201474 0.964621637 -0.00553530473 0 0 0
volume_proxy 1494 1.27249566 -0.155032985 0.00735012998 0 0 0
volume_proxy 1496 -1.1893044 0.314829656 0.00324502117 0 0 0
volume_proxy 1498 -0.208315301 0.367951525 -0.00816920989 0 0 0
volume_proxy 1501 -0.378816876 -0.703099248 -0.00516058921 0 0 0
volume_proxy 1503 0.0267980954 0.185568077 0.00814220877 0 0 0
volume_proxy 1506 0.582335595 0.786368659 -0.0056259288 0 0 0
volume_proxy 1507 -1.25252963 -0.323865931 0.00252848195 0 0 0
volume_proxy 1508 -0.964176662 -0.724685204 0.00910376697 0 0 0
volume_proxy 1509 -1.28108461 0.547208588 -0.00545968768 0 0 0
volume_proxy 1510 -0.0831051989 -0.883399691 -0.00225880623 0 0 0
volume_proxy 1511 1.3171071 0.685809553 -0.000682327163 0 0 0
volume_proxy 1513 -1.32795691 0.796210377 -0.00677963479 0 0 0
volume_proxy 1515 0.591286734 0.255295236 0.0047423482 0 0 0
volume_proxy 1516 -0.317899995 -0.860930532 -0.00391410216 0 0 0
volume_proxy 1517 -0.787306644 -0.484718193 -0.00291590956 0 0 0
volume_proxy 1519 0.0843533736 -0.328664987 -0.00886492979 0 0 0
volume_proxy 1520 0.269160796 -0.177906243 0.00866720012 0 0 0
volume_proxy 1521 -0.75642883 -0.265456729 0.00863364293 0 0 0
volume_proxy 1522 0.566684949 0.719353855 0.00893441027 0 0 0
volume_proxy 1523 1.32630929 -0.130471081 -0.00574256956 0 0 0
volume_proxy 1525 -0.95991221 0.930230467 -0.00797306131 0 0 0
volume_proxy 1526 1.13957382 -0.278142402 0.0069112836 0 0 0
volume_proxy 1528 0.774895694 -0.830288117 -0.00561203876 0 0 0
volume_proxy 1529 -0.931631051 0.125534222 -0.00245824312 0 0 0
volume_proxy 1530 -1.01925918 -0.519125115 0.00597426032 0 0 0
volume_proxy 1531 0.496436486 0.598752791 0.00213313452 0 0 0
