volume_proxy 0 -0.0165512492 -0.479843526 -0.00674141669 0 0 0
volume_proxy 6 -0.338432001 0.359118011 0.0106171798 0 0 0
volume_proxy 11 1.24116704 0.831501947 -0.00677120928 0 0 0
volume_proxy 12 1.24086364 -0.373407173 -0.00198862653 0 0 0
volume_proxy 14 -1.36307526 0.0170232095 -0.0093279367 0 0 0
volume_proxy 23 0.363661844 -0.37617097 -0.00396753854 0 0 0
volume_proxy 38 -0.902075419 -0.849116602 0.000654170982 0 0 0
volume_proxy 40 -0.885602781 0.0919453238 0.0105797897 0 0 0
volume_proxy 50 -0.827978093 -0.068075387 0.00185852053 0 0 0
volume_proxy 53 -1.31273875 0.982198181 0.00546042808 0 0 0
volume_proxy 58 1.44917835 -0.903688891 -0.00750567303 0 0 0
volume_proxy 60 -0.335767649 0.625633916 -0.00208160695 0 0 0
volume_proxy 85 -1.05173589 0.528516901 0.00502220668 0 0 0
volume_proxy 97 0.714552478 0.808376739 0.00229175511 0 0 0
volume_proxy 107 0.408286285 -0.0334758815 -0.00689091911 0 0 0
volume_proxy 127 -1.41780875 -0.764440255 -0.0020521884 0 0 0
volume_proxy 130 1.00645863 -0.786731972 -0.00980493992 0 0 0
volume_proxy 140 -0.482020434 0.174179576 0.00763804171 0 0 0
volume_proxy 157 0.596369028 -0.893577594 -0.00577548746 0 0 0
volume_proxy 159 1.3040088 0.493279001 0.00486491427 0 0 0
volume_proxy 161 -0.196681708 0.154653963 -0.00576722583 0 0 0
volume_proxy 176 1.48367473 0.328949386 -0.00191136214 0 0 0
volume_proxy 186 -0.543651079 -0.107484473 -0.00538867256 0 0 0
volume_proxy 189 -0.198029579 -0.23615343 0.00135900531 0 0 0
volume_proxy 195 -1.47154552 -0.952881809 0.0100327794 0 0 0
volume_proxy 196 0.56745561 0.721402016 -0.00835343071 0 0 0
volume_proxy 200 -0.817418066 0.693232958 -0.00775654985 0 0 0
volume_proxy 202 -0.107823316 0.805751787 0.00359721877 0 0 0
volume_proxy 209 -0.838830491 0.0239508313 0.00352041614 0 0 0
volume_proxy 210 -0.0581234429 0.681031694 0.00209336491 0 0 0
volume_proxy 226 0.561509488 -0.952880863 -0.000402534192 0 0 0
volume_proxy 236 1.09125081 -0.662576929 0.00866213067 0 0 0
volume_proxy 247 1.00429096 0.260112996 0.00859457084 0 0 0
volume_proxy 256 -0.751593042 0.742846073 0.00505754948 0 0 0
volume_proxy 259 0.803494843 0.0586571462 -0.00712480603 0 0 0
volume_proxy 269 -0.898136549 -0.0281141738 0.00493167599 0 0 0
volume_proxy 277 -0.425683594 -0.858061462 -0.00714554845 0 0 0
volume_proxy 296 -1.21625404 0.436995926 -0.00591628359 0 0 0
volume_proxy 305 0.596427816 -0.33059399 0.000982805698 0 0 0
volume_proxy 310 0.602467267 0.273695053 0.00636987927 0 0 0
volume_proxy 344 -1.44582663 0.00713174353 0.0086397242 0 0 0
volume_proxy 347 -0.475337552 0.688946998 -0.0096944069 0 0 0
volume_proxy 356 -0.490530585 -0.106785033 0.00779854536 0 0 0
volume_proxy 375 0.667688057 -0.338094693 -0.00551425598 0 0 0
volume_proxy 388 1.4824335 -0.573726156 0.00219207266 0 0 0
volume_proxy 802 0.751696138 0.425077271 0.0026269623 0 0 0
volume_proxy 1052 -1.41131882 -0.316888327 0.00768113075 0 0 0
volume_proxy 1066 -0.131766892 0.589920322 0.000242935112 0 0 0
volume_proxy 1120 -0.4765767 0.643293157 0.00823072059 0 0 0
volume_proxy 1166 -1.18676363 -0.558177915 -0.00726759668 0 0 0
volume_proxy 1193 -1.217517 -0.397492493 0.00616527008 0 0 0
volume_proxy 1225 -0.833383377 -0.407265109 -0.00643000578 0 0 0
volume_proxy 1245 -1.38190081 0.142924562 -0.0100745663 0 0 0
volume_proxy 1280 -0.779589417 0.962296451 -0.00822543532 0 0 0
volume_proxy 1285 -1.2848401 0.418461869 0.000489202389 0 0 0
volume_proxy 1295 0.897053099 -0.189781645 0.00581253706 0 0 0
volume_proxy 1296 0.0174672459 -0.963781865 -0.00446057263 0 0 0
volume_proxy 1340 0.836321686 0.243937801 -0.00854597975 0 0 0
volume_proxy 1380 -1.16940737 -0.00739339847 -0.00564200371 0 0 0
volume_proxy 1386 1.35597622 0.469135617 0.010046191 0 0 0
volume_proxy 1397 0.549948962 0.939809511 -0.00820331033 0 0 0
volume_proxy 1409 -0.102504337 0.415399429 0.00042141704 0 0 0
volume_proxy 1413 1.26292617 0.996079101 -0.00468444224 0 0 0
volume_proxy 1422 0.807926682 -0.662928776 0.010553181 0 0 0
volume_proxy 1433 1.2649478 0.338034595 0.00317333311 0 0 0
volume_proxy 1437 -0.0430974375 -0.460070388 0.00695627411 0 0 0
volume_proxy 1459 -1.04278396 -0.211084312 -0.00914618003 0 0 0
volume_proxy 1460 -0.294693457 0.914346274 -0.000437504215 0 0 0
volume_proxy 1461 -1.25342176 0.954879883 -0.00764667413 0 0 0
volume_proxy 1466 -0.419385361 0.451825489 -0.00973892074 0 0 0
volume_proxy 1472 -1.43351502 0.616409977 0.00287091641 0 0 0
volume_proxy 1474 1.27809004 0.119207917 0.00293644198 0 0 0
volume_proxy 1481 0.416688659 0.497095726 0.00329107688 0 0 0
volume_proxy 1482 1.04057971 0.859005942 0.00650381027 0 0 0
volume_proxy 1485 0.412555082 -0.418600411 0.00119748545 0 0 0
volume_proxy 1489 0.396217909 -0.67147967 0.00941469764 0 0 0
volume_proxy 1490 0.570524605 0.91123235 -0.00237713468 0 0 0
volume_proxy 1496 -1.36076123 0.877861991 -0.00643521532 0 0 0
volume_proxy 1498 -0.0741229863 0.502401947 -0.00829043076 0 0 0
volume_proxy 1503 -1.37169751 -0.819753792 -0.0075477218 0 0 0
volume_proxy 1506 0.300381295 0.649365561 0.00440954079 0 0 0
volume_proxy 1507 -1.43745446 -0.0989217982 0.00852774174 0 0 0
volume_proxy 1508 -0.452781664 -0.195078758 0.00478399132 0 0 0
volume_proxy 1509 -1.27692937 -0.0615360204 0.00362845417 0 0 0
volume_proxy 1510 -0.144568845 -0.966038129 -0.00313486447 0 0 0
volume_proxy 1511 1.1406024 0.44598331 -0.000273629194 0 0 0
volume_proxy 1513 -1.34447063 0.761905714 0.00498613397 0 0 0
volume_proxy 1515 0.573922363 -0.828080649 0.0022890936 0 0 0
volume_proxy 1516 -0.0791970495 -0.995906933 -0.00823031291 0 0 0
volume_proxy 1517 -1.26238426 -0.386704073 -0.00279308378 0 0 0
volume_proxy 1519 0.0307957219 -0.493248204 0.000622149062 0 0 0
volume_proxy 1520 0.155396048 -0.403496668 0.00663541119 0 0 0
volume_proxy 1521 -1.29312736 -0.38952094 0.00947470319 0 0 0
volume_proxy 1523 0.356061338 -0.337698615 -0.0036828055 0 0 0
volume_proxy 1525 -1.01300902 0.957623259 0.00505632647 0 0 0
volume_proxy 1526 1.06613248 -0.790323271 -0.00139847136 0 0 0
volume_proxy 1528 0.603047999 -0.619901248 -0.00784995581 0 0 0
volume_proxy 1529 -1.23535108 0.191103709 -0.00428261405 0 0 0
volume_proxy 1531 0.334276394 0.532462446 0.00865972873 0 0 0
volume_proxy 1533 1.25018312 0.0511278103 -0.00606030231 0 0 0
volume_proxy 1534 0.468145065 0.468829009 0.00384136928 0 0 0
volume_proxy 1535 0.688497952 0.506433792 0.00859211311 0 0 0
volume_proxy 1536 -0.431464111 -0.565497474 0.00246973124 0 0 0
volume_proxy 1537 -0.309775647 -0.902708855 0.00317607251 0 0 0
volume_proxy 1538 1.36320214 -0.0601565626 -0.0106882158 0 0 0
