volume_proxy 0 0.880009628 0.188899695 -0.0059153878 0 0 0
volume_proxy 1 0.0161145484 -0.810118011 0.00433180613 0 0 0
volume_proxy 2 0.729824004 0.00248885575 0.0072729884 0 0 0
volume_proxy 4 1.02847395 0.907165914 0.00617537278 0 0 0
volume_proxy 5 -0.376860775 0.347501975 0.00213305202 0 0 0
volume_proxy 6 1.10455435 0.360808911 0.00706008503 0 0 0
volume_proxy 7 -0.505101658 0.112850015 0.0053766771 0 0 0
volume_proxy 8 0.403856003 -0.631405342 0.00596863806 0 0 0
volume_proxy 9 1.26809263 0.438157948 -0.0086446757 0 0 0
volume_proxy 11 -1.12992103 0.669740741 -0.00692778409 0 0 0
volume_proxy 12 0.581323828 -0.386775363 -0.00857218689 0 0 0
volume_proxy 13 -0.95301019 -0.958575372 -0.00629282936 0 0 0
volume_proxy 14 0.309649769 0.111952554 -0.00748288277 0 0 0
volume_proxy 15 -0.0861606318 -0.663622631 -0.00938305752 0 0 0
volume_proxy 16 -1.25690338 0.87084343 0.0009685395 0 0 0
volume_proxy 17 -0.820774942 0.0397549015 0.0077753429 0 0 0
volume_proxy 18 -1.44781523 -0.692223076 -0.00494148871 0 0 0
volume_proxy 19 -1.1460149 -0.489916468 0.00178300136 0 0 0
volume_proxy 21 -0.567399927 0.526744949 0.0105070044 0 0 0
volume_proxy 22 1.07787736 0.350035878 0.00231004807 0 0 0
volume_proxy 23 -0.558524102 -0.106545734 -0.00764981458 0 0 0
volume_proxy 24 -0.717717695 0.441765257 -0.00108407704 0 0 0
volume_proxy 25 -1.00826281 -0.119725428 -0.0065576739 0 0 0
volume_proxy 26 -0.525661272 0.406703444 -0.00969136507 0 0 0
volume_proxy 31 -0.790191801 -0.121897197 0.00265060565 0 0 0
volume_proxy 32 -0.431731588 -0.678244953 0.0097791803 0 0 0
volume_proxy 35 0.125951106 0.759784879 0.00585016268 0 0 0
volume_proxy 36 0.664248843 0.686403987 -0.00114846706 0 0 0
volume_proxy 37 -1.07972382 -0.926216356 -0.00588361091 0 0 0
volume_proxy 38 0.658772215 -0.160880487 0.00198889161 0 0 0
volume_proxy 40 -0.139196111 -0.493222133 0.00332648132 0 0 0
volume_proxy 42 1.47821909 -0.304252614 0.00402352548 0 0 0
volume_proxy 43 -0.384344133 -0.431609558 0.00750839194 0 0 0
volume_proxy 45 0.388240015 0.622333875 -0.0064049622 0 0 0
volume_proxy 46 0.532576182 -0.891016333 -0.009639193 0 0 0
volume_proxy 47 1.44089522 0.545866223 0.00776237385 0 0 0
volume_proxy 48 -0.316190024 -0.331383134 0.00204813598 0 0 0
volume_proxy 49 0.203175624 -0.380722265 0.00598956936 0 0 0
volume_proxy 50 -0.367460923 -0.992611822 -0.00501512207 0 0 0
volume_proxy 51 -1.41345179 0.868151941 -0.0101729684 0 0 0
volume_proxy 52 -1.38419921 -0.812519287 -0.00652017523 0 0 0
volume_proxy 53 0.256083906 -0.34472443 -0.00652753617 0 0 0
volume_proxy 54 -0.806336718 0.484632302 -0.00733795087 0 0 0
volume_proxy 55 -0.939444418 -0.15805523 0.0036781058 0 0 0
volume_proxy 56 -1.20609592 0.726269936 0.000488063855 0 0 0
volume_proxy 57 -1.28496866 -0.338412987 0.00370800363 0 0 0
volume_proxy 58 0.244988089 -0.645552841 -0.00681359379 0 0 0
volume_proxy 59 -0.34810988 0.204538718 -0.00923815807 0 0 0
volume_proxy 60 -0.0606269049 0.291601119 -0.00892205944 0 0 0
volume_proxy 61 -1.44527945 -0.254264691 -0.00815468117 0 0 0
volume_proxy 62 -0.0226955087 0.154616192 -0.00822795385 0 0 0
volume_proxy 63 0.585121543 0.121790326 0.00897557738 0 0 0
volume_proxy 64 -0.317553721 -0.134268214 0.00662813724 0 0 0
volume_proxy 66 0.349626264 0.722784949 -0.00522701581 0 0 0
volume_proxy 67 -0.185936415 -0.310391974 0.00269496912 0 0 0
volume_proxy 69 -0.361341275 -0.214108993 0.00866745441 0 0 0
volume_proxy 71 0.694414895 0.763556785 0.0029484484 0 0 0
volume_proxy 72 0.707988177 -0.0701006485 0.00221379121 0 0 0
volume_proxy 73 0.990863128 -0.769958921 0.000992080986 0 0 0
volume_proxy 75 0.823702979 -0.769560065 0.00847825757 0 0 0
volume_proxy 77 1.30317713 -0.0946912053 0.000688036496 0 0 0
volume_proxy 78 1.42232637 0.055957506 0.00520955386 0 0 0
volume_proxy 79 -0.695216873 0.193264567 -0.00871624779 0 0 0
volume_proxy 80 -0.741856407 0.745195933 0.00249007199 0 0 0
volume_proxy 81 -0.96130225 0.940950005 -0.00459437467 0 0 0
volume_proxy 84 -0.637174551 -0.0855931748 0.00446268601 0 0 0
volume_proxy 85 -0.900946558 0.211694279 0.00825077601 0 0 0
volume_proxy 86 0.354683586 -0.426457194 -0.00199196012 0 0 0
volume_proxy 87 1.01711516 0.365218575 -0.010625972 0 0 0
volume_proxy 88 -0.72603954 0.422688225 -0.0105911324 0 0 0
volume_proxy 90 0.730404912 -0.681139777 -0.00158537197 0 0 0
volume_proxy 91 0.885141104 -0.873139608 0.0100379023 0 0 0
volume_proxy 93 0.141520376 0.22137862 -0.00550871867 0 0 0
volume_proxy 94 -0.639687507 -0.655732678 0.00545401435 0 0 0
volume_proxy 96 0.918122269 -0.561557675 -0.00136422305 0 0 0
volume_proxy 97 0.729196014 0.00577274501 0.0031201452 0 0 0
volume_proxy 100 -0.236889229 -0.914331808 0.00715313593 0 0 0
volume_proxy 101 -0.84133699 -0.0315090732 -0.00984754711 0 0 0
volume_proxy 102 0.135466539 -0.734147657 0.00423038285 0 0 0
volume_proxy 103 0.451100995 -0.511750837 -0.0104466294 0 0 0
volume_proxy 104 0.55026842 0.915829468 0.00775125131 0 0 0
volume_proxy 105 -0.366493223 -0.434571255 0.00676128893 0 0 0
volume_proxy 106 0.0808650547 -0.901518386 -0.00931433148 0 0 0
volume_proxy 107 0.468012795 0.249828994 0.00566326187 0 0 0
volume_proxy 108 1.11985179 -0.213855185 0.00525271663 0 0 0
volume_proxy 111 0.488105552 0.34252529 0.00854714573 0 0 0
volume_proxy 112 0.920575182 0.139423807 0.00959173054 0 0 0
volume_proxy 113 -0.718149469 -0.0621677102 -0.00708285337 0 0 0
volume_proxy 114 -1.08607569 -0.213086539 0.00674486489 0 0 0
volume_proxy 115 1.11444033 -0.462822537 0.00587744521 0 0 0
volume_proxy 116 -1.30043324 -0.991724273 -0.00281947609 0 0 0
volume_proxy 121 0.489533306 0.690350458 0.00701217043 0 0 0
volume_proxy 123 0.569689412 -0.848437877 0.00718977466 0 0 0
volume_proxy 124 -0.523684517 0.240783899 -0.00331516576 0 0 0
volume_proxy 125 -0.945452299 -0.804181108 0.00684966828 0 0 0
volume_proxy 126 -0.457425318 -0.298817109 0.000352815873 0 0 0
volume_proxy 127 -0.120625946 0.0644018954 -0.00154958517 0 0 0
volume_proxy 130 0.814098448 -0.43122969 -0.00784686515 0 0 0
volume_proxy 131 0.777807904 0.019479541 0.00171601019 0 0 0
volume_proxy 132 0.356729835 0.716505072 -0.00369076977 0 0 0
volume_proxy 135 0.47881337 -0.236093032 0.00344927239 0 0 0
volume_proxy 138 0.435609139 -0.737050125 0.00220076742 0 0 0
volume_proxy 139 -0.250503324 0.329497268 0.00984551332 0 0 0
volume_proxy 140 -0.740742291 0.781140092 0.00967721545 0 0 0
volume_proxy 141 1.2490894 -0.557707495 -0.0106282451 0 0 0
volume_proxy 144 -1.32656231 0.138496321 0.00390843358 0 0 0
volume_proxy 145 -0.755853514 -0.832318235 -0.00605529811 0 0 0
volume_proxy 146 1.07108286 -0.615098356 0.00700643813 0 0 0
volume_proxy 147 0.642351677 0.0472106458 -0.000431326208 0 0 0
volume_proxy 149 -1.20116621 0.755163381 -0.00574201726 0 0 0
volume_proxy 153 -0.85923863 -0.805223153 0.00905342825 0 0 0
volume_proxy 155 0.7410849 0.143377089 -0.000818935097 0 0 0
volume_proxy 157 1.04441044 0.602797639 0.00529363073 0 0 0
volume_proxy 159 0.152915456 -0.159426668 -0.00853858812 0 0 0
volume_proxy 160 -0.142712862 -0.407778409 -0.00591617368 0 0 0
volume_proxy 161 0.0255762267 -0.111420591 -0.00486691786 0 0 0
volume_proxy 162 -0.326145326 -0.407421539 -0.00128429868 0 0 0
volume_proxy 163 -1.44109459 0.761247642 -0.00256939102 0 0 0
volume_proxy 164 -1.43469488 0.808884145 0.00946646143 0 0 0
volume_proxy 165 0.937654139 0.25805661 -0.00973380526 0 0 0
volume_proxy 167 0.185732281 -0.0573567625 -0.00342424401 0 0 0
volume_proxy 168 1.10946958 0.365637502 -0.00492769776 0 0 0
volume_proxy 169 0.804993936 -0.251832976 0.00437353141 0 0 0
volume_proxy 170 1.00580495 -0.417980566 -0.00539135903 0 0 0
volume_proxy 171 -0.670070651 0.704799743 -0.00445978208 0 0 0
volume_proxy 172 -1.26340269 0.638030331 -0.00132460741 0 0 0
volume_proxy 173 0.160386209 0.484459304 -0.00303188824 0 0 0
volume_proxy 174 0.774346104 -0.486337599 0.00782611904 0 0 0
volume_proxy 176 0.131479585 -0.14786111 -0.00436537857 0 0 0
volume_proxy 178 -0.789231898 0.0991084304 0.00592969548 0 0 0
volume_proxy 181 0.241019231 -0.454026801 0.00986598312 0 0 0
volume_proxy 182 -0.325994262 0.850535209 0.00908633566 0 0 0
volume_proxy 183 1.02051958 -0.929118155 0.0027847018 0 0 0
volume_proxy 186 -0.354205719 -0.665962896 0.0061199114 0 0 0
volume_proxy 187 -0.52318264 0.579385385 0.00656840866 0 0 0
volume_proxy 189 -1.0811701 0.129258415 -0.00574937765 0 0 0
volume_proxy 192 0.402192089 -0.300954657 -0.00373357126 0 0 0
volume_proxy 194 -0.0993059725 -0.795497928 1.60468423e-05 0 0 0
volume_proxy 195 -1.41441197 0.560148279 -0.00749781949 0 0 0
volume_proxy 196 0.635694084 0.755315891 -0.0069667629 0 0 0
volume_proxy 197 -0.491755708 -0.752000348 -0.00805810176 0 0 0
volume_proxy 198 0.902344835 -0.990493709 0.0036422873 0 0 0
volume_proxy 199 -0.551467173 -0.0951710678 -0.00389399714 0 0 0
volume_proxy 200 -0.89889386 0.211892143 0.00790139185 0 0 0
volume_proxy 201 -1.2704928 0.479647123 0.00291816067 0 0 0
volume_proxy 202 -0.138478512 0.974392264 -8.61316499e-05 0 0 0
volume_proxy 204 -1.29901732 -0.133168315 -0.00991837569 0 0 0
volume_proxy 206 0.413154391 0.0138047908 0.00725504115 0 0 0
volume_proxy 208 -1.27681974 0.898209491 -0.000745573385 0 0 0
volume_proxy 209 -1.06832427 -0.854577565 0.00461340123 0 0 0
volume_proxy 210 0.328463814 0.275115266 -0.00190600647 0 0 0
volume_proxy 211 -0.323288343 -0.831854954 0.00748466389 0 0 0
volume_proxy 212 1.34228641 -0.266603873 0.00630339683 0 0 0
volume_proxy 213 0.133989331 -0.604025925 0.00263754242 0 0 0
volume_proxy 214 -0.376284687 -0.143795041 -0.00712117424 0 0 0
volume_proxy 215 0.0670905116 -0.884870436 0.0102193632 0 0 0
volume_proxy 218 -0.321076508 0.967164767 0.0100223947 0 0 0
volume_proxy 219 -0.101537638 0.079944838 -0.000876491231 0 0 0
volume_proxy 220 1.35873313 0.330281269 0.00664070808 0 0 0
volume_proxy 221 -0.262380859 0.564540276 -0.0059559737 0 0 0
volume_proxy 223 -1.48324165 0.474433647 0.000236287449 0 0 0
volume_proxy 224 0.518483805 -0.969228155 0.0010243255 0 0 0
volume_proxy 225 -1.21900453 0.196124538 -0.00670653676 0 0 0
volume_proxy 226 -0.837910678 -0.284027057 -0.00941930384 0 0 0
volume_proxy 227 -0.633573595 -0.563424539 0.00108615363 0 0 0
volume_proxy 228 -0.47049549 -0.142675897 -0.00261921239 0 0 0
volume_proxy 229 0.567151987 -0.0154666365 -0.00481451106 0 0 0
volume_proxy 230 -0.118188727 0.910746318 0.00350628857 0 0 0
volume_proxy 231 0.604606807 0.000476868084 0.00747022967 0 0 0
volume_proxy 232 0.931483572 0.968928002 -0.00524913759 0 0 0
volume_proxy 233 1.32484943 0.892128993 0.00168122869 0 0 0
volume_proxy 235 -0.846327862 -0.930989976 0.00924398487 0 0 0
volume_proxy 236 1.31506016 0.235544954 0.00376958181 0 0 0
volume_proxy 237 0.543740933 0.758735396 0.00278088933 0 0 0
volume_proxy 238 0.113725957 -0.356386707 0.00360731177 0 0 0
volume_proxy 239 0.426026876 -0.0678890099 -0.00534034333 0 0 0
volume_proxy 240 0.254087949 0.20472452 -0.000278475392 0 0 0
volume_proxy 241 -0.0108947373 -0.299726573 0.00350198021 0 0 0
volume_proxy 242 1.4798542 0.186287759 0.00848955435 0 0 0
volume_proxy 244 -0.000823347769 0.409570204 -0.00502773204 0 0 0
volume_proxy 245 0.346275929 -0.377422676 0.0019224042 0 0 0
volume_proxy 246 -0.970974015 -0.0460878341 -0.00451477442 0 0 0
volume_proxy 247 1.15479441 -0.716332128 -0.000608369318 0 0 0
volume_proxy 249 1.24387682 0.306344241 0.00484753275 0 0 0
volume_proxy 251 0.615298525 0.763400967 0.000921102632 0 0 0
volume_proxy 252 -0.656502184 -0.948202735 -0.0100681613 0 0 0
volume_proxy 254 -1.38434069 0.591688592 -0.0059255302 0 0 0
volume_proxy 256 0.210339828 -0.107836468 -0.00881429222 0 0 0
volume_proxy 257 -0.381194623 0.665109423 -0.00529704907 0 0 0
volume_proxy 258 0.145738047 -0.244134288 0.00860970795 0 0 0
volume_proxy 259 -0.0292285119 -0.0417635516 -0.00630770157 0 0 0
volume_proxy 260 -0.0479221872 0.949591515 -0.00838186142 0 0 0
volume_proxy 261 1.2059123 0.865180111 -0.00558101669 0 0 0
volume_proxy 262 -1.11018494 -0.0271701245 0.0031266977 0 0 0
volume_proxy 266 -0.637961188 -0.220642466 0.00512357098 0 0 0
volume_proxy 268 9.0686712e-05 0.109609979 -0.00105984404 0 0 0
volume_proxy 269 0.880009359 -0.21941708 -0.00356957618 0 0 0
volume_proxy 270 1.02004155 -0.432998722 0.0104014929 0 0 0
volume_proxy 271 -1.26449537 -0.0690897335 0.00319140214 0 0 0
volume_proxy 272 0.103732574 -0.820230313 0.00112571428 0 0 0
volume_proxy 273 1.41546455 0.946235902 -0.00494737888 0 0 0
volume_proxy 274 -0.545314506 -0.218350824 -0.00503173429 0 0 0
volume_proxy 275 -1.18545898 0.920662789 0.00236602335 0 0 0
volume_proxy 276 0.268037876 0.229715918 0.00255677231 0 0 0
volume_proxy 277 -0.693082441 -0.501468348 0.00495910001 0 0 0
volume_proxy 279 -0.965961338 -0.77498075 0.00527411914 0 0 0
volume_proxy 281 -1.13886632 0.799483907 -0.00875132981 0 0 0
volume_proxy 282 0.279129506 -0.4154232 -0.00362990963 0 0 0
volume_proxy 283 -0.944004075 0.519076771 0.00361310997 0 0 0
volume_proxy 284 -1.32317106 0.831557007 0.00936134307 0 0 0
volume_proxy 285 -0.65384751 -0.445915171 -0.00912313032 0 0 0
volume_proxy 292 -0.75565846 -0.616090305 -0.000459016896 0 0 0
volume_proxy 293 1.36641247 0.324015309 0.00353818738 0 0 0
volume_proxy 294 -0.727855548 0.851087754 0.00809767907 0 0 0
volume_proxy 295 0.0626618379 -0.529885322 0.00420569553 0 0 0
volume_proxy 296 0.326133752 -0.328700809 0.00135149436 0 0 0
volume_proxy 297 0.897261757 0.124930156 -0.0025978713 0 0 0
volume_proxy 298 0.530086757 -0.67790704 -0.00563147929 0 0 0
volume_proxy 299 -1.21192014 0.778469435 0.00703779758 0 0 0
volume_proxy 303 -0.161956487 -0.450900649 -0.00819034091 0 0 0
volume_proxy 304 -1.06260489 0.999009325 0.00814661635 0 0 0
volume_proxy 305 0.686169598 0.845726581 -0.0044408356 0 0 0
volume_proxy 307 -1.486782 -0.321822066 0.00467840307 0 0 0
volume_proxy 308 0.743250498 -0.832336434 0.00428210762 0 0 0
volume_proxy 309 0.644888698 0.539871208 0.00969704326 0 0 0
volume_proxy 310 0.817756887 -0.284126591 -0.00352305545 0 0 0
volume_proxy 311 -0.154450609 -0.638482928 -0.000296512459 0 0 0
volume_proxy 312 0.1770086 -0.0857308294 0.00953384913 0 0 0
volume_proxy 313 0.776027661 0.722795058 0.00573978458 0 0 0
volume_proxy 314 -0.38533013 -0.32175385 0.00687765972 0 0 0
volume_proxy 315 -0.208992735 0.307608353 0.00112375105 0 0 0
volume_proxy 316 -0.103729122 -0.219107636 0.00323546438 0 0 0
volume_proxy 318 -0.78364839 0.0266852198 -0.000479353989 0 0 0
volume_proxy 319 -0.154337566 -0.581536496 0.00918082518 0 0 0
volume_proxy 321 -0.437159711 -0.982030258 -0.00567812874 0 0 0
volume_proxy 322 0.549513011 0.648249177 0.0041551886 0 0 0
volume_proxy 324 -0.973558925 -0.951742749 -0.00703582306 0 0 0
volume_proxy 325 -0.186585978 0.649552828 0.00242754671 0 0 0
volume_proxy 326 -1.01536366 0.647610018 0.00517114327 0 0 0
volume_proxy 327 1.35075077 -0.81025869 0.00285413522 0 0 0
volume_proxy 328 0.646903474 0.455196675 0.00960938845 0 0 0
volume_proxy 329 0.316151084 0.970144185 0.000153612417 0 0 0
volume_proxy 330 0.62381738 -0.292492984 0.0102453861 0 0 0
volume_proxy 331 -1.35239931 0.585112127 -0.00883832379 0 0 0
volume_proxy 333 -1.41002782 -0.651833986 -0.0015733703 0 0 0
volume_proxy 334 0.787996076 -0.72290569 -0.000820118743 0 0 0
volume_proxy 335 -0.886820438 -0.302844689 -0.00910232325 0 0 0
volume_proxy 337 -0.90478726 0.37780379 0.00269280836 0 0 0
volume_proxy 338 -0.422064578 0.0390145173 0.000312153761 0 0 0
volume_proxy 339 -0.53421022 -0.214961566 0.00689900927 0 0 0
volume_proxy 340 0.178604153 0.872094749 -0.00158528807 0 0 0
volume_proxy 341 1.07794727 0.539662629 -0.00950882017 0 0 0
volume_proxy 342 -0.27855227 0.115156134 -0.00967386627 0 0 0
volume_proxy 343 -0.384460057 0.739399365 0.000188821539 0 0 0
volume_proxy 344 0.754495541 0.205751668 0.00368422879 0 0 0
volume_proxy 345 -0.827318946 0.30296642 -0.00595906827 0 0 0
volume_proxy 347 0.247049306 -0.0947310657 -0.00975038586 0 0 0
volume_proxy 349 0.0144176081 0.259011761 0.00731378346 0 0 0
volume_proxy 350 -0.616569809 0.589409338 -0.00421268383 0 0 0
volume_proxy 351 -1.39984098 0.0605813649 -0.00699633021 0 0 0
volume_proxy 352 1.37129135 0.756004003 -0.00958596404 0 0 0
volume_proxy 353 -0.0885062666 0.722274107 0.00319920792 0 0 0
volume_proxy 355 1.01117319 0.103338171 0.00647385291 0 0 0
volume_proxy 356 0.854692501 0.413708191 -0.00261159452 0 0 0
volume_proxy 357 -1.20103006 -0.939893376 0.0039070442 0 0 0
volume_proxy 358 1.44974439 0.707391599 -0.00516713936 0 0 0
volume_proxy 359 0.297309549 0.1327254 0.000764870585 0 0 0
volume_proxy 361 0.10361648 -0.550440922 0.00416061746 0 0 0
volume_proxy 363 1.42544305 0.64140489 -0.0100197822 0 0 0
volume_proxy 364 1.32482087 -0.984458919 0.00489417466 0 0 0
volume_proxy 365 -0.728005494 0.706015192 0.00219702773 0 0 0
volume_proxy 366 1.49309734 -0.391194178 -0.00989951837 0 0 0
volume_proxy 367 -1.39048863 0.639917649 0.00987705505 0 0 0
volume_proxy 368 0.994878315 0.0383077094 0.00954173439 0 0 0
volume_proxy 370 1.4465329 0.29098437 0.0102163764 0 0 0
volume_proxy 371 -1.06187526 0.479237081 -6.10991971e-05 0 0 0
volume_proxy 372 0.175044753 0.0676450136 0.00862523217 0 0 0
volume_proxy 373 1.25832703 0.147098928 -0.00615031674 0 0 0
volume_proxy 374 1.23158844 -0.867302677 0.00271606268 0 0 0
volume_proxy 375 1.06602141 0.642613259 -0.00559684487 0 0 0
volume_proxy 376 0.494897504 -0.081120086 -0.00949336036 0 0 0
volume_proxy 377 0.631051473 -0.548814735 0.00775496986 0 0 0
volume_proxy 379 -1.44560423 0.290719112 0.00955959817 0 0 0
volume_proxy 380 -0.618929374 -0.424432721 0.00636294058 0 0 0
volume_proxy 382 -0.317161045 -0.565936367 0.00827070821 0 0 0
volume_proxy 383 0.152542684 -0.831354295 -0.00269409949 0 0 0
volume_proxy 384 0.0239974626 0.410125749 -0.00763819355 0 0 0
volume_proxy 385 0.76607541 -0.361373099 0.00158692827 0 0 0
volume_proxy 387 -0.385476674 0.201619565 -0.00238476354 0 0 0
volume_proxy 388 -1.15876678 0.148267271 -0.00308160714 0 0 0
volume_proxy 389 -0.161221226 0.370005609 -0.0106575761 0 0 0
volume_proxy 390 -1.38749187 -0.403496294 0.00102666183 0 0 0
volume_proxy 391 -1.46573314 0.83246491 0.0067919487 0 0 0
volume_proxy 392 -0.450008079 0.899301546 0.00353513765 0 0 0
volume_proxy 393 1.31138825 -0.110942236 -0.0101332065 0 0 0
volume_proxy 394 -0.63698247 0.940288178 -0.0012121022 0 0 0
volume_proxy 395 -0.118481769 -0.775118289 -0.00135183778 0 0 0
volume_proxy 396 -0.888402763 0.58491367 -0.00537460503 0 0 0
volume_proxy 397 1.15674826 0.245428764 -0.00799230104 0 0 0
volume_proxy 399 0.666633671 -0.971318456 -0.00167947932 0 0 0
volume_proxy 400 -0.562177079 -0.387428624 -0.00913227458 0 0 0
volume_proxy 401 0.459920464 0.0905838156 -0.00210132828 0 0 0
volume_proxy 402 -0.833439846 -0.424737273 0.00746496288 0 0 0
volume_proxy 404 0.00773718258 -0.896828336 -0.00965369489 0 0 0
volume_proxy 405 1.04604106 -0.123500149 -0.00718031508 0 0 0
volume_proxy 406 0.925925497 -0.221743067 0.00244013444 0 0 0
volume_proxy 408 0.340683778 -0.740645461 -0.00409977702 0 0 0
volume_proxy 409 0.261431448 -0.652803301 -7.93677773e-05 0 0 0
volume_proxy 411 -0.247897102 0.377261997 -0.002672765 0 0 0
volume_proxy 412 1.32775089 -0.0809266652 0.00152476214 0 0 0
volume_proxy 413 0.141754176 0.546127274 0.0052022555 0 0 0
volume_proxy 414 1.34684365 0.57814757 -0.00410431363 0 0 0
volume_proxy 415 -1.09968621 -0.720701935 0.000205600036 0 0 0
volume_proxy 418 0.0236202975 -0.482477916 -0.00439730721 0 0 0
volume_proxy 419 -1.15022444 -0.409328492 -0.00704846709 0 0 0
volume_proxy 420 1.18142133 -0.580427912 -0.00819406049 0 0 0
volume_proxy 421 -0.472234809 -0.785903346 -0.00888853387 0 0 0
volume_proxy 422 -0.446679535 0.380407636 0.00372669542 0 0 0
volume_proxy 424 0.952712054 0.786444314 0.00820335846 0 0 0
volume_proxy 425 0.39376053 -0.561777001 -0.00527205203 0 0 0
volume_proxy 426 -0.636997544 0.691461593 0.0106848678 0 0 0
volume_proxy 429 -0.577792579 -0.0833302526 0.00533597986 0 0 0
volume_proxy 430 0.847288639 0.56754983 -0.0103471059 0 0 0
volume_proxy 431 -1.35105856 -0.942662054 0.0030013875 0 0 0
volume_proxy 434 -0.588028974 -0.479767037 -0.00855177385 0 0 0
volume_proxy 435 -1.44257203 -0.966464234 0.00336505227 0 0 0
volume_proxy 436 0.800478762 -0.0830898969 -0.00583745937 0 0 0
volume_proxy 438 -0.295787884 0.106564477 0.0103587498 0 0 0
volume_proxy 440 0.207964944 -0.69415481 0.00479597041 0 0 0
volume_proxy 442 -0.4501162 -0.859878738 -0.00200844185 0 0 0
volume_proxy 443 0.93658464 -0.615609665 -0.00637928903 0 0 0
volume_proxy 444 0.60774098 -0.921175179 0.00391607143 0 0 0
volume_proxy 445 -1.31611075 -0.562117063 0.00427204956 0 0 0
volume_proxy 448 -0.647808196 0.144801436 0.00844268734 0 0 0
volume_proxy 450 1.32986849 0.831847121 0.00990350461 0 0 0
volume_proxy 451 0.479061194 -0.419274484 0.00365000273 0 0 0
volume_proxy 452 -0.150795397 0.994597251 -0.00153662951 0 0 0
volume_proxy 453 -1.43346128 0.62172515 0.00479487955 0 0 0
volume_proxy 455 1.27365838 0.172865274 -0.00738128667 0 0 0
volume_proxy 456 0.596673462 -0.785278186 0.00983751474 0 0 0
volume_proxy 457 -1.47096874 0.537869985 -0.00422990966 0 0 0
volume_proxy 459 -0.946197965 0.361831556 0.000699644065 0 0 0
volume_proxy 462 -0.532145542 -0.576175167 -0.00420713848 0 0 0
volume_proxy 463 0.770419211 -0.695867352 -0.00340027769 0 0 0
volume_proxy 465 -0.269750288 0.88708993 0.00264282415 0 0 0
volume_proxy 468 0.47482485 0.167099177 -0.0090440226 0 0 0
volume_proxy 470 1.48778735 0.981491436 0.00687500522 0 0 0
volume_proxy 471 0.511921254 -0.985577499 0.00443551162 0 0 0
volume_proxy 472 1.03449649 0.606751927 0.00991953587 0 0 0
volume_proxy 474 -0.245556187 -0.831727398 0.00580537164 0 0 0
volume_proxy 475 -0.279541192 0.445434184 -0.00269570739 0 0 0
volume_proxy 481 0.250775412 -0.453369903 -0.00882453936 0 0 0
volume_proxy 482 -0.366384253 -0.142104004 0.00848723633 0 0 0
volume_proxy 484 0.169611029 -0.795308473 0.00545071412 0 0 0
volume_proxy 485 -0.430970651 -0.776967542 -0.0100611501 0 0 0
volume_proxy 486 -1.06631219 -0.20804836 -0.00423742386 0 0 0
volume_proxy 487 -0.374639541 0.790908233 0.00493593907 0 0 0
volume_proxy 488 -0.821816386 -0.958252522 -0.00829592109 0 0 0
volume_proxy 489 -0.718321444 -0.546582618 -0.00511237325 0 0 0
volume_proxy 490 -0.0313810585 0.761748081 0.00853871751 0 0 0
volume_proxy 492 1.26302851 -0.95826194 0.00782023633 0 0 0
volume_proxy 493 -1.21496881 -0.337067542 -0.00762865532 0 0 0
volume_proxy 494 -0.44800006 0.755398373 0.0104645295 0 0 0
volume_proxy 495 -0.517233234 -0.247634384 0.00242317658 0 0 0
volume_proxy 497 -1.46292451 -0.827838681 -0.0098553998 0 0 0
volume_proxy 499 1.22908363 -0.80059561 -0.00370996879 0 0 0
volume_proxy 500 -1.07965129 -0.39921517 -0.00609744504 0 0 0
volume_proxy 501 -1.44652905 0.939887465 0.00750546934 0 0 0
volume_proxy 502 0.758700782 -0.269439046 -0.00292304036 0 0 0
volume_proxy 503 -0.281759536 0.408863969 -0.00994493105 0 0 0
volume_proxy 504 1.3087693 0.3788217 -0.0105096507 0 0 0
volume_proxy 506 0.796232823 -0.392249995 -0.00137069488 0 0 0
volume_proxy 508 0.981348919 0.661569627 -0.00858881199 0 0 0
volume_proxy 510 -0.101289637 -0.481128206 -0.0037123509 0 0 0
volume_proxy 512 0.285892656 -0.437559975 0.00373250634 0 0 0
volume_proxy 513 0.394862115 -0.0556226298 -0.00608438568 0 0 0
volume_proxy 518 0.988083745 -0.404889715 -0.00901007381 0 0 0
volume_proxy 519 -0.920936832 0.953375459 -0.00350106314 0 0 0
volume_proxy 522 1.24885523 -0.708407833 -0.0045356168 0 0 0
volume_proxy 523 -0.217807087 -0.217876393 0.0050328119 0 0 0
volume_proxy 525 -0.0377183235 0.773832623 0.00865501349 0 0 0
volume_proxy 526 0.75481013 0.577871706 0.0103129902 0 0 0
volume_proxy 527 -0.439075274 -0.311578355 0.00249258018 0 0 0
volume_proxy 529 0.92703597 -0.879536509 0.00191415559 0 0 0
volume_proxy 531 0.167035849 0.18787536 -0.00226659749 0 0 0
volume_proxy 533 -1.00913215 -0.458049106 0.000174597683 0 0 0
volume_proxy 534 -0.554377529 -0.93500177 -0.00273935983 0 0 0
volume_proxy 535 1.03608479 0.0162919511 0.000632454232 0 0 0
volume_proxy 536 -0.871051446 -0.850850399 0.00789481305 0 0 0
volume_proxy 537 -1.20186083 -0.12667001 -0.00014673207 0 0 0
volume_proxy 540 0.318077962 -0.788426074 0.00859075977 0 0 0
volume_proxy 542 0.973084917 0.249082607 -0.00733860121 0 0 0
volume_proxy 544 0.562278767 0.774882149 -0.00845151612 0 0 0
volume_proxy 545 -0.991557413 0.658276552 -0.00650322978 0 0 0
volume_proxy 546 -1.08121444 -0.660806478 -0.00125722028 0 0 0
volume_proxy 547 1.24552835 0.381824611 -0.00684906686 0 0 0
volume_proxy 549 0.454315528 -0.799233038 -4.18509517e-05 0 0 0
volume_proxy 550 0.00730032164 0.205439179 -0.00648526757 0 0 0
volume_proxy 552 -0.210044736 -0.617957262 0.0018119077 0 0 0
volume_proxy 553 1.08278094 -0.612001654 -0.00609648862 0 0 0
volume_proxy 554 0.107571989 -0.31215565 -0.0105931186 0 0 0
volume_proxy 555 1.36624487 0.0612853373 0.00640539506 0 0 0
volume_proxy 557 -0.262133141 -0.390966151 0.00557859275 0 0 0
volume_proxy 558 0.400179189 -0.95534227 0.0099148698 0 0 0
volume_proxy 559 1.30680331 0.76325302 -0.00970939876 0 0 0
volume_proxy 561 1.1310921 0.864839141 0.00238946189 0 0 0
volume_proxy 562 -0.795293437 0.672844514 0.00279549397 0 0 0
volume_proxy 563 -0.841124894 0.860536061 -0.00260456847 0 0 0
volume_proxy 564 -1.49220958 0.91637779 -0.000386646993 0 0 0
volume_proxy 565 -0.276843092 0.104840852 0.00854003119 0 0 0
volume_proxy 567 -1.17205262 0.36875856 -0.00435415541 0 0 0
volume_proxy 568 -0.235629041 0.416369358 0.00970067981 0 0 0
volume_proxy 569 -1.2724626 0.738272573 -0.00917022497 0 0 0
volume_proxy 571 1.00004147 0.98542486 -0.000501430919 0 0 0
volume_proxy 572 0.0234577946 -0.72802713 -0.00586819538 0 0 0
volume_proxy 574 0.0749766888 -0.572826284 -0.00939637129 0 0 0
volume_proxy 575 -1.41637828 0.760887947 0.00584292907 0 0 0
volume_proxy 576 -0.284990215 0.680712267 -0.00644006024 0 0 0
volume_proxy 577 -1.06788664 0.359964838 0.00253461804 0 0 0
volume_proxy 578 -0.77655114 0.866838395 0.00516901642 0 0 0
volume_proxy 579 -1.06198557 0.566571788 -0.000178635811 0 0 0
volume_proxy 581 0.387441224 0.91065393 -0.000521487359 0 0 0
volume_proxy 582 1.11342726 -0.522416053 -0.00768703674 0 0 0
volume_proxy 583 0.325651552 -0.824091066 -0.00263822047 0 0 0
volume_proxy 584 -0.99750865 0.212555028 -0.0076286054 0 0 0
volume_proxy 585 0.328243302 -0.945571814 6.11292691e-05 0 0 0
volume_proxy 590 1.44079628 -0.0252673159 -0.00157304709 0 0 0
volume_proxy 591 -0.406600717 -0.697883491 -0.0100384934 0 0 0
volume_proxy 594 -1.01876219 -0.132329871 0.00319037498 0 0 0
volume_proxy 595 0.727682364 0.994451468 0.00469704344 0 0 0
volume_proxy 600 0.948536594 0.916344297 0.00469544392 0 0 0
volume_proxy 602 -0.300618213 -0.570220317 0.0104004632 0 0 0
volume_proxy 603 -0.26847661 -0.275135094 0.00285636518 0 0 0
volume_proxy 604 -0.611351345 0.479604834 0.0103177957 0 0 0
volume_proxy 606 -0.415037216 0.658631161 -0.0074055835 0 0 0
volume_proxy 608 -0.257323971 -0.866549497 -0.00387183505 0 0 0
volume_proxy 610 -1.40191368 -0.0517916224 -0.00779641866 0 0 0
volume_proxy 612 -0.235868241 -0.248884129 -0.0055745732 0 0 0
volume_proxy 613 -1.10025659 -0.953672943 0.00393068547 0 0 0
volume_proxy 614 -0.814582114 -0.0639922178 -0.00110793142 0 0 0
volume_proxy 615 1.19886866 -0.994877885 0.00273973263 0 0 0
volume_proxy 616 1.44940794 -0.372001472 0.0101190601 0 0 0
volume_proxy 620 -0.227998376 -0.430327513 0.005060955 0 0 0
volume_proxy 621 0.164377181 -0.790322371 -0.0019915458 0 0 0
volume_proxy 623 -1.05900247 0.221015022 0.00195010494 0 0 0
volume_proxy 624 0.651916851 0.395892883 0.00334222628 0 0 0
volume_proxy 625 -1.43116841 0.0242186177 -0.00532896236 0 0 0
volume_proxy 626 0.640345436 0.399287583 0.0101173181 0 0 0
volume_proxy 627 0.768771482 -0.57384917 -0.00928001651 0 0 0
volume_proxy 628 0.00892245491 -0.234232426 -0.00355901437 0 0 0
volume_proxy 629 -1.43821925 0.628323358 0.0054611444 0 0 0
volume_proxy 630 -1.0732523 -0.852160941 -0.00127228636 0 0 0
volume_proxy 631 -1.18049537 -0.554286978 -0.00629567516 0 0 0
volume_proxy 632 0.0244686822 0.239301147 -0.00914393654 0 0 0
volume_proxy 633 0.192205443 0.0845089231 -0.00417243019 0 0 0
volume_proxy 634 -1.11129175 0.223774723 0.00267439432 0 0 0
volume_proxy 636 1.38398561 -0.498412 -0.0097714184 0 0 0
volume_proxy 637 -1.0171943 -0.970979423 0.00777402295 0 0 0
volume_proxy 638 -0.629826013 0.561176904 -0.00960349451 0 0 0
volume_proxy 639 -0.456663054 0.149791902 -0.000359998329 0 0 0
volume_proxy 641 -0.498646575 -0.481612766 0.00276550702 0 0 0
volume_proxy 642 1.01034765 -0.172123458 -0.00012010407 0 0 0
volume_proxy 644 -0.66851614 0.813405935 -0.000850956938 0 0 0
volume_proxy 645 -0.370978986 0.50455185 -0.000100883192 0 0 0
volume_proxy 647 -0.2391134 0.15718814 -0.00315962131 0 0 0
volume_proxy 650 0.77389452 -0.377477216 -0.00400563196 0 0 0
volume_proxy 654 1.18605947 -0.669438243 -0.00761963182 0 0 0
volume_proxy 656 0.0982592317 -0.386220134 -0.00705471125 0 0 0
volume_proxy 660 1.48728859 0.822915726 -0.00995459744 0 0 0
volume_proxy 663 0.455752208 -0.31967661 0.0106237431 0 0 0
volume_proxy 664 1.41760354 -0.770783128 -0.00136711804 0 0 0
volume_proxy 665 -0.892201869 -0.677717646 0.0107855486 0 0 0
volume_proxy 666 -0.204320209 0.0318126259 0.00177911622 0 0 0
volume_proxy 668 -0.80138926 0.800523242 -0.00657867731 0 0 0
volume_proxy 669 1.35828724 -0.318242351 0.00735473745 0 0 0
volume_proxy 673 -0.949511588 0.450649931 -0.0024975271 0 0 0
volume_proxy 674 -1.18750023 -0.988384006 0.0104440599 0 0 0
volume_proxy 675 -0.954249984 0.296776399 -0.00515554576 0 0 0
volume_proxy 677 -0.00818891913 0.655908074 0.00502691308 0 0 0
volume_proxy 678 -0.993089951 0.128108878 -0.0102836274 0 0 0
volume_proxy 680 1.42756644 -0.0876091873 -0.00517585723 0 0 0
volume_proxy 682 -0.0886447897 0.925765611 0.00416823341 0 0 0
volume_proxy 683 0.139924182 0.415309859 -0.00728823105 0 0 0
volume_proxy 684 -0.648960879 0.662219843 -0.00566417327 0 0 0
volume_proxy 685 0.0766640772 -0.784912388 0.000743532833 0 0 0
volume_proxy 688 -0.400519315 0.315129067 -0.00170795333 0 0 0
volume_proxy 689 -0.0715824719 0.911783541 0.00711758487 0 0 0
volume_proxy 691 1.08284633 0.117114771 0.010532012 0 0 0
volume_proxy 692 -1.43069849 -0.878180863 0.0107217334 0 0 0
volume_proxy 693 0.316735202 0.193777262 -0.00274394223 0 0 0
volume_proxy 694 -0.64222802 -0.227289238 0.00613633076 0 0 0
volume_proxy 696 0.727815554 -0.669634652 -0.0102302784 0 0 0
volume_proxy 698 -0.181032467 0.6742556 -0.000289100869 0 0 0
volume_proxy 699 0.247962934 0.87319915 -0.00717145698 0 0 0
volume_proxy 700 0.618128799 -0.315005357 0.00111658664 0 0 0
volume_proxy 701 -0.935967261 0.892441546 -0.00603347243 0 0 0
volume_proxy 702 0.199441256 0.0120902247 0.00412115616 0 0 0
volume_proxy 703 -1.33962406 -0.806123517 0.00871153494 0 0 0
volume_proxy 704 1.23487421 0.03358053 0.000662075973 0 0 0
volume_proxy 707 -0.709391998 0.350122767 0.00516986181 0 0 0
volume_proxy 708 -1.49194517 0.548867996 -0.00661338263 0 0 0
volume_proxy 710 0.36939796 0.438803088 0.00148097867 0 0 0
volume_proxy 711 0.249573034 0.277132457 0.00887739935 0 0 0
volume_proxy 712 0.368127855 -0.668489687 -0.00826881274 0 0 0
volume_proxy 717 0.793416066 -0.318626076 -0.00911322541 0 0 0
volume_proxy 720 1.38656475 0.987642164 0.00701799287 0 0 0
volume_proxy 722 0.562456962 0.865069962 -0.00778569907 0 0 0
volume_proxy 725 -0.908159529 -0.827955205 0.00691966104 0 0 0
volume_proxy 726 -0.314877761 0.0256779928 0.0105262801 0 0 0
volume_proxy 728 -0.249018033 -0.943641643 -0.00694013302 0 0 0
volume_proxy 730 -1.19590953 -0.721134735 -0.00939106139 0 0 0
volume_proxy 731 -0.760737116 -0.55020753 0.00627494109 0 0 0
volume_proxy 732 1.37232566 -0.589798807 -0.00965068646 0 0 0
volume_proxy 733 1.33142807 -0.495271645 -0.00112553142 0 0 0
volume_proxy 734 1.30934705 0.637396416 -0.00447608659 0 0 0
volume_proxy 735 -0.454126431 -0.0230400924 0.00911144635 0 0 0
volume_proxy 737 0.0393606371 -0.660443232 -0.00357749281 0 0 0
volume_proxy 738 -0.178595362 -0.99538389 -0.0019079249 0 0 0
volume_proxy 740 0.0578173378 0.249590457 -0.00338799055 0 0 0
volume_proxy 745 -0.99514742 0.511576057 -0.005993868 0 0 0
volume_proxy 748 0.970818297 -0.684101976 0.0103309473 0 0 0
volume_proxy 749 1.11274325 -0.400522469 -0.00621117318 0 0 0
volume_proxy 750 -1.03026096 0.541439423 0.000859708991 0 0 0
volume_proxy 751 0.231653775 -0.981229771 0.0048249899 0 0 0
volume_proxy 752 -0.410092312 -0.297257039 0.00424779688 0 0 0
volume_proxy 755 1.34623052 0.293799645 -0.00105637023 0 0 0
volume_proxy 756 0.290221506 -0.526419694 -0.00829032069 0 0 0
volume_proxy 757 -0.0535269367 0.34754769 -0.00339343977 0 0 0
volume_proxy 758 0.96242439 0.838211492 -0.00248870251 0 0 0
volume_proxy 759 0.68424403 -0.745942289 0.00894858252 0 0 0
volume_proxy 761 -0.0880784801 0.0863464991 -0.00010809258 0 0 0
volume_proxy 762 -1.16742569 0.879403812 -0.00280768868 0 0 0
volume_proxy 764 -0.120140519 0.189336807 0.00799651931 0 0 0
volume_proxy 765 0.416621575 0.768759212 -0.00831416866 0 0 0
volume_proxy 767 1.41958604 0.608456145 -0.00382935341 0 0 0
volume_proxy 768 -1.08599928 -0.702005673 0.0101184402 0 0 0
volume_proxy 769 -0.116276775 -0.0790568296 -0.00796852673 0 0 0
volume_proxy 770 1.36717315 -0.646633791 0.00899112525 0 0 0
volume_proxy 774 1.42012972 -0.840445546 -0.0059064321 0 0 0
volume_proxy 776 1.388649 -0.0321992237 0.00349983073 0 0 0
volume_proxy 777 0.629617602 -0.891462393 0.00532325472 0 0 0
volume_proxy 779 -0.326026147 0.230308584 0.0061071705 0 0 0
volume_proxy 780 -0.679334461 0.302348759 0.00354742555 0 0 0
volume_proxy 781 -0.817681981 0.270620889 -0.00235291516 0 0 0
volume_proxy 784 1.43040792 0.241079283 -0.00321457162 0 0 0
volume_proxy 786 -0.112263765 0.920254438 -0.00150723584 0 0 0
volume_proxy 788 -0.669352711 0.188472368 0.0107556741 0 0 0
volume_proxy 789 -0.58735312 0.0905104387 0.00884857125 0 0 0
volume_proxy 790 0.155898661 0.258722356 0.00858160467 0 0 0
volume_proxy 791 0.478967005 -0.250854319 0.00227506117 0 0 0
volume_proxy 793 1.47287524 -0.455962825 -0.00427365274 0 0 0
volume_proxy 794 0.687192081 0.882910372 0.00301837034 0 0 0
volume_proxy 795 0.740378148 -0.999838393 -0.00420270732 0 0 0
volume_proxy 796 -1.16568688 0.709315753 0.00608276818 0 0 0
volume_proxy 797 -1.22542351 -0.108990446 -0.00545659409 0 0 0
volume_proxy 799 -1.38119516 0.165291135 -0.00430606149 0 0 0
volume_proxy 800 -1.38153636 0.815023948 0.00215271227 0 0 0
volume_proxy 802 0.205165014 0.0197209138 0.00431948242 0 0 0
volume_proxy 803 -0.733626964 0.932126691 0.00209665444 0 0 0
volume_proxy 804 0.602068233 0.395317996 0.00776627337 0 0 0
volume_proxy 806 -0.0718143058 -0.296385348 0.00197981019 0 0 0
volume_proxy 808 0.581786314 0.61707462 0.00255691823 0 0 0
volume_proxy 809 0.893194778 0.558406535 -0.00699931469 0 0 0
volume_proxy 810 0.440230344 0.453338119 -0.0067016993 0 0 0
volume_proxy 811 0.709182364 0.722557058 0.00795103217 0 0 0
volume_proxy 812 1.04695608 0.832634078 -0.00425371719 0 0 0
volume_proxy 813 0.899245265 -0.730389907 -0.00895515991 0 0 0
volume_proxy 814 1.13764523 -0.132824116 0.00676245103 0 0 0
volume_proxy 815 -0.836708686 -0.829142955 -0.00982878103 0 0 0
volume_proxy 816 -0.975525523 -0.594766849 0.00575531922 0 0 0
volume_proxy 817 -1.3369005 0.868905667 -0.00518248891 0 0 0
volume_proxy 819 1.07203385 0.873214181 0.00783369615 0 0 0
volume_proxy 820 -0.449442297 0.178812406 0.000488486419 0 0 0
volume_proxy 821 0.839763644 0.91742924 -0.00832969789 0 0 0
volume_proxy 822 0.100793188 -0.287342951 -0.00316958411 0 0 0
volume_proxy 823 -0.722378048 -0.883265435 0.00239600121 0 0 0
volume_proxy 824 1.19519732 -0.719694446 0.00154179876 0 0 0
volume_proxy 825 1.01858337 0.879221752 0.00195655428 0 0 0
volume_proxy 826 -0.1225569 0.599377232 0.00732558647 0 0 0
volume_proxy 827 1.14277122 0.178285939 0.0100106822 0 0 0
volume_proxy 828 -0.992716392 0.548873184 -0.0064672557 0 0 0
volume_proxy 829 0.788141788 0.701457568 -0.000974268925 0 0 0
volume_proxy 830 0.875860617 0.652833271 0.00851764423 0 0 0
volume_proxy 831 -1.48616374 0.96246135 -0.00571162161 0 0 0
