volume_proxy 0 1.20848161 -0.0613299019 0.000752069505 0 0 0
volume_proxy 5 0.463500328 0.749719726 0.00415323356 0 0 0
volume_proxy 6 1.0812505 -0.246282105 0.0101391874 0 0 0
volume_proxy 11 0.398716712 0.775844038 0.0013503266 0 0 0
volume_proxy 12 1.22527854 -0.00146283256 -0.00988860579 0 0 0
volume_proxy 14 0.298839421 0.22519799 -0.00234883351 0 0 0
volume_proxy 23 -0.568771697 0.0226457923 -0.00705004288 0 0 0
volume_proxy 38 0.348478962 -0.089848821 -0.0061933731 0 0 0
volume_proxy 40 -0.158433826 -0.916660518 -0.00148748956 0 0 0
volume_proxy 50 -0.252328705 -0.470307141 0.00871865966 0 0 0
volume_proxy 53 -0.156654464 -0.69704731 -0.000118163303 0 0 0
volume_proxy 58 1.49358083 -0.216582934 -0.00377979424 0 0 0
volume_proxy 60 -0.223148305 0.643633146 -0.00530482292 0 0 0
volume_proxy 61 -0.0417001734 -0.904652335 0.00998182134 0 0 0
volume_proxy 72 0.484202824 -0.262919654 0.00859399172 0 0 0
volume_proxy 81 -0.980678898 -0.00228451242 0.00874110386 0 0 0
volume_proxy 85 -0.206183195 0.172080625 -0.0070702872 0 0 0
volume_proxy 88 -0.965351784 -0.14353754 0.00697985769 0 0 0
volume_proxy 97 1.31360305 -0.402373891 -0.0103137283 0 0 0
volume_proxy 101 -1.07206001 0.913399287 -0.0067366245 0 0 0
volume_proxy 105 0.281835111 -0.909845199 -0.00947499368 0 0 0
volume_proxy 106 0.0123593854 -0.863681718 -0.00740188171 0 0 0
volume_proxy 107 0.593268859 0.313241827 -0.00279001248 0 0 0
volume_proxy 108 1.40600352 0.516396236 0.00717897085 0 0 0
volume_proxy 126 0.0240898725 -0.679896452 -0.000512603133 0 0 0
volume_proxy 127 -0.556936727 0.159303969 0.00193392017 0 0 0
volume_proxy 130 1.14656371 0.497504843 -0.00687424492 0 0 0
volume_proxy 132 0.672571208 0.929223947 0.00761911143 0 0 0
volume_proxy 140 -0.811237448 0.385827423 -6.95857116e-06 0 0 0
volume_proxy 145 -0.999847337 -0.850119897 -0.0076539681 0 0 0
volume_proxy 157 0.397969586 0.160957025 -0.00323498403 0 0 0
volume_proxy 159 -0.2240624 -0.348733179 -0.00561277491 0 0 0
volume_proxy 161 -0.178629653 0.0633899229 -0.000855402593 0 0 0
volume_proxy 176 0.375806818 -0.607119898 0.00448973546 0 0 0
volume_proxy 178 -1.31447024 0.641415797 -6.22205709e-05 0 0 0
volume_proxy 186 -0.231862874 0.691483078 0.00711094035 0 0 0
volume_proxy 189 -1.10102589 0.407477031 0.001480258 0 0 0
volume_proxy 195 -0.362300513 -0.153763984 0.00409521927 0 0 0
volume_proxy 196 0.510808945 0.527466536 0.0097495897 0 0 0
volume_proxy 200 -0.311179671 -0.609963115 -0.0103971835 0 0 0
volume_proxy 202 -0.752607117 0.898657836 -0.00572068796 0 0 0
volume_proxy 209 -0.702730712 -0.503332669 0.000374781781 0 0 0
volume_proxy 210 -0.294211733 0.336970776 0.00437713135 0 0 0
volume_proxy 224 0.587428247 -0.712082289 -0.00897223885 0 0 0
volume_proxy 226 -0.673085002 -0.741236743 -0.00786838586 0 0 0
volume_proxy 236 0.40807491 0.112709272 0.00387696281 0 0 0
volume_proxy 244 1.13997527 0.278625897 0.00261295459 0 0 0
volume_proxy 247 1.12385556 -0.0816818613 -0.0105581306 0 0 0
volume_proxy 256 -0.219714739 -0.548163967 0.0101977904 0 0 0
volume_proxy 258 0.817890106 0.429597534 0.00706865067 0 0 0
volume_proxy 259 0.308168268 0.0875056189 -0.00187242721 0 0 0
volume_proxy 269 -0.125536526 -0.638452085 -0.00169906031 0 0 0
volume_proxy 276 0.602966595 -0.217972313 0.00810352301 0 0 0
volume_proxy 277 -0.663618753 -0.484996125 0.00501380561 0 0 0
volume_proxy 279 0.909563219 0.378483365 0.00304626627 0 0 0
volume_proxy 294 0.558376032 0.549206445 -0.000770268199 0 0 0
volume_proxy 296 0.245091996 -0.341285207 -0.0072145144 0 0 0
volume_proxy 298 0.687671389 -0.525888403 0.00721091163 0 0 0
volume_proxy 305 0.259721223 -0.176998846 -0.00694448244 0 0 0
volume_proxy 310 1.21323235 0.549525752 -0.00103134938 0 0 0
volume_proxy 311 1.40687126 -0.0684097707 0.00713605791 0 0 0
volume_proxy 329 -0.720385984 0.257274175 -0.0085907176 0 0 0
volume_proxy 337 -0.967881932 0.287290808 -0.00143269098 0 0 0
volume_proxy 344 0.436180332 0.405151651 -0.00193148117 0 0 0
volume_proxy 347 -0.693799196 -0.977076846 -0.00213117277 0 0 0
volume_proxy 349 0.428755814 -0.223511095 -0.000320109973 0 0 0
volume_proxy 356 0.425861432 0.428469289 -0.00551086534 0 0 0
volume_proxy 358 1.33416049 0.746861969 -0.00893997241 0 0 0
volume_proxy 375 1.32442885 -0.0730850525 -0.00807806077 0 0 0
volume_proxy 388 -1.26539575 0.189831514 -0.000726738282 0 0 0
volume_proxy 399 0.405001299 -0.308260497 -0.00442632294 0 0 0
volume_proxy 409 0.295255494 -0.921325908 0.00542653809 0 0 0
volume_proxy 412 1.3493619 -0.599945245 -0.0106071723 0 0 0
volume_proxy 431 -1.43506954 -0.882682936 -0.000427347869 0 0 0
volume_proxy 512 0.373025018 -0.840075428 0.010287491 0 0 0
volume_proxy 518 1.23184951 0.733651296 0.0102100603 0 0 0
volume_proxy 591 -0.239809229 0.668175002 -0.00453183436 0 0 0
volume_proxy 682 0.288502383 -0.44048674 0.00874033092 0 0 0
volume_proxy 725 -1.42811512 -0.395429458 0.0106989604 0 0 0
volume_proxy 751 -0.30072398 -0.736067255 -0.00184366157 0 0 0
volume_proxy 802 1.11076494 -0.367849334 0.00693770934 0 0 0
volume_proxy 814 0.340289553 0.0299894492 -0.00884323739 0 0 0
volume_proxy 876 -0.206703679 -0.431157872 0.00511135136 0 0 0
volume_proxy 904 -0.751041977 0.513560759 0.00590998991 0 0 0
volume_proxy 914 0.306953315 -0.621624702 0.00143923632 0 0 0
volume_proxy 915 -0.946714375 -0.26798044 -0.0105685652 0 0 0
volume_proxy 929 -0.90294335 -0.992451745 0.00845292498 0 0 0
volume_proxy 944 0.276778784 -0.628104188 0.00907724179 0 0 0
volume_proxy 991 -1.23922203 -0.852423666 -0.00189576568 0 0 0
volume_proxy 1020 -1.05185936 0.448198154 0.00612570938 0 0 0
volume_proxy 1021 -0.711626748 -0.74670028 -0.00725228953 0 0 0
volume_proxy 1042 0.827535529 0.998785035 0.0069205136 0 0 0
volume_proxy 1050 -1.19283093 -0.246767494 -0.00624886483 0 0 0
volume_proxy 1052 -0.470211859 0.218617026 -0.00552618019 0 0 0
volume_proxy 1062 0.676429895 0.432698929 0.00444025917 0 0 0
volume_proxy 1066 0.662080138 0.695665243 0.00643462375 0 0 0
volume_proxy 1093 -0.105890102 -0.869852585 0.00523798911 0 0 0
volume_proxy 1098 0.184222428 0.774716168 0.00512884053 0 0 0
volume_proxy 1102 1.09662171 0.643605217 -0.00754482231 0 0 0
volume_proxy 1113 0.82739984 0.456978454 -0.00177055364 0 0 0
volume_proxy 1117 0.734135983 0.344919968 0.00946411246 0 0 0
volume_proxy 1118 -0.367481668 -0.278727343 -0.00517022043 0 0 0
volume_proxy 1120 -0.0074491758 0.422274581 -0.00627712263 0 0 0
volume_proxy 1133 0.704891268 -0.705349585 -0.00843825832 0 0 0
volume_proxy 1137 -0.682525237 0.0371792782 -0.00830855608 0 0 0
volume_proxy 1138 1.36172023 -0.968415239 0.010134116 0 0 0
volume_proxy 1151 0.6151246 -0.894160755 0.00930865073 0 0 0
volume_proxy 1166 -0.96693914 0.385837968 0.00688375483 0 0 0
volume_proxy 1169 1.49847624 -0.905913765 -0.00867100116 0 0 0
volume_proxy 1172 -0.00408925081 0.537431718 0.00743778295 0 0 0
volume_proxy 1180 -0.801223012 0.221648667 0.00396469063 0 0 0
volume_proxy 1186 -0.546678054 -0.401206578 -0.00626195248 0 0 0
volume_proxy 1193 -0.920213086 -0.197535349 0.00331213171 0 0 0
volume_proxy 1195 -1.32037652 -0.449205102 -0.0100184471 0 0 0
volume_proxy 1197 -0.65512344 -0.267497339 0.00806972224 0 0 0
volume_proxy 1198 0.0122834037 0.813667917 0.00497597166 0 0 0
volume_proxy 1208 -0.661800762 -0.131561621 -0.000349809387 0 0 0
volume_proxy 1209 -1.41255942 -0.0977894047 -0.00855952138 0 0 0
volume_proxy 1210 -1.19589235 0.719708856 6.09656468e-05 0 0 0
volume_proxy 1214 -0.706047101 0.432906318 0.00599678588 0 0 0
volume_proxy 1217 -0.568376909 0.3189107 0.00564598804 0 0 0
volume_proxy 1219 -0.709931669 0.613770029 0.00102545079 0 0 0
volume_proxy 1223 1.41287802 0.0679757684 -0.00677209321 0 0 0
volume_proxy 1225 -0.00667075396 -0.182735802 -0.00647610235 0 0 0
volume_proxy 1230 0.979271978 -0.427071357 -0.00443154303 0 0 0
volume_proxy 1231 -1.11199085 0.04554387 -0.0102018439 0 0 0
volume_proxy 1237 0.357311984 0.967964137 0.00738742548 0 0 0
volume_proxy 1238 0.722586579 0.783776337 -0.0106437267 0 0 0
volume_proxy 1245 -1.43619996 0.887505239 -0.00341598629 0 0 0
volume_proxy 1255 1.23611812 -0.273856285 -0.00956930838 0 0 0
volume_proxy 1259 -0.951048892 0.716923119 -0.0047953442 0 0 0
volume_proxy 1261 -0.657956989 0.545812177 0.00603686751 0 0 0
volume_proxy 1262 1.21663124 0.366273832 0.004468982 0 0 0
volume_proxy 1264 0.212122488 -0.388436194 0.00708826164 0 0 0
volume_proxy 1270 0.707188114 0.0190572687 0.00129503905 0 0 0
volume_proxy 1273 -0.881490879 0.88340157 -0.00931087373 0 0 0
volume_proxy 1280 -1.15510179 0.175756156 0.00396723501 0 0 0
volume_proxy 1281 -0.533322708 -0.985698014 -0.00879752345 0 0 0
volume_proxy 1285 -1.24647119 0.992731891 -0.00771908826 0 0 0
volume_proxy 1292 0.169750961 0.241752063 -0.00173493296 0 0 0
volume_proxy 1293 -0.347373356 -0.787229487 0.000405630744 0 0 0
volume_proxy 1294 1.23783694 0.50157165 -0.00743868344 0 0 0
volume_proxy 1295 -1.46530996 0.300379434 0.00769334688 0 0 0
volume_proxy 1296 -0.0777053124 -0.250127621 0.00959574619 0 0 0
volume_proxy 1297 -0.421095823 -0.648869885 0.00391222526 0 0 0
volume_proxy 1298 -1.09922472 -0.757350248 -0.0104140746 0 0 0
volume_proxy 1301 -1.08305963 0.774017688 0.00465112526 0 0 0
volume_proxy 1303 -0.883315362 0.961996669 -0.00699768962 0 0 0
volume_proxy 1308 -0.385660913 -0.049411693 -0.00521164547 0 0 0
volume_proxy 1309 -0.0622335662 -0.250467107 -0.00918008465 0 0 0
volume_proxy 1315 -0.91465426 -0.848297426 -0.00753449651 0 0 0
volume_proxy 1318 0.786044612 -0.519397466 0.0107669925 0 0 0
volume_proxy 1320 -0.486135813 -0.97956354 -0.00808769752 0 0 0
volume_proxy 1325 0.150328995 -0.449227424 0.00572152943 0 0 0
volume_proxy 1326 -0.257693117 -0.141903215 0.00582576908 0 0 0
volume_proxy 1329 0.995505209 0.649963045 0.00758416127 0 0 0
volume_proxy 1330 0.291696801 0.389977983 -0.00890065111 0 0 0
volume_proxy 1331 0.336059314 0.474479255 -0.00171863712 0 0 0
volume_proxy 1333 1.03249089 0.397164543 -0.0103231632 0 0 0
volume_proxy 1334 -1.35332645 -0.215611205 -0.000314562422 0 0 0
volume_proxy 1335 0.330722479 -0.0627872865 0.002346649 0 0 0
volume_proxy 1336 0.731626068 0.00658359576 -0.00585439502 0 0 0
volume_proxy 1337 -0.354298146 0.763710932 0.00588088153 0 0 0
volume_proxy 1340 0.389872084 0.707131352 -0.00677559055 0 0 0
volume_proxy 1341 -0.633107299 -0.687772164 0.00475936961 0 0 0
volume_proxy 1345 0.771516533 -0.977112804 -0.0021365632 0 0 0
volume_proxy 1347 -0.457705823 0.48520195 0.00871270546 0 0 0
volume_proxy 1348 0.698993038 -0.583474334 -0.00233398554 0 0 0
volume_proxy 1349 -1.41151644 -0.352008418 0.0101485742 0 0 0
volume_proxy 1353 0.976590197 -0.0590421511 -0.0025002798 0 0 0
volume_proxy 1354 -0.432806801 -0.160191815 0.00128084388 0 0 0
volume_proxy 1357 -1.43248363 0.0295393207 0.00333673153 0 0 0
volume_proxy 1358 -0.626428174 -0.396298673 -0.00333873771 0 0 0
volume_proxy 1360 -1.22087864 -0.836090275 0.00145628356 0 0 0
volume_proxy 1361 0.992035825 0.804467444 0.00139827677 0 0 0
volume_proxy 1364 -0.867489885 -0.345951646 -0.00406481819 0 0 0
volume_proxy 1366 1.04817305 0.972364583 -0.00924718513 0 0 0
volume_proxy 1367 -0.491339225 -0.907129775 0.000691280988 0 0 0
volume_proxy 1368 1.25065736 -0.954645404 -0.00779396168 0 0 0
volume_proxy 1369 1.20710547 0.855046321 -0.00691828816 0 0 0
volume_proxy 1370 1.38757008 0.405913498 0.00974529074 0 0 0
volume_proxy 1371 1.48857619 0.314275957 0.00430479461 0 0 0
volume_proxy 1376 0.741846901 -0.514664296 0.00773977708 0 0 0
volume_proxy 1377 1.08630321 0.580287447 0.000108605812 0 0 0
volume_proxy 1378 0.542950515 -0.524120552 0.00843591904 0 0 0
volume_proxy 1379 0.53930034 0.445637891 0.00268007286 0 0 0
volume_proxy 1380 -0.0936254618 0.0804604424 0.00408474574 0 0 0
volume_proxy 1381 0.817279436 0.412685984 -0.00702754107 0 0 0
volume_proxy 1382 -0.448243781 -0.129068868 -0.00659654103 0 0 0
volume_proxy 1383 -1.22288275 0.570905893 0.00133241341 0 0 0
volume_proxy 1384 0.511389016 0.476049975 -0.00476820979 0 0 0
volume_proxy 1385 0.789225325 0.372234105 0.00811607954 0 0 0
volume_proxy 1386 0.309103377 0.503311252 -0.00424379704 0 0 0
volume_proxy 1387 0.130873139 0.706054037 -0.00659600753 0 0 0
volume_proxy 1388 0.205149885 0.353088303 -0.00691294549 0 0 0
volume_proxy 1389 -0.111004056 0.823461664 -0.00973103371 0 0 0
volume_proxy 1390 -1.2916844 0.178978436 0.00032005745 0 0 0
volume_proxy 1391 0.549725036 -0.00479526443 -0.000692585491 0 0 0
