volume_proxy 0 -0.642753131 -0.62317707 -0.00378184644 0 0 0
volume_proxy 6 -0.000403547007 0.609008339 0.00738360093 0 0 0
volume_proxy 11 1.07362749 0.414312106 -0.00160988345 0 0 0
volume_proxy 12 1.01967439 -0.947893178 0.0107121758 0 0 0
volume_proxy 14 -1.35035792 0.803868566 0.00881012399 0 0 0
volume_proxy 23 1.14929036 -0.600301867 0.00319301547 0 0 0
volume_proxy 38 -0.857149563 -0.791299094 0.0107724296 0 0 0
volume_proxy 40 -0.522213166 -0.19653697 -0.004629658 0 0 0
volume_proxy 50 -0.982977841 -0.121726693 -0.00408546154 0 0 0
volume_proxy 53 -1.30150929 0.535993652 -0.00583920638 0 0 0
volume_proxy 58 1.02554798 -0.551363881 -0.000321032152 0 0 0
volume_proxy 60 -0.483895744 0.920027573 0.00264565803 0 0 0
volume_proxy 85 -0.92374048 0.583544859 0.00796354388 0 0 0
volume_proxy 97 0.739863732 0.760868491 0.00959223341 0 0 0
volume_proxy 107 0.353069655 -0.139718495 0.00186920757 0 0 0
volume_proxy 127 -1.436676 -0.253415636 0.00748564459 0 0 0
volume_proxy 130 0.630329554 -0.784663194 0.00053392791 0 0 0
volume_proxy 140 0.316658307 0.0494878652 0.00688860434 0 0 0
volume_proxy 157 0.797195921 -0.972759269 -0.00823332943 0 0 0
volume_proxy 159 0.853518268 0.492471006 4.66980673e-05 0 0 0
volume_proxy 161 -0.709207327 -0.896888618 -0.00557766063 0 0 0
volume_proxy 176 0.767196378 0.113895269 -0.00140147101 0 0 0
volume_proxy 186 -1.29481305 0.346109082 0.00379433119 0 0 0
volume_proxy 189 -0.470867992 -0.173373654 0.0023263518 0 0 0
volume_proxy 195 -1.22764586 -0.54892585 0.0103473558 0 0 0
volume_proxy 196 -0.0751335771 0.230244032 0.00519626776 0 0 0
volume_proxy 200 -1.40893471 0.287482598 0.00619803668 0 0 0
volume_proxy 202 -0.470596848 0.344510389 -0.00498712823 0 0 0
volume_proxy 209 -1.14194303 0.198473079 -0.00847873605 0 0 0
volume_proxy 210 0.885390029 0.742787655 0.00668340959 0 0 0
volume_proxy 226 1.37698935 -0.595387851 -0.00883437143 0 0 0
volume_proxy 236 1.0850887 0.126230467 -0.00411972939 0 0 0
volume_proxy 247 0.226410521 -0.983201188 0.00264960789 0 0 0
volume_proxy 256 -0.0893253385 -0.100589569 -0.00103353667 0 0 0
volume_proxy 259 0.568419511 0.108174991 0.00709102075 0 0 0
volume_proxy 269 -0.510404954 0.0805278931 -0.000216587101 0 0 0
volume_proxy 277 -0.2657615 -0.0918642387 -0.00299334262 0 0 0
volume_proxy 296 -0.857283434 0.677802496 0.00201748149 0 0 0
volume_proxy 305 0.723118139 -0.602961464 -0.00763430199 0 0 0
volume_proxy 310 1.40107997 0.935766123 -0.00763611861 0 0 0
volume_proxy 344 -0.884349511 -0.867383652 -0.00807507301 0 0 0
volume_proxy 347 -0.37710941 0.736195786 -0.00260438293 0 0 0
volume_proxy 356 -0.363904399 -0.22955341 0.00042895843 0 0 0
volume_proxy 375 1.45302011 0.0209654045 0.00112485629 0 0 0
volume_proxy 388 0.689240662 -0.804237629 0.000737224717 0 0 0
volume_proxy 1052 -0.78712977 -0.323520157 -0.00448383342 0 0 0
volume_proxy 1066 -0.397866055 0.816071611 0.00855021056 0 0 0
volume_proxy 1120 -0.670495974 0.695429344 -0.00653000741 0 0 0
volume_proxy 1166 -0.89760841 -0.928945647 0.00909038924 0 0 0
volume_proxy 1193 -1.06808477 -0.611255265 -0.00160420519 0 0 0
volume_proxy 1225 -1.35933989 -0.662427732 -0.00804582987 0 0 0
volume_proxy 1245 -1.37303154 0.677170682 -0.00101025508 0 0 0
volume_proxy 1280 -1.03695267 0.535886888 -0.00752081814 0 0 0
volume_proxy 1285 -0.506530969 0.709253686 -0.0107545442 0 0 0
volume_proxy 1295 0.657608814 0.0383396934 -0.000928432294 0 0 0
volume_proxy 1296 -0.259064334 -0.798772406 0.00239558422 0 0 0
volume_proxy 1340 1.44820306 -0.0779785212 -0.00336082868 0 0 0
volume_proxy 1380 -1.31366297 -0.482255991 0.00213666638 0 0 0
volume_proxy 1386 1.27032918 0.853699284 0.00478429798 0 0 0
volume_proxy 1397 0.213698549 0.93390351 0.00693362494 0 0 0
volume_proxy 1409 0.248409693 0.165507281 0.00459260335 0 0 0
volume_proxy 1413 1.4855136 0.578945478 0.00729862648 0 0 0
volume_proxy 1422 0.295275116 -0.962045839 0.0082088069 0 0 0
volume_proxy 1433 0.775552931 0.494769342 0.00644371961 0 0 0
volume_proxy 1437 -0.0332524688 -0.821787855 -0.010265522 0 0 0
volume_proxy 1459 -0.484414379 -0.628362805 5.94915482e-05 0 0 0
volume_proxy 1460 -0.155396144 0.595054754 0.00951013174 0 0 0
volume_proxy 1461 -1.41807058 0.671592825 -0.00128676932 0 0 0
volume_proxy 1472 -0.829165494 0.338946422 -0.00265554204 0 0 0
volume_proxy 1474 1.49967055 0.263897692 0.00045645745 0 0 0
volume_proxy 1481 0.171198901 0.206798586 -0.00284304345 0 0 0
volume_proxy 1482 1.31461889 0.821643086 0.00272114219 0 0 0
volume_proxy 1485 0.725714336 -0.504272788 0.010400601 0 0 0
volume_proxy 1489 0.481344014 -0.678048197 0.00931061935 0 0 0
volume_proxy 1490 0.638866331 0.945931474 -0.00689613256 0 0 0
volume_proxy 1496 -1.25116461 0.693488451 0.010483848 0 0 0
volume_proxy 1498 -0.0725760287 -0.107276436 -0.00178145708 0 0 0
volume_proxy 1503 -1.30087021 -0.97347622 0.00956931382 0 0 0
volume_proxy 1506 0.511757966 0.965198703 -0.00178401079 0 0 0
volume_proxy 1507 -0.78821742 -0.405170628 0.00367778598 0 0 0
volume_proxy 1508 -0.375519763 -0.0254927707 -0.00956546262 0 0 0
volume_proxy 1509 -1.36716322 0.061963711 -0.00953032618 0 0 0
volume_proxy 1510 -0.70024897 -0.956442226 -0.00451893059 0 0 0
volume_proxy 1511 1.04056714 0.439562659 -0.00388484642 0 0 0
volume_proxy 1513 -1.10129351 0.674062541 0.005327965 0 0 0
volume_proxy 1515 0.360589287 -0.777128747 -0.008215603 0 0 0
volume_proxy 1516 -0.393993006 -0.453262076 0.00462252397 0 0 0
volume_proxy 1517 -1.3392533 -0.592847341 -0.00402204115 0 0 0
volume_proxy 1519 0.30227892 -0.651446081 0.0105836919 0 0 0
volume_proxy 1520 -0.162903363 -0.397879274 0.00465064579 0 0 0
volume_proxy 1521 -1.49377829 -0.784827983 0.00259508359 0 0 0
volume_proxy 1523 0.131748245 -0.141630162 -0.0068871257 0 0 0
volume_proxy 1525 -1.02783169 0.885854666 0.00666905997 0 0 0
volume_proxy 1526 1.3131898 -0.330196718 0.00935567035 0 0 0
volume_proxy 1528 1.03652992 -0.795804839 -0.0105594695 0 0 0
volume_proxy 1529 -1.00258769 -0.172474097 0.000902386648 0 0 0
volume_proxy 1531 0.653245799 0.532865789 -0.00696637098 0 0 0
volume_proxy 1533 1.36273537 0.284699266 -0.00135934692 0 0 0
volume_proxy 1534 -0.22146904 0.759866112 0.00517677897 0 0 0
volume_proxy 1535 1.07207393 0.343530443 0.0100879369 0 0 0
volume_proxy 1536 -0.727400973 -0.755759572 -0.00618934637 0 0 0
volume_proxy 1537 -0.514248432 -0.772183942 -0.010224092 0 0 0
volume_proxy 1538 0.787326893 -0.197360172 -0.00865970551 0 0 0
volume_proxy 1539 0.318623389 0.560892908 0.010014355 0 0 0
