volume_proxy 0 -0.812020892 -0.65261323 -0.00727934847 0 0 0
volume_proxy 6 -0.119827641 0.183072197 0.00766454204 0 0 0
volume_proxy 11 0.822333924 0.448215796 -0.00255801534 0 0 0
volume_proxy 12 1.06847058 -0.678560909 0.00784180089 0 0 0
volume_proxy 14 -1.47906014 0.925028595 0.00483813292 0 0 0
volume_proxy 23 1.37715243 -0.0520947111 0.00157517706 0 0 0
volume_proxy 38 -0.642088426 -0.927478811 -0.00430057257 0 0 0
volume_proxy 40 -1.46956855 -0.199991931 -0.00180293219 0 0 0
volume_proxy 50 -1.13841102 -0.618352375 -0.00438563096 0 0 0
volume_proxy 53 -1.15306281 0.662472325 -0.00582239418 0 0 0
volume_proxy 58 0.408403069 -0.387176806 -0.00655058626 0 0 0
volume_proxy 60 -0.562278077 0.642069116 -0.00729011602 0 0 0
volume_proxy 85 -0.832378837 0.896256539 -0.00202221771 0 0 0
volume_proxy 97 0.248176647 0.688238357 -0.00643458881 0 0 0
volume_proxy 107 -0.118331924 0.223745385 0.000820360118 0 0 0
volume_proxy 127 -1.25316778 -0.757101099 0.000106601847 0 0 0
volume_proxy 130 0.0678933424 -0.840455517 0.00753802587 0 0 0
volume_proxy 140 0.6967825 -0.00842809098 -0.00927623546 0 0 0
volume_proxy 157 0.377485337 0.235842138 0.00601411858 0 0 0
volume_proxy 159 -0.28696174 0.40463964 -0.000294044417 0 0 0
volume_proxy 161 -0.157300413 -0.165001491 -0.00738530857 0 0 0
volume_proxy 176 1.1174118 0.327889501 0.00273144659 0 0 0
volume_proxy 186 -0.993117837 0.370316282 0.00698063093 0 0 0
volume_proxy 189 -0.669385599 -0.690903028 0.00530150496 0 0 0
volume_proxy 195 -1.35013055 -0.885233411 -0.00817936941 0 0 0
volume_proxy 196 -1.02437972 -0.00890470233 -0.00470080603 0 0 0
volume_proxy 200 -1.3641197 0.582308916 9.43020685e-05 0 0 0
volume_proxy 202 -0.420465921 -0.261480538 0.00964686452 0 0 0
volume_proxy 209 -1.12029448 0.169977195 0.00263140805 0 0 0
volume_proxy 210 0.280725837 0.342089006 0.00342007835 0 0 0
volume_proxy 226 1.34023249 0.245768072 -9.66954284e-05 0 0 0
volume_proxy 236 0.654732364 -0.0242956716 0.00698153425 0 0 0
volume_proxy 247 0.0277223017 -0.96924662 0.00621040014 0 0 0
volume_proxy 256 0.549847474 -0.781939864 0.00762038446 0 0 0
volume_proxy 259 0.804983881 -0.138371054 0.00143274927 0 0 0
volume_proxy 269 -1.35470257 0.642232651 -0.00329827834 0 0 0
volume_proxy 277 -0.992653847 -0.0324081888 0.00548370143 0 0 0
volume_proxy 296 -0.910353403 0.0073767763 -0.00445761702 0 0 0
volume_proxy 305 0.416712765 -0.789434827 -0.00184503521 0 0 0
volume_proxy 310 1.35824442 0.75227257 -0.0105441909 0 0 0
volume_proxy 344 -0.504395941 -0.382692682 0.0107672132 0 0 0
volume_proxy 347 -0.533032084 0.860963047 0.00687175163 0 0 0
volume_proxy 356 -0.76072442 0.400753918 0.00454709574 0 0 0
volume_proxy 375 1.14946271 -0.282772061 -0.00973338181 0 0 0
volume_proxy 388 1.15646335 -0.881423237 -0.00936628714 0 0 0
volume_proxy 1052 -1.22751688 -0.274945726 -0.00228903493 0 0 0
volume_proxy 1066 -0.141059453 0.138872916 0.00476759915 0 0 0
volume_proxy 1120 -0.727811025 0.801194877 0.00683105731 0 0 0
volume_proxy 1166 -0.787974523 -0.956028082 -0.00188422459 0 0 0
volume_proxy 1193 -1.07652414 -0.171230847 -0.0071563296 0 0 0
volume_proxy 1225 -1.41152589 -0.94355784 -0.010791597 0 0 0
volume_proxy 1245 -1.12802365 0.77656558 -0.000106808131 0 0 0
volume_proxy 1280 -1.4767953 0.88453372 -0.00497410796 0 0 0
volume_proxy 1285 -0.77797322 0.718101888 0.00578408962 0 0 0
volume_proxy 1295 0.596052502 0.538013863 0.00661200622 0 0 0
volume_proxy 1296 -0.525929575 -0.284071373 0.000883502679 0 0 0
volume_proxy 1340 1.37569474 -0.158964552 0.00532727545 0 0 0
volume_proxy 1380 -1.18364179 -0.434433778 -0.00562865155 0 0 0
volume_proxy 1386 1.12953852 0.542445287 -0.00806015187 0 0 0
volume_proxy 1397 -0.0226880698 0.840201746 0.00693625079 0 0 0
volume_proxy 1409 0.601841012 0.408405387 -0.00612693255 0 0 0
volume_proxy 1413 0.613458224 0.529770351 0.000895334101 0 0 0
volume_proxy 1422 1.29835596 -0.919680894 -0.00801900137 0 0 0
volume_proxy 1433 1.44303042 0.714082042 0.00783349445 0 0 0
volume_proxy 1437 -0.345744189 -0.978739852 0.000634578659 0 0 0
volume_proxy 1459 -0.823958266 -0.510084036 -0.010595349 0 0 0
volume_proxy 1460 -0.907289415 0.178923267 0.00560581951 0 0 0
volume_proxy 1461 -1.09150397 0.297519411 -0.00551290011 0 0 0
volume_proxy 1472 -1.18547301 -0.147654813 0.00352004146 0 0 0
volume_proxy 1474 1.28115078 0.00141435944 0.00869435094 0 0 0
volume_proxy 1481 -0.366843345 0.227225568 0.00499828307 0 0 0
volume_proxy 1482 0.707837417 0.305589644 0.0102976558 0 0 0
volume_proxy 1485 0.797766608 -0.439713104 0.00134138836 0 0 0
volume_proxy 1489 0.222542501 -0.990499196 0.00625276599 0 0 0
volume_proxy 1490 0.74044524 0.523297996 0.00948622806 0 0 0
volume_proxy 1496 -1.22088083 0.466007265 0.00387592826 0 0 0
volume_proxy 1498 -0.337888698 -0.423947813 -0.00109766025 0 0 0
volume_proxy 1503 -1.42072239 -0.771187007 0.00424683152 0 0 0
volume_proxy 1506 0.368962589 0.754094043 0.00817175438 0 0 0
volume_proxy 1507 -0.270787499 -0.691348417 -0.00345689687 0 0 0
volume_proxy 1508 -0.858234909 -0.0100694745 0.00460142676 0 0 0
volume_proxy 1509 -1.06002157 -0.0963360386 0.0080206842 0 0 0
volume_proxy 1513 -1.18471959 0.172672779 0.0063150105 0 0 0
volume_proxy 1515 0.199946243 -0.932828883 -0.0101152381 0 0 0
volume_proxy 1516 -0.306958112 -0.617155802 0.010728988 0 0 0
volume_proxy 1517 -1.15042796 -0.256889264 -0.00477996628 0 0 0
volume_proxy 1519 0.405376508 0.41969188 0.00376001173 0 0 0
volume_proxy 1520 -0.0268312311 -0.56008639 -0.0107004435 0 0 0
volume_proxy 1521 -1.18076153 -0.610771559 -0.0067047875 0 0 0
volume_proxy 1523 -0.27525851 -0.277123509 -0.00751899672 0 0 0
volume_proxy 1525 -0.532601469 0.755338804 -0.00841267245 0 0 0
volume_proxy 1526 1.3646466 -0.0568149913 0.00277033184 0 0 0
volume_proxy 1528 0.950653706 -0.781212818 -0.000174363189 0 0 0
volume_proxy 1529 -0.916492683 -0.0797393383 -0.00473916613 0 0 0
volume_proxy 1531 0.251576886 0.971741376 0.00759315911 0 0 0
volume_proxy 1533 0.903529649 0.0220136184 0.00472772697 0 0 0
volume_proxy 1534 -0.470903318 0.036328433 0.00881390142 0 0 0
volume_proxy 1537 -0.845870391 -0.525502018 -0.0102794723 0 0 0
volume_proxy 1538 1.22360042 -0.53246161 0.0033239409 0 0 0
volume_proxy 1539 0.208884498 0.790141382 0.00437672539 0 0 0
volume_proxy 1540 1.37827724 0.218130057 -0.00901144055 0 0 0
volume_proxy 1541 -0.474721075 -0.807097837 -0.00540008693 0 0 0
