volume_proxy 0 1.01469799 -0.193924023 0.000969395281 0 0 0
volume_proxy 4 0.812179036 0.543538381 -0.00383394126 0 0 0
volume_proxy 5 -0.552536572 0.156152312 0.00517912433 0 0 0
volume_proxy 6 1.45302476 0.155908655 -0.00095194347 0 0 0
volume_proxy 11 -0.601060189 0.789150968 -0.00155274008 0 0 0
volume_proxy 12 0.482723146 -0.306846601 -0.00748026485 0 0 0
volume_proxy 13 -1.21605741 -0.814747296 -0.00555209019 0 0 0
volume_proxy 14 0.46844671 0.260603749 0.0060121924 0 0 0
volume_proxy 15 -0.340112459 -0.763068128 -0.00651462326 0 0 0
volume_proxy 23 -0.752024073 -0.337724561 -0.00588370137 0 0 0
volume_proxy 31 -0.907931811 0.471652772 -0.00796033155 0 0 0
volume_proxy 36 0.637504149 0.908379299 0.0037667769 0 0 0
volume_proxy 38 0.602249328 -0.0237846878 -0.00287620146 0 0 0
volume_proxy 40 -0.0123720598 -0.908195083 0.00496622102 0 0 0
volume_proxy 46 0.630966283 -0.874401777 -0.00623184174 0 0 0
volume_proxy 47 0.925308767 0.0261972018 0.00494931783 0 0 0
volume_proxy 49 0.0149254453 -0.606251181 0.00824561753 0 0 0
volume_proxy 50 -0.086711646 -0.680129091 0.00272712163 0 0 0
volume_proxy 52 -1.03322789 -0.495000941 0.00888005835 0 0 0
volume_proxy 53 0.361661542 -0.491099234 -0.00791205599 0 0 0
volume_proxy 57 -1.32615382 0.0073077214 0.010136679 0 0 0
volume_proxy 58 0.560732708 -0.785897863 0.00814797437 0 0 0
volume_proxy 59 -0.801197561 0.897138625 0.00847423141 0 0 0
volume_proxy 60 -0.271914442 0.731240787 -0.0100574079 0 0 0
volume_proxy 61 -1.37859588 -0.351396995 -0.000110186057 0 0 0
volume_proxy 62 -0.0993489787 0.389737571 0.00625178209 0 0 0
volume_proxy 69 -0.81182608 -0.149971838 -0.00447236513 0 0 0
volume_proxy 72 0.399455898 -0.0843998614 -0.00810745638 0 0 0
volume_proxy 81 -1.27171468 0.152590974 -0.00622054248 0 0 0
volume_proxy 85 -0.408266944 0.295191124 0.000132044943 0 0 0
volume_proxy 87 1.13310791 0.936457722 -0.00684317328 0 0 0
volume_proxy 88 -1.20946248 0.139388069 0.00785323102 0 0 0
volume_proxy 94 -0.246486696 -0.653253639 0.00556174683 0 0 0
volume_proxy 97 1.17665739 -0.114124406 -0.00682252259 0 0 0
volume_proxy 101 -0.90960723 0.636839361 0.00212336679 0 0 0
volume_proxy 102 0.279235035 -0.246943776 0.00842990266 0 0 0
volume_proxy 105 -0.620401722 -0.649661841 0.00732565423 0 0 0
volume_proxy 106 -0.265765246 -0.539753324 -0.00688705625 0 0 0
volume_proxy 107 0.408524813 0.412381249 0.000394412427 0 0 0
volume_proxy 108 1.13808319 -0.323344148 -0.000291883499 0 0 0
volume_proxy 113 -0.530488199 0.0512481541 -0.0107071307 0 0 0
volume_proxy 125 -0.948864461 -0.100299154 -0.00752003404 0 0 0
volume_proxy 126 -0.193751177 -0.62738684 -0.00693649374 0 0 0
volume_proxy 127 0.201714522 0.204312487 0.00134646164 0 0 0
volume_proxy 130 1.20241486 0.041571344 0.00768936637 0 0 0
volume_proxy 131 0.602810228 0.674790604 -0.00839032041 0 0 0
volume_proxy 132 0.625400282 0.97370627 0.00312286922 0 0 0
volume_proxy 135 0.646067161 -0.962593873 -0.0066774141 0 0 0
volume_proxy 140 -0.791353301 0.742479283 -0.00367510466 0 0 0
volume_proxy 145 -0.808086839 -0.441860851 -0.00956585837 0 0 0
volume_proxy 146 1.47346222 -0.296642289 -0.00022168038 0 0 0
volume_proxy 149 -1.15805913 0.782765462 0.00847763563 0 0 0
volume_proxy 157 0.698315303 0.448595135 0.0102947441 0 0 0
volume_proxy 159 -0.862723707 -0.612421325 0.00478296555 0 0 0
volume_proxy 161 -0.150448548 -0.0906557885 0.00817338612 0 0 0
volume_proxy 163 -1.38065528 0.0694025222 0.00757075301 0 0 0
volume_proxy 169 1.13937922 0.131649228 -0.00268258723 0 0 0
volume_proxy 176 0.117961009 0.028762348 -0.00972870957 0 0 0
volume_proxy 178 -0.67094738 0.116128067 -0.00497075085 0 0 0
volume_proxy 186 -0.552568499 -0.172369106 0.00975351068 0 0 0
volume_proxy 189 -0.817434584 0.444997808 0.00228402711 0 0 0
volume_proxy 194 0.226246425 -0.873473424 -0.00620483418 0 0 0
volume_proxy 195 -0.822716043 0.356336001 0.00920140273 0 0 0
volume_proxy 196 0.667226325 0.674412804 0.00887589385 0 0 0
volume_proxy 198 1.17317302 -0.742356885 0.00447175854 0 0 0
volume_proxy 200 -1.03647184 -0.150695923 -0.000105710449 0 0 0
volume_proxy 201 -0.966624631 0.287867036 0.00216103465 0 0 0
volume_proxy 202 -0.79781626 0.540151457 -0.00446482849 0 0 0
volume_proxy 208 -1.11296525 0.316473099 -0.00147280768 0 0 0
volume_proxy 209 -1.01001227 -0.253272978 0.00256096352 0 0 0
volume_proxy 210 0.109081696 0.238984234 -0.00357033093 0 0 0
volume_proxy 213 0.112888994 0.019813027 0.000635431261 0 0 0
volume_proxy 223 -1.04158684 0.139798745 0.00474015249 0 0 0
volume_proxy 224 1.28804206 -0.9801357 -0.00252606067 0 0 0
volume_proxy 226 -0.878650435 -0.814079009 0.00711654765 0 0 0
volume_proxy 228 -0.0892748504 0.173272718 0.00804017308 0 0 0
volume_proxy 230 0.488710754 0.937857414 0.00806925948 0 0 0
volume_proxy 232 0.523379028 0.441048449 0.00585966392 0 0 0
volume_proxy 236 0.763931695 0.122719389 -0.00976530578 0 0 0
volume_proxy 237 0.196470084 0.844754765 0.0074150325 0 0 0
volume_proxy 242 1.12075561 0.508473309 0.0026993408 0 0 0
volume_proxy 244 0.560586555 0.739960901 0.00296144181 0 0 0
volume_proxy 247 1.1594424 -0.253157621 0.00519352147 0 0 0
volume_proxy 251 0.61753766 0.722761753 0.00723899246 0 0 0
volume_proxy 256 0.402563335 -0.735997533 -0.00223868285 0 0 0
volume_proxy 257 -0.024724758 0.398036343 -0.00807427873 0 0 0
volume_proxy 258 0.370054007 -0.187989504 0.0102237315 0 0 0
volume_proxy 259 0.413578316 0.302444373 -0.000742390136 0 0 0
volume_proxy 269 1.00547557 -0.0429613356 -0.00542454656 0 0 0
volume_proxy 271 -1.41446189 0.774755626 -0.00665733935 0 0 0
volume_proxy 273 1.32940007 0.367544377 -0.00465104189 0 0 0
volume_proxy 276 0.440811554 0.150462417 0.00147379369 0 0 0
volume_proxy 277 -0.481782712 -0.62906537 0.00263585823 0 0 0
volume_proxy 279 -0.373220943 -0.731594299 0.00666987119 0 0 0
volume_proxy 281 -1.30581136 0.729840283 0.00782260413 0 0 0
volume_proxy 284 -0.818454484 0.625939719 0.00246659773 0 0 0
volume_proxy 285 -0.546994225 -0.759703297 -0.00407198753 0 0 0
volume_proxy 294 -0.0792765638 0.859338396 0.0106853496 0 0 0
volume_proxy 296 0.401244655 -0.533314624 -0.00556347619 0 0 0
volume_proxy 297 1.20678115 0.0698267506 0.00610950535 0 0 0
volume_proxy 298 0.94780244 -0.794388527 -0.0107972759 0 0 0
volume_proxy 305 0.300674536 -0.15931861 -0.00899554671 0 0 0
volume_proxy 309 0.815608507 0.762313948 0.00817858076 0 0 0
volume_proxy 310 0.639018672 0.112648146 0.00699989072 0 0 0
volume_proxy 311 0.270900125 -0.933475582 -0.00640603337 0 0 0
volume_proxy 312 0.49549644 -0.0540729033 -0.0044785556 0 0 0
volume_proxy 314 -0.607380471 0.37102128 -0.00609963338 0 0 0
volume_proxy 315 -0.146132896 0.161642061 0.00369164484 0 0 0
volume_proxy 318 -1.4695947 0.129474096 -0.00297584802 0 0 0
volume_proxy 319 0.0451433373 -0.690022409 -0.00919677584 0 0 0
volume_proxy 321 -0.272371673 -0.923557997 -0.00405663713 0 0 0
volume_proxy 322 0.610026667 0.520183329 -0.00381068504 0 0 0
volume_proxy 324 -0.800038194 -0.998010553 -0.00724996503 0 0 0
volume_proxy 329 -0.0455354606 0.996503945 0.00717145689 0 0 0
volume_proxy 330 0.191396345 -0.358830335 -0.006822463 0 0 0
volume_proxy 335 -1.1448763 -0.122669914 0.00823912211 0 0 0
volume_proxy 337 -0.622353321 0.688057439 0.00985700031 0 0 0
volume_proxy 338 -0.548016066 -0.0993085919 0.00684461849 0 0 0
volume_proxy 339 -0.738126252 -0.537298778 6.53617115e-05 0 0 0
volume_proxy 343 -0.289224857 0.882616732 0.00683229843 0 0 0
volume_proxy 344 0.497334284 0.354954571 0.000879934176 0 0 0
volume_proxy 345 -0.911692746 -0.17659274 0.00857389786 0 0 0
volume_proxy 347 0.0149934849 -0.322716516 -0.00645075509 0 0 0
volume_proxy 349 0.393812756 0.108101134 0.00930898586 0 0 0
volume_proxy 356 0.733629942 0.623850376 -0.00252956142 0 0 0
volume_proxy 358 1.45408278 0.626433043 0.0100710928 0 0 0
volume_proxy 370 1.17884025 0.479227063 -0.00517879899 0 0 0
volume_proxy 371 -1.14163231 0.302277874 -0.00453495279 0 0 0
volume_proxy 375 0.885733903 0.221051858 -0.00173190821 0 0 0
volume_proxy 377 0.792239295 0.419852778 -0.00758978414 0 0 0
volume_proxy 380 -0.44509792 -0.722454802 -0.0106764895 0 0 0
volume_proxy 383 0.897617282 -0.847347025 0.00634367697 0 0 0
volume_proxy 384 -0.336208873 0.973656728 0.00503059617 0 0 0
volume_proxy 388 -1.39899876 -0.149696691 0.00952225935 0 0 0
volume_proxy 393 1.44288831 0.063067742 -0.00448424049 0 0 0
volume_proxy 396 -0.866433901 0.954851532 -0.00932241196 0 0 0
volume_proxy 397 1.05868994 0.374461261 0.00595414021 0 0 0
volume_proxy 399 1.30348024 -0.98725862 -0.00870000959 0 0 0
volume_proxy 400 0.146632724 -0.682690148 0.0106141024 0 0 0
volume_proxy 402 -0.923498569 -0.676341615 0.00916444105 0 0 0
volume_proxy 409 -0.562394733 -0.787478893 -0.00407441119 0 0 0
volume_proxy 412 1.49190984 -0.473144781 0.00277325647 0 0 0
volume_proxy 415 -0.72927552 -0.743751677 0.00963534958 0 0 0
volume_proxy 418 -0.601946263 -0.462933236 0.00279781405 0 0 0
volume_proxy 425 -0.0735784798 -0.399183105 0.00649737374 0 0 0
volume_proxy 431 -1.47940962 -0.772442691 -0.00903588036 0 0 0
volume_proxy 435 -1.1590791 -0.782963878 0.00811012789 0 0 0
volume_proxy 442 -0.145873068 -0.428877279 0.00780691664 0 0 0
volume_proxy 463 0.112100095 -0.476608876 -0.00422192618 0 0 0
volume_proxy 470 1.28359488 0.549208142 -0.000169239076 0 0 0
volume_proxy 497 -1.1298111 -0.874978866 0.00486341018 0 0 0
volume_proxy 502 0.809542236 0.0319469284 -0.00837975023 0 0 0
volume_proxy 512 0.381096722 -0.842218296 0.00687866017 0 0 0
volume_proxy 513 0.674771126 -0.107106894 0.0107924575 0 0 0
volume_proxy 518 1.32607597 -0.572136823 0.00938993329 0 0 0
volume_proxy 544 0.826882121 0.71576837 -0.00364136192 0 0 0
volume_proxy 547 1.10095511 0.667903915 0.00101955211 0 0 0
volume_proxy 549 0.348835109 -0.856730446 0.00663436978 0 0 0
volume_proxy 559 1.32809878 0.726581976 0.00788537082 0 0 0
volume_proxy 572 0.0645331241 -0.254424533 -0.00109175237 0 0 0
volume_proxy 578 -0.846836604 0.968561121 0.00211261584 0 0 0
volume_proxy 581 1.45263208 0.466050033 0.0105704557 0 0 0
volume_proxy 591 -0.786406615 0.645542203 0.00351109271 0 0 0
volume_proxy 594 -1.14082723 0.523810935 0.00987771966 0 0 0
volume_proxy 603 0.309343725 -0.328352683 -0.00132407437 0 0 0
volume_proxy 608 -0.42494501 -0.517919442 -0.00358795565 0 0 0
volume_proxy 615 0.952166539 -0.547286837 -0.00417823537 0 0 0
volume_proxy 616 1.45722991 0.171134763 -0.000280252524 0 0 0
volume_proxy 626 1.00988651 -0.0994727463 -0.0102548904 0 0 0
volume_proxy 637 -1.1348358 -0.917686088 -0.00370441818 0 0 0
volume_proxy 647 -0.103579275 0.687605548 -0.00432847378 0 0 0
volume_proxy 665 -0.931590279 -0.998808608 0.0028096494 0 0 0
volume_proxy 669 1.18206552 -0.0790824338 -0.0056305006 0 0 0
volume_proxy 682 0.168389551 0.86994456 0.00973072275 0 0 0
volume_proxy 693 -0.341638418 0.763926329 0.00419321353 0 0 0
volume_proxy 698 -0.231825692 0.659206814 0.00125138537 0 0 0
volume_proxy 702 -0.27751516 -0.155273015 -0.00080119296 0 0 0
volume_proxy 703 -0.912499324 0.0217396488 0.00492722674 0 0 0
volume_proxy 704 1.13500336 0.0568131048 -0.00264217429 0 0 0
volume_proxy 708 -1.25769061 0.514459438 0.00848891423 0 0 0
volume_proxy 722 0.735859804 0.636228985 -1.74140152e-05 0 0 0
volume_proxy 725 -1.36861817 -0.795741802 -0.00084118523 0 0 0
volume_proxy 751 0.144605517 -0.8813725 -0.00800715722 0 0 0
volume_proxy 757 0.218453957 0.171530294 -0.0046737387 0 0 0
volume_proxy 781 -0.81347988 0.136452757 -0.0103753896 0 0 0
volume_proxy 795 0.738410965 -0.721773276 0.0107046281 0 0 0
volume_proxy 797 -1.43375506 -0.307936469 0.00525090247 0 0 0
volume_proxy 800 -1.09185962 0.872954273 0.00979820304 0 0 0
volume_proxy 802 0.389159945 0.0960370183 0.00618599206 0 0 0
volume_proxy 804 0.116773369 -0.0600067013 0.00790157533 0 0 0
volume_proxy 810 0.685294768 0.223320186 0.00940954357 0 0 0
volume_proxy 811 0.618559375 0.693955171 0.000417003444 0 0 0
volume_proxy 812 0.86680257 0.487385635 0.00108681433 0 0 0
volume_proxy 814 1.04770339 -0.0716479901 -0.0010371584 0 0 0
volume_proxy 822 0.240024353 -0.793273048 -0.00810393228 0 0 0
volume_proxy 825 1.48432488 0.468062414 0.0103182833 0 0 0
volume_proxy 833 -0.219837668 0.0584217115 -0.0101157385 0 0 0
volume_proxy 835 -0.156638752 -0.849478675 0.0093378434 0 0 0
volume_proxy 839 -0.169297679 -0.225839341 0.00773676364 0 0 0
volume_proxy 846 1.46219064 0.171619119 -0.00953977036 0 0 0
volume_proxy 848 -1.06582381 -0.0911462582 -0.000608764286 0 0 0
volume_proxy 854 -0.250836817 0.949886483 -0.00223734695 0 0 0
volume_proxy 856 1.04757423 0.514676168 -0.00810318132 0 0 0
volume_proxy 869 1.42685981 0.841156197 -0.000224572356 0 0 0
volume_proxy 876 0.0126598367 -0.478968981 0.0099375576 0 0 0
volume_proxy 878 1.31327547 -0.621962291 0.00907205079 0 0 0
volume_proxy 883 0.0340371996 0.935000483 -0.0057729976 0 0 0
volume_proxy 889 -1.24369438 0.580697477 0.0039700446 0 0 0
volume_proxy 896 1.43429497 0.381571823 -0.00330671646 0 0 0
volume_proxy 898 0.487806429 0.00225365863 0.00850976213 0 0 0
volume_proxy 902 0.0481969332 0.521797845 -0.00549092481 0 0 0
volume_proxy 903 0.23290383 0.561086448 -0.00935056715 0 0 0
volume_proxy 904 -1.04915412 0.828919831 0.00777030349 0 0 0
volume_proxy 906 1.01790691 0.604822378 0.000399991021 0 0 0
volume_proxy 910 -1.42625339 0.557719011 0.00335028801 0 0 0
volume_proxy 912 1.39875261 0.175566551 0.00158986782 0 0 0
volume_proxy 913 -1.1648428 -0.956936034 0.000699152701 0 0 0
volume_proxy 914 0.0744832341 -0.697641289 0.00539512248 0 0 0
volume_proxy 915 -0.47801716 -0.385922342 0.00620468911 0 0 0
volume_proxy 916 -0.255699745 0.370683856 0.00605279137 0 0 0
volume_proxy 924 -0.528991537 0.297861154 -0.000393247624 0 0 0
volume_proxy 926 -0.209434638 0.40868615 -0.00659024114 0 0 0
volume_proxy 929 -0.619360535 -0.78623159 0.00633836019 0 0 0
volume_proxy 931 -0.0549464048 -0.0899986613 0.00638894321 0 0 0
volume_proxy 935 -1.36536934 0.407714439 -0.00265605091 0 0 0
volume_proxy 939 1.04619486 0.952088497 0.00877669443 0 0 0
volume_proxy 940 -0.245831462 0.350580665 -0.00808437233 0 0 0
volume_proxy 944 0.551796527 -0.990796727 -0.000859987232 0 0 0
volume_proxy 945 -0.699516847 0.426545056 0.00151982827 0 0 0
volume_proxy 948 -0.408704489 0.145061257 -0.0059130968 0 0 0
volume_proxy 949 -0.637792758 -0.175221748 0.00588340881 0 0 0
volume_proxy 953 -0.698829221 -0.841065471 0.00962136532 0 0 0
volume_proxy 958 -1.4976418 0.234777182 0.0067729511 0 0 0
volume_proxy 963 -0.626641658 0.678812497 -0.00572370394 0 0 0
volume_proxy 964 0.543631032 0.662158268 -0.00302623372 0 0 0
volume_proxy 966 -0.657014561 0.821730954 0.00434573188 0 0 0
volume_proxy 969 -0.896512531 0.104413451 -0.0107267099 0 0 0
volume_proxy 973 -0.0948638486 0.0141943678 -0.000269978151 0 0 0
volume_proxy 974 0.626609619 -0.742321792 -0.000112256825 0 0 0
volume_proxy 977 -1.13618971 -0.207432507 0.00710697983 0 0 0
volume_proxy 979 0.0663295611 0.791221773 -0.00780496117 0 0 0
volume_proxy 981 -0.0626213358 0.149481787 -0.00455833691 0 0 0
volume_proxy 983 1.19016348 -0.375954385 0.00540721136 0 0 0
volume_proxy 984 1.45562744 0.704073208 0.0046493107 0 0 0
volume_proxy 985 -0.556795084 -0.937860877 -0.007217072 0 0 0
volume_proxy 986 -0.203708478 -0.768185288 0.00498338635 0 0 0
volume_proxy 990 -1.20392608 0.186653192 -0.00302424996 0 0 0
volume_proxy 991 -0.533105108 -0.289708742 -0.0072924498 0 0 0
volume_proxy 992 -0.127161893 0.373652916 -0.000994291174 0 0 0
volume_proxy 996 -0.92748199 0.483901865 -0.00710214706 0 0 0
volume_proxy 997 1.32071597 0.0126228732 0.00797514441 0 0 0
volume_proxy 999 -0.709656704 -0.326908743 -0.00678173283 0 0 0
volume_proxy 1001 0.550035804 0.985673668 -0.00473410547 0 0 0
volume_proxy 1007 -1.26263923 -0.554681876 0.010211066 0 0 0
volume_proxy 1008 0.355164489 -0.550497333 -0.0083522695 0 0 0
volume_proxy 1012 0.836314913 -0.127145176 -0.00220619126 0 0 0
volume_proxy 1016 0.897268354 -0.94293699 -0.00465961683 0 0 0
volume_proxy 1017 0.3631053 -0.724526468 -0.00756219958 0 0 0
volume_proxy 1018 -0.931731775 -0.668229475 0.0075865693 0 0 0
volume_proxy 1019 -0.861026479 -0.78215027 0.00665491642 0 0 0
volume_proxy 1020 -0.902878261 0.564088476 0.00902419299 0 0 0
volume_proxy 1021 -0.921266552 -0.396353119 0.0104003655 0 0 0
volume_proxy 1023 0.890134848 0.263207084 -0.00592368854 0 0 0
volume_proxy 1024 1.13879578 0.864917733 -0.00777916724 0 0 0
volume_proxy 1028 -1.2931822 -0.614428564 -0.00203239401 0 0 0
volume_proxy 1029 0.958929489 0.916926906 0.000885547164 0 0 0
volume_proxy 1030 0.342286943 0.492509705 -0.00835604319 0 0 0
volume_proxy 1031 1.18269843 -0.673325118 0.00921703594 0 0 0
volume_proxy 1032 1.34813506 0.101572598 -0.00233968643 0 0 0
volume_proxy 1033 0.790856499 0.719548938 0.00638853406 0 0 0
volume_proxy 1035 0.224439292 -0.466124882 0.00290371039 0 0 0
volume_proxy 1036 0.861533974 -0.384764733 0.00429204719 0 0 0
volume_proxy 1040 -1.08031505 -0.764632064 -0.00696072237 0 0 0
volume_proxy 1041 0.195922495 0.247596364 0.00909705724 0 0 0
volume_proxy 1042 0.954632048 0.0658454694 0.00564011552 0 0 0
volume_proxy 1046 0.157106723 -0.112827595 0.00652408779 0 0 0
volume_proxy 1047 -1.45790331 0.15215309 0.00285961551 0 0 0
volume_proxy 1049 -0.244570564 0.400086926 0.00716999826 0 0 0
volume_proxy 1050 -0.691725441 -0.362863969 -0.00334910646 0 0 0
volume_proxy 1052 -0.685833342 -0.0251569014 -0.0032682073 0 0 0
volume_proxy 1053 -0.300849835 -0.843664781 0.00724613984 0 0 0
volume_proxy 1054 -1.36183895 0.0941614986 -0.00628535677 0 0 0
volume_proxy 1056 -1.40091379 0.88111672 -0.000630793975 0 0 0
volume_proxy 1057 -0.167736949 -0.430414943 -0.00478266265 0 0 0
volume_proxy 1059 -0.454320961 0.972828425 -0.00806543731 0 0 0
volume_proxy 1061 -0.429059205 -0.33489846 -0.00227859975 0 0 0
volume_proxy 1062 0.685349178 0.427243851 -0.00837979377 0 0 0
volume_proxy 1065 -1.33111287 -0.458492104 -0.00998550651 0 0 0
volume_proxy 1066 0.937827491 0.0653417131 -0.00103091409 0 0 0
volume_proxy 1067 0.981098792 -0.374363522 -0.00580056041 0 0 0
volume_proxy 1069 -0.797937424 0.559318765 0.00315877843 0 0 0
volume_proxy 1070 -1.05441073 0.279821019 -0.00732475822 0 0 0
volume_proxy 1072 -0.405905202 0.739746599 -0.00611440092 0 0 0
volume_proxy 1075 -0.191603181 0.298528735 0.000328353986 0 0 0
volume_proxy 1076 1.41008812 -0.364640392 0.00285099442 0 0 0
volume_proxy 1077 -1.11116499 0.857509964 0.00548979415 0 0 0
volume_proxy 1078 -1.02181539 0.946034272 0.00223897451 0 0 0
volume_proxy 1079 0.101062273 0.0228028211 -0.010783214 0 0 0
volume_proxy 1085 0.112848561 -0.113149602 -0.00484377458 0 0 0
volume_proxy 1086 1.04244987 -0.605138948 -0.000433927533 0 0 0
volume_proxy 1088 -0.397388995 0.949328884 0.00939847739 0 0 0
volume_proxy 1089 -0.908415664 0.909977107 -0.00970989644 0 0 0
volume_proxy 1091 0.20389317 0.323906326 -0.00730070599 0 0 0
volume_proxy 1092 0.0644547257 -0.0769593707 0.00898812676 0 0 0
volume_proxy 1093 0.189081134 -0.695034473 0.00462787229 0 0 0
volume_proxy 1094 -1.46371654 0.798040341 -0.00284270337 0 0 0
volume_proxy 1096 0.227124477 0.310143999 0.00944243256 0 0 0
volume_proxy 1098 0.33022027 0.604526446 0.00731057488 0 0 0
volume_proxy 1102 1.28471847 0.620758995 0.00276669473 0 0 0
volume_proxy 1106 0.896376998 -0.684055006 0.000649148765 0 0 0
volume_proxy 1107 -0.201925145 0.234345107 -0.00924553616 0 0 0
volume_proxy 1108 1.07220155 0.567537385 -0.0104293194 0 0 0
volume_proxy 1109 0.927297376 -0.821594682 -0.00429116262 0 0 0
volume_proxy 1110 0.789297983 -0.9550987 -0.00368526155 0 0 0
volume_proxy 1111 -0.394998932 -0.222306195 -0.00842622031 0 0 0
volume_proxy 1112 -0.759084414 0.974265822 0.0105150579 0 0 0
volume_proxy 1113 1.25648736 0.15072322 -0.0105645503 0 0 0
volume_proxy 1114 -0.970013483 0.0920836892 0.0102515407 0 0 0
volume_proxy 1115 0.597094135 -0.856697714 -0.00430122812 0 0 0
volume_proxy 1117 0.733840968 -0.290602338 -0.00959666799 0 0 0
volume_proxy 1118 0.431885608 -0.506932217 -0.00739738287 0 0 0
volume_proxy 1119 -1.33265102 0.455039013 0.00839004994 0 0 0
volume_proxy 1120 0.09878898 0.31578117 -0.00439527008 0 0 0
volume_proxy 1123 -1.46199974 0.849622116 0.00350122019 0 0 0
volume_proxy 1127 0.498615661 0.654425228 -0.00478293086 0 0 0
volume_proxy 1128 -0.602223306 -0.0566261853 0.00767873697 0 0 0
volume_proxy 1129 1.10771396 0.647630957 0.00529675709 0 0 0
volume_proxy 1130 -0.748447936 0.311019074 0.00311585891 0 0 0
volume_proxy 1131 -0.782387375 0.22094743 -0.00397702877 0 0 0
volume_proxy 1132 0.620823844 0.10847232 -0.00245388992 0 0 0
volume_proxy 1133 1.28166668 -0.798919747 5.6465091e-05 0 0 0
volume_proxy 1134 0.95242879 0.820964839 0.00619331276 0 0 0
volume_proxy 1135 -0.832419756 -0.994628911 -0.0104526286 0 0 0
volume_proxy 1136 -0.794727975 -0.78196282 0.00322672196 0 0 0
volume_proxy 1137 -0.592093451 -0.118999826 -0.00351786516 0 0 0
volume_proxy 1138 1.42221059 -0.631494453 -0.00858449773 0 0 0
volume_proxy 1139 1.47210607 -0.678804696 -0.009026137 0 0 0
volume_proxy 1141 1.42136627 0.401412632 -0.00324213677 0 0 0
volume_proxy 1142 1.35272436 0.423897312 0.00990796284 0 0 0
volume_proxy 1143 -0.366363775 -0.0609746161 0.00922138242 0 0 0
volume_proxy 1144 0.422491942 -0.920312201 -0.00229826087 0 0 0
volume_proxy 1145 -0.5872316 -0.913583966 -0.0032692288 0 0 0
volume_proxy 1146 -0.210840405 0.186944418 0.0082358186 0 0 0
volume_proxy 1147 -0.167670843 0.149253105 -0.00392676132 0 0 0
volume_proxy 1148 -0.145316459 -0.220910783 0.00189132212 0 0 0
volume_proxy 1149 -0.654732726 0.61532242 0.00430376105 0 0 0
volume_proxy 1150 -0.398075908 -0.919282719 -0.00615205578 0 0 0
volume_proxy 1151 0.827832304 -0.616739565 0.00647050531 0 0 0
volume_proxy 1152 0.104273977 0.765966165 -0.000924658643 0 0 0
volume_proxy 1155 -1.4744084 0.284790547 -0.0104159548 0 0 0
