volume_proxy 0 0.176745121 0.368523377 -0.00704291077 0 0 0
volume_proxy 5 0.620524666 -0.687304564 0.00260973431 0 0 0
volume_proxy 6 -0.320128057 -0.106098218 0.00751230213 0 0 0
volume_proxy 11 1.30333868 0.470125954 -0.00924807239 0 0 0
volume_proxy 12 0.312703176 -0.560132949 0.00440524154 0 0 0
volume_proxy 14 -0.667777906 0.799951004 -0.00507811206 0 0 0
volume_proxy 23 1.39683427 -0.754521225 -0.00822736692 0 0 0
volume_proxy 38 -0.236535774 -0.566501053 -0.000331358861 0 0 0
volume_proxy 40 -0.935739966 -0.357340699 0.0064024217 0 0 0
volume_proxy 50 -0.886487513 -0.411210229 0.00223958601 0 0 0
volume_proxy 53 -1.2230715 0.57837012 -0.0101882605 0 0 0
volume_proxy 58 0.79501527 -0.816437722 0.00699343174 0 0 0
volume_proxy 60 0.0237705428 0.25457921 -0.00391136653 0 0 0
volume_proxy 85 -1.15530975 0.743091564 -0.00774812029 0 0 0
volume_proxy 97 0.769067049 0.653835714 -0.000358225392 0 0 0
volume_proxy 107 1.49918605 -0.236528447 -0.00412777448 0 0 0
volume_proxy 127 -1.36503273 -0.492100953 0.00853179268 0 0 0
volume_proxy 130 0.673116737 0.885098697 0.0070887162 0 0 0
volume_proxy 140 -1.14376271 0.982613532 -0.00746661792 0 0 0
volume_proxy 157 1.06937641 0.510056493 0.00756720808 0 0 0
volume_proxy 159 1.09501814 0.563672093 -0.0106021458 0 0 0
volume_proxy 161 0.591195905 0.722274716 0.00995244527 0 0 0
volume_proxy 176 0.726993115 -0.304521075 -0.00359656552 0 0 0
volume_proxy 186 -1.49817244 -0.57344716 -0.0102145448 0 0 0
volume_proxy 189 -1.33662905 0.961530728 -0.00607557303 0 0 0
volume_proxy 195 -0.872874089 -0.0805489775 -0.00863301453 0 0 0
volume_proxy 196 0.954812683 0.169897575 0.00152183429 0 0 0
volume_proxy 200 -0.609612222 -0.786611035 -0.0104697033 0 0 0
volume_proxy 202 0.083400863 0.746210608 -0.0102182289 0 0 0
volume_proxy 209 -1.29279177 -0.392785098 0.000121068196 0 0 0
volume_proxy 210 -0.659605259 0.81427176 0.00247141994 0 0 0
volume_proxy 226 0.254916281 0.0892018919 0.000263767113 0 0 0
volume_proxy 236 1.27119666 0.14225466 -0.00962869567 0 0 0
volume_proxy 247 0.384714313 0.859331728 0.00108332537 0 0 0
volume_proxy 256 -1.1456786 0.84304176 0.00846809953 0 0 0
volume_proxy 259 0.96177327 0.460193003 0.010594801 0 0 0
volume_proxy 269 -0.943199675 0.140709472 -0.00135956289 0 0 0
volume_proxy 277 -1.13908969 -0.00171807892 0.00316893022 0 0 0
volume_proxy 296 -1.33330352 0.545269188 0.00966824309 0 0 0
volume_proxy 305 1.12356986 -0.501726893 0.00736531817 0 0 0
volume_proxy 310 -0.302552172 -0.875161526 0.00739379708 0 0 0
volume_proxy 344 -1.08232504 0.614591343 0.00644092902 0 0 0
volume_proxy 347 -0.139618032 0.893108337 0.000829603903 0 0 0
volume_proxy 356 -0.673232726 0.391932957 0.000546004666 0 0 0
volume_proxy 375 0.957470362 -0.840052575 0.00124054503 0 0 0
volume_proxy 388 0.938795448 -0.385074566 -0.00400689866 0 0 0
volume_proxy 802 1.45642021 -0.238151311 -0.00479424327 0 0 0
volume_proxy 1052 -1.08569993 -0.602165452 0.00302277765 0 0 0
volume_proxy 1066 -0.795186838 0.183647095 -0.00877518817 0 0 0
volume_proxy 1120 -0.411437785 0.388745679 0.00846179453 0 0 0
volume_proxy 1166 -0.785944361 0.484126029 0.00826092025 0 0 0
volume_proxy 1169 0.980199574 -0.762959739 0.0094158854 0 0 0
volume_proxy 1193 -1.40932034 -0.470952053 -0.00699579704 0 0 0
volume_proxy 1225 -0.499824523 -0.474282689 0.00270960624 0 0 0
volume_proxy 1245 -1.39331106 -0.336641248 -0.00798673103 0 0 0
volume_proxy 1280 -0.823373236 0.823440723 -0.00735311788 0 0 0
volume_proxy 1285 -1.13189428 0.263748206 -0.00676489794 0 0 0
volume_proxy 1295 -0.238409556 -0.302978879 -0.00917489763 0 0 0
volume_proxy 1296 0.429634913 -0.518886283 -0.000481052378 0 0 0
volume_proxy 1340 0.861665246 0.794162174 -0.00513653436 0 0 0
volume_proxy 1380 -0.190857089 0.861921433 0.0106278416 0 0 0
volume_proxy 1386 0.937951478 0.367859164 0.00386853638 0 0 0
volume_proxy 1397 1.3244554 0.983202998 -0.000501351662 0 0 0
volume_proxy 1409 0.123409617 0.852347761 0.00616659456 0 0 0
volume_proxy 1413 0.91700669 0.824773105 0.00968778544 0 0 0
volume_proxy 1422 0.606858543 -0.275941916 0.0026244454 0 0 0
volume_proxy 1433 1.20907774 0.7168162 -0.00217291465 0 0 0
volume_proxy 1434 0.0140630747 -0.937154343 0.00448010094 0 0 0
volume_proxy 1437 -0.186318499 -0.0579414691 0.00356598271 0 0 0
volume_proxy 1439 0.0493054481 0.862466982 0.00137682069 0 0 0
volume_proxy 1447 0.846745492 -0.154054996 0.00464137316 0 0 0
volume_proxy 1459 -1.04457454 0.574707581 0.00675499036 0 0 0
volume_proxy 1460 0.249430822 0.349939436 0.00763236354 0 0 0
volume_proxy 1461 -0.696798437 0.607671913 -0.00961595058 0 0 0
volume_proxy 1466 -0.53374734 0.176349639 0.000937473219 0 0 0
volume_proxy 1472 -0.615854152 0.483410793 0.00129519019 0 0 0
volume_proxy 1474 0.827756075 -0.640980036 0.00885085241 0 0 0
volume_proxy 1481 0.751158413 0.482024023 0.00526211287 0 0 0
volume_proxy 1482 1.02470539 0.11399649 0.00535846163 0 0 0
volume_proxy 1485 0.392297481 -0.585490701 0.00856939739 0 0 0
volume_proxy 1489 0.0315083352 -0.669837494 0.00244694145 0 0 0
volume_proxy 1490 1.26162055 0.94311191 0.00912402531 0 0 0
volume_proxy 1494 1.2038472 -0.269302648 -0.00384580035 0 0 0
volume_proxy 1496 -0.936081351 0.474391918 -0.00456978825 0 0 0
volume_proxy 1498 -0.234094826 0.27495191 0.00546974301 0 0 0
volume_proxy 1501 -0.457717943 -0.612743858 -0.00150335439 0 0 0
volume_proxy 1503 0.281772647 0.0991639226 -0.0060729217 0 0 0
volume_proxy 1506 0.342513209 0.928315463 0.00588124466 0 0 0
volume_proxy 1507 -1.31312875 -0.604059576 0.00353222338 0 0 0
volume_proxy 1508 -0.785818297 -0.877393717 -0.0104627202 0 0 0
volume_proxy 1509 -1.35587802 0.46235662 0.00340121536 0 0 0
volume_proxy 1510 0.209599996 -0.751926393 -0.00279901523 0 0 0
volume_proxy 1511 1.37914988 0.592900552 -0.00749861684 0 0 0
volume_proxy 1513 -1.46082614 0.717070757 -0.00419831302 0 0 0
volume_proxy 1515 0.832340367 0.248689177 0.00493986198 0 0 0
volume_proxy 1516 -0.219849131 -0.966313386 0.00167896718 0 0 0
volume_proxy 1517 -0.87709862 -0.474491288 -0.00714657362 0 0 0
volume_proxy 1519 0.235069441 -0.314917079 0.00738082567 0 0 0
volume_proxy 1520 0.289167868 -0.218984428 0.000479978295 0 0 0
volume_proxy 1521 -0.555476118 -0.120244367 -0.00143569513 0 0 0
volume_proxy 1522 0.549845786 0.523062632 0.00956009485 0 0 0
volume_proxy 1523 1.41007134 -0.0532554571 0.00854164653 0 0 0
volume_proxy 1525 -1.00497891 0.922498654 0.00565570518 0 0 0
volume_proxy 1526 1.12353052 -0.334039943 -0.00568715771 0 0 0
volume_proxy 1528 0.737271851 -0.604047137 0.00957811463 0 0 0
volume_proxy 1529 -0.874160133 0.0301529708 -0.00891005908 0 0 0
volume_proxy 1530 -0.763947189 -0.353693834 0.00279799586 0 0 0
volume_proxy 1531 0.386296867 0.464003812 0.00578852531 0 0 0
