volume_proxy 0 -0.766051799 -0.0614587664 0.00114279107 0 0 0
volume_proxy 6 -0.0518918087 0.0814822646 -0.000541345 0 0 0
volume_proxy 11 0.966020547 0.604700088 0.00503897995 0 0 0
volume_proxy 12 1.42208121 -0.386679043 -0.00894607089 0 0 0
volume_proxy 14 -1.43334246 0.691177768 -0.00157765623 0 0 0
volume_proxy 23 1.11028603 -0.125564685 -0.0065346009 0 0 0
volume_proxy 38 -0.749029169 -0.783730676 0.00333744794 0 0 0
volume_proxy 40 -1.46977358 -0.0612811972 -0.00980524546 0 0 0
volume_proxy 50 -1.22974834 -0.895880189 -0.000596574806 0 0 0
volume_proxy 53 -1.39344125 0.410665333 -0.00184515339 0 0 0
volume_proxy 58 0.294304712 -0.39375935 -0.00650282179 0 0 0
volume_proxy 60 -0.52359174 0.654370889 0.0104484619 0 0 0
volume_proxy 85 -1.03542127 0.914790796 0.0099249805 0 0 0
volume_proxy 97 0.54687735 0.896079874 -0.00713884983 0 0 0
volume_proxy 107 0.159233865 0.464807883 0.000668514768 0 0 0
volume_proxy 127 -1.48336534 -0.688142802 0.00300413437 0 0 0
volume_proxy 130 0.0114483181 -0.459841436 -0.00356515973 0 0 0
volume_proxy 140 0.786344752 0.283674405 0.00631290427 0 0 0
volume_proxy 157 0.449331119 0.148862155 -0.00919852421 0 0 0
volume_proxy 159 -0.0446794039 0.594476087 0.0056715412 0 0 0
volume_proxy 161 -0.192568933 0.0989639021 -0.0107782706 0 0 0
volume_proxy 176 1.21294096 0.145229222 -0.00917217343 0 0 0
volume_proxy 186 -0.730432577 0.204231002 0.0103508003 0 0 0
volume_proxy 189 -0.888322892 -0.811093865 0.00223329838 0 0 0
volume_proxy 195 -1.14813767 -0.940081468 -0.00505352805 0 0 0
volume_proxy 196 -1.25471375 -0.0876636522 -0.0106196509 0 0 0
volume_proxy 200 -1.27197213 0.948919108 -0.00781293815 0 0 0
volume_proxy 202 -0.664982478 -0.516371013 -0.00289285071 0 0 0
volume_proxy 209 -1.21365777 0.0376488763 -0.0107487443 0 0 0
volume_proxy 210 0.436158485 0.172113118 0.00408718162 0 0 0
volume_proxy 226 1.09546354 0.262117321 -0.00532747317 0 0 0
volume_proxy 236 0.478702597 0.61124913 0.00457067042 0 0 0
volume_proxy 247 0.0344922412 -0.750086338 0.00133587677 0 0 0
volume_proxy 256 0.599091599 -0.983509949 -0.00576998593 0 0 0
volume_proxy 259 0.896542574 0.180479022 -0.00966950992 0 0 0
volume_proxy 269 -1.48913256 0.56566305 0.00537732789 0 0 0
volume_proxy 277 -1.31405066 0.132062667 -0.00974256037 0 0 0
volume_proxy 296 -0.487777001 -0.116987121 0.00473909923 0 0 0
volume_proxy 305 0.331451505 -0.598102864 0.00320393966 0 0 0
volume_proxy 310 1.48900119 0.545221884 -0.00108789795 0 0 0
volume_proxy 344 -0.284532175 -0.433906105 0.0102228426 0 0 0
volume_proxy 347 -0.71926027 0.817070059 0.000683672905 0 0 0
volume_proxy 356 -0.732853502 0.187630764 -0.00757352392 0 0 0
volume_proxy 375 1.46232067 -0.174428685 4.34789587e-05 0 0 0
volume_proxy 388 1.49502829 -0.178811898 0.00715378193 0 0 0
volume_proxy 1052 -1.44530177 -0.491573659 -0.00155928395 0 0 0
volume_proxy 1066 -0.321965822 -0.0248931205 9.09467099e-05 0 0 0
volume_proxy 1120 -0.940758231 0.767335925 -0.00516626258 0 0 0
volume_proxy 1166 -0.80261651 -0.903832124 0.00981798604 0 0 0
volume_proxy 1193 -1.05472165 -0.05942322 -0.00894065213 0 0 0
volume_proxy 1225 -1.25308795 -0.990399012 -0.0100319263 0 0 0
volume_proxy 1245 -1.19909901 0.710741741 -0.00213407549 0 0 0
volume_proxy 1280 -1.2988943 0.720321065 -0.00467189403 0 0 0
volume_proxy 1285 -0.505447624 0.65884012 -0.00266742875 0 0 0
volume_proxy 1295 0.787504753 0.595892466 0.00606942044 0 0 0
volume_proxy 1296 -0.338992743 -0.308387292 -0.0013071961 0 0 0
volume_proxy 1340 1.35393083 0.0787532748 -0.00295696648 0 0 0
volume_proxy 1380 -1.35528484 -0.619603451 -0.00380943132 0 0 0
volume_proxy 1386 1.08633445 0.545885416 0.00927432538 0 0 0
volume_proxy 1397 0.201509272 0.701463278 -0.00748717234 0 0 0
volume_proxy 1409 0.513858545 0.323359461 0.00303772644 0 0 0
volume_proxy 1413 0.493982293 0.408316729 0.00524921724 0 0 0
volume_proxy 1422 1.43851515 -0.924219693 -0.00190524136 0 0 0
volume_proxy 1433 1.4479199 0.756108679 -0.00619639356 0 0 0
volume_proxy 1437 -0.373024779 -0.962271215 0.0100681311 0 0 0
volume_proxy 1459 -0.943695957 -0.3705381 0.00588757188 0 0 0
volume_proxy 1460 -1.22170591 0.0892064575 -0.00427682626 0 0 0
volume_proxy 1461 -1.17360101 0.341822977 0.00475611407 0 0 0
volume_proxy 1472 -1.22944822 -0.203825172 -0.00210607111 0 0 0
volume_proxy 1474 1.39096659 0.0648816054 0.00935580231 0 0 0
volume_proxy 1481 -0.457097726 0.422624145 -0.0064963794 0 0 0
volume_proxy 1482 0.759770719 0.188621999 -0.00342277796 0 0 0
volume_proxy 1485 0.601108431 -0.188288075 0.0100149897 0 0 0
volume_proxy 1489 0.0111786524 -0.743711198 -0.00999483573 0 0 0
volume_proxy 1490 0.526231828 0.592895791 0.0091955978 0 0 0
volume_proxy 1496 -1.49361612 0.471928641 0.00991100404 0 0 0
volume_proxy 1498 -0.313327474 -0.212126912 -0.000318862525 0 0 0
volume_proxy 1503 -1.40521543 -0.90329991 -0.00551693505 0 0 0
volume_proxy 1506 0.0495934477 0.852514966 0.0064793392 0 0 0
volume_proxy 1507 -0.0824107294 -0.199837725 0.00745876395 0 0 0
volume_proxy 1508 -1.03094148 0.281909786 -0.00939426121 0 0 0
volume_proxy 1509 -1.06348471 -0.270003859 -0.00252613668 0 0 0
volume_proxy 1513 -1.3356452 0.038132352 0.000388818678 0 0 0
volume_proxy 1515 0.0864995355 -0.946424421 -0.00565755001 0 0 0
volume_proxy 1516 -0.139366996 -0.676161269 0.00348752973 0 0 0
volume_proxy 1517 -1.28414465 -0.684977794 -0.00722647489 0 0 0
volume_proxy 1519 0.443669536 0.564615912 0.00474028627 0 0 0
volume_proxy 1520 0.0558463348 -0.451544342 0.00997831373 0 0 0
volume_proxy 1521 -1.22334728 -0.496603561 -0.0101755964 0 0 0
volume_proxy 1523 -0.0382102767 -0.180384325 -0.00616138709 0 0 0
volume_proxy 1525 -0.47220608 0.863055019 0.00870346729 0 0 0
volume_proxy 1526 1.34797408 -0.161014884 0.00283358491 0 0 0
volume_proxy 1528 0.96662532 -0.81659422 0.00471279533 0 0 0
volume_proxy 1529 -0.856922265 -0.261564789 0.00920578795 0 0 0
volume_proxy 1531 0.394347788 0.833048594 -0.00156748245 0 0 0
volume_proxy 1533 0.928616354 0.0690861271 -0.00388376987 0 0 0
volume_proxy 1534 -0.626236276 -0.0331701465 -0.00844512674 0 0 0
volume_proxy 1537 -1.03051659 -0.554973847 0.00264073926 0 0 0
volume_proxy 1538 1.04336863 -0.346691398 -0.00760938657 0 0 0
volume_proxy 1539 0.0299690963 0.695242024 -0.00706733184 0 0 0
volume_proxy 1540 1.26047053 0.126009571 -0.00204354228 0 0 0
volume_proxy 1541 -0.426076064 -0.964156818 0.00951236326 0 0 0
