volume_proxy 0 1.33445302 0.233567667 -0.0031783865 0 0 0
volume_proxy 4 1.46128493 0.933803302 -0.00780247505 0 0 0
volume_proxy 5 0.329324562 0.792982457 -0.00645419376 0 0 0
volume_proxy 6 1.35641297 0.194203105 -0.00659015337 0 0 0
volume_proxy 11 0.491091234 0.986634384 -0.00502161574 0 0 0
volume_proxy 12 0.748263729 -0.169076169 -0.00813252622 0 0 0
volume_proxy 14 0.595101262 0.447156256 0.0105593809 0 0 0
volume_proxy 23 -0.682771281 -0.299112695 0.00196491983 0 0 0
volume_proxy 38 0.340678134 -0.406877095 -0.000628251956 0 0 0
volume_proxy 40 -0.0949047623 -0.420699461 0.00449501312 0 0 0
volume_proxy 50 -0.075642967 -0.938062476 0.0026803742 0 0 0
volume_proxy 52 -1.35682197 -0.6450117 0.00663806199 0 0 0
volume_proxy 53 -0.25500192 -0.514469623 0.0107697917 0 0 0
volume_proxy 58 1.31046551 -0.354653415 -0.00333761919 0 0 0
volume_proxy 60 -0.641126152 0.48275011 0.00940427419 0 0 0
volume_proxy 61 -0.730268456 -0.857060635 -0.00288574027 0 0 0
volume_proxy 72 0.463118266 0.186421649 0.00865888301 0 0 0
volume_proxy 81 -1.22141471 0.131050253 0.00719327848 0 0 0
volume_proxy 85 -0.621883201 0.413838595 0.00625428661 0 0 0
volume_proxy 88 -0.663932877 0.494086439 -0.00859219312 0 0 0
volume_proxy 97 0.769327447 -0.603188735 0.000623806755 0 0 0
volume_proxy 101 -1.41003176 0.776203543 -0.0100492576 0 0 0
volume_proxy 105 -0.102029579 -0.536400299 -0.00163993531 0 0 0
volume_proxy 106 -0.843547941 -0.738165593 0.00788103269 0 0 0
volume_proxy 107 0.645133463 0.723717838 0.00412115621 0 0 0
volume_proxy 108 1.45736929 0.283175705 -0.000825640548 0 0 0
volume_proxy 126 -0.353564772 -0.918215111 0.00822060094 0 0 0
volume_proxy 127 -0.678202776 -0.0478294271 0.00450154645 0 0 0
volume_proxy 130 1.47798215 0.897508163 -0.00185342561 0 0 0
volume_proxy 132 0.81007356 0.639925742 -0.00155520719 0 0 0
volume_proxy 135 -0.227749728 -0.937094303 0.00615560843 0 0 0
volume_proxy 140 -0.712301979 0.956127296 0.000266093771 0 0 0
volume_proxy 145 -1.21835226 -0.625062899 0.00921883116 0 0 0
volume_proxy 157 0.401367208 -0.0317783921 0.0057746899 0 0 0
volume_proxy 159 -0.859201478 -0.705042455 -0.00970664622 0 0 0
volume_proxy 161 -0.687111011 0.45493577 -0.000552958291 0 0 0
volume_proxy 169 0.866281795 0.583080215 -0.00773958682 0 0 0
volume_proxy 176 0.367409701 -0.472725816 0.00190837301 0 0 0
volume_proxy 178 -1.23933629 0.546869279 0.00890673558 0 0 0
volume_proxy 186 -0.195741883 0.16940677 0.00532417665 0 0 0
volume_proxy 189 -1.1250837 0.436793849 0.00964170925 0 0 0
volume_proxy 195 -0.650845058 0.17973428 0.00954406106 0 0 0
volume_proxy 196 0.94897403 0.419040858 0.00768503189 0 0 0
volume_proxy 198 1.15375323 -0.710089158 -0.00969868286 0 0 0
volume_proxy 200 -1.19282847 -0.189436559 -0.00105768735 0 0 0
volume_proxy 202 -0.690164231 0.864970496 -0.00324334953 0 0 0
volume_proxy 209 -0.944749482 -0.783850806 -0.00968169979 0 0 0
volume_proxy 210 0.244123063 0.43702997 -0.00553925543 0 0 0
volume_proxy 224 0.840558794 -0.948385837 0.00582007154 0 0 0
volume_proxy 226 -0.697188136 -0.949516447 0.00581858645 0 0 0
volume_proxy 228 -0.199726533 0.703176762 0.00711867656 0 0 0
volume_proxy 236 0.18454876 0.103277849 -0.0103644442 0 0 0
volume_proxy 237 0.325043958 0.623416477 -0.00102453738 0 0 0
volume_proxy 244 0.832429284 0.338396679 -0.00712027393 0 0 0
volume_proxy 247 1.49612408 -0.401086423 0.00495356353 0 0 0
volume_proxy 251 0.613837808 -0.177639086 -0.00275291525 0 0 0
volume_proxy 256 -0.107605544 -0.761281716 -0.00747996365 0 0 0
volume_proxy 258 0.55994003 -0.0957564342 -0.00568408126 0 0 0
volume_proxy 259 0.93386455 0.805930489 0.00985564151 0 0 0
volume_proxy 269 0.912076538 -0.354637591 0.00845702933 0 0 0
volume_proxy 271 -1.45141547 0.804371527 0.00817502509 0 0 0
volume_proxy 276 0.7313419 -0.671892872 4.19816848e-05 0 0 0
volume_proxy 277 -0.752998449 -0.95271795 0.00374030143 0 0 0
volume_proxy 279 0.198223129 0.213450234 -0.000293367856 0 0 0
volume_proxy 294 0.0743063501 0.862671057 -0.00530207444 0 0 0
volume_proxy 296 0.00926336956 -0.488805854 -0.0093123701 0 0 0
volume_proxy 298 0.813418107 -0.785739041 -0.00302692041 0 0 0
volume_proxy 305 0.251823969 -0.0139448715 -0.00803035121 0 0 0
volume_proxy 310 0.928272908 0.632613839 0.00564365251 0 0 0
volume_proxy 311 1.07687833 -0.600171418 0.0101708426 0 0 0
volume_proxy 314 -0.547996408 0.43642649 -0.00634944148 0 0 0
volume_proxy 329 -0.848983424 0.882521602 -0.00256935572 0 0 0
volume_proxy 337 -1.22583195 0.185181712 0.0101270368 0 0 0
volume_proxy 344 0.713949264 0.46410277 0.000859787904 0 0 0
volume_proxy 345 -0.658787453 0.63621623 0.00339577367 0 0 0
volume_proxy 347 -0.212746543 -0.74922544 -0.00861193905 0 0 0
volume_proxy 349 0.679352608 -0.0456407142 -0.00466170334 0 0 0
volume_proxy 356 0.155652379 0.941227935 -0.00394349168 0 0 0
volume_proxy 358 1.3043999 0.7220419 -0.00567756144 0 0 0
volume_proxy 370 1.09457181 0.562890895 -0.00565099263 0 0 0
volume_proxy 375 0.827257964 -0.234166759 -0.00540393635 0 0 0
volume_proxy 377 0.342177539 0.142883651 -0.00716696019 0 0 0
volume_proxy 388 -1.09805493 0.11930133 -0.00607832246 0 0 0
volume_proxy 393 1.37596411 -0.00884227347 -0.00406028086 0 0 0
volume_proxy 399 0.612897613 -0.543892958 -0.0013282708 0 0 0
volume_proxy 409 -0.0299495713 -0.747457584 0.00253461304 0 0 0
volume_proxy 412 1.18128592 -0.863334963 -0.00952635323 0 0 0
volume_proxy 431 -1.05887515 -0.462794797 -0.00610751305 0 0 0
volume_proxy 497 -0.863885901 -0.555595785 0.00507666242 0 0 0
volume_proxy 512 0.118329093 -0.940581182 0.00769295072 0 0 0
volume_proxy 518 1.48378357 -0.370082565 0.00923706218 0 0 0
volume_proxy 591 -0.293200022 0.730212693 -0.00252330173 0 0 0
volume_proxy 616 0.832655965 0.821872844 0.00472264567 0 0 0
volume_proxy 637 -1.07870555 -0.767144017 0.00946843568 0 0 0
volume_proxy 669 1.18126753 -0.573154664 -0.00866324249 0 0 0
volume_proxy 682 0.0779923666 -0.00919219627 0.00412607842 0 0 0
volume_proxy 725 -1.16518531 -0.48849505 -0.00771836759 0 0 0
volume_proxy 751 -0.0701255515 -0.454745275 -0.00292911952 0 0 0
volume_proxy 797 -0.987570665 -0.776734845 0.00573791826 0 0 0
volume_proxy 802 1.10789287 -0.080350646 -0.000740959766 0 0 0
volume_proxy 814 0.770958465 -0.503885162 0.0045569146 0 0 0
volume_proxy 848 -1.23443439 -0.234192186 -0.00438439835 0 0 0
volume_proxy 876 -0.433773034 -0.227262225 0.0105448784 0 0 0
volume_proxy 883 0.203978207 0.68925687 0.00821350706 0 0 0
volume_proxy 902 0.0557517538 0.205056583 0.00706382627 0 0 0
volume_proxy 904 -0.986785377 0.61920146 -0.00898518115 0 0 0
volume_proxy 914 0.525110277 -0.914197119 -0.00102628834 0 0 0
volume_proxy 915 -0.856279985 0.169864413 0.00776721747 0 0 0
volume_proxy 926 -0.616298376 0.128458547 -0.00736937549 0 0 0
volume_proxy 929 -0.888751045 -0.60388258 0.000726123225 0 0 0
volume_proxy 944 0.626286629 -0.677487685 -0.00490657201 0 0 0
volume_proxy 974 -0.325279177 -0.249685049 -0.00169981121 0 0 0
volume_proxy 979 -0.118906722 0.6977932 -0.000944323854 0 0 0
volume_proxy 991 -0.855181039 -0.422403986 0.00560906546 0 0 0
volume_proxy 992 0.488855445 0.162036622 -0.00203225516 0 0 0
volume_proxy 997 1.46708412 0.127614796 -0.00641890305 0 0 0
volume_proxy 1001 -0.0421345375 0.743585753 0.00250280475 0 0 0
volume_proxy 1020 -1.02848909 0.267887054 -0.00563891216 0 0 0
volume_proxy 1021 -0.961926328 -0.951671837 -0.000603294062 0 0 0
volume_proxy 1031 0.932223892 -0.469980598 -0.00053384235 0 0 0
volume_proxy 1036 0.259857288 0.388942499 0.00823684149 0 0 0
volume_proxy 1040 -1.32635804 -0.621825424 0.00108331532 0 0 0
volume_proxy 1042 0.856976067 0.900731366 0.00793541803 0 0 0
volume_proxy 1050 -0.817397028 -0.345199371 0.00222768291 0 0 0
volume_proxy 1052 -0.43137644 0.315740144 0.00670329956 0 0 0
volume_proxy 1062 0.49845088 0.291640507 0.00366957594 0 0 0
volume_proxy 1066 0.683125387 0.489289598 -0.00600508269 0 0 0
volume_proxy 1069 -1.00467467 -0.345025574 0.0080885925 0 0 0
volume_proxy 1086 0.528083978 -0.429645297 -0.00507781313 0 0 0
volume_proxy 1093 -0.370620635 -0.611008838 0.00441031069 0 0 0
volume_proxy 1098 0.291557412 0.980720034 4.22886171e-05 0 0 0
volume_proxy 1102 0.987054123 0.5938149 -0.00944071749 0 0 0
volume_proxy 1110 0.823508863 -0.377370388 -0.0106258608 0 0 0
volume_proxy 1113 1.15730944 0.692542364 -0.00936415626 0 0 0
volume_proxy 1117 0.810132478 0.206829071 0.00341374431 0 0 0
volume_proxy 1118 -0.0661465252 -0.52496714 0.00338060217 0 0 0
volume_proxy 1120 0.0604738505 0.47115659 -0.00442827793 0 0 0
volume_proxy 1133 0.910952442 -0.953020042 -0.0042876016 0 0 0
volume_proxy 1134 0.020214337 0.438029367 -0.00453220146 0 0 0
volume_proxy 1137 -0.581746233 0.229725811 -0.00739256205 0 0 0
volume_proxy 1138 1.25239784 -0.730530925 -0.00382017443 0 0 0
volume_proxy 1143 -0.722989439 0.470701655 -0.00490925653 0 0 0
volume_proxy 1147 0.277406597 0.352422777 0.00298133171 0 0 0
volume_proxy 1151 0.400267095 -0.971458748 0.00382148545 0 0 0
volume_proxy 1157 -0.0143888628 0.671779049 0.000750444158 0 0 0
volume_proxy 1166 -1.22957398 0.503625811 -0.00439382031 0 0 0
volume_proxy 1168 -0.16954507 -0.699407425 -0.00463178373 0 0 0
volume_proxy 1169 1.37500688 -0.52016906 -0.0106273966 0 0 0
volume_proxy 1170 -1.0652454 -0.118962967 0.00779605908 0 0 0
volume_proxy 1171 -0.676830901 0.460959554 0.00237382843 0 0 0
volume_proxy 1172 -0.235131902 0.284001271 -0.00934986073 0 0 0
volume_proxy 1179 0.744117571 0.0507111007 -0.00259151316 0 0 0
volume_proxy 1180 -0.72362064 0.432689392 -0.0086851114 0 0 0
volume_proxy 1182 -0.229862573 0.865420096 0.00841684422 0 0 0
volume_proxy 1186 -0.358905496 -0.173226912 0.00734374084 0 0 0
volume_proxy 1191 1.10950918 0.92365511 0.0067878865 0 0 0
volume_proxy 1193 -1.38542363 0.296018066 -0.00986319746 0 0 0
volume_proxy 1195 -1.3444825 -0.216506955 -0.00606378615 0 0 0
volume_proxy 1197 -1.08339657 -0.788886004 0.00328260416 0 0 0
volume_proxy 1198 0.121135011 0.474378154 0.00144991679 0 0 0
volume_proxy 1206 1.01381977 0.314433281 0.00312922491 0 0 0
volume_proxy 1208 -0.331829136 0.0334782028 0.00554126166 0 0 0
volume_proxy 1209 -1.39609533 0.267180553 0.00334092884 0 0 0
volume_proxy 1210 -1.46796421 0.97471681 0.00913248165 0 0 0
volume_proxy 1214 -0.643061982 0.197877391 0.00561636302 0 0 0
volume_proxy 1217 -0.607403871 0.509398485 0.00357578946 0 0 0
volume_proxy 1219 -0.755298834 0.237165178 0.00312352375 0 0 0
volume_proxy 1220 0.757507545 0.267626328 -0.00510649391 0 0 0
volume_proxy 1223 1.35184266 0.500305613 -0.00191543314 0 0 0
volume_proxy 1225 -0.405235596 -0.100623777 0.00486166922 0 0 0
volume_proxy 1229 1.29177214 0.992602926 0.0107913323 0 0 0
volume_proxy 1230 1.05517309 -0.816535064 -0.0018942173 0 0 0
volume_proxy 1231 -0.78585267 0.0224017493 0.0064800606 0 0 0
volume_proxy 1237 0.677889974 0.579907861 0.00216702537 0 0 0
volume_proxy 1238 0.830356779 0.881541418 0.00959419948 0 0 0
volume_proxy 1243 -0.828982212 -0.656401279 -0.00297261774 0 0 0
volume_proxy 1245 -1.44862577 0.901680013 -0.00983201374 0 0 0
volume_proxy 1247 -1.31016801 0.265295474 -0.00806420943 0 0 0
volume_proxy 1248 0.788138551 0.494410518 0.00709360441 0 0 0
volume_proxy 1252 0.699478058 -0.735080449 0.00489390663 0 0 0
volume_proxy 1254 0.710410329 -0.67105813 0.00473045376 0 0 0
volume_proxy 1255 1.01887892 -0.322309382 -0.000714510072 0 0 0
volume_proxy 1257 0.342375964 -0.703118765 -0.00871927711 0 0 0
volume_proxy 1259 -1.07116325 0.84255017 -0.00401361356 0 0 0
volume_proxy 1260 0.435660617 0.741746498 0.00206739595 0 0 0
volume_proxy 1261 -0.634071759 0.907897546 0.00985634502 0 0 0
volume_proxy 1262 0.66220132 0.541290202 -0.00174153081 0 0 0
volume_proxy 1263 0.842541624 0.0505977181 -0.00431479989 0 0 0
volume_proxy 1264 0.272187506 -0.226699982 0.00752142716 0 0 0
volume_proxy 1267 -1.08385948 -0.351386024 0.0060761554 0 0 0
volume_proxy 1270 0.440519005 -0.426406214 0.00228879867 0 0 0
volume_proxy 1271 -1.30244147 -0.220326922 -0.00220983779 0 0 0
volume_proxy 1272 0.596600612 -0.0617184466 -0.000170527925 0 0 0
volume_proxy 1273 -0.637774152 0.973856292 -0.00256511579 0 0 0
volume_proxy 1276 1.08227562 0.436226628 0.00973064568 0 0 0
volume_proxy 1277 1.31921375 0.455724224 0.00120211237 0 0 0
volume_proxy 1280 -1.43340695 0.41065173 0.00519168115 0 0 0
volume_proxy 1281 -0.128401233 -0.825337007 -0.00366119237 0 0 0
volume_proxy 1285 -0.808573934 0.880701618 0.00112379443 0 0 0
volume_proxy 1289 0.56846367 -0.588357881 0.00165221107 0 0 0
volume_proxy 1290 -1.44835509 -0.791183885 0.00806833337 0 0 0
volume_proxy 1291 -0.100925855 0.99717361 -0.00606405056 0 0 0
volume_proxy 1292 -0.155731531 0.303633176 0.0052695993 0 0 0
volume_proxy 1293 -0.513494811 -0.722345387 0.00859666954 0 0 0
volume_proxy 1294 1.43229006 0.876251588 -0.00698470524 0 0 0
volume_proxy 1295 -1.28142115 0.513384885 0.00778237845 0 0 0
volume_proxy 1296 -0.0933103849 -0.297440466 0.00453977691 0 0 0
volume_proxy 1297 -0.296744194 -0.6064019 0.00885966517 0 0 0
volume_proxy 1298 -0.539946732 -0.899221329 -0.0074346375 0 0 0
volume_proxy 1299 -0.54124233 0.232315317 0.00663310682 0 0 0
volume_proxy 1300 -1.39197499 0.832311792 0.00314455353 0 0 0
volume_proxy 1301 -0.95528962 0.937839977 0.00855429058 0 0 0
volume_proxy 1303 -0.844775208 0.465799509 -0.0107447467 0 0 0
volume_proxy 1306 -0.313325293 -0.233911987 -0.000276257902 0 0 0
volume_proxy 1308 -0.44600573 -0.0355034756 -0.00508819352 0 0 0
volume_proxy 1309 -0.00745072381 -0.464241311 -0.0105769532 0 0 0
volume_proxy 1310 -0.0153273674 0.982077466 0.000398265942 0 0 0
volume_proxy 1312 1.02005636 -0.3932465 -0.00623262565 0 0 0
volume_proxy 1313 0.241802915 0.342791979 -0.00169405247 0 0 0
volume_proxy 1314 0.154308974 0.389900484 -0.00292612333 0 0 0
volume_proxy 1315 -0.722356945 -0.523189988 -0.00570170716 0 0 0
volume_proxy 1316 -0.271152002 0.929348012 0.00984743875 0 0 0
volume_proxy 1317 1.43592779 0.437607179 0.0011209141 0 0 0
volume_proxy 1318 0.89962534 -0.645709839 -0.00199526365 0 0 0
volume_proxy 1320 -0.476066335 -0.822954507 0.00552919144 0 0 0
volume_proxy 1321 -0.978172001 -0.0979338848 3.46037266e-06 0 0 0
volume_proxy 1322 0.682586847 -0.908994019 -0.00288227529 0 0 0
volume_proxy 1323 0.980877768 0.737956146 0.00542186027 0 0 0
volume_proxy 1324 1.03900131 0.867774164 0.000654834137 0 0 0
volume_proxy 1325 0.226490615 -0.0921999439 -0.0067788333 0 0 0
volume_proxy 1326 -0.14215456 -0.255520965 -0.00623761872 0 0 0
volume_proxy 1327 0.629761129 -0.0428892354 0.0021162095 0 0 0
volume_proxy 1328 -1.04685246 0.640335538 -0.000676913075 0 0 0
volume_proxy 1329 1.05913334 0.566403542 -0.00208658441 0 0 0
volume_proxy 1330 0.147483072 0.277387289 0.0106337199 0 0 0
volume_proxy 1331 0.170221148 0.229811423 -0.0037185371 0 0 0
volume_proxy 1332 1.19718381 0.160959318 -0.0104369785 0 0 0
volume_proxy 1333 1.09983324 0.10229468 0.0107722099 0 0 0
