volume_proxy 0 -0.561652066 -0.814788639 -0.0045073355 0 0 0
volume_proxy 6 0.0934214857 0.322251334 -0.00120969664 0 0 0
volume_proxy 11 1.22257148 0.693628586 0.00505201963 0 0 0
volume_proxy 12 0.760758009 -0.849867803 0.00183245514 0 0 0
volume_proxy 14 -1.00285613 -0.104290147 0.00578710674 0 0 0
volume_proxy 23 0.489155667 -0.651883883 0.0031563081 0 0 0
volume_proxy 38 -0.878964902 -0.511790353 0.000219421469 0 0 0
volume_proxy 40 -0.905796697 -0.204036929 -0.00963018301 0 0 0
volume_proxy 50 -0.679041757 -0.0486583281 0.00103031167 0 0 0
volume_proxy 53 -1.33568438 0.824972963 -0.00468732999 0 0 0
volume_proxy 58 1.26228336 -0.876438185 -0.00162963483 0 0 0
volume_proxy 60 -0.72422624 0.779751921 -0.00556552406 0 0 0
volume_proxy 85 -1.13816161 0.921871768 -0.00222770517 0 0 0
volume_proxy 97 0.744224242 0.639791659 0.000662188634 0 0 0
volume_proxy 107 0.369747395 -0.283918776 -0.0075301216 0 0 0
volume_proxy 127 -1.31608927 -0.397599355 -0.00481147667 0 0 0
volume_proxy 130 1.08220262 -0.853497109 6.18469173e-05 0 0 0
volume_proxy 140 -0.304246722 0.0847753313 0.00424280211 0 0 0
volume_proxy 157 0.355186514 -0.576173153 -0.00510027973 0 0 0
volume_proxy 159 1.0224512 0.41899299 0.00710499894 0 0 0
volume_proxy 161 -0.373021893 -0.269887187 6.95351379e-05 0 0 0
volume_proxy 176 0.973567655 0.0558941695 0.00412720127 0 0 0
volume_proxy 186 -0.865563193 -0.118872193 -0.00499121952 0 0 0
volume_proxy 189 -0.37335762 -0.363497422 -0.0070848653 0 0 0
volume_proxy 195 -1.09527259 -0.337956988 -0.00774912313 0 0 0
volume_proxy 196 0.157836484 0.706313595 0.01074695 0 0 0
volume_proxy 200 -0.505722364 0.509565705 -0.0020535374 0 0 0
volume_proxy 202 -0.283252714 0.727563865 -0.00355444054 0 0 0
volume_proxy 209 -1.20945859 -0.00531911406 -0.000255136344 0 0 0
volume_proxy 210 0.115581168 0.259231415 0.00404821664 0 0 0
volume_proxy 226 0.592370778 -0.836235881 0.00513055038 0 0 0
volume_proxy 236 0.988801038 -0.753480128 -0.0102940144 0 0 0
volume_proxy 247 0.589307725 -0.411991644 0.000788644088 0 0 0
volume_proxy 256 -0.561925324 0.987104698 0.0105050743 0 0 0
volume_proxy 259 0.371006512 -0.0313594392 -0.00575473909 0 0 0
volume_proxy 269 -0.734038475 -0.206486618 0.00336664446 0 0 0
volume_proxy 277 -0.925584741 -0.845794634 -0.0033093369 0 0 0
volume_proxy 296 -1.23649707 0.857769669 0.000335635046 0 0 0
volume_proxy 305 0.192038132 -0.513535176 -0.00662294225 0 0 0
volume_proxy 310 0.661900497 0.701520602 0.00484399396 0 0 0
volume_proxy 344 -1.45437212 -0.13482622 -0.00579751113 0 0 0
volume_proxy 347 -0.138191696 0.995966805 0.00653454495 0 0 0
volume_proxy 356 -0.107937091 0.0684292252 0.00589124473 0 0 0
volume_proxy 375 0.716081424 -0.717216842 -0.00970429287 0 0 0
volume_proxy 388 1.22287304 -0.96718878 -0.00466258808 0 0 0
volume_proxy 802 0.312831015 0.459272435 -0.00914198278 0 0 0
volume_proxy 1052 -1.15121889 -0.484546362 -0.00946138083 0 0 0
volume_proxy 1066 -0.15651449 0.654234395 0.00730249966 0 0 0
volume_proxy 1120 -0.261362295 0.586663107 0.00843123329 0 0 0
volume_proxy 1166 -1.08994871 -0.625072342 -0.000407786648 0 0 0
volume_proxy 1193 -1.19184472 -0.463252447 -0.00717261741 0 0 0
volume_proxy 1225 -1.01339494 -0.697884651 0.00734902377 0 0 0
volume_proxy 1245 -1.39820985 0.292163016 0.00975405577 0 0 0
volume_proxy 1280 -0.93256498 0.76483592 0.00440880955 0 0 0
volume_proxy 1285 -1.47676865 0.259273688 -0.00115918382 0 0 0
volume_proxy 1295 0.775750589 0.0481302859 0.00987163179 0 0 0
volume_proxy 1296 -0.083083867 -0.808669801 -0.0106446604 0 0 0
volume_proxy 1340 0.993021163 -0.264906042 -0.000117571059 0 0 0
volume_proxy 1380 -1.48977307 -0.0587148349 0.0100199487 0 0 0
volume_proxy 1386 1.32361392 0.437183169 -0.00179174169 0 0 0
volume_proxy 1397 0.420130502 0.651727951 0.00863360578 0 0 0
volume_proxy 1409 -0.195000631 0.445954737 -0.00677432039 0 0 0
volume_proxy 1413 0.932177095 0.949974739 -0.00178536025 0 0 0
volume_proxy 1422 0.612706337 -0.68041291 -0.00694891153 0 0 0
volume_proxy 1433 1.08442417 0.638723305 0.00897649922 0 0 0
volume_proxy 1437 0.00149526301 -0.567922574 0.00387848044 0 0 0
volume_proxy 1459 -0.838879399 -0.22499675 0.0105060751 0 0 0
volume_proxy 1460 -0.056809799 0.741236007 0.00842096659 0 0 0
volume_proxy 1461 -1.47505047 0.796456287 -0.00217473852 0 0 0
volume_proxy 1466 -0.425303435 0.514643067 0.00614217277 0 0 0
volume_proxy 1472 -1.35508689 0.738751636 0.0068325403 0 0 0
volume_proxy 1474 1.48150275 0.218108491 0.00181237883 0 0 0
volume_proxy 1481 0.295497866 0.722709426 -0.00381510512 0 0 0
volume_proxy 1482 1.21188631 0.627747606 -0.000395879909 0 0 0
volume_proxy 1485 0.525349096 -0.292690287 0.00919819426 0 0 0
volume_proxy 1489 0.337506338 -0.690366109 -0.00568676835 0 0 0
volume_proxy 1490 0.684172602 0.841050016 0.00679105855 0 0 0
volume_proxy 1496 -1.1355412 0.929191643 0.00654681535 0 0 0
volume_proxy 1498 -0.333239226 0.35990718 -0.0101443994 0 0 0
volume_proxy 1503 -1.08094981 -0.512344873 0.00245250589 0 0 0
volume_proxy 1506 0.31394711 0.981840921 -0.00522654352 0 0 0
volume_proxy 1507 -1.28621461 -0.0486054033 0.0104576451 0 0 0
volume_proxy 1508 -0.348453271 -0.127834472 0.00165857061 0 0 0
volume_proxy 1509 -1.37463362 -0.199006941 -0.00582600113 0 0 0
volume_proxy 1510 -0.0384914542 -0.766736821 0.00238483236 0 0 0
volume_proxy 1511 1.25856601 0.491575056 0.00517559999 0 0 0
volume_proxy 1513 -1.34573499 0.471350225 -0.0103631312 0 0 0
volume_proxy 1515 0.377963433 -0.972992739 -0.0048480651 0 0 0
volume_proxy 1516 -0.104304804 -0.971612025 0.00126452558 0 0 0
volume_proxy 1517 -1.26306244 -0.330532246 -0.00734704083 0 0 0
volume_proxy 1519 -0.130777828 -0.716969824 -0.000726954763 0 0 0
volume_proxy 1520 0.31535415 -0.318173482 0.000756444779 0 0 0
volume_proxy 1521 -1.34704362 -0.796861577 0.00889739354 0 0 0
volume_proxy 1523 0.437338136 -0.250835787 -0.0087705487 0 0 0
volume_proxy 1525 -0.974290938 0.744129818 -0.00339999624 0 0 0
volume_proxy 1526 0.896385899 -0.779551981 -0.00875062049 0 0 0
volume_proxy 1528 0.678346122 -0.609253592 -0.00321630706 0 0 0
volume_proxy 1529 -1.09165525 0.2561619 -0.00307460562 0 0 0
volume_proxy 1531 0.413059578 0.547958892 -0.00467924146 0 0 0
volume_proxy 1533 1.04163126 0.0191522017 -0.00574403992 0 0 0
volume_proxy 1534 0.234784242 0.758706135 -0.00188776321 0 0 0
volume_proxy 1535 0.784557092 0.664542204 0.0045556728 0 0 0
volume_proxy 1536 -0.292678818 -0.580666346 0.0013378483 0 0 0
volume_proxy 1537 -0.375510448 -0.700055014 0.00122102344 0 0 0
volume_proxy 1538 1.2255269 -0.290711866 -0.00957696739 0 0 0
