volume_proxy 0 1.17717201 -0.0211866139 -0.00490762958 0 0 0
volume_proxy 5 0.546683213 -0.209715952 -0.0107973779 0 0 0
volume_proxy 6 -0.356943864 -0.302212836 0.00423431362 0 0 0
volume_proxy 11 0.902717573 0.115391573 0.00497503125 0 0 0
volume_proxy 12 0.841781785 -0.215739416 0.00163312437 0 0 0
volume_proxy 14 -0.0736519005 0.400554034 -0.00668819248 0 0 0
volume_proxy 23 1.18453608 -0.734214111 -0.00176388725 0 0 0
volume_proxy 38 0.610802454 0.563803889 -0.00973686045 0 0 0
volume_proxy 40 -0.0839540732 0.0141179518 0.00273838484 0 0 0
volume_proxy 50 -0.280992609 -0.806866703 0.0072679778 0 0 0
volume_proxy 53 -0.635671862 0.593844462 -0.0098998145 0 0 0
volume_proxy 58 1.47201623 -0.473181852 0.00502179478 0 0 0
volume_proxy 60 1.22027699 0.299807148 0.00795746046 0 0 0
volume_proxy 72 -0.251593611 0.0707227556 0.00477411929 0 0 0
volume_proxy 85 -1.00156252 0.230054937 -1.57330982e-05 0 0 0
volume_proxy 97 1.0317111 0.184915464 -0.00955642046 0 0 0
volume_proxy 105 1.1514658 -0.207572404 0.00765732752 0 0 0
volume_proxy 107 1.21809542 0.981646227 0.00773987925 0 0 0
volume_proxy 127 -1.39521784 0.714325783 -0.00206771165 0 0 0
volume_proxy 130 1.12790484 0.309687274 0.00814546711 0 0 0
volume_proxy 140 -0.59904918 0.839683517 0.00568321269 0 0 0
volume_proxy 157 1.39453962 0.219881074 0.00727869172 0 0 0
volume_proxy 159 0.160519333 0.941306622 -0.00978203274 0 0 0
volume_proxy 161 0.577182577 0.237026522 0.00909205517 0 0 0
volume_proxy 176 0.18361346 -0.113087239 0.00210427583 0 0 0
volume_proxy 186 -0.866403281 0.719586044 0.00716766134 0 0 0
volume_proxy 189 -0.570739855 0.907922709 -0.0103948051 0 0 0
volume_proxy 195 -0.115431238 0.110649571 -0.0017814729 0 0 0
volume_proxy 196 0.227191548 -0.320062375 0.00205548915 0 0 0
volume_proxy 200 0.0878125787 -0.56909134 -0.00212025284 0 0 0
volume_proxy 202 -1.07608288 0.265783485 -0.00444116851 0 0 0
volume_proxy 209 -1.41113283 0.0285390501 -0.00833146401 0 0 0
volume_proxy 210 -0.99925109 0.722798065 0.00176619231 0 0 0
volume_proxy 226 0.243730335 -0.717970169 0.00879323855 0 0 0
volume_proxy 236 0.74297394 0.535390692 0.00127737242 0 0 0
volume_proxy 247 0.638048977 0.958848486 -0.00351848024 0 0 0
volume_proxy 256 -0.637383552 0.726996732 0.00607846594 0 0 0
volume_proxy 259 0.574484666 -0.0722962661 0.010771257 0 0 0
volume_proxy 269 0.0630199426 -0.300621885 0.00789604298 0 0 0
volume_proxy 277 -1.22199138 -0.44728334 -0.00616937394 0 0 0
volume_proxy 296 0.0923086418 -0.505834723 0.0011566157 0 0 0
volume_proxy 305 -0.0645112902 -0.716790933 -0.0104972791 0 0 0
volume_proxy 310 1.37758091 -0.302873666 0.00425423177 0 0 0
volume_proxy 329 -1.1521634 -0.756958865 0.00616730276 0 0 0
volume_proxy 337 -0.727927241 0.574602079 0.00165396734 0 0 0
volume_proxy 344 -1.26185345 0.799982828 0.000468506229 0 0 0
volume_proxy 347 -0.622775781 0.24716624 -0.00849792368 0 0 0
volume_proxy 349 -0.60269421 0.0249643014 0.00431524345 0 0 0
volume_proxy 356 0.294352428 0.776270756 0.000473763124 0 0 0
volume_proxy 375 0.6007702 -0.573397111 0.00497185361 0 0 0
volume_proxy 388 -0.931532652 0.322004344 -0.00651741194 0 0 0
volume_proxy 431 -1.20597269 -0.127179886 -0.00692423394 0 0 0
volume_proxy 802 1.26659329 0.664532744 0.00211413981 0 0 0
volume_proxy 876 0.438417451 -0.935251105 0.00209211231 0 0 0
volume_proxy 1052 0.0895655281 -0.551369503 -0.00103210315 0 0 0
volume_proxy 1066 0.381302049 0.73770262 0.00473824405 0 0 0
volume_proxy 1120 -0.281938311 0.391122214 -0.00484255465 0 0 0
volume_proxy 1166 -0.483067028 0.938690327 0.00614435533 0 0 0
volume_proxy 1169 1.35490725 -0.812496072 -0.0076226516 0 0 0
volume_proxy 1172 -0.106984038 0.83489392 -0.00940310715 0 0 0
volume_proxy 1186 -0.566887304 -0.354384504 -0.00522565416 0 0 0
volume_proxy 1193 -0.565966591 0.438492772 0.00675744073 0 0 0
volume_proxy 1219 -0.647724362 0.802403928 -0.00857597456 0 0 0
volume_proxy 1225 0.0642983863 -0.118079897 -0.000932031118 0 0 0
volume_proxy 1245 -1.01637052 0.931566662 -0.00524685247 0 0 0
volume_proxy 1280 -1.36531857 0.666650858 -0.0038485956 0 0 0
volume_proxy 1285 -1.24324024 0.912553446 -0.00708364957 0 0 0
volume_proxy 1295 -1.05739741 0.986736449 0.0107563724 0 0 0
volume_proxy 1296 0.279911999 0.0560096426 0.00988228355 0 0 0
volume_proxy 1326 0.939957605 -0.513456183 0.0037473156 0 0 0
volume_proxy 1335 0.347484089 -0.76236269 -0.00499825845 0 0 0
volume_proxy 1340 1.08395845 0.326800416 0.00538850093 0 0 0
volume_proxy 1380 0.0460412386 0.231887798 0.00476000191 0 0 0
volume_proxy 1386 0.148211978 0.808003684 0.00169654571 0 0 0
volume_proxy 1397 0.821565898 0.807491198 0.00386737059 0 0 0
volume_proxy 1403 0.447733102 0.188847968 0.00340403477 0 0 0
volume_proxy 1409 1.00852402 0.723087484 -0.00475489924 0 0 0
volume_proxy 1413 0.532995846 0.842559886 0.00247964536 0 0 0
volume_proxy 1418 -1.32738805 0.149145715 -0.0034000487 0 0 0
volume_proxy 1420 -1.30084586 -0.148677575 -0.00140198931 0 0 0
volume_proxy 1421 -1.327346 -0.175316052 0.0102586918 0 0 0
volume_proxy 1422 1.02086979 -0.917160726 0.00656862996 0 0 0
volume_proxy 1423 -0.610282629 0.596257543 0.0107304002 0 0 0
volume_proxy 1426 0.792305298 -0.714164288 -0.0020251803 0 0 0
volume_proxy 1429 1.10589467 -0.088781557 0.00454856585 0 0 0
volume_proxy 1433 1.02507805 0.477262239 -0.00151825022 0 0 0
volume_proxy 1434 0.299656905 -0.572619307 0.00967404301 0 0 0
volume_proxy 1437 -0.302733448 -0.374461656 0.00885219826 0 0 0
volume_proxy 1439 -0.350348899 0.83152493 -0.0094386019 0 0 0
volume_proxy 1440 0.595609989 -0.390925846 0.0103072199 0 0 0
volume_proxy 1444 -1.49457127 -0.862727177 -0.00348752742 0 0 0
volume_proxy 1445 0.371787926 -0.662929944 0.00498374121 0 0 0
volume_proxy 1447 1.45872894 -0.535286284 -0.00994429479 0 0 0
volume_proxy 1459 -0.53355872 0.824449136 0.0017478548 0 0 0
volume_proxy 1460 0.656637937 0.02810945 -0.00953394268 0 0 0
volume_proxy 1461 -0.999229849 0.528297224 -0.00772325612 0 0 0
volume_proxy 1462 -0.865581108 -0.578755363 -0.00355955785 0 0 0
volume_proxy 1466 -0.594178594 -0.854401264 -0.0022601743 0 0 0
volume_proxy 1470 -1.2862022 -0.666781903 -0.00462893744 0 0 0
volume_proxy 1471 -0.103853554 0.809694066 -0.00980377393 0 0 0
volume_proxy 1472 -0.933361763 0.650342289 -0.00593117832 0 0 0
volume_proxy 1474 1.05987727 -0.993725495 -0.00387261063 0 0 0
volume_proxy 1475 1.04766858 -0.108929495 0.00769908956 0 0 0
volume_proxy 1481 1.33547593 0.829009419 -0.000955690834 0 0 0
volume_proxy 1482 0.586217645 -0.876752128 0.00849424418 0 0 0
volume_proxy 1485 0.0766855587 -0.651077733 0.00240721396 0 0 0
volume_proxy 1486 1.17185139 -0.490635953 0.00536159936 0 0 0
volume_proxy 1489 -0.377763685 0.449965697 -0.00765116973 0 0 0
volume_proxy 1490 1.26672741 0.863111885 -0.00697251586 0 0 0
volume_proxy 1492 0.209244615 0.625911427 0.00479423473 0 0 0
volume_proxy 1493 0.285759511 0.305205347 -0.00245137614 0 0 0
volume_proxy 1494 0.882304397 0.711026416 0.00133466502 0 0 0
volume_proxy 1495 0.814608547 -0.648002123 -0.00615243548 0 0 0
volume_proxy 1496 -0.686968786 0.502396527 0.00873635296 0 0 0
volume_proxy 1497 0.257511156 0.56111057 0.00714324338 0 0 0
volume_proxy 1498 -1.24707184 0.584935293 0.00330068163 0 0 0
volume_proxy 1501 -0.893803892 -0.790433466 0.00851039638 0 0 0
volume_proxy 1502 -0.965496015 -0.56818879 0.00283058682 0 0 0
volume_proxy 1503 -0.594336283 0.343506719 -0.00828826077 0 0 0
volume_proxy 1505 -0.0659087621 0.920235195 0.00537802482 0 0 0
volume_proxy 1506 0.168398116 0.524183138 -0.00800409535 0 0 0
volume_proxy 1507 -0.691699375 -0.590749804 0.00524211327 0 0 0
volume_proxy 1508 -0.0786908753 -0.813925416 0.00504087651 0 0 0
volume_proxy 1509 -1.4222837 0.915880983 0.000159021775 0 0 0
