volume_proxy 0 0.725257769 0.0168362958 -0.00805398568 0 0 0
volume_proxy 1 -0.114376888 -0.985911772 -0.0085583172 0 0 0
volume_proxy 2 0.761345713 -0.374303809 -0.00337977289 0 0 0
volume_proxy 4 1.18844421 0.938995326 0.00303504813 0 0 0
volume_proxy 5 -0.487365727 0.303376717 0.00887951556 0 0 0
volume_proxy 6 1.25169672 0.2442507 -0.000820487158 0 0 0
volume_proxy 7 -0.459629702 0.0779375958 0.00670472526 0 0 0
volume_proxy 8 0.374368382 -0.844307204 -0.00852448319 0 0 0
volume_proxy 9 1.27973446 0.571856391 -0.0063684956 0 0 0
volume_proxy 11 -1.21797126 0.875045045 0.000820270269 0 0 0
volume_proxy 12 0.547550252 -0.400243851 -0.00415545894 0 0 0
volume_proxy 13 -0.833027004 -0.907895106 -0.00508667411 0 0 0
volume_proxy 14 0.471338202 0.050280507 -0.0043662121 0 0 0
volume_proxy 15 -0.254230089 -0.674689978 0.00849044063 0 0 0
volume_proxy 16 -1.19493635 0.833766631 0.00199925872 0 0 0
volume_proxy 17 -0.672308825 -0.160809274 -0.00853165675 0 0 0
volume_proxy 18 -1.46215704 -0.466663601 -0.0105804732 0 0 0
volume_proxy 19 -1.23172862 -0.662606057 0.00821501475 0 0 0
volume_proxy 21 -0.484889338 0.508181082 -0.00654077637 0 0 0
volume_proxy 22 1.19261692 0.109270281 -0.0093747441 0 0 0
volume_proxy 23 -0.735033956 0.0147142875 0.00515533359 0 0 0
volume_proxy 24 -0.851779072 0.545322098 -0.000987438199 0 0 0
volume_proxy 31 -0.700513901 -0.0322743397 -0.0019573137 0 0 0
volume_proxy 35 0.0432280767 0.688782154 -0.00579212061 0 0 0
volume_proxy 36 0.594336672 0.726628839 -0.00972545457 0 0 0
volume_proxy 37 -1.14597021 -0.636716425 0.00235207877 0 0 0
volume_proxy 38 0.57274294 0.0214640237 0.00786349628 0 0 0
volume_proxy 40 -0.102390552 -0.460566478 -0.00874319553 0 0 0
volume_proxy 42 1.48928064 -0.46762762 -0.00633624867 0 0 0
volume_proxy 45 0.190722687 0.661112578 -0.00659790451 0 0 0
volume_proxy 46 0.519518183 -0.992954462 0.00239230278 0 0 0
volume_proxy 47 1.17935051 0.395633393 -0.00171164072 0 0 0
volume_proxy 48 -0.269570251 -0.558921824 0.00887304929 0 0 0
volume_proxy 49 0.300840004 -0.413643527 0.0021817339 0 0 0
volume_proxy 50 -0.34061687 -0.965987827 0.00777920667 0 0 0
volume_proxy 51 -1.35207284 0.612839866 -0.00496483889 0 0 0
volume_proxy 52 -1.39005158 -0.88252483 -7.86143585e-06 0 0 0
volume_proxy 53 0.320369619 -0.306669035 -0.00694015321 0 0 0
volume_proxy 54 -0.790807207 0.586335567 -0.00821395649 0 0 0
volume_proxy 55 -1.0483534 -0.0163385701 0.00274011939 0 0 0
volume_proxy 56 -1.18906881 0.711131897 -0.00490487625 0 0 0
volume_proxy 57 -1.44436703 -0.192539627 0.010421861 0 0 0
volume_proxy 58 0.5120991 -0.680420752 0.00930636887 0 0 0
volume_proxy 59 -0.332524954 0.362037939 -0.000106961723 0 0 0
volume_proxy 60 -0.159274569 0.399538012 -0.00529411255 0 0 0
volume_proxy 61 -1.30604589 -0.185109203 -0.00125961742 0 0 0
volume_proxy 62 0.131565911 0.202202499 0.00858352146 0 0 0
volume_proxy 63 0.748166653 0.19038079 0.00143789033 0 0 0
volume_proxy 64 -0.461280682 -0.138620968 0.001299162 0 0 0
volume_proxy 66 0.32263511 0.614149004 -0.00983205548 0 0 0
volume_proxy 69 -0.705794517 -0.362976052 0.0039012443 0 0 0
volume_proxy 71 0.683306919 0.672459324 0.00675305437 0 0 0
volume_proxy 72 0.630656128 -0.0168182578 -6.87139638e-06 0 0 0
volume_proxy 73 0.956301204 -0.75012069 0.00462442729 0 0 0
volume_proxy 75 0.869350006 -0.732332118 -0.00657099646 0 0 0
volume_proxy 77 1.28189629 -0.0935287401 0.00578386337 0 0 0
volume_proxy 78 1.35150918 0.0577637291 -0.00480485699 0 0 0
volume_proxy 79 -0.720737983 0.235242893 -0.00583919049 0 0 0
volume_proxy 81 -1.10477272 0.971580779 0.00534387765 0 0 0
volume_proxy 84 -0.63755852 -0.18173215 0.0103774212 0 0 0
volume_proxy 85 -0.863419425 0.262197378 -0.00387028867 0 0 0
volume_proxy 86 0.456752396 -0.322522445 0.00553101876 0 0 0
volume_proxy 87 0.968103169 0.510861876 -0.00818674946 0 0 0
volume_proxy 88 -0.75606742 0.431418222 0.000726680721 0 0 0
volume_proxy 90 0.540472864 -0.703519827 -0.00283604168 0 0 0
volume_proxy 91 0.801868683 -0.794193029 0.00602549336 0 0 0
volume_proxy 93 0.209294124 0.299198459 -0.00718877515 0 0 0
volume_proxy 94 -0.543353613 -0.543047454 -0.00189582772 0 0 0
volume_proxy 96 0.857938141 -0.347854459 0.00702708483 0 0 0
volume_proxy 97 0.876276375 -0.0104540572 -0.00465730337 0 0 0
volume_proxy 100 -0.0272187127 -0.910376901 0.000781512519 0 0 0
volume_proxy 101 -0.810498707 0.112088416 0.00754684379 0 0 0
volume_proxy 102 0.231087715 -0.700736498 -0.00353214783 0 0 0
volume_proxy 103 0.69811195 -0.631096648 -0.000435554681 0 0 0
volume_proxy 104 0.598686696 0.941199535 -0.00448386999 0 0 0
volume_proxy 105 -0.392246265 -0.514167011 -0.00962886962 0 0 0
volume_proxy 106 0.13994491 -0.93533777 0.00782112684 0 0 0
volume_proxy 107 0.277180469 0.247018868 -0.00732840023 0 0 0
volume_proxy 108 1.36297147 -0.302006545 -0.00944494427 0 0 0
volume_proxy 111 0.483758579 0.140000839 0.00246175764 0 0 0
volume_proxy 112 0.976000599 0.220732402 -0.00150335254 0 0 0
volume_proxy 113 -0.780502057 -0.0574007383 -0.00563526235 0 0 0
volume_proxy 114 -0.923282334 -0.105741082 0.00869820511 0 0 0
volume_proxy 116 -1.26078375 -0.974729719 -0.000130680142 0 0 0
volume_proxy 121 0.581612756 0.765593161 0.00176333993 0 0 0
volume_proxy 123 0.445491742 -0.662777042 0.00439419743 0 0 0
volume_proxy 124 -0.6269936 0.216798758 0.00352340341 0 0 0
volume_proxy 125 -0.875349557 -0.728351318 -0.00382552734 0 0 0
volume_proxy 126 -0.276934515 -0.395107541 0.00323625083 0 0 0
volume_proxy 127 0.0266920192 -0.115385544 -0.00235190294 0 0 0
volume_proxy 130 0.725036063 -0.244842571 0.00243139486 0 0 0
volume_proxy 131 0.792427276 0.0150082414 -0.0084078105 0 0 0
volume_proxy 132 0.302993066 0.607784963 0.0105484482 0 0 0
volume_proxy 135 0.355654011 -0.319118631 0.000206046727 0 0 0
volume_proxy 138 0.565050575 -0.750487523 0.00885913905 0 0 0
volume_proxy 140 -0.55827606 0.632373938 -0.00763804995 0 0 0
volume_proxy 141 1.27847114 -0.581312889 0.00201174925 0 0 0
volume_proxy 144 -1.39890895 0.0484754924 0.00901078786 0 0 0
volume_proxy 145 -0.638800949 -0.570207046 -0.00282877652 0 0 0
volume_proxy 146 1.25731983 -0.532460453 -0.00712988131 0 0 0
volume_proxy 149 -1.23026509 0.658600925 -0.00948255399 0 0 0
volume_proxy 155 0.716811938 0.451920167 -0.00852678005 0 0 0
volume_proxy 157 0.896717663 0.147053838 -0.00491582097 0 0 0
volume_proxy 159 0.251436761 -0.314081199 -0.00786330947 0 0 0
volume_proxy 161 0.151027702 -0.0415843488 -0.00941543143 0 0 0
volume_proxy 163 -1.47638465 0.783078587 0.00271631878 0 0 0
volume_proxy 167 0.000704189399 -0.130956278 -0.00127041215 0 0 0
volume_proxy 168 0.883451006 0.623811145 -0.00126338101 0 0 0
volume_proxy 169 0.847649642 -0.162685793 0.00407267393 0 0 0
volume_proxy 170 0.970540997 -0.621818198 -0.00284123995 0 0 0
volume_proxy 171 -0.688621043 0.515667931 -0.00448932521 0 0 0
volume_proxy 173 -0.0776251006 0.485128372 -0.00376589361 0 0 0
volume_proxy 174 0.886230342 -0.55186959 0.00332056728 0 0 0
volume_proxy 176 0.033938453 -0.167010599 -0.000698761723 0 0 0
volume_proxy 178 -0.792023542 0.00875976828 0.00407493299 0 0 0
volume_proxy 181 0.176055549 -0.625307405 0.00620372973 0 0 0
volume_proxy 183 1.00677011 -0.705317508 0.00761686663 0 0 0
volume_proxy 186 -0.45593871 -0.783199388 0.00350208195 0 0 0
volume_proxy 187 -0.466759131 0.528921497 -0.00408164092 0 0 0
volume_proxy 189 -0.963612247 0.247579504 0.00023274699 0 0 0
volume_proxy 192 0.245533557 -0.191218097 0.00541990873 0 0 0
volume_proxy 194 -0.238320875 -0.720545041 -0.00283689096 0 0 0
volume_proxy 195 -1.16156966 0.644083525 -0.00082411167 0 0 0
volume_proxy 196 0.722060771 0.554156626 0.00379667578 0 0 0
volume_proxy 197 -0.478949652 -0.81377115 0.00590748562 0 0 0
volume_proxy 198 0.748821523 -0.901721664 0.00776680148 0 0 0
volume_proxy 200 -1.02984072 0.0594162644 0.001674374 0 0 0
volume_proxy 201 -1.30443284 0.345161517 -0.0050017488 0 0 0
volume_proxy 202 -0.311253581 0.827951758 -0.00174162816 0 0 0
volume_proxy 204 -1.007123 -0.223624683 -0.00443973589 0 0 0
volume_proxy 206 0.566117503 0.0453920951 -0.00372413794 0 0 0
volume_proxy 208 -1.48825532 0.842566047 0.009933749 0 0 0
volume_proxy 209 -1.05845873 -0.853999418 0.00880399313 0 0 0
volume_proxy 210 0.335696452 0.231060446 -0.00307982188 0 0 0
volume_proxy 212 1.11128429 -0.352158377 0.00856121264 0 0 0
volume_proxy 213 0.0465024895 -0.711806093 0.00124261878 0 0 0
volume_proxy 219 -0.288013445 0.291069254 -0.00861498999 0 0 0
volume_proxy 223 -1.32851367 0.444076272 -0.00941612713 0 0 0
volume_proxy 224 0.66294134 -0.707438147 -0.00653569948 0 0 0
volume_proxy 225 -0.91801133 0.163581519 0.00167210421 0 0 0
volume_proxy 226 -0.687634634 -0.509154321 0.00635627123 0 0 0
volume_proxy 227 -0.553682146 -0.701768493 0.00594298982 0 0 0
volume_proxy 228 -0.434027295 0.0904529998 0.00336175196 0 0 0
volume_proxy 229 0.569405141 -0.148248469 -0.00986075514 0 0 0
volume_proxy 230 -0.160517038 0.780119829 -0.00397402556 0 0 0
volume_proxy 231 0.619485875 0.0216869152 -0.000104755899 0 0 0
volume_proxy 232 0.806087462 0.635497889 -0.00154850558 0 0 0
volume_proxy 233 1.26906711 0.915573396 0.00715941815 0 0 0
volume_proxy 235 -0.805323639 -0.798302939 0.00420783503 0 0 0
volume_proxy 236 1.19776172 0.149580714 0.00413886777 0 0 0
volume_proxy 237 0.364080167 0.639365859 -0.00721084246 0 0 0
volume_proxy 238 0.197008897 -0.222201356 -0.00525791113 0 0 0
volume_proxy 239 0.578640089 -0.0213099288 -0.0057699344 0 0 0
volume_proxy 240 0.215510652 -0.0197348949 0.00835038147 0 0 0
volume_proxy 242 1.37859909 0.41947025 -8.21756313e-05 0 0 0
volume_proxy 244 0.0575857567 0.378854848 -0.00587594302 0 0 0
volume_proxy 245 0.12048081 -0.349020854 0.00303251698 0 0 0
volume_proxy 246 -0.924343349 -0.28806715 0.00966744162 0 0 0
volume_proxy 247 1.07740655 -0.713134439 0.00846103039 0 0 0
volume_proxy 251 0.490638651 0.790041045 0.00118444133 0 0 0
volume_proxy 252 -0.725561712 -0.835180746 -0.00117016815 0 0 0
volume_proxy 254 -1.4429803 0.624816213 0.0066103078 0 0 0
volume_proxy 256 0.196574991 -0.062120922 -0.00151106415 0 0 0
volume_proxy 257 -0.316499135 0.463318732 -0.00316047211 0 0 0
volume_proxy 258 0.237728719 -0.192394291 -0.00926478915 0 0 0
volume_proxy 259 -0.0850034759 -0.0200426372 -0.00407020748 0 0 0
volume_proxy 260 -0.0548786009 0.926198481 0.00233406259 0 0 0
volume_proxy 262 -0.964945515 0.0484163164 0.00671058357 0 0 0
volume_proxy 268 -0.0518265137 0.156934635 0.00590925153 0 0 0
volume_proxy 269 0.858366056 -0.226523992 0.00514688845 0 0 0
volume_proxy 271 -1.30924566 0.126473575 -0.0101414472 0 0 0
volume_proxy 272 -0.011932861 -0.875583254 0.00376395972 0 0 0
volume_proxy 273 1.44463605 0.793394902 -0.00836317894 0 0 0
volume_proxy 274 -0.488118545 -0.0167048142 -0.00446693944 0 0 0
volume_proxy 276 0.339115426 0.195053599 0.00888961142 0 0 0
volume_proxy 277 -0.73934145 -0.487357115 0.00160559042 0 0 0
volume_proxy 279 -0.812583233 -0.86764199 -0.00799825678 0 0 0
volume_proxy 281 -1.14526041 0.821252964 0.00457673741 0 0 0
volume_proxy 282 0.601506757 -0.448986852 0.00769397927 0 0 0
volume_proxy 284 -1.30631744 0.519876254 -0.0104461242 0 0 0
volume_proxy 285 -0.531881531 -0.5262455 0.00917486408 0 0 0
volume_proxy 292 -0.966379166 -0.631925781 -0.00748875035 0 0 0
volume_proxy 293 1.42902411 0.459545755 -0.00919271457 0 0 0
volume_proxy 294 -0.576854785 0.792710339 0.00773444408 0 0 0
volume_proxy 295 -0.0356934371 -0.581662018 -0.00275921543 0 0 0
volume_proxy 296 0.173512502 -0.323955849 0.003085572 0 0 0
volume_proxy 297 0.81764725 0.111189611 -0.00261466264 0 0 0
volume_proxy 298 0.523857299 -0.674522705 -0.00935367875 0 0 0
volume_proxy 299 -1.20432547 0.806899979 0.00374767718 0 0 0
volume_proxy 303 -0.0225128117 -0.267177475 0.0102904529 0 0 0
volume_proxy 304 -1.10012329 0.932443456 0.00388266085 0 0 0
volume_proxy 305 0.563326902 0.599043962 -0.00438276164 0 0 0
volume_proxy 307 -1.21203157 -0.173588423 -0.00153816611 0 0 0
volume_proxy 308 0.610015683 -0.815458242 0.0104266171 0 0 0
volume_proxy 309 0.451336958 0.598352701 -0.0065193188 0 0 0
volume_proxy 310 0.827795696 -0.0549478026 0.00911577536 0 0 0
volume_proxy 311 -0.099979484 -0.714997503 0.00838499583 0 0 0
volume_proxy 312 0.171274496 -0.095797885 0.00720111988 0 0 0
volume_proxy 313 0.923985876 0.911932479 0.00161792142 0 0 0
volume_proxy 314 -0.370329278 -0.272747807 0.0079238945 0 0 0
volume_proxy 315 -0.146365801 0.348830972 -0.0042485782 0 0 0
volume_proxy 316 0.0386200834 -0.202890513 -0.0101190973 0 0 0
volume_proxy 318 -1.0280018 -0.134288365 0.00567352892 0 0 0
volume_proxy 319 -0.13871344 -0.674863161 0.00365522254 0 0 0
volume_proxy 321 -0.239516321 -0.948515666 0.00408808215 0 0 0
volume_proxy 322 0.462787672 0.702106731 -0.00459637545 0 0 0
volume_proxy 324 -0.927430932 -0.876130055 0.000887113435 0 0 0
volume_proxy 326 -0.840150402 0.576905726 0.00525700216 0 0 0
volume_proxy 327 1.35168495 -0.819015427 -0.00504554089 0 0 0
volume_proxy 329 0.250667619 0.828458925 -0.00162262214 0 0 0
volume_proxy 330 0.548777215 -0.345325326 -0.00291576358 0 0 0
volume_proxy 331 -1.3085024 0.346804935 0.00133540253 0 0 0
volume_proxy 333 -1.43684583 -0.742881118 9.00724847e-05 0 0 0
volume_proxy 334 0.611540087 -0.660047284 0.00857846909 0 0 0
volume_proxy 335 -0.961175965 -0.354778066 -0.00156583302 0 0 0
volume_proxy 337 -0.86139272 0.452091899 -0.00031838924 0 0 0
volume_proxy 338 -0.320601705 -0.17433683 0.0106751793 0 0 0
volume_proxy 339 -0.620317116 -0.340170288 0.00872825241 0 0 0
volume_proxy 340 0.123292533 0.791844344 0.00245494697 0 0 0
volume_proxy 341 0.990550599 0.574823099 0.00124695458 0 0 0
volume_proxy 342 -0.148637254 -0.0471720007 -0.0100290064 0 0 0
volume_proxy 343 -0.097134575 0.749851613 -0.0100823263 0 0 0
volume_proxy 344 0.711105178 0.116105456 -0.00949143134 0 0 0
volume_proxy 345 -0.793598434 0.0593781598 -0.00927113636 0 0 0
volume_proxy 347 0.118786546 0.0665909224 -0.00832883483 0 0 0
volume_proxy 349 -0.067801367 0.123008147 0.00259344277 0 0 0
volume_proxy 350 -0.821084568 0.570175595 0.0011980149 0 0 0
volume_proxy 351 -1.46609153 -0.0223202693 -0.00526346871 0 0 0
volume_proxy 352 1.31988222 0.466161478 0.0101352275 0 0 0
volume_proxy 353 0.0323765843 0.493007474 -0.0102146506 0 0 0
volume_proxy 355 0.957114641 0.0328287344 0.00161230551 0 0 0
volume_proxy 356 0.687666159 0.218169131 -0.00239182062 0 0 0
volume_proxy 357 -1.01128962 -0.788310225 0.00389798135 0 0 0
volume_proxy 358 1.24572964 0.826438712 0.00657417544 0 0 0
volume_proxy 359 0.410607394 0.0122092051 -0.00166409971 0 0 0
volume_proxy 361 0.11952796 -0.524439516 -0.00855555148 0 0 0
volume_proxy 363 1.2056619 0.740432562 -0.00545576803 0 0 0
volume_proxy 370 1.4868273 0.224341534 -0.0046660479 0 0 0
volume_proxy 371 -1.25732015 0.321166512 0.00988598709 0 0 0
volume_proxy 372 0.319162072 0.0127583549 -0.00324508912 0 0 0
volume_proxy 373 1.08537155 -0.0345289328 -0.0025432743 0 0 0
volume_proxy 374 1.25481011 -0.923594821 0.00695245343 0 0 0
volume_proxy 375 1.09625334 0.406826241 0.00147392105 0 0 0
volume_proxy 376 0.227126952 -0.119135743 0.00772984715 0 0 0
volume_proxy 377 0.589191948 -0.623481241 -0.00506818463 0 0 0
volume_proxy 379 -1.44313605 0.299918275 0.000776523135 0 0 0
volume_proxy 380 -0.688888723 -0.573890039 -0.000493720946 0 0 0
volume_proxy 382 -0.366167359 -0.427255079 0.00371249234 0 0 0
volume_proxy 383 0.103958909 -0.828088735 0.00243318634 0 0 0
volume_proxy 384 0.0538548537 0.764098235 0.00482595221 0 0 0
volume_proxy 387 -0.212625414 0.313857006 -2.37990377e-05 0 0 0
volume_proxy 388 -1.27620478 0.189737391 0.00838666232 0 0 0
volume_proxy 389 -0.136367189 0.32327342 0.00782705914 0 0 0
volume_proxy 390 -1.45187411 -0.461622083 0.00643802879 0 0 0
volume_proxy 391 -1.41181044 0.742223172 0.0107138721 0 0 0
volume_proxy 392 -0.491494814 0.665097828 0.00439090046 0 0 0
volume_proxy 393 1.13994206 0.050662616 -0.000251751147 0 0 0
volume_proxy 394 -0.898884419 0.824551006 0.00578996166 0 0 0
volume_proxy 395 -0.1977579 -0.686179076 0.00802094304 0 0 0
volume_proxy 396 -0.958285379 0.687908022 -0.000628803754 0 0 0
volume_proxy 397 1.179835 0.298080309 0.00526084119 0 0 0
volume_proxy 399 0.776566034 -0.994617432 0.00421571534 0 0 0
volume_proxy 400 -0.667524448 -0.399456157 0.00330881399 0 0 0
volume_proxy 401 0.478762337 0.26382616 -0.00078268494 0 0 0
volume_proxy 402 -0.823349177 -0.371686274 -0.00307840428 0 0 0
volume_proxy 404 -0.126984714 -0.876955212 0.00714816037 0 0 0
volume_proxy 405 0.958088753 -0.15893592 0.00224819729 0 0 0
volume_proxy 406 1.09180452 -0.097742162 0.00662875112 0 0 0
volume_proxy 408 0.259439921 -0.555769091 0.00755956089 0 0 0
volume_proxy 409 0.0445243274 -0.685043326 -0.00819378222 0 0 0
volume_proxy 411 0.0111707101 0.266247307 0.000237500494 0 0 0
volume_proxy 412 1.39862967 0.038678231 -0.00343458237 0 0 0
volume_proxy 413 0.337892082 0.375032114 0.00590940983 0 0 0
volume_proxy 414 1.45493532 0.579106321 0.00989834106 0 0 0
volume_proxy 415 -0.981624025 -0.825034597 0.000126089843 0 0 0
volume_proxy 418 0.0703619188 -0.521387208 -0.0050066056 0 0 0
volume_proxy 419 -1.1555806 -0.445316133 -0.00610990135 0 0 0
volume_proxy 421 -0.306670101 -0.901733467 0.00337538727 0 0 0
volume_proxy 422 -0.335901608 0.204493711 0.00734657721 0 0 0
volume_proxy 424 0.809723095 0.994099123 -0.00120606342 0 0 0
volume_proxy 425 0.212012477 -0.214684818 -0.00874229924 0 0 0
volume_proxy 430 0.683405955 0.532134084 -0.00677783305 0 0 0
volume_proxy 431 -1.45985646 -0.916653933 -0.00596826452 0 0 0
volume_proxy 434 -0.587196401 -0.366501927 -0.00835303343 0 0 0
volume_proxy 435 -1.4486089 -0.947692331 -0.0100694639 0 0 0
volume_proxy 438 -0.315364102 0.0191770454 -0.00635262644 0 0 0
volume_proxy 440 0.277235573 -0.665686614 -0.000316740139 0 0 0
volume_proxy 442 -0.2704295 -0.731722506 0.00651053808 0 0 0
volume_proxy 443 1.0598914 -0.587423926 0.00822861877 0 0 0
volume_proxy 444 0.817863824 -0.773023315 -0.00192858306 0 0 0
volume_proxy 445 -1.27679235 -0.672672476 -0.00614299904 0 0 0
volume_proxy 448 -0.634387591 0.207691915 -0.00829593666 0 0 0
volume_proxy 451 0.550380267 -0.483057726 -0.00390302777 0 0 0
volume_proxy 453 -1.30658471 0.562572228 -0.00539481258 0 0 0
volume_proxy 455 1.07368034 0.360433504 -0.00679033464 0 0 0
volume_proxy 456 0.574115784 -0.733817182 0.00510403019 0 0 0
volume_proxy 457 -1.42762165 0.661575103 -0.000775231789 0 0 0
volume_proxy 459 -0.667766871 0.381341378 -0.0103971466 0 0 0
volume_proxy 462 -0.545319785 -0.519641418 0.00496959171 0 0 0
volume_proxy 463 0.497338293 -0.614440587 -0.00794460781 0 0 0
volume_proxy 468 0.373009644 0.300510009 0.00331473045 0 0 0
volume_proxy 470 1.27790157 0.890498153 -0.00106269129 0 0 0
volume_proxy 471 0.628297088 -0.896500098 0.00754444797 0 0 0
volume_proxy 472 1.01234661 0.771432177 0.00983216533 0 0 0
volume_proxy 481 0.432859572 -0.57696876 -0.00844265717 0 0 0
volume_proxy 484 0.346631763 -0.583720161 0.000548806305 0 0 0
volume_proxy 487 -0.488352794 0.992095679 -0.00691735158 0 0 0
volume_proxy 488 -1.00919877 -0.882646719 0.00918350266 0 0 0
volume_proxy 489 -0.761913912 -0.744096742 9.77415374e-05 0 0 0
volume_proxy 492 1.23102203 -0.976123036 -0.00255249004 0 0 0
volume_proxy 493 -1.08706107 -0.514408314 -0.0011828982 0 0 0
volume_proxy 494 -0.485717592 0.754986598 0.00621967594 0 0 0
volume_proxy 495 -0.725851756 -0.253686821 0.00787682994 0 0 0
volume_proxy 497 -1.42864988 -0.802436979 0.00431086794 0 0 0
volume_proxy 499 1.36724887 -0.851567744 0.0080516183 0 0 0
volume_proxy 500 -1.0812814 -0.204390116 0.00842003571 0 0 0
volume_proxy 501 -1.26593541 0.984689038 0.000228265871 0 0 0
volume_proxy 502 0.808906195 -0.352757432 -0.00501940932 0 0 0
volume_proxy 503 -0.146534045 0.29992298 0.00787657813 0 0 0
volume_proxy 504 1.43937559 0.555919986 0.00834081392 0 0 0
volume_proxy 506 0.884038117 -0.418780678 0.0104236127 0 0 0
volume_proxy 508 1.03374847 0.81112161 0.00624771707 0 0 0
volume_proxy 510 -0.148641734 -0.517319971 -0.00324334816 0 0 0
volume_proxy 512 0.465713784 -0.504718246 0.00787769292 0 0 0
volume_proxy 513 0.466783906 -0.289139457 -0.00440893378 0 0 0
volume_proxy 518 0.950895268 -0.582372996 -0.000926483105 0 0 0
volume_proxy 519 -1.12179596 0.972887411 -0.00722499738 0 0 0
volume_proxy 525 -0.0354100636 0.572679243 0.00294118148 0 0 0
volume_proxy 526 0.8019424 0.764069048 -0.0023822703 0 0 0
volume_proxy 527 -0.60493545 -0.305633016 0.00549754403 0 0 0
volume_proxy 529 0.970796174 -0.704629193 -0.00021674107 0 0 0
volume_proxy 531 0.171276322 0.41241715 -0.00866629861 0 0 0
volume_proxy 533 -0.8836198 -0.584457852 0.00633103364 0 0 0
volume_proxy 534 -0.486603083 -0.937704873 0.00686205578 0 0 0
volume_proxy 537 -1.22385418 0.15942995 -0.00622735192 0 0 0
volume_proxy 540 0.520290379 -0.783265825 0.0101882691 0 0 0
volume_proxy 544 0.446963101 0.75427531 -0.00236198416 0 0 0
volume_proxy 546 -0.980303784 -0.622912756 0.00818402667 0 0 0
volume_proxy 547 1.25036352 0.44983994 -0.0107966726 0 0 0
volume_proxy 549 0.329834457 -0.772292256 0.00253700928 0 0 0
volume_proxy 550 0.298930209 -0.0291122136 0.00275863483 0 0 0
volume_proxy 552 -0.0364120436 -0.614390062 -0.00937904052 0 0 0
volume_proxy 554 0.116014919 -0.196747078 0.00350987022 0 0 0
volume_proxy 558 0.333847417 -0.755027609 -0.00173868362 0 0 0
volume_proxy 559 1.06232267 0.875493371 -0.0013415138 0 0 0
volume_proxy 561 1.06429313 0.706864658 0.00804448263 0 0 0
volume_proxy 562 -0.784513909 0.643081045 -0.00772560158 0 0 0
volume_proxy 563 -0.689770738 0.806713797 -0.002512689 0 0 0
volume_proxy 565 -0.295221352 0.046237533 0.0034361821 0 0 0
volume_proxy 568 -0.459855154 0.301277508 0.00791577899 0 0 0
volume_proxy 571 1.09947574 0.937845996 -0.00518224591 0 0 0
volume_proxy 572 0.153139505 -0.599665019 0.00934059111 0 0 0
volume_proxy 574 0.0811997869 -0.496688969 -0.00881972208 0 0 0
volume_proxy 575 -1.45357383 0.959706148 -0.00967570371 0 0 0
volume_proxy 578 -0.506447079 0.739545203 0.00835994709 0 0 0
volume_proxy 579 -0.944943818 0.706486699 -0.00484524575 0 0 0
volume_proxy 581 0.545777447 0.959838202 0.00564560278 0 0 0
volume_proxy 582 1.15836682 -0.399870327 0.00495057362 0 0 0
volume_proxy 584 -1.00560047 0.193273308 0.00161618625 0 0 0
volume_proxy 585 0.323858784 -0.98904758 0.00211634152 0 0 0
volume_proxy 590 1.45297517 -0.0266249086 0.00666924296 0 0 0
volume_proxy 591 -0.705480391 -0.384528974 0.00255551222 0 0 0
volume_proxy 594 -0.87622931 -0.256190699 -0.00945725998 0 0 0
volume_proxy 595 0.800327564 0.914079438 0.00801224236 0 0 0
volume_proxy 600 0.859314644 0.745361138 -0.0098841282 0 0 0
volume_proxy 602 -0.141467391 -0.349971743 0.0060086671 0 0 0
volume_proxy 603 0.0212789196 -0.527008945 -0.00596932555 0 0 0
volume_proxy 604 -0.716643244 0.485726651 0.00794204467 0 0 0
volume_proxy 606 -0.436424209 0.627045801 -0.00882563479 0 0 0
volume_proxy 608 -0.491866157 -0.850449517 -0.0106919344 0 0 0
volume_proxy 610 -1.40211283 -0.0448219219 -0.00266497102 0 0 0
volume_proxy 613 -1.02473496 -0.914811194 0.00337957645 0 0 0
volume_proxy 614 -0.75843706 0.0912527094 -0.00859309927 0 0 0
volume_proxy 615 1.43034911 -0.809138176 -0.0075381791 0 0 0
volume_proxy 616 1.47890022 -0.336894743 -0.00330086023 0 0 0
volume_proxy 621 0.267069599 -0.827255895 0.00816626306 0 0 0
volume_proxy 623 -1.06179114 0.434505702 0.00413468747 0 0 0
volume_proxy 624 0.74908646 0.567662512 -0.00729083386 0 0 0
volume_proxy 625 -1.39338999 0.0867943523 0.00798682187 0 0 0
volume_proxy 626 1.04223795 0.446620698 0.00513246754 0 0 0
volume_proxy 627 0.663040097 -0.614191102 0.00464128503 0 0 0
volume_proxy 628 -0.0623582293 -0.38669496 -0.00341791683 0 0 0
volume_proxy 630 -0.889185168 -0.98115891 -0.0105221325 0 0 0
volume_proxy 631 -1.09170097 -0.604328307 0.0099857972 0 0 0
volume_proxy 632 0.222973005 0.311018585 0.00719852545 0 0 0
volume_proxy 633 0.142490353 -0.0316368912 -0.00124706842 0 0 0
volume_proxy 634 -0.9136964 0.266282259 -0.00886410261 0 0 0
volume_proxy 636 1.10290888 -0.61523503 0.00366306007 0 0 0
volume_proxy 637 -0.828691857 -0.929929688 -0.00676865438 0 0 0
volume_proxy 638 -0.645783113 0.788237306 0.00810251785 0 0 0
volume_proxy 639 -0.588878913 0.010987796 -0.00718190318 0 0 0
volume_proxy 642 1.01607525 -0.0988293948 -0.00834856612 0 0 0
volume_proxy 644 -0.546466966 0.850401209 0.00998164651 0 0 0
volume_proxy 645 -0.470679053 0.511447325 -0.00300147107 0 0 0
volume_proxy 647 -0.0930239045 0.370087132 0.00828473709 0 0 0
volume_proxy 656 0.177948474 -0.343124179 -0.000141537823 0 0 0
volume_proxy 660 1.42561528 0.719290541 0.00590746677 0 0 0
volume_proxy 663 0.38474814 -0.28334966 0.00395465283 0 0 0
volume_proxy 664 1.45848306 -0.884859693 -0.00640436756 0 0 0
volume_proxy 665 -0.937931101 -0.825304557 -0.00522645847 0 0 0
volume_proxy 666 -0.349703156 0.350013699 -0.00250765223 0 0 0
volume_proxy 668 -0.923296368 0.698102129 0.00845839131 0 0 0
volume_proxy 669 1.27870748 -0.23998486 0.010486295 0 0 0
volume_proxy 674 -1.28785669 -0.929507136 0.00060706955 0 0 0
volume_proxy 675 -0.929984528 0.255647995 -0.000183739566 0 0 0
volume_proxy 677 0.216008005 0.609611728 -0.00450806601 0 0 0
volume_proxy 678 -1.01801799 0.00511368193 -0.00218883757 0 0 0
volume_proxy 680 1.34238834 -0.0531172171 0.00227925064 0 0 0
volume_proxy 682 -0.0362024206 0.668598811 0.00325162388 0 0 0
volume_proxy 683 0.119161161 0.736613125 0.00812279244 0 0 0
volume_proxy 688 -0.12660594 0.367955579 0.00165532423 0 0 0
volume_proxy 691 1.21365671 0.171344597 -0.00593926494 0 0 0
volume_proxy 692 -1.32820411 -0.81383007 -0.0104804943 0 0 0
volume_proxy 693 0.184810612 0.510064379 -0.00409330032 0 0 0
volume_proxy 696 0.845093923 -0.733260231 -0.00250227817 0 0 0
volume_proxy 698 0.0742457767 0.73601154 -0.00351555729 0 0 0
volume_proxy 699 0.358323255 0.903971936 0.00314006793 0 0 0
volume_proxy 700 0.867269781 -0.339069203 0.000857957763 0 0 0
volume_proxy 701 -0.760718481 0.821856562 0.00173342543 0 0 0
volume_proxy 702 0.0291441825 -0.25755857 0.0084044613 0 0 0
volume_proxy 703 -1.39053566 -0.732176032 0.00159930615 0 0 0
volume_proxy 704 1.2163071 -0.075523874 -0.00901840362 0 0 0
volume_proxy 708 -1.46684668 0.389918364 0.00339289876 0 0 0
volume_proxy 710 0.25528912 0.593848953 -0.00920753728 0 0 0
volume_proxy 711 0.39133843 0.193533313 -0.00959133835 0 0 0
volume_proxy 712 0.191642324 -0.503761146 -0.00236164642 0 0 0
volume_proxy 720 1.44742838 0.959542028 -0.00603402872 0 0 0
volume_proxy 722 0.426700916 0.875920734 0.00443463623 0 0 0
volume_proxy 725 -0.929597769 -0.812607035 0.00698131879 0 0 0
volume_proxy 726 -0.331659532 0.0722909889 0.00481422976 0 0 0
volume_proxy 728 -0.272153185 -0.900573252 -0.004830523 0 0 0
volume_proxy 730 -0.879904059 -0.79541291 0.00823768283 0 0 0
volume_proxy 731 -0.7763699 -0.328438233 -0.00697341501 0 0 0
volume_proxy 734 1.29848844 0.390817639 0.00663587911 0 0 0
volume_proxy 735 -0.546469301 0.000413190345 -0.00452778544 0 0 0
volume_proxy 737 -0.0250795203 -0.701173072 -0.00732061417 0 0 0
volume_proxy 738 -0.149132876 -0.987536879 0.00100277726 0 0 0
volume_proxy 740 0.158356574 0.225065895 -0.00801159924 0 0 0
volume_proxy 751 0.111035596 -0.862935272 -0.00927647065 0 0 0
volume_proxy 756 0.385351344 -0.342212381 -0.00853925866 0 0 0
volume_proxy 757 0.0313292471 0.41930868 -0.00557305332 0 0 0
volume_proxy 758 0.97247143 0.687536238 0.00768272196 0 0 0
volume_proxy 761 -0.116343466 0.1461453 0.00193842704 0 0 0
volume_proxy 762 -1.01292249 0.943596341 -0.000355239125 0 0 0
volume_proxy 764 -0.03389796 0.0692532752 -0.00578450298 0 0 0
volume_proxy 765 0.322555546 0.71940819 -0.00970270096 0 0 0
volume_proxy 768 -1.02592954 -0.713520566 -0.00618794474 0 0 0
volume_proxy 769 -0.0114765622 -0.0536811986 -0.00934490911 0 0 0
volume_proxy 776 1.32364636 0.0936109961 0.00483898141 0 0 0
volume_proxy 777 0.710370825 -0.853641209 0.00459783943 0 0 0
volume_proxy 779 -0.0734723372 0.142135591 -0.00785033927 0 0 0
volume_proxy 780 -0.726214306 0.343399414 -0.00948796279 0 0 0
volume_proxy 781 -0.814287041 0.45747127 -8.96186907e-05 0 0 0
volume_proxy 784 1.42220963 0.279324008 0.00711580385 0 0 0
volume_proxy 788 -0.684311298 0.161087303 -0.0103838069 0 0 0
volume_proxy 789 -0.536206208 0.183972296 -0.00867281644 0 0 0
volume_proxy 790 0.00389392736 0.167099698 -0.00385195217 0 0 0
volume_proxy 791 0.547252549 -0.294235571 0.00616829555 0 0 0
volume_proxy 794 0.777904651 0.805675296 -0.00847233318 0 0 0
volume_proxy 795 0.871291568 -0.965220954 0.00863678839 0 0 0
volume_proxy 796 -1.15277862 0.867734471 0.0069675957 0 0 0
volume_proxy 797 -1.05948088 -0.22750777 0.00480971058 0 0 0
volume_proxy 799 -1.44937704 0.0754329282 -0.00998021891 0 0 0
volume_proxy 800 -1.4143778 0.906483703 -0.00647192956 0 0 0
volume_proxy 802 0.33103447 0.0466191419 0.00450662889 0 0 0
volume_proxy 803 -0.910096984 0.714956858 0.0022783318 0 0 0
volume_proxy 804 0.596329678 0.410394083 -0.0073619586 0 0 0
volume_proxy 810 0.734671694 0.395834436 0.00780595351 0 0 0
volume_proxy 811 0.833358098 0.525140052 -0.00613446447 0 0 0
volume_proxy 812 0.997533083 0.796464542 -0.00540277555 0 0 0
volume_proxy 814 0.942060517 -0.0974238796 -0.00609763601 0 0 0
volume_proxy 816 -0.945266695 -0.691649521 0.00532704152 0 0 0
volume_proxy 817 -1.45210303 0.762207206 -0.00973142963 0 0 0
volume_proxy 820 -0.37442251 0.115741843 0.00734318484 0 0 0
volume_proxy 821 0.737544683 0.789343429 0.00051780976 0 0 0
volume_proxy 822 0.171740985 -0.544032391 0.000667623473 0 0 0
volume_proxy 824 1.44115338 -0.623631228 0.0090834812 0 0 0
volume_proxy 825 1.09070662 0.975122916 0.00782188914 0 0 0
volume_proxy 826 -0.124289555 0.49412707 0.000638345236 0 0 0
volume_proxy 827 1.34906454 0.0786542139 -0.0102318803 0 0 0
volume_proxy 829 0.825631035 0.771513235 -0.00189429931 0 0 0
volume_proxy 831 -1.4038685 0.890376254 0.00378741265 0 0 0
volume_proxy 833 -0.652933035 -0.22684781 0.00888031554 0 0 0
volume_proxy 834 -0.759498471 -0.0395310478 -0.00584931001 0 0 0
volume_proxy 835 0.107619439 -0.831485102 0.00758852545 0 0 0
volume_proxy 837 -0.307609246 -0.196253315 0.0042886201 0 0 0
volume_proxy 838 1.25342272 -0.0914635608 -0.00150362804 0 0 0
volume_proxy 839 0.0868622765 -0.291247655 0.0102091213 0 0 0
volume_proxy 840 -1.27414839 0.602994154 -0.00192095246 0 0 0
volume_proxy 841 -0.660822554 0.685114177 0.00911931156 0 0 0
volume_proxy 842 1.41312808 -0.34848227 -0.00355445383 0 0 0
volume_proxy 843 -1.28253558 0.99624347 -0.00778071145 0 0 0
volume_proxy 846 1.35689001 0.0449404519 0.00739196172 0 0 0
volume_proxy 848 -1.1667121 -0.159089188 0.00274044552 0 0 0
volume_proxy 849 0.919530639 -0.572330118 0.00298647259 0 0 0
volume_proxy 852 -0.136470164 0.637019468 -0.00966525279 0 0 0
volume_proxy 853 0.894225448 -0.348702609 -0.00446477618 0 0 0
volume_proxy 854 -0.112434676 0.959973041 -0.00972216613 0 0 0
volume_proxy 855 -0.719673118 0.874848293 -0.0102999666 0 0 0
volume_proxy 856 0.96985405 0.306504708 0.0011517001 0 0 0
volume_proxy 857 1.48062483 -0.891007558 -0.00707477911 0 0 0
volume_proxy 858 1.34745355 0.167228316 0.00872018219 0 0 0
volume_proxy 859 0.609832949 0.371432255 0.00226835775 0 0 0
volume_proxy 860 -0.412701171 -0.320191135 -0.00158758315 0 0 0
volume_proxy 861 -0.374861781 -0.121797616 -0.0091655445 0 0 0
volume_proxy 862 -0.3376858 -0.324463754 -0.00395340932 0 0 0
volume_proxy 864 -0.558727436 0.582344426 -0.00465117793 0 0 0
volume_proxy 865 -0.939728255 0.461960063 0.00358103242 0 0 0
volume_proxy 866 -1.14574178 0.429143665 0.00604615604 0 0 0
volume_proxy 867 -1.0401603 0.373608578 -0.00870453795 0 0 0
volume_proxy 868 0.588543236 -0.0493889467 0.00538014035 0 0 0
volume_proxy 869 1.20842334 0.840458802 0.00825181246 0 0 0
volume_proxy 870 -0.888277632 -0.794367198 0.00426105209 0 0 0
volume_proxy 871 -0.910972318 -0.815169466 0.00583664448 0 0 0
volume_proxy 872 0.80924232 -0.684452238 -0.0046928633 0 0 0
volume_proxy 873 0.75616772 -0.686781598 -0.00211661704 0 0 0
volume_proxy 874 0.795729428 0.54431708 -0.00457364069 0 0 0
volume_proxy 875 -0.495064996 -0.930521239 0.00195876772 0 0 0
volume_proxy 876 -0.339472758 -0.813416778 -0.00773980034 0 0 0
volume_proxy 877 -0.466730151 -0.349426604 -0.00876249371 0 0 0
volume_proxy 878 1.3554385 -0.608720547 0.009481333 0 0 0
volume_proxy 879 1.20769851 -0.752088391 -0.00723192251 0 0 0
volume_proxy 880 -0.173161442 0.994110255 0.00991811889 0 0 0
volume_proxy 881 -0.220932913 -0.301015649 -0.00579437533 0 0 0
volume_proxy 882 -0.32932012 -0.385197072 0.0036051387 0 0 0
volume_proxy 883 -0.279643109 0.815385032 0.000113356742 0 0 0
volume_proxy 884 -0.226654976 0.9794831 -0.00409767116 0 0 0
volume_proxy 885 -0.248596072 0.409403308 0.0105998945 0 0 0
volume_proxy 886 -0.975465462 0.481158758 0.00260988198 0 0 0
volume_proxy 887 -1.03415166 0.50282927 0.00251560624 0 0 0
volume_proxy 888 1.02887472 -0.27269645 0.00593920147 0 0 0
volume_proxy 889 -1.16064248 0.79079587 -0.0041763768 0 0 0
volume_proxy 890 1.27673516 0.866653343 -0.00461522453 0 0 0
volume_proxy 891 -0.698767606 -0.912812712 -0.00925211341 0 0 0
volume_proxy 892 -1.17730436 0.449474992 0.00244944937 0 0 0
volume_proxy 893 1.15996711 -0.489927255 0.00363791538 0 0 0
volume_proxy 894 1.46761958 -0.515092336 0.00873644574 0 0 0
volume_proxy 895 0.528201974 -0.9999108 0.00761158848 0 0 0
