volume_proxy 0 0.542929309 -0.120203582 -0.00592926511 0 0 0
volume_proxy 5 0.805005669 -0.563928108 0.00557264126 0 0 0
volume_proxy 6 -0.0377927461 -0.23173771 -0.00519510084 0 0 0
volume_proxy 11 0.758173506 0.212018341 -0.00541807603 0 0 0
volume_proxy 12 0.0822093391 -0.845856819 -0.00108328281 0 0 0
volume_proxy 14 -0.381472247 0.293651336 0.000862199017 0 0 0
volume_proxy 23 1.11877373 -0.779812277 -0.00886779013 0 0 0
volume_proxy 38 0.339760423 0.923559597 -0.00588669927 0 0 0
volume_proxy 40 -0.123000461 -0.199589312 0.01076288 0 0 0
volume_proxy 50 -0.496291437 -0.689388824 0.0106515164 0 0 0
volume_proxy 53 -0.670584017 0.895540387 0.00124838244 0 0 0
volume_proxy 58 1.47663473 -0.528662038 -0.00696120812 0 0 0
volume_proxy 60 0.871193952 0.211283868 -0.0104314816 0 0 0
volume_proxy 72 0.180085162 0.113869919 -0.00956741618 0 0 0
volume_proxy 85 -1.35733873 0.340880408 -0.00692048774 0 0 0
volume_proxy 97 1.14010757 0.508812057 0.0068414443 0 0 0
volume_proxy 107 1.09512289 0.872120295 -0.00860830493 0 0 0
volume_proxy 127 -1.19784214 0.432345243 -0.00234361477 0 0 0
volume_proxy 130 1.11105792 0.135756905 -0.00394921829 0 0 0
volume_proxy 140 -0.256656841 0.965406405 3.14088877e-05 0 0 0
volume_proxy 157 1.34225694 0.119176496 -0.00232552353 0 0 0
volume_proxy 159 -0.0264660232 0.707793664 -0.001138581 0 0 0
volume_proxy 161 0.749635329 -0.00364877762 -0.00176935221 0 0 0
volume_proxy 176 0.0569466901 -0.0570754206 -0.00580537839 0 0 0
volume_proxy 186 -0.798316552 0.733324321 -0.0106161141 0 0 0
volume_proxy 189 -1.37482961 0.47556683 0.0100729205 0 0 0
volume_proxy 195 -0.414534095 -0.460842871 0.0103102765 0 0 0
volume_proxy 196 0.448214159 -0.387645727 0.000178805539 0 0 0
volume_proxy 200 -0.408660335 -0.935717824 0.00299029905 0 0 0
volume_proxy 202 -1.18019006 0.762972843 -0.000440464242 0 0 0
volume_proxy 209 -1.15923221 0.098011415 0.00283108352 0 0 0
volume_proxy 210 -0.685433446 0.584779149 0.00705183722 0 0 0
volume_proxy 226 0.358754853 -0.758450228 -0.00749378463 0 0 0
volume_proxy 236 1.15382464 0.625207622 -0.00259745562 0 0 0
volume_proxy 247 1.095455 0.839998566 -0.00529228325 0 0 0
volume_proxy 256 -0.132603974 0.658431923 0.00994957079 0 0 0
volume_proxy 259 0.352073532 0.229968207 0.0105767277 0 0 0
volume_proxy 269 0.224830197 -0.663894325 0.00578164043 0 0 0
volume_proxy 277 -1.10873215 0.0470884207 -0.000404429576 0 0 0
volume_proxy 296 0.317599506 -0.720891308 -0.00781672085 0 0 0
volume_proxy 305 0.206410701 -0.212826621 0.00421842579 0 0 0
volume_proxy 310 1.47175448 -0.731394939 0.00483324296 0 0 0
volume_proxy 329 -1.46779002 -0.15980532 -0.0100410984 0 0 0
volume_proxy 337 -0.765714769 0.619690369 -0.00307064948 0 0 0
volume_proxy 344 -1.38502026 0.727257949 0.00852109269 0 0 0
volume_proxy 347 -0.332917269 0.123907726 -0.0102349954 0 0 0
volume_proxy 349 -0.999857325 -0.191509413 -0.00367503032 0 0 0
volume_proxy 356 -0.210558487 0.547606988 -0.00916285608 0 0 0
volume_proxy 375 -0.0086714302 -0.875834574 0.00595129227 0 0 0
volume_proxy 388 -0.31140069 0.384928551 -0.00553428127 0 0 0
volume_proxy 431 -1.4140897 -0.0528530858 0.000353940943 0 0 0
volume_proxy 802 1.29040283 0.701469864 -0.01050911 0 0 0
volume_proxy 876 0.237215516 -0.419594257 -0.000440863944 0 0 0
volume_proxy 1052 0.0847648309 -0.460610997 0.0102299768 0 0 0
volume_proxy 1066 0.592992042 0.959472981 0.00102722933 0 0 0
volume_proxy 1120 -0.383641484 0.357162538 -0.00971510512 0 0 0
volume_proxy 1166 -0.52995845 0.954876673 0.00525765406 0 0 0
volume_proxy 1169 1.28103922 -0.753484042 -0.0101703176 0 0 0
volume_proxy 1172 -0.0891334675 0.284000397 -0.000180280407 0 0 0
volume_proxy 1186 -0.719255663 -0.486011829 0.00808561662 0 0 0
volume_proxy 1193 -0.814854052 0.0416146656 -0.00791927622 0 0 0
volume_proxy 1225 0.0112974252 -0.179005727 0.00245427626 0 0 0
volume_proxy 1245 -1.37355401 0.816248919 -0.0101488172 0 0 0
volume_proxy 1280 -1.16683108 0.663331127 0.00289932191 0 0 0
volume_proxy 1285 -1.0873297 0.693569134 0.00207405913 0 0 0
volume_proxy 1295 -0.61312442 0.853465683 -0.00581204437 0 0 0
volume_proxy 1296 0.308216416 -0.12011034 2.4653048e-05 0 0 0
volume_proxy 1335 0.31549715 -0.794311186 -0.00877792267 0 0 0
volume_proxy 1340 1.13894713 0.152779389 0.00123639861 0 0 0
volume_proxy 1380 -0.290787709 0.0515032314 -0.0068787899 0 0 0
volume_proxy 1386 0.0193865654 0.852516391 0.00401209247 0 0 0
volume_proxy 1397 0.962356047 0.943154633 -0.00869939045 0 0 0
volume_proxy 1403 0.463619841 0.329156703 0.00242630437 0 0 0
volume_proxy 1409 0.754887235 0.97128033 -0.00220537487 0 0 0
volume_proxy 1413 0.924151449 0.661698497 0.00952609027 0 0 0
volume_proxy 1420 -1.23224799 0.164146975 0.00784338005 0 0 0
volume_proxy 1421 -1.31952385 -0.17048721 0.00154202523 0 0 0
volume_proxy 1422 0.921380792 -0.976310036 -0.00509515934 0 0 0
volume_proxy 1423 -0.560503967 0.568839346 0.00532093863 0 0 0
volume_proxy 1426 0.889356097 -0.407829597 -0.00732268856 0 0 0
volume_proxy 1429 1.25323263 -0.146364888 -0.00243451125 0 0 0
volume_proxy 1433 1.29456073 0.41184163 0.000887381142 0 0 0
volume_proxy 1434 0.107316613 -0.5605412 -0.00849519631 0 0 0
volume_proxy 1437 0.0972988299 -0.246451285 -0.00125227453 0 0 0
volume_proxy 1439 -0.650386666 0.820426388 -0.00526398384 0 0 0
volume_proxy 1440 0.691027613 -0.227351242 0.00217379529 0 0 0
volume_proxy 1444 -0.778593468 -0.82056605 -0.00487617885 0 0 0
volume_proxy 1445 0.0393850216 -0.67642476 0.00496339327 0 0 0
volume_proxy 1447 1.04086197 -0.332631283 0.00656125317 0 0 0
volume_proxy 1459 -0.764809362 0.679453406 0.00155967058 0 0 0
volume_proxy 1460 1.00496474 0.232449022 0.00774028856 0 0 0
volume_proxy 1461 -1.16603429 0.699002131 -0.00583108027 0 0 0
volume_proxy 1462 -0.930361437 -0.122296585 0.0090520507 0 0 0
volume_proxy 1466 -0.599136417 -0.871512026 0.00507316385 0 0 0
volume_proxy 1470 -1.38283787 -0.734023786 0.00993939588 0 0 0
volume_proxy 1471 0.266990235 0.711137666 0.0068097061 0 0 0
volume_proxy 1472 -0.986849325 0.711361931 0.00730017021 0 0 0
volume_proxy 1474 0.996069462 -0.421544852 -0.0104811267 0 0 0
volume_proxy 1481 1.21224777 0.628856448 0.00363592289 0 0 0
volume_proxy 1482 0.430233001 -0.961622543 4.7335415e-05 0 0 0
volume_proxy 1485 0.135221493 -0.553577655 -0.00650563262 0 0 0
volume_proxy 1486 1.24595936 -0.52494117 0.00408111955 0 0 0
volume_proxy 1489 -0.417111794 0.67264167 0.00554466917 0 0 0
volume_proxy 1490 1.13058906 0.745361317 0.00189455792 0 0 0
volume_proxy 1492 0.190343582 0.742512718 -0.00915976406 0 0 0
volume_proxy 1493 0.374705583 0.24091022 -0.00969460866 0 0 0
volume_proxy 1494 0.85762214 0.787785659 -0.00725926967 0 0 0
volume_proxy 1496 -1.15324033 0.398179118 0.00332117792 0 0 0
volume_proxy 1497 0.0814712883 0.289098387 -0.00183147317 0 0 0
volume_proxy 1498 -1.25613044 0.367073876 0.00681046148 0 0 0
volume_proxy 1501 -0.941455137 -0.640671069 -0.00773358398 0 0 0
volume_proxy 1502 -0.916251403 -0.570360816 0.00600415341 0 0 0
volume_proxy 1503 -0.590128797 0.0896647134 -0.00543926073 0 0 0
volume_proxy 1505 0.00757910403 0.960389656 0.000598199379 0 0 0
volume_proxy 1506 0.311374222 0.253586789 0.000997139189 0 0 0
volume_proxy 1507 -0.992825608 -0.434510039 0.00540705787 0 0 0
volume_proxy 1508 -0.329317932 -0.974043843 0.00448471125 0 0 0
volume_proxy 1509 -1.38251 0.935877438 -0.00278408981 0 0 0
volume_proxy 1510 0.70941184 -0.765434677 -0.00934700731 0 0 0
volume_proxy 1511 1.16602341 0.213522015 -0.00500309402 0 0 0
volume_proxy 1512 -1.05536819 0.371655427 0.010364506 0 0 0
