volume_proxy 0 0.195682178 0.214174618 -0.0054905997 0 0 0
volume_proxy 5 0.696191599 -0.726124206 0.00952465362 0 0 0
volume_proxy 6 -0.178455421 -0.171392079 0.00235297289 0 0 0
volume_proxy 11 1.26085606 0.40065338 0.00518220552 0 0 0
volume_proxy 12 0.458084397 -0.556986714 0.00879431817 0 0 0
volume_proxy 14 -0.70033484 0.818807758 0.0069904023 0 0 0
volume_proxy 23 1.30633983 -0.646727021 -0.000374678177 0 0 0
volume_proxy 38 -0.275438576 -0.638940166 -0.00918166347 0 0 0
volume_proxy 40 -0.868324145 -0.400358584 0.00747211444 0 0 0
volume_proxy 50 -0.832152428 -0.277764564 -0.000136837184 0 0 0
volume_proxy 53 -1.19743872 0.711664241 0.00240799645 0 0 0
volume_proxy 58 0.838606477 -0.845840942 0.00378639413 0 0 0
volume_proxy 60 0.10508577 0.226588775 0.0107069056 0 0 0
volume_proxy 85 -1.22208825 0.820916621 6.84100568e-05 0 0 0
volume_proxy 97 0.695656487 0.764038218 0.0093273668 0 0 0
volume_proxy 107 1.39602479 -0.252761474 0.00395350777 0 0 0
volume_proxy 127 -1.3608804 -0.559884684 0.00570146614 0 0 0
volume_proxy 130 0.830303008 0.881379467 0.00671530394 0 0 0
volume_proxy 140 -1.15563435 0.990163242 0.00591627763 0 0 0
volume_proxy 157 1.07424532 0.476336383 0.00647153149 0 0 0
volume_proxy 159 1.07037901 0.589112778 -0.00454852724 0 0 0
volume_proxy 161 0.676292628 0.725417342 0.00461910042 0 0 0
volume_proxy 176 0.740867589 -0.246928523 0.00299540497 0 0 0
volume_proxy 186 -1.39347056 -0.475918422 0.0103239393 0 0 0
volume_proxy 189 -1.15930115 0.997896813 0.00892459821 0 0 0
volume_proxy 195 -0.767175075 -0.00917770079 -0.00219427098 0 0 0
volume_proxy 196 0.885877785 0.306548508 0.00707436373 0 0 0
volume_proxy 200 -0.655990319 -0.790149642 -0.00266692096 0 0 0
volume_proxy 202 0.0576240441 0.804252849 0.00327207347 0 0 0
volume_proxy 209 -1.26111056 -0.330380098 -0.00628955797 0 0 0
volume_proxy 210 -0.757594535 0.872993402 -3.23688172e-06 0 0 0
volume_proxy 226 0.16753683 -0.023731221 0.00972473315 0 0 0
volume_proxy 236 1.20755212 0.269460836 0.010785626 0 0 0
volume_proxy 247 0.417523213 0.777391628 -0.00038185584 0 0 0
volume_proxy 256 -1.08197091 0.818001244 0.00978761119 0 0 0
volume_proxy 259 0.923780568 0.322552781 -0.000811813548 0 0 0
volume_proxy 269 -0.966078036 0.130681727 0.0107308511 0 0 0
volume_proxy 277 -1.14041913 -0.139626231 -0.00283091303 0 0 0
volume_proxy 296 -1.36802638 0.520946902 0.00215531627 0 0 0
volume_proxy 305 1.26451013 -0.628683682 -0.00735298327 0 0 0
volume_proxy 310 -0.315424474 -0.953968128 0.0082906369 0 0 0
volume_proxy 344 -1.02103863 0.700572364 0.00748593111 0 0 0
volume_proxy 347 -0.0952596498 0.855587152 0.00303403121 0 0 0
volume_proxy 356 -0.763903046 0.34411229 -0.0101237794 0 0 0
volume_proxy 375 1.00526392 -0.792220989 0.00357241221 0 0 0
volume_proxy 388 0.949330667 -0.386304705 -0.0103129447 0 0 0
volume_proxy 802 1.37798235 -0.183027529 0.00647173799 0 0 0
volume_proxy 1052 -1.07580765 -0.61661009 0.0059958727 0 0 0
volume_proxy 1066 -0.781053374 0.26416692 -0.0047025121 0 0 0
volume_proxy 1120 -0.370323724 0.328928522 -0.00526303122 0 0 0
volume_proxy 1166 -0.639179818 0.456425222 -0.00614383291 0 0 0
volume_proxy 1169 1.09004256 -0.725980963 0.00501927605 0 0 0
volume_proxy 1193 -1.47962893 -0.525380015 -0.00488671892 0 0 0
volume_proxy 1225 -0.391233964 -0.474011826 0.000453984075 0 0 0
volume_proxy 1245 -1.46490227 -0.290227579 0.0102867756 0 0 0
volume_proxy 1280 -0.847226441 0.774140105 -0.00842265738 0 0 0
volume_proxy 1285 -1.2532754 0.34614639 0.00406905933 0 0 0
volume_proxy 1295 -0.217111799 -0.326923787 0.00480517551 0 0 0
volume_proxy 1296 0.382983266 -0.462036599 -0.00201994542 0 0 0
volume_proxy 1340 0.926706587 0.741117602 0.00596129738 0 0 0
volume_proxy 1380 -0.244755917 0.747197476 0.00977919026 0 0 0
volume_proxy 1386 1.08901453 0.368236817 0.00422749829 0 0 0
volume_proxy 1397 1.31924461 0.968100824 -0.0058755743 0 0 0
volume_proxy 1409 0.0675033579 0.941983029 -0.00841400335 0 0 0
volume_proxy 1413 0.876093972 0.843637003 -0.00386679969 0 0 0
volume_proxy 1422 0.670395131 -0.37339618 -0.0013149598 0 0 0
volume_proxy 1433 1.25056872 0.746262687 -0.00184317865 0 0 0
volume_proxy 1434 0.0342764709 -0.992182709 -0.010681265 0 0 0
volume_proxy 1437 -0.0925788495 -0.040317915 0.00482147535 0 0 0
volume_proxy 1439 0.0839622101 0.866954003 -0.00683344877 0 0 0
volume_proxy 1447 0.73691592 -0.104148742 -0.00711236561 0 0 0
volume_proxy 1459 -1.00105614 0.569051985 -0.00570209778 0 0 0
volume_proxy 1460 0.155309272 0.472493517 0.008821744 0 0 0
volume_proxy 1461 -0.673808416 0.708386238 -0.010418659 0 0 0
volume_proxy 1466 -0.52041494 0.194706183 -0.00449271477 0 0 0
volume_proxy 1472 -0.590563412 0.478307919 0.00244702109 0 0 0
volume_proxy 1474 0.861374444 -0.762662611 0.00229574115 0 0 0
volume_proxy 1481 0.798412126 0.45575364 -0.00652935153 0 0 0
volume_proxy 1482 1.02922646 0.079372583 -0.00795891967 0 0 0
volume_proxy 1485 0.381820538 -0.59668037 0.00695917121 0 0 0
volume_proxy 1489 0.0789786469 -0.730725699 -0.00991425655 0 0 0
volume_proxy 1490 1.17690591 0.900413803 0.00243432024 0 0 0
volume_proxy 1494 1.24835774 -0.204368879 -0.00986354527 0 0 0
volume_proxy 1496 -0.914107272 0.567177153 -0.0101845488 0 0 0
volume_proxy 1498 -0.115850176 0.335122782 -0.00534821275 0 0 0
volume_proxy 1501 -0.47156718 -0.592360572 -0.00161102283 0 0 0
volume_proxy 1503 0.229242115 0.0270888816 0.00927697227 0 0 0
volume_proxy 1506 0.26914267 0.900263906 -0.000456504073 0 0 0
volume_proxy 1507 -1.24079908 -0.621247903 0.00940339385 0 0 0
volume_proxy 1508 -0.852568027 -0.863048312 -0.00985645808 0 0 0
volume_proxy 1509 -1.36020051 0.464617181 -0.00733650729 0 0 0
volume_proxy 1510 0.246650237 -0.7168853 0.00959493556 0 0 0
volume_proxy 1511 1.3701783 0.68130776 0.00147120351 0 0 0
volume_proxy 1513 -1.45593855 0.730619048 -0.00731821574 0 0 0
volume_proxy 1515 0.715786862 0.260226351 0.00868489886 0 0 0
volume_proxy 1516 -0.229147563 -0.970446986 0.00988885712 0 0 0
volume_proxy 1517 -0.784178015 -0.508643368 0.00256716974 0 0 0
volume_proxy 1519 0.275495856 -0.275301417 0.0107652301 0 0 0
volume_proxy 1520 0.320795608 -0.104973856 -0.00315280981 0 0 0
volume_proxy 1521 -0.577279956 -0.085749775 -0.00331705786 0 0 0
volume_proxy 1522 0.50171186 0.531769364 0.00955720347 0 0 0
volume_proxy 1523 1.45633792 -0.0532638643 -0.000486870985 0 0 0
volume_proxy 1525 -1.09854246 0.971298004 -0.00940098504 0 0 0
volume_proxy 1526 1.14698071 -0.319397614 0.000432990804 0 0 0
volume_proxy 1528 0.686993693 -0.587614714 0.0016676195 0 0 0
volume_proxy 1529 -0.837464007 -0.0396932119 0.00939480018 0 0 0
volume_proxy 1530 -0.756276393 -0.390571691 0.007360911 0 0 0
volume_proxy 1531 0.370484172 0.468051838 -0.00470409033 0 0 0
