volume_proxy 0 0.00973556455 0.538189353 0.00112607239 0 0 0
volume_proxy 5 0.822712975 -0.485283945 -0.00656010225 0 0 0
volume_proxy 6 -0.313165887 -0.244309175 -0.00319820368 0 0 0
volume_proxy 11 1.32201183 0.831656863 -0.00762725888 0 0 0
volume_proxy 12 0.392306633 -0.415515072 -0.0085681019 0 0 0
volume_proxy 14 -0.837632407 0.965134391 0.0060343527 0 0 0
volume_proxy 23 1.36921747 -0.955329116 0.0103744684 0 0 0
volume_proxy 38 0.216490034 -0.295783571 -0.00186095243 0 0 0
volume_proxy 40 -0.800301307 -0.456948064 -0.00246339947 0 0 0
volume_proxy 50 -0.692981804 -0.464825141 -0.00749939087 0 0 0
volume_proxy 53 -1.04447338 0.498448449 0.0015158857 0 0 0
volume_proxy 58 0.932654037 -0.908099075 0.00744598791 0 0 0
volume_proxy 60 0.119080401 0.466112873 -0.00718352889 0 0 0
volume_proxy 85 -0.800590836 0.825074636 -0.00474871866 0 0 0
volume_proxy 97 0.954563559 0.983987907 -0.000522807153 0 0 0
volume_proxy 107 1.48150915 -0.343332211 0.00476649162 0 0 0
volume_proxy 127 -1.23049941 -0.295814136 0.00272862863 0 0 0
volume_proxy 130 0.864807946 0.941787306 0.00361048661 0 0 0
volume_proxy 140 -0.990297887 0.846740467 -0.00152605557 0 0 0
volume_proxy 157 1.02025666 0.744591643 0.00595892106 0 0 0
volume_proxy 159 1.0431758 0.361692823 -0.00553251272 0 0 0
volume_proxy 161 1.02821008 0.827165749 0.00778709224 0 0 0
volume_proxy 176 0.89119762 0.0573011079 0.00506837246 0 0 0
volume_proxy 186 -1.41812948 -0.310898386 -0.0101588741 0 0 0
volume_proxy 189 -0.83141192 0.70243041 -0.00658003688 0 0 0
volume_proxy 195 -0.4391802 -0.351131905 -0.0104241601 0 0 0
volume_proxy 196 0.688549007 0.181546457 0.0066959139 0 0 0
volume_proxy 200 -0.160391659 -0.813455703 0.00200714385 0 0 0
volume_proxy 202 0.221023108 0.732737138 0.00772227074 0 0 0
volume_proxy 209 -0.951398179 -0.454281229 -0.00364532031 0 0 0
volume_proxy 210 -0.179960824 0.578047236 0.00502812282 0 0 0
volume_proxy 226 0.484660641 -0.311328734 -0.00912694022 0 0 0
volume_proxy 236 0.410335996 0.183321706 0.00161865778 0 0 0
volume_proxy 247 0.775748762 0.794612538 -0.00355651865 0 0 0
volume_proxy 256 -1.35653773 0.727831226 -0.00728031206 0 0 0
volume_proxy 259 0.861680274 0.278562955 -0.00470370098 0 0 0
volume_proxy 269 -1.04706086 -0.0639038113 0.00973573301 0 0 0
volume_proxy 277 -0.916716549 -0.166164662 -0.00158913332 0 0 0
volume_proxy 296 -1.24459819 0.310147557 0.0044987424 0 0 0
volume_proxy 305 1.34677616 -0.548894629 -0.00305456272 0 0 0
volume_proxy 310 -0.337549837 -0.937632062 -0.00810803847 0 0 0
volume_proxy 344 -1.29335975 0.719326629 1.51411667e-05 0 0 0
volume_proxy 347 -0.181609084 0.972730857 -0.00697074568 0 0 0
volume_proxy 356 -0.740667813 0.423489044 -0.000191304208 0 0 0
volume_proxy 375 1.01154129 -0.840526089 -0.00620429262 0 0 0
volume_proxy 388 0.62317291 -0.276667443 -0.00249973747 0 0 0
volume_proxy 802 1.49794515 -0.256080015 0.00162776564 0 0 0
volume_proxy 1052 -1.15577381 -0.706427584 -0.00153746364 0 0 0
volume_proxy 1066 -0.685877637 0.238002696 0.0090858993 0 0 0
volume_proxy 1120 -0.211150156 0.356016635 0.00152450844 0 0 0
volume_proxy 1166 -0.660791256 0.240124316 -0.00188632196 0 0 0
volume_proxy 1169 1.21186198 -0.887635612 -0.00927492158 0 0 0
volume_proxy 1193 -1.397229 -0.580731899 -0.00990469216 0 0 0
volume_proxy 1225 -0.282593947 -0.652617442 0.000639532146 0 0 0
volume_proxy 1245 -1.24111235 -0.181402833 -0.00345764247 0 0 0
volume_proxy 1280 -0.85386425 0.903883498 0.00361368612 0 0 0
volume_proxy 1285 -1.24605103 0.0749220547 -0.00412124282 0 0 0
volume_proxy 1295 -0.216453333 0.0168652377 -0.000809709707 0 0 0
volume_proxy 1296 0.23602203 -0.512491085 -0.00633365277 0 0 0
volume_proxy 1340 0.767719566 0.871665847 -0.00422101618 0 0 0
volume_proxy 1380 -0.359981575 0.820578989 -0.00440794051 0 0 0
volume_proxy 1386 0.723386466 0.261443701 -0.00336593731 0 0 0
volume_proxy 1397 1.2642871 0.723237673 0.00433590686 0 0 0
volume_proxy 1409 0.0979184637 0.94474511 -0.00987277164 0 0 0
volume_proxy 1413 0.946222259 0.829067934 -0.00418455311 0 0 0
volume_proxy 1422 0.254767672 -0.430097041 0.00951820446 0 0 0
volume_proxy 1433 0.951070073 0.998503703 -0.000309277836 0 0 0
volume_proxy 1434 -0.0927828701 -0.992057097 0.00889394251 0 0 0
volume_proxy 1437 0.0619487505 -0.0366678566 0.00146465817 0 0 0
volume_proxy 1439 -0.0577506925 0.846573987 0.00641810486 0 0 0
volume_proxy 1447 0.927007831 -0.56648367 -0.00651894016 0 0 0
volume_proxy 1459 -0.837308893 0.502338739 0.00328372855 0 0 0
volume_proxy 1460 0.354561449 0.328071017 0.00118269092 0 0 0
volume_proxy 1461 -0.942584402 0.714859023 -0.00601921777 0 0 0
volume_proxy 1466 -0.351222846 -0.0225360212 0.00110054605 0 0 0
volume_proxy 1472 -0.819360042 0.406294733 -0.00384365063 0 0 0
volume_proxy 1474 0.748302468 -0.889695077 -0.000987214303 0 0 0
volume_proxy 1481 1.0609921 0.306077115 -0.0035688061 0 0 0
volume_proxy 1482 1.27304841 0.13272494 0.0051464437 0 0 0
volume_proxy 1485 0.432751313 -0.615922586 -0.00173610709 0 0 0
volume_proxy 1489 -0.107812539 -0.551370415 -0.00886199392 0 0 0
volume_proxy 1490 1.39123165 0.918976665 0.00736461133 0 0 0
volume_proxy 1492 0.488968458 0.461500795 0.00464846495 0 0 0
volume_proxy 1493 0.725697607 0.388650947 -0.00383439996 0 0 0
volume_proxy 1494 1.13955291 -0.138990395 0.0012560108 0 0 0
volume_proxy 1496 -1.09210485 0.501542899 -0.0105301574 0 0 0
volume_proxy 1498 -0.221840735 0.415572123 0.00751664154 0 0 0
volume_proxy 1501 -0.441492394 -0.908831536 0.00431039284 0 0 0
volume_proxy 1503 0.217479995 -0.0076277439 -0.00102155228 0 0 0
volume_proxy 1506 0.19574328 0.94549435 0.00550624774 0 0 0
volume_proxy 1507 -1.14104565 -0.342359206 -0.00027214848 0 0 0
volume_proxy 1508 -0.737422508 -0.606099133 0.00391147359 0 0 0
volume_proxy 1509 -1.31522365 0.75287736 0.00183365275 0 0 0
volume_proxy 1510 0.194900745 -0.793198603 0.00322248311 0 0 0
volume_proxy 1511 1.26330504 0.336651787 0.00338767375 0 0 0
volume_proxy 1513 -1.41834132 0.327072398 -0.00616664825 0 0 0
volume_proxy 1515 0.880446783 -0.158087798 0.00519294047 0 0 0
volume_proxy 1516 -0.23143522 -0.913948407 -0.00595171879 0 0 0
volume_proxy 1517 -1.05658679 -0.49947373 0.00550445766 0 0 0
volume_proxy 1519 0.315808364 -0.363732853 -0.00655250959 0 0 0
volume_proxy 1520 0.46923986 -0.264596722 -0.00282580465 0 0 0
volume_proxy 1521 -0.584195082 -0.0902766099 0.00501687295 0 0 0
volume_proxy 1522 0.542773146 0.408281809 0.00134966836 0 0 0
volume_proxy 1523 1.30160936 -0.303635572 -0.00450220739 0 0 0
volume_proxy 1525 -1.02986242 0.827769953 0.00458460476 0 0 0
volume_proxy 1526 1.13085282 -0.338946526 -0.00568174975 0 0 0
volume_proxy 1528 0.482213272 -0.518128776 -0.00571817304 0 0 0
volume_proxy 1529 -1.02144331 -0.0430041426 0.00433285369 0 0 0
volume_proxy 1530 -0.684239244 -0.250650845 -0.00223136213 0 0 0
