volume_proxy 0 0.524729141 0.429361437 0.00979563039 0 0 0
volume_proxy 5 1.44723585 -0.983242801 0.0103267695 0 0 0
volume_proxy 6 -0.406761759 0.502815648 -0.00875598766 0 0 0
volume_proxy 11 1.47048367 0.534638034 -0.00989725577 0 0 0
volume_proxy 12 0.354124041 -0.505579908 0.00288026636 0 0 0
volume_proxy 14 -0.911086442 0.607573099 -0.00723794414 0 0 0
volume_proxy 23 1.24940141 -0.670989536 -0.0105611119 0 0 0
volume_proxy 38 1.07153948 -0.534264151 -0.0085191477 0 0 0
volume_proxy 40 -0.687482325 -0.457404912 -0.000458275442 0 0 0
volume_proxy 50 -0.806606232 -0.133093432 0.000127030658 0 0 0
volume_proxy 53 -0.634409031 0.794858069 0.000312399231 0 0 0
volume_proxy 58 0.876931066 -0.976324194 0.00385218669 0 0 0
volume_proxy 60 0.316100866 0.495954343 0.000541750717 0 0 0
volume_proxy 85 -1.06942744 -0.16742853 0.0015606255 0 0 0
volume_proxy 97 1.00884571 0.617214099 -0.00311985724 0 0 0
volume_proxy 107 1.40378321 0.82078904 0.000690337439 0 0 0
volume_proxy 127 -1.27726263 -0.226921134 0.00824703287 0 0 0
volume_proxy 130 0.724493603 0.518864115 0.00899383941 0 0 0
volume_proxy 140 -0.079645096 0.00242524952 -0.00940560958 0 0 0
volume_proxy 157 1.05890748 -0.405380375 -0.00550225187 0 0 0
volume_proxy 159 0.88183646 0.403215192 0.00442290602 0 0 0
volume_proxy 161 0.854072851 0.785365733 0.00544714329 0 0 0
volume_proxy 176 0.369462832 0.415351753 -0.00867514897 0 0 0
volume_proxy 186 -1.1799553 0.162665428 -0.00515074356 0 0 0
volume_proxy 189 -0.971673946 0.837677956 -0.00314239503 0 0 0
volume_proxy 195 -0.479013511 -0.480043929 -0.00594838336 0 0 0
volume_proxy 196 0.712695377 -0.1000593 0.00820176902 0 0 0
volume_proxy 200 -0.549507939 -0.923993926 0.00736299956 0 0 0
volume_proxy 202 -0.29663099 0.887518773 -0.00334887524 0 0 0
volume_proxy 209 -1.22276674 0.15170277 -0.00284373927 0 0 0
volume_proxy 210 -0.303376827 0.451440115 0.00760134813 0 0 0
volume_proxy 226 0.331463643 -0.892369301 -0.00956580578 0 0 0
volume_proxy 236 0.877922105 0.829663016 0.00501835398 0 0 0
volume_proxy 247 1.1706214 0.672233943 -0.0090464838 0 0 0
volume_proxy 256 -0.986730712 0.862247969 -0.00306691794 0 0 0
volume_proxy 259 0.481741715 0.502668929 -0.00911454616 0 0 0
volume_proxy 269 -0.934419352 -0.285111444 0.00638032548 0 0 0
volume_proxy 277 -1.16374133 -0.46790282 -0.000370372112 0 0 0
volume_proxy 296 -0.759224477 -0.703505289 0.00203429168 0 0 0
volume_proxy 305 0.0642795195 -0.159706415 -0.00126425546 0 0 0
volume_proxy 310 0.397407691 -0.767871932 0.00847979345 0 0 0
volume_proxy 344 -0.920409942 0.751680201 -0.00218213689 0 0 0
volume_proxy 347 0.340934371 -0.183344761 -0.00783472122 0 0 0
volume_proxy 356 0.128028126 0.756346261 0.00276638243 0 0 0
volume_proxy 375 1.44408864 -0.715787192 1.86705098e-05 0 0 0
volume_proxy 388 0.230457982 0.247065884 0.0020705962 0 0 0
volume_proxy 802 1.32547346 -0.2908134 0.00197672606 0 0 0
volume_proxy 1052 -0.789285382 -0.952754416 0.00505058712 0 0 0
volume_proxy 1066 0.371416001 0.0944144349 -0.00548371925 0 0 0
volume_proxy 1120 -0.241472562 0.153848244 0.000145207561 0 0 0
volume_proxy 1166 -0.655036302 0.808490544 0.00716980397 0 0 0
volume_proxy 1169 1.03739831 -0.905850883 -0.00560839251 0 0 0
volume_proxy 1193 -1.11037089 -0.232371749 -0.00721480124 0 0 0
volume_proxy 1225 -0.564670318 -0.196496775 -0.00311826585 0 0 0
volume_proxy 1245 -1.43073991 0.394999235 0.0105988768 0 0 0
volume_proxy 1280 -1.33952583 0.286365499 -0.00303472756 0 0 0
volume_proxy 1285 -1.08120527 0.127735231 -0.0106739753 0 0 0
volume_proxy 1295 -0.458550667 0.282349786 0.000184020552 0 0 0
volume_proxy 1296 0.416261468 -0.0526791954 0.00835021695 0 0 0
volume_proxy 1335 0.202207845 -0.651597912 -0.00463402835 0 0 0
volume_proxy 1340 1.00355813 0.605626135 0.00528912525 0 0 0
volume_proxy 1380 0.303545036 0.472591851 -0.00947282801 0 0 0
volume_proxy 1386 0.112759699 0.432521704 -0.00957173909 0 0 0
volume_proxy 1397 1.22189375 0.189706331 0.00555063519 0 0 0
volume_proxy 1409 0.0289878309 0.906207318 0.008198404 0 0 0
volume_proxy 1413 1.2431005 0.724075014 -0.00381686544 0 0 0
volume_proxy 1420 -0.994781688 -0.138782138 0.00605751226 0 0 0
volume_proxy 1422 0.745704438 -0.945069117 -0.010036568 0 0 0
volume_proxy 1429 1.09504135 -0.404160663 0.00830978551 0 0 0
volume_proxy 1433 1.33531999 0.486549062 -0.00486954043 0 0 0
volume_proxy 1434 0.0719489591 -0.907790866 0.00932371318 0 0 0
volume_proxy 1437 0.0170849702 0.1287143 0.00273508881 0 0 0
volume_proxy 1439 -0.262326831 0.58574934 0.00607260446 0 0 0
volume_proxy 1447 0.557941901 -0.725178094 -0.00833942895 0 0 0
volume_proxy 1459 -0.54945444 0.0339066174 0.00503556718 0 0 0
volume_proxy 1460 1.35067716 0.869935131 0.0102486145 0 0 0
volume_proxy 1461 -1.24767959 0.773528639 -0.00577819317 0 0 0
volume_proxy 1466 -0.925366628 0.00900884532 -0.00831212604 0 0 0
volume_proxy 1470 -1.10700225 -0.579202733 -0.00351556542 0 0 0
volume_proxy 1472 -1.30886387 0.531308646 0.00746374183 0 0 0
volume_proxy 1474 1.10944298 -0.863309908 3.49486008e-05 0 0 0
volume_proxy 1481 0.99470164 0.859838424 0.00463855558 0 0 0
volume_proxy 1482 0.769084598 -0.527870507 0.00017015616 0 0 0
volume_proxy 1485 0.508885391 -0.974589329 0.00946665486 0 0 0
volume_proxy 1486 1.0497618 -0.511849831 0.00196663633 0 0 0
volume_proxy 1489 0.254871499 -0.0805897743 -0.00555170405 0 0 0
volume_proxy 1490 1.41456967 0.738900274 0.00647971359 0 0 0
volume_proxy 1492 0.411718166 0.525995004 -0.00104883043 0 0 0
volume_proxy 1493 0.193576544 -0.0228219184 -0.00749089387 0 0 0
volume_proxy 1494 0.97877013 0.274175044 0.00586342865 0 0 0
volume_proxy 1496 -1.48036215 0.537083075 0.00469698696 0 0 0
volume_proxy 1498 -1.06535652 0.263998383 0.00405840941 0 0 0
volume_proxy 1501 -0.724535037 -0.88308533 -0.00574921323 0 0 0
volume_proxy 1503 -0.00682735154 0.241189185 -0.0101077268 0 0 0
volume_proxy 1506 0.527114175 0.969203132 -0.00824055054 0 0 0
volume_proxy 1507 -1.11310747 -0.415439359 -0.0097167225 0 0 0
volume_proxy 1508 -0.507678786 -0.84375877 -0.0023727864 0 0 0
volume_proxy 1509 -1.49184527 0.605195769 -0.00609831652 0 0 0
volume_proxy 1510 0.31055073 -0.619127454 -0.0043277484 0 0 0
volume_proxy 1511 1.2236154 0.679463809 0.00829220361 0 0 0
volume_proxy 1513 -0.958445713 0.926140476 -0.00897263194 0 0 0
volume_proxy 1515 0.999379356 0.371124074 0.000515726402 0 0 0
volume_proxy 1516 -0.488943136 -0.45232583 0.00307507085 0 0 0
volume_proxy 1517 -0.875841378 -0.793825286 -0.000552688206 0 0 0
volume_proxy 1518 -1.09894511 -0.0603262253 -0.000780312545 0 0 0
volume_proxy 1519 0.109202774 -0.112932656 -0.00517907037 0 0 0
volume_proxy 1520 -0.0222694446 -0.549117115 -0.000265221464 0 0 0
volume_proxy 1521 -0.339445825 0.71437586 0.00997068767 0 0 0
volume_proxy 1522 0.154541729 0.51966443 -0.0105591002 0 0 0
volume_proxy 1523 0.980061997 -0.336517184 -0.00604879382 0 0 0
volume_proxy 1524 1.00212816 -0.379599502 -0.00310316503 0 0 0
volume_proxy 1525 -1.17023624 0.655314977 -0.0057994121 0 0 0
