volume_proxy 0 -0.499382986 -0.702840391 -0.00488163669 0 0 0
volume_proxy 6 -0.385854525 0.656452714 -0.00449420651 0 0 0
volume_proxy 11 1.03022499 0.0954495748 -0.00872129521 0 0 0
volume_proxy 12 1.25613217 -0.790235351 0.000223308698 0 0 0
volume_proxy 14 -1.22563583 0.523960283 -0.00177692194 0 0 0
volume_proxy 23 0.900385297 -0.618786758 -0.00326614483 0 0 0
volume_proxy 38 -0.782242239 -0.87924869 0.00381003039 0 0 0
volume_proxy 40 -0.671229559 -0.65638131 -0.00142911619 0 0 0
volume_proxy 50 -1.24441779 -0.119462802 0.00566498724 0 0 0
volume_proxy 53 -0.873676985 0.730633452 0.00630208541 0 0 0
volume_proxy 58 0.784774692 -0.0345019178 -0.00639445248 0 0 0
volume_proxy 60 -0.313644599 0.557508225 0.00517660604 0 0 0
volume_proxy 85 -1.11735529 0.660159195 0.00343639352 0 0 0
volume_proxy 97 0.777890992 0.188121364 -0.00497140224 0 0 0
volume_proxy 107 0.0853589576 -0.10318805 0.00522064442 0 0 0
volume_proxy 127 -1.26608777 -0.308358465 0.000622478373 0 0 0
volume_proxy 130 -0.141591166 -0.832070693 0.00467708712 0 0 0
volume_proxy 140 0.37028216 -0.369374622 0.001443611 0 0 0
volume_proxy 157 0.767372351 -0.516075665 0.000343214171 0 0 0
volume_proxy 159 0.271602051 0.510788929 -0.00576420408 0 0 0
volume_proxy 161 0.0219645383 -0.818846225 -0.00995336309 0 0 0
volume_proxy 176 0.587634318 0.377140407 0.00642550147 0 0 0
volume_proxy 186 -1.13845342 0.18654807 -0.00275397742 0 0 0
volume_proxy 189 -0.757937277 -0.601625253 -0.00376656326 0 0 0
volume_proxy 195 -1.36262309 -0.88311567 0.0019616161 0 0 0
volume_proxy 196 -0.613073214 0.23439953 -0.00826781265 0 0 0
volume_proxy 200 -1.42026451 0.642172786 0.00500119702 0 0 0
volume_proxy 202 -0.534129547 -0.413733713 -0.00541693161 0 0 0
volume_proxy 209 -1.22300553 -0.194450825 -0.0058901852 0 0 0
volume_proxy 210 0.824705524 0.83328419 0.0073182082 0 0 0
volume_proxy 226 1.16525563 0.0546016591 0.00143267774 0 0 0
volume_proxy 236 0.74583863 -0.113422326 0.00614427006 0 0 0
volume_proxy 247 0.220874 -0.879095428 -0.00127418861 0 0 0
volume_proxy 256 0.210452871 -0.172344866 0.0105433102 0 0 0
volume_proxy 259 0.0671457731 -0.270218496 -0.00675500229 0 0 0
volume_proxy 269 -0.783460599 0.805479301 -0.00807303963 0 0 0
volume_proxy 277 -0.536709487 -0.56357304 0.000692762332 0 0 0
volume_proxy 296 -0.918264654 0.617823479 -0.00297348051 0 0 0
volume_proxy 305 0.845286355 -0.63166128 0.0015155286 0 0 0
volume_proxy 310 1.09617128 0.785731487 0.00174229095 0 0 0
volume_proxy 344 -0.83897953 -0.970982596 0.00345977621 0 0 0
volume_proxy 347 -0.426105918 0.805704002 0.00701632143 0 0 0
volume_proxy 356 -0.197916827 -0.0236663458 0.0104682411 0 0 0
volume_proxy 375 0.921738431 -0.163220346 -0.00383264758 0 0 0
volume_proxy 388 1.31007384 -0.42219889 -0.00211786182 0 0 0
volume_proxy 1052 -0.410640065 0.015746579 -0.000266348455 0 0 0
volume_proxy 1066 -0.216768126 0.354053903 -0.008863128 0 0 0
volume_proxy 1120 -0.82212399 0.550760094 -0.0097605908 0 0 0
volume_proxy 1166 -0.750193012 -0.937381448 -0.00143895826 0 0 0
volume_proxy 1193 -1.24236383 -0.368735814 -0.0062953268 0 0 0
volume_proxy 1225 -1.36210512 -0.898227684 -0.00453851737 0 0 0
volume_proxy 1245 -1.32870625 0.795523339 0.00777517314 0 0 0
volume_proxy 1280 -1.41496939 0.668321353 0.0107117523 0 0 0
volume_proxy 1285 -0.279420921 0.801359811 0.000887323243 0 0 0
volume_proxy 1295 0.612336149 0.0458619117 0.00847838128 0 0 0
volume_proxy 1296 -0.252063373 -0.748822548 0.00345540622 0 0 0
volume_proxy 1340 1.32543153 -0.261563183 0.00184980465 0 0 0
volume_proxy 1380 -1.21031612 -0.522476995 0.00878443372 0 0 0
volume_proxy 1386 1.18618776 0.970658406 -0.00952930532 0 0 0
volume_proxy 1397 0.712918584 0.669057495 0.000792591615 0 0 0
volume_proxy 1409 0.52140326 0.36789877 -0.00608412662 0 0 0
volume_proxy 1413 0.882363385 0.398500109 -0.0035576278 0 0 0
volume_proxy 1422 0.371227791 -0.77452852 -0.00465923174 0 0 0
volume_proxy 1433 1.09171667 0.821906645 -0.00631521222 0 0 0
volume_proxy 1437 0.217787139 -0.930364815 -0.000912323916 0 0 0
volume_proxy 1459 -0.646552685 -0.393699302 0.0107899927 0 0 0
volume_proxy 1460 -0.51688425 0.487402236 -0.000548940078 0 0 0
volume_proxy 1461 -1.36306359 0.650124861 -0.00899910542 0 0 0
volume_proxy 1472 -1.42401921 0.118051184 -0.0107011309 0 0 0
volume_proxy 1474 1.21394241 0.133038347 0.00996488147 0 0 0
volume_proxy 1481 0.256984621 0.17726402 0.00631207025 0 0 0
volume_proxy 1482 1.18161486 0.97432103 0.00521654216 0 0 0
volume_proxy 1485 0.950155713 -0.576752217 -0.0100818166 0 0 0
volume_proxy 1489 0.43313867 -0.719150626 0.00199436617 0 0 0
volume_proxy 1490 0.883854492 0.759832775 0.00802835342 0 0 0
volume_proxy 1496 -1.45658371 0.658227082 -0.00865686501 0 0 0
volume_proxy 1498 -0.139102974 -0.318031966 0.0062352149 0 0 0
volume_proxy 1503 -1.1043536 -0.463435409 0.00915805361 0 0 0
volume_proxy 1506 0.448615326 0.658060425 -0.00228196117 0 0 0
volume_proxy 1507 -0.545495457 -0.720268279 0.0072677067 0 0 0
volume_proxy 1508 -0.651942245 -0.0902481274 0.00705907857 0 0 0
volume_proxy 1509 -0.976901431 -0.114791761 -0.0104786188 0 0 0
volume_proxy 1510 -0.549446388 -0.81009594 -0.00931039633 0 0 0
volume_proxy 1513 -0.986330921 0.729649905 -0.00149196932 0 0 0
volume_proxy 1515 0.594243155 -0.664328049 0.00971626902 0 0 0
volume_proxy 1516 -0.114912136 -0.834786525 0.00723175462 0 0 0
volume_proxy 1517 -1.36014047 -0.345049049 -0.00379116521 0 0 0
volume_proxy 1519 0.146494456 -0.320149854 -0.00503169745 0 0 0
volume_proxy 1520 0.109808928 -0.463762287 0.00030691539 0 0 0
volume_proxy 1521 -1.37955477 -0.826586021 0.00898456842 0 0 0
volume_proxy 1523 0.104649491 0.0439651828 -0.00939035687 0 0 0
volume_proxy 1525 -0.907778713 0.788449437 0.00353433386 0 0 0
volume_proxy 1526 1.42943715 -0.305804166 -0.00714756294 0 0 0
volume_proxy 1528 1.16895015 -0.881683284 -0.00427098995 0 0 0
volume_proxy 1529 -0.954171652 -0.287909602 0.000869911218 0 0 0
volume_proxy 1531 0.475074098 0.771104618 0.00146811915 0 0 0
volume_proxy 1533 1.44446861 0.543987729 0.0076978209 0 0 0
volume_proxy 1534 -0.6186423 0.327726112 0.000166674004 0 0 0
volume_proxy 1536 -0.961911035 -0.840864958 -0.0055485737 0 0 0
volume_proxy 1537 -0.476525173 -0.486627556 -0.00544250319 0 0 0
volume_proxy 1538 1.15515015 -0.346660569 0.00385415879 0 0 0
volume_proxy 1539 0.559841054 0.866816021 0.0087003424 0 0 0
volume_proxy 1540 1.14497627 0.369898187 -0.00100029334 0 0 0
