volume_proxy 0 0.498486995 0.559645031 -0.00234247746 0 0 0
volume_proxy 5 1.1864026 -0.487035749 -0.00461732375 0 0 0
volume_proxy 6 -0.42880343 0.375654406 0.00904489231 0 0 0
volume_proxy 11 1.36327346 0.705406798 0.00760248279 0 0 0
volume_proxy 12 0.333895113 -0.727544717 0.00513999532 0 0 0
volume_proxy 14 -0.904009185 0.673344946 -0.0075600354 0 0 0
volume_proxy 23 1.4529876 -0.958056307 0.00504504969 0 0 0
volume_proxy 38 0.43968454 0.0815949519 -0.00940159988 0 0 0
volume_proxy 40 -0.0130467309 -0.8103366 -0.0104957589 0 0 0
volume_proxy 50 -0.931445979 -0.0341522982 -0.00827197584 0 0 0
volume_proxy 53 -0.420231007 0.518079684 0.00379602976 0 0 0
volume_proxy 58 1.12622291 -0.89482075 -0.0102141048 0 0 0
volume_proxy 60 0.69648609 0.746291783 0.00104663563 0 0 0
volume_proxy 85 -0.705266906 0.511559847 -5.57148443e-05 0 0 0
volume_proxy 97 1.02644575 0.486518079 0.00867670476 0 0 0
volume_proxy 107 0.890911656 -0.211761459 -0.0075408372 0 0 0
volume_proxy 127 -1.35182292 -0.313414217 -0.000700606278 0 0 0
volume_proxy 130 0.742176905 0.679247584 0.00343301056 0 0 0
volume_proxy 140 -0.614662847 0.93758219 0.00299381692 0 0 0
volume_proxy 157 0.983620983 0.427569888 0.00721989871 0 0 0
volume_proxy 159 0.619717666 0.84558072 -0.00492675232 0 0 0
volume_proxy 161 0.603086587 0.674821404 0.00482258795 0 0 0
volume_proxy 176 0.995662988 -0.439848572 -0.00385521237 0 0 0
volume_proxy 186 -1.11235886 -0.242087259 -0.00513332199 0 0 0
volume_proxy 189 -0.773620458 0.606820712 0.00131713138 0 0 0
volume_proxy 195 0.0117950996 0.0214676643 0.00729026058 0 0 0
volume_proxy 196 0.664729375 0.339037971 -0.00977775416 0 0 0
volume_proxy 200 -0.433741643 -0.750474435 -0.00531565123 0 0 0
volume_proxy 202 0.182569863 0.764224842 0.00768847592 0 0 0
volume_proxy 209 -0.890860338 -0.0639246267 -0.00430037471 0 0 0
volume_proxy 210 -0.115706226 0.486964577 -0.00588935438 0 0 0
volume_proxy 226 0.399954215 -0.350957211 0.000301234529 0 0 0
volume_proxy 236 0.524796974 0.514252953 -0.000627268078 0 0 0
volume_proxy 247 1.13486071 0.960278772 -0.00911252783 0 0 0
volume_proxy 256 -1.35930079 0.738487234 0.00389754804 0 0 0
volume_proxy 259 0.362110078 0.564134177 0.00184867805 0 0 0
volume_proxy 269 -1.01325807 -0.39972255 -0.0100297045 0 0 0
volume_proxy 277 -1.26649137 -0.241625751 -0.00531067709 0 0 0
volume_proxy 296 -1.2713349 -0.383591626 0.00601040047 0 0 0
volume_proxy 305 0.959712007 -0.246941533 -0.00364421984 0 0 0
volume_proxy 310 -0.578049874 -0.905012312 -0.000844385692 0 0 0
volume_proxy 344 -1.39596082 0.403599518 -0.00378778161 0 0 0
volume_proxy 347 0.0547922811 0.358989127 0.00867872874 0 0 0
volume_proxy 356 -0.463545865 0.940450062 -0.0026693156 0 0 0
volume_proxy 375 0.86303614 -0.661381804 -0.00984586914 0 0 0
volume_proxy 388 0.412749302 0.142852391 0.00622932793 0 0 0
volume_proxy 802 1.20902048 -0.509453575 -0.00629303554 0 0 0
volume_proxy 1052 -0.957585609 -0.640989184 0.00143401022 0 0 0
volume_proxy 1066 -0.235050952 -0.210404418 -0.00600719358 0 0 0
volume_proxy 1120 -0.123968027 -0.155981188 -0.00449360543 0 0 0
volume_proxy 1166 -0.419961586 0.146029788 -0.0101859923 0 0 0
volume_proxy 1169 1.05111061 -0.909242772 0.000261912588 0 0 0
volume_proxy 1193 -1.20422529 -0.392551545 -0.0065413857 0 0 0
volume_proxy 1225 -0.506781531 -0.0924439104 0.0103919542 0 0 0
volume_proxy 1245 -1.36235336 0.0669910292 0.00693465727 0 0 0
volume_proxy 1280 -0.963916252 0.702890068 0.00392704156 0 0 0
volume_proxy 1285 -1.15756162 -0.425703616 -0.00288194757 0 0 0
volume_proxy 1295 -0.63873792 0.244198464 0.00369219407 0 0 0
volume_proxy 1296 0.341065063 -0.379731819 0.0019017867 0 0 0
volume_proxy 1340 1.18380535 0.668533841 0.00363410929 0 0 0
volume_proxy 1380 0.319938933 0.980490469 0.0066281312 0 0 0
volume_proxy 1386 0.353283343 0.158009255 0.00179019368 0 0 0
volume_proxy 1397 0.881159798 0.785127975 -0.00855037339 0 0 0
volume_proxy 1409 -0.0442305742 0.961778825 0.00542640922 0 0 0
volume_proxy 1413 0.915956923 0.718889795 -0.00909960656 0 0 0
volume_proxy 1422 0.590403949 -0.552756031 -0.00757289997 0 0 0
volume_proxy 1433 1.26122867 0.97850465 0.00711121264 0 0 0
volume_proxy 1434 0.0109684748 -0.937163403 0.00449895752 0 0 0
volume_proxy 1437 -0.116712436 0.0257186541 -0.00106544137 0 0 0
volume_proxy 1439 0.212374427 0.261149063 -0.00444003411 0 0 0
volume_proxy 1447 0.724175382 -0.839499258 -0.000534208848 0 0 0
volume_proxy 1459 -0.760722856 0.37698851 0.00092118795 0 0 0
volume_proxy 1460 0.968453384 0.371809227 -0.00693790384 0 0 0
volume_proxy 1461 -1.22016821 0.635077162 -0.00476973198 0 0 0
volume_proxy 1466 -0.674306026 -0.213903698 0.00494923669 0 0 0
volume_proxy 1470 -0.950290151 -0.000575424142 0.000461182525 0 0 0
volume_proxy 1472 -1.09042795 0.553936663 -0.00660207361 0 0 0
volume_proxy 1474 0.346094685 -0.889370025 0.00540409532 0 0 0
volume_proxy 1481 0.974012371 0.860561632 -9.19672429e-05 0 0 0
volume_proxy 1482 1.29916103 -0.165495066 0.0032494162 0 0 0
volume_proxy 1485 0.561768266 -0.525103738 0.00908817248 0 0 0
volume_proxy 1489 0.162989606 -0.250346984 -0.00335483036 0 0 0
volume_proxy 1490 1.45668168 0.997444298 -0.0060888604 0 0 0
volume_proxy 1492 0.721690453 0.487990305 0.00141800492 0 0 0
volume_proxy 1493 0.347603639 0.33133331 0.00933058621 0 0 0
volume_proxy 1494 1.15000378 0.0146970217 0.00357971445 0 0 0
volume_proxy 1496 -0.995752415 0.996616362 0.00639338515 0 0 0
volume_proxy 1498 -0.701508857 0.346890072 -0.00585777149 0 0 0
volume_proxy 1501 -0.421126247 -0.744613646 -0.0103875791 0 0 0
volume_proxy 1503 -0.0557330822 0.476555072 0.00125573532 0 0 0
volume_proxy 1506 0.452549458 0.984719649 0.00997100104 0 0 0
volume_proxy 1507 -1.02040218 -0.342218992 0.00457261074 0 0 0
volume_proxy 1508 -0.632893669 -0.812606346 0.00250203239 0 0 0
volume_proxy 1509 -1.07612614 0.784873235 0.00296245803 0 0 0
volume_proxy 1510 0.242515619 -0.548264787 0.00322903477 0 0 0
volume_proxy 1511 1.37636895 0.672494687 0.00826431434 0 0 0
volume_proxy 1513 -1.14287561 0.876296602 -0.00678377191 0 0 0
volume_proxy 1515 0.306150961 -0.138469144 -0.00734012403 0 0 0
volume_proxy 1516 -0.218347125 -0.855007801 -0.00592847309 0 0 0
volume_proxy 1517 -0.773251765 -0.392015255 0.0103929655 0 0 0
volume_proxy 1519 0.263473827 -0.142191576 0.00714036286 0 0 0
volume_proxy 1520 0.589995465 -0.497890489 0.00941122777 0 0 0
volume_proxy 1521 -0.539550229 -0.0775288476 0.000470974925 0 0 0
volume_proxy 1522 0.222588013 0.758405236 -0.00358850397 0 0 0
volume_proxy 1523 1.46955361 -0.211884308 0.00399470473 0 0 0
volume_proxy 1525 -0.834151312 0.772504368 0.00296109448 0 0 0
volume_proxy 1526 1.10184598 -0.308353317 -0.00011682532 0 0 0
volume_proxy 1527 -0.948175542 -0.00452876186 -0.00386849721 0 0 0
volume_proxy 1528 0.415092098 -0.625566191 -0.00835710117 0 0 0
