volume_proxy 0 0.468313817 0.483940204 0.00727265859 0 0 0
volume_proxy 5 1.20838447 -0.506061193 -0.00221460417 0 0 0
volume_proxy 6 -0.393784101 0.332899801 -0.00326129996 0 0 0
volume_proxy 11 1.31266406 0.73723554 -0.00488644055 0 0 0
volume_proxy 12 0.333905836 -0.731212167 0.00896253269 0 0 0
volume_proxy 14 -0.932700114 0.650873505 -0.00948535059 0 0 0
volume_proxy 23 1.47022714 -0.902055568 0.00467166299 0 0 0
volume_proxy 38 0.420407292 0.00661997678 0.0101767664 0 0 0
volume_proxy 40 -0.033256167 -0.821499019 0.00932227605 0 0 0
volume_proxy 50 -0.904752824 0.0463301136 -0.00685864403 0 0 0
volume_proxy 53 -0.523842408 0.548876383 -0.00312612898 0 0 0
volume_proxy 58 1.08697772 -0.884815473 -0.0100974531 0 0 0
volume_proxy 60 0.768935237 0.802679029 0.0103729558 0 0 0
volume_proxy 85 -0.692803272 0.559961449 0.00233059385 0 0 0
volume_proxy 97 1.09889135 0.466568605 -1.77488974e-05 0 0 0
volume_proxy 107 0.880845572 -0.148389828 0.0100035673 0 0 0
volume_proxy 127 -1.39796421 -0.265631973 0.00647809136 0 0 0
volume_proxy 130 0.697253293 0.704353373 -0.00234997119 0 0 0
volume_proxy 140 -0.628151396 0.976909996 0.00828518858 0 0 0
volume_proxy 157 0.938940298 0.49479154 -0.00862752215 0 0 0
volume_proxy 159 0.668212255 0.966875496 -0.00757070078 0 0 0
volume_proxy 161 0.542843998 0.66043726 0.00188621119 0 0 0
volume_proxy 176 1.00444563 -0.454851765 -0.00554785068 0 0 0
volume_proxy 186 -1.23338941 -0.240979309 -0.00180106186 0 0 0
volume_proxy 189 -0.809675952 0.667199898 -0.00655262667 0 0 0
volume_proxy 195 -0.0290962547 0.0355890085 -0.00475894948 0 0 0
volume_proxy 196 0.662166267 0.308001875 0.00165752027 0 0 0
volume_proxy 200 -0.344769136 -0.792635342 0.0103562842 0 0 0
volume_proxy 202 0.199337987 0.797825808 -0.00657344089 0 0 0
volume_proxy 209 -0.874816874 -0.122161292 -0.00536881138 0 0 0
volume_proxy 210 -0.110617399 0.581826985 -0.00811603461 0 0 0
volume_proxy 226 0.437004491 -0.370627964 0.00845136889 0 0 0
volume_proxy 236 0.575293258 0.547567292 0.00892451451 0 0 0
volume_proxy 247 1.14010088 0.943217408 -0.00645622289 0 0 0
volume_proxy 256 -1.41074745 0.718671701 0.0096077397 0 0 0
volume_proxy 259 0.293721101 0.537540019 -0.00193585865 0 0 0
volume_proxy 269 -0.977782584 -0.392698068 0.0051896142 0 0 0
volume_proxy 277 -1.35717335 -0.294452969 0.00746100667 0 0 0
volume_proxy 296 -1.18423834 -0.381242288 -0.00704504626 0 0 0
volume_proxy 305 1.0490591 -0.298736132 0.00541027463 0 0 0
volume_proxy 310 -0.547840229 -0.819444774 0.00252907449 0 0 0
volume_proxy 344 -1.42783925 0.337956026 0.0102387134 0 0 0
volume_proxy 347 0.0630868104 0.33397324 0.00443630252 0 0 0
volume_proxy 356 -0.416701717 0.88378776 -0.00378166254 0 0 0
volume_proxy 375 0.842425883 -0.659474535 0.00725344086 0 0 0
volume_proxy 388 0.49756011 0.0726376919 0.00916981934 0 0 0
volume_proxy 802 1.24064801 -0.473411506 -0.00328565292 0 0 0
volume_proxy 1052 -0.95214458 -0.666088334 0.00152009305 0 0 0
volume_proxy 1066 -0.272421396 -0.1301642 -0.0106350515 0 0 0
volume_proxy 1120 -0.155857467 -0.0833761309 -0.0103930435 0 0 0
volume_proxy 1166 -0.436068937 0.133642336 0.00129729933 0 0 0
volume_proxy 1169 1.07084 -0.917037932 -0.00874567066 0 0 0
volume_proxy 1193 -1.2501114 -0.409021291 0.00688576038 0 0 0
volume_proxy 1225 -0.467902072 -0.0651444081 0.00276911509 0 0 0
volume_proxy 1245 -1.37673316 0.0235940484 -0.000507767563 0 0 0
volume_proxy 1280 -0.974547612 0.688489055 -0.00260681419 0 0 0
volume_proxy 1285 -1.11650582 -0.400171758 0.00491245784 0 0 0
volume_proxy 1295 -0.62303885 0.209832723 -0.00519439117 0 0 0
volume_proxy 1296 0.362077295 -0.334879273 0.00395919801 0 0 0
volume_proxy 1340 1.1783619 0.598812873 -0.00628803736 0 0 0
volume_proxy 1380 0.249943561 0.961410448 0.00011065372 0 0 0
volume_proxy 1386 0.419654887 0.155448942 -0.00980086617 0 0 0
volume_proxy 1397 0.901370494 0.812326455 0.00173071855 0 0 0
volume_proxy 1409 -0.00842766631 0.973383222 -0.000464030107 0 0 0
volume_proxy 1413 0.934523127 0.783068663 0.00955557877 0 0 0
volume_proxy 1422 0.558000717 -0.44677026 0.0101775685 0 0 0
volume_proxy 1433 1.25241403 0.974783613 -0.00598782804 0 0 0
volume_proxy 1434 0.0421572066 -0.962342878 0.00503835509 0 0 0
volume_proxy 1437 -0.135525165 0.00191329834 0.000935959084 0 0 0
volume_proxy 1439 0.168490538 0.24562313 0.00346934227 0 0 0
volume_proxy 1447 0.59013057 -0.891252068 -0.00592239436 0 0 0
volume_proxy 1459 -0.740408375 0.455484841 -0.001060002 0 0 0
volume_proxy 1460 0.962034748 0.41346232 0.00805671117 0 0 0
volume_proxy 1461 -1.22870952 0.634871599 -0.00758253658 0 0 0
volume_proxy 1466 -0.629646489 -0.162498963 -0.00744092108 0 0 0
volume_proxy 1472 -1.19129578 0.59697932 0.00340737514 0 0 0
volume_proxy 1474 0.432182455 -0.903231861 -0.00250213098 0 0 0
volume_proxy 1481 0.927107608 0.795958357 -0.00997193842 0 0 0
volume_proxy 1482 1.28513394 -0.154850796 -0.00963852337 0 0 0
volume_proxy 1485 0.580266289 -0.557846485 0.00708917203 0 0 0
volume_proxy 1489 0.119975202 -0.262363417 0.0027440491 0 0 0
volume_proxy 1490 1.42865372 0.951934071 0.00455211657 0 0 0
volume_proxy 1492 0.721361512 0.472174205 -0.0106577989 0 0 0
volume_proxy 1493 0.346756485 0.320333302 0.00221267874 0 0 0
volume_proxy 1494 1.13360946 0.0186235341 0.0040148955 0 0 0
volume_proxy 1496 -0.959331849 0.933332245 0.0106124859 0 0 0
volume_proxy 1498 -0.738727888 0.343433834 -0.00667709382 0 0 0
volume_proxy 1501 -0.3667884 -0.756922168 0.00100906028 0 0 0
volume_proxy 1503 -0.0194582488 0.36127126 0.00147979449 0 0 0
volume_proxy 1506 0.489670179 0.978310584 -0.00700974486 0 0 0
volume_proxy 1507 -1.03387325 -0.38143931 0.00379866964 0 0 0
volume_proxy 1508 -0.627528865 -0.815302084 0.00306318974 0 0 0
volume_proxy 1509 -1.09113998 0.778627182 -0.000114579085 0 0 0
volume_proxy 1510 0.207379829 -0.560950299 -0.00890470578 0 0 0
volume_proxy 1511 1.32784542 0.721198886 -0.0080696648 0 0 0
volume_proxy 1513 -1.21681619 0.890837776 -0.000186757192 0 0 0
volume_proxy 1515 0.384230965 -0.157743701 -0.0063787444 0 0 0
volume_proxy 1516 -0.203747583 -0.878048742 0.00374239008 0 0 0
volume_proxy 1517 -0.752139316 -0.39147381 0.00702024948 0 0 0
volume_proxy 1519 0.224767675 -0.164653549 0.00686643016 0 0 0
volume_proxy 1520 0.654352589 -0.494019204 -0.000492176979 0 0 0
volume_proxy 1521 -0.540221355 -0.0089943698 0.00879378598 0 0 0
volume_proxy 1522 0.207316731 0.777652151 0.0106027786 0 0 0
volume_proxy 1523 1.46698789 -0.260677629 -0.00460909787 0 0 0
volume_proxy 1525 -0.823465642 0.76466603 -0.00644661591 0 0 0
volume_proxy 1526 1.08278368 -0.307836472 0.00440665605 0 0 0
volume_proxy 1528 0.460282546 -0.634725878 -0.0101534841 0 0 0
volume_proxy 1529 -0.941247938 -0.00578230079 -0.00531648774 0 0 0
volume_proxy 1530 -0.904299123 -0.00711143192 0.00583414435 0 0 0
