volume_proxy 0 -0.138318456 -0.481199023 -0.00469728138 0 0 0
volume_proxy 6 -0.294272675 0.239064405 -0.00030655066 0 0 0
volume_proxy 11 0.90400996 0.355128461 -0.00162383283 0 0 0
volume_proxy 12 1.28348214 -0.528725687 -0.00472177122 0 0 0
volume_proxy 14 -1.36539785 0.61121121 0.00346109945 0 0 0
volume_proxy 23 1.18807025 -0.518165873 -0.00909910887 0 0 0
volume_proxy 38 -1.12996829 -0.983400785 -0.00874724793 0 0 0
volume_proxy 40 -1.19694094 -0.572786142 -0.00619262919 0 0 0
volume_proxy 50 -1.05858997 -0.473133636 0.00849139805 0 0 0
volume_proxy 53 -1.43505655 0.950625786 0.00527463829 0 0 0
volume_proxy 58 0.75806571 -0.210335734 0.00868974106 0 0 0
volume_proxy 60 -0.468832931 0.870604804 -0.00977358557 0 0 0
volume_proxy 85 -0.816674797 0.695294545 -0.00374254666 0 0 0
volume_proxy 97 0.569985836 0.602272056 -0.0102761622 0 0 0
volume_proxy 107 0.0994304072 0.0485702582 0.00725367757 0 0 0
volume_proxy 127 -1.28744915 -0.764303219 -0.00484161278 0 0 0
volume_proxy 130 0.0690901696 -0.893651877 0.00266775411 0 0 0
volume_proxy 140 0.377587917 -0.195763081 0.00150064854 0 0 0
volume_proxy 157 0.709486389 -0.156731015 0.00988981807 0 0 0
volume_proxy 159 0.100233214 0.716615341 0.00974510691 0 0 0
volume_proxy 161 -0.32156381 -0.330827129 -0.00492879582 0 0 0
volume_proxy 176 0.519646665 0.437760959 -0.00765208776 0 0 0
volume_proxy 186 -0.853157801 -0.00793085208 -0.000134632578 0 0 0
volume_proxy 189 -0.919077271 -0.63855966 -0.00447511674 0 0 0
volume_proxy 195 -1.27346223 -0.631880915 -0.00547859368 0 0 0
volume_proxy 196 -0.958858539 0.454849665 0.000449069676 0 0 0
volume_proxy 200 -1.49161716 0.895290082 0.0102603097 0 0 0
volume_proxy 202 -0.806749924 0.0386284488 -0.00888032066 0 0 0
volume_proxy 209 -1.20694642 0.047134377 0.00233741567 0 0 0
volume_proxy 210 0.256673872 0.594906218 -0.000494570502 0 0 0
volume_proxy 226 1.11753191 0.243166914 0.00784990209 0 0 0
volume_proxy 236 0.670682447 -0.166683289 0.00302000573 0 0 0
volume_proxy 247 -0.0470728343 -0.799346657 0.00220782638 0 0 0
volume_proxy 256 0.557262477 -0.768477456 -0.00971635005 0 0 0
volume_proxy 259 0.560069452 -0.0236355057 0.00555305284 0 0 0
volume_proxy 269 -1.29009138 0.952125942 -0.00479970289 0 0 0
volume_proxy 277 -1.18446915 -0.461847543 0.0059943979 0 0 0
volume_proxy 296 -0.968096354 -0.16339825 -0.00125288995 0 0 0
volume_proxy 305 0.541764395 -0.580939023 0.00940879079 0 0 0
volume_proxy 310 1.18123529 0.687315162 -0.00277420473 0 0 0
volume_proxy 344 -1.0198261 -0.566760948 -0.00347437566 0 0 0
volume_proxy 347 -0.31746124 0.897790598 0.000760710399 0 0 0
volume_proxy 356 -0.155096714 0.119552748 0.00483298111 0 0 0
volume_proxy 375 0.819726264 -0.415618703 -0.00421568092 0 0 0
volume_proxy 388 1.46038648 -0.569143423 -0.00655267167 0 0 0
volume_proxy 1052 -0.867153781 -0.28637785 -0.00432919125 0 0 0
volume_proxy 1066 -0.347976782 0.118862928 -0.00549486361 0 0 0
volume_proxy 1120 -0.729467458 0.920588106 0.00804714156 0 0 0
volume_proxy 1166 -0.654410277 -0.985838003 0.005115794 0 0 0
volume_proxy 1193 -0.89045531 -0.426917464 -0.00835740646 0 0 0
volume_proxy 1225 -1.13162475 -0.94620428 0.00922386495 0 0 0
volume_proxy 1245 -1.48824651 0.954951163 -0.0104706395 0 0 0
volume_proxy 1280 -1.48070268 0.836067727 -0.00541735898 0 0 0
volume_proxy 1285 -0.863834597 0.722758829 0.00386317667 0 0 0
volume_proxy 1295 0.404303318 0.388944388 -0.00852219887 0 0 0
volume_proxy 1296 -0.534052139 -0.395356878 -0.00782175147 0 0 0
volume_proxy 1340 1.19540135 -0.0361608933 -0.00525561799 0 0 0
volume_proxy 1380 -1.48668694 -0.0729526777 0.00583986734 0 0 0
volume_proxy 1386 1.13608317 0.950280674 -0.00343763536 0 0 0
volume_proxy 1397 0.295698919 0.600760809 -0.0100809971 0 0 0
volume_proxy 1409 0.615626313 0.318147878 -0.00788486034 0 0 0
volume_proxy 1413 0.802307956 0.370456631 -0.00554830689 0 0 0
volume_proxy 1422 0.846757515 -0.813476231 0.00084739965 0 0 0
volume_proxy 1433 1.3059545 0.87057963 0.00943153091 0 0 0
volume_proxy 1437 -0.204159984 -0.83549034 -0.00505193537 0 0 0
volume_proxy 1459 -0.674272747 -0.246772559 -0.0065109827 0 0 0
volume_proxy 1460 -0.8713414 0.344800925 -0.00518714439 0 0 0
volume_proxy 1461 -1.02314103 0.734113134 -0.00821303409 0 0 0
volume_proxy 1472 -1.2560883 -0.295111091 0.00984715216 0 0 0
volume_proxy 1474 1.19945865 0.234648449 0.00920001407 0 0 0
volume_proxy 1481 -0.113365559 0.420432267 0.00356133397 0 0 0
volume_proxy 1482 0.805659879 0.705015079 -0.00446325139 0 0 0
volume_proxy 1485 0.835936753 -0.572186954 -0.00830772257 0 0 0
volume_proxy 1489 0.177760426 -0.977995566 -0.00292974646 0 0 0
volume_proxy 1490 0.995572241 0.484373873 0.00100028183 0 0 0
volume_proxy 1496 -1.35607079 0.427828367 -0.00871879532 0 0 0
volume_proxy 1498 0.0500584979 -0.168433281 0.00284570685 0 0 0
volume_proxy 1503 -1.12208088 -0.570146527 0.00809607976 0 0 0
volume_proxy 1506 0.458484161 0.752329159 0.00206106586 0 0 0
volume_proxy 1507 -0.477808509 -0.693709209 -0.00451359019 0 0 0
volume_proxy 1508 -0.683080341 -0.206780474 -0.00154877738 0 0 0
volume_proxy 1509 -0.991484611 -0.074217766 -0.00907134109 0 0 0
volume_proxy 1510 -0.561346496 -0.985485078 0.00464996556 0 0 0
volume_proxy 1513 -1.25295807 0.311535475 0.0103983604 0 0 0
volume_proxy 1515 0.431207678 -0.821471601 0.00283379635 0 0 0
volume_proxy 1516 -0.144546002 -0.683355899 0.00263118946 0 0 0
volume_proxy 1517 -1.16295442 -0.451363603 0.00688613719 0 0 0
volume_proxy 1519 0.34942704 -0.0113741627 -0.00379649048 0 0 0
volume_proxy 1520 0.0992547427 -0.538536576 0.0100136535 0 0 0
volume_proxy 1521 -1.25547516 -0.916578573 0.00028891176 0 0 0
volume_proxy 1523 0.174081078 0.0220498788 -0.00362517757 0 0 0
volume_proxy 1525 -0.589723067 0.876246497 0.00689924989 0 0 0
volume_proxy 1526 1.4704777 -0.237721906 -0.000359102282 0 0 0
volume_proxy 1528 1.19524743 -0.977993646 -0.00779126629 0 0 0
volume_proxy 1529 -1.01240232 0.0511547138 -0.00163685132 0 0 0
volume_proxy 1531 0.367629341 0.967720396 0.00517663699 0 0 0
volume_proxy 1533 1.0106001 0.553080399 -0.00554732687 0 0 0
volume_proxy 1534 -0.80305457 0.201622526 0.00263942665 0 0 0
volume_proxy 1536 -0.626842602 -0.695051273 -0.00848912503 0 0 0
volume_proxy 1537 -0.525915617 -0.616366709 -0.0107437327 0 0 0
volume_proxy 1538 1.14394197 -0.184830781 -0.00507054272 0 0 0
volume_proxy 1539 0.270375183 0.781067994 -0.0106919769 0 0 0
volume_proxy 1540 1.31980845 0.13869871 0.00172534145 0 0 0
