volume_proxy 0 -0.0808972488 0.455216935 -0.00133737155 0 0 0
volume_proxy 6 -0.430316723 0.521338073 -0.0051761935 0 0 0
volume_proxy 11 1.08594238 0.555500221 -0.00808621743 0 0 0
volume_proxy 12 0.651055204 -0.0554286 -0.0062448554 0 0 0
volume_proxy 14 -0.881482112 0.474085169 -0.00542693244 0 0 0
volume_proxy 23 1.01873524 -0.696233972 -0.00203503015 0 0 0
volume_proxy 38 -1.03324814 -0.809332597 0.00791906237 0 0 0
volume_proxy 40 -1.21793877 -0.0812634086 -0.00481774717 0 0 0
volume_proxy 50 -0.765474383 -0.466750819 0.00999079329 0 0 0
volume_proxy 53 -1.06578032 0.827981356 0.00438025033 0 0 0
volume_proxy 58 0.46934954 -0.727342995 -0.0103356488 0 0 0
volume_proxy 60 0.365190755 0.30789802 0.00884252715 0 0 0
volume_proxy 85 -1.01380427 0.519359225 -0.00805925221 0 0 0
volume_proxy 97 1.01925806 0.752557181 -0.0031356969 0 0 0
volume_proxy 107 1.45052901 0.238552447 -0.00806629693 0 0 0
volume_proxy 127 -1.33982848 -0.954908469 -0.00139593845 0 0 0
volume_proxy 130 0.726468316 0.600369268 0.000353172351 0 0 0
volume_proxy 140 -0.844209636 0.625893304 6.0306299e-05 0 0 0
volume_proxy 157 0.946113407 -0.0790713278 -0.000716835811 0 0 0
volume_proxy 159 0.927418746 0.357172511 0.0107251696 0 0 0
volume_proxy 161 -0.144242342 0.417759369 0.00992899147 0 0 0
volume_proxy 176 1.32526059 -0.262333978 0.00547886324 0 0 0
volume_proxy 186 -0.553065489 -0.00115943435 -0.00169365714 0 0 0
volume_proxy 189 -1.15713072 -0.341528828 0.00369631005 0 0 0
volume_proxy 195 -1.43377048 -0.88741857 -0.00157596791 0 0 0
volume_proxy 196 0.500193369 0.429220462 0.00665022792 0 0 0
volume_proxy 200 -0.928899664 -0.668711948 -0.00877515138 0 0 0
volume_proxy 202 0.60632699 0.914342015 -0.00633003254 0 0 0
volume_proxy 209 -1.01130028 0.273413953 -0.00595722876 0 0 0
volume_proxy 210 -0.200785273 0.823314533 0.00615181957 0 0 0
volume_proxy 226 0.15826357 -0.473388414 0.00309170494 0 0 0
volume_proxy 236 1.4704667 -0.590547055 -0.00209192276 0 0 0
volume_proxy 247 1.34712031 0.383617985 -0.000485430659 0 0 0
volume_proxy 256 -0.887030414 0.6732761 -0.00597876487 0 0 0
volume_proxy 259 0.421608543 0.975507615 0.00413480979 0 0 0
volume_proxy 269 -0.791633384 0.195726556 -0.00403830153 0 0 0
volume_proxy 277 -1.03222576 -0.132547913 0.00846074252 0 0 0
volume_proxy 296 -1.23716387 0.687228931 -0.00100301168 0 0 0
volume_proxy 305 0.45645191 -0.418039618 0.00222030992 0 0 0
volume_proxy 310 0.00755082753 -0.247330855 -0.00639977224 0 0 0
volume_proxy 344 -1.23527573 -0.187314034 -0.00639186123 0 0 0
volume_proxy 347 0.313108218 0.613349074 -0.00286659729 0 0 0
volume_proxy 356 -0.601811536 0.292785777 -0.005784116 0 0 0
volume_proxy 375 0.717010661 0.0154834897 0.00333873479 0 0 0
volume_proxy 388 1.32334422 0.136846188 0.00670856323 0 0 0
volume_proxy 802 1.00898429 -0.188050699 0.00466959221 0 0 0
volume_proxy 1052 -0.954421174 -0.676080402 0.00308630796 0 0 0
volume_proxy 1066 -0.382771906 -0.00594165949 -0.00137798412 0 0 0
volume_proxy 1120 -0.677932396 -0.177798495 -0.00512178377 0 0 0
volume_proxy 1166 -0.769067995 0.00320093462 0.00501352751 0 0 0
volume_proxy 1193 -1.25844671 -0.807184974 0.00134135739 0 0 0
volume_proxy 1225 -0.292448601 -0.0755826573 0.00559221725 0 0 0
volume_proxy 1245 -0.997022538 -0.217331723 -0.00684221777 0 0 0
volume_proxy 1280 -0.554086486 0.743816955 -0.000241028356 0 0 0
volume_proxy 1285 -1.28008107 0.292927487 -0.0035670128 0 0 0
volume_proxy 1295 0.189191728 -0.13612723 -0.00171543242 0 0 0
volume_proxy 1296 0.281640308 -0.632268273 -0.000688452241 0 0 0
volume_proxy 1340 0.741866002 0.879601134 0.000105118115 0 0 0
volume_proxy 1380 -0.344071129 0.1601002 0.00901873653 0 0 0
volume_proxy 1386 1.43855452 0.362767942 -0.00643147042 0 0 0
volume_proxy 1397 1.00030704 0.958807275 0.0101971681 0 0 0
volume_proxy 1409 -0.361132103 0.665004979 -0.000457192882 0 0 0
volume_proxy 1413 0.495548135 0.623624585 0.00109743498 0 0 0
volume_proxy 1422 0.39873217 -0.297331973 0.00397416677 0 0 0
volume_proxy 1433 1.44373803 0.76783121 -0.00632578263 0 0 0
volume_proxy 1437 -0.045239079 -0.0215123063 0.00691328762 0 0 0
volume_proxy 1447 1.00578091 -0.174463281 -0.000684370888 0 0 0
volume_proxy 1459 -1.41045827 0.310956031 -0.00576110055 0 0 0
volume_proxy 1460 -0.00466609282 0.236868329 -0.00937026128 0 0 0
volume_proxy 1461 -0.841605024 0.818756545 -0.00357327303 0 0 0
volume_proxy 1466 -0.904966206 -0.0634357605 0.00536746277 0 0 0
volume_proxy 1472 -0.815034776 0.823193144 0.00988574499 0 0 0
volume_proxy 1474 0.945245263 -0.56630567 -0.0071796466 0 0 0
volume_proxy 1481 0.779682323 0.598709093 -0.00200055069 0 0 0
volume_proxy 1482 0.958201555 0.0168909238 -0.00689502317 0 0 0
volume_proxy 1485 0.445207349 0.0272423942 -0.00885722093 0 0 0
volume_proxy 1489 0.042904709 -0.988852356 -0.00956659126 0 0 0
volume_proxy 1490 0.858543595 0.931459514 0.00488913498 0 0 0
volume_proxy 1494 1.47530646 -0.0414940095 0.00526256503 0 0 0
volume_proxy 1496 -1.33528931 0.160375911 0.00328388707 0 0 0
volume_proxy 1498 -0.138317507 0.344348897 -0.00842827457 0 0 0
volume_proxy 1503 -0.399912399 -0.0592412349 -0.00267492523 0 0 0
volume_proxy 1506 0.321583111 0.856765481 0.00788502356 0 0 0
volume_proxy 1507 -1.10139973 -0.188842207 -0.00294144358 0 0 0
volume_proxy 1508 -0.667904814 -0.537293015 -0.00103168445 0 0 0
volume_proxy 1509 -1.36556215 0.0311543339 0.00407738513 0 0 0
volume_proxy 1510 -0.134212179 -0.81078614 -0.00582310992 0 0 0
volume_proxy 1511 1.40826845 0.931741849 0.00104559245 0 0 0
volume_proxy 1513 -1.29021929 0.378688466 0.00824478414 0 0 0
volume_proxy 1515 0.664700663 -0.347848032 0.010654428 0 0 0
volume_proxy 1516 -0.341376466 -0.993680122 0.0100087971 0 0 0
volume_proxy 1517 -0.70256083 -0.257036528 -0.00964718109 0 0 0
volume_proxy 1519 0.237665128 -0.532867882 0.00211413648 0 0 0
volume_proxy 1520 0.0434863974 0.154392412 0.0103686718 0 0 0
volume_proxy 1521 -1.25215536 -0.507148849 -0.00184403434 0 0 0
volume_proxy 1523 0.91627172 -0.0876175903 -0.00322770622 0 0 0
volume_proxy 1525 -0.849918716 0.715390918 -0.00448861133 0 0 0
volume_proxy 1526 1.25193699 -0.558065965 0.00877756765 0 0 0
volume_proxy 1528 0.627886289 -0.762399306 0.0100377509 0 0 0
volume_proxy 1529 -0.969710331 0.0693527858 0.00231038965 0 0 0
volume_proxy 1530 -0.735301425 -0.781201853 0.00850143476 0 0 0
volume_proxy 1531 0.672968204 0.495325969 0.004329803 0 0 0
volume_proxy 1532 -0.466094348 -0.927603615 0.0061084366 0 0 0
volume_proxy 1533 1.41345073 -0.409511476 -0.0067294104 0 0 0
volume_proxy 1534 0.163075826 0.90191775 -0.00195131537 0 0 0
volume_proxy 1535 0.161393373 0.899823938 0.00730295631 0 0 0
