volume_proxy 0 -0.00397307603 0.488177791 -0.00656204686 0 0 0
volume_proxy 6 -0.342026786 0.607890618 0.00309034078 0 0 0
volume_proxy 11 1.19514153 0.722545122 -0.00755514728 0 0 0
volume_proxy 12 0.667585124 -0.429797947 0.00153715235 0 0 0
volume_proxy 14 -0.89130201 0.49861407 0.00811895291 0 0 0
volume_proxy 23 1.07666924 -0.902487651 0.00769680467 0 0 0
volume_proxy 38 -0.947122201 -0.95717302 -0.0076717322 0 0 0
volume_proxy 40 -1.07218507 -0.00100739908 0.00633983174 0 0 0
volume_proxy 50 -0.790332894 -0.551557133 0.000713766678 0 0 0
volume_proxy 53 -1.44188886 0.607537974 -0.0100182924 0 0 0
volume_proxy 58 0.411388635 -0.972398246 0.00987147084 0 0 0
volume_proxy 60 0.607073221 0.300454211 0.000596212217 0 0 0
volume_proxy 85 -1.02946813 0.571662531 0.00257179591 0 0 0
volume_proxy 97 0.788308867 0.67527248 0.00117018291 0 0 0
volume_proxy 107 1.38469503 0.0111655705 -0.00137033916 0 0 0
volume_proxy 127 -1.09691181 -0.88996617 -0.000914938945 0 0 0
volume_proxy 130 0.670322486 0.587276926 -0.00973638113 0 0 0
volume_proxy 140 -0.907992869 0.501213033 0.0014985769 0 0 0
volume_proxy 157 0.757643433 -0.200743042 -0.0052051172 0 0 0
volume_proxy 159 1.09621966 0.24909148 0.00263961897 0 0 0
volume_proxy 161 0.0807133208 0.717755369 -0.00763144883 0 0 0
volume_proxy 176 1.22205512 -0.331409095 2.78432548e-05 0 0 0
volume_proxy 186 -0.214639899 -0.148431288 -0.00516685218 0 0 0
volume_proxy 189 -1.18223457 -0.0432938792 0.00894456487 0 0 0
volume_proxy 195 -1.19348847 -0.911340791 0.00906007321 0 0 0
volume_proxy 196 0.666069076 0.305899749 -0.00939790223 0 0 0
volume_proxy 200 -0.79279162 -0.66925421 0.00271201898 0 0 0
volume_proxy 202 0.591862475 0.930748653 0.000590222958 0 0 0
volume_proxy 209 -0.70455946 0.15875099 -0.00134104539 0 0 0
volume_proxy 210 -0.230375901 0.644996229 -0.00164056544 0 0 0
volume_proxy 226 -0.0564821774 -0.235566708 0.000120432648 0 0 0
volume_proxy 236 1.32949792 -0.69037369 0.000829913329 0 0 0
volume_proxy 247 1.1112285 0.680703265 -4.20049672e-05 0 0 0
volume_proxy 256 -0.684400286 0.833327177 -0.00836160705 0 0 0
volume_proxy 259 0.507079773 0.79583528 0.00840493618 0 0 0
volume_proxy 269 -0.458784269 0.286164481 -0.00335352029 0 0 0
volume_proxy 277 -1.04088393 -0.40508906 0.000602125157 0 0 0
volume_proxy 296 -1.1929557 0.668671477 -0.006057765 0 0 0
volume_proxy 305 0.585906079 -0.499349273 0.00806723633 0 0 0
volume_proxy 310 -0.205720621 -0.378130017 -0.00532968606 0 0 0
volume_proxy 344 -1.29843686 -0.11425342 0.00276938516 0 0 0
volume_proxy 347 0.329916058 0.489754224 -0.0051408437 0 0 0
volume_proxy 356 -0.669724937 0.396144697 -0.00172292398 0 0 0
volume_proxy 375 0.631128572 -0.259328735 -0.00413427473 0 0 0
volume_proxy 388 1.2572021 -0.0261579503 0.00819728198 0 0 0
volume_proxy 802 0.932923282 -0.0483934579 0.00722207685 0 0 0
volume_proxy 1052 -0.995612401 -0.779936634 0.000923449811 0 0 0
volume_proxy 1066 -0.18561445 -0.0869610293 0.00257203133 0 0 0
volume_proxy 1120 -0.587709299 -0.167868418 -0.00558431087 0 0 0
volume_proxy 1166 -0.702207056 -0.091048905 0.00141058287 0 0 0
volume_proxy 1193 -1.19572064 -0.839701978 -0.00497546601 0 0 0
volume_proxy 1225 -0.326431685 -0.0501185497 -0.00196320481 0 0 0
volume_proxy 1245 -1.18659522 -0.164297984 0.00279476463 0 0 0
volume_proxy 1280 -0.552743101 0.773446565 -0.00268407288 0 0 0
volume_proxy 1285 -0.839300726 0.358620892 -0.000197055163 0 0 0
volume_proxy 1295 0.140142287 0.0315760328 1.54857275e-05 0 0 0
volume_proxy 1296 0.193589039 -0.537994614 0.00728850172 0 0 0
volume_proxy 1340 0.878682784 0.977863367 -0.00462994834 0 0 0
volume_proxy 1380 -0.492988303 0.168419516 -0.00797055204 0 0 0
volume_proxy 1386 1.41439591 0.436278415 0.00435319221 0 0 0
volume_proxy 1397 0.908120622 0.744259393 -0.00757388494 0 0 0
volume_proxy 1409 -0.28819179 0.472425678 0.0105436851 0 0 0
volume_proxy 1413 0.613051451 0.693683367 0.00482311834 0 0 0
volume_proxy 1422 0.605828348 -0.150953936 -0.00430399919 0 0 0
volume_proxy 1433 1.37308519 0.767967895 0.00448080814 0 0 0
volume_proxy 1437 -0.00581297218 0.138023371 0.000437831464 0 0 0
volume_proxy 1439 0.194087437 0.988900017 -0.000197499692 0 0 0
volume_proxy 1447 0.908696505 -0.282223484 -0.00321436131 0 0 0
volume_proxy 1459 -1.36725514 0.40229457 0.00896873961 0 0 0
volume_proxy 1460 0.0205400414 0.331059524 -0.00966152863 0 0 0
volume_proxy 1461 -0.748339397 0.841304452 0.00659279007 0 0 0
volume_proxy 1466 -0.781571846 -0.141278462 -0.00398771542 0 0 0
volume_proxy 1472 -0.967624447 0.718209208 -0.00523497294 0 0 0
volume_proxy 1474 1.13774448 -0.645028468 0.0104749231 0 0 0
volume_proxy 1481 0.72811765 0.648205442 0.00819323713 0 0 0
volume_proxy 1482 1.10634236 -0.0753859538 -0.00470224168 0 0 0
volume_proxy 1485 0.484416701 -0.00872942026 0.0053315654 0 0 0
volume_proxy 1489 0.0801676791 -0.931687662 0.00703328053 0 0 0
volume_proxy 1490 0.903071308 0.960928252 0.0065343798 0 0 0
volume_proxy 1494 1.27200583 0.013164777 -0.0100134754 0 0 0
volume_proxy 1496 -1.06570601 0.292902832 -0.00904703713 0 0 0
volume_proxy 1498 -0.13335004 0.231311643 -0.00793351332 0 0 0
volume_proxy 1503 -0.469083347 -0.0914176024 0.00381330399 0 0 0
volume_proxy 1506 0.460246313 0.808336355 -0.0101527045 0 0 0
volume_proxy 1507 -1.15213595 -0.353131247 0.00665968173 0 0 0
volume_proxy 1508 -0.731637971 -0.588932989 -0.000992787137 0 0 0
volume_proxy 1509 -1.39540773 0.322012252 -0.00297458365 0 0 0
volume_proxy 1510 -0.0658494173 -0.834124995 0.00211687207 0 0 0
volume_proxy 1511 1.40426097 0.897079623 0.00537385326 0 0 0
volume_proxy 1513 -1.32238266 0.56793607 0.000589977408 0 0 0
volume_proxy 1515 0.59797218 -0.334385452 0.00939269668 0 0 0
volume_proxy 1516 -0.361140807 -0.914466499 0.00102382759 0 0 0
volume_proxy 1517 -0.791337518 -0.467023514 -0.00354044169 0 0 0
volume_proxy 1519 0.103937247 -0.201137114 -0.00300261742 0 0 0
volume_proxy 1520 0.0512404345 0.152689191 0.00593245697 0 0 0
volume_proxy 1521 -1.19771636 -0.421305988 -0.00855694847 0 0 0
volume_proxy 1522 0.0935205402 0.946161734 0.00198735762 0 0 0
volume_proxy 1523 1.02994766 0.0208152422 0.006409147 0 0 0
volume_proxy 1525 -0.818239188 0.725512875 -0.00144633138 0 0 0
volume_proxy 1526 1.31263747 -0.6146652 -0.00420739009 0 0 0
volume_proxy 1528 0.641899683 -0.796043083 -0.000901683588 0 0 0
volume_proxy 1529 -0.924138584 0.139683452 0.00452845338 0 0 0
volume_proxy 1530 -0.794293665 -0.864597795 0.000585824839 0 0 0
volume_proxy 1531 0.850792847 0.538999287 -0.00288292596 0 0 0
volume_proxy 1532 -0.324361523 -0.98554534 -0.00861548659 0 0 0
volume_proxy 1533 1.39571692 -0.426174918 -0.00777780614 0 0 0
