volume_proxy 0 1.13766339 -0.194404467 -0.00304293654 0 0 0
volume_proxy 4 1.03524683 0.529271449 -0.000630342239 0 0 0
volume_proxy 5 -0.375316083 0.315878863 0.00193362641 0 0 0
volume_proxy 6 1.4737312 0.283577585 -0.003530533 0 0 0
volume_proxy 11 -0.481142519 0.760706581 -0.00769085344 0 0 0
volume_proxy 12 0.416006015 -0.167078871 0.0107886863 0 0 0
volume_proxy 13 -1.24624173 -0.686978775 -0.00837957851 0 0 0
volume_proxy 14 0.309831837 0.328311535 -0.00116787745 0 0 0
volume_proxy 15 -0.315639329 -0.818257957 0.00389265681 0 0 0
volume_proxy 23 -0.567644115 -0.408537036 0.00637294436 0 0 0
volume_proxy 36 0.554504562 0.935409084 0.00217949444 0 0 0
volume_proxy 38 0.456144995 0.034830168 0.00142993755 0 0 0
volume_proxy 40 -0.0469784599 -0.94959818 0.00983581547 0 0 0
volume_proxy 47 1.05758901 -0.17822769 -0.000867505498 0 0 0
volume_proxy 49 0.0854906902 -0.677175727 -0.00663984378 0 0 0
volume_proxy 50 -0.199611539 -0.728791954 -0.00650446123 0 0 0
volume_proxy 52 -0.981742059 -0.335965508 -0.00887512566 0 0 0
volume_proxy 53 0.304958886 -0.30560204 -0.00571456192 0 0 0
volume_proxy 57 -1.25538494 0.291463281 -0.00718810123 0 0 0
volume_proxy 58 0.497635056 -0.729686654 0.0091281214 0 0 0
volume_proxy 59 -0.649047998 0.844587212 0.00188826531 0 0 0
volume_proxy 60 -0.184086649 0.744374484 0.00606649441 0 0 0
volume_proxy 61 -1.49604912 -0.340549597 0.00234297751 0 0 0
volume_proxy 62 0.0398724972 0.327894291 -0.00115345295 0 0 0
volume_proxy 69 -0.92316836 -0.0153461987 0.0060624888 0 0 0
volume_proxy 72 0.37561585 -0.138812144 -0.00237810258 0 0 0
volume_proxy 81 -1.25340883 0.239308266 -0.00426987751 0 0 0
volume_proxy 85 -0.399815451 0.33478995 0.0106465186 0 0 0
volume_proxy 87 1.24011784 0.883246224 0.00679118055 0 0 0
volume_proxy 88 -1.03434787 0.116871973 0.000513313516 0 0 0
volume_proxy 97 1.21275921 -0.0717708752 0.00892253679 0 0 0
volume_proxy 101 -0.899570512 0.792265865 0.00382241169 0 0 0
volume_proxy 102 0.314303924 -0.38705837 0.00277367441 0 0 0
volume_proxy 105 -0.564430532 -0.570633014 0.00940894359 0 0 0
volume_proxy 106 -0.18742621 -0.755085173 -0.00965549562 0 0 0
volume_proxy 107 0.23144425 0.245699913 -0.0021512697 0 0 0
volume_proxy 108 1.16748944 -0.364620624 0.00679192314 0 0 0
volume_proxy 113 -0.54462014 -0.195527612 -0.00252104983 0 0 0
volume_proxy 125 -0.804401633 -0.0491580989 0.00273380034 0 0 0
volume_proxy 126 -0.154065383 -0.666245689 0.00919475009 0 0 0
volume_proxy 127 0.311789617 0.0893010968 -0.00455653173 0 0 0
volume_proxy 130 1.27077104 0.128525429 0.00953432859 0 0 0
volume_proxy 132 0.630367438 0.793843651 0.0100680871 0 0 0
volume_proxy 135 0.605764167 -0.987322981 -0.000520152862 0 0 0
volume_proxy 140 -0.697609604 0.783250782 -0.010764219 0 0 0
volume_proxy 145 -0.742603808 -0.551901237 -0.010506387 0 0 0
volume_proxy 149 -1.07450695 0.828315452 -0.000692914261 0 0 0
volume_proxy 157 0.664662779 0.445663218 0.0103754381 0 0 0
volume_proxy 159 -0.929831572 -0.5674317 -0.00556151836 0 0 0
volume_proxy 161 -0.13765385 0.0596636138 0.00927103571 0 0 0
volume_proxy 163 -1.41708481 0.210950837 -0.00188502097 0 0 0
volume_proxy 169 1.1985964 0.181523748 0.00236618632 0 0 0
volume_proxy 176 0.140621353 0.108983017 -0.0069018384 0 0 0
volume_proxy 178 -0.674650739 -0.0187298369 -0.00346115641 0 0 0
volume_proxy 186 -0.366009066 -0.135172761 -0.00126151345 0 0 0
volume_proxy 189 -0.808562496 0.306484104 0.00604461553 0 0 0
volume_proxy 194 0.231219502 -0.824359382 0.00920218789 0 0 0
volume_proxy 195 -0.820346172 0.386913378 -0.00391527377 0 0 0
volume_proxy 196 0.633246997 0.546155464 0.00273096842 0 0 0
volume_proxy 198 1.07275267 -0.69474502 -0.00198794646 0 0 0
volume_proxy 200 -1.04140769 -0.353121843 -0.000374512472 0 0 0
volume_proxy 201 -1.18826174 0.23535722 0.0102127492 0 0 0
volume_proxy 202 -0.85429192 0.436352559 -0.00460108339 0 0 0
volume_proxy 208 -1.19330593 0.260022589 -0.00692553514 0 0 0
volume_proxy 209 -0.871051911 -0.318308602 0.0043227767 0 0 0
volume_proxy 210 0.194691217 0.105588938 0.0107575226 0 0 0
volume_proxy 213 0.0660950707 0.0261708489 -0.00445209682 0 0 0
volume_proxy 223 -1.07087813 0.24106041 0.00514873754 0 0 0
volume_proxy 224 1.48210551 -0.876348019 0.00430468687 0 0 0
volume_proxy 226 -0.78020209 -0.6871812 0.0100955898 0 0 0
volume_proxy 228 -0.044931607 0.212632414 0.00140138921 0 0 0
volume_proxy 230 0.568203752 0.944300402 0.00575443777 0 0 0
volume_proxy 232 0.57331079 0.381924962 0.000978581274 0 0 0
volume_proxy 236 0.856737145 0.0815792163 -0.000623510854 0 0 0
volume_proxy 237 0.331814049 0.945116975 -0.00945945593 0 0 0
volume_proxy 242 1.14849951 0.485334272 -0.0103008387 0 0 0
volume_proxy 244 0.701458942 0.829448291 -0.00539413692 0 0 0
volume_proxy 247 1.14612904 -0.19291231 -0.00762127615 0 0 0
volume_proxy 251 0.507615754 0.58651592 -0.00994965315 0 0 0
volume_proxy 256 0.256869099 -0.7113731 0.00465008958 0 0 0
volume_proxy 257 -0.0974005022 0.300889345 0.00198333347 0 0 0
volume_proxy 258 0.488988067 -0.0589829713 0.00551354578 0 0 0
volume_proxy 259 0.606933981 0.443495206 -0.010302899 0 0 0
volume_proxy 269 1.00035877 -0.0389860408 0.000752597537 0 0 0
volume_proxy 271 -1.28155506 0.714378287 0.00742162283 0 0 0
volume_proxy 273 1.47014844 0.275234303 -0.00659556657 0 0 0
volume_proxy 276 0.350322317 0.0951834655 -0.00883896174 0 0 0
volume_proxy 277 -0.221042908 -0.570439188 -0.00652802371 0 0 0
volume_proxy 279 -0.525321254 -0.556100406 0.0081597949 0 0 0
volume_proxy 281 -1.46145476 0.913537069 -0.00125786265 0 0 0
volume_proxy 284 -0.927754399 0.840964194 -0.000747274192 0 0 0
volume_proxy 285 -0.631916845 -0.696915458 -0.00781323989 0 0 0
volume_proxy 294 -0.0991723582 0.742117278 -0.00780440524 0 0 0
volume_proxy 296 0.406640176 -0.538445983 -0.00864424109 0 0 0
volume_proxy 297 1.07939704 0.0510220578 -0.00152060475 0 0 0
volume_proxy 298 0.986805813 -0.680632857 -0.00504801429 0 0 0
volume_proxy 305 0.0839676619 -0.151890353 -0.000381211387 0 0 0
volume_proxy 309 1.04636392 0.871688946 -0.00204186989 0 0 0
volume_proxy 310 0.686845498 0.14566245 0.000255083075 0 0 0
volume_proxy 311 0.373276007 -0.953691982 0.00846207341 0 0 0
volume_proxy 314 -0.468647794 0.316555262 0.00397956081 0 0 0
volume_proxy 315 -0.141042596 0.188736749 -0.0105815039 0 0 0
volume_proxy 319 0.102419944 -0.724310716 -0.00874975186 0 0 0
volume_proxy 321 -0.430313026 -0.936889759 0.00519889858 0 0 0
volume_proxy 322 0.60235699 0.49186372 0.00887039257 0 0 0
volume_proxy 324 -0.914121004 -0.971696748 -0.0010613765 0 0 0
volume_proxy 329 -0.204088534 0.88065712 -0.0106366477 0 0 0
volume_proxy 335 -1.14734573 -0.191596373 0.00661749025 0 0 0
volume_proxy 337 -0.69191598 0.690922286 0.00881170273 0 0 0
volume_proxy 338 -0.398120154 -0.146807926 0.000612443569 0 0 0
volume_proxy 339 -0.795783269 -0.438253005 0.00207547807 0 0 0
volume_proxy 343 -0.267851242 0.869190363 -0.00792098426 0 0 0
volume_proxy 344 0.508450985 0.268747674 0.00553579859 0 0 0
volume_proxy 345 -0.866272035 -0.136176764 -0.00973786715 0 0 0
volume_proxy 347 0.119296679 -0.409738494 -0.0103470849 0 0 0
volume_proxy 349 0.401418611 0.0643541646 0.00308027477 0 0 0
volume_proxy 356 0.648318224 0.766961217 -0.00864872293 0 0 0
volume_proxy 358 1.35316186 0.718690428 -0.00280749196 0 0 0
volume_proxy 370 1.29921691 0.433714842 0.00308942093 0 0 0
volume_proxy 371 -1.05090542 0.197312318 -0.00527525308 0 0 0
volume_proxy 375 0.909746416 0.262710298 -0.00392128619 0 0 0
volume_proxy 377 0.721001195 0.416356979 0.00604724175 0 0 0
volume_proxy 380 -0.667710669 -0.514367101 0.00946999347 0 0 0
volume_proxy 383 0.790065924 -0.904228319 -0.00235857503 0 0 0
volume_proxy 384 -0.208852561 0.952792605 0.00716740859 0 0 0
volume_proxy 388 -1.39072463 -0.166562641 -0.00512448745 0 0 0
volume_proxy 393 1.37231338 -0.0579063966 0.00380861806 0 0 0
volume_proxy 396 -0.872946123 0.804134199 -0.00648809961 0 0 0
volume_proxy 397 0.988958677 0.227397579 0.00256635141 0 0 0
volume_proxy 399 1.11842596 -0.931536624 -0.00279714763 0 0 0
volume_proxy 400 0.0771640548 -0.531204801 0.00246857554 0 0 0
volume_proxy 402 -0.877965436 -0.700511439 0.0077421378 0 0 0
volume_proxy 409 -0.534897756 -0.683471653 -0.00427354597 0 0 0
volume_proxy 412 1.49893793 -0.52380096 -0.000872130884 0 0 0
volume_proxy 415 -0.72071328 -0.757613564 0.00557607074 0 0 0
volume_proxy 418 -0.685675182 -0.299357755 0.00478522365 0 0 0
volume_proxy 425 -0.0104927551 -0.253983976 -0.00860799458 0 0 0
volume_proxy 431 -1.41181758 -0.837473969 0.00659996024 0 0 0
volume_proxy 435 -1.04297896 -0.997308635 0.00943052535 0 0 0
volume_proxy 442 0.0783548515 -0.344803199 -0.0105742786 0 0 0
volume_proxy 463 -0.0567005886 -0.625975497 0.00748693737 0 0 0
volume_proxy 470 1.34383677 0.528769095 0.00264553092 0 0 0
volume_proxy 497 -1.22579086 -0.917566564 0.0092078828 0 0 0
volume_proxy 502 0.932797546 -0.152344227 -0.00739221068 0 0 0
volume_proxy 512 0.321774013 -0.837503955 -0.0106776188 0 0 0
volume_proxy 513 0.476526584 0.0915111854 -0.00860609771 0 0 0
volume_proxy 518 1.23471276 -0.598769458 0.00577468313 0 0 0
volume_proxy 544 0.73604871 0.753323655 -0.000366907271 0 0 0
volume_proxy 547 1.18408354 0.873305961 0.0103124191 0 0 0
volume_proxy 549 0.427546566 -0.862545427 -0.00819805381 0 0 0
volume_proxy 559 1.26492601 0.792297415 0.00603381625 0 0 0
volume_proxy 572 0.102323675 -0.105559697 0.00275790243 0 0 0
volume_proxy 578 -0.936475712 0.893354989 0.00578681414 0 0 0
volume_proxy 581 1.20372908 0.717747759 0.00395230046 0 0 0
volume_proxy 591 -0.746357818 0.671000255 -0.00119427141 0 0 0
volume_proxy 594 -1.07648628 0.527035852 0.00032895006 0 0 0
volume_proxy 608 -0.48720842 -0.500366318 0.00609059895 0 0 0
volume_proxy 615 0.826419294 -0.421104308 0.00220981875 0 0 0
volume_proxy 616 1.42172739 0.161820396 -0.00543225473 0 0 0
volume_proxy 626 1.14538833 0.0816121866 0.00828835993 0 0 0
volume_proxy 637 -1.2785163 -0.987923321 0.000624167285 0 0 0
volume_proxy 647 -0.146908076 0.881165161 0.00205546859 0 0 0
volume_proxy 665 -0.969607642 -0.969139593 0.00941095695 0 0 0
volume_proxy 669 1.12475337 -0.178853622 -0.00250454921 0 0 0
volume_proxy 682 0.128559796 0.893490353 0.00774940749 0 0 0
volume_proxy 693 -0.448137552 0.676248058 -0.00942369125 0 0 0
volume_proxy 698 -0.117611465 0.734405613 0.00471861527 0 0 0
volume_proxy 702 -0.148189173 -0.0923172991 -3.99999566e-05 0 0 0
volume_proxy 703 -0.901988917 0.206402101 0.00465167733 0 0 0
volume_proxy 704 1.15864336 0.149721368 -0.00200987187 0 0 0
volume_proxy 708 -1.11177085 0.574813531 -0.0106549326 0 0 0
volume_proxy 722 0.69862671 0.55166932 0.00959717724 0 0 0
volume_proxy 725 -1.41397226 -0.925417329 -0.0106283927 0 0 0
volume_proxy 751 0.210318295 -0.736791318 -0.00846700644 0 0 0
volume_proxy 757 0.00616358924 0.225910722 0.00263833929 0 0 0
volume_proxy 781 -0.868727149 0.0890445254 -0.00557993112 0 0 0
volume_proxy 795 0.627261032 -0.797592218 -0.00229872815 0 0 0
volume_proxy 797 -1.25807411 -0.383463862 -0.00878074682 0 0 0
volume_proxy 800 -1.18899582 0.897621758 0.00820448561 0 0 0
volume_proxy 802 0.48950487 0.0737755704 0.00967203767 0 0 0
volume_proxy 804 0.122437457 -0.0748821944 0.00678099653 0 0 0
volume_proxy 810 0.822159501 0.0654989409 -0.00577941333 0 0 0
volume_proxy 811 0.546790125 0.590441611 0.00322144915 0 0 0
volume_proxy 812 0.905211847 0.504944594 0.00367570024 0 0 0
volume_proxy 814 1.19258576 -0.0145239206 0.00281233331 0 0 0
volume_proxy 822 0.20892534 -0.869353235 0.00992298635 0 0 0
volume_proxy 825 1.43724315 0.540628576 -0.00477119479 0 0 0
volume_proxy 833 -0.282472151 0.0323073451 -0.0094835715 0 0 0
volume_proxy 835 -0.163332736 -0.820010318 -0.000186478095 0 0 0
volume_proxy 839 -0.197980853 -0.151382467 0.010541595 0 0 0
volume_proxy 846 1.40317585 0.0492212599 -0.00388304347 0 0 0
volume_proxy 848 -0.989963728 -0.135392805 0.00251337707 0 0 0
volume_proxy 854 -0.282707822 0.89887899 -0.00501539733 0 0 0
volume_proxy 856 1.07704583 0.545595211 -0.0082189132 0 0 0
volume_proxy 869 1.29027582 0.710127171 0.0076081615 0 0 0
volume_proxy 876 -0.0580162053 -0.525768293 -0.00670972871 0 0 0
volume_proxy 878 1.38730383 -0.601319971 -0.000806654666 0 0 0
volume_proxy 883 0.0876493373 0.902342072 -0.00914882948 0 0 0
volume_proxy 889 -1.39307665 0.571959731 -0.00204989068 0 0 0
volume_proxy 896 1.35344306 0.487610655 -0.00830825869 0 0 0
volume_proxy 902 -0.0359279523 0.668237229 0.0015833319 0 0 0
volume_proxy 903 0.445590187 0.711210959 0.00352553466 0 0 0
volume_proxy 904 -1.05013412 0.646908973 0.00667413551 0 0 0
volume_proxy 906 1.03734964 0.543591231 0.0100142249 0 0 0
volume_proxy 910 -1.41254397 0.589428238 -0.00734072566 0 0 0
volume_proxy 912 1.41722993 0.18769544 0.00747867486 0 0 0
volume_proxy 913 -1.15510412 -0.986419588 0.0105237639 0 0 0
volume_proxy 914 0.00628687942 -0.835204841 0.00510382384 0 0 0
volume_proxy 915 -0.416829119 -0.311776754 -0.00725111178 0 0 0
volume_proxy 924 -0.544503766 0.348842541 0.00428164139 0 0 0
volume_proxy 926 -0.0971018857 0.193153504 0.00713466481 0 0 0
volume_proxy 929 -0.624414834 -0.866106193 0.00886530167 0 0 0
volume_proxy 931 0.0577704951 -0.0974154782 0.00320817491 0 0 0
volume_proxy 935 -1.32445966 0.397687615 0.0106420986 0 0 0
volume_proxy 939 0.967896823 0.912280523 0.00070423707 0 0 0
volume_proxy 944 0.563805046 -0.988653918 0.00125198913 0 0 0
volume_proxy 945 -0.73675961 0.336789073 0.00597896216 0 0 0
volume_proxy 948 -0.229641892 0.0437530634 0.00463749624 0 0 0
volume_proxy 949 -0.595513472 0.0141502928 0.00402856271 0 0 0
volume_proxy 953 -0.519955591 -0.880271891 -0.00654735127 0 0 0
volume_proxy 963 -0.714713737 0.515499509 0.0103020507 0 0 0
volume_proxy 966 -0.507743346 0.903546901 0.00882169533 0 0 0
volume_proxy 969 -1.00521744 -0.0533544263 0.00616440127 0 0 0
volume_proxy 973 -0.144970577 -0.00919793091 0.000158805256 0 0 0
volume_proxy 974 0.514281819 -0.802331435 0.0058470644 0 0 0
volume_proxy 977 -1.076307 -0.247908502 0.00146521633 0 0 0
volume_proxy 979 -0.131426867 0.729022347 -0.00182168073 0 0 0
volume_proxy 981 -0.143944895 0.207759108 0.00602818783 0 0 0
volume_proxy 983 1.15686169 -0.322379327 0.00663656043 0 0 0
volume_proxy 984 1.49441639 0.618400978 -0.0044791352 0 0 0
volume_proxy 985 -0.550023349 -0.879730613 0.0078401118 0 0 0
volume_proxy 990 -1.21170813 0.400708181 -0.0102474274 0 0 0
volume_proxy 991 -0.550584978 -0.23510938 0.00793455684 0 0 0
volume_proxy 992 -0.107601713 0.2518762 0.00697029373 0 0 0
volume_proxy 997 1.22143623 0.0792976656 0.00191017335 0 0 0
volume_proxy 999 -0.674256273 -0.335377182 -0.00427507677 0 0 0
volume_proxy 1001 0.56671461 0.957027061 -0.0013643714 0 0 0
volume_proxy 1007 -1.21407581 -0.642983348 -0.0106645625 0 0 0
volume_proxy 1008 0.307709734 -0.57696384 0.00390870218 0 0 0
volume_proxy 1012 0.871760159 -0.0873456823 -0.00469901245 0 0 0
volume_proxy 1016 1.03572057 -0.830250082 -0.00775659537 0 0 0
volume_proxy 1017 0.659476046 -0.671206312 -0.00304336272 0 0 0
volume_proxy 1018 -0.954412431 -0.684941743 0.00213512833 0 0 0
volume_proxy 1019 -0.803575866 -0.734771707 -0.0105637063 0 0 0
volume_proxy 1020 -0.807604129 0.520898436 0.00961925412 0 0 0
volume_proxy 1021 -0.900829305 -0.444949313 -0.00286497606 0 0 0
volume_proxy 1023 0.938227425 0.326390663 -0.00632271092 0 0 0
volume_proxy 1024 1.11778602 0.729686094 0.00835195926 0 0 0
volume_proxy 1028 -1.42726123 -0.624110279 0.00820085599 0 0 0
volume_proxy 1029 1.01990309 0.795367711 0.00168520741 0 0 0
volume_proxy 1030 0.529364511 0.491868308 -0.000451471667 0 0 0
volume_proxy 1031 1.09535108 -0.585635315 0.00671124297 0 0 0
volume_proxy 1032 1.29368095 0.207386782 0.00436123113 0 0 0
volume_proxy 1033 0.857393456 0.879492342 -0.000403602285 0 0 0
volume_proxy 1035 0.281316437 -0.399939289 0.0106677653 0 0 0
volume_proxy 1036 0.896756787 -0.324350894 -0.00577579326 0 0 0
volume_proxy 1040 -0.949486413 -0.839368612 -0.00710847516 0 0 0
volume_proxy 1041 0.217495845 0.312810938 -0.00818296809 0 0 0
volume_proxy 1042 0.833221841 0.140651892 -0.0099976985 0 0 0
volume_proxy 1046 0.0876136875 -0.0897397466 0.000164478582 0 0 0
volume_proxy 1050 -0.598592612 -0.441605533 0.00109249485 0 0 0
volume_proxy 1052 -0.630309146 0.181347514 0.0030534259 0 0 0
volume_proxy 1053 -0.397164578 -0.863712654 -0.00696602719 0 0 0
volume_proxy 1056 -1.45854691 0.864728705 -0.00626318992 0 0 0
volume_proxy 1057 -0.0188155887 -0.477494565 -0.00423998659 0 0 0
volume_proxy 1061 -0.437670732 -0.395406331 0.0106104423 0 0 0
volume_proxy 1062 0.70858639 0.396805952 0.00702565571 0 0 0
volume_proxy 1065 -1.37813972 -0.537255704 0.00154489771 0 0 0
volume_proxy 1066 0.886855063 0.123483148 0.00773662872 0 0 0
volume_proxy 1067 0.877533655 -0.318425694 -0.00605310302 0 0 0
volume_proxy 1069 -0.797348387 0.454922099 -0.0105651831 0 0 0
volume_proxy 1070 -1.22453435 0.461617745 -0.00232887283 0 0 0
volume_proxy 1072 -0.598462758 0.864500211 0.00433763698 0 0 0
volume_proxy 1075 -0.276537007 0.369251566 0.00855545131 0 0 0
volume_proxy 1077 -0.954209722 0.963788543 -0.00899204009 0 0 0
volume_proxy 1078 -1.06729905 0.758486789 0.00128353363 0 0 0
volume_proxy 1079 -0.0474174757 -0.018018997 -0.00363055682 0 0 0
volume_proxy 1085 -0.0734739648 -0.188083465 0.00651853723 0 0 0
volume_proxy 1086 0.989059513 -0.546263378 0.0104725338 0 0 0
volume_proxy 1089 -0.878055492 0.807064612 0.00116615388 0 0 0
volume_proxy 1091 0.263363282 0.227418891 -0.00816521498 0 0 0
volume_proxy 1092 0.117226997 0.0199924674 0.00397693275 0 0 0
volume_proxy 1093 0.270328766 -0.627316754 -0.00846419783 0 0 0
volume_proxy 1094 -1.49207168 0.810262719 0.0042633507 0 0 0
volume_proxy 1096 0.364611762 0.443453941 0.00382957252 0 0 0
volume_proxy 1098 0.443238914 0.596250721 -0.0094194922 0 0 0
volume_proxy 1102 1.11744352 0.631681011 0.00231560237 0 0 0
volume_proxy 1106 0.885242825 -0.672909936 0.00529924806 0 0 0
volume_proxy 1107 -0.232901167 0.240644827 -0.00390224886 0 0 0
volume_proxy 1108 1.1699815 0.603271827 -0.00339459878 0 0 0
volume_proxy 1109 1.06938021 -0.829691261 -0.000772971391 0 0 0
volume_proxy 1110 0.840739809 -0.985656331 0.00837103529 0 0 0
volume_proxy 1111 -0.40190433 -0.210528771 0.00233903145 0 0 0
volume_proxy 1112 -0.754611989 0.981083504 -0.00821655922 0 0 0
volume_proxy 1113 1.29979396 0.157367276 0.00753874257 0 0 0
volume_proxy 1114 -1.1061886 0.145065695 -0.00310158941 0 0 0
volume_proxy 1117 0.664668317 -0.231127251 0.00255874485 0 0 0
volume_proxy 1118 0.314810867 -0.500378376 0.00746396143 0 0 0
volume_proxy 1119 -1.27224704 0.550285189 -0.00637161687 0 0 0
volume_proxy 1120 -0.0483688718 0.230519715 -0.00832631253 0 0 0
volume_proxy 1123 -1.38103553 0.82837246 0.00484832944 0 0 0
volume_proxy 1127 0.625006279 0.645125498 -0.00256118553 0 0 0
volume_proxy 1128 -0.693166016 0.089078525 -0.00545248764 0 0 0
volume_proxy 1129 1.11094974 0.771461652 0.00715144059 0 0 0
volume_proxy 1130 -0.734887126 0.261214694 0.00986459767 0 0 0
volume_proxy 1131 -1.00402614 0.0811942127 0.00802928481 0 0 0
volume_proxy 1132 0.590633988 0.0688093123 0.00547085056 0 0 0
volume_proxy 1133 1.45699397 -0.615245515 0.0092142247 0 0 0
volume_proxy 1134 1.00215887 0.727446522 -0.00481447608 0 0 0
volume_proxy 1135 -0.840451989 -0.956522226 0.00913250164 0 0 0
volume_proxy 1136 -0.99899153 -0.778595561 0.00482634928 0 0 0
volume_proxy 1137 -0.675927586 -0.182294367 0.00799829702 0 0 0
volume_proxy 1138 1.31429069 -0.688726215 -0.00794849657 0 0 0
volume_proxy 1139 1.46000048 -0.594606964 -0.000460569667 0 0 0
volume_proxy 1143 -0.352217541 0.0197683862 -0.00968567972 0 0 0
volume_proxy 1144 0.487390661 -0.980174021 -0.00865442373 0 0 0
volume_proxy 1145 -0.618995337 -0.996283254 -0.00664136348 0 0 0
volume_proxy 1146 -0.208616974 0.163097299 -0.0100589016 0 0 0
volume_proxy 1147 -0.153961447 0.0391119199 0.00452027267 0 0 0
volume_proxy 1148 -0.0393086519 -0.245480324 -0.00515266143 0 0 0
volume_proxy 1149 -0.549404134 0.543325407 -0.00887852138 0 0 0
volume_proxy 1150 -0.348924477 -0.664614911 -0.00796852671 0 0 0
volume_proxy 1151 0.786008165 -0.674380526 0.00498507376 0 0 0
volume_proxy 1152 0.166054043 0.804550322 0.00796428722 0 0 0
volume_proxy 1156 -0.979796452 0.518360002 0.0090093123 0 0 0
volume_proxy 1157 -0.224200901 0.290456818 -0.00012954402 0 0 0
volume_proxy 1159 -0.474368064 0.981350179 0.00703037397 0 0 0
volume_proxy 1160 -0.333958152 0.913255953 -0.00906324042 0 0 0
volume_proxy 1161 0.696979566 -0.761884137 -0.00367442518 0 0 0
volume_proxy 1163 1.30360101 0.412985872 -0.00723044045 0 0 0
volume_proxy 1164 1.32747003 0.446740802 -0.00130934949 0 0 0
volume_proxy 1165 -0.233885964 -0.717316984 0.00635569191 0 0 0
volume_proxy 1166 -1.43942999 0.265180929 0.00594835146 0 0 0
volume_proxy 1167 -1.44573771 0.191284356 0.00243458115 0 0 0
volume_proxy 1168 0.287410662 -0.22953394 -0.0060232633 0 0 0
volume_proxy 1169 1.45374431 -0.366265735 0.00722839962 0 0 0
volume_proxy 1170 -1.43842676 0.244254509 -0.000996821448 0 0 0
volume_proxy 1171 -0.381808544 0.305459446 -0.00229808839 0 0 0
volume_proxy 1172 -0.299619531 0.260574239 0.00145026812 0 0 0
volume_proxy 1173 0.61080504 0.550672112 -0.0093934871 0 0 0
volume_proxy 1174 0.539019767 0.00462417178 -0.00864229819 0 0 0
