volume_proxy 0 0.780769829 0.28530209 0.00773714925 0 0 0
volume_proxy 5 1.00801868 -0.764510703 -0.0018437003 0 0 0
volume_proxy 6 -0.0995155306 -0.0704475225 0.00762742274 0 0 0
volume_proxy 11 0.915967413 0.411501758 -0.0071354414 0 0 0
volume_proxy 12 0.377388177 -0.714951459 0.00848297537 0 0 0
volume_proxy 14 -0.790123989 0.217278633 0.00835946878 0 0 0
volume_proxy 23 0.88088185 -0.699596646 0.0079194849 0 0 0
volume_proxy 38 0.623152336 0.281719187 0.00265236893 0 0 0
volume_proxy 40 -0.172073665 -0.124928377 -0.00893470471 0 0 0
volume_proxy 50 -0.885358823 -0.536470924 -3.52570021e-05 0 0 0
volume_proxy 53 -0.480594176 0.934291221 -0.000693705072 0 0 0
volume_proxy 58 0.746547311 -0.985792257 0.00160435576 0 0 0
volume_proxy 60 0.340351817 0.519878859 0.00577230988 0 0 0
volume_proxy 72 0.081030411 -0.210101339 0.00807148325 0 0 0
volume_proxy 85 -0.700558571 -0.0371574776 -0.00158349029 0 0 0
volume_proxy 97 0.729998235 0.374303723 0.00618157234 0 0 0
volume_proxy 107 1.06304023 0.884683577 0.00779746819 0 0 0
volume_proxy 127 -1.38521309 0.0855004042 0.00228838836 0 0 0
volume_proxy 130 1.07283906 0.341575524 0.00710936282 0 0 0
volume_proxy 140 0.117169058 0.801539423 -0.00648030643 0 0 0
volume_proxy 157 0.952232553 0.0692231887 0.0106615452 0 0 0
volume_proxy 159 0.403558716 0.956381096 0.000553218809 0 0 0
volume_proxy 161 0.68129379 0.322439273 -0.001437407 0 0 0
volume_proxy 176 0.226900274 0.170152607 -0.00144437747 0 0 0
volume_proxy 186 -0.764951542 0.195719573 0.000977493938 0 0 0
volume_proxy 189 -1.01379875 0.961956481 -0.00981120089 0 0 0
volume_proxy 195 0.0336123707 -0.790609876 0.0085180302 0 0 0
volume_proxy 196 0.80860238 -0.62956749 -0.0100534058 0 0 0
volume_proxy 200 -0.447423343 -0.594171444 0.00624678251 0 0 0
volume_proxy 202 -0.70280039 0.702211257 -0.000386538749 0 0 0
volume_proxy 209 -1.21649059 0.331890342 -0.00418048433 0 0 0
volume_proxy 210 -1.06550709 0.629884383 -0.00270886205 0 0 0
volume_proxy 226 -0.138679592 -0.908094536 0.000207906368 0 0 0
volume_proxy 236 1.00521971 0.622181279 0.00270246703 0 0 0
volume_proxy 247 1.25381479 0.945813901 -0.00241451997 0 0 0
volume_proxy 256 -0.580001867 0.589184679 -0.00693145246 0 0 0
volume_proxy 259 0.487555649 0.412545442 0.00533903919 0 0 0
volume_proxy 269 -0.00581836429 -0.482358559 0.00354206071 0 0 0
volume_proxy 277 -1.46871876 0.027936788 0.00130661456 0 0 0
volume_proxy 296 -0.536105223 -0.723152918 -0.00742193582 0 0 0
volume_proxy 305 0.473608032 -0.518418905 0.00199051997 0 0 0
volume_proxy 310 0.755156452 -0.559437195 0.000403328251 0 0 0
volume_proxy 344 -0.970510857 0.846899361 0.0069885128 0 0 0
volume_proxy 347 -0.479827875 0.216173851 0.000827351004 0 0 0
volume_proxy 349 -0.958260507 -0.257210502 -0.00752042885 0 0 0
volume_proxy 356 0.283457318 0.784305014 -0.0102783215 0 0 0
volume_proxy 375 0.579168576 -0.79579371 0.00267805478 0 0 0
volume_proxy 388 -0.077647508 0.351704591 -0.00174408267 0 0 0
volume_proxy 802 1.43341143 0.266374691 0.00563588743 0 0 0
volume_proxy 876 -0.1128372 -0.502808879 -0.00340538827 0 0 0
volume_proxy 1052 -0.650384893 -0.933297802 0.00787140444 0 0 0
volume_proxy 1066 0.385791233 0.604598438 -0.0105428881 0 0 0
volume_proxy 1120 -0.893653168 0.528796942 0.00349237933 0 0 0
volume_proxy 1166 -0.396692786 0.54519301 0.00575787548 0 0 0
volume_proxy 1169 1.0390512 -0.754478477 -0.00388185216 0 0 0
volume_proxy 1186 -0.917104299 0.0913170031 -0.00244070543 0 0 0
volume_proxy 1193 -0.965607674 -0.73478208 -0.00384186307 0 0 0
volume_proxy 1225 -0.22291904 -0.234578975 -0.0067899897 0 0 0
volume_proxy 1245 -1.36047658 0.756839676 0.0075912651 0 0 0
volume_proxy 1280 -1.12784783 0.535015189 -0.00572490357 0 0 0
volume_proxy 1285 -0.749831718 0.605219565 0.0069953999 0 0 0
volume_proxy 1295 -0.670806489 0.63742898 0.00122060687 0 0 0
volume_proxy 1296 0.113591555 -0.00906462512 -0.00494721354 0 0 0
volume_proxy 1335 0.778720741 -0.69280013 0.00567094079 0 0 0
volume_proxy 1340 1.37529702 0.0557813362 0.00738497402 0 0 0
volume_proxy 1380 -0.197566423 0.167728626 -0.00159118398 0 0 0
volume_proxy 1386 0.147891713 0.62237039 0.00799306601 0 0 0
volume_proxy 1397 1.08743609 0.237600989 -0.00136630854 0 0 0
volume_proxy 1409 0.658294128 0.959461367 -0.0022297439 0 0 0
volume_proxy 1413 1.18021088 0.564840417 0.00927210363 0 0 0
volume_proxy 1420 -1.43133911 -0.108013814 -0.00933683479 0 0 0
volume_proxy 1421 -1.02967465 -0.329190196 -0.00573046231 0 0 0
volume_proxy 1422 1.24746097 -0.911991102 0.00823845017 0 0 0
volume_proxy 1426 0.868288863 0.103283825 -0.00677088403 0 0 0
volume_proxy 1429 1.13926893 -0.227586966 0.00136586804 0 0 0
volume_proxy 1433 1.39576988 0.419262621 0.00816005649 0 0 0
volume_proxy 1434 -0.130166865 -0.739323808 0.000497750179 0 0 0
volume_proxy 1437 -0.347697958 -0.149791324 0.00743743542 0 0 0
volume_proxy 1439 -0.538752538 0.700806097 0.00107349939 0 0 0
volume_proxy 1440 0.955679811 -0.608170804 -0.00912983949 0 0 0
volume_proxy 1445 -0.146040472 -0.918232106 0.00447999189 0 0 0
volume_proxy 1447 0.894144922 -0.537297812 0.00944570567 0 0 0
volume_proxy 1459 -1.06074524 0.207842665 0.00471454189 0 0 0
volume_proxy 1460 1.28982579 0.303103413 0.00937137791 0 0 0
volume_proxy 1461 -1.42408944 0.541389112 0.00827352251 0 0 0
volume_proxy 1462 -1.13385943 -0.19627009 0.00344445492 0 0 0
volume_proxy 1466 -0.916371159 -0.0933648069 -0.00319908118 0 0 0
volume_proxy 1470 -1.47257845 -0.68867941 0.00863748879 0 0 0
volume_proxy 1471 -0.228916939 0.75283347 -0.0102291784 0 0 0
volume_proxy 1472 -1.04667136 0.626737959 -0.000647590019 0 0 0
volume_proxy 1474 0.462395812 -0.536070203 -0.00808246056 0 0 0
volume_proxy 1481 1.36855688 0.685908122 0.00865506341 0 0 0
volume_proxy 1482 0.595939143 -0.592653363 -0.00957364974 0 0 0
volume_proxy 1485 0.274728089 -0.547917439 0.00649698901 0 0 0
volume_proxy 1486 0.945173019 -0.419706996 0.00495356176 0 0 0
volume_proxy 1489 -0.671747981 0.304327832 -0.00703809185 0 0 0
volume_proxy 1490 1.24345324 0.894283072 0.0045602302 0 0 0
volume_proxy 1492 0.575851085 0.643806353 -0.00664805566 0 0 0
volume_proxy 1493 0.296410298 0.422308214 0.00133057603 0 0 0
volume_proxy 1494 1.12172009 0.487177937 -0.00796242348 0 0 0
volume_proxy 1496 -1.36874001 0.250054112 -0.00329343333 0 0 0
volume_proxy 1497 0.0155262961 -0.124377682 0.00313298126 0 0 0
volume_proxy 1498 -1.25375129 0.492732667 0.00246113684 0 0 0
volume_proxy 1501 -0.942439714 -0.679913677 -0.00938244529 0 0 0
volume_proxy 1503 -0.286522905 0.0308835393 -0.00258576061 0 0 0
volume_proxy 1505 -0.106736683 0.780837492 -0.00345727697 0 0 0
volume_proxy 1506 0.632980388 0.871027065 0.00492432329 0 0 0
volume_proxy 1507 -1.35407902 -0.581740886 0.00340660748 0 0 0
volume_proxy 1508 -0.624460626 -0.986910169 0.00014934801 0 0 0
volume_proxy 1509 -1.42836344 0.507976045 -0.00263412775 0 0 0
volume_proxy 1510 0.560686739 -0.56143239 0.0107819312 0 0 0
volume_proxy 1511 1.07701705 0.480108045 0.000451347657 0 0 0
volume_proxy 1512 -1.20663553 0.392097318 0.00150715489 0 0 0
volume_proxy 1513 -0.884352104 0.908174259 0.00274856565 0 0 0
volume_proxy 1514 -1.17762555 0.0869503252 0.000229619372 0 0 0
volume_proxy 1515 0.482909371 0.587194509 0.0106765894 0 0 0
volume_proxy 1516 -0.811597665 -0.906232766 0.00347051271 0 0 0
