volume_proxy 0 -0.766179606 -0.628640446 0.00393634393 0 0 0
volume_proxy 6 -0.142204882 0.174255419 0.00506077866 0 0 0
volume_proxy 11 0.77545624 0.503760821 0.000844950428 0 0 0
volume_proxy 12 1.18990579 -0.643371104 -0.00735683185 0 0 0
volume_proxy 14 -1.46756581 0.947151075 -0.00876816442 0 0 0
volume_proxy 23 1.49082225 0.0243979956 0.00352296579 0 0 0
volume_proxy 38 -0.615627112 -0.935724173 0.00206864533 0 0 0
volume_proxy 40 -1.45221631 -0.287168129 0.0041765951 0 0 0
volume_proxy 50 -1.14301649 -0.535314004 -0.00367362049 0 0 0
volume_proxy 53 -1.21721436 0.599509412 -0.00746962861 0 0 0
volume_proxy 58 0.413212933 -0.344365926 0.000447682205 0 0 0
volume_proxy 60 -0.407167643 0.758176983 0.00543183517 0 0 0
volume_proxy 85 -0.736463357 0.873767234 0.010584388 0 0 0
volume_proxy 97 0.256581323 0.614852159 -0.0014408818 0 0 0
volume_proxy 107 -0.0428720572 0.153485487 -0.00590143157 0 0 0
volume_proxy 127 -1.28575579 -0.795209702 -0.00268434894 0 0 0
volume_proxy 130 0.0925638319 -0.784716645 -0.0053845068 0 0 0
volume_proxy 140 0.686867419 0.0235225388 0.0107779195 0 0 0
volume_proxy 157 0.368043683 0.12677615 0.00945214638 0 0 0
volume_proxy 159 -0.20497355 0.367247951 -0.00190373759 0 0 0
volume_proxy 161 -0.289457743 -0.164867295 0.00983232636 0 0 0
volume_proxy 176 1.12409984 0.302119648 -0.00770338976 0 0 0
volume_proxy 186 -1.06840027 0.300470809 -0.00383734958 0 0 0
volume_proxy 189 -0.696956393 -0.637763612 0.00816527674 0 0 0
volume_proxy 195 -1.29977316 -0.90651863 -0.00878421347 0 0 0
volume_proxy 196 -1.09159368 -0.0625369118 -0.0056176394 0 0 0
volume_proxy 200 -1.37043099 0.795185744 -0.00435267438 0 0 0
volume_proxy 202 -0.353574663 -0.361655163 0.00143359294 0 0 0
volume_proxy 209 -1.00069114 0.0914896926 -0.00191987946 0 0 0
volume_proxy 210 0.272729073 0.495503546 0.00609626661 0 0 0
volume_proxy 226 1.41678303 0.213064265 -0.00171347083 0 0 0
volume_proxy 236 0.626456521 -0.1463749 -0.00274786221 0 0 0
volume_proxy 247 0.0514324176 -0.994752928 0.00550396945 0 0 0
volume_proxy 256 0.510012362 -0.769025958 -0.00961920793 0 0 0
volume_proxy 259 0.69912599 -0.119861748 0.0066285972 0 0 0
volume_proxy 269 -1.33939694 0.680500757 0.00776882672 0 0 0
volume_proxy 277 -1.00100192 -0.0835127133 -0.00200382747 0 0 0
volume_proxy 296 -0.849208229 0.157675224 -0.00674019576 0 0 0
volume_proxy 305 0.472731422 -0.832272691 -0.0019481755 0 0 0
volume_proxy 310 1.34529778 0.731260872 0.00686902295 0 0 0
volume_proxy 344 -0.611057291 -0.352529761 -0.00220375893 0 0 0
volume_proxy 347 -0.644920802 0.86633203 -0.00348761133 0 0 0
volume_proxy 356 -0.732314184 0.384114322 0.0079972244 0 0 0
volume_proxy 375 1.14487542 -0.304071677 0.00332825604 0 0 0
volume_proxy 388 1.19828965 -0.804378013 0.000949473205 0 0 0
volume_proxy 1052 -1.13273959 -0.187532425 0.00827052543 0 0 0
volume_proxy 1066 -0.156021181 0.225466765 0.00261488309 0 0 0
volume_proxy 1120 -0.747901329 0.776641827 0.00194004829 0 0 0
volume_proxy 1166 -0.737425927 -0.982598383 -0.00650463466 0 0 0
volume_proxy 1193 -1.09000746 -0.167208321 -0.00802444179 0 0 0
volume_proxy 1225 -1.37156603 -0.867323018 -0.00334765729 0 0 0
volume_proxy 1245 -1.10667622 0.783836108 0.00999093136 0 0 0
volume_proxy 1280 -1.47774006 0.899246926 -6.33105037e-05 0 0 0
volume_proxy 1285 -0.682880521 0.654894654 -0.00750035936 0 0 0
volume_proxy 1295 0.596480156 0.614955853 -0.00177907149 0 0 0
volume_proxy 1296 -0.416251905 -0.31492353 -0.000328369061 0 0 0
volume_proxy 1340 1.28812133 -0.0925707897 0.00642791117 0 0 0
volume_proxy 1380 -1.19922538 -0.268028004 -0.00324368073 0 0 0
volume_proxy 1386 1.07026684 0.552181903 -0.00866110198 0 0 0
volume_proxy 1397 -0.0927898047 0.815407797 -0.00903347921 0 0 0
volume_proxy 1409 0.528621437 0.447286664 0.00342781896 0 0 0
volume_proxy 1413 0.533179164 0.547621717 -0.00988521813 0 0 0
volume_proxy 1422 1.22516847 -0.947394522 0.00867072358 0 0 0
volume_proxy 1433 1.36972903 0.695159012 0.00363082485 0 0 0
volume_proxy 1437 -0.390869177 -0.925032993 -0.00359101568 0 0 0
volume_proxy 1459 -0.842073923 -0.503253539 -0.00442444969 0 0 0
volume_proxy 1460 -0.868407351 0.168403796 -0.00968703364 0 0 0
volume_proxy 1461 -1.12019287 0.311987291 -0.000432315875 0 0 0
volume_proxy 1472 -1.1704771 -0.193213239 0.00156577977 0 0 0
volume_proxy 1474 1.26350546 -0.0162784545 0.00662620416 0 0 0
volume_proxy 1481 -0.303146129 0.145548784 0.00310591429 0 0 0
volume_proxy 1482 0.658894254 0.221249254 -0.00662669715 0 0 0
volume_proxy 1485 0.731947328 -0.467941868 -0.00933778939 0 0 0
volume_proxy 1489 0.18586151 -0.929115725 -0.00502431628 0 0 0
volume_proxy 1490 0.704579916 0.520135156 -0.00309753484 0 0 0
volume_proxy 1496 -1.29583379 0.489494629 0.00439131038 0 0 0
volume_proxy 1498 -0.312703265 -0.372432357 -0.005486542 0 0 0
volume_proxy 1503 -1.40222845 -0.658718658 -0.00510808893 0 0 0
volume_proxy 1506 0.396823953 0.767605317 0.00790308914 0 0 0
volume_proxy 1507 -0.213221952 -0.673467138 0.000111043431 0 0 0
volume_proxy 1508 -0.778258843 -0.0518569059 0.00515597788 0 0 0
volume_proxy 1509 -1.14954478 -0.019552592 -0.00527108114 0 0 0
volume_proxy 1513 -1.29922392 0.250725786 0.00929295538 0 0 0
volume_proxy 1515 0.146987348 -0.889698443 0.00748165762 0 0 0
volume_proxy 1516 -0.330934424 -0.629224316 0.00220648074 0 0 0
volume_proxy 1517 -1.13919137 -0.220604678 -0.00413666163 0 0 0
volume_proxy 1519 0.399784533 0.385714833 0.00707906791 0 0 0
volume_proxy 1520 -0.00588747851 -0.610824446 0.00117901872 0 0 0
volume_proxy 1521 -1.26283237 -0.700280082 -0.00463043465 0 0 0
volume_proxy 1523 -0.170084734 -0.25614868 -0.0107520653 0 0 0
volume_proxy 1525 -0.568106679 0.793550972 -0.000247242106 0 0 0
volume_proxy 1526 1.33698009 -0.0120804452 -0.0105187761 0 0 0
volume_proxy 1528 0.924869611 -0.800057047 -0.0015693834 0 0 0
volume_proxy 1529 -0.895226718 0.022862531 0.00774739364 0 0 0
volume_proxy 1531 0.249384829 0.918143127 0.00454267919 0 0 0
volume_proxy 1533 0.848019812 0.0103592102 0.00776968607 0 0 0
volume_proxy 1534 -0.639505164 0.0299510313 0.00397112109 0 0 0
volume_proxy 1537 -0.761434967 -0.51870969 0.00561109523 0 0 0
volume_proxy 1538 1.25222556 -0.459268504 0.00562652357 0 0 0
volume_proxy 1539 0.329166215 0.781382846 -0.0107997753 0 0 0
volume_proxy 1540 1.45553123 0.228103009 0.00610475881 0 0 0
volume_proxy 1541 -0.504615699 -0.854830585 -0.00887583098 0 0 0
