volume_proxy 0 0.445356933 0.312996061 -0.0104775735 0 0 0
volume_proxy 5 1.0345379 -0.729481545 -0.00326574755 0 0 0
volume_proxy 6 -0.411678568 0.202691549 0.00931004722 0 0 0
volume_proxy 11 1.21954141 0.414392485 -0.0087912669 0 0 0
volume_proxy 12 0.478147738 -0.669290922 0.00505416914 0 0 0
volume_proxy 14 -0.662157551 0.577705119 -0.003860268 0 0 0
volume_proxy 23 1.4353513 -0.674321197 -0.00924120252 0 0 0
volume_proxy 38 0.43099569 -0.255025961 -0.010396136 0 0 0
volume_proxy 40 -0.115434712 -0.80502039 0.000204692618 0 0 0
volume_proxy 50 -0.911536534 0.0838870684 -0.00984224343 0 0 0
volume_proxy 53 -0.573654578 0.644852649 0.00994004519 0 0 0
volume_proxy 58 0.815143527 -0.863617001 -0.000107330903 0 0 0
volume_proxy 60 0.772755847 0.679092109 -0.0099846252 0 0 0
volume_proxy 85 -0.857833305 0.616327061 0.00026448988 0 0 0
volume_proxy 97 1.29846984 0.562131618 -0.00960365658 0 0 0
volume_proxy 107 0.998024554 -0.401795181 -0.0102741499 0 0 0
volume_proxy 127 -1.33579852 -0.0730490957 0.00675350972 0 0 0
volume_proxy 130 0.578450018 0.728404404 -0.00309093143 0 0 0
volume_proxy 140 -0.683430909 0.823899242 -0.00844137168 0 0 0
volume_proxy 157 1.07949827 0.50827568 0.00216720207 0 0 0
volume_proxy 159 0.906173343 0.982325442 0.00609458905 0 0 0
volume_proxy 161 0.542266744 0.66971954 -0.0091335077 0 0 0
volume_proxy 176 1.05678099 -0.503363835 0.00936876294 0 0 0
volume_proxy 186 -1.31570221 -0.218371065 -0.00701222341 0 0 0
volume_proxy 189 -0.770536291 0.726804987 -0.00985918807 0 0 0
volume_proxy 195 -0.294437835 0.0444876364 0.00109092521 0 0 0
volume_proxy 196 0.493692071 0.330987482 -0.00278332987 0 0 0
volume_proxy 200 -0.178026384 -0.832293027 -0.00171272691 0 0 0
volume_proxy 202 0.0520338174 0.888081529 -0.00525302185 0 0 0
volume_proxy 209 -0.915538057 -0.223507743 0.00172029411 0 0 0
volume_proxy 210 0.00140627002 0.702135713 -0.00291472136 0 0 0
volume_proxy 226 0.277463995 -0.27914077 0.00441802419 0 0 0
volume_proxy 236 0.61375431 0.494432355 0.010190165 0 0 0
volume_proxy 247 1.0355721 0.904613592 -0.0100902753 0 0 0
volume_proxy 256 -1.48194812 0.721565835 0.00772991219 0 0 0
volume_proxy 259 0.507977675 0.421898651 -0.00732714265 0 0 0
volume_proxy 269 -0.954654563 -0.211625095 0.00454663557 0 0 0
volume_proxy 277 -1.35189199 -0.46927447 -0.0089412334 0 0 0
volume_proxy 296 -1.17799117 -0.371230642 -0.00853437417 0 0 0
volume_proxy 305 1.12852589 -0.282052331 0.00483582474 0 0 0
volume_proxy 310 -0.319473572 -0.990409231 0.0081124542 0 0 0
volume_proxy 344 -1.28341662 0.262089807 -0.00482459779 0 0 0
volume_proxy 347 -0.135811892 0.613327337 -0.00613439175 0 0 0
volume_proxy 356 -0.453725426 0.938353821 0.000331190773 0 0 0
volume_proxy 375 0.728356267 -0.652907938 -0.00689017465 0 0 0
volume_proxy 388 0.595356471 0.0794708913 0.000292990846 0 0 0
volume_proxy 802 1.20451663 -0.456472801 0.00466594832 0 0 0
volume_proxy 1052 -1.03936838 -0.636841617 0.0101883775 0 0 0
volume_proxy 1066 -0.418213233 -0.219148296 -0.00715865391 0 0 0
volume_proxy 1120 -0.300583858 0.0785285194 0.0101131044 0 0 0
volume_proxy 1166 -0.353536804 0.148437062 0.00322981053 0 0 0
volume_proxy 1169 1.05556567 -0.940247935 0.00915145494 0 0 0
volume_proxy 1193 -1.26972644 -0.426949302 -0.00616447228 0 0 0
volume_proxy 1225 -0.346394609 -0.199722225 0.00134412207 0 0 0
volume_proxy 1245 -1.15602335 0.050887491 0.000994624573 0 0 0
volume_proxy 1280 -0.816757245 0.736826709 0.00821792163 0 0 0
volume_proxy 1285 -1.11985087 -0.237293479 -0.00262713691 0 0 0
volume_proxy 1295 -0.541359789 0.0729213015 -0.00807564054 0 0 0
volume_proxy 1296 0.220006729 -0.434097299 0.00129833283 0 0 0
volume_proxy 1340 1.11374004 0.593369713 0.00969054854 0 0 0
volume_proxy 1380 0.153098885 0.873317596 -0.000367742837 0 0 0
volume_proxy 1386 0.688924723 0.269630036 0.00892596668 0 0 0
volume_proxy 1397 0.857110063 0.760449652 0.00259938461 0 0 0
volume_proxy 1409 0.193995907 0.951680168 -0.00745418802 0 0 0
volume_proxy 1413 0.750442589 0.732202457 -0.00851365495 0 0 0
volume_proxy 1422 0.440527132 -0.712557802 -0.00988767391 0 0 0
volume_proxy 1433 1.24112686 0.99053576 0.00352682626 0 0 0
volume_proxy 1434 -0.105540033 -0.988569727 0.00667826493 0 0 0
volume_proxy 1437 -0.187714766 -0.029294447 -0.00274267698 0 0 0
volume_proxy 1439 0.0837562068 0.335182575 0.0066718399 0 0 0
volume_proxy 1447 0.656852565 -0.744486999 0.00542868158 0 0 0
volume_proxy 1459 -0.92812921 0.544429298 -0.00472421004 0 0 0
volume_proxy 1460 0.695470395 0.434673856 -0.007697879 0 0 0
volume_proxy 1461 -1.08326378 0.643309482 -0.000666856181 0 0 0
volume_proxy 1466 -0.730370979 -0.253519036 0.00797797176 0 0 0
volume_proxy 1472 -1.21120193 0.607222856 -0.00161672968 0 0 0
volume_proxy 1474 0.416193687 -0.853096129 0.00874190882 0 0 0
volume_proxy 1481 0.995639428 0.497929458 -0.00803484141 0 0 0
volume_proxy 1482 1.25881945 -0.0724711826 -0.00225612443 0 0 0
volume_proxy 1485 0.564209897 -0.687007029 0.00610246567 0 0 0
volume_proxy 1489 0.0579743105 -0.301205335 -0.0103111853 0 0 0
volume_proxy 1490 1.43323768 0.926525816 -0.00547202995 0 0 0
volume_proxy 1492 0.654574614 0.468209215 0.00439527665 0 0 0
volume_proxy 1493 0.496433689 0.379651416 0.00615451754 0 0 0
volume_proxy 1494 1.01638365 -0.0670893762 0.00876515551 0 0 0
volume_proxy 1496 -1.00545482 0.950010118 0.00781126112 0 0 0
volume_proxy 1498 -0.711973115 0.258380776 0.00809052346 0 0 0
volume_proxy 1501 -0.28901543 -0.746273779 0.00796051232 0 0 0
volume_proxy 1503 -0.0350489536 0.379911747 0.003316213 0 0 0
volume_proxy 1506 0.497528138 0.923717833 -0.00709954867 0 0 0
volume_proxy 1507 -0.937877657 -0.360087203 -0.00647256723 0 0 0
volume_proxy 1508 -0.700473895 -0.785209736 -0.00413905773 0 0 0
volume_proxy 1509 -1.16947841 0.77238248 -0.00804388243 0 0 0
volume_proxy 1510 0.303764192 -0.490506563 -0.00667242366 0 0 0
volume_proxy 1511 1.35155462 0.609459096 -0.0016703042 0 0 0
volume_proxy 1513 -1.45550466 0.771744688 0.00712639651 0 0 0
volume_proxy 1515 0.445983722 -0.229083388 0.000966972048 0 0 0
volume_proxy 1516 -0.248899663 -0.891721354 0.00486897284 0 0 0
volume_proxy 1517 -0.848024615 -0.405512544 -0.00835206578 0 0 0
volume_proxy 1519 0.2056218 -0.201723347 -0.010374872 0 0 0
volume_proxy 1520 0.725684627 -0.464495253 0.00933533248 0 0 0
volume_proxy 1521 -0.575509063 0.0307597157 -0.00629224488 0 0 0
volume_proxy 1522 0.190161801 0.680588499 0.00285343878 0 0 0
volume_proxy 1523 1.4318103 -0.305321916 -0.00673252018 0 0 0
volume_proxy 1525 -0.939267969 0.7463297 0.00172937112 0 0 0
volume_proxy 1526 1.13157572 -0.21976801 -0.000317250441 0 0 0
volume_proxy 1528 0.514817928 -0.614180104 -0.00450733353 0 0 0
volume_proxy 1529 -0.93799971 0.00796706582 0.00997321094 0 0 0
volume_proxy 1530 -0.876332731 -0.124956745 0.00369522909 0 0 0
