volume_proxy 0 0.65037134 0.0342027279 -0.00903632356 0 0 0
volume_proxy 5 1.10730837 -0.749876001 0.00465919829 0 0 0
volume_proxy 6 -0.160555351 -0.689185855 -0.00364537671 0 0 0
volume_proxy 11 0.898857966 0.134365938 0.00335968615 0 0 0
volume_proxy 12 0.1599746 -0.795633236 0.00507260147 0 0 0
volume_proxy 14 -0.676552782 0.286778822 -0.0035978414 0 0 0
volume_proxy 23 0.864651221 -0.619440601 0.0082583125 0 0 0
volume_proxy 38 0.631050524 0.964817935 -0.00363626066 0 0 0
volume_proxy 40 -0.309600903 -0.166224187 -0.00995378242 0 0 0
volume_proxy 50 -0.750240704 -0.779038868 0.0100450149 0 0 0
volume_proxy 53 -0.494302646 0.761037245 0.0102629423 0 0 0
volume_proxy 58 1.10756905 -0.880058371 -0.00390184381 0 0 0
volume_proxy 60 0.913631127 0.229837167 -0.000978933194 0 0 0
volume_proxy 72 0.00256110929 -0.301880265 -7.1856647e-05 0 0 0
volume_proxy 85 -1.21946065 0.380051595 -0.00280777598 0 0 0
volume_proxy 97 0.89604802 -0.0512791327 0.00857576539 0 0 0
volume_proxy 107 1.14025254 0.803180861 -0.00265741161 0 0 0
volume_proxy 127 -1.33023792 0.243294899 0.0101831693 0 0 0
volume_proxy 130 0.955714727 0.303481471 0.000440223903 0 0 0
volume_proxy 140 -0.343927267 0.683116711 -0.00300833539 0 0 0
volume_proxy 157 1.27628995 0.0489326031 -0.00267410958 0 0 0
volume_proxy 159 -0.0456141264 0.906824183 0.00848112064 0 0 0
volume_proxy 161 0.820501016 0.170990195 0.00451302855 0 0 0
volume_proxy 176 0.148420668 0.146253486 0.00920494298 0 0 0
volume_proxy 186 -1.08812313 0.483742049 -0.00155953382 0 0 0
volume_proxy 189 -1.39713616 0.721709381 -0.00275380669 0 0 0
volume_proxy 195 -0.637757599 -0.781011565 -0.00993265425 0 0 0
volume_proxy 196 0.75804868 -0.578246077 -0.00478550885 0 0 0
volume_proxy 200 -0.593126905 -0.877137962 0.00825634106 0 0 0
volume_proxy 202 -0.988454406 0.657760551 0.00910666626 0 0 0
volume_proxy 209 -0.881218337 0.262398766 -0.00452268558 0 0 0
volume_proxy 210 -0.531457318 0.759703154 -0.0102553436 0 0 0
volume_proxy 226 0.52794958 -0.781258491 -0.00434917689 0 0 0
volume_proxy 236 1.3737254 0.576447013 0.0088810075 0 0 0
volume_proxy 247 1.20727192 0.731819864 0.00931192164 0 0 0
volume_proxy 256 -0.210814416 0.590143642 0.00712889289 0 0 0
volume_proxy 259 0.544644176 0.502980694 -0.00855527841 0 0 0
volume_proxy 269 0.208824574 -0.740298593 0.00531639184 0 0 0
volume_proxy 277 -1.42029056 -0.0942861884 0.00603107591 0 0 0
volume_proxy 296 -0.0388999177 -0.864035703 0.00678181925 0 0 0
volume_proxy 305 0.382373977 -0.462867266 -0.00796710568 0 0 0
volume_proxy 310 1.32916956 -0.357293327 0.006106654 0 0 0
volume_proxy 329 -1.27623567 0.299594298 -0.00873616755 0 0 0
volume_proxy 344 -1.40206494 0.659717089 -0.0049762085 0 0 0
volume_proxy 347 -0.445883998 0.186003946 0.00988180722 0 0 0
volume_proxy 349 -1.05828121 -0.0423885922 -0.00102604337 0 0 0
volume_proxy 356 -0.188590092 0.928387301 -0.00962924079 0 0 0
volume_proxy 375 0.24173646 -0.807575465 0.00728686433 0 0 0
volume_proxy 388 -0.255790919 0.245249009 -0.00596020919 0 0 0
volume_proxy 431 -1.25041114 0.317532589 -0.00533991508 0 0 0
volume_proxy 802 1.05006302 0.602274269 -0.0033662062 0 0 0
volume_proxy 876 0.273369729 -0.48022624 0.00418211305 0 0 0
volume_proxy 1052 -0.300047391 -0.756996738 -0.00168681312 0 0 0
volume_proxy 1066 0.505191361 0.929039126 -0.0048364213 0 0 0
volume_proxy 1120 -0.546858684 0.606843678 -0.00130733959 0 0 0
volume_proxy 1166 -0.484512965 0.814205704 -0.00978125776 0 0 0
volume_proxy 1169 1.12064985 -0.945291233 0.000245635111 0 0 0
volume_proxy 1172 0.120248553 0.478855541 -0.00203433265 0 0 0
volume_proxy 1186 -0.657724073 -0.374067164 0.00145810872 0 0 0
volume_proxy 1193 -0.510336454 -0.166903498 -0.000364399637 0 0 0
volume_proxy 1225 -0.0702732975 -0.420643994 -0.000870797991 0 0 0
volume_proxy 1245 -1.33403339 0.768923246 -0.0025155071 0 0 0
volume_proxy 1280 -1.06750991 0.525233385 -0.00543620245 0 0 0
volume_proxy 1285 -1.04262739 0.747404432 0.00687027721 0 0 0
volume_proxy 1295 -0.53212259 0.542797808 0.00288568138 0 0 0
volume_proxy 1296 0.180707207 0.0986491875 -0.00195539022 0 0 0
volume_proxy 1335 0.63624491 -0.769162084 -0.00187551364 0 0 0
volume_proxy 1340 1.10462472 0.217271228 0.00840436154 0 0 0
volume_proxy 1380 -0.28901134 0.182125855 -0.0101457737 0 0 0
volume_proxy 1386 0.0134040579 0.857131819 -0.00342612026 0 0 0
volume_proxy 1397 0.868154068 0.798142621 -0.00608144421 0 0 0
volume_proxy 1403 0.395405457 0.305354099 -0.000932004693 0 0 0
volume_proxy 1409 0.775959744 0.934871036 0.00585016787 0 0 0
volume_proxy 1413 0.959537341 0.459279703 0.00607636284 0 0 0
volume_proxy 1420 -1.25969432 -0.102156634 0.00918845541 0 0 0
volume_proxy 1421 -1.41524427 -0.173851762 -0.00365124485 0 0 0
volume_proxy 1422 1.26409595 -0.934703512 -0.00943456051 0 0 0
volume_proxy 1426 0.816439968 -0.29719762 -0.00260222734 0 0 0
volume_proxy 1429 1.00955211 0.057577346 -0.00799237732 0 0 0
volume_proxy 1433 1.36183814 0.45739058 0.00999559139 0 0 0
volume_proxy 1434 0.087425427 -0.59719352 -0.000509925045 0 0 0
volume_proxy 1437 0.199062009 -0.213137224 0.00662970184 0 0 0
volume_proxy 1439 -0.449959953 0.95545175 -0.0068964873 0 0 0
volume_proxy 1440 0.720859724 -0.482897073 -0.00813476163 0 0 0
volume_proxy 1444 -0.677107624 -0.843660809 -0.00884272957 0 0 0
volume_proxy 1445 0.0395275775 -0.961227707 0.0078725395 0 0 0
volume_proxy 1447 0.776974007 -0.620714357 0.00608625181 0 0 0
volume_proxy 1459 -0.818308858 0.50010035 -0.00935343378 0 0 0
volume_proxy 1460 0.928832115 0.189134517 0.010499876 0 0 0
volume_proxy 1461 -1.2332487 0.72738115 -0.00219156308 0 0 0
volume_proxy 1462 -1.03158283 0.0399466187 -0.00338981442 0 0 0
volume_proxy 1466 -0.414349395 -0.588005634 -0.00986891609 0 0 0
volume_proxy 1470 -1.49387408 -0.758835877 0.00769199815 0 0 0
volume_proxy 1471 0.237741303 0.693993314 0.00871824213 0 0 0
volume_proxy 1472 -0.961546567 0.426812757 0.00199377283 0 0 0
volume_proxy 1474 0.663150157 -0.536005451 -0.00322857905 0 0 0
volume_proxy 1481 1.44564017 0.398684196 0.00914733104 0 0 0
volume_proxy 1482 0.725409894 -0.955665661 0.00863401388 0 0 0
volume_proxy 1485 0.418053541 -0.580396167 0.00334671705 0 0 0
volume_proxy 1486 1.16774033 -0.560010286 -0.00692230916 0 0 0
volume_proxy 1489 -0.591618225 0.507490126 -0.0101198341 0 0 0
volume_proxy 1490 1.12366544 0.649825144 -0.000118245387 0 0 0
volume_proxy 1492 0.217077037 0.607977513 -0.00396528872 0 0 0
volume_proxy 1493 0.185141674 0.459163589 -0.0104502326 0 0 0
volume_proxy 1494 1.06453654 0.718853858 -0.00442275782 0 0 0
volume_proxy 1496 -1.14957423 0.475288879 -0.00508440654 0 0 0
volume_proxy 1497 0.207621488 -0.0273003711 -0.00099157324 0 0 0
volume_proxy 1498 -1.17149016 0.462705915 0.00129709377 0 0 0
volume_proxy 1501 -0.933607903 -0.727679857 0.00637767978 0 0 0
volume_proxy 1502 -0.931147186 -0.842127629 0.00313886914 0 0 0
volume_proxy 1503 -0.562690325 -0.0539836494 -0.00543204134 0 0 0
volume_proxy 1505 0.140550487 0.894740172 -0.00104864513 0 0 0
volume_proxy 1506 0.343255939 0.393101488 -0.00999704779 0 0 0
volume_proxy 1507 -0.98195367 -0.602276967 0.00183227334 0 0 0
volume_proxy 1508 -0.512772743 -0.987793546 -0.0102114601 0 0 0
volume_proxy 1509 -1.46718412 0.806476126 0.006036742 0 0 0
volume_proxy 1510 0.617314001 -0.702311698 -0.00753712241 0 0 0
volume_proxy 1511 1.08399044 0.221349054 -0.00706343825 0 0 0
volume_proxy 1512 -0.942641796 0.22048158 0.00938799896 0 0 0
volume_proxy 1513 -0.791695212 0.730074375 -0.00624668219 0 0 0
