volume_proxy 0 0.594008703 0.454859618 -0.00851116854 0 0 0
volume_proxy 5 1.29413712 -0.69839328 -0.00835301861 0 0 0
volume_proxy 6 -0.530787332 0.276371215 -0.00142456802 0 0 0
volume_proxy 11 0.840323244 0.611047519 0.00942575287 0 0 0
volume_proxy 12 0.184603567 -0.608273682 0.00127786512 0 0 0
volume_proxy 14 -1.21593485 0.867991378 0.00977683673 0 0 0
volume_proxy 23 1.3718405 -0.726558094 0.00515060534 0 0 0
volume_proxy 38 0.705598132 -0.118682362 0.00961394567 0 0 0
volume_proxy 40 -0.389667007 -0.0973924357 -0.00356641578 0 0 0
volume_proxy 50 -1.00433272 -0.258089629 -0.00161208112 0 0 0
volume_proxy 53 -0.258193773 0.854690612 0.00215125988 0 0 0
volume_proxy 58 1.01592316 -0.784935219 0.00536252537 0 0 0
volume_proxy 60 0.599005772 0.594206398 0.000781346045 0 0 0
volume_proxy 85 -0.904433494 -0.0931312039 -0.00671386003 0 0 0
volume_proxy 97 0.957151263 0.502594938 0.00240065007 0 0 0
volume_proxy 107 1.25478209 0.798435121 -0.00879853826 0 0 0
volume_proxy 127 -1.49290725 -0.186374897 -0.0038698414 0 0 0
volume_proxy 130 0.661068114 0.0564921576 0.00310045939 0 0 0
volume_proxy 140 0.393403803 0.672602288 -0.00901076954 0 0 0
volume_proxy 157 1.19884546 -0.163121967 -0.00480105405 0 0 0
volume_proxy 159 0.667150232 0.519876915 -0.00121191826 0 0 0
volume_proxy 161 0.874782954 0.412502323 0.00756094672 0 0 0
volume_proxy 176 0.723909476 0.324847018 -0.00147103968 0 0 0
volume_proxy 186 -0.827226849 0.160167937 -0.00827425599 0 0 0
volume_proxy 189 -0.364849452 0.993294525 0.00660390296 0 0 0
volume_proxy 195 -0.316621873 -0.32507939 0.00821237563 0 0 0
volume_proxy 196 0.810200081 -0.78460734 -0.00150345268 0 0 0
volume_proxy 200 -0.48315274 -0.764849687 0.00697340785 0 0 0
volume_proxy 202 -0.381093754 0.484059501 -0.000590711285 0 0 0
volume_proxy 209 -1.2111758 0.944523911 0.0104673163 0 0 0
volume_proxy 210 -0.620907579 0.37386059 0.00713952904 0 0 0
volume_proxy 226 0.562715239 -0.854630393 -0.00918645656 0 0 0
volume_proxy 236 0.991454701 0.769061437 0.0106252927 0 0 0
volume_proxy 247 1.32761074 0.742731179 0.00268234595 0 0 0
volume_proxy 256 -0.450754922 0.941850947 -0.000725627531 0 0 0
volume_proxy 259 0.233233518 0.481264425 0.00843326333 0 0 0
volume_proxy 269 -0.387368004 -0.669284294 -0.00909476621 0 0 0
volume_proxy 277 -1.19084339 -0.222806713 0.00208037923 0 0 0
volume_proxy 296 -0.382293698 -0.716019384 0.00862564983 0 0 0
volume_proxy 305 0.170093784 -0.0821847204 0.00877064892 0 0 0
volume_proxy 310 0.780901954 -0.847684151 -0.00424931365 0 0 0
volume_proxy 344 -1.14944551 0.895434374 -0.00723683222 0 0 0
volume_proxy 347 -0.482681801 -0.371674191 -0.000532862091 0 0 0
volume_proxy 356 0.257600418 0.737658625 0.00407772222 0 0 0
volume_proxy 375 1.02253785 -0.910718128 0.00173025338 0 0 0
volume_proxy 388 0.0862784751 0.445429055 0.0104563732 0 0 0
volume_proxy 802 1.25870324 -0.243256357 0.00520724636 0 0 0
volume_proxy 1052 -0.637251728 -0.803937776 0.00959595496 0 0 0
volume_proxy 1066 0.18026482 0.390638342 0.00406145207 0 0 0
volume_proxy 1120 -0.652909042 0.202025166 0.00736181406 0 0 0
volume_proxy 1166 -0.527165457 0.935321884 0.00232106306 0 0 0
volume_proxy 1169 0.972175311 -0.8851624 0.0061332637 0 0 0
volume_proxy 1193 -1.2568636 -0.510240779 -0.00390994564 0 0 0
volume_proxy 1225 -0.416996021 -0.26518662 -0.00142582043 0 0 0
volume_proxy 1245 -1.43729103 0.792393272 -0.00970673226 0 0 0
volume_proxy 1280 -1.243907 0.203873905 0.00427479573 0 0 0
volume_proxy 1285 -1.04580602 0.136981877 -0.00808887343 0 0 0
volume_proxy 1295 -0.644989484 0.637921387 -0.00341181228 0 0 0
volume_proxy 1296 0.343329422 0.0170572239 0.00128617016 0 0 0
volume_proxy 1335 0.726657974 -0.780821717 0.00360223344 0 0 0
volume_proxy 1340 1.03733324 0.0217465402 -0.0105468565 0 0 0
volume_proxy 1380 0.14392731 0.254659108 -0.00558235132 0 0 0
volume_proxy 1386 0.0917320474 0.532242754 -0.00591882558 0 0 0
volume_proxy 1397 1.05773618 0.0963837083 -0.00740438967 0 0 0
volume_proxy 1409 0.579996568 0.818453238 -0.00275245471 0 0 0
volume_proxy 1413 1.30134144 0.587251728 0.00825103056 0 0 0
volume_proxy 1420 -1.21649808 -0.092337032 -0.00970099655 0 0 0
volume_proxy 1422 1.13645562 -0.775514003 -0.00395042652 0 0 0
volume_proxy 1426 1.16922773 -0.0571568813 0.00661114882 0 0 0
volume_proxy 1429 1.19162737 -0.388313568 0.00422245843 0 0 0
volume_proxy 1433 1.32135852 0.579934002 0.0105779292 0 0 0
volume_proxy 1434 -0.263180987 -0.934134999 -0.000265577577 0 0 0
volume_proxy 1437 0.0696569523 -0.0706831401 0.0029948251 0 0 0
volume_proxy 1439 -0.313738581 0.796413054 -0.00792836759 0 0 0
volume_proxy 1440 1.13436339 -0.298626893 -0.00138250581 0 0 0
volume_proxy 1447 0.860860607 -0.577362337 -0.00845899421 0 0 0
volume_proxy 1459 -0.740126648 -0.0730578132 0.0102957025 0 0 0
volume_proxy 1460 1.10236085 0.903537957 0.00715524422 0 0 0
volume_proxy 1461 -0.868935842 0.570652904 0.00959652732 0 0 0
volume_proxy 1466 -1.41918508 0.149225235 0.000773647299 0 0 0
volume_proxy 1470 -1.3301003 -0.430687671 0.0078460088 0 0 0
volume_proxy 1471 -0.0506943815 0.788644579 0.0066416885 0 0 0
volume_proxy 1472 -1.15407721 0.392029099 -0.00430957054 0 0 0
volume_proxy 1474 1.13728948 -0.898806055 0.00652549171 0 0 0
volume_proxy 1481 1.03023392 0.61643456 0.00600424582 0 0 0
volume_proxy 1482 0.498949339 -0.36660196 -0.0017489202 0 0 0
volume_proxy 1485 0.181958849 -0.652612266 0.00898115726 0 0 0
volume_proxy 1486 1.27373254 -0.639981858 0.00177168522 0 0 0
volume_proxy 1489 -0.412400446 0.183010352 -0.00405593585 0 0 0
volume_proxy 1490 1.38388774 0.94694655 -0.00617806848 0 0 0
volume_proxy 1492 0.502001976 0.841503886 0.00576722616 0 0 0
volume_proxy 1493 0.367552868 -0.00314017753 0.00392185845 0 0 0
volume_proxy 1494 0.970592217 0.614871553 -0.0091436875 0 0 0
volume_proxy 1496 -1.17225549 0.299417656 0.00231254902 0 0 0
volume_proxy 1498 -1.12256826 0.0338605702 0.00253958432 0 0 0
volume_proxy 1501 -0.869781908 -0.982804444 0.00611375737 0 0 0
volume_proxy 1503 0.100245065 0.147459802 -0.000273493779 0 0 0
volume_proxy 1505 -0.139926218 0.768972177 -0.00872980081 0 0 0
volume_proxy 1506 0.571031587 0.89023654 -0.0070675299 0 0 0
volume_proxy 1507 -1.02433958 -0.435770345 0.00524730925 0 0 0
volume_proxy 1508 -0.612131616 -0.878615293 -0.00130640998 0 0 0
volume_proxy 1509 -1.28115317 0.626911687 0.00426064656 0 0 0
volume_proxy 1510 0.60364922 -0.223265972 -0.00957302947 0 0 0
volume_proxy 1511 0.928729554 0.693738127 -0.00320119327 0 0 0
volume_proxy 1512 -1.1582918 0.792382178 0.000156002445 0 0 0
volume_proxy 1513 -0.667458673 0.867583594 -0.00742765649 0 0 0
volume_proxy 1514 -1.46629882 0.470606489 0.00285694799 0 0 0
volume_proxy 1515 0.467538301 0.507078687 -0.00975210407 0 0 0
volume_proxy 1516 -0.770972006 -0.492924825 0.00600625054 0 0 0
volume_proxy 1517 -0.989904865 -0.762635909 0.00853767069 0 0 0
volume_proxy 1518 -1.12793387 -0.0619134489 -0.0103387612 0 0 0
volume_proxy 1519 -0.0223535337 -0.315782457 -0.00421699496 0 0 0
volume_proxy 1520 -0.179081773 -0.638420642 0.00238366731 0 0 0
