volume_proxy 0 1.22125734 0.616569458 -0.0049929283 0 0 0
volume_proxy 5 1.41232257 -0.488181373 -0.0031804908 0 0 0
volume_proxy 6 -0.701158233 0.492734104 -0.00693075418 0 0 0
volume_proxy 11 1.30127906 0.900551124 0.00655874618 0 0 0
volume_proxy 12 0.414779455 -0.681622848 0.00821290426 0 0 0
volume_proxy 14 -0.774192299 0.565417067 0.0103208855 0 0 0
volume_proxy 23 1.29123632 -0.733021196 -0.00702137346 0 0 0
volume_proxy 38 0.670842868 0.0989727549 -0.0031336033 0 0 0
volume_proxy 40 -0.352750246 -0.423446594 0.005581478 0 0 0
volume_proxy 50 -1.15265893 0.104210442 -0.00906750211 0 0 0
volume_proxy 53 -0.802536545 0.520576992 0.00159247388 0 0 0
volume_proxy 58 1.32109456 -0.784190994 -0.00416526193 0 0 0
volume_proxy 60 0.320210651 0.506179293 0.00642707802 0 0 0
volume_proxy 85 -0.378061413 0.393116202 -0.00404817707 0 0 0
volume_proxy 97 1.04210073 0.86480285 -0.00479842332 0 0 0
volume_proxy 107 0.892597324 0.195840044 0.00660215621 0 0 0
volume_proxy 127 -1.09527893 -0.239695812 -0.0106539904 0 0 0
volume_proxy 130 0.494198295 0.920043616 0.00215244028 0 0 0
volume_proxy 140 -0.344515851 0.185648071 -0.00248503919 0 0 0
volume_proxy 157 0.956155827 -0.0260420071 -0.0104066851 0 0 0
volume_proxy 159 0.711942009 0.775697662 -0.00743096001 0 0 0
volume_proxy 161 0.683058563 0.850904019 0.00921010988 0 0 0
volume_proxy 176 0.59871639 -0.437391712 0.00116634362 0 0 0
volume_proxy 186 -1.39104744 0.075062375 -0.000510502774 0 0 0
volume_proxy 189 -0.734916055 0.722056619 -0.00144030636 0 0 0
volume_proxy 195 0.00253514279 -0.292161987 -0.00735535997 0 0 0
volume_proxy 196 0.59539705 0.151628855 0.00838886715 0 0 0
volume_proxy 200 -0.835909268 -0.812377879 -0.00536034376 0 0 0
volume_proxy 202 -0.0752468662 0.854145462 -0.00140740063 0 0 0
volume_proxy 209 -1.13923076 0.0350015534 0.00397999601 0 0 0
volume_proxy 210 -0.084366063 0.154370012 -0.00235730677 0 0 0
volume_proxy 226 0.310230705 -0.661358931 -0.00242755116 0 0 0
volume_proxy 236 1.10109771 0.476561446 -0.00179775292 0 0 0
volume_proxy 247 1.12175419 0.993348872 -0.00388278598 0 0 0
volume_proxy 256 -1.38320888 0.931821787 -0.00778155353 0 0 0
volume_proxy 259 0.47018018 0.80413093 -0.00173341846 0 0 0
volume_proxy 269 -0.754955279 -0.366177186 0.00261086925 0 0 0
volume_proxy 277 -1.30685171 -0.583969847 0.00144392957 0 0 0
volume_proxy 296 -1.16431816 -0.457113299 0.00663837178 0 0 0
volume_proxy 305 0.402266223 0.0315444964 -0.00457345796 0 0 0
volume_proxy 310 -0.275708778 -0.975758209 0.0106567168 0 0 0
volume_proxy 344 -1.49412717 0.58675031 0.00876767722 0 0 0
volume_proxy 347 0.177674371 0.00821983561 -0.00439827395 0 0 0
volume_proxy 356 -0.212053967 0.940453302 0.00488613029 0 0 0
volume_proxy 375 0.979513517 -0.885396087 0.00476286862 0 0 0
volume_proxy 388 0.288720489 0.141213163 0.00809975068 0 0 0
volume_proxy 802 1.49670001 -0.423531021 -0.000326938471 0 0 0
volume_proxy 1052 -0.835452771 -0.835148937 -0.00377684346 0 0 0
volume_proxy 1066 0.0107641196 -0.051302463 -0.0094368781 0 0 0
volume_proxy 1120 -0.202796831 0.0675479394 0.00551069822 0 0 0
volume_proxy 1166 -0.55443503 0.25414024 0.00925632359 0 0 0
volume_proxy 1169 1.08727667 -0.82599198 0.00422882174 0 0 0
volume_proxy 1193 -1.41904133 -0.213882574 -0.00159001599 0 0 0
volume_proxy 1225 -0.18411785 -0.0331155158 -0.00210234874 0 0 0
volume_proxy 1245 -1.44234323 0.140210691 -0.00808073859 0 0 0
volume_proxy 1280 -1.24674018 0.468902533 0.0107366249 0 0 0
volume_proxy 1285 -1.29793061 -0.591122921 -0.00555160234 0 0 0
volume_proxy 1295 -0.644342367 0.153872809 0.00532582199 0 0 0
volume_proxy 1296 0.585834787 -0.396693606 -0.00354156696 0 0 0
volume_proxy 1335 0.391281216 -0.570373619 0.0042568793 0 0 0
volume_proxy 1340 1.23276324 0.313416052 -0.00495206655 0 0 0
volume_proxy 1380 0.0474296517 0.916536508 0.0103133809 0 0 0
volume_proxy 1386 0.121518779 0.13167954 0.0102343701 0 0 0
volume_proxy 1397 0.887578944 0.524408757 0.00279816065 0 0 0
volume_proxy 1409 0.0275232157 0.90780423 0.00316099438 0 0 0
volume_proxy 1413 1.30264824 0.776147112 0.0085241994 0 0 0
volume_proxy 1420 -0.986296818 -0.15350019 -0.00690258877 0 0 0
volume_proxy 1422 0.681987971 -0.591312138 0.010540007 0 0 0
volume_proxy 1429 0.663278353 -0.478168655 0.000849705267 0 0 0
volume_proxy 1433 1.48226323 0.961842514 0.0018493678 0 0 0
volume_proxy 1434 0.206596637 -0.85504098 -0.00908314664 0 0 0
volume_proxy 1437 -0.0276392364 -0.0913625522 0.00811003857 0 0 0
volume_proxy 1439 0.169859587 0.167691019 -0.0094425136 0 0 0
volume_proxy 1447 0.828554696 -0.971551843 -0.00263303838 0 0 0
volume_proxy 1459 -0.710436739 0.337782655 -0.00778667526 0 0 0
volume_proxy 1460 1.02801794 0.588893344 0.00642727713 0 0 0
volume_proxy 1461 -1.26665571 0.544034479 -0.0092060233 0 0 0
volume_proxy 1466 -0.893174423 -0.0926601897 0.00327531446 0 0 0
volume_proxy 1470 -1.13672813 -0.189016326 0.00923746377 0 0 0
volume_proxy 1472 -1.26683206 0.674412546 -0.00988039526 0 0 0
volume_proxy 1474 0.810672958 -0.844663359 -0.00792245792 0 0 0
volume_proxy 1481 1.25623849 0.836141166 0.00507091689 0 0 0
volume_proxy 1482 1.00541022 -0.182076453 0.00276571169 0 0 0
volume_proxy 1485 0.406327077 -0.735580432 0.00481231017 0 0 0
volume_proxy 1489 0.113482191 -0.403683539 0.00959479159 0 0 0
volume_proxy 1490 1.44717048 0.810990242 0.00857908092 0 0 0
volume_proxy 1492 0.430835275 0.524824333 0.00791655853 0 0 0
volume_proxy 1493 0.27878152 0.0885454783 0.00786724919 0 0 0
volume_proxy 1494 1.12776456 0.001439804 -0.00592127151 0 0 0
volume_proxy 1496 -1.29643454 0.693437306 -0.00934053402 0 0 0
volume_proxy 1498 -0.925708846 0.451203285 0.00877001791 0 0 0
volume_proxy 1501 -0.471825273 -0.692159351 0.00991747633 0 0 0
volume_proxy 1503 -0.274288823 0.468295063 0.00413683228 0 0 0
volume_proxy 1506 0.307683134 0.766133391 -0.0102094526 0 0 0
volume_proxy 1507 -1.03620572 -0.496625495 -0.00191005021 0 0 0
volume_proxy 1508 -0.642960199 -0.937727468 -0.00483438732 0 0 0
volume_proxy 1509 -1.06566944 0.716630618 -0.00725857517 0 0 0
volume_proxy 1510 0.241064675 -0.830947353 0.0102939428 0 0 0
volume_proxy 1511 1.21954624 0.644548898 0.0082773041 0 0 0
volume_proxy 1513 -1.01558012 0.943107641 0.00645776111 0 0 0
volume_proxy 1515 0.765660747 0.125690961 0.00337058698 0 0 0
volume_proxy 1516 -0.399489025 -0.583664137 0.00379928385 0 0 0
volume_proxy 1517 -0.709700961 -0.72160675 0.00318046312 0 0 0
volume_proxy 1518 -0.872763351 0.00121952678 0.00628441712 0 0 0
volume_proxy 1519 0.204318717 -0.166240178 0.000771995189 0 0 0
volume_proxy 1520 0.10370259 -0.504519782 -0.00843833445 0 0 0
volume_proxy 1521 -0.767486835 -0.0764153989 0.00776331348 0 0 0
volume_proxy 1522 -0.0461043435 0.765597479 -0.00512087297 0 0 0
volume_proxy 1523 1.10833612 -0.305075714 -0.00962712804 0 0 0
volume_proxy 1525 -0.999512135 0.655613266 0.00806856571 0 0 0
volume_proxy 1526 1.02253501 -0.285723117 0.00467402603 0 0 0
