volume_proxy 0 0.594810146 -0.0120323848 -0.00924735292 0 0 0
volume_proxy 5 1.0062376 -0.696022754 -0.00278633578 0 0 0
volume_proxy 6 -0.385502757 -0.548156072 -0.00578544761 0 0 0
volume_proxy 11 0.743303039 0.30564122 0.00801973947 0 0 0
volume_proxy 12 0.145743589 -0.887061889 -0.00256280611 0 0 0
volume_proxy 14 -0.759362855 0.23156591 -0.00874546281 0 0 0
volume_proxy 23 0.634406927 -0.901014538 0.000525474252 0 0 0
volume_proxy 38 0.5233479 0.722742583 -0.00794223826 0 0 0
volume_proxy 40 -0.048267608 -0.209770708 0.0049101917 0 0 0
volume_proxy 50 -0.667682714 -0.623818614 0.0041500771 0 0 0
volume_proxy 53 -0.575260568 0.708886818 -0.00947879781 0 0 0
volume_proxy 58 0.802689699 -0.995449289 -0.000455140805 0 0 0
volume_proxy 60 0.63329862 0.427940259 0.0065512675 0 0 0
volume_proxy 72 0.166394351 -0.296284222 -0.00564841672 0 0 0
volume_proxy 85 -1.02486633 0.282931172 0.00476345747 0 0 0
volume_proxy 97 0.895731736 0.0993338427 -0.00134020699 0 0 0
volume_proxy 107 1.42371269 0.512657514 0.00366009461 0 0 0
volume_proxy 127 -1.40369629 0.0852763691 0.00503597225 0 0 0
volume_proxy 130 1.0279075 0.352191641 0.00594702944 0 0 0
volume_proxy 140 -0.293049443 0.706145349 -0.00626238622 0 0 0
volume_proxy 157 0.854049122 0.05613909 -0.00239360454 0 0 0
volume_proxy 159 0.135102084 0.852698532 0.00981402777 0 0 0
volume_proxy 161 0.816762434 0.462517982 -0.00646078533 0 0 0
volume_proxy 176 0.316375493 0.321682914 -5.77262011e-05 0 0 0
volume_proxy 186 -1.03843953 0.19630386 0.00110497533 0 0 0
volume_proxy 189 -1.26909372 0.888419811 0.00296849293 0 0 0
volume_proxy 195 -0.47574974 -0.628317206 0.000177073217 0 0 0
volume_proxy 196 0.769088357 -0.578973071 -0.00392322014 0 0 0
volume_proxy 200 -0.461119949 -0.856653396 0.00476818273 0 0 0
volume_proxy 202 -1.1505088 0.658314681 -0.00805615302 0 0 0
volume_proxy 209 -1.04521941 0.0741214334 -0.000753602122 0 0 0
volume_proxy 210 -0.91719144 0.611937155 0.00179430333 0 0 0
volume_proxy 226 0.270482978 -0.781580088 0.0067631997 0 0 0
volume_proxy 236 1.35581667 0.704501438 0.00645374647 0 0 0
volume_proxy 247 1.16605492 0.597259147 0.00466135337 0 0 0
volume_proxy 256 -0.496276557 0.328252854 -0.000990558897 0 0 0
volume_proxy 259 0.399472152 0.426957438 0.00404343938 0 0 0
volume_proxy 269 -0.17319198 -0.368355957 -0.00586430544 0 0 0
volume_proxy 277 -1.35044123 0.0310611372 -0.00324635172 0 0 0
volume_proxy 296 -0.211993797 -0.642427519 0.00112407224 0 0 0
volume_proxy 305 0.279039831 -0.435256727 0.00320362024 0 0 0
volume_proxy 310 1.02361617 -0.572741716 0.00558058897 0 0 0
volume_proxy 344 -1.15359383 0.40315851 -0.000387035099 0 0 0
volume_proxy 347 -0.47382144 0.154390611 0.00206039188 0 0 0
volume_proxy 349 -1.11903599 -0.246082566 -0.00465677847 0 0 0
volume_proxy 356 0.241570702 0.991973303 -0.00155074996 0 0 0
volume_proxy 375 0.309902473 -0.642743042 0.00713258753 0 0 0
volume_proxy 388 -0.159183136 0.409230228 0.00486136467 0 0 0
volume_proxy 802 1.17626697 0.424663068 0.00495641225 0 0 0
volume_proxy 876 0.151141698 -0.30555127 0.00819159634 0 0 0
volume_proxy 1052 -0.479914273 -0.836966455 -0.0100587176 0 0 0
volume_proxy 1066 0.600331256 0.782738286 0.00676488866 0 0 0
volume_proxy 1120 -0.630562079 0.624686095 0.00763292221 0 0 0
volume_proxy 1166 -0.394676874 0.671287752 -0.000279268952 0 0 0
volume_proxy 1169 0.989721604 -0.708213044 -0.000689165532 0 0 0
volume_proxy 1186 -0.88952908 -0.0970173667 0.0070642306 0 0 0
volume_proxy 1193 -0.816724403 -0.526587865 -0.0048828258 0 0 0
volume_proxy 1225 -0.10183666 -0.255031908 0.0028011632 0 0 0
volume_proxy 1245 -1.40938281 0.679152105 -0.00172845441 0 0 0
volume_proxy 1280 -1.05358919 0.420378331 -0.00629525934 0 0 0
volume_proxy 1285 -0.902728855 0.592491772 0.00914576099 0 0 0
volume_proxy 1295 -0.516369318 0.576653345 0.00649151311 0 0 0
volume_proxy 1296 0.141683313 0.105673041 0.00157809656 0 0 0
volume_proxy 1335 0.557149308 -0.844989951 0.00623199979 0 0 0
volume_proxy 1340 1.20317411 0.165641558 -0.0013568355 0 0 0
volume_proxy 1380 -0.303705378 0.200445934 -0.0106560446 0 0 0
volume_proxy 1386 0.0508251811 0.663650284 0.00498834895 0 0 0
volume_proxy 1397 1.04572181 0.572421518 0.00944806536 0 0 0
volume_proxy 1409 0.698274695 0.99065307 0.00337173736 0 0 0
volume_proxy 1413 1.17141804 0.479625078 0.00834360163 0 0 0
volume_proxy 1420 -1.36404826 -0.234199216 -0.00614853577 0 0 0
volume_proxy 1421 -1.17923821 -0.187059028 0.00776612883 0 0 0
volume_proxy 1422 1.40852848 -0.88074256 -0.00724738693 0 0 0
volume_proxy 1426 0.755803662 0.0853399739 0.00172563473 0 0 0
volume_proxy 1429 1.13392344 -0.169321076 0.000915300923 0 0 0
volume_proxy 1433 1.36296791 0.569857746 0.00698919172 0 0 0
volume_proxy 1434 -0.0142875858 -0.633395398 -0.00666306207 0 0 0
volume_proxy 1437 -0.185535686 0.00270261958 -0.00542078239 0 0 0
volume_proxy 1439 -0.467095441 0.762146519 -0.00535899075 0 0 0
volume_proxy 1440 1.04156591 -0.568717858 -0.0036286154 0 0 0
volume_proxy 1444 -0.639540056 -0.991226012 -0.00153838058 0 0 0
volume_proxy 1445 -0.000707587159 -0.797047502 -0.00759020283 0 0 0
volume_proxy 1447 0.889606695 -0.795784324 0.00421468191 0 0 0
volume_proxy 1459 -0.736481387 0.36131466 -0.00850751913 0 0 0
volume_proxy 1460 0.977987188 -0.0163738023 0.00422955649 0 0 0
volume_proxy 1461 -1.31037432 0.464993715 -0.0104489211 0 0 0
volume_proxy 1462 -0.917820608 -0.185604888 0.00587060684 0 0 0
volume_proxy 1466 -0.489005132 -0.548944254 -0.0105875514 0 0 0
volume_proxy 1470 -1.46451587 -0.625054411 0.00990181198 0 0 0
volume_proxy 1471 -0.145142208 0.522045365 -0.00157099916 0 0 0
volume_proxy 1472 -0.912836181 0.404287178 0.00906590517 0 0 0
volume_proxy 1474 0.683624995 -0.455251222 0.00507336239 0 0 0
volume_proxy 1481 1.24906795 0.620034085 -0.00764142218 0 0 0
volume_proxy 1482 0.798268526 -0.77067228 -0.00876342867 0 0 0
volume_proxy 1485 0.466974321 -0.476429809 0.00649450928 0 0 0
volume_proxy 1486 1.12163261 -0.547923672 0.00501179555 0 0 0
volume_proxy 1489 -0.644170479 0.359577811 0.00614300505 0 0 0
volume_proxy 1490 1.14036749 0.66110051 -0.00851589155 0 0 0
volume_proxy 1492 0.205495949 0.566753629 0.00623679817 0 0 0
volume_proxy 1493 0.0711363589 0.452748949 0.00761890507 0 0 0
volume_proxy 1494 1.25561265 0.578812428 -0.00200603641 0 0 0
volume_proxy 1496 -1.19080643 0.399297294 -0.0067547554 0 0 0
volume_proxy 1497 0.000313937388 -0.0391288031 0.000863891362 0 0 0
volume_proxy 1498 -1.21157728 0.549621149 0.00494156476 0 0 0
volume_proxy 1501 -0.93967217 -0.931024763 -0.00539406634 0 0 0
volume_proxy 1502 -0.920473868 -0.918271766 0.000111222157 0 0 0
volume_proxy 1503 -0.409005002 -0.173979695 -0.0101782385 0 0 0
volume_proxy 1505 -0.14143835 0.946608333 0.00995975253 0 0 0
volume_proxy 1506 0.327928517 0.573135832 -0.0045676425 0 0 0
volume_proxy 1507 -1.10103459 -0.595022862 -0.00625880956 0 0 0
volume_proxy 1508 -0.509924965 -0.951762067 -0.00999266779 0 0 0
volume_proxy 1509 -1.39055411 0.684200093 -0.00105962078 0 0 0
volume_proxy 1510 0.529007345 -0.407932677 0.00338470673 0 0 0
volume_proxy 1511 1.04999277 0.344520593 0.00242956938 0 0 0
volume_proxy 1512 -0.99170288 0.322235438 -0.00768213576 0 0 0
volume_proxy 1513 -0.691023702 0.883002074 -0.00405528267 0 0 0
volume_proxy 1514 -0.89461263 0.408773625 0.00619981677 0 0 0
volume_proxy 1515 0.281005643 0.501709944 0.010205774 0 0 0
