volume_proxy 0 -0.598722144 -0.627605733 0.00148223351 0 0 0
volume_proxy 6 -0.120835353 0.205142985 0.00740078487 0 0 0
volume_proxy 11 1.04611889 0.728289312 0.00297391746 0 0 0
volume_proxy 12 0.939952623 -0.812717332 -0.00924827399 0 0 0
volume_proxy 14 -1.42042267 0.49239903 -0.00549421224 0 0 0
volume_proxy 23 0.717623907 -0.943186822 -0.00385066058 0 0 0
volume_proxy 38 -0.484806284 -0.933920689 0.00226521619 0 0 0
volume_proxy 40 -0.521583794 -0.192048194 -0.00589780549 0 0 0
volume_proxy 50 -0.951404512 -0.42200987 -0.00773099242 0 0 0
volume_proxy 53 -1.40338137 0.58050667 -0.0101763852 0 0 0
volume_proxy 58 1.14356585 -0.973244132 0.00877012433 0 0 0
volume_proxy 60 -0.521923349 0.713325206 -0.00883136149 0 0 0
volume_proxy 85 -1.44833683 0.941816528 -0.000260178911 0 0 0
volume_proxy 97 0.241239177 0.969232353 -0.00204570898 0 0 0
volume_proxy 107 0.107527637 0.00741124212 0.00143974524 0 0 0
volume_proxy 127 -1.35979378 -0.820836231 -0.00763166503 0 0 0
volume_proxy 130 0.793919342 -0.894528597 0.00248862794 0 0 0
volume_proxy 140 0.159884482 0.0383753663 0.00457981032 0 0 0
volume_proxy 157 0.673605069 -0.484993789 0.00518959016 0 0 0
volume_proxy 159 1.12002526 0.413161532 0.00148132228 0 0 0
volume_proxy 161 -0.517153521 -0.225656444 0.000829660832 0 0 0
volume_proxy 176 0.936419194 -0.30559838 -0.00144319762 0 0 0
volume_proxy 186 -0.885620875 0.0210988893 0.00661526082 0 0 0
volume_proxy 189 -0.251086036 -0.112370474 -0.0107285551 0 0 0
volume_proxy 195 -1.23927334 -0.256965716 -0.00437502193 0 0 0
volume_proxy 196 0.179162521 0.316590682 0.000543068061 0 0 0
volume_proxy 200 -0.85345869 0.449107894 0.000121667517 0 0 0
volume_proxy 202 -0.585063041 0.469838242 0.00797994809 0 0 0
volume_proxy 209 -1.21885118 -0.361793455 -0.00432919133 0 0 0
volume_proxy 210 0.626074561 0.578091862 -0.00513404232 0 0 0
volume_proxy 226 1.02168256 -0.81159355 -0.00261262019 0 0 0
volume_proxy 236 1.28481681 -0.557257103 -0.000246821291 0 0 0
volume_proxy 247 0.519217401 -0.374697754 0.002143341 0 0 0
volume_proxy 256 -0.195869047 0.354077822 0.0099805088 0 0 0
volume_proxy 259 0.310658795 0.72476504 -0.010048885 0 0 0
volume_proxy 269 -0.416924158 -0.0419791364 0.00532669769 0 0 0
volume_proxy 277 -0.598300771 -0.427622516 -0.0100414848 0 0 0
volume_proxy 296 -0.685219358 0.798045819 -0.0077910629 0 0 0
volume_proxy 305 0.421554531 -0.826775058 0.00594091934 0 0 0
volume_proxy 310 1.04088824 0.751042991 -0.00750249216 0 0 0
volume_proxy 344 -1.23841879 -0.211192739 -0.010480801 0 0 0
volume_proxy 347 -0.0686538955 0.938347811 -0.00181508648 0 0 0
volume_proxy 356 0.0294343253 -0.00323696062 0.00553790154 0 0 0
volume_proxy 375 1.22957709 -0.820203848 0.00503390483 0 0 0
volume_proxy 388 1.24870783 -0.932059842 -0.00219939965 0 0 0
volume_proxy 802 0.455690004 0.597791035 0.00577529831 0 0 0
volume_proxy 1052 -0.919560552 -0.417503847 0.00916040458 0 0 0
volume_proxy 1066 -0.152962233 0.910369834 -0.0106403301 0 0 0
volume_proxy 1120 -0.541106885 0.642484564 0.00347766006 0 0 0
volume_proxy 1166 -1.14217635 -0.928809767 0.00540296525 0 0 0
volume_proxy 1193 -1.48655238 -0.47202096 -0.00457223374 0 0 0
volume_proxy 1225 -1.10349386 -0.935282756 0.00482367643 0 0 0
volume_proxy 1245 -1.44072765 0.400101505 0.00635766959 0 0 0
volume_proxy 1280 -1.01147264 0.718979638 0.00826771121 0 0 0
volume_proxy 1285 -0.769120008 0.604738113 -0.000621447768 0 0 0
volume_proxy 1295 0.649869129 0.0974786026 0.000618280335 0 0 0
volume_proxy 1296 -0.148476738 -0.698947041 0.00257675984 0 0 0
volume_proxy 1340 1.03514127 -0.158465553 -0.00571583442 0 0 0
volume_proxy 1380 -1.35807597 -0.38174278 0.00376533665 0 0 0
volume_proxy 1386 1.28517758 0.760465535 0.00652879521 0 0 0
volume_proxy 1397 0.115838472 0.42214585 0.0036774207 0 0 0
volume_proxy 1409 0.289656465 0.337515339 -0.00538852538 0 0 0
volume_proxy 1413 0.824616931 0.748899397 0.0026230512 0 0 0
volume_proxy 1422 0.235635305 -0.92318867 0.0106470402 0 0 0
volume_proxy 1433 0.765989727 0.597644762 0.000844867524 0 0 0
volume_proxy 1437 -0.238507359 -0.937112105 -0.00808157852 0 0 0
volume_proxy 1459 -0.739823 -0.407889166 0.00663343183 0 0 0
volume_proxy 1460 -0.00267316444 0.377252735 0.00832294465 0 0 0
volume_proxy 1461 -1.48558596 0.468534319 -0.00701114077 0 0 0
volume_proxy 1466 0.341485494 0.429896959 -0.00954039189 0 0 0
volume_proxy 1472 -1.26691946 0.841264132 0.00427593656 0 0 0
volume_proxy 1474 1.22581597 0.249358273 0.0067773636 0 0 0
volume_proxy 1481 0.253286266 0.315632229 -0.00996093597 0 0 0
volume_proxy 1482 1.44171776 0.974844884 -8.75044416e-05 0 0 0
volume_proxy 1485 0.646226508 -0.281143058 0.00766283182 0 0 0
volume_proxy 1489 0.286320108 -0.982147155 0.00453522816 0 0 0
volume_proxy 1490 0.55310941 0.866068367 0.00166231159 0 0 0
volume_proxy 1496 -1.46043349 0.825350399 -0.00538352376 0 0 0
volume_proxy 1498 -0.422175252 0.0105770512 0.0106627587 0 0 0
volume_proxy 1503 -1.31593908 -0.717567583 9.97680796e-06 0 0 0
volume_proxy 1506 0.25051553 0.817910545 0.00972698826 0 0 0
volume_proxy 1507 -1.13469145 -0.348334819 -0.0106520204 0 0 0
volume_proxy 1508 -0.273588152 0.0474074375 0.00180733133 0 0 0
volume_proxy 1509 -1.32096216 0.2021443 -0.00389839831 0 0 0
volume_proxy 1510 -0.239683802 -0.987017904 0.00745505334 0 0 0
volume_proxy 1511 1.10917255 0.461783764 -0.00240575861 0 0 0
volume_proxy 1513 -1.45205534 0.329959227 0.0101928611 0 0 0
volume_proxy 1515 0.777122741 -0.801628585 0.00260330576 0 0 0
volume_proxy 1516 -0.432457347 -0.715571043 -0.00133750898 0 0 0
volume_proxy 1517 -1.37159922 -0.402177802 0.00333774685 0 0 0
volume_proxy 1519 0.112429803 -0.762259443 -0.00221832787 0 0 0
volume_proxy 1520 0.123827173 -0.496139979 0.00691540979 0 0 0
volume_proxy 1521 -1.17356525 -0.978386412 0.0072968363 0 0 0
volume_proxy 1523 0.399998753 -0.432563784 -0.00775824823 0 0 0
volume_proxy 1525 -0.924331427 0.915307817 0.00825807073 0 0 0
volume_proxy 1526 0.900354409 -0.503857583 0.00687721227 0 0 0
volume_proxy 1528 1.03586488 -0.767781751 -0.00892445917 0 0 0
volume_proxy 1529 -1.41112864 -0.264362842 0.00642909086 0 0 0
volume_proxy 1531 0.237339873 0.368960999 -0.00904339392 0 0 0
volume_proxy 1533 1.33115914 0.272865183 0.00966009746 0 0 0
volume_proxy 1534 -0.267879304 0.854906152 -0.00101016776 0 0 0
volume_proxy 1535 0.806301906 0.361715817 -0.00245813973 0 0 0
volume_proxy 1536 -0.630143934 -0.57422105 -0.00888743014 0 0 0
volume_proxy 1537 -0.394712897 -0.896118622 0.00683510357 0 0 0
volume_proxy 1538 1.17336642 -0.443633457 0.00216265285 0 0 0
