volume_proxy 0 1.32821848 0.0732342523 0.00455050346 0 0 0
volume_proxy 4 1.02674558 0.626596637 0.00775124585 0 0 0
volume_proxy 5 -0.15768632 0.548391436 0.00406608971 0 0 0
volume_proxy 6 1.18897318 0.846751771 -0.00367531745 0 0 0
volume_proxy 11 -0.250923642 0.874256269 -0.00593090746 0 0 0
volume_proxy 12 0.520815524 -0.38051867 0.0102010101 0 0 0
volume_proxy 14 0.709961969 0.33366469 -0.00719154073 0 0 0
volume_proxy 15 -0.548844221 -0.970851535 -0.00596167971 0 0 0
volume_proxy 23 -0.779215142 -0.298199696 -0.000774336619 0 0 0
volume_proxy 38 0.16697124 -0.132536611 -0.0088724281 0 0 0
volume_proxy 40 -0.47372818 -0.769322807 -0.00253195725 0 0 0
volume_proxy 47 1.01924213 -0.327797963 -0.00236626453 0 0 0
volume_proxy 49 0.278702668 -0.835951665 0.000541500941 0 0 0
volume_proxy 50 -0.297901684 -0.663631049 -0.00804432688 0 0 0
volume_proxy 52 -1.48628305 -0.722784477 -0.00411443947 0 0 0
volume_proxy 53 -0.277074203 -0.29221561 0.00157705754 0 0 0
volume_proxy 57 -0.972229708 0.198693392 -0.0024998241 0 0 0
volume_proxy 58 1.03771174 -0.641594302 -0.00208000816 0 0 0
volume_proxy 60 -0.399177712 0.884175602 -0.000844953567 0 0 0
volume_proxy 61 -1.20757175 -0.77192511 0.0102524247 0 0 0
volume_proxy 69 -0.52613664 -0.132906749 -0.00373956505 0 0 0
volume_proxy 72 0.756687384 -0.0205091836 0.00982958534 0 0 0
volume_proxy 81 -1.06936697 0.202638181 0.00836149395 0 0 0
volume_proxy 85 -0.620104341 0.468334577 -0.00310498801 0 0 0
volume_proxy 88 -0.752127957 0.087472508 -0.00157198503 0 0 0
volume_proxy 97 1.1647517 -0.292830022 -0.00635399277 0 0 0
volume_proxy 101 -1.38368273 0.634801155 -0.00423839585 0 0 0
volume_proxy 105 -0.341740201 -0.771541441 0.00301157891 0 0 0
volume_proxy 106 -0.392317962 -0.684439434 0.0105405418 0 0 0
volume_proxy 107 0.338171927 0.616783543 -0.00734215003 0 0 0
volume_proxy 108 1.43374362 -0.806192012 0.00980081349 0 0 0
volume_proxy 126 -0.184731584 -0.425697846 0.00635062494 0 0 0
volume_proxy 127 -0.19893924 0.508288952 -0.0102704776 0 0 0
volume_proxy 130 1.39407511 0.411122777 -0.00942386888 0 0 0
volume_proxy 132 0.821333818 0.837340323 0.00961004999 0 0 0
volume_proxy 135 0.333004839 -0.699944686 -0.00887664887 0 0 0
volume_proxy 140 -0.918283509 0.676049898 -0.00989587154 0 0 0
volume_proxy 145 -0.773084395 -0.839998674 -0.00459008114 0 0 0
volume_proxy 149 -1.34725508 0.969204975 0.00499556342 0 0 0
volume_proxy 157 0.723050594 0.425944523 0.0104403649 0 0 0
volume_proxy 159 -0.792679579 -0.941637883 0.0101574358 0 0 0
volume_proxy 161 0.0989110907 0.681286212 -0.0101742518 0 0 0
volume_proxy 163 -1.39965656 0.00850429003 -0.00808640944 0 0 0
volume_proxy 169 0.870897995 0.272866979 0.00906211034 0 0 0
volume_proxy 176 0.450382782 -0.109960107 0.00102848764 0 0 0
volume_proxy 178 -0.972793279 0.525102029 -0.00650569365 0 0 0
volume_proxy 186 -0.688622573 0.16511863 0.00678036771 0 0 0
volume_proxy 189 -0.775031765 0.418896534 0.00756763872 0 0 0
volume_proxy 195 -0.591488104 0.0706960993 -0.00320267966 0 0 0
volume_proxy 196 0.611164153 0.168964436 0.00587193416 0 0 0
volume_proxy 198 1.36876198 -0.990009227 0.00952058406 0 0 0
volume_proxy 200 -0.993982328 -0.279747814 0.00859233987 0 0 0
volume_proxy 202 -0.602107992 0.419475486 0.00997768868 0 0 0
volume_proxy 209 -1.0193578 -0.558002398 0.000698340866 0 0 0
volume_proxy 210 -0.0365649309 -0.0133324629 0.0101615403 0 0 0
volume_proxy 213 -0.353432037 -0.0101011246 0.0100501992 0 0 0
volume_proxy 223 -1.17862623 0.486980194 0.00291596334 0 0 0
volume_proxy 224 1.21295424 -0.809150204 -0.00599882014 0 0 0
volume_proxy 226 -0.574916094 -0.906121516 -0.00027802938 0 0 0
volume_proxy 228 0.0541427753 0.454377021 -0.00720242626 0 0 0
volume_proxy 230 0.861880554 0.466437526 -0.0089530306 0 0 0
volume_proxy 236 0.269483289 0.0181653166 -0.0101227144 0 0 0
volume_proxy 237 0.363080229 0.499047301 0.00764992 0 0 0
volume_proxy 242 1.38360583 0.57642263 -0.0053758744 0 0 0
volume_proxy 244 0.865295978 0.760477448 -0.00966080285 0 0 0
volume_proxy 247 1.2502779 -0.646336128 -0.00413916537 0 0 0
volume_proxy 251 0.414391956 0.185926176 0.00783571836 0 0 0
volume_proxy 256 0.601215601 -0.392609976 -0.00890144147 0 0 0
volume_proxy 257 -0.141752877 0.568266087 -0.00319425287 0 0 0
volume_proxy 258 0.569016915 -0.270609386 0.00697620876 0 0 0
volume_proxy 259 0.37374546 0.275029974 0.00801358228 0 0 0
volume_proxy 269 1.17829821 0.131318758 0.00623097794 0 0 0
volume_proxy 271 -1.31707477 0.978800225 -0.00547187763 0 0 0
volume_proxy 273 1.29791557 0.414436198 0.000277337586 0 0 0
volume_proxy 276 0.366312336 0.178187584 -0.00389365254 0 0 0
volume_proxy 277 -0.663872532 -0.852655257 -0.00284108658 0 0 0
volume_proxy 279 -0.216668862 -0.335512651 0.00766282515 0 0 0
volume_proxy 281 -1.19554207 0.870469709 0.00885812683 0 0 0
volume_proxy 284 -0.873980423 0.790013619 -0.0081804717 0 0 0
volume_proxy 285 -0.483383724 -0.814113871 0.0106853182 0 0 0
volume_proxy 294 0.157074394 0.551368426 -0.00341042566 0 0 0
volume_proxy 296 0.0358208372 -0.682346942 0.00820589412 0 0 0
volume_proxy 298 1.07177766 -0.701874414 -0.00918886019 0 0 0
volume_proxy 305 0.117905608 -0.0159781359 0.0100638449 0 0 0
volume_proxy 309 0.949233317 0.338906559 -0.00717415439 0 0 0
volume_proxy 310 0.832626178 0.506058329 0.00301141517 0 0 0
volume_proxy 311 0.366432011 -0.964310563 -0.00898064498 0 0 0
volume_proxy 314 -0.279094062 0.0405095628 0.00762278755 0 0 0
volume_proxy 319 -0.292863842 -0.716233677 -0.00334010676 0 0 0
volume_proxy 321 0.0183395465 -0.819655359 0.00948279442 0 0 0
volume_proxy 329 -0.353199361 0.754037428 -0.00956662689 0 0 0
volume_proxy 335 -1.24378027 -0.215603775 -0.0031120842 0 0 0
volume_proxy 337 -0.853993551 0.608265839 0.00898555974 0 0 0
volume_proxy 339 -0.538972625 -0.611779738 0.00776085972 0 0 0
volume_proxy 344 0.544516052 0.587949617 0.00918119895 0 0 0
volume_proxy 345 -0.75697284 0.157994546 -0.00506442005 0 0 0
volume_proxy 347 -0.0259549877 -0.172065598 0.0049262797 0 0 0
volume_proxy 349 0.399137831 -0.0334978255 0.00284106828 0 0 0
volume_proxy 356 0.596062388 0.858807627 -0.00978495446 0 0 0
volume_proxy 358 1.33336761 0.712558868 -0.0088323584 0 0 0
volume_proxy 370 1.31543078 0.791257433 -0.00562108145 0 0 0
volume_proxy 375 0.546520764 -0.0559983421 -0.000645002129 0 0 0
volume_proxy 377 0.552022154 0.166293211 -0.0056418917 0 0 0
volume_proxy 383 0.860255476 -0.887662551 -0.00461879954 0 0 0
volume_proxy 388 -1.42803772 -0.192590535 -0.00568663684 0 0 0
volume_proxy 393 1.0997685 -0.0550665645 -0.00368850291 0 0 0
volume_proxy 396 -0.747993426 0.930330188 -0.00629777854 0 0 0
volume_proxy 397 0.422047136 -0.00837324496 -0.00352562134 0 0 0
volume_proxy 399 0.783963287 -0.775279244 -0.00791950244 0 0 0
volume_proxy 409 -0.601533996 -0.431126221 0.00404801131 0 0 0
volume_proxy 412 1.22232147 -0.81353468 -1.35038857e-05 0 0 0
volume_proxy 418 -0.705834346 -0.0250658269 -0.00437165303 0 0 0
volume_proxy 431 -0.978829939 -0.997965775 -0.00543983898 0 0 0
volume_proxy 463 -0.197461462 -0.874293475 -0.00635286654 0 0 0
volume_proxy 497 -1.30507309 -0.600245932 0.000495095227 0 0 0
volume_proxy 502 1.03365586 -0.669546666 0.00170711774 0 0 0
volume_proxy 512 0.259955482 -0.771828871 -0.00537024993 0 0 0
volume_proxy 513 0.67963406 -0.30909922 -0.00773935853 0 0 0
volume_proxy 518 1.3346873 -0.499641922 0.00468319827 0 0 0
volume_proxy 572 0.230749734 -0.42566342 -0.00731711916 0 0 0
volume_proxy 591 -0.457699816 0.608185509 0.00506313704 0 0 0
volume_proxy 594 -1.06189921 0.621539878 0.00330226656 0 0 0
volume_proxy 615 1.19262831 -0.0306353974 -0.00469495559 0 0 0
volume_proxy 616 0.995677854 0.354846028 0.00500217656 0 0 0
volume_proxy 637 -1.45509129 -0.911077464 -0.00199839385 0 0 0
volume_proxy 647 -0.240382737 0.780957646 0.00546594952 0 0 0
volume_proxy 669 1.2516127 -0.501588657 -0.00520153382 0 0 0
volume_proxy 682 -0.0273899892 0.369628326 0.00201285281 0 0 0
volume_proxy 702 0.0973128817 -0.223506289 0.0101055873 0 0 0
volume_proxy 722 0.6624547 0.491234434 0.00438750575 0 0 0
volume_proxy 725 -1.49371341 -0.695766935 -0.00612131575 0 0 0
volume_proxy 751 0.0329112949 -0.427851739 0.0101311707 0 0 0
volume_proxy 757 0.253498488 0.39233188 0.00225170238 0 0 0
volume_proxy 797 -1.22943904 -0.25104085 0.00137463197 0 0 0
volume_proxy 800 -1.22442167 0.401760183 -0.0052093986 0 0 0
volume_proxy 802 0.721730918 -0.0660870564 -0.00132717733 0 0 0
volume_proxy 811 0.757222553 0.533839267 -0.00318796367 0 0 0
volume_proxy 812 1.0930098 0.361671822 0.00994523989 0 0 0
volume_proxy 814 0.946969253 -0.487304785 -0.00485977796 0 0 0
volume_proxy 822 -0.237529581 -0.933317344 -0.00265993669 0 0 0
volume_proxy 835 -0.377513928 -0.990320386 0.00692812045 0 0 0
volume_proxy 848 -1.13718722 -0.300264737 0.00175758902 0 0 0
volume_proxy 854 -0.551647663 0.828996835 0.00542250273 0 0 0
volume_proxy 856 1.17318598 0.370068494 -0.00905522594 0 0 0
volume_proxy 869 1.49490609 0.758634005 0.00291398811 0 0 0
volume_proxy 876 -0.14205102 -0.508919229 0.00458228774 0 0 0
volume_proxy 878 0.897850494 -0.81370857 0.0104399622 0 0 0
volume_proxy 883 0.354445609 0.790046578 -0.00898229914 0 0 0
volume_proxy 902 0.0994137726 0.245201436 0.00352487847 0 0 0
volume_proxy 903 0.29069633 0.745913055 -0.000210421654 0 0 0
volume_proxy 904 -0.973470346 0.43838899 -0.0104788862 0 0 0
volume_proxy 914 0.277633561 -0.962081658 0.00265749086 0 0 0
volume_proxy 915 -0.599747061 -0.0401222915 -0.00911651463 0 0 0
volume_proxy 926 -0.293290903 0.522404642 -0.00268532919 0 0 0
volume_proxy 929 -0.757983882 -0.532840898 0.0100238596 0 0 0
volume_proxy 944 0.668720638 -0.965645323 0.00595666471 0 0 0
volume_proxy 966 -0.458944307 0.821680272 -0.00335547154 0 0 0
volume_proxy 969 -0.703231383 0.00864729271 -0.0041950907 0 0 0
volume_proxy 974 -0.0374459211 -0.460840968 0.00516376713 0 0 0
volume_proxy 977 -1.16847892 -0.33151537 0.00418333671 0 0 0
volume_proxy 979 -0.284186382 0.757245332 -0.00926039795 0 0 0
volume_proxy 983 1.08674565 -0.250509492 -0.0013133829 0 0 0
volume_proxy 991 -0.688094508 -0.448180218 0.00540197117 0 0 0
volume_proxy 992 0.174084266 0.162910041 -0.0106121077 0 0 0
volume_proxy 997 1.16265767 -0.0102174551 -0.000840400038 0 0 0
volume_proxy 1001 0.386950671 0.973432687 0.00334424452 0 0 0
volume_proxy 1008 0.953741959 -0.702664988 0.00500825323 0 0 0
volume_proxy 1012 0.94093656 0.0226583536 0.00920995171 0 0 0
volume_proxy 1016 0.8530219 -0.877429465 -0.0101071166 0 0 0
volume_proxy 1019 -0.885592988 -0.920309878 0.00432202315 0 0 0
volume_proxy 1020 -1.09241075 0.480870525 0.00778574518 0 0 0
volume_proxy 1021 -0.8939297 -0.958956354 -0.00331109298 0 0 0
volume_proxy 1024 0.619431246 0.509863387 0.00849156354 0 0 0
volume_proxy 1028 -1.2210932 -0.732105544 -0.00294483609 0 0 0
volume_proxy 1031 1.09466797 -0.478993614 -0.00318495795 0 0 0
volume_proxy 1032 1.40342573 0.354033144 0.00814639094 0 0 0
volume_proxy 1033 1.03058751 0.794725313 -0.00187917156 0 0 0
volume_proxy 1035 0.687809653 -0.62646404 -0.00920122669 0 0 0
volume_proxy 1036 0.607655557 0.0441169008 0.00462134533 0 0 0
volume_proxy 1040 -1.18715922 -0.718462198 0.00847762982 0 0 0
volume_proxy 1042 0.913901209 0.549125278 0.000907749375 0 0 0
volume_proxy 1050 -0.756519448 -0.570856951 -0.000934847882 0 0 0
volume_proxy 1052 -0.854740427 0.0909056378 0.00543541008 0 0 0
volume_proxy 1056 -1.13608295 0.957300663 -0.00817965786 0 0 0
volume_proxy 1062 0.512779206 0.346681726 -0.00240822356 0 0 0
volume_proxy 1066 0.805741318 -0.0854745775 -0.00752897117 0 0 0
volume_proxy 1067 0.667893591 -0.452119871 0.0048263704 0 0 0
volume_proxy 1069 -1.0442017 0.0271244256 -0.00362793329 0 0 0
volume_proxy 1070 -1.07392344 0.766687611 0.00412070312 0 0 0
volume_proxy 1075 -0.490417292 0.311752727 -0.00164918192 0 0 0
volume_proxy 1078 -1.20216875 0.980703579 0.00847266206 0 0 0
volume_proxy 1085 0.0925139169 -0.452138951 -0.009211135 0 0 0
volume_proxy 1086 0.511216342 -0.735296001 0.00125311272 0 0 0
volume_proxy 1089 -0.766115849 0.816330089 -0.00557336972 0 0 0
volume_proxy 1091 0.456484637 0.189229938 -0.00933282608 0 0 0
volume_proxy 1093 -0.0209196554 -0.677173753 0.00296027558 0 0 0
volume_proxy 1096 0.203075328 0.465245385 0.00337793156 0 0 0
volume_proxy 1098 0.309981348 0.47421991 0.00913247819 0 0 0
volume_proxy 1102 1.27234415 0.648537346 -0.00289737787 0 0 0
volume_proxy 1106 0.730143076 -0.505309833 -0.00440633991 0 0 0
volume_proxy 1110 1.03950026 -0.658818365 -0.00281816548 0 0 0
volume_proxy 1113 1.23484409 0.389778487 0.00129446907 0 0 0
volume_proxy 1114 -0.849471828 0.159273947 -0.00317957583 0 0 0
volume_proxy 1117 0.829036928 -0.0212403842 0.00466096516 0 0 0
volume_proxy 1118 0.52154777 -0.47207117 0.00040722534 0 0 0
volume_proxy 1119 -1.29885217 0.52529075 -0.00645398399 0 0 0
volume_proxy 1120 -0.0973753785 0.108195582 0.00257571169 0 0 0
volume_proxy 1123 -1.30041544 0.845187545 0.00631251605 0 0 0
volume_proxy 1127 0.598728278 0.341940039 -0.00596579829 0 0 0
volume_proxy 1130 -0.32703262 0.174373111 -0.00294051608 0 0 0
volume_proxy 1132 0.425394044 0.421470733 -0.00950304277 0 0 0
volume_proxy 1133 1.19965903 -0.671921662 -0.00238356754 0 0 0
volume_proxy 1134 0.652596297 0.913938897 0.00429602461 0 0 0
volume_proxy 1137 -0.933778555 -0.0531778387 -0.00312929916 0 0 0
volume_proxy 1138 1.4986383 -0.654012953 -0.00147834914 0 0 0
volume_proxy 1143 -0.476042576 0.262397665 -0.00966399359 0 0 0
volume_proxy 1144 0.32618954 -0.761751688 0.00517424879 0 0 0
volume_proxy 1145 -0.690123514 -0.827105675 -0.00335400853 0 0 0
volume_proxy 1147 0.242064041 0.424639437 0.00333760675 0 0 0
volume_proxy 1149 -0.578935861 0.45872401 -0.00307148262 0 0 0
volume_proxy 1150 -0.425816105 -0.590821035 0.00572331284 0 0 0
volume_proxy 1151 0.800163445 -0.92589502 -0.00335122299 0 0 0
volume_proxy 1157 -0.21558754 -0.0478257814 -9.06838815e-05 0 0 0
volume_proxy 1161 0.588913435 -0.98909941 -0.00666862418 0 0 0
volume_proxy 1163 0.820825637 -0.125515847 -0.00381347374 0 0 0
volume_proxy 1165 -0.256586026 -0.706209428 0.00687963995 0 0 0
volume_proxy 1166 -1.4803858 0.512188495 0.00786956592 0 0 0
volume_proxy 1167 -1.16623089 0.0992472041 -0.0105739296 0 0 0
volume_proxy 1168 -0.22144489 -0.463719395 0.00465884873 0 0 0
volume_proxy 1169 1.48715294 -0.308917685 -0.00882139667 0 0 0
volume_proxy 1170 -1.37685694 -0.0396474682 0.00766743956 0 0 0
volume_proxy 1171 -0.659299658 0.577810684 -0.00892310125 0 0 0
volume_proxy 1172 -0.393703123 0.30994592 -0.00678225597 0 0 0
volume_proxy 1174 0.215205295 0.209271391 0.00521929076 0 0 0
volume_proxy 1175 -0.284615128 -0.635748033 -0.00251115963 0 0 0
volume_proxy 1178 -0.523030023 0.716027532 -0.00195017661 0 0 0
volume_proxy 1179 0.613122078 0.541950121 -0.00689468 0 0 0
volume_proxy 1180 -1.06393197 0.425258672 -0.00943674503 0 0 0
volume_proxy 1182 0.459702083 0.893831036 -0.0102858622 0 0 0
volume_proxy 1183 0.653766303 -0.661116999 -0.0103503007 0 0 0
volume_proxy 1186 -0.403509751 -0.378219305 -0.00972346159 0 0 0
volume_proxy 1191 1.45246845 0.723036815 0.00494136901 0 0 0
volume_proxy 1193 -0.836693422 0.332826561 -0.00726232522 0 0 0
volume_proxy 1194 -1.09840404 -0.4769903 -0.00122240438 0 0 0
volume_proxy 1195 -1.44567047 -0.563286921 -0.00180213175 0 0 0
volume_proxy 1196 -0.943504118 -0.515841514 -2.30088158e-05 0 0 0
volume_proxy 1197 -1.1083863 -0.966044376 -0.0052696376 0 0 0
volume_proxy 1198 0.0344503846 0.120137635 0.00160609889 0 0 0
volume_proxy 1199 -0.0144526771 0.259663655 0.0106409736 0 0 0
volume_proxy 1201 -0.843206166 0.379812021 0.00441143663 0 0 0
volume_proxy 1204 0.100869856 -0.441970372 -0.00736183249 0 0 0
volume_proxy 1205 1.41409908 0.596192897 0.00653544594 0 0 0
volume_proxy 1206 1.18055234 0.437414601 0.00647575971 0 0 0
volume_proxy 1208 -0.100483415 -0.111469878 -0.00184548256 0 0 0
volume_proxy 1209 -1.32522281 0.345697206 0.00247235552 0 0 0
volume_proxy 1210 -1.4521349 0.627375412 0.00892600291 0 0 0
volume_proxy 1213 -0.431935405 -0.157938881 -0.00418844199 0 0 0
volume_proxy 1214 -0.389151932 -0.0326352452 0.00607869183 0 0 0
volume_proxy 1216 1.03647213 -0.03940817 0.00507577042 0 0 0
volume_proxy 1217 -0.44293049 0.768582457 0.00842028151 0 0 0
volume_proxy 1218 -0.113404032 -0.68900326 0.000792525927 0 0 0
volume_proxy 1219 -1.01839092 0.0377355716 0.00118652815 0 0 0
volume_proxy 1220 0.290602017 0.297757551 0.0029804975 0 0 0
volume_proxy 1221 1.32823675 -0.0762689318 0.00313351028 0 0 0
volume_proxy 1222 -0.0154541535 -0.679943061 0.00264221184 0 0 0
volume_proxy 1223 1.14859962 0.666588016 -0.000367063915 0 0 0
volume_proxy 1224 -0.501108259 0.782905156 -0.00645355148 0 0 0
volume_proxy 1225 -0.2751081 0.118160399 0.00247860358 0 0 0
volume_proxy 1226 -0.713270336 0.953597067 0.00191890633 0 0 0
volume_proxy 1227 -0.647359736 0.790080188 0.00577917268 0 0 0
volume_proxy 1228 0.940884772 0.936922995 0.00175265326 0 0 0
volume_proxy 1229 1.0642709 0.786975117 -0.00865726625 0 0 0
volume_proxy 1230 1.27590544 -0.89799481 -0.00257704329 0 0 0
volume_proxy 1231 -0.666981169 -0.497774209 -0.00466487371 0 0 0
volume_proxy 1232 -1.40924985 -0.824825104 0.0104944632 0 0 0
volume_proxy 1233 -0.544129488 0.716415537 0.00473517526 0 0 0
volume_proxy 1235 -1.46877425 0.526277704 0.00914978846 0 0 0
volume_proxy 1236 -0.0661628469 0.0735906018 0.00557391396 0 0 0
volume_proxy 1237 0.751395244 0.800622124 -0.00121552929 0 0 0
volume_proxy 1238 0.745294305 0.828239825 -0.0107375774 0 0 0
volume_proxy 1239 1.49679268 0.638591312 -0.00319065723 0 0 0
volume_proxy 1240 1.29389027 0.702157851 0.00631269363 0 0 0
volume_proxy 1241 -0.312877898 -0.100440136 0.00530829693 0 0 0
volume_proxy 1242 -1.05508301 -0.900473062 0.00273543785 0 0 0
volume_proxy 1243 -1.22050261 -0.953964879 0.00202423753 0 0 0
volume_proxy 1244 -0.590424683 -0.976605311 -0.00809354285 0 0 0
volume_proxy 1245 -1.36370479 0.539374017 -0.000832871476 0 0 0
volume_proxy 1247 -1.17620097 0.650437674 -0.000794977067 0 0 0
volume_proxy 1248 0.929911643 0.185192906 -0.00765178949 0 0 0
volume_proxy 1249 -0.217223256 -0.128485415 -0.00224823761 0 0 0
volume_proxy 1250 -0.933313656 0.947951952 -0.00375542011 0 0 0
volume_proxy 1251 -0.959713841 0.936945558 -0.00644167026 0 0 0
