volume_proxy 0 -0.862934108 0.025464876 0.00514246935 0 0 0
volume_proxy 6 -0.248113368 -0.0171453267 -0.00466007747 0 0 0
volume_proxy 11 1.05831906 0.88505621 -0.00632358854 0 0 0
volume_proxy 12 1.46572764 -0.477217461 -0.0100081118 0 0 0
volume_proxy 14 -1.28472049 0.585540196 -0.00175925329 0 0 0
volume_proxy 23 1.15857184 0.191017772 -0.00288584318 0 0 0
volume_proxy 38 -0.752245268 -0.455214289 0.00690455272 0 0 0
volume_proxy 40 -1.13219257 -0.168023169 0.0100032178 0 0 0
volume_proxy 50 -1.345343 -0.738882067 0.00822214969 0 0 0
volume_proxy 53 -1.09834324 -0.125823349 0.00945469791 0 0 0
volume_proxy 58 0.479380993 -0.422690988 -0.00934675787 0 0 0
volume_proxy 60 -0.36100859 0.582112746 -0.00721201576 0 0 0
volume_proxy 85 -1.00129053 0.923150732 -0.0072766298 0 0 0
volume_proxy 97 0.637832591 0.912716712 -0.0020820048 0 0 0
volume_proxy 107 0.168798986 0.899949299 0.00217348751 0 0 0
volume_proxy 127 -1.29760687 -0.737132404 0.00848009636 0 0 0
volume_proxy 130 -0.00755030551 -0.580872399 0.00202993709 0 0 0
volume_proxy 140 0.994638531 0.208674623 -0.00752780396 0 0 0
volume_proxy 157 0.382609369 -0.00517657226 0.00358538226 0 0 0
volume_proxy 159 0.526120102 0.798815387 -0.00876900727 0 0 0
volume_proxy 161 -0.499648255 0.125613648 -0.00342574426 0 0 0
volume_proxy 176 1.14002639 0.678316713 0.00276766476 0 0 0
volume_proxy 186 -1.24423161 0.374015953 0.00603374946 0 0 0
volume_proxy 189 -0.666562216 -0.4634643 0.0103142389 0 0 0
volume_proxy 195 -0.955583678 -0.658155718 0.00641611184 0 0 0
volume_proxy 196 -1.40206914 0.101371179 0.00155144952 0 0 0
volume_proxy 200 -1.18576872 0.924378763 0.00973058288 0 0 0
volume_proxy 202 -0.659111204 -0.251296345 -0.00927156426 0 0 0
volume_proxy 209 -1.35451511 0.00522874763 0.00461825286 0 0 0
volume_proxy 210 0.529103175 0.38493891 0.0051476152 0 0 0
volume_proxy 226 1.19318397 0.131079887 -0.00872512076 0 0 0
volume_proxy 236 0.0200995708 0.565557258 -0.00153499986 0 0 0
volume_proxy 247 0.100727583 -0.887572511 0.00241980087 0 0 0
volume_proxy 256 0.886024217 -0.565046412 0.00388775977 0 0 0
volume_proxy 259 0.716300881 0.649920245 0.00282501003 0 0 0
volume_proxy 269 -1.38548666 0.711045288 0.000357837145 0 0 0
volume_proxy 277 -1.42357122 -0.116702705 0.0107504267 0 0 0
volume_proxy 296 -0.697390199 -0.421902541 0.00697184431 0 0 0
volume_proxy 305 0.215503483 0.0995210824 0.00386582864 0 0 0
volume_proxy 310 1.36485322 0.0859924692 0.0054735731 0 0 0
volume_proxy 344 -0.194030119 -0.985293036 -0.0093074149 0 0 0
volume_proxy 347 -1.13750497 0.727062075 0.00741513384 0 0 0
volume_proxy 356 -0.693715636 -0.196788769 -0.00760336492 0 0 0
volume_proxy 375 1.42377842 -0.220082463 0.00265688063 0 0 0
volume_proxy 388 1.270147 -0.491587462 -0.00909919347 0 0 0
volume_proxy 1052 -1.25134707 -0.26137524 0.0058239027 0 0 0
volume_proxy 1066 -0.496758812 0.245292272 -0.000480704754 0 0 0
volume_proxy 1120 -1.2865795 0.700995243 0.00359124935 0 0 0
volume_proxy 1166 -0.821852406 -0.722331972 0.00954620282 0 0 0
volume_proxy 1193 -1.05241723 -0.159058529 0.00129581725 0 0 0
volume_proxy 1225 -1.23577585 -0.521689471 0.00214101354 0 0 0
volume_proxy 1245 -1.13593538 0.840974065 -0.00809506499 0 0 0
volume_proxy 1280 -1.36978219 0.634272802 0.010041188 0 0 0
volume_proxy 1285 -0.793739868 0.377487216 -0.00585820821 0 0 0
volume_proxy 1295 0.277601612 0.644290557 -0.000967574827 0 0 0
volume_proxy 1296 -0.281651631 -0.259290738 -0.0019085186 0 0 0
volume_proxy 1340 1.20719639 -0.1224973 -0.00395325968 0 0 0
volume_proxy 1380 -1.44462494 -0.135843458 0.0027497363 0 0 0
volume_proxy 1386 1.07017439 0.446185971 0.00147238657 0 0 0
volume_proxy 1397 0.543712887 0.882829663 0.0103644628 0 0 0
volume_proxy 1409 0.503379805 0.285103395 0.00621900104 0 0 0
volume_proxy 1413 0.387775589 0.709164695 0.00875330222 0 0 0
volume_proxy 1422 1.42043215 -0.877859653 -0.00257884455 0 0 0
volume_proxy 1433 1.27082479 0.710116505 -0.00572019602 0 0 0
volume_proxy 1459 -1.2300975 -0.724876045 -0.00429130932 0 0 0
volume_proxy 1460 -1.41114311 0.604456501 0.00704517944 0 0 0
volume_proxy 1461 -1.38675763 0.395014104 -0.00612328412 0 0 0
volume_proxy 1472 -1.11062573 -0.372875249 -0.01015725 0 0 0
volume_proxy 1474 1.43364581 0.225731863 0.00914511849 0 0 0
volume_proxy 1481 -0.644566745 0.534955456 -0.0101750775 0 0 0
volume_proxy 1482 0.40974757 0.423873472 0.00708856828 0 0 0
volume_proxy 1485 0.537529071 -0.146369581 -0.00815865468 0 0 0
volume_proxy 1489 -0.0164338696 -0.760447965 -0.00881356557 0 0 0
volume_proxy 1490 0.317759283 0.611016475 -0.00965648288 0 0 0
volume_proxy 1496 -1.37616016 0.470484063 0.000577846594 0 0 0
volume_proxy 1498 -0.429123585 -0.481241339 -0.00570987078 0 0 0
volume_proxy 1503 -1.40620961 -0.917580672 0.00991357522 0 0 0
volume_proxy 1506 0.145350348 0.976645556 0.00722897637 0 0 0
volume_proxy 1507 -0.0119738814 -0.0348781348 0.00389501727 0 0 0
volume_proxy 1508 -0.93061887 0.162814557 -0.00618995241 0 0 0
volume_proxy 1509 -1.27785884 -0.099572778 -0.00532689302 0 0 0
volume_proxy 1513 -1.28219618 -0.170906662 -0.00261035424 0 0 0
volume_proxy 1515 0.0321647807 -0.937644646 0.00320287821 0 0 0
volume_proxy 1516 -0.342238555 -0.665227581 0.00963688336 0 0 0
volume_proxy 1517 -1.26708531 -0.440114692 0.00660833534 0 0 0
volume_proxy 1519 0.30308424 0.638531711 -0.0100212789 0 0 0
volume_proxy 1520 -0.155556419 -0.672770785 0.00370341103 0 0 0
volume_proxy 1521 -1.44619668 -0.419150942 0.0012013329 0 0 0
volume_proxy 1523 0.08560418 -0.122997625 -0.0098555753 0 0 0
volume_proxy 1525 -0.436542209 0.824334653 -0.00334453165 0 0 0
volume_proxy 1526 1.49728428 -0.0892264643 -0.00621247379 0 0 0
volume_proxy 1528 0.977683051 -0.790915117 -0.00405849165 0 0 0
volume_proxy 1529 -1.10931819 -0.0263231178 0.007519517 0 0 0
volume_proxy 1531 0.451033197 0.759297556 -0.00781572926 0 0 0
volume_proxy 1533 1.07633669 0.244488146 -0.00294574291 0 0 0
volume_proxy 1534 -0.234381421 -0.125474041 -0.000494626361 0 0 0
volume_proxy 1537 -1.02347447 -0.947109915 -0.00337969379 0 0 0
volume_proxy 1538 1.07096369 -0.257298759 0.00386511863 0 0 0
volume_proxy 1539 0.125530435 0.863860765 0.000382042263 0 0 0
volume_proxy 1540 1.44618283 0.21323193 -0.0104691916 0 0 0
volume_proxy 1542 -0.438893332 -0.929199059 -0.00944277482 0 0 0
volume_proxy 1543 -0.333331535 -0.772312222 -0.00289839994 0 0 0
