volume_proxy 0 0.921285186 0.145213696 0.00156380031 0 0 0
volume_proxy 4 1.02651338 0.94116155 0.00937775946 0 0 0
volume_proxy 5 -0.385030309 0.227752139 0.00731538175 0 0 0
volume_proxy 6 1.26550661 0.574171428 0.00545444558 0 0 0
volume_proxy 11 -1.25251525 0.85955573 -0.00729301409 0 0 0
volume_proxy 12 0.453135646 -0.202565384 -0.00649520735 0 0 0
volume_proxy 13 -1.0476392 -0.750376475 -0.00980818012 0 0 0
volume_proxy 14 0.631491233 0.119753789 0.00690172574 0 0 0
volume_proxy 15 -0.506017093 -0.719080516 -0.00924808324 0 0 0
volume_proxy 16 -1.45483368 0.647358111 -0.0032871441 0 0 0
volume_proxy 17 -0.700455415 -0.132657726 0.00407436573 0 0 0
volume_proxy 18 -1.26337493 -0.390693419 -0.00682029479 0 0 0
volume_proxy 19 -1.1059261 -0.706486082 -0.000892198325 0 0 0
volume_proxy 22 0.912459113 0.14346054 0.0041773822 0 0 0
volume_proxy 23 -0.898466419 0.044237649 0.00242096038 0 0 0
volume_proxy 31 -0.876228126 0.334362317 0.00470104899 0 0 0
volume_proxy 36 0.468735436 0.737321142 0.00597320857 0 0 0
volume_proxy 38 0.416237035 0.30982523 -0.00203762959 0 0 0
volume_proxy 40 0.00343496966 -0.681649228 -0.00747525869 0 0 0
volume_proxy 45 -0.312228983 0.550107106 -0.00673330153 0 0 0
volume_proxy 46 0.625305843 -0.569523813 -0.00412387486 0 0 0
volume_proxy 47 0.951421715 0.22499478 -0.00135397073 0 0 0
volume_proxy 48 -0.428468719 -0.384649459 0.005662523 0 0 0
volume_proxy 49 0.309675192 -0.484926522 0.0105790009 0 0 0
volume_proxy 50 -0.0114137992 -0.677868598 0.00977839809 0 0 0
volume_proxy 52 -1.42673679 -0.803835134 -0.00325365996 0 0 0
volume_proxy 53 0.497976279 -0.466356022 -0.00260413515 0 0 0
volume_proxy 57 -1.260189 -0.179582978 -0.00686527591 0 0 0
volume_proxy 58 0.464450893 -0.409954036 0.00244485871 0 0 0
volume_proxy 59 -0.624917151 0.390069593 -0.00191859206 0 0 0
volume_proxy 60 -0.0484386039 0.481385577 -0.00108771244 0 0 0
volume_proxy 61 -1.04985771 -0.10998259 0.00141054707 0 0 0
volume_proxy 62 0.0885985274 0.16780979 -0.00895152909 0 0 0
volume_proxy 63 0.589509506 0.253471164 0.0048268359 0 0 0
volume_proxy 64 -0.342668188 -0.2350698 -0.00157770732 0 0 0
volume_proxy 66 0.653820544 0.809424608 0.00621054567 0 0 0
volume_proxy 69 -0.905408137 -0.278633827 -0.00616360746 0 0 0
volume_proxy 72 0.639861169 -0.125456301 0.00355200276 0 0 0
volume_proxy 78 1.38438592 0.0404755106 0.00949572334 0 0 0
volume_proxy 81 -1.27708578 0.683079562 0.0023627771 0 0 0
volume_proxy 84 -0.683220111 -0.400908189 -0.00143857997 0 0 0
volume_proxy 85 -0.479521953 0.262888588 0.00434044967 0 0 0
volume_proxy 87 1.14235152 0.285736144 0.00197402464 0 0 0
volume_proxy 88 -1.03281529 0.276565296 -0.00920200958 0 0 0
volume_proxy 91 0.852285769 -0.476809749 0.00072667861 0 0 0
volume_proxy 94 0.00947207405 -0.505654031 -0.00712394067 0 0 0
volume_proxy 96 1.03891709 -0.207593041 0.00949903443 0 0 0
volume_proxy 97 1.0844113 -0.292954769 0.00689590945 0 0 0
volume_proxy 100 0.30085504 -0.978027047 0.0105081978 0 0 0
volume_proxy 101 -0.736165748 0.295553187 0.00279874823 0 0 0
volume_proxy 102 -0.0421398576 -0.60123035 -0.00244797704 0 0 0
volume_proxy 103 0.770709469 -0.571322315 6.9026294e-05 0 0 0
volume_proxy 105 -0.318710578 -0.650291649 -0.000586578058 0 0 0
volume_proxy 106 -0.125865739 -0.551840641 0.00187990069 0 0 0
volume_proxy 107 -0.032201616 0.598225412 0.00959684421 0 0 0
volume_proxy 108 1.11594746 -0.0588841924 0.00474186708 0 0 0
volume_proxy 113 -0.759198209 -0.183202618 -0.00722637111 0 0 0
volume_proxy 121 0.723827385 0.637155238 -0.00894634819 0 0 0
volume_proxy 124 -0.719683051 0.331940964 0.00996977998 0 0 0
volume_proxy 125 -0.967880577 -0.332562906 -0.00122889023 0 0 0
volume_proxy 126 -0.352202943 -0.514885505 -0.00215169766 0 0 0
volume_proxy 127 0.139984032 -0.0533240726 -0.00201602434 0 0 0
volume_proxy 130 0.915095135 -0.324263551 0.00503999104 0 0 0
volume_proxy 131 0.611391852 0.102637619 -0.00575615783 0 0 0
volume_proxy 132 0.383628221 0.449400777 -0.00456177532 0 0 0
volume_proxy 135 0.628888456 -0.557001588 -0.00767144294 0 0 0
volume_proxy 138 0.378445313 -0.544940418 4.83410131e-05 0 0 0
volume_proxy 140 -0.659121629 0.407543037 0.00648588258 0 0 0
volume_proxy 144 -1.41183052 0.424505169 -0.00427971935 0 0 0
volume_proxy 145 -0.521307203 -0.219653636 -0.00157051417 0 0 0
volume_proxy 146 1.41586747 -0.224959901 0.00622822451 0 0 0
volume_proxy 149 -1.34991924 0.994303702 0.00568483874 0 0 0
volume_proxy 155 0.801964441 0.405807517 0.00737727272 0 0 0
volume_proxy 157 0.902132758 0.103386497 -0.00862898706 0 0 0
volume_proxy 159 -0.419033604 -0.19850508 -0.0102547156 0 0 0
volume_proxy 161 -0.281341058 0.0805618364 -0.00450217901 0 0 0
volume_proxy 163 -1.33106292 0.483469715 -0.000513342806 0 0 0
volume_proxy 168 1.05718572 0.93241145 0.00745908206 0 0 0
volume_proxy 169 0.816762995 0.101561063 0.00475528622 0 0 0
volume_proxy 173 0.0341567095 0.269387166 -0.00793194605 0 0 0
volume_proxy 176 0.146597154 -0.159718011 0.00263636699 0 0 0
volume_proxy 178 -0.557698429 0.273458486 0.00854334359 0 0 0
volume_proxy 186 -0.51824451 -0.479729709 0.00182305237 0 0 0
volume_proxy 189 -0.940682317 0.0847278021 0.00871353805 0 0 0
volume_proxy 192 0.070894227 -0.163833417 -0.00162208695 0 0 0
volume_proxy 194 -0.146394343 -0.70594574 -0.0022950644 0 0 0
volume_proxy 195 -0.997130131 0.837847457 0.00467120844 0 0 0
volume_proxy 196 0.572816902 0.369163393 0.00665752218 0 0 0
volume_proxy 198 0.886325626 -0.88395956 -0.00100623578 0 0 0
volume_proxy 200 -1.10657066 -0.119870478 -0.0100055386 0 0 0
volume_proxy 201 -1.25140168 0.192935024 0.00645871046 0 0 0
volume_proxy 202 -0.525490533 0.719580842 -0.00211510035 0 0 0
volume_proxy 206 0.809372211 -0.106841162 0.00885354922 0 0 0
volume_proxy 208 -1.47407009 0.628032582 -0.000188130711 0 0 0
volume_proxy 209 -1.22233831 -0.408207711 0.00866443562 0 0 0
volume_proxy 210 0.203023553 0.179489213 -0.00698319945 0 0 0
volume_proxy 212 1.12683744 -0.197792325 0.00705478226 0 0 0
volume_proxy 213 0.139573791 -0.479563261 -0.00716377032 0 0 0
volume_proxy 219 -0.225429016 0.346950004 -0.00717996966 0 0 0
volume_proxy 223 -1.25697225 0.238859507 0.00441380261 0 0 0
volume_proxy 224 0.880880123 -0.870459059 -0.00502691466 0 0 0
volume_proxy 225 -1.02186999 0.257645652 -0.00602817382 0 0 0
volume_proxy 226 -0.993922071 -0.62907257 -0.00762196137 0 0 0
volume_proxy 227 -0.763640652 -0.87516101 -0.00948640714 0 0 0
volume_proxy 228 -0.401644796 0.082098313 -0.000872634863 0 0 0
volume_proxy 229 0.371848008 -0.289604944 -0.00404829242 0 0 0
volume_proxy 230 0.169786464 0.660026627 0.00398513338 0 0 0
volume_proxy 232 0.766704242 0.672884175 0.00983394244 0 0 0
volume_proxy 236 1.13784341 0.305863312 -0.0065278367 0 0 0
volume_proxy 237 0.276450263 0.48847465 0.00337066702 0 0 0
volume_proxy 238 0.130647741 -0.0337687715 -0.00208258287 0 0 0
volume_proxy 239 0.664768644 0.24576984 -0.00590685271 0 0 0
volume_proxy 240 0.263044916 -0.233880816 0.00387084723 0 0 0
volume_proxy 242 1.03193006 0.312358071 -0.000739786293 0 0 0
volume_proxy 244 0.402956621 0.482637339 0.00781722419 0 0 0
volume_proxy 247 0.941210746 -0.652692444 0.0100242992 0 0 0
volume_proxy 251 0.477477243 0.973058315 -0.00912732783 0 0 0
volume_proxy 254 -1.4764336 0.807120242 -0.00452149862 0 0 0
volume_proxy 256 0.43683787 -0.167858414 0.0102519051 0 0 0
volume_proxy 257 0.0337804762 0.325626036 0.00498599466 0 0 0
volume_proxy 258 0.493444824 -0.118638722 -0.00738883806 0 0 0
volume_proxy 259 0.00960754294 -0.0301517605 0.00113637297 0 0 0
volume_proxy 260 -0.262999057 0.980698195 0.00626334493 0 0 0
volume_proxy 262 -0.950058667 0.252807891 -0.00285723753 0 0 0
volume_proxy 269 1.09318738 -0.235324476 -0.000805621039 0 0 0
volume_proxy 271 -1.33546177 0.408405869 0.00226090194 0 0 0
volume_proxy 273 1.48839737 0.577598499 -0.00481631235 0 0 0
volume_proxy 276 0.497364842 0.296033188 -0.00802192898 0 0 0
volume_proxy 277 -0.932289217 -0.439926645 0.00541399398 0 0 0
volume_proxy 279 -0.699405795 -0.579194944 0.00297852366 0 0 0
volume_proxy 281 -1.47992323 0.922776198 0.0102022746 0 0 0
volume_proxy 284 -1.14579738 0.680114787 -0.00891661267 0 0 0
volume_proxy 285 -0.426640157 -0.827639382 -0.00798480617 0 0 0
volume_proxy 293 1.27349675 0.637498488 -0.00726246769 0 0 0
volume_proxy 294 -0.494490721 0.819125838 -0.00287400481 0 0 0
volume_proxy 296 0.0814484913 -0.257135262 0.00496343672 0 0 0
volume_proxy 297 1.25130437 0.0318242095 0.0101532433 0 0 0
volume_proxy 298 1.05167775 -0.614026401 0.00734004984 0 0 0
volume_proxy 303 -0.137728088 -0.14362597 0.00116350535 0 0 0
volume_proxy 305 0.446497254 0.255212198 -0.00806226351 0 0 0
volume_proxy 307 -0.968857267 -0.212426183 -0.00500767319 0 0 0
volume_proxy 309 0.674488781 0.526309438 -0.000567924961 0 0 0
volume_proxy 310 0.418998181 0.0445213357 0.00754143735 0 0 0
volume_proxy 311 0.158856945 -0.963128958 0.00250688385 0 0 0
volume_proxy 312 0.255494681 -0.322692919 0.00870320746 0 0 0
volume_proxy 314 -0.582640343 -0.080090674 -0.00337239304 0 0 0
volume_proxy 315 -0.0803711529 0.286574939 0.00514363359 0 0 0
volume_proxy 316 -0.030929299 0.00697930619 -0.0056539651 0 0 0
volume_proxy 318 -1.14346168 -0.0432284756 0.00981451071 0 0 0
volume_proxy 319 0.0714350674 -0.666344957 0.0107435315 0 0 0
volume_proxy 321 -0.425409941 -0.77753581 -0.00436639902 0 0 0
volume_proxy 322 0.706998678 0.655256762 0.00782209213 0 0 0
volume_proxy 324 -1.1882024 -0.878631602 -0.00544085282 0 0 0
volume_proxy 329 0.109492869 0.813902441 -0.00929984588 0 0 0
volume_proxy 330 0.203910298 -0.344888481 0.00684674495 0 0 0
volume_proxy 334 0.695835867 -0.720180429 0.00637034451 0 0 0
volume_proxy 335 -1.22564929 -0.441941678 0.00394017334 0 0 0
volume_proxy 337 -0.694327015 0.491656336 0.00901252171 0 0 0
volume_proxy 338 -0.304924823 -0.183471037 -0.00532250883 0 0 0
volume_proxy 339 -0.71194284 -0.323722122 -0.00122651899 0 0 0
volume_proxy 341 1.18074443 0.682006898 -0.000280774443 0 0 0
volume_proxy 342 -0.510108158 0.23858314 -0.00284320618 0 0 0
volume_proxy 343 -0.324306097 0.932073314 -0.00705866339 0 0 0
volume_proxy 344 0.585903121 0.0599873981 0.00341012141 0 0 0
volume_proxy 345 -0.689832697 -0.0210158246 0.00131273046 0 0 0
volume_proxy 347 0.405602259 -0.260453634 -0.0084200004 0 0 0
volume_proxy 349 0.201071113 0.201006341 -0.00588707524 0 0 0
volume_proxy 350 -0.695270617 0.515845123 0.00618731049 0 0 0
volume_proxy 353 -0.168570277 0.213966823 0.00624677461 0 0 0
volume_proxy 355 0.88903861 -0.0161005106 -0.00201082869 0 0 0
volume_proxy 356 0.851017781 0.457700154 -0.00661467334 0 0 0
volume_proxy 358 1.15408184 0.89198485 0.00303312792 0 0 0
volume_proxy 359 0.493669461 -0.02787886 -0.0045274718 0 0 0
volume_proxy 363 1.095003 0.724219803 0.00431616149 0 0 0
volume_proxy 370 1.46352116 0.219697546 0.00977769615 0 0 0
volume_proxy 371 -1.26927228 0.310736245 -0.00154057811 0 0 0
volume_proxy 372 0.258132277 0.622551758 -0.00232037505 0 0 0
volume_proxy 373 0.900853696 0.237345968 -0.0106105016 0 0 0
volume_proxy 375 0.995770363 0.281349893 -0.00674945326 0 0 0
volume_proxy 377 0.890905945 -0.0609360505 -0.00915489709 0 0 0
volume_proxy 379 -1.38507761 0.327254433 0.00600962595 0 0 0
volume_proxy 380 -0.628911147 -0.606832272 0.00611340647 0 0 0
volume_proxy 382 -0.581553544 -0.499904629 -0.00739698265 0 0 0
volume_proxy 383 0.638208247 -0.879449859 -0.00702677771 0 0 0
volume_proxy 384 0.159409066 0.626004472 -0.00294619809 0 0 0
volume_proxy 388 -1.33635909 0.0401187525 -0.00569909903 0 0 0
volume_proxy 389 0.016293469 0.20397286 -0.00887648528 0 0 0
volume_proxy 390 -1.44699391 -0.501317588 -0.000816502504 0 0 0
volume_proxy 391 -1.25808529 0.852187743 0.00526343744 0 0 0
volume_proxy 392 -0.53533307 0.985451876 0.00979790276 0 0 0
volume_proxy 393 0.973205402 0.23794511 -0.00295175246 0 0 0
volume_proxy 396 -0.87506685 0.679023459 0.00911322305 0 0 0
volume_proxy 397 1.02844947 0.262492904 0.00905142372 0 0 0
volume_proxy 399 1.02837156 -0.768065978 -0.00225950684 0 0 0
volume_proxy 400 0.00614976179 -0.412123879 0.0096681688 0 0 0
volume_proxy 401 0.646990068 0.277865335 -0.00799107375 0 0 0
volume_proxy 402 -0.851115566 -0.656242106 0.0067392921 0 0 0
volume_proxy 404 -0.297127496 -0.766102911 0.0051128863 0 0 0
volume_proxy 405 1.07865246 -0.11356857 -0.00969223663 0 0 0
volume_proxy 409 -0.271543192 -0.888802339 0.00272816427 0 0 0
volume_proxy 411 -0.154975264 0.4634047 -0.00559141116 0 0 0
volume_proxy 412 1.33576427 0.0304837506 0.00423925081 0 0 0
volume_proxy 413 0.48015779 0.194632602 0.00201391555 0 0 0
volume_proxy 414 1.09217222 0.776385373 0.00810689614 0 0 0
volume_proxy 415 -0.883063658 -0.657693 0.006036003 0 0 0
volume_proxy 418 -0.221243221 -0.527696378 0.00274036557 0 0 0
volume_proxy 419 -1.31499198 -0.232983143 -0.000411355969 0 0 0
volume_proxy 424 0.762300045 0.591178908 0.000788403308 0 0 0
volume_proxy 425 0.116663133 -0.228699733 0.00154667378 0 0 0
volume_proxy 431 -1.40397522 -0.879196733 0.0012997012 0 0 0
volume_proxy 434 -0.395352826 -0.368842116 -0.00121556524 0 0 0
volume_proxy 435 -1.44478907 -0.75535001 -0.00358617778 0 0 0
volume_proxy 442 -0.364377661 -0.765077524 0.00475657651 0 0 0
volume_proxy 451 0.431323854 -0.746314977 -0.00768279943 0 0 0
volume_proxy 459 -0.692516628 0.459134625 0.00339910266 0 0 0
volume_proxy 462 -0.721071496 -0.64015418 -0.000645483812 0 0 0
volume_proxy 463 0.0606011181 -0.286723097 0.00686873935 0 0 0
volume_proxy 470 1.26819535 0.881747758 -0.00184836765 0 0 0
volume_proxy 471 0.853700581 -0.70868862 0.00898010502 0 0 0
volume_proxy 487 -0.527842926 0.819322915 0.00337883885 0 0 0
volume_proxy 492 0.790129839 -0.912473792 -0.00502035512 0 0 0
volume_proxy 493 -0.94577459 -0.976754031 0.000343976816 0 0 0
volume_proxy 495 -0.747129135 -0.414502446 -0.00291908193 0 0 0
volume_proxy 497 -1.31084195 -0.92832452 0.00400318556 0 0 0
volume_proxy 499 1.18463569 -0.922469011 0.000111485406 0 0 0
volume_proxy 502 0.804186582 -0.406246666 -0.00481596335 0 0 0
volume_proxy 504 1.35227173 0.972212683 -0.00849060121 0 0 0
volume_proxy 512 0.290115953 -0.676221344 0.00239632308 0 0 0
volume_proxy 513 0.709193296 -0.192679166 -0.00124108406 0 0 0
volume_proxy 518 1.15779701 -0.392790778 -0.0064408917 0 0 0
volume_proxy 526 0.971167792 0.978602059 0.000716939662 0 0 0
volume_proxy 531 0.070977938 0.542162894 0.00968440266 0 0 0
volume_proxy 533 -0.847335644 -0.712810398 0.00866270398 0 0 0
volume_proxy 537 -1.42341419 0.161948763 0.000734727391 0 0 0
volume_proxy 544 0.905547305 0.8770364 0.010328724 0 0 0
volume_proxy 546 -0.695074852 -0.22811005 -0.00494869027 0 0 0
volume_proxy 547 1.37122737 0.945061779 -0.00767466073 0 0 0
volume_proxy 549 0.74920576 -0.822046499 -0.00127787972 0 0 0
volume_proxy 550 0.318335808 -0.0799865848 0.00292898106 0 0 0
volume_proxy 559 1.02454698 0.667058256 -0.00738832528 0 0 0
volume_proxy 561 0.994387958 0.465668834 0.00114241308 0 0 0
volume_proxy 563 -0.942592185 0.805026262 -0.00741246382 0 0 0
volume_proxy 565 -0.410786919 -0.0397807568 -0.00707451644 0 0 0
volume_proxy 568 -0.573244207 0.139233043 0.00459987127 0 0 0
volume_proxy 572 0.106842763 -0.634075247 -0.0106729558 0 0 0
volume_proxy 575 -1.35169155 0.771746116 -0.00774290773 0 0 0
volume_proxy 578 -0.623645723 0.871538066 -0.00193208267 0 0 0
volume_proxy 579 -0.50400282 0.40204704 0.00509010565 0 0 0
volume_proxy 581 0.997330161 0.893205864 0.00555233706 0 0 0
volume_proxy 582 0.93916574 -0.465778239 -0.00500089093 0 0 0
volume_proxy 590 1.38687183 0.0240756868 0.00128540075 0 0 0
volume_proxy 591 -0.692880498 0.132792111 0.00710820447 0 0 0
volume_proxy 594 -1.07063133 0.200918775 0.00464815991 0 0 0
volume_proxy 595 1.15022832 0.427583137 0.0028396136 0 0 0
volume_proxy 602 0.258292213 -0.157154069 -0.0033692439 0 0 0
volume_proxy 603 0.15763353 -0.313081047 -0.00401846739 0 0 0
volume_proxy 604 -1.04748969 0.133649327 0.0101793935 0 0 0
volume_proxy 606 -0.651188979 0.325927272 0.00757799254 0 0 0
volume_proxy 608 -0.686612528 -0.883643563 0.000834497496 0 0 0
volume_proxy 610 -1.30515082 -0.0494879402 -0.000339618813 0 0 0
volume_proxy 615 1.26426822 -0.85476053 0.00103431314 0 0 0
volume_proxy 616 1.27251392 0.00371652173 0.00873954881 0 0 0
volume_proxy 624 0.891864493 0.986081844 -0.00547634372 0 0 0
volume_proxy 626 1.1897132 0.00296078394 0.00403519641 0 0 0
volume_proxy 628 -0.184225412 -0.29151812 0.0106598362 0 0 0
volume_proxy 630 -0.754227881 -0.985516345 -0.00482700603 0 0 0
volume_proxy 634 -0.962480493 0.412484243 0.00140252536 0 0 0
volume_proxy 637 -1.02763901 -0.861059437 -0.00570371074 0 0 0
volume_proxy 638 -0.677737753 0.733601278 0.000439185476 0 0 0
volume_proxy 642 0.836698704 -0.303036048 0.0067203645 0 0 0
volume_proxy 644 -0.279365921 0.869669022 -0.00915513456 0 0 0
volume_proxy 647 -0.115456215 0.748295088 0.00327161934 0 0 0
volume_proxy 656 0.0488317243 0.0898771287 -0.00989432584 0 0 0
volume_proxy 664 1.40470561 -0.787782317 0.0107439029 0 0 0
volume_proxy 665 -0.765201921 -0.924009218 0.00167114294 0 0 0
volume_proxy 666 -0.40875669 -0.0109357998 0.00100420232 0 0 0
volume_proxy 669 1.25269502 -0.129721742 -0.00338719826 0 0 0
volume_proxy 675 -1.41682023 0.63508699 -0.00331180752 0 0 0
volume_proxy 682 0.145289727 0.821774484 0.00183676827 0 0 0
volume_proxy 691 1.19480183 -0.134295274 -0.0063990284 0 0 0
volume_proxy 693 0.279392751 0.442585184 -0.00449342555 0 0 0
volume_proxy 696 1.15264828 -0.702209421 -0.00388539061 0 0 0
volume_proxy 698 -0.23704846 0.719612382 0.00818009445 0 0 0
volume_proxy 699 0.624886534 0.736424549 0.00511192462 0 0 0
volume_proxy 700 0.862344955 -0.830622083 0.00878092325 0 0 0
volume_proxy 701 -1.11558562 0.795350983 -0.0103716786 0 0 0
volume_proxy 702 -0.1611928 -0.138724141 0.00100810737 0 0 0
volume_proxy 703 -1.08802201 -0.319604765 -0.00689425202 0 0 0
volume_proxy 704 1.47985182 -0.0126948942 0.00543787893 0 0 0
volume_proxy 708 -1.2916781 0.181095223 -0.00842087058 0 0 0
volume_proxy 711 0.310609164 0.180844531 -0.00871157047 0 0 0
volume_proxy 712 0.228973903 -0.337803508 0.0032081038 0 0 0
volume_proxy 720 1.37150253 0.986435321 -0.00485110599 0 0 0
volume_proxy 722 0.370110224 0.529225182 -0.00301588366 0 0 0
volume_proxy 725 -1.05403606 -0.911713972 -0.00190740735 0 0 0
volume_proxy 740 0.204545172 0.519777835 -0.0075527771 0 0 0
volume_proxy 751 0.118161117 -0.732847503 -0.008044677 0 0 0
volume_proxy 756 0.352787007 -0.270230322 0.00845051216 0 0 0
volume_proxy 757 -0.0737368244 0.658402839 0.00604123021 0 0 0
volume_proxy 762 -1.18354623 0.950292021 -0.00626853116 0 0 0
volume_proxy 765 0.602189857 0.999577483 0.0077075104 0 0 0
volume_proxy 780 -0.564857356 0.311080556 -0.00947064229 0 0 0
volume_proxy 781 -0.931647224 0.533213035 0.00783907209 0 0 0
volume_proxy 784 1.37356048 0.512417442 -0.00805803396 0 0 0
volume_proxy 788 -0.556833506 -0.0818727434 -0.0104017814 0 0 0
volume_proxy 790 0.222587002 -0.227008101 -0.000136045384 0 0 0
volume_proxy 791 0.674398792 -0.556116972 0.00699967646 0 0 0
volume_proxy 794 0.541920235 0.791543025 0.010070548 0 0 0
volume_proxy 795 0.768702595 -0.850295844 0.00548929716 0 0 0
volume_proxy 796 -0.849519105 0.682806806 -0.000229696278 0 0 0
volume_proxy 797 -1.48061205 -0.213404378 0.00414641936 0 0 0
volume_proxy 799 -1.41440765 -0.0882460368 -0.00362911622 0 0 0
volume_proxy 800 -1.3471029 0.823780275 -0.0104795478 0 0 0
volume_proxy 802 0.0667024189 0.062937477 -0.0051286904 0 0 0
volume_proxy 804 0.368992008 0.748112821 0.0075421424 0 0 0
volume_proxy 810 0.775533063 0.149076922 -0.00774942656 0 0 0
volume_proxy 811 0.598107071 0.54721546 0.00363244079 0 0 0
volume_proxy 812 0.915247663 0.558855792 0.000301035922 0 0 0
volume_proxy 814 1.08287913 -0.0338918371 0.00468522293 0 0 0
volume_proxy 816 -1.05901822 -0.593693948 0.00719394544 0 0 0
volume_proxy 822 0.318883685 -0.551264139 0.00560509466 0 0 0
volume_proxy 824 1.44655986 -0.63537654 0.00886835313 0 0 0
volume_proxy 825 1.36507138 0.970095869 0.000348151369 0 0 0
volume_proxy 827 1.41590684 0.435721776 -0.00572045234 0 0 0
volume_proxy 829 1.06240106 0.956523309 0.00889165166 0 0 0
volume_proxy 833 -0.518154782 0.0890991819 -0.0041685871 0 0 0
volume_proxy 835 -0.22996673 -0.978029334 -0.00560304012 0 0 0
volume_proxy 837 0.117953793 -0.0809730622 -0.00329731968 0 0 0
volume_proxy 839 -0.0324190255 -0.350455063 0.00527068413 0 0 0
volume_proxy 843 -1.21750911 0.885021978 -0.00472168671 0 0 0
volume_proxy 846 1.39053804 0.0881554074 -0.0041460349 0 0 0
volume_proxy 848 -1.40849366 -0.193071418 0.00953128088 0 0 0
volume_proxy 854 -0.243797341 0.876275577 0.00210566947 0 0 0
volume_proxy 855 -0.810760747 0.942353834 0.00015962338 0 0 0
volume_proxy 856 1.11916121 0.241599125 -0.00379208144 0 0 0
volume_proxy 859 0.543575647 0.364514624 0.00784906619 0 0 0
volume_proxy 862 -0.397155618 -0.276547851 0.00129557475 0 0 0
volume_proxy 864 -0.462494197 0.77587198 0.00792078954 0 0 0
volume_proxy 867 -1.12786638 0.160702413 -0.007682029 0 0 0
volume_proxy 868 0.630678743 0.294439087 -0.00264543703 0 0 0
volume_proxy 869 1.14950523 0.927608571 -0.00186544819 0 0 0
volume_proxy 873 0.900149255 -0.860126415 -0.00578916391 0 0 0
volume_proxy 874 0.661136035 0.748216856 0.00949342623 0 0 0
volume_proxy 875 -0.222722071 -0.963756652 0.0071595075 0 0 0
volume_proxy 876 -0.0998642507 -0.722980096 0.00430688885 0 0 0
volume_proxy 878 1.4520053 -0.529915079 -0.007489341 0 0 0
volume_proxy 883 -0.158151811 0.874729497 0.00464810749 0 0 0
volume_proxy 889 -1.47237677 0.871418946 -0.00704770258 0 0 0
volume_proxy 890 1.04219883 0.79739254 -0.00630152182 0 0 0
volume_proxy 891 -0.59496018 -0.763848613 -0.00521102657 0 0 0
volume_proxy 894 1.3859735 -0.668671285 0.00656204467 0 0 0
volume_proxy 896 1.08420369 0.191901021 -0.00678708427 0 0 0
volume_proxy 898 1.04668699 -0.19590933 -0.00412378139 0 0 0
volume_proxy 902 0.153525395 0.987332121 0.00361643453 0 0 0
volume_proxy 903 0.0149483987 0.365100911 0.00874212031 0 0 0
volume_proxy 904 -0.99662545 0.376790408 0.00654588032 0 0 0
volume_proxy 906 1.20995154 0.542267052 -0.00780760364 0 0 0
volume_proxy 908 0.0895569642 0.297631548 0.00975705404 0 0 0
volume_proxy 910 -1.38411702 0.412309145 0.00156152463 0 0 0
volume_proxy 911 1.47109216 0.258475487 0.00406715324 0 0 0
volume_proxy 912 1.45596294 0.155017978 -6.15475139e-05 0 0 0
volume_proxy 913 -1.08696466 -0.952107186 0.00931550774 0 0 0
volume_proxy 914 0.221854922 -0.747935033 0.00728710624 0 0 0
volume_proxy 915 -0.262765322 -0.681191092 0.0064587859 0 0 0
volume_proxy 916 -0.37381985 0.161119426 0.00261063879 0 0 0
volume_proxy 917 -0.311218273 0.0651203432 -0.00865425275 0 0 0
volume_proxy 918 -0.556921918 0.0630790837 0.000149468392 0 0 0
volume_proxy 924 -0.503496705 0.570472284 0.00906138188 0 0 0
volume_proxy 926 -0.403493324 0.774896708 0.00168085341 0 0 0
volume_proxy 929 -0.419315915 -0.432206823 0.00822375226 0 0 0
volume_proxy 931 -0.00524264919 0.153942886 0.00746887393 0 0 0
volume_proxy 935 -1.49160294 0.355844018 -0.00554867908 0 0 0
volume_proxy 936 -1.08174088 -0.619062257 0.00719118464 0 0 0
volume_proxy 939 0.847658389 0.873981042 -0.0010388898 0 0 0
volume_proxy 940 0.00715756673 0.217825882 -0.0100299881 0 0 0
volume_proxy 941 -1.16284006 0.863678878 -0.000978073392 0 0 0
volume_proxy 942 0.666450931 -0.610873581 -0.00714054985 0 0 0
volume_proxy 943 -1.13395001 -0.714087967 0.0101557286 0 0 0
volume_proxy 944 0.676667482 -0.931989747 0.00506169618 0 0 0
volume_proxy 945 -0.925573756 0.413705115 0.00487161889 0 0 0
volume_proxy 948 -0.413964269 -0.0985177321 -0.00896046452 0 0 0
volume_proxy 949 -0.799010809 -0.471069464 -0.00645872025 0 0 0
volume_proxy 950 -1.40674108 0.999972734 0.00386405551 0 0 0
volume_proxy 952 -0.81333301 -0.777396755 0.00317670367 0 0 0
volume_proxy 953 -0.734937406 -0.979481004 0.00282343527 0 0 0
volume_proxy 958 -1.31479297 0.440828439 0.00743731327 0 0 0
volume_proxy 959 1.0290441 0.649393991 -0.00245004411 0 0 0
volume_proxy 961 -0.957667782 0.903746519 -0.00963134573 0 0 0
volume_proxy 963 -0.447829291 0.565708665 -0.00318594197 0 0 0
volume_proxy 964 0.742809923 0.666328106 0.00119124652 0 0 0
volume_proxy 965 1.05687825 -0.669635266 -2.0049388e-05 0 0 0
volume_proxy 966 -0.5989078 0.758722168 -0.00156822167 0 0 0
volume_proxy 968 0.260444673 -0.605674685 -0.00975991031 0 0 0
volume_proxy 969 -0.837192852 -0.0705220587 -0.00576318836 0 0 0
volume_proxy 971 0.87138254 0.470115933 0.00243458951 0 0 0
volume_proxy 973 0.0890813379 0.15977136 0.000931404783 0 0 0
volume_proxy 974 0.931490063 -0.716028219 -0.000643028432 0 0 0
volume_proxy 977 -0.908174584 0.0945293049 0.00979729008 0 0 0
volume_proxy 978 -0.796530358 0.0517475592 -0.00440073961 0 0 0
volume_proxy 979 0.0740199486 0.773208179 0.00135395235 0 0 0
volume_proxy 980 -0.22400374 0.971630082 0.00353228555 0 0 0
volume_proxy 981 0.122469176 0.653748561 0.0103145636 0 0 0
volume_proxy 983 1.11293058 -0.378695558 0.00323974566 0 0 0
volume_proxy 984 1.45969252 0.516111678 0.00654845139 0 0 0
volume_proxy 985 -0.252753031 -0.969823371 -3.71138282e-05 0 0 0
volume_proxy 986 -0.507362985 -0.81348641 0.00585777982 0 0 0
volume_proxy 987 -1.32415163 0.959494695 0.00917185006 0 0 0
volume_proxy 988 0.537923086 -0.877691607 -0.00115063968 0 0 0
volume_proxy 990 -0.954047312 0.0768160824 0.000957482356 0 0 0
volume_proxy 991 -0.0682079162 -0.276249042 0.00781539774 0 0 0
volume_proxy 992 -0.0920591614 0.263149036 -0.00295306198 0 0 0
volume_proxy 993 -0.288879328 0.0410572712 0.000383036282 0 0 0
volume_proxy 994 1.1567272 -0.572057233 -0.00420536414 0 0 0
volume_proxy 995 1.36097612 -0.581156119 0.00276081786 0 0 0
volume_proxy 996 -0.842860437 0.646273735 0.00460568224 0 0 0
volume_proxy 997 1.47974298 -0.103275613 0.00612234061 0 0 0
volume_proxy 998 1.23727619 -0.283310699 0.00211204067 0 0 0
volume_proxy 999 -0.871227842 0.0402485677 -0.00453473644 0 0 0
volume_proxy 1000 1.42229838 -0.67431403 0.00767346243 0 0 0
volume_proxy 1001 0.561485487 0.863691106 0.00276755262 0 0 0
volume_proxy 1002 -1.33511817 0.565823198 -0.00149114165 0 0 0
volume_proxy 1003 -0.481660743 -0.355843259 -0.00468885254 0 0 0
volume_proxy 1004 -0.0590468526 0.0700073891 -0.00395823256 0 0 0
volume_proxy 1005 1.3075592 -0.243796512 0.00169449889 0 0 0
volume_proxy 1006 0.00915568254 -0.983942147 0.00834314364 0 0 0
volume_proxy 1007 -1.08573878 -0.69882769 -0.00489797075 0 0 0
volume_proxy 1008 0.536332288 -0.616555401 0.00519271513 0 0 0
volume_proxy 1009 0.33064137 -0.696001847 0.000534225775 0 0 0
volume_proxy 1010 0.376046541 -0.362404914 -0.00924096204 0 0 0
volume_proxy 1011 0.454311979 -0.976459033 0.000862889291 0 0 0
volume_proxy 1012 0.49668652 -0.329131489 0.000158850532 0 0 0
volume_proxy 1013 0.856868377 -0.946732919 -0.00146652562 0 0 0
volume_proxy 1014 -0.657482855 -0.11027253 -0.00963735963 0 0 0
volume_proxy 1015 0.691091665 0.275051991 0.00130322215 0 0 0
volume_proxy 1016 0.927087096 -0.934134543 -0.00407636246 0 0 0
volume_proxy 1017 -0.229556381 -0.613705562 0.00405583652 0 0 0
volume_proxy 1018 -0.839785162 -0.934169114 -0.00664337181 0 0 0
volume_proxy 1019 -0.795485882 -0.862862809 0.0104134914 0 0 0
volume_proxy 1020 -0.918914184 0.582185906 0.00121855184 0 0 0
volume_proxy 1021 -0.727045931 -0.506445584 0.0049770444 0 0 0
