volume_proxy 0 0.718663671 0.417317205 -0.00283753411 0 0 0
volume_proxy 5 1.46969835 -0.837689224 0.0036363837 0 0 0
volume_proxy 6 -0.186592928 0.599402113 0.00700101347 0 0 0
volume_proxy 11 1.49556196 0.484215819 -0.00157608962 0 0 0
volume_proxy 12 0.360707294 -0.427194466 -0.00952183695 0 0 0
volume_proxy 14 -0.947894982 0.746497297 -0.00658541439 0 0 0
volume_proxy 23 1.04933406 -0.781903811 -0.000153743247 0 0 0
volume_proxy 38 1.13204594 -0.258531383 -0.0105903395 0 0 0
volume_proxy 40 -0.620946331 -0.54064352 0.00964982788 0 0 0
volume_proxy 50 -0.674231736 -0.13684625 0.00976719362 0 0 0
volume_proxy 53 -0.563152364 0.763591001 -0.00873164133 0 0 0
volume_proxy 58 1.08776065 -0.982932716 -0.00308962997 0 0 0
volume_proxy 60 0.180998513 0.444590768 -0.00307737916 0 0 0
volume_proxy 85 -0.977577518 -0.212751094 0.00942460001 0 0 0
volume_proxy 97 0.843500698 0.803943023 -0.00969891003 0 0 0
volume_proxy 107 1.22516775 0.670311859 -0.00648328404 0 0 0
volume_proxy 127 -1.39543299 -0.186880739 0.00762815976 0 0 0
volume_proxy 130 0.674869641 0.330682902 0.00236400193 0 0 0
volume_proxy 140 -0.0908439667 0.0273155237 -0.00685613563 0 0 0
volume_proxy 157 1.07765747 -0.451116522 0.0030991129 0 0 0
volume_proxy 159 1.01352141 0.503272305 -0.00887482606 0 0 0
volume_proxy 161 0.636688189 0.973268323 0.00218970675 0 0 0
volume_proxy 176 0.479437108 0.394752821 0.00828722616 0 0 0
volume_proxy 186 -1.18632457 0.199720395 0.00200932327 0 0 0
volume_proxy 189 -0.957469218 0.801300043 0.00637783425 0 0 0
volume_proxy 195 -0.0810594574 -0.586670458 -0.00299652615 0 0 0
volume_proxy 196 0.624010376 -0.083331613 -0.00900306821 0 0 0
volume_proxy 200 -0.633353901 -0.931851531 -0.00543118597 0 0 0
volume_proxy 202 -0.373374834 0.742697356 -0.00938247888 0 0 0
volume_proxy 209 -1.26092487 0.0420720421 0.00407915662 0 0 0
volume_proxy 210 -0.231708016 0.503606304 -0.00400470113 0 0 0
volume_proxy 226 0.195006606 -0.984478514 -0.00364505189 0 0 0
volume_proxy 236 1.08898897 0.756882826 -0.00677098082 0 0 0
volume_proxy 247 1.39260132 0.441772797 0.00987959144 0 0 0
volume_proxy 256 -0.968221301 0.951288256 0.00512930104 0 0 0
volume_proxy 259 0.454620148 0.661940232 -0.00283878508 0 0 0
volume_proxy 269 -0.940501324 -0.422432797 -0.00158413745 0 0 0
volume_proxy 277 -1.2023567 -0.635267851 -0.0104922094 0 0 0
volume_proxy 296 -0.549171921 -0.700962103 0.00523778826 0 0 0
volume_proxy 305 0.0244288472 -0.122247511 -0.0011363028 0 0 0
volume_proxy 310 0.0005223359 -0.653577355 0.0107338265 0 0 0
volume_proxy 344 -1.12749445 0.674721833 -0.00778021631 0 0 0
volume_proxy 347 0.239333019 -0.00330176873 -0.000104187848 0 0 0
volume_proxy 356 -0.113173603 0.767581918 -0.00432141094 0 0 0
volume_proxy 375 1.3918094 -0.800615108 0.00718387101 0 0 0
volume_proxy 388 0.309292441 0.269620215 0.000620311144 0 0 0
volume_proxy 802 1.47045358 -0.430343942 0.00828289413 0 0 0
volume_proxy 1052 -0.877110591 -0.927130856 -0.00662385868 0 0 0
volume_proxy 1066 0.242340119 0.117870811 -0.00447712012 0 0 0
volume_proxy 1120 -0.271137612 0.0986911602 0.00151730627 0 0 0
volume_proxy 1166 -0.515068565 0.700463865 -0.00651507359 0 0 0
volume_proxy 1169 1.01319185 -0.983588516 -0.0077868971 0 0 0
volume_proxy 1193 -1.16207147 -0.108799148 -0.001305263 0 0 0
volume_proxy 1225 -0.475655171 -0.222501023 -0.00225027161 0 0 0
volume_proxy 1245 -1.48353687 0.556096074 0.00298126115 0 0 0
volume_proxy 1280 -1.29867957 0.310637965 -0.0106723885 0 0 0
volume_proxy 1285 -1.06729516 0.0543749508 -0.00343783765 0 0 0
volume_proxy 1295 -0.494380632 0.177034575 0.00973243487 0 0 0
volume_proxy 1296 0.437809732 -0.169102148 0.00252026116 0 0 0
volume_proxy 1335 0.138732587 -0.604599671 -0.000651126337 0 0 0
volume_proxy 1340 0.999259981 0.498253067 -0.00699773374 0 0 0
volume_proxy 1380 0.242255109 0.40981504 -0.00391280939 0 0 0
volume_proxy 1386 0.169314542 0.306109089 -0.010447427 0 0 0
volume_proxy 1397 1.2170711 0.151847717 0.00479753055 0 0 0
volume_proxy 1409 0.133914875 0.859560168 0.00966661467 0 0 0
volume_proxy 1413 1.36471699 0.621684862 0.00909949775 0 0 0
volume_proxy 1420 -0.958843607 -0.192579049 -0.00492082076 0 0 0
volume_proxy 1422 0.863332914 -0.817693528 0.000524826075 0 0 0
volume_proxy 1429 0.931514111 -0.299338811 -0.0026377286 0 0 0
volume_proxy 1433 1.48609013 0.630429821 -0.005696228 0 0 0
volume_proxy 1434 0.0909700379 -0.820958508 0.0104952146 0 0 0
volume_proxy 1437 0.0415196873 -0.027848842 -0.00948278041 0 0 0
volume_proxy 1439 -0.206779448 0.460633822 0.0056485633 0 0 0
volume_proxy 1447 0.271451601 -0.788966364 0.00546094879 0 0 0
volume_proxy 1459 -0.537030562 0.131309395 -0.000955762336 0 0 0
volume_proxy 1460 1.47105576 0.752210169 0.00733384296 0 0 0
volume_proxy 1461 -1.15709576 0.627322643 0.00591826541 0 0 0
volume_proxy 1466 -1.06074706 0.000897882293 -0.00145686446 0 0 0
volume_proxy 1470 -1.14602756 -0.558080481 0.00446715444 0 0 0
volume_proxy 1472 -1.2826673 0.485321949 -0.00404346691 0 0 0
volume_proxy 1474 1.01738375 -0.813575098 -0.00909138744 0 0 0
volume_proxy 1481 1.13193117 0.947770852 -0.000343809754 0 0 0
volume_proxy 1482 0.773987835 -0.510138172 -0.00486401132 0 0 0
volume_proxy 1485 0.429208996 -0.95152241 0.00649025556 0 0 0
volume_proxy 1486 0.926633783 -0.403220324 0.00630889997 0 0 0
volume_proxy 1489 0.286218254 -0.0930064495 0.00891589547 0 0 0
volume_proxy 1490 1.45936755 0.801799055 0.000773628255 0 0 0
volume_proxy 1492 0.37912032 0.495758948 -0.000328243544 0 0 0
volume_proxy 1493 0.19276061 -0.0532142489 0.00550463334 0 0 0
volume_proxy 1494 1.04877615 0.274184123 0.00028052296 0 0 0
volume_proxy 1496 -1.43803486 0.556443256 -0.00303878133 0 0 0
volume_proxy 1498 -0.953302078 0.320915336 -0.00144914814 0 0 0
volume_proxy 1501 -0.676690432 -0.870146963 0.00394921569 0 0 0
volume_proxy 1503 -0.169600859 0.235924958 -0.00534224274 0 0 0
volume_proxy 1506 0.56173508 0.991927421 0.00697980876 0 0 0
volume_proxy 1507 -1.03548043 -0.408500471 -0.00944871695 0 0 0
volume_proxy 1508 -0.575457995 -0.832260273 0.0103703601 0 0 0
volume_proxy 1509 -1.44261736 0.632297596 -0.00348787378 0 0 0
volume_proxy 1510 0.338032887 -0.722064332 -0.00212141054 0 0 0
volume_proxy 1511 1.15499049 0.746122668 -0.000357673431 0 0 0
volume_proxy 1513 -0.781969856 0.964779123 6.31448744e-05 0 0 0
volume_proxy 1515 1.00190392 0.494110946 -0.00436394578 0 0 0
volume_proxy 1516 -0.522027645 -0.416088885 -0.00524276428 0 0 0
volume_proxy 1517 -0.867352582 -0.787178228 0.0098433156 0 0 0
volume_proxy 1518 -1.06918479 -0.0637848926 0.00899637532 0 0 0
volume_proxy 1519 0.0458266038 -0.125378529 0.00790439057 0 0 0
volume_proxy 1520 0.0585019223 -0.525668683 -0.00825647132 0 0 0
volume_proxy 1521 -0.403374536 0.672195859 0.00129371238 0 0 0
volume_proxy 1522 0.0929386501 0.557094688 -0.00170274908 0 0 0
volume_proxy 1523 1.10273157 -0.367800552 0.00921541338 0 0 0
volume_proxy 1524 0.970130719 -0.459839849 -0.000191374416 0 0 0
volume_proxy 1525 -1.11212607 0.601850779 -0.000733440258 0 0 0
