volume_proxy 0 0.634361839 0.48598177 0.0107330918 0 0 0
volume_proxy 5 1.44957782 -0.771446476 0.00623718944 0 0 0
volume_proxy 6 -0.403260266 0.38417238 -0.00938156715 0 0 0
volume_proxy 11 1.02876416 0.427762819 -0.00843202297 0 0 0
volume_proxy 12 0.166570493 -0.512535575 0.00574914485 0 0 0
volume_proxy 14 -1.23490787 0.99979297 -0.00445914861 0 0 0
volume_proxy 23 1.28802805 -0.795345434 0.0106533533 0 0 0
volume_proxy 38 0.771888684 -0.208908784 0.0103949451 0 0 0
volume_proxy 40 -0.273451025 -0.264953112 0.00728172339 0 0 0
volume_proxy 50 -0.859378859 -0.215683235 -0.00281781762 0 0 0
volume_proxy 53 -0.334547069 0.993890251 0.00752348861 0 0 0
volume_proxy 58 0.786395953 -0.91661514 0.00853895594 0 0 0
volume_proxy 60 0.718687779 0.607049859 -0.00348022318 0 0 0
volume_proxy 85 -0.792143521 0.0421629139 0.00116493126 0 0 0
volume_proxy 97 0.849707893 0.518759049 0.00843672123 0 0 0
volume_proxy 107 1.14833775 0.893134557 0.00709750075 0 0 0
volume_proxy 127 -1.45487094 0.103834185 0.00942384617 0 0 0
volume_proxy 130 0.680822775 0.261446756 0.00573179938 0 0 0
volume_proxy 140 0.398852999 0.665432141 0.00992820268 0 0 0
volume_proxy 157 1.25678706 -0.195409953 -0.00341317511 0 0 0
volume_proxy 159 0.712168817 0.371839645 0.00725199552 0 0 0
volume_proxy 161 0.573794121 0.455429465 -0.0081462212 0 0 0
volume_proxy 176 0.548110777 0.378504303 0.00520724243 0 0 0
volume_proxy 186 -1.0179824 0.514775878 -0.00654019384 0 0 0
volume_proxy 189 -0.397138415 0.857237134 -0.009982744 0 0 0
volume_proxy 195 -0.365062906 -0.55458176 0.00211271862 0 0 0
volume_proxy 196 0.665641246 -0.723894962 -0.00349102963 0 0 0
volume_proxy 200 -0.209812725 -0.643393552 -0.00115048881 0 0 0
volume_proxy 202 -0.455171639 0.370049071 0.00447578815 0 0 0
volume_proxy 209 -1.26130587 0.873036952 -0.00719553419 0 0 0
volume_proxy 210 -0.643355299 0.431363294 -0.00283038212 0 0 0
volume_proxy 226 0.348948851 -0.725697891 -0.00329753777 0 0 0
volume_proxy 236 0.978277686 0.869817956 -0.00441653971 0 0 0
volume_proxy 247 1.10081811 0.729645131 0.00679614379 0 0 0
volume_proxy 256 -0.636326895 0.893761877 0.00856233078 0 0 0
volume_proxy 259 0.423191453 0.496897511 -0.00629247591 0 0 0
volume_proxy 269 -0.634678585 -0.629477104 0.00263222763 0 0 0
volume_proxy 277 -1.08561213 -0.147319603 -0.010205119 0 0 0
volume_proxy 296 -0.478837878 -0.764898907 0.0088545692 0 0 0
volume_proxy 305 0.127840284 0.0520137741 -0.0097580868 0 0 0
volume_proxy 310 0.360986705 -0.902984447 -0.0102599574 0 0 0
volume_proxy 344 -1.23775026 0.874314997 -0.0041065074 0 0 0
volume_proxy 347 -0.440777934 -0.0448173192 0.00617199967 0 0 0
volume_proxy 356 0.200580934 0.776286918 0.00654343791 0 0 0
volume_proxy 375 1.07871458 -0.8914574 -0.00569887648 0 0 0
volume_proxy 388 0.316228914 0.112183956 0.00368393912 0 0 0
volume_proxy 802 1.40181515 -0.266230368 -0.00762269368 0 0 0
volume_proxy 1052 -0.783458117 -0.735776072 0.00258276784 0 0 0
volume_proxy 1066 -0.0765108615 0.255755277 -0.00547885359 0 0 0
volume_proxy 1120 -0.588965525 -0.0498812535 -0.00776693847 0 0 0
volume_proxy 1166 -0.605846655 0.812869789 -0.0063416092 0 0 0
volume_proxy 1169 1.10520479 -0.931003156 0.00683328831 0 0 0
volume_proxy 1193 -1.2645216 -0.585725305 -0.00326260926 0 0 0
volume_proxy 1225 -0.468189105 -0.328312226 -0.00148257764 0 0 0
volume_proxy 1245 -1.45044699 0.844544725 -0.000278109878 0 0 0
volume_proxy 1280 -1.188564 0.283496912 -0.00152284264 0 0 0
volume_proxy 1285 -1.15371542 0.0630455527 -0.00389827004 0 0 0
volume_proxy 1295 -0.438363927 0.729910196 -0.00101780926 0 0 0
volume_proxy 1296 0.411315075 0.118828531 -0.00512836892 0 0 0
volume_proxy 1335 0.599028947 -0.676542815 0.00494074061 0 0 0
volume_proxy 1340 0.910098185 0.0172407218 0.0107185806 0 0 0
volume_proxy 1380 0.236105798 0.276444449 0.00662512566 0 0 0
volume_proxy 1386 0.154310209 0.417717039 0.000162018887 0 0 0
volume_proxy 1397 1.07564363 0.13320447 -0.00460250344 0 0 0
volume_proxy 1409 0.50480412 0.998980496 -0.000991743668 0 0 0
volume_proxy 1413 1.23392151 0.542368003 -0.00557765296 0 0 0
volume_proxy 1420 -1.27960489 -0.055747933 0.00585258719 0 0 0
volume_proxy 1422 0.839731517 -0.95127598 -0.00530314622 0 0 0
volume_proxy 1426 1.17379567 -0.0553803427 0.00881064607 0 0 0
volume_proxy 1429 1.17405727 -0.292003461 -0.0106626406 0 0 0
volume_proxy 1433 1.30934954 0.401971956 0.00503019671 0 0 0
volume_proxy 1434 -0.260554411 -0.960782036 -0.000290146909 0 0 0
volume_proxy 1437 0.0156608467 0.00551287332 -0.0105107533 0 0 0
volume_proxy 1439 -0.297417893 0.689445165 -0.00989344061 0 0 0
volume_proxy 1440 1.15926875 -0.288923702 -0.000424737996 0 0 0
volume_proxy 1447 0.87007782 -0.662900347 -0.00218143814 0 0 0
volume_proxy 1459 -0.575223117 0.0630421598 -0.0107145098 0 0 0
volume_proxy 1460 1.08380015 0.985997122 0.00723182901 0 0 0
volume_proxy 1461 -1.04308812 0.549108786 0.00565473201 0 0 0
volume_proxy 1466 -1.44551584 0.230163554 0.00615504825 0 0 0
volume_proxy 1470 -1.33830631 -0.410996255 -0.0059101419 0 0 0
volume_proxy 1472 -1.16292487 0.310457207 0.00226735071 0 0 0
volume_proxy 1474 0.959452164 -0.884090394 -0.00949357633 0 0 0
volume_proxy 1481 1.04930091 0.813821239 0.00594048012 0 0 0
volume_proxy 1482 0.634707683 -0.539966902 -0.00135124012 0 0 0
volume_proxy 1485 0.309001901 -0.815302376 0.00993910441 0 0 0
volume_proxy 1486 1.21363089 -0.56119312 -0.00470714804 0 0 0
volume_proxy 1489 -0.248393675 0.165827919 -0.00415045842 0 0 0
volume_proxy 1490 1.49999769 0.877245255 -0.0101363539 0 0 0
volume_proxy 1492 0.348433793 0.69625381 -0.0102232081 0 0 0
volume_proxy 1493 0.288220503 0.0407303634 0.00356501468 0 0 0
volume_proxy 1494 0.880332307 0.508072188 -0.00690170286 0 0 0
volume_proxy 1496 -1.23245793 0.0535914703 0.00903640588 0 0 0
volume_proxy 1498 -1.25339991 0.237325708 -5.91965038e-05 0 0 0
volume_proxy 1501 -0.885362431 -0.976816502 0.000474756961 0 0 0
volume_proxy 1503 -0.0207255574 0.0861139493 0.00526495131 0 0 0
volume_proxy 1506 0.652561068 0.850759555 -0.0059931027 0 0 0
volume_proxy 1507 -1.0961036 -0.439704751 -0.0082726622 0 0 0
volume_proxy 1508 -0.487749458 -0.876692262 0.00104219819 0 0 0
volume_proxy 1509 -1.20255019 0.667675616 -0.000717233778 0 0 0
volume_proxy 1510 0.696377913 -0.209423449 0.00542942925 0 0 0
volume_proxy 1511 0.975702349 0.765642779 0.00512702598 0 0 0
volume_proxy 1512 -1.32006164 0.688683652 -0.0073071418 0 0 0
volume_proxy 1513 -0.743499416 0.927619503 -0.0107967964 0 0 0
volume_proxy 1514 -1.37783223 0.588964963 0.00179426226 0 0 0
volume_proxy 1515 0.55870118 0.381817987 -0.00168629258 0 0 0
volume_proxy 1516 -0.835191616 -0.570091152 0.00912880967 0 0 0
volume_proxy 1517 -0.901683363 -0.75403146 0.00852190489 0 0 0
volume_proxy 1518 -1.21891918 -0.166028662 0.00754128916 0 0 0
volume_proxy 1519 -0.0586544208 -0.331114878 -0.00640338531 0 0 0
volume_proxy 1520 -0.150423508 -0.700550508 -0.0107108405 0 0 0
volume_proxy 1521 -0.170476171 0.774512389 -0.00789375674 0 0 0
volume_proxy 1522 -0.133173535 0.748578305 0.00890347779 0 0 0
