volume_proxy 0 -1.01248338 -0.469667918 0.010711332 0 0 0
volume_proxy 6 0.000889514229 0.110121273 0.00458152188 0 0 0
volume_proxy 11 1.07593898 0.752440525 -0.00226677774 0 0 0
volume_proxy 12 1.25012615 -0.669763823 -0.00366442611 0 0 0
volume_proxy 14 -1.47805119 0.901329912 0.000495999945 0 0 0
volume_proxy 23 1.40105424 0.0501102067 0.00897065535 0 0 0
volume_proxy 38 -0.622569556 -0.840475373 -0.00710763694 0 0 0
volume_proxy 40 -1.36831827 -0.0566064034 -0.000719219997 0 0 0
volume_proxy 50 -1.09700757 -0.839302167 0.00960521187 0 0 0
volume_proxy 53 -1.46394312 0.478191412 -0.00105486178 0 0 0
volume_proxy 58 0.559233242 -0.446098879 0.00938801912 0 0 0
volume_proxy 60 -0.413850129 0.712786866 0.000662201822 0 0 0
volume_proxy 85 -0.955096452 0.960194819 -0.00743795085 0 0 0
volume_proxy 97 0.420064568 0.897565097 -0.00453907718 0 0 0
volume_proxy 107 0.040845452 0.393005373 -0.00167747307 0 0 0
volume_proxy 127 -1.26787791 -0.698641462 0.00564984204 0 0 0
volume_proxy 130 0.163691212 -0.763226859 -0.0024720179 0 0 0
volume_proxy 140 0.79754775 0.272542218 0.00241327755 0 0 0
volume_proxy 157 0.355793338 0.124367336 0.00807033941 0 0 0
volume_proxy 159 -0.255525434 0.691486712 -0.00328893647 0 0 0
volume_proxy 161 -0.232930161 0.073050453 0.000461882487 0 0 0
volume_proxy 176 1.21659021 0.497261933 -0.000452958023 0 0 0
volume_proxy 186 -1.08965624 0.212332324 -0.00929431185 0 0 0
volume_proxy 189 -0.781408106 -0.932273279 0.00661326651 0 0 0
volume_proxy 195 -1.35752198 -0.993379299 0.00745715409 0 0 0
volume_proxy 196 -0.949026891 0.13396101 0.0081130937 0 0 0
volume_proxy 200 -1.2436115 0.669168208 -0.0101574207 0 0 0
volume_proxy 202 -0.632543241 -0.438875977 -0.00675460149 0 0 0
volume_proxy 209 -1.2625741 0.086529962 -0.00474772387 0 0 0
volume_proxy 210 0.293591323 0.185218716 0.00137081504 0 0 0
volume_proxy 226 1.27316743 0.233353833 -0.00388701683 0 0 0
volume_proxy 236 0.573896142 0.441627029 -0.00685252371 0 0 0
volume_proxy 247 0.0461657487 -0.932634943 -0.00673735414 0 0 0
volume_proxy 256 0.641870684 -0.822552555 0.00241988915 0 0 0
volume_proxy 259 0.748507755 0.0315700933 0.00437029389 0 0 0
volume_proxy 269 -1.46381524 0.578839757 -0.00626720851 0 0 0
volume_proxy 277 -1.00358792 0.136445387 0.0099170782 0 0 0
volume_proxy 296 -0.828289107 -0.0288008467 -0.00218694722 0 0 0
volume_proxy 305 0.569107617 -0.488414097 -0.0104240454 0 0 0
volume_proxy 310 1.40103491 0.698887588 -0.00264938341 0 0 0
volume_proxy 344 -0.276288353 -0.551282309 -0.00448998715 0 0 0
volume_proxy 347 -0.610433832 0.866821366 -0.00737573158 0 0 0
volume_proxy 356 -0.714384237 0.36500893 0.0048193139 0 0 0
volume_proxy 375 1.40086898 -0.0603897105 -0.00541398297 0 0 0
volume_proxy 388 1.37515273 -0.485263247 0.00449282153 0 0 0
volume_proxy 1052 -1.27306955 -0.432526011 0.0104769584 0 0 0
volume_proxy 1066 -0.313967944 0.0911669831 0.00473769226 0 0 0
volume_proxy 1120 -0.656912649 0.913552248 -0.00855109561 0 0 0
volume_proxy 1166 -0.876432784 -0.789081486 -0.00654635888 0 0 0
volume_proxy 1193 -1.00143352 -0.0598612198 -0.00087156848 0 0 0
volume_proxy 1225 -1.2558713 -0.887154967 -0.000997486791 0 0 0
volume_proxy 1245 -1.14028696 0.630830361 -0.00821693614 0 0 0
volume_proxy 1280 -1.42913378 0.927532287 0.00685805182 0 0 0
volume_proxy 1285 -0.623520162 0.886169357 0.00653586427 0 0 0
volume_proxy 1295 0.578535574 0.601724651 -0.00224573678 0 0 0
volume_proxy 1296 -0.501733674 -0.44715496 -0.00825101558 0 0 0
volume_proxy 1340 1.29718232 -0.0321223129 -0.00750249668 0 0 0
volume_proxy 1380 -1.49526322 -0.562636231 0.00277144117 0 0 0
volume_proxy 1386 1.12231568 0.523166183 -0.007237163 0 0 0
volume_proxy 1397 0.0305321682 0.703277162 -0.00159244195 0 0 0
volume_proxy 1409 0.518517098 0.448325801 0.0094205223 0 0 0
volume_proxy 1413 0.645268141 0.631753686 -0.00771525594 0 0 0
volume_proxy 1422 1.42711267 -0.815145795 0.00545040967 0 0 0
volume_proxy 1433 1.44891477 0.784365804 -0.00647145462 0 0 0
volume_proxy 1437 -0.334154846 -0.994488105 -0.000983399561 0 0 0
volume_proxy 1459 -0.890797734 -0.419926304 0.000102942366 0 0 0
volume_proxy 1460 -1.05290997 0.161955925 0.00216330438 0 0 0
volume_proxy 1461 -1.15050299 0.295591911 0.00476624772 0 0 0
volume_proxy 1472 -1.23163576 -0.182525223 0.00566860763 0 0 0
volume_proxy 1474 1.28449977 -0.0585994185 0.00116937146 0 0 0
volume_proxy 1481 -0.409279063 0.2064998 -0.00487764209 0 0 0
volume_proxy 1482 0.65451516 0.38238517 -0.00296910054 0 0 0
volume_proxy 1485 0.724662889 -0.31945752 0.00368331203 0 0 0
volume_proxy 1489 0.250747814 -0.84356305 0.00913344984 0 0 0
volume_proxy 1490 0.664125092 0.500471606 0.00436091946 0 0 0
volume_proxy 1496 -1.20988277 0.546280862 -0.00813685224 0 0 0
volume_proxy 1498 -0.229942085 -0.378145462 -0.00597780404 0 0 0
volume_proxy 1503 -1.38897921 -0.814415871 -0.00748843507 0 0 0
volume_proxy 1506 0.344558175 0.773123368 0.00787065734 0 0 0
volume_proxy 1507 -0.0128272881 -0.266454009 0.00527005035 0 0 0
volume_proxy 1508 -0.90054425 0.239286089 -0.00816845746 0 0 0
volume_proxy 1509 -1.02524372 -0.173268366 0.0102048963 0 0 0
volume_proxy 1513 -1.38119453 0.125673783 -0.00876654656 0 0 0
volume_proxy 1515 0.303378798 -0.983015997 0.00828794004 0 0 0
volume_proxy 1516 -0.230021032 -0.666806802 0.00273840917 0 0 0
volume_proxy 1517 -1.15670338 -0.531675647 0.0102260024 0 0 0
volume_proxy 1519 0.396172022 0.552046403 0.00620059571 0 0 0
volume_proxy 1520 0.0240257576 -0.488210828 0.0060863366 0 0 0
volume_proxy 1521 -0.921621337 -0.439463228 -0.0067179982 0 0 0
volume_proxy 1523 -0.0867574186 -0.363685745 -0.0020547234 0 0 0
volume_proxy 1525 -0.511125131 0.814042491 -0.00829573231 0 0 0
volume_proxy 1526 1.46453774 -0.0484335278 0.0060188447 0 0 0
volume_proxy 1528 0.857906139 -0.772047193 -0.00252505978 0 0 0
volume_proxy 1529 -0.858952921 -0.0885787399 0.00547928014 0 0 0
volume_proxy 1531 0.390005045 0.884371523 0.00381284141 0 0 0
volume_proxy 1533 0.827656999 -0.0709387966 -0.00795172232 0 0 0
volume_proxy 1534 -0.570239129 -0.0676729482 0.00887992509 0 0 0
volume_proxy 1537 -0.933807592 -0.584553129 -0.00362998723 0 0 0
volume_proxy 1538 1.1918845 -0.316052617 -0.007980491 0 0 0
volume_proxy 1539 0.245201042 0.711720174 -0.00352358398 0 0 0
volume_proxy 1540 1.36899613 0.105030076 0.00986990508 0 0 0
volume_proxy 1541 -0.396898888 -0.940958917 -0.00652917966 0 0 0
