volume_proxy 0 1.22943268 0.00715321827 0.00901266561 0 0 0
volume_proxy 4 1.23446044 0.817333794 -0.0100268257 0 0 0
volume_proxy 5 0.0308513329 0.630815184 0.00707576504 0 0 0
volume_proxy 6 1.46967281 0.642165448 -0.00428133912 0 0 0
volume_proxy 11 0.20317119 0.850322918 -0.0090550304 0 0 0
volume_proxy 12 0.675433398 -0.318633646 -0.00327593657 0 0 0
volume_proxy 14 0.565817985 0.647796159 0.00310021202 0 0 0
volume_proxy 23 -0.588881914 0.0795864339 -0.00242751042 0 0 0
volume_proxy 38 0.429851451 -0.373402514 0.00288779222 0 0 0
volume_proxy 40 -0.493361335 -0.290976239 -0.000340600463 0 0 0
volume_proxy 50 -0.188739592 -0.858684764 0.00935258107 0 0 0
volume_proxy 52 -1.3681921 -0.78637524 -0.00244189396 0 0 0
volume_proxy 53 -0.176041576 -0.519877061 -0.005118453 0 0 0
volume_proxy 58 0.887439893 -0.509470415 0.0101722806 0 0 0
volume_proxy 60 -0.42322411 0.67458197 -0.000768321147 0 0 0
volume_proxy 61 -0.983920485 -0.825992909 0.00567718804 0 0 0
volume_proxy 69 -0.625871252 -0.136464308 -0.0085497094 0 0 0
volume_proxy 72 0.836742484 0.173606929 0.000968227953 0 0 0
volume_proxy 81 -0.96798129 -0.017057216 -0.0028820327 0 0 0
volume_proxy 85 -0.800966034 0.0899181457 0.00361763029 0 0 0
volume_proxy 88 -1.00398624 0.190055278 -0.00745880591 0 0 0
volume_proxy 97 1.19532485 -0.141570278 0.00297162879 0 0 0
volume_proxy 101 -1.43744098 0.591708899 0.00217267304 0 0 0
volume_proxy 105 -0.300462796 -0.437160761 -0.00635785183 0 0 0
volume_proxy 106 -0.83327049 -0.785302605 0.00428192148 0 0 0
volume_proxy 107 0.318835127 0.473273825 0.00288523157 0 0 0
volume_proxy 108 1.39138135 -0.17216072 -0.00997212321 0 0 0
volume_proxy 126 -0.0919027163 -0.931101985 0.00220740236 0 0 0
volume_proxy 127 -0.439153427 0.226260875 -0.00983943335 0 0 0
volume_proxy 130 1.33697103 0.345460594 0.00803457536 0 0 0
volume_proxy 132 0.708534542 0.602431986 -0.00355687335 0 0 0
volume_proxy 135 -0.0666047867 -0.835651578 0.00472366586 0 0 0
volume_proxy 140 -0.710650869 0.956756176 0.00421272719 0 0 0
volume_proxy 145 -1.13314883 -0.630802785 -5.54894705e-05 0 0 0
volume_proxy 157 0.678437918 -0.268960249 0.000561333669 0 0 0
volume_proxy 159 -0.804061393 -0.763831243 -0.00930205812 0 0 0
volume_proxy 161 -0.241877656 0.189838347 -0.00887742298 0 0 0
volume_proxy 163 -0.846398077 -0.123895431 -0.00795482106 0 0 0
volume_proxy 169 0.784706568 0.754936593 -0.00906092822 0 0 0
volume_proxy 176 0.274286445 -0.129752435 -0.00932096961 0 0 0
volume_proxy 178 -1.07091573 0.515691845 -0.00966157628 0 0 0
volume_proxy 186 -0.515773684 0.242456887 -0.00440628176 0 0 0
volume_proxy 189 -1.18834155 0.573960996 0.000973043674 0 0 0
volume_proxy 195 -0.596062416 0.11804878 0.00242018958 0 0 0
volume_proxy 196 0.548506677 0.29874153 -0.00481240697 0 0 0
volume_proxy 198 1.31762895 -0.815335716 0.00716049681 0 0 0
volume_proxy 200 -1.14145849 -0.216037422 0.00971755106 0 0 0
volume_proxy 202 -0.538783999 0.947110321 0.00769703703 0 0 0
volume_proxy 209 -0.811369568 -0.722113252 0.0104303934 0 0 0
volume_proxy 210 -0.0382188055 0.312542134 0.00457195938 0 0 0
volume_proxy 224 1.11607821 -0.755717589 -0.00930283024 0 0 0
volume_proxy 226 -0.736589714 -0.93599199 0.00141198814 0 0 0
volume_proxy 228 -0.181801788 0.387536808 -0.00431232556 0 0 0
volume_proxy 236 0.0667894965 0.116089705 0.00635904441 0 0 0
volume_proxy 237 0.483534099 0.700586957 -0.00237625282 0 0 0
volume_proxy 244 0.920817307 0.155750278 0.00902366668 0 0 0
volume_proxy 247 1.23237914 -0.374633983 0.00587176062 0 0 0
volume_proxy 251 0.871578398 0.158037187 -0.00443042812 0 0 0
volume_proxy 256 -0.197886889 -0.555213649 0.00841984994 0 0 0
volume_proxy 257 -0.440853768 0.830951901 -0.00520865873 0 0 0
volume_proxy 258 0.535810661 -0.199168554 -0.00955002516 0 0 0
volume_proxy 259 0.708097115 0.523284015 0.00116677293 0 0 0
volume_proxy 269 0.890851278 0.187024453 0.00539751018 0 0 0
volume_proxy 271 -1.3845619 0.9755128 0.00192977848 0 0 0
volume_proxy 273 1.30627086 0.227360086 -0.00563844388 0 0 0
volume_proxy 276 0.642483874 -0.161629864 0.00650407142 0 0 0
volume_proxy 277 -0.554217426 -0.826355465 -0.00620108196 0 0 0
volume_proxy 279 0.0321410845 -0.370088993 -0.00187039018 0 0 0
volume_proxy 294 -0.112540965 0.597696841 0.00896960764 0 0 0
volume_proxy 296 0.0717935995 -0.716238775 -0.00492311855 0 0 0
volume_proxy 298 1.08322009 -0.804108167 -0.000990903918 0 0 0
volume_proxy 305 0.25463948 0.108702316 0.00223831322 0 0 0
volume_proxy 310 0.906946631 0.581190369 -0.0106755488 0 0 0
volume_proxy 311 0.669964762 -0.737017519 0.00289174289 0 0 0
volume_proxy 314 -0.33264561 0.458994834 -0.0103701844 0 0 0
volume_proxy 321 0.193968612 -0.851725252 0.00979172908 0 0 0
volume_proxy 329 -0.760295498 0.522253891 0.00215071941 0 0 0
volume_proxy 337 -1.45937967 0.607831422 -0.00277356439 0 0 0
volume_proxy 344 0.567440483 0.769435271 -0.00907968886 0 0 0
volume_proxy 345 -0.858898076 0.170206409 0.00124700322 0 0 0
volume_proxy 347 -0.0607880571 -0.459580541 -0.00400084968 0 0 0
volume_proxy 349 0.500975721 -0.210008006 0.00681971478 0 0 0
volume_proxy 356 0.120536977 0.998973729 -0.00171266201 0 0 0
volume_proxy 358 1.45843741 0.870978444 0.00589112866 0 0 0
volume_proxy 370 1.24530685 0.680239281 -0.00269889232 0 0 0
volume_proxy 375 0.856485814 -0.0461947586 -0.00789213849 0 0 0
volume_proxy 377 0.511208117 0.556019788 0.00140181843 0 0 0
volume_proxy 388 -1.09020081 -0.0531449219 -0.00923610884 0 0 0
volume_proxy 393 1.43098284 -0.380399606 -0.00988917228 0 0 0
volume_proxy 396 -0.633977632 0.902672978 0.00620716523 0 0 0
volume_proxy 397 0.448853238 -0.212969636 -0.00232891876 0 0 0
volume_proxy 399 0.853420765 -0.746506668 0.00186841438 0 0 0
volume_proxy 409 -0.244502986 -0.506444848 0.00648222016 0 0 0
volume_proxy 412 1.31777308 -0.400641513 -0.00327877108 0 0 0
volume_proxy 418 -1.01934274 -0.089889315 -0.00941847611 0 0 0
volume_proxy 431 -0.9923793 -0.674567817 0.00515855096 0 0 0
volume_proxy 497 -0.971966806 -0.458284771 -0.00866791935 0 0 0
volume_proxy 502 1.00444452 -0.909066864 0.00887448169 0 0 0
volume_proxy 512 0.341505054 -0.775119461 0.00829137402 0 0 0
volume_proxy 513 0.558060234 -0.18417635 0.0107394107 0 0 0
volume_proxy 518 1.30220069 -0.717599601 -0.00889000614 0 0 0
volume_proxy 591 -0.469786721 0.936390105 0.00472358421 0 0 0
volume_proxy 615 1.23689627 0.242922494 0.00989126568 0 0 0
volume_proxy 616 0.895235216 0.678423155 -0.00556398489 0 0 0
volume_proxy 637 -1.23068996 -0.614530585 0.00533119754 0 0 0
volume_proxy 647 -0.283841853 0.961489275 -0.00258332203 0 0 0
volume_proxy 669 0.953014222 -0.5018215 -0.00123375276 0 0 0
volume_proxy 682 0.2257708 0.14043638 -0.0040003786 0 0 0
volume_proxy 702 -0.210404801 -0.400072071 -0.00502464376 0 0 0
volume_proxy 725 -1.43514239 -0.784028925 -0.0051637945 0 0 0
volume_proxy 751 0.18105362 -0.644991286 -0.00892511315 0 0 0
volume_proxy 797 -0.983475871 -0.415908718 -0.0088790034 0 0 0
volume_proxy 802 1.01222229 -0.291592258 -0.00635216782 0 0 0
volume_proxy 814 0.898470375 -0.361170844 0.00967483251 0 0 0
volume_proxy 835 -0.239724451 -0.876569508 0.00577603557 0 0 0
volume_proxy 848 -1.24809408 -0.375006903 -0.00776313351 0 0 0
volume_proxy 856 1.32028553 0.244464854 0.00544171179 0 0 0
volume_proxy 869 1.44348049 0.983278592 0.00350751969 0 0 0
volume_proxy 876 -0.379038387 -0.342723531 0.00238573114 0 0 0
volume_proxy 883 0.378762785 0.777370012 -0.0072429168 0 0 0
volume_proxy 902 0.279244601 0.032609926 -0.00634693817 0 0 0
volume_proxy 903 0.381524807 0.473702225 -0.00899165584 0 0 0
volume_proxy 904 -0.924681084 0.440646176 -0.00666126776 0 0 0
volume_proxy 914 0.474130116 -0.888916069 -0.00199576885 0 0 0
volume_proxy 915 -0.797417235 0.027007623 -0.00610094754 0 0 0
volume_proxy 926 -0.392002041 0.350478638 -0.000533906798 0 0 0
volume_proxy 929 -0.801287351 -0.554576973 -0.00561888391 0 0 0
volume_proxy 944 0.829089256 -0.884176006 0.00975235849 0 0 0
volume_proxy 969 -0.571143074 -0.0491332611 -0.000737028987 0 0 0
volume_proxy 974 -0.195069298 -0.534386339 0.00638242997 0 0 0
volume_proxy 979 -0.115820886 0.551410401 0.00121636299 0 0 0
volume_proxy 983 1.15334295 -0.176203381 0.0060947006 0 0 0
volume_proxy 991 -0.742481729 -0.450231913 0.00944525129 0 0 0
volume_proxy 992 0.290381322 0.2225131 0.00178190777 0 0 0
volume_proxy 997 1.34894643 -0.0376742999 -0.00263072176 0 0 0
volume_proxy 1001 0.235939739 0.731532788 0.00561430098 0 0 0
volume_proxy 1020 -0.938122233 0.479730889 -0.0105167369 0 0 0
volume_proxy 1021 -0.945159878 -0.865742197 0.00753498855 0 0 0
volume_proxy 1031 1.14026431 -0.495710312 0.00728671851 0 0 0
volume_proxy 1033 0.839712735 0.979265769 -0.00302591744 0 0 0
volume_proxy 1035 0.759273207 -0.961290138 0.00249182037 0 0 0
volume_proxy 1036 0.530123717 0.349247973 -0.00380783565 0 0 0
volume_proxy 1040 -1.12789959 -0.843725638 -0.000167661212 0 0 0
volume_proxy 1042 1.04275161 0.884632215 -0.00375795573 0 0 0
volume_proxy 1050 -0.805161634 -0.382303586 -0.0096295901 0 0 0
volume_proxy 1052 -0.634603864 0.222503811 0.0043234466 0 0 0
volume_proxy 1062 0.259298742 0.356723181 -0.00364153792 0 0 0
volume_proxy 1066 0.741171886 0.336279846 0.00340216226 0 0 0
volume_proxy 1069 -0.806340274 -0.307753161 0.00261513398 0 0 0
volume_proxy 1078 -1.30251295 0.965924011 0.0102590029 0 0 0
volume_proxy 1086 0.130929752 -0.235770586 -0.000468262768 0 0 0
volume_proxy 1093 -0.23455774 -0.301364782 -0.00960098696 0 0 0
volume_proxy 1098 0.190270001 0.763300437 -0.000247368629 0 0 0
volume_proxy 1102 1.23178249 0.424568188 0.00901868674 0 0 0
volume_proxy 1106 0.73738386 -0.791583489 0.00502035304 0 0 0
volume_proxy 1110 0.950559569 -0.566515164 -0.00544811388 0 0 0
volume_proxy 1113 1.23361994 0.630361293 -0.00252050883 0 0 0
volume_proxy 1114 -0.659219363 -0.0397703133 -0.000667278121 0 0 0
volume_proxy 1117 0.784246655 0.0858702598 0.00590925091 0 0 0
volume_proxy 1118 0.104726438 -0.628064613 0.00493444904 0 0 0
volume_proxy 1120 -0.151589937 0.293076947 -0.00478643944 0 0 0
volume_proxy 1123 -1.4613086 0.979651674 -0.0091104223 0 0 0
volume_proxy 1127 0.438781135 0.257800169 -0.00498283654 0 0 0
volume_proxy 1130 -0.284525626 -0.0517342677 0.00962539598 0 0 0
volume_proxy 1133 1.27578709 -0.867122347 0.00448809061 0 0 0
volume_proxy 1134 0.60348754 0.475092427 0.00617976441 0 0 0
volume_proxy 1137 -0.875155561 0.0234684106 -0.00114216197 0 0 0
volume_proxy 1138 1.32282003 -0.6950335 -0.0105088619 0 0 0
volume_proxy 1143 -0.503424476 0.274228078 0.00178819158 0 0 0
volume_proxy 1145 -0.875685478 -0.647403834 -0.0107033719 0 0 0
volume_proxy 1147 0.122395489 0.130861608 0.0043592653 0 0 0
volume_proxy 1149 -0.698326119 0.054391564 -0.00822663236 0 0 0
volume_proxy 1150 -0.372091529 -0.744204075 -0.00509846168 0 0 0
volume_proxy 1151 0.509378734 -0.9571771 -0.00992470192 0 0 0
volume_proxy 1157 0.0792551787 0.290366681 0.00301910936 0 0 0
volume_proxy 1161 0.686932572 -0.849045522 -0.000574958584 0 0 0
volume_proxy 1165 -0.130082671 -0.843914859 0.00962990302 0 0 0
volume_proxy 1166 -1.4371467 0.352204115 -0.00840562681 0 0 0
volume_proxy 1167 -1.32956523 0.511749516 0.0091159686 0 0 0
volume_proxy 1168 -0.182868634 -0.784761258 -0.00475534456 0 0 0
volume_proxy 1169 1.4520575 -0.539874599 -0.0107965223 0 0 0
volume_proxy 1170 -1.19483006 -0.240418131 0.00132329321 0 0 0
volume_proxy 1171 -0.507585554 0.0566583769 0.00985680829 0 0 0
volume_proxy 1172 -0.296503639 0.282436457 -0.00390128264 0 0 0
volume_proxy 1174 0.0377260791 0.393891145 0.00703751807 0 0 0
volume_proxy 1179 0.655680102 0.233852703 -0.00474674784 0 0 0
volume_proxy 1180 -0.844447014 0.497129566 0.00367100608 0 0 0
volume_proxy 1182 0.329105921 0.998861505 -0.00485500978 0 0 0
volume_proxy 1186 -0.38719006 -0.197901844 0.00352696981 0 0 0
volume_proxy 1191 1.40541188 0.91662611 0.00612717762 0 0 0
volume_proxy 1193 -1.03217306 0.233818975 0.0077368395 0 0 0
volume_proxy 1195 -1.47144999 -0.441853301 -0.00401626668 0 0 0
volume_proxy 1197 -0.993458408 -0.880276945 -0.00639729211 0 0 0
volume_proxy 1198 0.126391742 0.382647266 -0.00321046251 0 0 0
volume_proxy 1199 0.134884138 0.064340049 -0.0106147579 0 0 0
volume_proxy 1204 0.198066706 -0.580567656 -0.00346406098 0 0 0
volume_proxy 1206 1.07078844 0.424368547 -0.00388609083 0 0 0
volume_proxy 1208 -0.183048244 -0.0635385733 -0.00968307056 0 0 0
volume_proxy 1209 -1.29163043 0.358080034 0.000320808728 0 0 0
volume_proxy 1210 -1.3267223 0.758402701 0.00237206678 0 0 0
volume_proxy 1214 -0.397826292 0.0430875937 0.00255599997 0 0 0
volume_proxy 1217 -0.50171963 0.572600885 -0.00794598625 0 0 0
volume_proxy 1219 -0.898490732 -0.0197228159 -0.00993490557 0 0 0
volume_proxy 1220 0.506014265 0.29308686 -0.00723493821 0 0 0
volume_proxy 1221 1.25204245 -0.120575442 0.00222112225 0 0 0
volume_proxy 1223 1.28066342 0.566119257 0.0016639344 0 0 0
volume_proxy 1224 -0.361974008 0.919980544 0.00525942536 0 0 0
volume_proxy 1225 -0.261529941 -0.147822586 0.0102969045 0 0 0
volume_proxy 1227 -0.719248645 0.829137288 -0.0106811387 0 0 0
volume_proxy 1228 0.856829441 0.891796141 -0.00956408162 0 0 0
volume_proxy 1229 1.49023463 0.929491568 0.0035300038 0 0 0
volume_proxy 1230 1.23178853 -0.769616651 -7.42062601e-05 0 0 0
volume_proxy 1231 -0.840198912 -0.128852149 0.00137158387 0 0 0
volume_proxy 1236 -0.288786861 0.024610803 -0.00620747281 0 0 0
volume_proxy 1237 0.774873126 0.935638892 -0.00331945902 0 0 0
volume_proxy 1238 0.59123714 0.751450732 0.00332614612 0 0 0
volume_proxy 1239 1.44594634 0.940624987 -0.00168709873 0 0 0
volume_proxy 1240 1.20698541 0.732718174 0.00845801064 0 0 0
volume_proxy 1241 -0.363629832 -0.104984805 -0.00558874332 0 0 0
volume_proxy 1243 -0.932729065 -0.977212495 0.00889590107 0 0 0
volume_proxy 1245 -1.34432048 0.517274389 -0.000177306037 0 0 0
volume_proxy 1247 -1.16289253 0.703566019 -0.00273127616 0 0 0
volume_proxy 1248 0.982951568 0.301478578 0.0013109704 0 0 0
volume_proxy 1249 -0.241181595 -0.338436287 -0.00918214643 0 0 0
volume_proxy 1252 0.651086123 -0.874024814 -0.0102789297 0 0 0
volume_proxy 1253 -0.813015494 0.206156602 -0.0104535333 0 0 0
volume_proxy 1254 0.701836109 -0.816428304 -0.0103210732 0 0 0
volume_proxy 1255 0.942017499 -0.614891344 -0.00496221378 0 0 0
volume_proxy 1256 -0.643604607 -0.666938032 0.00791675583 0 0 0
volume_proxy 1257 0.235878069 -0.567608707 -0.010075721 0 0 0
volume_proxy 1258 1.06540252 0.634671639 -0.00572238618 0 0 0
volume_proxy 1259 -0.874814696 0.957641642 -0.00261314125 0 0 0
volume_proxy 1260 0.759337469 0.603660464 -0.00711057109 0 0 0
volume_proxy 1261 -0.51931125 0.882285291 0.00084283001 0 0 0
volume_proxy 1262 0.77791514 0.174692514 -0.00695404812 0 0 0
volume_proxy 1263 0.747330081 0.0120922408 0.00638297408 0 0 0
volume_proxy 1264 0.0342387628 -0.403301377 0.00931972828 0 0 0
volume_proxy 1265 0.250763266 0.361176362 -0.00356629929 0 0 0
volume_proxy 1267 -1.15974668 -0.430243171 -0.00473600247 0 0 0
volume_proxy 1269 0.2404617 -0.364112238 0.0027416203 0 0 0
volume_proxy 1270 0.30104085 -0.391533959 -0.00461201487 0 0 0
volume_proxy 1271 -1.27638169 -0.479756161 -0.00566743918 0 0 0
volume_proxy 1272 0.474489227 0.176605278 0.00961441214 0 0 0
volume_proxy 1273 -0.687530548 0.975219823 0.00590648571 0 0 0
volume_proxy 1275 -1.37566803 0.803948766 -0.00538955412 0 0 0
volume_proxy 1276 0.881840502 0.0372200436 0.00348264609 0 0 0
volume_proxy 1277 1.49595415 0.685615298 -0.00138853578 0 0 0
volume_proxy 1278 1.15818562 0.228147408 0.0102042964 0 0 0
volume_proxy 1279 -0.681179112 0.628695424 -0.0031222775 0 0 0
volume_proxy 1280 -1.28342199 0.557656678 0.00566390469 0 0 0
volume_proxy 1281 -0.412615882 -0.890214118 0.00588475037 0 0 0
volume_proxy 1282 -0.283024005 -0.724787649 -0.00485504616 0 0 0
volume_proxy 1283 -0.537716352 -0.778254384 -0.00380080105 0 0 0
volume_proxy 1284 -0.423986763 -0.947851288 0.00812747721 0 0 0
volume_proxy 1285 -0.771683285 0.760820579 0.00946767403 0 0 0
volume_proxy 1286 -1.33467973 0.45813245 -0.00285306735 0 0 0
volume_proxy 1288 -0.492938503 -0.810002758 -0.00325141665 0 0 0
volume_proxy 1289 0.703657989 -0.494745973 0.00351573597 0 0 0
volume_proxy 1290 -1.32447181 -0.817885143 -0.00664723629 0 0 0
volume_proxy 1291 -0.361713874 0.788453801 -0.00707866173 0 0 0
volume_proxy 1292 -0.338766604 0.245200266 -0.0075479082 0 0 0
