volume_proxy 0 0.931709829 0.297757573 0.000463746852 0 0 0
volume_proxy 1 -0.207576495 -0.76905646 -0.00376917503 0 0 0
volume_proxy 2 0.628181989 0.269687699 0.00928539635 0 0 0
volume_proxy 4 1.13958723 0.943325628 -0.0107276076 0 0 0
volume_proxy 5 -0.674377229 0.635964235 -0.0107661561 0 0 0
volume_proxy 6 1.01495491 0.341477746 -0.00176142179 0 0 0
volume_proxy 7 -0.406175602 0.118595173 0.00536285783 0 0 0
volume_proxy 8 0.33273131 -0.633635196 -0.00433630735 0 0 0
volume_proxy 9 1.16631988 0.478555249 -0.0106464457 0 0 0
volume_proxy 11 -1.29963648 0.521264942 0.00758611584 0 0 0
volume_proxy 12 0.269666424 -0.419490721 -0.00917235652 0 0 0
volume_proxy 13 -1.19554265 -0.843995198 0.00243172177 0 0 0
volume_proxy 14 0.478360621 0.25963249 0.00067871254 0 0 0
volume_proxy 15 0.117977479 -0.69970673 -0.00899126329 0 0 0
volume_proxy 16 -1.2783727 0.706047063 -0.00849590567 0 0 0
volume_proxy 17 -0.773323231 -0.148813117 0.0102976449 0 0 0
volume_proxy 18 -1.45140073 -0.650874078 -0.0077828155 0 0 0
volume_proxy 19 -1.02239363 -0.43011728 -0.00293886319 0 0 0
volume_proxy 20 -0.356617774 -0.835119422 -0.00915787939 0 0 0
volume_proxy 21 -0.468068977 0.479636818 0.00730348501 0 0 0
volume_proxy 22 1.05255714 0.419844606 0.00416268792 0 0 0
volume_proxy 23 -0.61059346 0.0332134605 -0.00946052254 0 0 0
volume_proxy 24 -0.748501723 0.356062189 0.00931409915 0 0 0
volume_proxy 25 -1.18282693 -0.0995169664 0.000722445868 0 0 0
volume_proxy 26 -0.822517021 0.471894867 -0.00853672967 0 0 0
volume_proxy 27 -0.936918511 -0.820635971 -0.00755600357 0 0 0
volume_proxy 28 -0.827104879 0.39916196 0.00485314586 0 0 0
volume_proxy 29 -1.15234444 0.447782572 0.00466059409 0 0 0
volume_proxy 31 -0.823198652 -0.188804978 -0.000496244852 0 0 0
volume_proxy 32 -0.40589644 -0.711055061 -0.0104591165 0 0 0
volume_proxy 33 0.0961271087 -0.0306871141 -0.004229557 0 0 0
volume_proxy 34 -0.291279864 -0.914982045 -0.000836177383 0 0 0
volume_proxy 35 0.0415303131 0.582710688 0.00704264598 0 0 0
volume_proxy 36 0.761356372 0.841248328 0.010063621 0 0 0
volume_proxy 37 -0.744281799 -0.788358694 -0.0090746237 0 0 0
volume_proxy 38 0.625026903 -0.223947707 -0.00897223065 0 0 0
volume_proxy 39 0.505818671 0.923960976 0.00900699141 0 0 0
volume_proxy 40 -0.481469507 -0.492805956 -5.22123488e-05 0 0 0
volume_proxy 41 1.4951102 0.059999499 -0.000678697559 0 0 0
volume_proxy 42 1.33743553 -0.483869102 -0.00558967244 0 0 0
volume_proxy 43 -0.475463942 -0.524876638 -0.00375275607 0 0 0
volume_proxy 45 0.315816566 0.549593992 0.00611532749 0 0 0
volume_proxy 46 0.393835778 -0.599267824 -0.00218222574 0 0 0
volume_proxy 47 1.37673074 0.480868244 0.00252227856 0 0 0
volume_proxy 48 -0.137126027 -0.325363218 0.00929568932 0 0 0
volume_proxy 49 -0.00428117201 -0.400069964 -0.00254343531 0 0 0
volume_proxy 50 -0.173056695 -0.690358512 -0.0099961502 0 0 0
volume_proxy 51 -1.42149064 0.908922577 -0.00189665523 0 0 0
volume_proxy 52 -1.31069142 -0.863481168 0.00588235698 0 0 0
volume_proxy 53 0.28175533 -0.498993228 -0.00033931682 0 0 0
volume_proxy 54 -0.578829005 0.288027192 0.00930204079 0 0 0
volume_proxy 55 -0.841593169 -0.344077915 0.008087458 0 0 0
volume_proxy 56 -1.19407684 0.244555358 0.00382083775 0 0 0
volume_proxy 57 -1.4906502 -0.420924433 0.00446512613 0 0 0
volume_proxy 58 0.280792533 -0.276536292 0.00686641358 0 0 0
volume_proxy 59 -0.579414517 0.105632068 0.00415985831 0 0 0
volume_proxy 60 -0.11978532 0.164667789 0.000802037138 0 0 0
volume_proxy 61 -1.10223432 -0.0532196664 0.00268230831 0 0 0
volume_proxy 62 0.136561254 -0.031638429 -0.00774055948 0 0 0
volume_proxy 63 0.607334913 0.223902824 0.00633310643 0 0 0
volume_proxy 64 -0.472899021 -0.352314342 0.00367222513 0 0 0
volume_proxy 65 1.3147862 0.721911091 -0.00708367978 0 0 0
volume_proxy 66 0.277273419 0.53386734 -0.00811237083 0 0 0
volume_proxy 67 -0.138117446 -0.191238157 0.0090507705 0 0 0
volume_proxy 69 -0.346882556 -0.294694812 0.00884922877 0 0 0
volume_proxy 70 0.926603335 0.71169702 0.00576332266 0 0 0
volume_proxy 71 0.77317764 0.495635052 0.00926722315 0 0 0
volume_proxy 72 0.528920607 -0.466846247 -0.00981670947 0 0 0
volume_proxy 73 0.906627179 -0.705507193 -0.00286993105 0 0 0
volume_proxy 74 0.0436504836 -0.421727085 -0.00829793406 0 0 0
volume_proxy 75 0.818396644 -0.930888736 0.00594026195 0 0 0
volume_proxy 76 -0.920312409 0.520084544 0.00356210533 0 0 0
volume_proxy 77 1.49433056 -0.247944886 0.00816717469 0 0 0
volume_proxy 78 1.43668659 -0.0273285335 -0.00317554827 0 0 0
volume_proxy 79 -0.78774646 0.233090532 0.00502649731 0 0 0
volume_proxy 80 -0.805458965 0.711262724 -0.00160228361 0 0 0
volume_proxy 81 -0.739919696 0.939212415 0.00176185385 0 0 0
volume_proxy 82 -1.37514365 0.180339692 -0.00429510752 0 0 0
volume_proxy 83 -0.390906484 0.232458566 0.0012776425 0 0 0
volume_proxy 84 -0.785641303 -0.182878652 0.00825157734 0 0 0
volume_proxy 85 -0.522471793 0.188416722 -0.0028333521 0 0 0
volume_proxy 86 0.353591799 -0.24495954 -0.0013255982 0 0 0
volume_proxy 87 1.28375001 0.293402425 -0.00130701208 0 0 0
volume_proxy 88 -0.556847858 0.258624777 0.009248379 0 0 0
volume_proxy 89 0.36712175 0.482901704 -0.00594896167 0 0 0
volume_proxy 90 0.71368786 -0.592296769 -0.00378661588 0 0 0
volume_proxy 91 1.04985108 -0.792510335 -0.0027472539 0 0 0
volume_proxy 92 -1.00091547 0.574635757 0.00397863504 0 0 0
volume_proxy 93 0.610835823 0.190460898 0.00791526489 0 0 0
volume_proxy 94 -0.845007018 -0.807953278 -0.00093163312 0 0 0
volume_proxy 95 0.112641199 0.22582208 -0.00545912314 0 0 0
volume_proxy 96 0.667292604 -0.40474704 0.000721552168 0 0 0
volume_proxy 97 1.06907002 0.260503898 -0.0050960838 0 0 0
volume_proxy 99 1.24251335 -0.405252847 -0.0107835714 0 0 0
volume_proxy 100 -0.181858356 -0.870243821 -0.00346222984 0 0 0
volume_proxy 101 -0.736569683 -0.17423701 -0.00397098089 0 0 0
volume_proxy 102 -0.0982226948 -0.715406304 -0.00928570774 0 0 0
volume_proxy 103 0.253154084 -0.295224858 -0.00126487488 0 0 0
volume_proxy 104 0.603700983 0.858729038 0.00820735485 0 0 0
volume_proxy 105 -0.231112887 -0.128875518 -0.00465244315 0 0 0
volume_proxy 106 -0.00294036818 -0.862171292 0.00768533328 0 0 0
volume_proxy 107 0.777916882 0.0994215805 0.00170920416 0 0 0
volume_proxy 108 0.937183193 -0.0790753745 -0.00726193941 0 0 0
volume_proxy 109 1.48280165 -0.0611465626 0.0103355719 0 0 0
volume_proxy 110 1.2833789 0.290657071 0.00627880301 0 0 0
volume_proxy 111 0.512496122 0.247751736 -0.00181134787 0 0 0
volume_proxy 112 0.698791438 0.121596945 0.000761937429 0 0 0
volume_proxy 113 -0.789609733 -0.0520826714 0.00926508428 0 0 0
volume_proxy 114 -0.932139947 -0.123387888 0.00545399303 0 0 0
volume_proxy 115 1.32227647 -0.548021736 -0.00990788326 0 0 0
volume_proxy 116 -1.20347033 -0.960928525 0.00659280287 0 0 0
volume_proxy 117 -0.943384246 -0.559566467 -0.00379799154 0 0 0
volume_proxy 118 -0.524934453 -0.399044266 -0.000904527594 0 0 0
volume_proxy 119 -0.60576918 0.0833128287 -0.00342461097 0 0 0
volume_proxy 120 1.38654983 -0.611359087 -0.00237576675 0 0 0
volume_proxy 121 0.525157493 0.551064567 0.00701575719 0 0 0
volume_proxy 123 0.351900535 -0.823638864 0.000972630693 0 0 0
volume_proxy 124 -0.584441473 -0.0123924397 -0.00782203748 0 0 0
volume_proxy 125 -0.836696674 -0.669239642 0.000146319492 0 0 0
volume_proxy 126 -0.537506431 -0.767396768 0.00331382624 0 0 0
volume_proxy 127 -0.051855995 -0.0311637528 -0.00534252402 0 0 0
volume_proxy 128 -0.741006368 -0.0108383732 0.00683953232 0 0 0
volume_proxy 129 1.05980459 -0.898609296 0.00333985535 0 0 0
volume_proxy 130 0.654158819 -0.485237995 -0.000509826192 0 0 0
volume_proxy 131 0.70485195 0.272889309 -0.0016579711 0 0 0
volume_proxy 132 -0.0793869498 0.693442913 0.010532306 0 0 0
volume_proxy 133 -0.0355336259 -0.0155443732 0.00535546215 0 0 0
volume_proxy 135 0.501593227 -0.177889871 -0.00433884025 0 0 0
volume_proxy 137 -1.27981948 -0.925347843 -0.00919686097 0 0 0
volume_proxy 138 0.622356531 -0.686498624 0.00795105071 0 0 0
volume_proxy 139 -0.452264818 0.588329193 0.0105314744 0 0 0
volume_proxy 140 -1.12963566 0.79608633 0.00841946695 0 0 0
volume_proxy 141 1.29944778 -0.488021119 -0.00506170404 0 0 0
volume_proxy 142 0.118009255 0.0965581992 -0.00078761393 0 0 0
volume_proxy 144 -1.07062478 0.070151863 0.000134564068 0 0 0
volume_proxy 145 -0.80299535 -0.908926682 0.00968079244 0 0 0
volume_proxy 146 1.34374861 -0.597844849 -0.00967927885 0 0 0
volume_proxy 147 0.398973631 -0.00333581473 0.00501819311 0 0 0
volume_proxy 148 0.709397561 0.599675093 0.00276498927 0 0 0
volume_proxy 149 -1.09642353 0.572904283 0.00803431261 0 0 0
volume_proxy 150 1.47793605 0.473639489 0.00449093175 0 0 0
volume_proxy 153 -0.564212708 -0.714153435 0.00399459975 0 0 0
volume_proxy 154 0.916518398 -0.409790408 0.00646393155 0 0 0
volume_proxy 155 0.841531814 0.15138116 0.00114575895 0 0 0
volume_proxy 156 0.326704507 0.0899136336 0.0020457075 0 0 0
volume_proxy 157 1.23570009 0.984564881 -0.00467823369 0 0 0
volume_proxy 159 -0.0974280763 -0.274288823 0.00114349036 0 0 0
volume_proxy 160 -0.266063454 -0.385782235 -0.00179621059 0 0 0
volume_proxy 161 -0.388890989 -0.133650787 -0.00864278625 0 0 0
volume_proxy 162 -0.454391209 -0.333115137 -0.000797571762 0 0 0
volume_proxy 163 -1.4587152 0.702212566 -0.00297717642 0 0 0
volume_proxy 164 -1.13149831 0.478540039 0.00941136222 0 0 0
volume_proxy 165 1.03276092 0.454528872 -0.00386937253 0 0 0
volume_proxy 166 0.454719241 0.746228082 -0.00897506777 0 0 0
volume_proxy 167 0.409857734 0.172923429 -0.00264723911 0 0 0
volume_proxy 168 0.968301717 0.308044363 -0.00860499465 0 0 0
volume_proxy 169 0.640537435 -0.405302438 -0.0083316872 0 0 0
volume_proxy 170 0.870138408 -0.493657151 -0.00647426867 0 0 0
volume_proxy 171 -0.581452183 0.753937313 -0.000506148419 0 0 0
volume_proxy 172 -1.14981233 0.519071912 -0.00413661579 0 0 0
volume_proxy 173 -0.00633873504 0.554414615 -0.00564622245 0 0 0
volume_proxy 174 0.75424356 -0.401473673 -0.00861403689 0 0 0
volume_proxy 176 0.3935965 -0.572792798 -0.00957685918 0 0 0
volume_proxy 177 -1.12964908 0.850946651 0.00463381853 0 0 0
volume_proxy 178 -1.15259972 0.111913906 0.00688228188 0 0 0
volume_proxy 179 -0.108022804 0.265849933 0.00801743133 0 0 0
volume_proxy 180 -0.014639243 0.289104482 -0.00900311667 0 0 0
volume_proxy 181 0.466067929 -0.656355209 0.00656241987 0 0 0
volume_proxy 182 -0.455019545 0.537110532 0.00447317687 0 0 0
volume_proxy 183 0.865909954 -0.97096855 -0.0062347385 0 0 0
volume_proxy 184 -0.680467405 -0.956186054 -0.0106440467 0 0 0
volume_proxy 185 -0.726577326 0.192130131 0.00337760812 0 0 0
volume_proxy 186 -0.0609004417 -0.842349726 -0.00963577381 0 0 0
volume_proxy 187 -0.67937935 0.751341175 -0.00227066803 0 0 0
volume_proxy 188 1.30586459 -0.0142835654 0.00930256765 0 0 0
volume_proxy 189 -1.40756072 0.037945971 -0.00694431025 0 0 0
volume_proxy 191 -0.136038579 0.624650599 -0.00668976151 0 0 0
volume_proxy 192 0.527987602 -0.278025418 -0.00483159631 0 0 0
volume_proxy 193 -0.561615337 0.799532607 0.00661964557 0 0 0
volume_proxy 194 -0.34108871 -0.712301414 -0.00583554614 0 0 0
volume_proxy 195 -1.49646088 0.443830382 -0.00922985253 0 0 0
volume_proxy 196 0.694557729 0.910334514 -0.00639494885 0 0 0
volume_proxy 197 -0.358329047 -0.79465609 -0.00540090183 0 0 0
volume_proxy 198 0.835008684 -0.807628038 -0.00199688438 0 0 0
volume_proxy 199 -0.503835487 0.272014345 0.00839263183 0 0 0
volume_proxy 200 -0.983847968 0.205195222 0.00326788868 0 0 0
volume_proxy 201 -1.12264213 0.49329096 -0.0105270735 0 0 0
volume_proxy 202 -0.740998342 0.8714438 -0.00917591011 0 0 0
volume_proxy 204 -1.23389542 0.042607146 0.00766070193 0 0 0
volume_proxy 205 0.0405398193 0.433858943 0.000823464204 0 0 0
volume_proxy 206 0.586343882 0.168840478 -0.00525237997 0 0 0
volume_proxy 207 0.650093678 -0.936292939 0.00325274058 0 0 0
volume_proxy 208 -1.39878663 0.965426074 -0.0099656647 0 0 0
volume_proxy 209 -1.31743228 -0.422883508 0.00498673313 0 0 0
volume_proxy 210 0.295491575 0.304658077 0.00654274458 0 0 0
volume_proxy 211 -0.348900663 -0.534808026 0.000918460338 0 0 0
volume_proxy 212 1.19903105 -0.498070281 0.00932714583 0 0 0
volume_proxy 213 0.0358137279 -0.609233716 0.00349399248 0 0 0
volume_proxy 214 -0.626214283 -0.152838481 0.000964457468 0 0 0
volume_proxy 215 0.169216551 -0.663867922 -0.0103787808 0 0 0
volume_proxy 217 -1.37725107 0.926136133 -0.00787555124 0 0 0
volume_proxy 218 -0.0709918958 0.733706723 0.00608637602 0 0 0
volume_proxy 219 0.134664953 0.186803521 -0.00443338906 0 0 0
volume_proxy 220 1.20364842 0.389190456 -0.00803480359 0 0 0
volume_proxy 221 -0.423763337 0.946569485 -0.00363129506 0 0 0
volume_proxy 222 0.918100499 0.716969167 0.00175120973 0 0 0
volume_proxy 223 -1.13956581 0.515341384 0.00617570461 0 0 0
volume_proxy 224 0.692122458 -0.906871686 -0.00218919797 0 0 0
volume_proxy 225 -1.48979928 0.226896092 0.00135450389 0 0 0
volume_proxy 226 -1.11663594 -0.175741416 -0.000357810243 0 0 0
volume_proxy 227 -0.877895279 -0.299845562 0.00638687201 0 0 0
volume_proxy 228 -0.435127993 0.0350240949 -0.00539471715 0 0 0
volume_proxy 229 0.208288063 -0.211903742 0.00571338308 0 0 0
volume_proxy 230 -0.165722078 0.770201456 0.0102179686 0 0 0
volume_proxy 231 0.501065366 -0.170417197 -0.00117237221 0 0 0
volume_proxy 232 0.81836421 0.686926347 0.00732157063 0 0 0
volume_proxy 233 1.29786889 0.915334826 0.000454077495 0 0 0
volume_proxy 234 1.29308959 -0.734048608 -0.00215331827 0 0 0
volume_proxy 235 -1.21635416 -0.839084145 -0.00397008618 0 0 0
volume_proxy 236 1.06617403 0.294933379 0.00807833509 0 0 0
volume_proxy 237 0.630847853 0.471319095 -0.00661764063 0 0 0
volume_proxy 238 0.197583046 -0.455915457 -0.00936031847 0 0 0
volume_proxy 239 0.0408551909 0.0545739198 -0.00307070672 0 0 0
volume_proxy 240 -0.0518681156 0.0754885449 -0.0065666608 0 0 0
volume_proxy 241 -0.209345718 -0.330931133 0.00383506958 0 0 0
volume_proxy 242 1.11479281 -0.108111076 0.00363401228 0 0 0
volume_proxy 243 0.476974843 0.273473843 0.00791189482 0 0 0
volume_proxy 244 -0.140752879 0.309741936 0.00428162558 0 0 0
volume_proxy 245 0.769912988 -0.492920497 0.00347863371 0 0 0
volume_proxy 246 -0.724741527 -0.390113825 -0.00528247667 0 0 0
volume_proxy 247 1.06030488 -0.685786882 0.00128087062 0 0 0
volume_proxy 249 1.24274125 0.260546874 0.00952203322 0 0 0
volume_proxy 250 -1.16673874 0.827582877 -0.00356991849 0 0 0
volume_proxy 251 0.346507392 0.834743878 -0.00141567061 0 0 0
volume_proxy 252 -0.327430379 -0.905803714 -0.00682212704 0 0 0
volume_proxy 253 -1.11451075 0.692980761 0.00104089002 0 0 0
volume_proxy 254 -1.23510311 0.912479691 -0.00917480053 0 0 0
volume_proxy 255 0.805758526 -0.829034766 0.00428628178 0 0 0
volume_proxy 256 0.227510158 0.00763366659 0.010337195 0 0 0
volume_proxy 257 -0.395269304 0.649156756 0.00371557406 0 0 0
volume_proxy 258 0.04349601 -0.306727542 -0.00281900041 0 0 0
volume_proxy 259 0.00921565359 0.0272407744 0.00233723013 0 0 0
volume_proxy 260 0.10701299 0.903159378 -0.00211123989 0 0 0
volume_proxy 261 1.30860152 0.778051875 0.00891734416 0 0 0
volume_proxy 262 -1.34705192 -0.0758323238 0.00964831477 0 0 0
volume_proxy 263 0.576768392 -0.342692506 -0.00354325142 0 0 0
volume_proxy 264 -0.276625891 -0.0688658294 -0.00774323698 0 0 0
volume_proxy 265 -0.290871674 -0.0237361908 0.00204564259 0 0 0
volume_proxy 266 -0.793815189 0.0413672287 0.00400510912 0 0 0
volume_proxy 267 0.655186631 0.602583314 0.00344326583 0 0 0
volume_proxy 268 -0.182455417 0.245613619 0.0058009202 0 0 0
volume_proxy 269 0.867795673 -0.145762596 -0.00212335499 0 0 0
volume_proxy 270 0.809688743 -0.628817999 0.00607504185 0 0 0
volume_proxy 271 -1.33816022 -0.121772304 -0.00110274746 0 0 0
volume_proxy 272 -0.0704736158 -0.645990094 -0.00821089205 0 0 0
volume_proxy 273 1.39514844 0.743488529 -0.00743790093 0 0 0
volume_proxy 274 -0.564304668 -0.416335122 0.00408434049 0 0 0
volume_proxy 275 -0.981344428 0.961174095 0.00958338193 0 0 0
volume_proxy 276 0.436863791 0.511218478 -0.00365306069 0 0 0
volume_proxy 277 -0.549698271 -0.506126711 0.0040742589 0 0 0
volume_proxy 279 -0.852338027 -0.752091312 -0.004535026 0 0 0
volume_proxy 280 0.678504376 -0.970349266 0.00501363533 0 0 0
volume_proxy 281 -1.21016049 0.8643575 -0.00517034202 0 0 0
volume_proxy 282 0.167499694 -0.708040147 0.00618401955 0 0 0
volume_proxy 283 -0.930177991 0.504481013 0.00244337707 0 0 0
volume_proxy 284 -1.32808061 0.701434584 -0.0101473123 0 0 0
volume_proxy 285 -0.854782525 -0.440880112 0.00163800362 0 0 0
volume_proxy 286 0.78913349 -0.743430332 -0.00826241478 0 0 0
volume_proxy 288 1.06533308 -0.675735279 0.00279549061 0 0 0
volume_proxy 289 0.759624288 0.606570267 0.00106213338 0 0 0
volume_proxy 291 1.12343378 0.855258774 -0.00171896877 0 0 0
volume_proxy 292 -0.873030297 -0.904376894 -0.00136772506 0 0 0
volume_proxy 293 1.32427997 0.0280286993 0.00605488999 0 0 0
volume_proxy 294 -1.16680934 0.57831993 0.0064821332 0 0 0
volume_proxy 295 0.315794261 -0.565781533 0.00612611138 0 0 0
volume_proxy 296 0.439678625 -0.468303786 -0.00155985639 0 0 0
volume_proxy 297 0.831251641 0.229037824 -0.00572317287 0 0 0
volume_proxy 298 0.557244873 -0.690775507 0.0030457287 0 0 0
volume_proxy 299 -1.46641691 0.57051062 -0.0105298262 0 0 0
volume_proxy 301 0.892962331 0.130081137 -0.0098324424 0 0 0
volume_proxy 303 -0.0705920966 -0.584411655 -0.0105946758 0 0 0
volume_proxy 304 -1.19820523 0.951720147 0.00300803051 0 0 0
volume_proxy 305 1.03001408 0.99358733 0.00248230992 0 0 0
volume_proxy 306 1.11859566 -0.555535617 0.00288417975 0 0 0
volume_proxy 307 -1.36074165 -0.436188256 -0.000433377515 0 0 0
volume_proxy 308 0.543376149 -0.844848425 0.010487279 0 0 0
volume_proxy 309 0.63495092 0.582573128 0.00124998963 0 0 0
volume_proxy 310 0.931622482 -0.0638521636 -0.00354112491 0 0 0
volume_proxy 311 -0.176257007 -0.993586133 0.00312607888 0 0 0
volume_proxy 312 0.520352416 -0.400763754 -0.000274048287 0 0 0
volume_proxy 313 0.758203694 0.664653148 -0.00552831455 0 0 0
volume_proxy 314 -0.467663601 -0.290344191 0.00512283623 0 0 0
volume_proxy 315 -0.233485309 0.414612803 0.00400593367 0 0 0
volume_proxy 316 -0.0894949525 -0.330927069 0.00459224489 0 0 0
volume_proxy 317 0.275827252 0.431906336 0.00852899117 0 0 0
volume_proxy 318 -0.925852833 0.22285496 0.00970843744 0 0 0
volume_proxy 319 -0.200447768 -0.766474541 0.00677865594 0 0 0
volume_proxy 320 -0.957423515 -0.346294199 0.00480139246 0 0 0
volume_proxy 321 -0.350126896 -0.909992321 -0.00860315275 0 0 0
volume_proxy 322 0.669216069 0.508004489 0.000375568555 0 0 0
volume_proxy 323 0.236161294 -0.940476598 0.010323638 0 0 0
volume_proxy 324 -0.798819515 -0.808547057 -0.00647517763 0 0 0
volume_proxy 325 -0.237827953 0.970140281 0.0099751382 0 0 0
volume_proxy 326 -0.768652818 0.675423221 -0.00526465743 0 0 0
volume_proxy 327 1.32534361 -0.812596758 0.00267437854 0 0 0
volume_proxy 328 0.70022262 0.560806718 0.00155262504 0 0 0
volume_proxy 329 0.224016051 0.870958883 -0.000731848681 0 0 0
volume_proxy 330 0.511191133 -0.66506153 0.0056250318 0 0 0
volume_proxy 331 -1.44780695 0.815416812 -0.0092684414 0 0 0
volume_proxy 333 -1.09527365 -0.411884577 0.00213348909 0 0 0
volume_proxy 334 0.843715193 -0.675279948 -0.0097770413 0 0 0
volume_proxy 335 -0.705329515 0.0580424881 -0.00984227064 0 0 0
volume_proxy 336 0.680944006 0.561654779 -0.00281212375 0 0 0
volume_proxy 337 -0.827359163 0.360288999 -0.00117341028 0 0 0
volume_proxy 338 -0.536003283 -0.06089553 -0.00128592449 0 0 0
volume_proxy 339 -0.535946471 0.0486513903 -0.00300781748 0 0 0
volume_proxy 340 0.144894144 0.718428896 -0.00722780811 0 0 0
volume_proxy 341 1.33965949 0.707142995 -0.00126401366 0 0 0
volume_proxy 342 -0.23871254 0.264813914 0.00571359099 0 0 0
volume_proxy 343 -0.512493932 0.894154116 -0.0064183696 0 0 0
volume_proxy 344 0.68822074 0.238898641 0.00810127654 0 0 0
volume_proxy 345 -0.982336758 0.348147638 -0.000858763837 0 0 0
volume_proxy 347 0.265065665 -0.0957073909 0.00170964831 0 0 0
volume_proxy 349 -0.156178233 0.363594358 -0.00381442729 0 0 0
volume_proxy 350 -0.523179199 0.609418832 -0.0076206616 0 0 0
volume_proxy 351 -1.41303259 -0.0193516657 -0.00873207804 0 0 0
volume_proxy 352 1.17141919 0.852856141 0.00667057167 0 0 0
volume_proxy 353 -0.194980393 0.564939104 0.0104375808 0 0 0
volume_proxy 355 1.1506844 0.220524871 -0.00874802673 0 0 0
volume_proxy 356 0.756522756 0.322295161 -0.00685066218 0 0 0
volume_proxy 357 -1.05438766 -0.926910758 -0.00468878787 0 0 0
volume_proxy 358 1.34488893 0.531957153 0.0106934725 0 0 0
volume_proxy 359 0.22317085 0.198016735 -0.00214815822 0 0 0
volume_proxy 360 1.21186959 -0.127461645 0.00538961681 0 0 0
volume_proxy 361 0.249147933 -0.180016253 0.00419341045 0 0 0
volume_proxy 362 1.38592193 -0.742297281 0.000948616441 0 0 0
volume_proxy 363 1.3525432 0.643497411 -0.00796645688 0 0 0
volume_proxy 364 1.4090536 -0.805558597 0.00955095108 0 0 0
volume_proxy 365 -0.52717072 0.40947736 0.00875292891 0 0 0
volume_proxy 366 1.1794016 -0.477315451 -0.00403063052 0 0 0
volume_proxy 367 -1.34989933 0.76433661 -0.00339071103 0 0 0
volume_proxy 368 0.787478626 0.347382271 -0.00534780438 0 0 0
volume_proxy 369 -0.311110009 0.0126569849 0.00901902308 0 0 0
volume_proxy 370 1.29554704 0.103585375 0.00166600378 0 0 0
volume_proxy 371 -1.11874056 0.90260404 -0.00166943851 0 0 0
volume_proxy 372 -0.215077471 0.333424745 0.00335416435 0 0 0
volume_proxy 373 1.22963187 0.127276295 0.00704666324 0 0 0
volume_proxy 374 1.03563798 -0.912951446 0.00600113822 0 0 0
volume_proxy 375 1.22998844 0.751446094 -0.00952209015 0 0 0
volume_proxy 376 0.285970318 -0.0669646907 0.0073429311 0 0 0
volume_proxy 377 0.538802533 -0.168163256 -0.00144326361 0 0 0
volume_proxy 378 0.740393912 0.87486686 -0.00474724681 0 0 0
volume_proxy 379 -1.43369158 0.167075565 0.00784874073 0 0 0
volume_proxy 380 -0.547459504 -0.609880071 0.000642458439 0 0 0
volume_proxy 382 -0.422544978 -0.878458731 -0.00996780112 0 0 0
volume_proxy 383 0.0225563431 -0.751771907 0.00108530075 0 0 0
volume_proxy 384 0.202599629 0.677471814 0.00330894999 0 0 0
volume_proxy 385 0.87511075 -0.263870401 0.00132861376 0 0 0
volume_proxy 386 0.504192969 0.609323386 0.0027997922 0 0 0
volume_proxy 387 -0.500872469 0.330151911 -0.00385193772 0 0 0
volume_proxy 388 -1.23252315 0.0660283778 8.53304375e-05 0 0 0
volume_proxy 389 0.120141156 0.374908217 -0.00441914034 0 0 0
volume_proxy 390 -1.09747558 -0.437078233 0.00288665255 0 0 0
volume_proxy 391 -1.41654931 0.753170502 -0.00568684338 0 0 0
volume_proxy 392 -0.207487917 0.876224497 0.00595615414 0 0 0
volume_proxy 393 1.49916877 -0.216765905 -0.00506112289 0 0 0
volume_proxy 394 -0.293785371 0.692197986 0.00919541822 0 0 0
volume_proxy 395 -0.414089889 -0.918378825 -0.00718032085 0 0 0
volume_proxy 396 -0.638351153 0.750075301 0.00635562558 0 0 0
volume_proxy 397 0.867143387 0.188568167 9.60043243e-05 0 0 0
volume_proxy 398 -1.45244393 -0.111932447 -0.00726791821 0 0 0
volume_proxy 399 0.518160409 -0.957996956 0.00453291248 0 0 0
volume_proxy 400 -0.306974321 -0.611742354 0.0080275643 0 0 0
volume_proxy 401 0.369341231 0.227339857 -0.0031260389 0 0 0
volume_proxy 402 -0.829872108 -0.449757978 -0.00287739013 0 0 0
volume_proxy 404 0.0632259459 -0.758343839 -0.0101694526 0 0 0
volume_proxy 405 1.16425491 -0.331788333 0.00820161785 0 0 0
volume_proxy 406 1.00229278 -0.0669064711 0.00988459755 0 0 0
volume_proxy 407 0.9532129 -0.732906024 0.0102003368 0 0 0
volume_proxy 408 0.514965919 -0.942513167 -0.00350241142 0 0 0
volume_proxy 409 -0.0856061341 -0.674613992 -0.00154274331 0 0 0
volume_proxy 410 1.18941819 0.890393339 -0.0067589519 0 0 0
volume_proxy 411 -0.144228616 0.23983599 0.00669127556 0 0 0
volume_proxy 412 1.01482486 0.353630147 0.00471001135 0 0 0
volume_proxy 413 0.127163307 0.358676684 -0.00077227575 0 0 0
volume_proxy 414 1.2570231 0.572904706 0.00176398372 0 0 0
volume_proxy 415 -1.20604552 -0.748076427 0.00011162888 0 0 0
volume_proxy 416 -0.532429915 0.189708641 -0.00887445983 0 0 0
volume_proxy 417 -1.15505747 0.585300772 0.00572332145 0 0 0
volume_proxy 418 0.0990549378 -0.115118918 0.00167621048 0 0 0
volume_proxy 419 -1.44217668 -0.382236478 0.0083075023 0 0 0
volume_proxy 420 1.1701748 -0.850816317 0.00311818916 0 0 0
volume_proxy 421 -0.228616919 -0.57902064 -0.0100833382 0 0 0
volume_proxy 422 -0.210917792 0.471923814 0.00228258792 0 0 0
volume_proxy 423 1.01748378 0.884799429 -0.00500082882 0 0 0
volume_proxy 424 1.19487094 0.859105858 0.00406394511 0 0 0
volume_proxy 425 0.511060645 -0.413452136 -0.00204844957 0 0 0
volume_proxy 426 -0.591657059 0.852024153 -0.000432793158 0 0 0
volume_proxy 427 1.46133486 0.0967198755 0.00675386187 0 0 0
volume_proxy 428 -1.25853856 -0.91698266 -0.000805989729 0 0 0
volume_proxy 429 -0.761246866 0.0688526555 0.00198968075 0 0 0
volume_proxy 430 0.739683705 0.509833363 0.0044941285 0 0 0
volume_proxy 431 -1.37860114 -0.833074548 0.00679761723 0 0 0
volume_proxy 432 -1.05268354 0.336724836 0.00370815061 0 0 0
volume_proxy 433 -1.38855986 0.866810184 0.00208136888 0 0 0
volume_proxy 434 -0.71544335 -0.936278149 0.0052204767 0 0 0
volume_proxy 435 -1.17115451 -0.883761418 -0.0105483242 0 0 0
volume_proxy 436 0.678233861 -0.123900903 -0.00471327037 0 0 0
volume_proxy 437 -0.0322351758 0.206254614 -0.00388831189 0 0 0
volume_proxy 438 -0.185439182 -0.0127874733 -0.00632316202 0 0 0
volume_proxy 439 -0.647157526 0.269846192 0.00532675307 0 0 0
volume_proxy 440 0.16523916 -0.934838179 0.00988918317 0 0 0
volume_proxy 442 -1.07582527 -0.76146556 -0.002357531 0 0 0
volume_proxy 443 1.09647824 -0.499521807 -0.00631889851 0 0 0
volume_proxy 444 0.794916014 -0.938491411 -0.0090886531 0 0 0
volume_proxy 445 -1.4756622 -0.564716347 -0.00262598019 0 0 0
volume_proxy 448 -0.507361281 0.421750298 -0.000752495238 0 0 0
volume_proxy 450 1.26482906 0.694730583 -0.0045634021 0 0 0
volume_proxy 451 0.260024463 -0.461583225 0.00304522814 0 0 0
volume_proxy 452 -0.0810986949 0.782726065 -0.00375996545 0 0 0
volume_proxy 453 -1.48444042 0.612471292 -0.0105758296 0 0 0
volume_proxy 455 1.39941111 0.468881828 -0.00804318013 0 0 0
volume_proxy 456 0.266433477 -0.752312574 0.0027528445 0 0 0
volume_proxy 457 -1.37414332 0.251707996 -0.00470603639 0 0 0
volume_proxy 458 0.153605606 0.234719603 -0.00982433517 0 0 0
volume_proxy 459 -0.988368046 0.435460878 -0.00833582299 0 0 0
volume_proxy 460 0.0529954979 -0.248564672 0.00343346528 0 0 0
volume_proxy 461 1.29885689 0.269822412 -0.00802885345 0 0 0
volume_proxy 462 -0.640617432 -0.646516227 -0.00744821679 0 0 0
volume_proxy 463 0.810276092 -0.72930625 0.00423285985 0 0 0
volume_proxy 465 -0.212248502 0.877037519 0.000740519367 0 0 0
volume_proxy 466 1.02718197 -0.632620738 0.00756736088 0 0 0
volume_proxy 468 0.644786442 0.370665932 -0.00539644616 0 0 0
volume_proxy 469 1.4777447 -0.704341949 -0.0103481235 0 0 0
volume_proxy 470 1.12223599 0.697921478 0.00184927386 0 0 0
volume_proxy 471 0.288646985 -0.777051653 -0.00350881466 0 0 0
volume_proxy 472 0.779012561 0.490970459 -0.000118276545 0 0 0
volume_proxy 473 1.49545073 0.0519555143 0.00479299811 0 0 0
volume_proxy 474 -0.214101779 -0.868076958 0.00880902799 0 0 0
volume_proxy 475 -0.54668362 0.325752569 0.00218359954 0 0 0
volume_proxy 476 1.48057591 0.413850926 0.00104941613 0 0 0
volume_proxy 477 0.180283751 -0.853424664 -0.0087715506 0 0 0
volume_proxy 478 1.15129583 0.114345592 0.0058716484 0 0 0
volume_proxy 479 0.664035117 0.767311784 -0.00711868541 0 0 0
volume_proxy 480 0.437373285 0.362123804 -0.000886930213 0 0 0
volume_proxy 481 0.0771915374 -0.617825456 0.00617313341 0 0 0
volume_proxy 482 -0.331144954 -0.23867865 -0.00485906084 0 0 0
volume_proxy 483 -0.0564403019 0.439250334 0.0021155554 0 0 0
volume_proxy 484 0.237868386 -0.529292601 -0.00551004604 0 0 0
volume_proxy 485 -0.355390862 -0.737219161 0.00450923717 0 0 0
volume_proxy 486 -1.04969914 -0.27656225 -0.00717276783 0 0 0
volume_proxy 487 -0.0965825734 0.561038985 0.00165765772 0 0 0
volume_proxy 488 -0.661631263 -0.96374171 0.0010049791 0 0 0
volume_proxy 489 -1.1023268 -0.546960152 0.00303152115 0 0 0
volume_proxy 490 -0.148139587 0.940229078 -0.00984400998 0 0 0
volume_proxy 491 0.064476436 -0.615997762 0.00887799253 0 0 0
volume_proxy 492 1.28326391 -0.877161066 -0.00460846859 0 0 0
volume_proxy 493 -1.3235556 -0.576355626 -0.0091009264 0 0 0
volume_proxy 494 -0.423186959 0.994550418 -0.00875948999 0 0 0
volume_proxy 495 -0.864858599 -0.199904862 -0.00557317576 0 0 0
volume_proxy 496 1.03809108 0.83119736 -0.00700888787 0 0 0
volume_proxy 497 -1.26458503 -0.954770341 0.0105645876 0 0 0
volume_proxy 499 1.14990637 -0.617978485 0.00205910325 0 0 0
volume_proxy 500 -0.921269826 -0.173131502 0.00595817877 0 0 0
volume_proxy 501 -1.39973229 0.867035036 -0.00622396312 0 0 0
volume_proxy 502 0.927987379 -0.573143523 -0.00616069827 0 0 0
volume_proxy 503 -0.404997691 0.493597948 -0.00279213097 0 0 0
volume_proxy 504 1.3461357 0.31199536 -0.00923694144 0 0 0
volume_proxy 505 0.553824697 -0.970888159 -0.0063076492 0 0 0
volume_proxy 506 0.836881001 -0.253605268 0.00239226138 0 0 0
volume_proxy 508 1.00333174 0.888168625 0.0107361443 0 0 0
volume_proxy 509 0.4016966 -0.780227496 -0.0090025915 0 0 0
volume_proxy 510 -0.322237897 -0.207707706 0.00330498734 0 0 0
volume_proxy 511 1.36748076 0.761699227 0.00217740822 0 0 0
volume_proxy 512 0.243060852 -0.398467177 -0.00308630905 0 0 0
volume_proxy 513 0.174277422 -0.485878877 -0.00639344881 0 0 0
volume_proxy 514 -0.468599671 0.216910075 0.00995765642 0 0 0
volume_proxy 518 1.37194073 -0.434808831 -0.00205182425 0 0 0
volume_proxy 519 -1.06813873 0.77757546 0.00709170884 0 0 0
volume_proxy 520 0.478921311 0.622492437 -0.00743785759 0 0 0
volume_proxy 521 0.417074675 0.794408773 0.00439125213 0 0 0
volume_proxy 522 1.16766302 -0.743482158 0.00928061073 0 0 0
volume_proxy 523 -0.241536772 0.200845162 -0.00965910924 0 0 0
volume_proxy 525 -0.0813556567 0.509902375 0.0090002335 0 0 0
volume_proxy 526 0.953454623 0.508326832 0.00913948253 0 0 0
volume_proxy 527 -0.515448447 -0.129149973 0.00434711996 0 0 0
volume_proxy 529 0.51638482 -0.865688242 0.00124886211 0 0 0
volume_proxy 530 0.278607901 0.381754867 -0.00666040311 0 0 0
volume_proxy 531 0.256953474 0.401061997 -0.00762593046 0 0 0
volume_proxy 532 -0.900809032 0.546545193 -0.000875450791 0 0 0
volume_proxy 533 -1.01359579 -0.260262154 0.00330963694 0 0 0
volume_proxy 534 -0.71708187 -0.859031842 -0.00859393262 0 0 0
volume_proxy 535 1.09039194 0.175446095 -0.0056044399 0 0 0
volume_proxy 536 -1.10330676 -0.72909004 3.22313403e-05 0 0 0
volume_proxy 537 -0.980859603 -0.026762039 0.00687852217 0 0 0
volume_proxy 538 -0.909579781 0.597908132 -0.00551967604 0 0 0
volume_proxy 539 -0.203309593 -0.291454255 0.00584239417 0 0 0
volume_proxy 540 0.206944506 -0.915841865 0.0015997908 0 0 0
volume_proxy 541 1.46828829 -0.592029532 -0.00430054099 0 0 0
volume_proxy 542 1.12279199 0.402886841 -0.00875885942 0 0 0
volume_proxy 543 -0.945957579 -0.887469517 -0.0106352312 0 0 0
volume_proxy 544 0.46787009 0.62068101 0.0102965428 0 0 0
volume_proxy 545 -1.24521666 0.559570372 0.00281204209 0 0 0
volume_proxy 546 -1.22286551 -0.780029211 0.00354422145 0 0 0
volume_proxy 547 1.09446902 0.577303436 -0.00519844635 0 0 0
volume_proxy 548 0.951321901 -0.72642763 -0.00381302385 0 0 0
volume_proxy 549 0.326688207 -0.747350871 -0.00430800659 0 0 0
volume_proxy 550 0.108579683 0.0169762783 0.0078193276 0 0 0
volume_proxy 552 -0.391084564 -0.730492305 -0.00882539393 0 0 0
volume_proxy 553 0.935817201 -0.351295755 0.00871857855 0 0 0
volume_proxy 554 0.197151223 -0.610609092 0.000519841118 0 0 0
volume_proxy 555 1.31541157 0.293297302 0.000999827937 0 0 0
volume_proxy 556 0.750936197 0.996415344 -0.00942617573 0 0 0
volume_proxy 557 -0.463804767 -0.346571692 0.00471089553 0 0 0
volume_proxy 558 0.712008814 -0.852521364 0.00597291265 0 0 0
volume_proxy 559 1.43253604 0.643087604 0.00451409544 0 0 0
volume_proxy 560 0.679393864 0.558779063 -0.00538608498 0 0 0
volume_proxy 561 1.08134375 0.945984128 0.00630014542 0 0 0
volume_proxy 562 -0.720285792 0.663306988 0.00882774303 0 0 0
volume_proxy 563 -1.01630285 0.964818368 0.00158668816 0 0 0
volume_proxy 564 -1.16882136 0.505790841 -8.36297433e-06 0 0 0
volume_proxy 565 -0.644257506 0.0613993184 0.00695260619 0 0 0
volume_proxy 566 1.104642 -0.518896622 0.00786048782 0 0 0
volume_proxy 567 -1.05344771 0.17528073 -0.00982655163 0 0 0
volume_proxy 568 -0.302884238 0.329580757 0.00361421773 0 0 0
volume_proxy 569 -1.4421653 0.942365048 0.00574833675 0 0 0
volume_proxy 570 1.45429187 -0.321155729 -0.0100170777 0 0 0
volume_proxy 571 1.02139824 0.953882206 -0.00156989824 0 0 0
volume_proxy 572 0.216911044 -0.721856165 -0.000897051088 0 0 0
volume_proxy 574 -0.0662141264 -0.64278221 0.00536908123 0 0 0
volume_proxy 575 -1.4474795 0.55216409 -0.00826158568 0 0 0
volume_proxy 576 -0.222759386 0.652462898 -0.00315932234 0 0 0
volume_proxy 577 -1.02782443 0.801240555 -0.00262723051 0 0 0
volume_proxy 578 -0.884590277 0.583977096 0.00172067699 0 0 0
volume_proxy 579 -1.01838836 0.900710487 -0.00668464305 0 0 0
volume_proxy 581 0.631293426 0.829916759 -0.00753284314 0 0 0
volume_proxy 582 1.13798556 -0.433726428 -0.00869463123 0 0 0
volume_proxy 583 0.187906268 -0.922198451 -0.004764525 0 0 0
volume_proxy 584 -1.02682906 0.246419585 -0.00573541591 0 0 0
volume_proxy 585 0.349628938 -0.562222656 0.00429938346 0 0 0
volume_proxy 586 0.89962693 0.520994781 -0.00587644299 0 0 0
volume_proxy 587 1.49857427 0.0868846151 -0.00359830798 0 0 0
volume_proxy 588 -1.35876543 0.948619469 0.00148191503 0 0 0
volume_proxy 589 -1.20682537 0.27215161 -0.00392093311 0 0 0
volume_proxy 590 1.31179398 0.143653252 -0.000662809705 0 0 0
volume_proxy 591 -0.321062182 -0.538009638 -0.00775600918 0 0 0
volume_proxy 592 0.716489991 -0.943390863 0.00842263071 0 0 0
volume_proxy 593 1.1360398 -0.511435583 0.00169859227 0 0 0
volume_proxy 594 -1.03571101 -0.481535781 0.009665331 0 0 0
volume_proxy 595 1.0433204 0.890995177 0.00331635338 0 0 0
volume_proxy 596 -1.19955519 0.150647724 -0.0107563713 0 0 0
volume_proxy 598 -1.34392055 0.23309521 -0.00912661966 0 0 0
volume_proxy 599 1.34690765 -0.929027556 0.00893852357 0 0 0
volume_proxy 600 0.834328052 0.996141261 0.0100698577 0 0 0
volume_proxy 601 1.32478012 -0.786453225 0.00294990974 0 0 0
volume_proxy 602 -0.274657533 -0.551041297 -0.00298895178 0 0 0
volume_proxy 603 0.00145504894 -0.42375998 -0.00873993859 0 0 0
volume_proxy 604 -0.556578254 0.436280681 0.00498565269 0 0 0
volume_proxy 605 0.961695931 0.570463086 0.00214190791 0 0 0
volume_proxy 606 -0.502232913 0.701549438 -0.0022365297 0 0 0
volume_proxy 607 0.931197034 -0.250978393 -0.00568114639 0 0 0
volume_proxy 608 -0.266295978 -0.923941965 -0.00800887436 0 0 0
volume_proxy 609 -0.153611066 -0.91670046 0.0107959785 0 0 0
volume_proxy 610 -1.2585834 -0.0553555823 0.00932176484 0 0 0
volume_proxy 611 0.0671560332 0.719743249 0.00063448295 0 0 0
volume_proxy 612 -0.25419937 -0.120723703 0.00439643829 0 0 0
volume_proxy 613 -1.14989922 -0.874375823 0.00434667859 0 0 0
volume_proxy 614 -0.685057556 -0.263526061 0.00616753019 0 0 0
volume_proxy 615 1.29807605 -0.997229421 -0.00394335904 0 0 0
volume_proxy 616 1.39949766 -0.266593839 -0.00799926847 0 0 0
volume_proxy 617 -0.936102678 -0.795056882 0.00836929014 0 0 0
volume_proxy 618 0.669196169 0.405833608 -0.00438952424 0 0 0
volume_proxy 619 -0.307618601 -0.819512136 0.000630423889 0 0 0
volume_proxy 620 -0.227296175 -0.174501726 0.0103383587 0 0 0
volume_proxy 621 0.15045421 -0.513250361 -0.0105318067 0 0 0
volume_proxy 623 -1.16953247 0.0290984287 -0.000532953651 0 0 0
volume_proxy 624 0.450391845 0.82127821 0.000631996669 0 0 0
volume_proxy 625 -1.44624298 -0.210587535 0.00643636221 0 0 0
volume_proxy 626 0.645750328 0.3768648 -0.00650118806 0 0 0
volume_proxy 627 0.620563256 -0.311071533 -0.00816975522 0 0 0
volume_proxy 628 0.0368329717 -0.273401954 0.00323865362 0 0 0
volume_proxy 629 -1.36402354 0.652228072 0.0061753357 0 0 0
volume_proxy 630 -0.876094788 -0.597220196 -0.00250292322 0 0 0
volume_proxy 631 -1.40633942 -0.173430004 0.0105197617 0 0 0
volume_proxy 632 -0.0108579585 0.220114278 -0.00832778753 0 0 0
volume_proxy 633 0.088311414 -0.306600752 -0.00241271004 0 0 0
volume_proxy 634 -1.09437303 -0.197785302 0.00272663234 0 0 0
volume_proxy 635 0.638518712 -0.165818309 -0.0042536451 0 0 0
volume_proxy 636 1.35739882 -0.385804049 0.00626801284 0 0 0
volume_proxy 637 -0.925652667 -0.771685961 -0.00426634758 0 0 0
volume_proxy 638 -0.911622219 0.654505997 -0.00477582098 0 0 0
volume_proxy 639 -0.822646353 0.160411549 0.00529505971 0 0 0
volume_proxy 640 -1.11851852 -0.798037162 0.000311794943 0 0 0
volume_proxy 641 -0.699492167 -0.63699457 -0.00773346128 0 0 0
volume_proxy 642 1.15962744 -0.384035265 -0.00802449709 0 0 0
volume_proxy 643 0.145074389 -0.711935866 8.50554027e-05 0 0 0
volume_proxy 644 -0.40915307 0.699897467 -0.000355690526 0 0 0
volume_proxy 645 -0.507269169 0.434895188 -0.00447028205 0 0 0
volume_proxy 646 1.11052045 -0.66129363 -0.00553213712 0 0 0
volume_proxy 647 -0.248055782 0.401806515 0.00262055919 0 0 0
volume_proxy 649 -0.833191448 -0.822804361 0.0058933986 0 0 0
volume_proxy 650 0.687880828 -0.296556063 0.0101718966 0 0 0
volume_proxy 652 0.282755263 -0.0974688261 0.00735492351 0 0 0
volume_proxy 654 1.20679132 -0.768127157 0.00560017503 0 0 0
volume_proxy 655 -0.735332659 0.426423956 -0.00423927837 0 0 0
volume_proxy 656 0.307531928 -0.464371476 0.0069550631 0 0 0
volume_proxy 657 -0.433246059 -0.0368262461 -0.0106159545 0 0 0
volume_proxy 658 -1.48306866 0.908658127 0.00998333401 0 0 0
volume_proxy 659 -0.605848585 -0.700283298 -0.0103708855 0 0 0
volume_proxy 660 1.18622763 0.76608565 0.00765057903 0 0 0
volume_proxy 663 0.350160797 -0.501098579 -0.00097701198 0 0 0
volume_proxy 664 1.1553521 -0.608571432 -0.00283199527 0 0 0
volume_proxy 665 -0.867539586 -0.786817235 -0.00915462702 0 0 0
volume_proxy 666 -0.1265399 -0.0181708004 0.00913620446 0 0 0
volume_proxy 667 0.736405321 0.677294792 0.000837954637 0 0 0
volume_proxy 668 -0.803697335 0.950442797 0.00377397764 0 0 0
volume_proxy 669 1.12587514 -0.257628596 0.00326982935 0 0 0
volume_proxy 671 1.39738799 -0.495040633 0.0105079615 0 0 0
volume_proxy 672 -0.3003938 -0.446066735 -0.0103925868 0 0 0
volume_proxy 673 -0.891600939 0.149963438 -0.00486175 0 0 0
volume_proxy 674 -1.2575973 -0.99502948 -0.00643316676 0 0 0
volume_proxy 675 -0.910147386 0.466505237 0.00708383939 0 0 0
volume_proxy 676 0.729062683 0.649415064 -0.000474245378 0 0 0
volume_proxy 677 0.160770106 0.801807028 0.0065892317 0 0 0
volume_proxy 678 -0.698191063 -0.162001543 -0.00308243388 0 0 0
volume_proxy 679 0.00178823368 0.200529652 0.000558302591 0 0 0
volume_proxy 680 1.25255297 0.0438509558 0.00668923169 0 0 0
volume_proxy 682 -0.214133778 0.950423611 -0.00685273326 0 0 0
volume_proxy 683 0.25903853 0.601922994 0.00873219096 0 0 0
volume_proxy 684 -0.854367486 0.712726272 -0.0095599404 0 0 0
volume_proxy 685 0.163898138 -0.768101999 0.00913871304 0 0 0
volume_proxy 686 0.135604684 -0.3341128 -0.00881286102 0 0 0
volume_proxy 687 1.06914093 0.78513344 0.00255452318 0 0 0
volume_proxy 688 -0.725648949 0.266937507 -0.00316423978 0 0 0
volume_proxy 689 0.279916933 0.927490146 0.00117193042 0 0 0
volume_proxy 690 -0.539878341 0.873962924 -0.00586244858 0 0 0
volume_proxy 691 1.17406216 -0.0557016719 -0.00167249084 0 0 0
volume_proxy 692 -1.49922668 -0.463835902 0.00988455147 0 0 0
volume_proxy 693 0.298362058 0.0275020388 -0.00708332275 0 0 0
volume_proxy 694 -0.532538977 -0.120867366 0.00336404613 0 0 0
volume_proxy 695 1.17701939 -0.716630287 -0.00560371863 0 0 0
volume_proxy 696 0.784873832 -0.420996581 0.00541377998 0 0 0
volume_proxy 697 0.223852599 0.278271582 0.00886332424 0 0 0
volume_proxy 698 -0.0139899105 0.771013681 -0.000888247305 0 0 0
volume_proxy 699 0.299426344 0.68333322 0.00143037911 0 0 0
volume_proxy 700 0.526285233 -0.105884537 0.00263621581 0 0 0
volume_proxy 701 -1.04614247 0.857282518 0.00602023335 0 0 0
volume_proxy 702 0.207828673 0.156596602 -0.00902932628 0 0 0
volume_proxy 703 -1.39089398 -0.706235391 0.004947099 0 0 0
volume_proxy 704 1.20507917 -0.058941034 0.00949040554 0 0 0
volume_proxy 705 0.0230477883 -0.634919155 -0.0060429598 0 0 0
volume_proxy 706 -0.752184877 0.330570598 -0.00988059172 0 0 0
volume_proxy 707 -0.766137328 0.785935764 -0.00266389092 0 0 0
volume_proxy 708 -1.44235573 0.448663449 0.00563659467 0 0 0
volume_proxy 709 0.670117625 0.911229519 -0.00410752126 0 0 0
volume_proxy 710 0.10570682 0.722334978 -0.00893354158 0 0 0
volume_proxy 711 0.365348853 0.337080602 -0.00984070569 0 0 0
volume_proxy 712 0.39037827 -0.511603453 -0.00738044917 0 0 0
volume_proxy 713 -0.806884908 0.482873848 0.0084399996 0 0 0
volume_proxy 714 1.48543299 -0.352839047 0.000182480311 0 0 0
volume_proxy 715 -1.29471963 0.204370239 -0.00970377557 0 0 0
volume_proxy 716 0.117787617 0.909275289 -0.00509499073 0 0 0
volume_proxy 717 0.729912762 -0.163044334 0.0103437534 0 0 0
volume_proxy 718 -0.266861815 0.142343945 -0.00107183362 0 0 0
volume_proxy 719 -1.40066635 0.258857921 0.000299566809 0 0 0
volume_proxy 720 1.4641599 0.726431608 0.00324190899 0 0 0
volume_proxy 721 -0.938014666 -0.539158991 0.00723712279 0 0 0
volume_proxy 722 0.393925828 0.914438163 -0.00884800942 0 0 0
volume_proxy 723 -0.519200797 0.0883347738 -0.00887605398 0 0 0
volume_proxy 725 -0.992741477 -0.616385702 0.00390546596 0 0 0
volume_proxy 726 -0.334216739 0.0496379952 0.00416758576 0 0 0
volume_proxy 727 -0.853412946 -0.819884135 -0.00640780886 0 0 0
