volume_proxy 0 1.47301701 -0.0439772621 -0.00159191164 0 0 0
volume_proxy 5 0.539583562 -0.0213098617 -0.00767593533 0 0 0
volume_proxy 6 0.407494405 -0.355316813 0.00377498725 0 0 0
volume_proxy 11 1.07666202 0.390371865 -0.00168269617 0 0 0
volume_proxy 12 1.13307163 -0.374257534 0.00462249101 0 0 0
volume_proxy 14 -0.0440850823 -0.336246699 0.00597022631 0 0 0
volume_proxy 23 0.0563298713 -0.067475648 0.00979208956 0 0 0
volume_proxy 38 0.676908537 0.0126653097 -0.00724416542 0 0 0
volume_proxy 40 0.277930276 -0.973887333 0.00488218944 0 0 0
volume_proxy 50 -0.373909815 -0.243724596 0.0092869071 0 0 0
volume_proxy 53 -0.130781214 0.0252912322 -0.00438508338 0 0 0
volume_proxy 58 1.28065395 -0.507661002 -0.0043465827 0 0 0
volume_proxy 60 0.551486608 0.540618777 -0.00379128172 0 0 0
volume_proxy 61 0.216785643 -0.721197253 0.00678379915 0 0 0
volume_proxy 72 0.429199442 -0.168905705 -0.00364251914 0 0 0
volume_proxy 85 -0.972837969 -0.163308303 0.00541291286 0 0 0
volume_proxy 88 -0.711143378 -0.28999088 0.00432320831 0 0 0
volume_proxy 97 1.30859667 -0.329747575 0.00372878859 0 0 0
volume_proxy 101 -1.1443086 0.761516119 -0.00534020267 0 0 0
volume_proxy 105 0.347200521 -0.287987056 0.00323994725 0 0 0
volume_proxy 107 1.23811548 0.117487457 -0.0099738043 0 0 0
volume_proxy 108 1.097117 0.597749109 -0.00209808864 0 0 0
volume_proxy 127 -0.859578388 0.980011603 0.000727571846 0 0 0
volume_proxy 130 1.49262249 0.473278592 -0.00629107761 0 0 0
volume_proxy 140 -0.528825248 0.207806239 -0.00441201784 0 0 0
volume_proxy 157 0.730009745 -0.326081798 -0.0077110383 0 0 0
volume_proxy 159 0.139851565 -0.191670251 -0.00122772648 0 0 0
volume_proxy 161 0.309606725 0.0858718636 0.00747862427 0 0 0
volume_proxy 176 0.58718637 -0.741373156 -0.00451021811 0 0 0
volume_proxy 186 0.414747596 0.264749483 -0.00612743448 0 0 0
volume_proxy 189 -1.30023657 0.341362649 0.0065993827 0 0 0
volume_proxy 195 0.149262033 -0.314122474 -0.010795376 0 0 0
volume_proxy 196 0.199988945 0.256417728 -0.00317717453 0 0 0
volume_proxy 200 -0.267999548 -0.736748546 0.00383358027 0 0 0
volume_proxy 202 -1.41664241 0.603630899 -0.00384885192 0 0 0
volume_proxy 209 -0.708820652 0.175196194 -0.00803616453 0 0 0
volume_proxy 210 -0.446557159 0.297177596 0.00757953709 0 0 0
volume_proxy 226 -0.307193355 0.0599662857 -0.0044110637 0 0 0
volume_proxy 236 0.291577388 0.44610315 -0.00433950356 0 0 0
volume_proxy 244 1.15569462 0.578168128 0.0042887477 0 0 0
volume_proxy 247 1.07940099 0.360184451 0.00163850026 0 0 0
volume_proxy 256 -0.204143069 0.380001307 0.0102368269 0 0 0
volume_proxy 259 0.095376707 -0.560734704 0.00727636415 0 0 0
volume_proxy 269 -0.156006096 -0.220131268 -0.00242173624 0 0 0
volume_proxy 276 1.27692452 -0.801455133 -0.0104963227 0 0 0
volume_proxy 277 -0.545528497 -0.361666155 -0.00065654064 0 0 0
volume_proxy 294 -0.0260029356 0.113218005 -0.00955207713 0 0 0
volume_proxy 296 -0.218672627 -0.289126272 0.00253320288 0 0 0
volume_proxy 298 1.44143248 -0.593794316 0.00166606775 0 0 0
volume_proxy 305 0.50253554 0.00248416978 -0.00291040447 0 0 0
volume_proxy 310 1.12816926 0.341622567 0.00562413432 0 0 0
volume_proxy 311 1.0211599 -0.777537987 0.00832249351 0 0 0
volume_proxy 329 -0.761434538 -0.115388902 -3.20752192e-05 0 0 0
volume_proxy 337 -0.699816263 0.596541386 0.0040372162 0 0 0
volume_proxy 344 -0.351297064 0.234624562 -0.00367334906 0 0 0
volume_proxy 347 -0.377086338 -0.894118565 0.0016943897 0 0 0
volume_proxy 349 0.230661344 -0.282166018 -0.00854549847 0 0 0
volume_proxy 356 0.458046583 0.320011196 -0.00634567153 0 0 0
volume_proxy 375 1.21904472 -0.41006088 0.00108836033 0 0 0
volume_proxy 388 -1.15840458 0.948588481 -0.00184788351 0 0 0
volume_proxy 409 0.432883426 -0.903138825 0.00246489113 0 0 0
volume_proxy 431 -1.35248677 -0.80731976 0.00365266701 0 0 0
volume_proxy 518 0.864864189 0.814566368 0.00103436985 0 0 0
volume_proxy 682 -0.139861248 -0.993561092 0.00611578594 0 0 0
volume_proxy 802 1.02971343 -0.802480332 -0.00396274397 0 0 0
volume_proxy 876 0.355017891 -0.658202076 0.00514926408 0 0 0
volume_proxy 904 -0.228718617 0.484011631 0.00557520785 0 0 0
volume_proxy 914 0.184022019 -0.971293947 0.0099735584 0 0 0
volume_proxy 929 -0.960902365 -0.783093589 -0.00245220094 0 0 0
volume_proxy 1020 -1.32951955 0.85858254 -0.0104034453 0 0 0
volume_proxy 1021 -0.1840072 -0.989860174 -0.00151418956 0 0 0
volume_proxy 1052 0.381316569 -0.381947602 0.0106619788 0 0 0
volume_proxy 1066 0.955680264 0.451687469 -0.00222309579 0 0 0
volume_proxy 1093 0.0173423392 -0.068328951 0.00827227332 0 0 0
volume_proxy 1118 0.149635418 -0.495029894 -0.00153651237 0 0 0
volume_proxy 1120 -0.515638733 0.838664323 0.00800768362 0 0 0
volume_proxy 1133 1.23802986 -0.859252401 -0.0105845733 0 0 0
volume_proxy 1138 1.36943897 -0.710046429 -0.00241144317 0 0 0
volume_proxy 1166 -0.647049231 0.417268113 -0.00576312368 0 0 0
volume_proxy 1169 1.32194326 -0.943446416 0.00390355859 0 0 0
volume_proxy 1172 -0.323779259 0.831798522 -0.002519491 0 0 0
volume_proxy 1180 -1.4540594 -0.272267478 -0.0088972103 0 0 0
volume_proxy 1186 -0.667490173 -0.887656915 0.00636171041 0 0 0
volume_proxy 1193 -0.838684151 -0.394226958 -0.0052205271 0 0 0
volume_proxy 1209 -1.46310027 0.571710348 -0.00150785909 0 0 0
volume_proxy 1210 -1.01163865 0.763012931 -0.00194885169 0 0 0
volume_proxy 1217 -0.531832168 0.426321283 0.00557709655 0 0 0
volume_proxy 1219 -0.934223732 0.600248078 -0.00452408415 0 0 0
volume_proxy 1225 0.0827088224 -0.426461211 0.000764058309 0 0 0
volume_proxy 1230 0.882010997 -0.329688653 -0.00781919443 0 0 0
volume_proxy 1237 0.0488498015 0.937100567 -0.00110030199 0 0 0
volume_proxy 1238 0.674400572 0.569968589 0.00260865691 0 0 0
volume_proxy 1245 -1.30765284 0.756930502 1.6638041e-05 0 0 0
volume_proxy 1255 1.36657136 -0.626671068 0.00105050306 0 0 0
volume_proxy 1259 -1.2021111 0.781882048 0.009508921 0 0 0
volume_proxy 1270 0.300600163 -0.0729284984 -0.00775191171 0 0 0
volume_proxy 1280 -1.29313693 0.514776222 0.00428498359 0 0 0
volume_proxy 1285 -1.45826571 0.678673618 -0.00855188499 0 0 0
volume_proxy 1292 0.347541959 0.180017013 -0.00140949838 0 0 0
volume_proxy 1293 0.239493671 -0.872522205 0.00701320387 0 0 0
volume_proxy 1295 -1.4973467 0.723121612 -0.00180658147 0 0 0
volume_proxy 1296 -0.0504718244 -0.103663645 0.00418646752 0 0 0
volume_proxy 1297 -0.0606347513 -0.86650346 -0.00449862033 0 0 0
volume_proxy 1301 -0.493113773 0.525020574 -0.00469223552 0 0 0
volume_proxy 1308 -0.40230986 0.824978542 0.0091182778 0 0 0
volume_proxy 1315 -1.09881717 -0.799538221 -0.00416531266 0 0 0
volume_proxy 1318 0.910803901 -0.445267702 -0.00537240477 0 0 0
volume_proxy 1325 -1.08891001 -0.408948574 -0.00110826309 0 0 0
volume_proxy 1326 0.142849479 -0.419654916 0.00853791781 0 0 0
volume_proxy 1334 -1.04334358 -0.539767749 0.0101991235 0 0 0
volume_proxy 1335 0.263341496 -0.569000385 -0.00825690265 0 0 0
volume_proxy 1340 0.640070624 0.642099876 0.00239187274 0 0 0
volume_proxy 1345 0.229730234 -0.94731719 -0.00131206657 0 0 0
volume_proxy 1347 -0.175043452 0.713346263 -0.0105290701 0 0 0
volume_proxy 1348 1.43508501 -0.811165498 0.00890747628 0 0 0
volume_proxy 1354 -0.44237445 -0.0985446584 0.000619613725 0 0 0
volume_proxy 1357 -1.15779948 0.153673748 -0.0103203232 0 0 0
volume_proxy 1358 -0.0968610908 -0.00819144947 0.00439526668 0 0 0
volume_proxy 1361 1.26581634 0.772556089 -0.00714582524 0 0 0
volume_proxy 1366 1.33827974 0.867159806 0.000791383722 0 0 0
volume_proxy 1367 -0.925180139 -0.558281454 0.00480679889 0 0 0
volume_proxy 1379 0.54303458 0.414995296 0.0057016782 0 0 0
volume_proxy 1380 -0.580071088 0.550181421 0.0103565337 0 0 0
volume_proxy 1381 0.775746874 0.578245948 -0.00971028665 0 0 0
volume_proxy 1383 -1.26610965 0.400088141 0.00757849892 0 0 0
volume_proxy 1384 0.181139223 0.0219343815 0.0106131529 0 0 0
volume_proxy 1385 0.881212006 0.641976469 -0.00685351815 0 0 0
volume_proxy 1386 0.847633528 0.748997594 0.0101545046 0 0 0
volume_proxy 1388 0.406399853 0.401358297 -0.00116167367 0 0 0
volume_proxy 1389 -0.151914738 0.593682187 -0.00368808418 0 0 0
volume_proxy 1390 -1.36596895 0.702811586 0.00665902421 0 0 0
volume_proxy 1392 -0.0552083125 -0.964976187 0.0105331498 0 0 0
volume_proxy 1395 0.949910317 0.00773949657 0.00078024121 0 0 0
volume_proxy 1397 0.0126026521 0.561219605 0.0104168444 0 0 0
volume_proxy 1398 -0.96864344 0.553236244 0.00668970528 0 0 0
volume_proxy 1403 0.573508807 0.288177914 -0.0015366986 0 0 0
volume_proxy 1405 0.602880019 0.475640658 0.0088741191 0 0 0
volume_proxy 1406 0.206143599 -0.674191021 0.00012348489 0 0 0
volume_proxy 1408 0.192976021 0.635576613 0.00906809105 0 0 0
volume_proxy 1409 1.08117568 0.453480474 0.00389674578 0 0 0
volume_proxy 1413 0.787451649 0.811823169 -0.000509567943 0 0 0
volume_proxy 1414 1.25436152 0.544735663 -0.00650231143 0 0 0
volume_proxy 1415 1.3735495 -0.170329912 -0.0093910232 0 0 0
volume_proxy 1418 -1.36688412 -0.0225037046 0.00137681045 0 0 0
volume_proxy 1419 -1.30061079 -0.855312123 0.00466178429 0 0 0
volume_proxy 1420 -1.37711821 -0.366866931 -0.000541579942 0 0 0
volume_proxy 1421 -1.1564374 0.0960388012 0.00128247966 0 0 0
volume_proxy 1422 0.676134466 -0.804618032 0.00244863346 0 0 0
volume_proxy 1423 -0.425179893 0.28563515 0.00542984805 0 0 0
volume_proxy 1425 -0.677977392 -0.63066252 -0.00900454749 0 0 0
volume_proxy 1426 0.590546335 -0.141123315 -0.00902487542 0 0 0
volume_proxy 1427 -0.422496135 -0.0848723118 -0.00354435012 0 0 0
volume_proxy 1428 0.068337065 0.849111701 -0.00215751836 0 0 0
volume_proxy 1429 1.20108921 -0.0209170279 0.0107149651 0 0 0
volume_proxy 1430 -0.744943541 -0.949510639 -0.0048120754 0 0 0
volume_proxy 1433 1.02657963 0.395770537 0.00054870162 0 0 0
volume_proxy 1434 0.41807915 -0.539595409 8.88746307e-05 0 0 0
volume_proxy 1435 -1.08875096 -0.777744825 -0.00964980718 0 0 0
volume_proxy 1436 -1.24401372 -0.978173118 -0.00485429988 0 0 0
volume_proxy 1437 -0.210928876 -0.133487737 0.00254819817 0 0 0
volume_proxy 1438 0.452072844 -0.8879065 -0.0100149741 0 0 0
volume_proxy 1439 -1.07808024 0.86552847 -0.0104995789 0 0 0
volume_proxy 1440 0.4235144 -0.752878952 0.00277709995 0 0 0
volume_proxy 1441 0.423666236 -0.708073734 0.00545964913 0 0 0
volume_proxy 1442 0.749032113 0.715297935 0.00861413735 0 0 0
