volume_proxy 0 0.573955439 -0.621480716 -0.00850431378 0 0 0
volume_proxy 6 -0.0409306802 0.772236464 0.00923079418 0 0 0
volume_proxy 11 1.42916017 0.866535349 0.00660271743 0 0 0
volume_proxy 12 1.22755201 -0.218728198 0.00211116191 0 0 0
volume_proxy 14 -1.43780253 0.502617514 0.000346703555 0 0 0
volume_proxy 23 0.323638904 -0.443708071 0.00839051655 0 0 0
volume_proxy 38 -1.10071217 -0.651872289 0.0101465742 0 0 0
volume_proxy 40 -0.819742123 0.218023807 0.00146431148 0 0 0
volume_proxy 50 -0.795627808 -0.446036502 -0.00204168259 0 0 0
volume_proxy 53 -1.16990114 0.87231969 -0.00467195303 0 0 0
volume_proxy 58 1.15886623 -0.868698286 -0.00741328869 0 0 0
volume_proxy 60 0.0270238746 0.884953185 0.00225008976 0 0 0
volume_proxy 85 -1.1673457 0.307798534 0.00545165556 0 0 0
volume_proxy 97 1.01745672 0.825728085 -0.00398151437 0 0 0
volume_proxy 107 0.808531296 0.0171852046 -0.0105817898 0 0 0
volume_proxy 127 -0.993960978 -0.897168917 -0.00166122217 0 0 0
volume_proxy 130 0.786439737 -0.397492452 -0.000383549726 0 0 0
volume_proxy 140 -0.734700218 0.736250573 -0.00134075894 0 0 0
volume_proxy 157 0.159640671 -0.862975748 0.0101784696 0 0 0
volume_proxy 159 1.32284247 0.908413922 -0.00685911929 0 0 0
volume_proxy 161 -0.770955298 0.397542 -0.00940075903 0 0 0
volume_proxy 176 1.35129501 0.249135953 -0.00602924584 0 0 0
volume_proxy 186 -1.13578293 -0.345660965 0.00569960001 0 0 0
volume_proxy 189 -0.442665266 -0.57109319 0.00113830743 0 0 0
volume_proxy 195 -1.46548988 -0.659670016 0.00564809429 0 0 0
volume_proxy 196 0.307660308 0.348440747 -0.00842556631 0 0 0
volume_proxy 200 -1.49806462 0.00726768585 -0.00927436843 0 0 0
volume_proxy 202 0.131580844 0.8805219 0.00297033865 0 0 0
volume_proxy 209 -0.944700415 0.28665704 0.00781685572 0 0 0
volume_proxy 210 -0.0468670875 0.948194987 0.005292828 0 0 0
volume_proxy 226 0.778882615 -0.935787572 0.0043160455 0 0 0
volume_proxy 236 0.978073475 -0.875915279 -0.00036004873 0 0 0
volume_proxy 247 1.49440775 0.767556969 -0.00351439783 0 0 0
volume_proxy 256 -0.933340293 0.867486229 0.00855327355 0 0 0
volume_proxy 259 0.809040615 0.300838216 -0.00390211311 0 0 0
volume_proxy 269 -1.21083554 -0.275153211 0.00877620758 0 0 0
volume_proxy 277 -0.279296697 -0.204098219 -0.00383937534 0 0 0
volume_proxy 296 -1.04130994 0.700613345 -0.00581932569 0 0 0
volume_proxy 305 0.666803902 -0.24088097 -0.00975687518 0 0 0
volume_proxy 310 0.416140634 0.190888152 -0.00707144461 0 0 0
volume_proxy 344 -1.33365425 -0.222188085 0.00164309441 0 0 0
volume_proxy 347 -0.796250003 0.474898189 0.00582312237 0 0 0
volume_proxy 356 -0.432879387 0.223268082 -0.00239139777 0 0 0
volume_proxy 375 0.760834116 -0.433273395 0.00354577605 0 0 0
volume_proxy 388 1.37137704 -0.197645391 0.00135187232 0 0 0
volume_proxy 802 0.987583796 0.561385577 -0.00550724038 0 0 0
volume_proxy 1052 -1.37749109 -0.572669401 -0.00472608605 0 0 0
volume_proxy 1066 0.156828476 0.627058592 0.00165082815 0 0 0
volume_proxy 1120 -0.741511107 0.41247622 -0.00624777201 0 0 0
volume_proxy 1166 -0.772491091 -0.554340251 -0.00867548738 0 0 0
volume_proxy 1193 -1.30182441 -0.467702581 0.00725909243 0 0 0
volume_proxy 1225 -1.17677904 -0.545120194 0.00125326074 0 0 0
volume_proxy 1245 -1.33006045 0.00222248919 0.00577638687 0 0 0
volume_proxy 1280 -0.447455237 0.851789828 -0.00692972737 0 0 0
volume_proxy 1285 -1.25173603 0.717362693 -0.00348899458 0 0 0
volume_proxy 1295 0.870924187 -0.192169502 0.00275521179 0 0 0
volume_proxy 1296 -0.033527445 -0.772204947 0.00426958876 0 0 0
volume_proxy 1340 0.684791454 0.640441647 0.00171959221 0 0 0
volume_proxy 1380 -0.887124529 -0.0816948782 0.00899677925 0 0 0
volume_proxy 1386 1.40812437 0.569269703 -0.00724534096 0 0 0
volume_proxy 1397 0.655081954 0.718095981 0.00292311005 0 0 0
volume_proxy 1409 -0.0864721842 0.485824197 0.0102092825 0 0 0
volume_proxy 1413 1.42361446 0.706429501 -0.000834256135 0 0 0
volume_proxy 1422 0.18428418 -0.641516348 -0.00544871652 0 0 0
volume_proxy 1433 1.05271176 0.534031519 -0.00550407748 0 0 0
volume_proxy 1437 0.0723216861 0.0182745347 -0.00402981576 0 0 0
volume_proxy 1459 -1.21020306 0.0277131422 -0.00795950152 0 0 0
volume_proxy 1460 0.216319798 0.913109148 -0.00575034692 0 0 0
volume_proxy 1461 -1.12521796 0.822609702 0.00140214484 0 0 0
volume_proxy 1466 -0.194686577 0.268560506 -0.000899049015 0 0 0
volume_proxy 1472 -1.43157044 0.820437775 -0.00187358608 0 0 0
volume_proxy 1474 1.46063211 -0.274904936 0.0102482834 0 0 0
volume_proxy 1481 0.768159654 0.816929028 -0.0105327085 0 0 0
volume_proxy 1482 1.06756974 0.641569072 -0.0100325658 0 0 0
volume_proxy 1485 0.49098854 -0.308694023 0.00181876327 0 0 0
volume_proxy 1489 0.346757031 -0.822662761 -0.00717278085 0 0 0
volume_proxy 1490 1.04808569 0.95381492 0.0100132759 0 0 0
volume_proxy 1496 -1.49925157 0.704035043 0.00968334097 0 0 0
volume_proxy 1498 -0.204041102 0.227387872 0.00382714966 0 0 0
volume_proxy 1503 -1.03858797 -0.764263865 3.48659299e-06 0 0 0
volume_proxy 1506 0.0912321418 0.69805785 -0.00632057262 0 0 0
volume_proxy 1507 -1.48677681 -0.049597992 0.00351898636 0 0 0
volume_proxy 1508 -0.333162308 -0.30643762 0.00246824946 0 0 0
volume_proxy 1509 -1.32899654 -0.0526207039 0.00651374269 0 0 0
volume_proxy 1510 0.0131552831 -0.849899011 -0.00139412941 0 0 0
volume_proxy 1511 1.18663129 0.289155775 -0.0104931883 0 0 0
volume_proxy 1513 -1.32041008 0.834520074 0.00608047905 0 0 0
volume_proxy 1515 0.680013691 -0.675485639 0.00171084842 0 0 0
volume_proxy 1516 0.0142377429 -0.915506184 0.00690099996 0 0 0
volume_proxy 1517 -1.11114652 -0.308465295 -0.00983006389 0 0 0
volume_proxy 1519 -0.0728190077 -0.567014225 0.00943998167 0 0 0
volume_proxy 1520 0.187305195 -0.313699548 -0.0107678571 0 0 0
volume_proxy 1521 -1.13077809 -0.561539979 0.00253102555 0 0 0
volume_proxy 1523 0.385356224 -0.107050339 -0.00501980164 0 0 0
volume_proxy 1525 -0.761320277 0.958499973 0.00128324432 0 0 0
volume_proxy 1526 0.961518192 -0.729641732 -0.00152820865 0 0 0
volume_proxy 1528 0.533056605 -0.445058685 0.00991619587 0 0 0
volume_proxy 1529 -1.23816925 0.387516929 -0.0049470081 0 0 0
volume_proxy 1531 0.353803398 0.478937973 0.00102608597 0 0 0
volume_proxy 1533 1.31899323 -0.214431717 -0.00159222767 0 0 0
volume_proxy 1534 0.416574531 0.925163705 0.00224241018 0 0 0
volume_proxy 1535 0.74020477 0.648392529 0.00642058619 0 0 0
volume_proxy 1536 -0.693879542 -0.657740845 -0.00804868877 0 0 0
volume_proxy 1537 -0.538607273 -0.672151963 0.00147638788 0 0 0
volume_proxy 1538 1.44360339 0.157274827 -0.0058627932 0 0 0
