volume_proxy 0 1.16476658 -0.288399966 0.00942095894 0 0 0
volume_proxy 4 1.38721283 0.901002152 0.000451372239 0 0 0
volume_proxy 5 0.28458333 0.893472414 0.000444818471 0 0 0
volume_proxy 6 1.34642542 -0.0281473229 -0.000591583324 0 0 0
volume_proxy 11 0.518210132 0.918474333 0.00960299152 0 0 0
volume_proxy 12 0.865594514 -0.188174002 0.00371143356 0 0 0
volume_proxy 14 0.677712425 0.63164656 -0.00570102928 0 0 0
volume_proxy 23 -0.858302793 -0.0089990131 -0.000654570831 0 0 0
volume_proxy 38 0.233047333 -0.653337808 -0.00614774418 0 0 0
volume_proxy 40 0.0870772283 -0.206135271 0.00885292561 0 0 0
volume_proxy 50 -0.0658315993 -0.792934905 0.00432052144 0 0 0
volume_proxy 53 -0.0966322876 -0.806179066 -0.0102751612 0 0 0
volume_proxy 58 1.20672859 -0.267823659 -0.00950148168 0 0 0
volume_proxy 60 -0.301791313 0.33063591 -0.000107417934 0 0 0
volume_proxy 61 -0.358357832 -0.752547209 0.00112976956 0 0 0
volume_proxy 72 0.686791089 -0.227375975 -0.00799378226 0 0 0
volume_proxy 81 -1.24705415 0.0778691653 0.00175634037 0 0 0
volume_proxy 85 -0.605550288 0.210667857 0.00659782409 0 0 0
volume_proxy 88 -0.480374126 0.0815467465 -0.0019160624 0 0 0
volume_proxy 97 1.03248849 -0.327327726 0.00412253425 0 0 0
volume_proxy 101 -1.36129415 0.61022044 0.00570720147 0 0 0
volume_proxy 105 -0.0297705964 -0.791971316 0.00236073965 0 0 0
volume_proxy 106 -0.717112869 -0.840127974 0.00330325757 0 0 0
volume_proxy 107 0.56308718 0.44542388 0.00497224385 0 0 0
volume_proxy 108 1.48826385 0.110919008 0.0069162072 0 0 0
volume_proxy 126 -0.353304995 -0.960406186 0.00757892075 0 0 0
volume_proxy 127 -0.582458123 -0.00442458775 -0.00780378244 0 0 0
volume_proxy 130 1.21284591 0.590450742 -0.00196897076 0 0 0
volume_proxy 132 0.998614839 0.690705779 0.0107364881 0 0 0
volume_proxy 135 -0.248797654 -0.920187452 -0.00232644737 0 0 0
volume_proxy 140 -0.883099908 0.762046466 -0.00443069749 0 0 0
volume_proxy 145 -0.937793586 -0.533796636 0.00851935466 0 0 0
volume_proxy 157 0.424267373 0.1037857 -0.0104330335 0 0 0
volume_proxy 159 -0.812696958 -0.716855349 -0.00373158253 0 0 0
volume_proxy 161 -0.566271892 0.585933745 -0.00842913581 0 0 0
volume_proxy 169 0.930146743 0.849845897 0.00085124893 0 0 0
volume_proxy 176 0.302314607 -0.427289974 -0.00670389681 0 0 0
volume_proxy 178 -1.48035941 0.511323092 0.00145993232 0 0 0
volume_proxy 186 -0.175760382 0.579063115 0.000105547823 0 0 0
volume_proxy 189 -1.49433985 0.51174728 -0.00380271453 0 0 0
volume_proxy 195 -0.474180686 0.416267363 0.00815776639 0 0 0
volume_proxy 196 0.981151609 0.551549542 -0.00479000634 0 0 0
volume_proxy 198 1.11653318 -0.919358757 0.00947804015 0 0 0
volume_proxy 200 -0.689551674 -0.478046512 0.00319409 0 0 0
volume_proxy 202 -0.916169852 0.829446313 0.00213223021 0 0 0
volume_proxy 209 -1.14036521 -0.525161907 0.00616355583 0 0 0
volume_proxy 210 0.136497753 0.620675576 0.00430879471 0 0 0
volume_proxy 224 0.526928528 -0.834096844 0.00424444586 0 0 0
volume_proxy 226 -0.776248813 -0.978528805 -0.00279355111 0 0 0
volume_proxy 236 0.363839325 0.236134954 -0.00536703695 0 0 0
volume_proxy 237 0.329889982 0.426450359 0.00940753635 0 0 0
volume_proxy 244 1.07899127 0.515455034 0.00109747587 0 0 0
volume_proxy 247 1.33394298 -0.337505007 0.0055150239 0 0 0
volume_proxy 256 0.144457664 -0.595046562 -0.00837435738 0 0 0
volume_proxy 258 0.768162255 0.0830717339 0.00574991054 0 0 0
volume_proxy 259 0.644724091 0.48516077 -0.0106093938 0 0 0
volume_proxy 269 0.34069995 -0.309098168 0.00456944039 0 0 0
volume_proxy 276 0.7018347 -0.582707892 0.00585097575 0 0 0
volume_proxy 277 -0.474152795 -0.743137649 -0.00611789718 0 0 0
volume_proxy 279 0.530490956 0.312082883 -0.00780945305 0 0 0
volume_proxy 294 0.433750257 0.636508951 -0.00429465477 0 0 0
volume_proxy 296 0.302102452 -0.378504602 0.00891671632 0 0 0
volume_proxy 298 0.47114669 -0.555054163 0.00304604582 0 0 0
volume_proxy 305 0.252175088 -0.0333042337 -0.0024323583 0 0 0
volume_proxy 310 0.887152032 0.572696382 0.00184164772 0 0 0
volume_proxy 311 1.06395775 -0.186439823 -0.00436957313 0 0 0
volume_proxy 314 -0.16857075 0.375018949 3.48817929e-05 0 0 0
volume_proxy 329 -0.567699801 0.771783719 0.0021534642 0 0 0
volume_proxy 337 -1.17457994 0.47126984 -0.00225686739 0 0 0
volume_proxy 344 0.694403499 0.529469873 2.58637763e-05 0 0 0
volume_proxy 345 -1.07006876 0.642301701 0.00778746193 0 0 0
volume_proxy 347 -0.400911945 -0.569201919 -0.00718217274 0 0 0
volume_proxy 349 0.41571387 0.0046750612 0.00397393088 0 0 0
volume_proxy 356 0.170988057 0.866715766 0.00814298489 0 0 0
volume_proxy 358 1.25258313 0.704082686 0.00598005448 0 0 0
volume_proxy 370 0.792383682 0.831625719 -0.00194047082 0 0 0
volume_proxy 375 1.01497559 -0.384791476 0.00433933332 0 0 0
volume_proxy 388 -1.31897799 0.133156345 0.000223245436 0 0 0
volume_proxy 399 0.524597003 -0.617175855 -0.000471237508 0 0 0
volume_proxy 409 -0.0514057648 -0.855924883 0.00831945837 0 0 0
volume_proxy 412 0.86307525 -0.770842395 0.0041255796 0 0 0
volume_proxy 431 -1.1800727 -0.836054698 0.00540696326 0 0 0
volume_proxy 497 -1.46761135 -0.698918421 0.00313621785 0 0 0
volume_proxy 512 0.176792992 -0.825409588 0.00494198988 0 0 0
volume_proxy 518 1.32551584 -0.130624529 -0.00979017657 0 0 0
volume_proxy 591 0.0944107341 0.447271438 0.00654425498 0 0 0
volume_proxy 616 0.881790374 0.863947102 -0.00770097234 0 0 0
volume_proxy 637 -0.950344693 -0.629238645 -0.00387543526 0 0 0
volume_proxy 669 1.28948956 -0.920467783 0.00716516675 0 0 0
volume_proxy 682 0.0297278032 -0.112416578 -0.0089284264 0 0 0
volume_proxy 725 -1.30004867 -0.471256753 -0.00237873205 0 0 0
volume_proxy 751 -0.278199949 -0.903442665 -0.00212758208 0 0 0
volume_proxy 802 1.16073207 -0.159925669 -0.00494958949 0 0 0
volume_proxy 814 0.869304397 -0.345122671 0.000883202703 0 0 0
volume_proxy 876 -0.397342634 -0.614992398 -0.00298991289 0 0 0
volume_proxy 883 0.416549919 0.417918377 -0.0107101965 0 0 0
volume_proxy 902 -0.136869661 0.219140862 -0.00311963733 0 0 0
volume_proxy 904 -0.949357667 0.665039004 -0.000615313635 0 0 0
volume_proxy 914 0.611130951 -0.696569872 0.00737656699 0 0 0
volume_proxy 915 -0.495483491 -0.0999616225 -0.00998382849 0 0 0
volume_proxy 929 -0.812188432 -0.534335761 0.00522524906 0 0 0
volume_proxy 944 0.275150641 -0.238502332 0.00586661722 0 0 0
volume_proxy 991 -1.01177989 -0.756559115 -0.00121967296 0 0 0
volume_proxy 1001 -0.294142337 0.943261282 -0.00839519737 0 0 0
volume_proxy 1020 -1.09178879 0.29041989 -0.00362592336 0 0 0
volume_proxy 1021 -0.865328433 -0.832020197 -0.000389637596 0 0 0
volume_proxy 1042 0.886301659 0.738563472 -0.0106128224 0 0 0
volume_proxy 1050 -0.965334023 -0.434404382 0.0100662411 0 0 0
volume_proxy 1052 -0.525861576 0.0762528463 0.00734146686 0 0 0
volume_proxy 1062 0.391781078 0.421594682 0.00536914601 0 0 0
volume_proxy 1066 0.738419421 0.602788237 -0.000896849502 0 0 0
volume_proxy 1093 -0.229955424 -0.766242592 0.00594885956 0 0 0
volume_proxy 1098 0.257301198 0.917679078 -0.00571742269 0 0 0
volume_proxy 1102 1.14890936 0.949592679 -0.00122856815 0 0 0
volume_proxy 1113 0.952326865 0.770322628 0.00723336611 0 0 0
volume_proxy 1117 0.882026084 0.158271673 -0.000666826461 0 0 0
volume_proxy 1118 -0.328159102 -0.445494298 0.00328890787 0 0 0
volume_proxy 1120 -0.194465897 0.481114637 -0.0102084401 0 0 0
volume_proxy 1133 0.778469706 -0.980965867 -0.00785192562 0 0 0
volume_proxy 1137 -0.623665798 0.342162011 0.00382109093 0 0 0
volume_proxy 1138 1.23006716 -0.74759788 -0.00111438198 0 0 0
volume_proxy 1147 0.822997782 0.320324237 0.00275792728 0 0 0
volume_proxy 1151 0.535037816 -0.96663711 0.00908806067 0 0 0
volume_proxy 1166 -1.11989805 0.593206503 -0.00681095961 0 0 0
volume_proxy 1168 -0.435468609 -0.952993894 -0.00887704874 0 0 0
volume_proxy 1169 1.4554712 -0.979762907 -0.00991283288 0 0 0
volume_proxy 1172 -0.18716937 0.252742321 -0.0013143726 0 0 0
volume_proxy 1179 0.677702413 0.285501324 -0.00568965577 0 0 0
volume_proxy 1180 -0.69664792 0.353418534 0.000273050638 0 0 0
volume_proxy 1182 -0.0127934102 0.871186885 -0.00841186378 0 0 0
volume_proxy 1186 -0.575834847 -0.163346553 0.00123130017 0 0 0
volume_proxy 1191 1.07381059 0.796320084 -0.0041949581 0 0 0
volume_proxy 1193 -0.978332629 0.117286984 -0.00185753906 0 0 0
volume_proxy 1195 -1.48438975 -0.393937366 -0.00328316641 0 0 0
volume_proxy 1197 -0.789973565 -0.628305098 -0.00318409752 0 0 0
volume_proxy 1198 -0.0270829204 0.549603346 -0.0070265854 0 0 0
volume_proxy 1206 0.721252802 0.36622212 0.000455440089 0 0 0
volume_proxy 1208 -0.372746219 0.0356737622 0.00839643439 0 0 0
volume_proxy 1209 -1.42496871 0.241204134 -0.00653509633 0 0 0
volume_proxy 1210 -1.39263338 0.917874289 0.00468535297 0 0 0
volume_proxy 1214 -0.549282678 0.472076974 -0.00904294252 0 0 0
volume_proxy 1217 -0.589005038 0.342916813 0.00111943631 0 0 0
volume_proxy 1219 -0.9147779 0.481733237 0.00575376483 0 0 0
volume_proxy 1220 0.604550404 0.442393439 -0.00252863664 0 0 0
volume_proxy 1223 1.49355017 0.496956978 -0.00811110525 0 0 0
volume_proxy 1225 -0.223093824 -0.075739958 -0.0107147233 0 0 0
volume_proxy 1229 1.42579837 0.926817519 0.00304896837 0 0 0
volume_proxy 1230 1.23474497 -0.83999443 -0.00348146057 0 0 0
volume_proxy 1231 -0.792585397 0.209659777 0.00865312993 0 0 0
volume_proxy 1237 0.612038662 0.639072335 -0.00531844973 0 0 0
volume_proxy 1238 0.766808407 0.917308123 0.00850427962 0 0 0
volume_proxy 1245 -1.47805038 0.962566934 -0.00175572851 0 0 0
volume_proxy 1252 0.533802062 -0.539257721 0.00767796186 0 0 0
volume_proxy 1255 1.24741376 -0.356074907 -0.00119612422 0 0 0
volume_proxy 1259 -1.23842796 0.87316496 -0.0106883555 0 0 0
volume_proxy 1260 0.450599979 0.499913433 -0.00150316893 0 0 0
volume_proxy 1261 -0.363546791 0.898208474 -0.00118037869 0 0 0
volume_proxy 1262 1.1804032 0.376303752 -0.0104194651 0 0 0
volume_proxy 1263 0.580488852 -0.441534171 -0.00826960073 0 0 0
volume_proxy 1264 0.438214368 -0.406955562 0.00309025939 0 0 0
volume_proxy 1270 0.350116903 -0.166916478 -0.0104334365 0 0 0
volume_proxy 1273 -0.752992826 0.857516177 -0.00635962539 0 0 0
volume_proxy 1276 1.17879988 0.564062298 0.0105754655 0 0 0
volume_proxy 1277 1.48161614 0.196793316 -0.0048210532 0 0 0
volume_proxy 1280 -1.29007812 0.212336501 0.00222843368 0 0 0
volume_proxy 1281 -0.539979579 -0.787401392 -0.00936590289 0 0 0
volume_proxy 1285 -1.0483876 0.939671656 -0.0060354731 0 0 0
volume_proxy 1289 0.564439016 -0.402932252 0.000834323851 0 0 0
volume_proxy 1290 -1.41734008 -0.733024727 -0.00746649624 0 0 0
volume_proxy 1291 -0.143936401 0.849385187 0.0102624531 0 0 0
volume_proxy 1292 -0.0894565635 0.268241688 0.00114631262 0 0 0
volume_proxy 1293 -0.326258008 -0.700266428 0.00393444116 0 0 0
volume_proxy 1294 1.38261562 0.679250558 0.00479274097 0 0 0
volume_proxy 1295 -1.13536153 0.371244012 0.0063649363 0 0 0
volume_proxy 1296 -0.189602949 -0.243229197 0.00673395438 0 0 0
volume_proxy 1297 -0.259562708 -0.545366965 -0.00178329748 0 0 0
volume_proxy 1298 -0.790111075 -0.830696174 -0.00463787624 0 0 0
volume_proxy 1300 -1.3725739 0.748017069 -0.00037908156 0 0 0
volume_proxy 1301 -1.09604745 0.858164178 0.00182598312 0 0 0
volume_proxy 1303 -0.932962475 0.425809592 0.00362807332 0 0 0
volume_proxy 1308 -0.562565043 0.0139982209 -0.00825598062 0 0 0
volume_proxy 1309 0.104538434 -0.464881461 -0.00074263737 0 0 0
volume_proxy 1312 0.863017508 -0.672093184 0.00903742796 0 0 0
volume_proxy 1314 0.197500667 0.360222384 0.00941686791 0 0 0
volume_proxy 1315 -0.726036766 -0.738334125 -0.00119978363 0 0 0
volume_proxy 1317 1.48580087 0.370942076 -0.0030407466 0 0 0
volume_proxy 1318 1.02673394 -0.687181398 -0.00138377404 0 0 0
volume_proxy 1320 -0.361898766 -0.944672677 -0.00267822695 0 0 0
volume_proxy 1321 -1.25158556 0.000842903211 0.0103730737 0 0 0
volume_proxy 1322 0.813990404 -0.634581781 -0.00665604244 0 0 0
volume_proxy 1324 0.78657036 0.960302024 0.00633945722 0 0 0
volume_proxy 1325 -0.13115398 -0.204121759 0.0057748343 0 0 0
volume_proxy 1326 0.00419902677 -0.0347764879 0.00883074289 0 0 0
volume_proxy 1328 -0.921321193 0.510789824 0.00996401784 0 0 0
volume_proxy 1329 0.966930038 0.709283632 -0.0045753721 0 0 0
volume_proxy 1330 -0.115911736 0.278391465 -0.00364824365 0 0 0
volume_proxy 1331 0.319512532 0.581538839 -0.00155870049 0 0 0
volume_proxy 1332 1.14601051 0.525848798 -0.00608841665 0 0 0
volume_proxy 1333 1.14969251 0.357221998 -0.00631560642 0 0 0
volume_proxy 1334 -1.13950316 -0.540327035 0.00592906282 0 0 0
volume_proxy 1335 0.286847789 0.158992479 0.00769602011 0 0 0
volume_proxy 1336 0.611768032 -0.0641633066 0.00754332292 0 0 0
volume_proxy 1337 -0.680341214 0.634719271 -0.000807602185 0 0 0
volume_proxy 1340 0.428112741 0.285174959 0.00848967886 0 0 0
volume_proxy 1341 -1.03430831 -0.759803422 0.0093728542 0 0 0
volume_proxy 1342 -0.92589848 -0.571093302 0.00943329218 0 0 0
volume_proxy 1345 0.563215241 -0.882477266 -0.0101951971 0 0 0
volume_proxy 1346 0.0526178423 0.836987327 -0.000206313345 0 0 0
volume_proxy 1347 -0.177109869 0.595343155 0.00516841844 0 0 0
volume_proxy 1348 0.558466886 -0.475664966 -0.00110566973 0 0 0
volume_proxy 1349 -1.23716728 -0.105618303 0.00434082716 0 0 0
volume_proxy 1350 0.629272072 -0.39937332 0.00361755992 0 0 0
volume_proxy 1351 0.782501271 0.573243107 0.00564479407 0 0 0
volume_proxy 1353 1.38807961 -0.0312096584 -0.00459401747 0 0 0
volume_proxy 1354 -0.288579272 0.0537264595 0.00929573037 0 0 0
volume_proxy 1355 -0.301087002 -0.14296182 -0.00592647515 0 0 0
volume_proxy 1356 0.292432874 0.457795128 0.00144198119 0 0 0
volume_proxy 1357 -1.33960861 0.219782925 0.00907283915 0 0 0
volume_proxy 1358 -1.08829001 -0.34651502 -0.00507544049 0 0 0
volume_proxy 1359 -0.603037093 0.132950249 0.0060051877 0 0 0
