volume_proxy 0 1.40189454 0.0038350422 0.00769768738 0 0 0
volume_proxy 5 0.688342565 0.160755436 -0.00998066665 0 0 0
volume_proxy 6 0.426375269 -0.0430583168 0.00652902959 0 0 0
volume_proxy 11 0.972610873 0.257415342 0.0016800452 0 0 0
volume_proxy 12 1.26472057 -0.385163197 -0.00647855429 0 0 0
volume_proxy 14 0.147903513 -0.274820953 -0.00401188135 0 0 0
volume_proxy 23 0.267690992 -0.21872361 -0.00102373072 0 0 0
volume_proxy 38 0.468915103 0.0436214175 -0.00148155086 0 0 0
volume_proxy 40 0.195565505 -0.968395336 -0.00631308275 0 0 0
volume_proxy 50 -0.119371284 -0.149284176 -0.0101700774 0 0 0
volume_proxy 53 -0.419630776 -0.214911742 0.00616299796 0 0 0
volume_proxy 58 1.01415468 -0.467582699 0.00730539442 0 0 0
volume_proxy 60 0.866725445 0.727820556 -0.00314288403 0 0 0
volume_proxy 61 0.099200615 -0.617799201 2.76483287e-05 0 0 0
volume_proxy 72 0.28315992 0.205717206 -0.00678682074 0 0 0
volume_proxy 85 -1.34496622 -0.318462735 0.00369464532 0 0 0
volume_proxy 88 -0.866440032 -0.615602789 -0.0039801915 0 0 0
volume_proxy 97 1.41124516 -0.581302858 -0.00505916937 0 0 0
volume_proxy 101 -0.846391964 0.869538575 0.00774639166 0 0 0
volume_proxy 105 0.233118768 -0.161562859 0.00393496734 0 0 0
volume_proxy 107 1.33313081 0.089099773 0.00358682139 0 0 0
volume_proxy 108 1.15303466 0.451065081 -0.00786838511 0 0 0
volume_proxy 127 -0.616617372 0.986391743 -0.00123941567 0 0 0
volume_proxy 130 1.30031101 0.468869687 0.000579751713 0 0 0
volume_proxy 140 -0.582791667 0.198659634 0.0104668403 0 0 0
volume_proxy 157 0.801495795 -0.254605731 0.000354008397 0 0 0
volume_proxy 159 0.530872071 -0.391619154 -0.00396709088 0 0 0
volume_proxy 161 0.296489497 0.186094865 0.00711249229 0 0 0
volume_proxy 176 0.679432921 -0.853327526 0.00091814707 0 0 0
volume_proxy 186 0.416729042 0.268156433 0.00292495355 0 0 0
volume_proxy 189 -1.39536908 0.301334511 0.0073994479 0 0 0
volume_proxy 195 -0.0781974346 -0.214154152 -0.000274035452 0 0 0
volume_proxy 196 0.354590518 0.222289277 0.00374468221 0 0 0
volume_proxy 200 -0.291130902 -0.933915957 -0.00127004647 0 0 0
volume_proxy 202 -1.44184913 0.745531091 -0.00259692355 0 0 0
volume_proxy 209 -0.940167645 0.0202903406 0.00600874183 0 0 0
volume_proxy 210 -0.662847346 0.0154251127 0.00980197147 0 0 0
volume_proxy 226 -0.937517481 -0.13264363 0.00381126023 0 0 0
volume_proxy 236 0.284031831 0.779573861 -0.00982839684 0 0 0
volume_proxy 247 0.746703764 0.382990538 -0.00931584515 0 0 0
volume_proxy 256 -0.600992224 0.211728632 -6.3466996e-05 0 0 0
volume_proxy 259 -0.0437515718 0.021529886 0.00959794878 0 0 0
volume_proxy 269 0.398785412 -0.0822547631 0.00380439056 0 0 0
volume_proxy 277 -0.927605056 -0.450546949 -0.00736033756 0 0 0
volume_proxy 294 0.00524074228 0.176633708 0.00517859453 0 0 0
volume_proxy 296 -0.185834128 -0.0511006701 0.000123875232 0 0 0
volume_proxy 298 1.40829065 -0.318401653 0.00647508808 0 0 0
volume_proxy 305 0.958364992 -0.482980872 -0.0103077636 0 0 0
volume_proxy 310 0.993061372 0.13909636 -0.00242819325 0 0 0
volume_proxy 311 1.07441172 -0.936814841 -0.00864049774 0 0 0
volume_proxy 329 -0.877615649 -0.707560258 -0.0105732574 0 0 0
volume_proxy 337 -0.822318024 0.874004607 0.00220393526 0 0 0
volume_proxy 344 -0.443281796 0.197002042 0.00521696328 0 0 0
volume_proxy 347 -0.0865603369 -0.62731238 0.000395492294 0 0 0
volume_proxy 349 -0.417950281 0.357066946 -0.00148567252 0 0 0
volume_proxy 356 0.431205998 0.715034595 0.00985341276 0 0 0
volume_proxy 375 1.32438264 -0.242276207 0.00136960679 0 0 0
volume_proxy 388 -1.36412878 0.905329937 -0.00309648945 0 0 0
volume_proxy 431 -1.26468171 -0.703375482 0.00666291294 0 0 0
volume_proxy 802 1.1649668 -0.775351436 -0.000596705155 0 0 0
volume_proxy 876 0.0921711479 -0.986688672 0.000424461078 0 0 0
volume_proxy 904 -0.167649354 0.164917685 -0.00362395137 0 0 0
volume_proxy 1020 -1.36272075 0.92705035 0.00124919076 0 0 0
volume_proxy 1052 0.114120187 -0.679957122 -0.00368980725 0 0 0
volume_proxy 1066 0.763131159 0.796905564 -0.00539704381 0 0 0
volume_proxy 1093 -0.288823604 0.0589905621 0.00123649254 0 0 0
volume_proxy 1118 0.151827062 -0.303465643 -0.00524335935 0 0 0
volume_proxy 1120 -0.644140438 0.965283008 0.00504334545 0 0 0
volume_proxy 1138 1.11559059 -0.739590972 -0.00638424156 0 0 0
volume_proxy 1166 -0.747414747 0.541946101 -0.00587010247 0 0 0
volume_proxy 1169 1.42651638 -0.91291731 0.00582198594 0 0 0
volume_proxy 1172 0.0321858134 0.66662634 -0.00295416682 0 0 0
volume_proxy 1180 -1.40736041 -0.420446534 0.00888535095 0 0 0
volume_proxy 1186 -0.589198142 -0.553070752 -0.00879962458 0 0 0
volume_proxy 1193 -0.772772748 -0.217330955 0.00334271992 0 0 0
volume_proxy 1210 -1.14562867 0.865829409 0.00542257698 0 0 0
volume_proxy 1217 -0.490976418 0.0952449312 0.00345029514 0 0 0
volume_proxy 1219 -1.00335876 0.900513476 0.00549021604 0 0 0
volume_proxy 1225 -0.129307512 -0.691376847 -0.00171769632 0 0 0
volume_proxy 1230 1.35168801 -0.156064724 -0.00417579888 0 0 0
volume_proxy 1237 0.391838918 0.942280921 -0.00862672036 0 0 0
volume_proxy 1238 0.349674708 0.990330732 -0.00869340711 0 0 0
volume_proxy 1245 -1.39458823 0.845677714 0.00553924377 0 0 0
volume_proxy 1255 1.29985977 -0.463189195 -0.0100608829 0 0 0
volume_proxy 1270 0.553018141 -0.291257529 0.000520656903 0 0 0
volume_proxy 1280 -1.12052276 0.448113391 0.00424543722 0 0 0
volume_proxy 1285 -1.46613482 0.803727579 -0.00633365258 0 0 0
volume_proxy 1292 0.545555743 0.302683145 0.00524549183 0 0 0
volume_proxy 1295 -1.17354847 0.871109195 0.00193475968 0 0 0
volume_proxy 1296 -0.0815072647 0.0281438045 0.0047423577 0 0 0
volume_proxy 1297 0.0972011362 -0.77233068 0.00330157268 0 0 0
volume_proxy 1301 -0.762413669 0.657701527 -0.00691494168 0 0 0
volume_proxy 1308 -0.508455299 0.850424957 -0.0090678397 0 0 0
volume_proxy 1318 1.2907751 -0.551495727 0.0094283371 0 0 0
volume_proxy 1326 0.110872527 -0.236189202 -0.00576820069 0 0 0
volume_proxy 1334 -0.774735604 -0.951205305 0.00821073421 0 0 0
volume_proxy 1335 0.0281683938 -0.65972394 0.00878734034 0 0 0
volume_proxy 1340 0.512816755 0.501000725 0.00651408798 0 0 0
volume_proxy 1347 -0.240619138 0.731127409 0.00455707673 0 0 0
volume_proxy 1348 1.45284631 -0.710161269 -0.00533295481 0 0 0
volume_proxy 1361 1.12622039 0.634386495 -0.00460444636 0 0 0
volume_proxy 1366 0.888084575 0.985097416 0.00709004723 0 0 0
volume_proxy 1379 0.736212322 0.455499956 -0.00240801847 0 0 0
volume_proxy 1380 -0.514497773 0.566241828 0.00443095863 0 0 0
volume_proxy 1381 0.547903317 0.65030434 0.00570057408 0 0 0
volume_proxy 1384 0.311172436 0.132182589 0.00448354154 0 0 0
volume_proxy 1386 0.942759167 0.913170882 -0.0102650938 0 0 0
volume_proxy 1388 0.440195934 0.252402568 -0.00685335043 0 0 0
volume_proxy 1389 -0.226278164 0.879878688 0.00976949721 0 0 0
volume_proxy 1390 -1.34242799 0.961472333 -0.0063262764 0 0 0
volume_proxy 1392 -0.0590380625 -0.977645822 0.00971539608 0 0 0
volume_proxy 1395 0.961972389 0.199323337 -0.00353671229 0 0 0
volume_proxy 1397 0.237394548 0.568803337 -0.00129025803 0 0 0
volume_proxy 1398 -1.32089625 0.513696665 -0.000332682368 0 0 0
volume_proxy 1403 0.683105001 0.185157527 0.00845207758 0 0 0
volume_proxy 1405 0.338945625 0.343746057 0.00242981145 0 0 0
volume_proxy 1408 0.469286443 0.73231727 -0.00720622919 0 0 0
volume_proxy 1409 1.35714132 0.149412984 -0.00538211928 0 0 0
volume_proxy 1413 0.478177345 0.968384519 -0.00964434308 0 0 0
volume_proxy 1414 1.00547341 0.476159134 -0.00455475516 0 0 0
volume_proxy 1415 1.21240744 -0.425784944 0.00569222613 0 0 0
volume_proxy 1418 -1.47146227 -0.0565721499 -0.00140703584 0 0 0
volume_proxy 1419 -1.36565486 -0.600738041 -0.00930465569 0 0 0
volume_proxy 1420 -1.25310443 -0.164870964 -0.00874029083 0 0 0
volume_proxy 1421 -1.05061874 -0.0758766133 0.00847755799 0 0 0
volume_proxy 1422 0.823521939 -0.622252934 0.0106474228 0 0 0
volume_proxy 1423 -0.383294902 0.451212177 -0.00577423266 0 0 0
volume_proxy 1425 -0.764855985 -0.91627316 0.00412917921 0 0 0
volume_proxy 1426 0.970346663 -0.136721474 0.00842217704 0 0 0
volume_proxy 1428 -0.150150363 0.569343957 0.00954196599 0 0 0
volume_proxy 1429 1.49619107 -0.135228343 -0.000837769206 0 0 0
volume_proxy 1433 1.22046653 0.204178132 -0.00534850302 0 0 0
volume_proxy 1434 0.425935644 -0.441796969 -0.00594479563 0 0 0
volume_proxy 1436 -0.996467118 -0.902888927 -0.00639001376 0 0 0
volume_proxy 1437 -0.257853469 -0.198213708 -0.00975251831 0 0 0
volume_proxy 1439 -1.18789051 0.875949181 0.00408712704 0 0 0
volume_proxy 1440 0.093645275 -0.48087984 0.00214959656 0 0 0
volume_proxy 1441 0.0514081454 -0.972396427 0.00736757337 0 0 0
volume_proxy 1444 -0.697365125 -0.682755766 -0.0060170467 0 0 0
volume_proxy 1445 0.407524008 -0.905585431 -0.0103514617 0 0 0
volume_proxy 1446 -1.29755379 -0.661422321 -0.00464322525 0 0 0
volume_proxy 1447 1.2333267 -0.824820186 0.00811836049 0 0 0
volume_proxy 1448 0.357724936 -0.335191392 0.00878905244 0 0 0
volume_proxy 1454 -1.06734189 -0.855352843 0.00243278983 0 0 0
volume_proxy 1456 -0.0992526783 -0.0633132229 -0.00344240054 0 0 0
volume_proxy 1457 1.02819562 0.951063327 0.00382580592 0 0 0
volume_proxy 1458 0.0674712039 -0.823213162 0.00776571125 0 0 0
volume_proxy 1459 -1.14053767 0.762323102 -0.00650756357 0 0 0
volume_proxy 1460 0.986415718 0.568926979 -0.00818767219 0 0 0
volume_proxy 1461 -1.4283402 0.399711605 -0.0106750097 0 0 0
volume_proxy 1462 -0.880387505 -0.977069769 -0.00194385445 0 0 0
volume_proxy 1463 -0.818941873 -0.997113701 -0.00590160262 0 0 0
