volume_proxy 0 0.975015087 0.463198039 0.00212618023 0 0 0
volume_proxy 5 1.40249583 -0.732429934 -0.00643045631 0 0 0
volume_proxy 6 -0.232944961 0.69617567 0.00489303832 0 0 0
volume_proxy 11 1.35734442 0.694427187 -0.00509589598 0 0 0
volume_proxy 12 0.268066433 -0.604245467 -0.00399836406 0 0 0
volume_proxy 14 -0.765333154 0.722120019 0.000194117302 0 0 0
volume_proxy 23 1.36538003 -0.72895894 0.007262576 0 0 0
volume_proxy 38 0.982062999 -0.266168852 0.00285355773 0 0 0
volume_proxy 40 -0.413362716 -0.230500288 0.00475598766 0 0 0
volume_proxy 50 -0.722668217 -0.132204984 -0.00712152245 0 0 0
volume_proxy 53 -0.569255876 0.730404744 -0.00878142973 0 0 0
volume_proxy 58 1.07316402 -0.820626445 0.000340629187 0 0 0
volume_proxy 60 0.387900814 0.393973029 -0.0042403547 0 0 0
volume_proxy 85 -0.731411725 -0.0150055868 0.00489333128 0 0 0
volume_proxy 97 1.15812896 0.805686951 -0.0035240897 0 0 0
volume_proxy 107 1.13015436 0.420205118 -4.46249391e-05 0 0 0
volume_proxy 127 -1.19698968 -0.308058712 -0.00332230005 0 0 0
volume_proxy 130 0.738755521 0.595461996 -0.00437462803 0 0 0
volume_proxy 140 -0.122195522 -0.0107020393 0.00164632871 0 0 0
volume_proxy 157 1.10982345 -0.428998267 -0.00526127982 0 0 0
volume_proxy 159 0.797805464 0.550943825 -0.00323573316 0 0 0
volume_proxy 161 0.651803893 0.733553283 0.0107276377 0 0 0
volume_proxy 176 0.562998406 -0.212636539 0.00471761962 0 0 0
volume_proxy 186 -1.16954425 0.0872307703 -0.00935130727 0 0 0
volume_proxy 189 -0.917969931 0.894327659 0.00743019696 0 0 0
volume_proxy 195 0.0960541272 -0.521515303 -0.00544752412 0 0 0
volume_proxy 196 0.64826924 0.102396708 -0.00668453475 0 0 0
volume_proxy 200 -0.79564326 -0.976942115 -0.00316570333 0 0 0
volume_proxy 202 -0.187814714 0.91829451 0.00674449774 0 0 0
volume_proxy 209 -1.29151789 0.0045327641 0.00946086047 0 0 0
volume_proxy 210 -0.196244879 0.479532069 0.00802041136 0 0 0
volume_proxy 226 0.289489418 -0.948711405 0.0102387941 0 0 0
volume_proxy 236 0.927855005 0.894730959 0.00686690397 0 0 0
volume_proxy 247 1.39606802 0.787380721 0.00653003164 0 0 0
volume_proxy 256 -1.2608535 0.992073845 -0.00438541828 0 0 0
volume_proxy 259 0.383013696 0.797017042 -0.00564844014 0 0 0
volume_proxy 269 -0.802134842 -0.301698102 -0.00317195434 0 0 0
volume_proxy 277 -1.15370086 -0.319663151 -0.00671062882 0 0 0
volume_proxy 296 -0.755118173 -0.581720345 0.01068236 0 0 0
volume_proxy 305 0.0465902598 -0.203553036 -0.00726944733 0 0 0
volume_proxy 310 -0.030796278 -0.441450676 -0.00710554123 0 0 0
volume_proxy 344 -1.22215051 0.512978693 -0.00038429463 0 0 0
volume_proxy 347 0.373790894 -0.091809911 -0.00832913287 0 0 0
volume_proxy 356 -0.106231402 0.781419662 -0.00336754217 0 0 0
volume_proxy 375 1.0497394 -0.904717998 0.00843262061 0 0 0
volume_proxy 388 0.652097991 0.1409777 -0.00469663749 0 0 0
volume_proxy 802 1.41334037 -0.396669548 0.00814208432 0 0 0
volume_proxy 1052 -0.757540647 -0.911801801 0.00282107193 0 0 0
volume_proxy 1066 0.134539258 0.0863546933 0.00348554273 0 0 0
volume_proxy 1120 -0.317659896 0.111027679 0.00101939662 0 0 0
volume_proxy 1166 -0.55511968 0.242832073 -0.00902144431 0 0 0
volume_proxy 1169 0.86787631 -0.848835004 -0.0037440119 0 0 0
volume_proxy 1193 -1.13841373 -0.27058754 -0.000537203765 0 0 0
volume_proxy 1225 -0.285540661 -0.0894676567 0.0082275011 0 0 0
volume_proxy 1245 -1.2451303 0.225809938 0.00301774129 0 0 0
volume_proxy 1280 -1.27590305 0.428063594 0.00355336663 0 0 0
volume_proxy 1285 -0.936272222 0.125399105 0.0102045307 0 0 0
volume_proxy 1295 -0.691825294 0.218735912 0.005060696 0 0 0
volume_proxy 1296 0.509212343 -0.26132066 0.00349067979 0 0 0
volume_proxy 1335 0.332469496 -0.799114987 -0.00426632086 0 0 0
volume_proxy 1340 0.981735264 0.485535253 0.00490141167 0 0 0
volume_proxy 1380 0.206376533 0.62123138 0.00130817932 0 0 0
volume_proxy 1386 0.116809043 0.208465029 0.0096604637 0 0 0
volume_proxy 1397 0.841006519 0.452258922 0.00364669587 0 0 0
volume_proxy 1409 0.198677899 0.994144718 0.00789271666 0 0 0
volume_proxy 1413 1.46712108 0.475742117 0.00486594202 0 0 0
volume_proxy 1420 -0.821194625 -0.35601206 -0.00227801291 0 0 0
volume_proxy 1422 0.583316134 -0.604613907 0.0076018732 0 0 0
volume_proxy 1429 0.776858444 -0.43851494 0.00901964983 0 0 0
volume_proxy 1433 1.47060167 0.712615817 -0.00886446509 0 0 0
volume_proxy 1434 0.143238141 -0.767028975 0.00681578578 0 0 0
volume_proxy 1437 -0.0355843574 -0.0806667875 0.00818344522 0 0 0
volume_proxy 1439 -0.0260596362 0.348558133 -0.00381674048 0 0 0
volume_proxy 1447 0.515742597 -0.863336911 0.00382771188 0 0 0
volume_proxy 1459 -0.309674952 0.328550998 -0.00459451293 0 0 0
volume_proxy 1460 1.12318506 0.889032123 0.00622852041 0 0 0
volume_proxy 1461 -1.19523367 0.616005329 -0.00644182542 0 0 0
volume_proxy 1466 -0.945678523 0.109523446 -0.0022084711 0 0 0
volume_proxy 1470 -1.0685599 -0.603025953 0.00599185477 0 0 0
volume_proxy 1472 -1.21761798 0.523005032 0.00570443933 0 0 0
volume_proxy 1474 1.05587034 -0.884481414 -0.00552369007 0 0 0
volume_proxy 1481 1.04732832 0.982132483 0.0104900763 0 0 0
volume_proxy 1482 0.905869419 -0.466302548 0.0105395237 0 0 0
volume_proxy 1485 0.331008923 -0.938851066 -0.00199062431 0 0 0
volume_proxy 1486 1.06356313 -0.434226042 0.0054827603 0 0 0
volume_proxy 1489 0.428089262 -0.261502307 0.00899545846 0 0 0
volume_proxy 1490 1.49404895 0.841412139 0.0100812713 0 0 0
volume_proxy 1492 0.45350321 0.424420001 -0.00653943264 0 0 0
volume_proxy 1493 0.224185906 -0.0699013556 0.00143323041 0 0 0
volume_proxy 1494 0.978502594 0.260589591 -0.00274683154 0 0 0
volume_proxy 1496 -1.38630686 0.446951843 0.00876779111 0 0 0
volume_proxy 1498 -0.855408934 0.351772718 -0.00660289729 0 0 0
volume_proxy 1501 -0.640479478 -0.847492316 -0.00727980186 0 0 0
volume_proxy 1503 -0.108741888 0.292513021 0.00252769711 0 0 0
volume_proxy 1506 0.247675788 0.990000441 -0.0107288749 0 0 0
volume_proxy 1507 -1.04783904 -0.303798857 -0.00937398221 0 0 0
volume_proxy 1508 -0.562618804 -0.85978851 -0.0077920171 0 0 0
volume_proxy 1509 -1.37863764 0.729560344 0.00022590011 0 0 0
volume_proxy 1510 0.289235848 -0.806625223 -0.0028877063 0 0 0
volume_proxy 1511 0.996021764 0.878252312 0.00953325752 0 0 0
volume_proxy 1513 -0.933473654 0.935639646 -0.00954259876 0 0 0
volume_proxy 1515 0.994013541 0.240124832 -0.00225459764 0 0 0
volume_proxy 1516 -0.471084292 -0.393706238 0.00944886493 0 0 0
volume_proxy 1517 -0.62201429 -0.878681083 -0.00511502862 0 0 0
volume_proxy 1518 -0.929728418 0.00413379442 -0.000332693286 0 0 0
volume_proxy 1519 0.0713809037 -0.187777297 -0.00775603707 0 0 0
volume_proxy 1520 0.0129065951 -0.538914555 0.00469706946 0 0 0
volume_proxy 1521 -0.530644435 0.27317265 0.000336831318 0 0 0
volume_proxy 1522 0.0500604389 0.67488647 -0.00192852836 0 0 0
volume_proxy 1523 1.11928549 -0.318367094 -0.000592695962 0 0 0
volume_proxy 1524 1.11860542 -0.443945899 -0.00126563923 0 0 0
volume_proxy 1525 -1.09343382 0.504963948 -0.005527692 0 0 0
