volume_proxy 0 0.463315053 -0.426564209 0.00924314684 0 0 0
volume_proxy 6 0.0304057547 0.790961456 0.00382202226 0 0 0
volume_proxy 11 1.34100189 0.937076314 -0.00750577386 0 0 0
volume_proxy 12 1.2455001 0.020504236 -0.00238676353 0 0 0
volume_proxy 14 -1.18989803 0.586640368 0.00791734897 0 0 0
volume_proxy 23 0.478423701 -0.27069135 -0.0022550269 0 0 0
volume_proxy 38 -1.30694505 -0.770473517 -0.00596100082 0 0 0
volume_proxy 40 -1.04444591 0.262067437 0.010322841 0 0 0
volume_proxy 50 -0.725387228 -0.480632115 0.00307244634 0 0 0
volume_proxy 53 -1.13946893 0.348973179 -0.00553934986 0 0 0
volume_proxy 58 1.20102889 -0.88558506 0.010161649 0 0 0
volume_proxy 60 0.05776567 0.894440587 0.00959276582 0 0 0
volume_proxy 85 -1.32426722 0.433645024 0.00106174169 0 0 0
volume_proxy 97 1.16058613 0.922794245 -0.00540269359 0 0 0
volume_proxy 107 0.886886178 -0.0939767872 0.0053028753 0 0 0
volume_proxy 127 -1.15908649 -0.882858171 0.0072418058 0 0 0
volume_proxy 130 0.424852142 -0.391481561 -0.00412783222 0 0 0
volume_proxy 140 -0.839144154 0.72088512 -0.00498461958 0 0 0
volume_proxy 157 0.672194107 -0.980815091 -0.00983222732 0 0 0
volume_proxy 159 1.40034864 0.835237778 -0.00684926073 0 0 0
volume_proxy 161 -0.26028383 0.560954184 -0.000470101368 0 0 0
volume_proxy 176 1.37240654 -0.0113805598 0.00400748004 0 0 0
volume_proxy 186 -1.00556977 -0.358177408 0.00307663749 0 0 0
volume_proxy 189 -0.479688229 -0.315220723 -0.00592621832 0 0 0
volume_proxy 195 -1.33354736 -0.980424488 -0.00825244279 0 0 0
volume_proxy 196 0.43758393 0.52542725 0.00593746798 0 0 0
volume_proxy 200 -1.27659752 -0.408183578 -0.00775250699 0 0 0
volume_proxy 202 0.271902096 0.859626048 -0.0100651641 0 0 0
volume_proxy 209 -0.94159908 0.149057857 0.00902905143 0 0 0
volume_proxy 210 0.156779146 0.915617321 -0.00111461349 0 0 0
volume_proxy 226 0.535950314 -0.693620459 -0.00301200218 0 0 0
volume_proxy 236 1.15056012 -0.685650461 0.00881713121 0 0 0
volume_proxy 247 1.0020828 0.559168652 -0.00447560288 0 0 0
volume_proxy 256 -1.07562663 0.912502283 -0.000593742613 0 0 0
volume_proxy 259 0.740484392 0.348564476 -0.000996466979 0 0 0
volume_proxy 269 -1.35166081 -0.028954265 -0.00804405499 0 0 0
volume_proxy 277 -0.681492815 -0.210700124 -0.0102517632 0 0 0
volume_proxy 296 -1.34998488 0.92148903 -0.00621445877 0 0 0
volume_proxy 305 0.726791796 -0.41696422 0.00427212523 0 0 0
volume_proxy 310 0.422456115 0.213366742 -0.0105368121 0 0 0
volume_proxy 344 -1.27321539 -0.366556018 0.00362494486 0 0 0
volume_proxy 347 -0.474933071 0.811786371 -0.00604388015 0 0 0
volume_proxy 356 -0.171032824 0.0380578173 0.0066251055 0 0 0
volume_proxy 375 0.817809781 -0.261451236 -0.00816141038 0 0 0
volume_proxy 388 1.40366086 -0.0644291203 0.0102863254 0 0 0
volume_proxy 802 1.05774552 0.369939517 -0.00298354058 0 0 0
volume_proxy 1052 -1.20227109 -0.696846828 -0.00972593029 0 0 0
volume_proxy 1066 -0.0223075803 0.483748454 -0.00862171158 0 0 0
volume_proxy 1120 -0.918543762 0.537622765 0.000355227856 0 0 0
volume_proxy 1166 -0.947045816 -0.353805902 0.00628711331 0 0 0
volume_proxy 1193 -0.958090202 -0.268916739 -0.00642252457 0 0 0
volume_proxy 1225 -0.720596804 -0.586636624 0.00863485775 0 0 0
volume_proxy 1245 -1.38358112 0.0436512087 0.00453752386 0 0 0
volume_proxy 1280 -0.431127878 0.973102755 -0.00392553077 0 0 0
volume_proxy 1285 -1.29837362 0.717460186 0.00189256069 0 0 0
volume_proxy 1295 0.749785877 -0.011744428 0.00147513501 0 0 0
volume_proxy 1296 0.0863826632 -0.70481719 0.00502201334 0 0 0
volume_proxy 1340 0.659224519 0.445882311 -0.00804329816 0 0 0
volume_proxy 1380 -1.01670487 -0.123691631 0.00398847126 0 0 0
volume_proxy 1386 1.38202423 0.611224913 -0.00636333355 0 0 0
volume_proxy 1397 0.794134498 0.918757 0.00117864576 0 0 0
volume_proxy 1409 -0.137316639 0.778503668 0.00304778194 0 0 0
volume_proxy 1413 1.303878 0.562992928 0.0044029754 0 0 0
volume_proxy 1422 -0.0712825927 -0.689697495 -0.0059112904 0 0 0
volume_proxy 1433 1.18855706 0.596575204 -0.00707000722 0 0 0
volume_proxy 1437 0.176942245 -0.215813848 -0.0107052822 0 0 0
volume_proxy 1447 1.4637388 0.0321016908 0.00603478212 0 0 0
volume_proxy 1459 -1.21879603 -0.109349876 -0.00468383096 0 0 0
volume_proxy 1460 0.230160351 0.930807716 0.00565720941 0 0 0
volume_proxy 1461 -0.856807738 0.697790132 0.00160779957 0 0 0
volume_proxy 1466 -0.553119418 0.257109437 0.00746583707 0 0 0
volume_proxy 1472 -1.27239354 0.693331295 -0.0067633327 0 0 0
volume_proxy 1474 1.29695407 -0.681684828 0.00350387934 0 0 0
volume_proxy 1481 0.568092558 0.344136287 -6.43503933e-05 0 0 0
volume_proxy 1482 0.935183929 0.327456715 0.00570377329 0 0 0
volume_proxy 1485 0.385432985 -0.355129925 0.00398162605 0 0 0
volume_proxy 1489 0.130362708 -0.989671965 0.00953837659 0 0 0
volume_proxy 1490 1.02774873 0.991832671 0.0063977482 0 0 0
volume_proxy 1494 1.30416345 -0.0607413713 0.00762515507 0 0 0
volume_proxy 1496 -1.32684779 0.521792032 -0.0103120554 0 0 0
volume_proxy 1498 -0.0519701724 0.1239924 -0.010196665 0 0 0
volume_proxy 1503 -1.05598065 -0.619651708 -0.000504426795 0 0 0
volume_proxy 1506 -0.0935196733 0.680990718 -0.00484360355 0 0 0
volume_proxy 1507 -1.30735418 0.175552195 0.00919195476 0 0 0
volume_proxy 1508 -0.453651768 -0.33124714 -0.00366549029 0 0 0
volume_proxy 1509 -1.29835755 0.185749045 0.0106461526 0 0 0
volume_proxy 1510 0.184068086 -0.59713327 0.00503312243 0 0 0
volume_proxy 1511 1.07255473 0.472832187 -0.00885875559 0 0 0
volume_proxy 1513 -1.4963747 0.69322261 -0.010279696 0 0 0
volume_proxy 1515 0.872907229 -0.767958317 -0.00469155869 0 0 0
volume_proxy 1516 -0.183956886 -0.94734323 0.00634861265 0 0 0
volume_proxy 1517 -0.969432869 -0.467613406 0.00793838871 0 0 0
volume_proxy 1519 -0.063192586 -0.579897057 -3.3416165e-05 0 0 0
volume_proxy 1520 0.320693943 -0.430851379 0.00198572681 0 0 0
volume_proxy 1521 -1.10341182 -0.69847851 -0.00765120134 0 0 0
volume_proxy 1523 0.567301036 -0.0115569549 0.00343707178 0 0 0
volume_proxy 1525 -0.745880974 0.831835016 0.0107195249 0 0 0
volume_proxy 1526 0.881725077 -0.745442924 0.00424901526 0 0 0
volume_proxy 1528 0.563527697 -0.669725328 -0.00820554571 0 0 0
volume_proxy 1529 -1.14770548 0.405141048 0.00614884655 0 0 0
volume_proxy 1531 0.345057489 0.470816365 -0.00678831893 0 0 0
volume_proxy 1533 1.14241315 -0.239551646 0.00462453627 0 0 0
volume_proxy 1534 0.643740409 0.951244683 0.00910264089 0 0 0
volume_proxy 1535 0.682097771 0.789008397 0.00289483324 0 0 0
volume_proxy 1536 -0.784768841 -0.749592028 -0.0057035169 0 0 0
volume_proxy 1537 -0.5635061 -0.765812014 -0.00182082067 0 0 0
