volume_proxy 0 0.425562108 0.0265887309 0.00235583169 0 0 0
volume_proxy 6 -0.506608307 0.94977201 0.0012379995 0 0 0
volume_proxy 11 1.46516473 0.789182916 0.00682677416 0 0 0
volume_proxy 12 0.996697236 -0.0030048958 -0.00023100577 0 0 0
volume_proxy 14 -1.10692879 0.61917866 0.00627017708 0 0 0
volume_proxy 23 0.50176949 -0.348224886 -0.00390354894 0 0 0
volume_proxy 38 -1.14636338 -0.563698065 0.0037304884 0 0 0
volume_proxy 40 -1.04242652 0.283872813 -0.00177843857 0 0 0
volume_proxy 50 -0.786685345 -0.575629751 -0.00269856234 0 0 0
volume_proxy 53 -1.17327908 0.14795199 -0.00081475095 0 0 0
volume_proxy 58 0.707522137 -0.841874812 0.00979713344 0 0 0
volume_proxy 60 0.207155851 0.832036228 0.00697711977 0 0 0
volume_proxy 85 -1.32568879 0.65214902 0.00186438358 0 0 0
volume_proxy 97 1.04542114 0.867237182 0.00686272999 0 0 0
volume_proxy 107 1.07044175 -0.0704263883 -0.0040322169 0 0 0
volume_proxy 127 -1.22789223 -0.644309519 -0.00186332528 0 0 0
volume_proxy 130 0.710043511 -0.199172055 0.0100327497 0 0 0
volume_proxy 140 -0.944693472 0.462618608 -0.0065657515 0 0 0
volume_proxy 157 0.822008371 -0.628507892 -0.000100436273 0 0 0
volume_proxy 159 1.3479032 0.579566667 -0.0055226997 0 0 0
volume_proxy 161 -0.13621103 0.673150754 -0.00890147204 0 0 0
volume_proxy 176 1.22710473 -0.0231778708 0.0104482314 0 0 0
volume_proxy 186 -0.546169157 0.0517999933 0.000330190359 0 0 0
volume_proxy 189 -0.620921376 -0.424202635 -0.00545515116 0 0 0
volume_proxy 195 -1.41845852 -0.87066435 0.00950862979 0 0 0
volume_proxy 196 0.781855391 0.202166171 -0.00902675744 0 0 0
volume_proxy 200 -1.44653582 -0.667602688 -0.00518491858 0 0 0
volume_proxy 202 0.310129399 0.326695743 -0.00763315276 0 0 0
volume_proxy 209 -0.914766643 0.0867504159 0.00910906008 0 0 0
volume_proxy 210 0.0997304029 0.939281637 0.002346663 0 0 0
volume_proxy 226 0.672808461 -0.914741878 -0.00632517595 0 0 0
volume_proxy 236 1.21039499 -0.472780341 0.00545745481 0 0 0
volume_proxy 247 0.94348923 0.69872981 -0.00387864794 0 0 0
volume_proxy 256 -0.997529384 0.619929456 0.00247441424 0 0 0
volume_proxy 259 0.387999129 0.706529911 0.00144076724 0 0 0
volume_proxy 269 -0.970787559 0.366822961 -0.00512930663 0 0 0
volume_proxy 277 -0.618056541 0.0142819734 -0.00766361941 0 0 0
volume_proxy 296 -1.12671713 0.763622975 -0.0101198823 0 0 0
volume_proxy 305 0.87160856 -0.363225356 -0.00429884819 0 0 0
volume_proxy 310 0.37380631 -0.237023908 0.0104598899 0 0 0
volume_proxy 344 -1.15154779 -0.487771788 -0.0062314458 0 0 0
volume_proxy 347 -0.703966599 0.934210824 -0.00281380838 0 0 0
volume_proxy 356 -0.644417302 0.00668519439 0.00191149026 0 0 0
volume_proxy 375 0.899226163 0.0578722881 0.00399413622 0 0 0
volume_proxy 388 1.14386233 0.00134106255 0.00496904156 0 0 0
volume_proxy 802 1.18471662 0.419790253 -0.00339810086 0 0 0
volume_proxy 1052 -0.963579647 -0.789472874 -0.00621770014 0 0 0
volume_proxy 1066 0.0899546432 0.301035872 -0.00466377145 0 0 0
volume_proxy 1120 -0.90520933 0.398740336 0.0104630949 0 0 0
volume_proxy 1166 -0.900970017 -0.228474623 0.0105639587 0 0 0
volume_proxy 1193 -1.0744741 -0.421408055 -0.00672206827 0 0 0
volume_proxy 1225 -0.715292507 -0.290763717 0.00769037013 0 0 0
volume_proxy 1245 -1.20973938 -0.159095828 0.00223659804 0 0 0
volume_proxy 1280 -0.303965495 0.653520074 0.00336671374 0 0 0
volume_proxy 1285 -1.23227261 0.635984712 -0.00132403554 0 0 0
volume_proxy 1295 0.465671492 0.128441185 0.000104281607 0 0 0
volume_proxy 1296 0.0937498173 -0.735994829 0.00686997957 0 0 0
volume_proxy 1340 0.80389283 0.668210521 -0.00806660431 0 0 0
volume_proxy 1380 -0.878803744 -0.0125750527 -0.000383040674 0 0 0
volume_proxy 1386 1.14365556 0.684718326 0.00751333514 0 0 0
volume_proxy 1397 0.764868236 0.841296782 -0.0032105686 0 0 0
volume_proxy 1409 -0.361021302 0.922363911 0.00377581743 0 0 0
volume_proxy 1413 0.875535349 0.669681674 0.0033132003 0 0 0
volume_proxy 1422 -0.0711189071 -0.454532897 0.00222856159 0 0 0
volume_proxy 1433 1.41757533 0.60222971 -0.0053556055 0 0 0
volume_proxy 1437 0.0124663929 -0.228279006 0.0015559511 0 0 0
volume_proxy 1447 1.15913146 -0.1864118 -0.00396859454 0 0 0
volume_proxy 1459 -1.17784797 -0.13303098 0.000336011736 0 0 0
volume_proxy 1460 0.137031588 0.589001994 0.00684488804 0 0 0
volume_proxy 1461 -0.838354742 0.878270412 -0.00792677653 0 0 0
volume_proxy 1466 -0.842024264 0.478570851 -0.000674605616 0 0 0
volume_proxy 1472 -1.39195739 0.777994117 -0.00904540293 0 0 0
volume_proxy 1474 1.21746817 -0.618346391 0.00915645565 0 0 0
volume_proxy 1481 0.793273556 0.847013907 0.00650767058 0 0 0
volume_proxy 1482 0.681862239 -0.0407643021 0.00991378306 0 0 0
volume_proxy 1485 0.384900116 -0.330864322 0.00417026453 0 0 0
volume_proxy 1489 0.146961963 -0.682703276 0.00849325274 0 0 0
volume_proxy 1490 0.938821154 0.840712933 0.00349653174 0 0 0
volume_proxy 1494 1.31923 -0.289609568 0.00952937009 0 0 0
volume_proxy 1496 -1.21032184 0.315192094 -0.00524113582 0 0 0
volume_proxy 1498 -0.215160066 0.203340547 0.00793972978 0 0 0
volume_proxy 1503 -0.868649963 -0.298389365 0.0057378591 0 0 0
volume_proxy 1506 0.352409273 0.576454158 -0.00195823994 0 0 0
volume_proxy 1507 -1.17586351 -0.0305836222 0.00341413614 0 0 0
volume_proxy 1508 -0.581827367 -0.27062612 0.00485107315 0 0 0
volume_proxy 1509 -1.18960544 0.044187176 0.00781180622 0 0 0
volume_proxy 1510 0.143151017 -0.671617291 -0.000736364635 0 0 0
volume_proxy 1511 1.15993946 0.439375052 0.00282232759 0 0 0
volume_proxy 1513 -1.34660861 0.709416771 -0.00450543253 0 0 0
volume_proxy 1515 0.808163149 -0.663813444 -0.00394787022 0 0 0
volume_proxy 1516 -0.320379526 -0.959265205 0.00971783523 0 0 0
volume_proxy 1517 -0.860428883 -0.493713178 -0.00360055411 0 0 0
volume_proxy 1519 -0.0848408304 -0.551276021 0.00415681822 0 0 0
volume_proxy 1520 0.264382712 -0.368813255 -0.00820646784 0 0 0
volume_proxy 1521 -1.21453577 -0.723957939 -0.00685474939 0 0 0
volume_proxy 1523 0.617838574 -0.15908275 -0.00263224536 0 0 0
volume_proxy 1525 -0.714968529 0.821087653 -0.00137727805 0 0 0
volume_proxy 1526 0.935914142 -0.716181854 0.00911117514 0 0 0
volume_proxy 1528 0.597488254 -0.74171388 -0.00457073127 0 0 0
volume_proxy 1529 -1.21534708 0.156865288 -0.00633379457 0 0 0
volume_proxy 1531 0.460790434 0.49081186 0.008957582 0 0 0
volume_proxy 1533 1.06556746 -0.353710591 0.00600558473 0 0 0
volume_proxy 1534 0.491472152 0.653552837 -0.00454988892 0 0 0
volume_proxy 1535 0.509314351 0.951323487 0.00484693238 0 0 0
volume_proxy 1536 -0.623684586 -0.811767919 0.00595447278 0 0 0
volume_proxy 1537 -0.652381559 -0.654313067 0.0056515524 0 0 0
