volume_proxy 0 1.47640982 -0.421043998 -0.00280383087 0 0 0
volume_proxy 5 0.896177399 0.0932229564 0.00984698064 0 0 0
volume_proxy 6 0.557025261 0.188789894 0.00386305309 0 0 0
volume_proxy 11 1.01225139 0.351003773 0.010172667 0 0 0
volume_proxy 12 1.46223149 -0.210908071 -0.00638592118 0 0 0
volume_proxy 14 -0.336236717 -0.418812529 -0.000715745726 0 0 0
volume_proxy 23 0.604211659 -0.610419084 0.00954613345 0 0 0
volume_proxy 38 0.846702692 0.199937044 0.00719463522 0 0 0
volume_proxy 40 -0.0809179554 -0.272473727 0.00381698419 0 0 0
volume_proxy 50 -0.452252222 -0.698164843 -0.00785361185 0 0 0
volume_proxy 53 -0.611274975 0.173033043 -0.00323494072 0 0 0
volume_proxy 58 1.27366312 -0.858245416 0.00532828365 0 0 0
volume_proxy 60 1.12451528 0.820260256 0.00971369188 0 0 0
volume_proxy 61 0.232451923 -0.810717618 -0.00627315189 0 0 0
volume_proxy 72 0.0380248279 0.204022515 0.00664053308 0 0 0
volume_proxy 85 -1.1900599 0.0662833047 -0.00571402613 0 0 0
volume_proxy 88 -0.942455174 -0.625255612 0.00343299953 0 0 0
volume_proxy 97 0.94776192 0.234634552 0.00623292622 0 0 0
volume_proxy 101 -1.37779855 0.495489664 0.00468841797 0 0 0
volume_proxy 105 0.194639108 -0.154620899 0.00960735079 0 0 0
volume_proxy 107 1.3850222 0.554889344 -0.00425162282 0 0 0
volume_proxy 127 -1.02922706 0.394029847 -0.00626485232 0 0 0
volume_proxy 130 1.29727065 0.56892438 -0.00672706479 0 0 0
volume_proxy 140 -0.294157173 0.0909299917 -0.00506464119 0 0 0
volume_proxy 157 1.37576269 -0.383970784 -0.00360573587 0 0 0
volume_proxy 159 0.561852532 0.0446212732 0.0078325304 0 0 0
volume_proxy 161 0.766911102 0.249087209 -0.00793658145 0 0 0
volume_proxy 176 0.681513266 -0.655053361 0.0101584695 0 0 0
volume_proxy 186 -0.555349136 0.158791854 -0.00300071643 0 0 0
volume_proxy 189 -0.896750597 0.914672715 -0.00270066999 0 0 0
volume_proxy 195 -0.182234862 0.347591489 -0.00479749476 0 0 0
volume_proxy 196 0.388222285 -0.283864904 -0.00967442229 0 0 0
volume_proxy 200 -0.430819877 -0.852902187 0.000497195095 0 0 0
volume_proxy 202 -0.866127567 0.73465292 -0.00543980257 0 0 0
volume_proxy 209 -1.02925258 0.310873139 0.0104291792 0 0 0
volume_proxy 210 -0.915637803 0.566152039 -0.00416832047 0 0 0
volume_proxy 226 -0.467555424 -0.648853999 0.00563176859 0 0 0
volume_proxy 236 0.462649222 0.954837599 0.00729589627 0 0 0
volume_proxy 247 0.52065606 0.498432277 -0.00276302657 0 0 0
volume_proxy 256 -0.572064973 0.174661808 -0.00727543903 0 0 0
volume_proxy 259 0.158534336 -0.107558552 -0.0107096659 0 0 0
volume_proxy 269 0.0720584579 0.0570496005 0.00572630038 0 0 0
volume_proxy 277 -1.24030304 -0.268711115 -0.0018066916 0 0 0
volume_proxy 296 -0.282925083 -0.377507478 0.00551187385 0 0 0
volume_proxy 305 0.477959488 -0.687221955 0.00546206481 0 0 0
volume_proxy 310 1.08113469 0.0740521043 -0.0100649488 0 0 0
volume_proxy 329 -0.414949896 -0.830526419 0.00809248606 0 0 0
volume_proxy 337 -0.906030064 0.997779996 0.00998563492 0 0 0
volume_proxy 344 -1.09396494 0.913207827 0.00517725215 0 0 0
volume_proxy 347 -0.528031488 -0.439983709 0.00606580792 0 0 0
volume_proxy 349 -0.524326218 0.105228084 0.00657914406 0 0 0
volume_proxy 356 0.441124422 0.727080065 -0.00359195368 0 0 0
volume_proxy 375 0.84423216 -0.408864634 0.000245462013 0 0 0
volume_proxy 388 -0.969409759 0.372804586 0.00281237577 0 0 0
volume_proxy 431 -1.23957773 -0.158450849 0.00270642701 0 0 0
volume_proxy 802 1.18012008 -0.0333024226 0.00224878071 0 0 0
volume_proxy 876 0.20927827 -0.999611067 -0.00298952007 0 0 0
volume_proxy 1052 0.248158101 -0.765350256 -0.000349469605 0 0 0
volume_proxy 1066 0.744657666 0.334223934 -0.00118706487 0 0 0
volume_proxy 1093 -0.0337810427 -0.0023293141 -0.00179622095 0 0 0
volume_proxy 1120 -0.553278422 0.670390804 -0.00634663142 0 0 0
volume_proxy 1166 -0.552218983 0.807772385 -0.00211454785 0 0 0
volume_proxy 1169 1.43379484 -0.818262631 0.00646034164 0 0 0
volume_proxy 1172 -0.134510381 0.854329297 -0.00813166751 0 0 0
volume_proxy 1186 -0.69318269 -0.541182447 0.000484322611 0 0 0
volume_proxy 1193 -0.563469015 0.111280285 -0.00805969321 0 0 0
volume_proxy 1219 -0.717015254 0.800479675 -0.000996087247 0 0 0
volume_proxy 1225 -0.0384180333 -0.321204893 0.00918758251 0 0 0
volume_proxy 1245 -1.47150763 0.741501808 -0.00866750983 0 0 0
volume_proxy 1270 0.0128402238 -0.0466647257 0.00239508647 0 0 0
volume_proxy 1280 -1.264569 0.893377995 -0.00751323638 0 0 0
volume_proxy 1285 -1.0544775 0.754357782 -0.00227332594 0 0 0
volume_proxy 1295 -1.18205924 0.73136986 -0.000285354124 0 0 0
volume_proxy 1296 0.000102290963 -0.242211605 -0.0106406036 0 0 0
volume_proxy 1301 -1.32376294 0.940749566 -0.00471053448 0 0 0
volume_proxy 1326 0.723547299 -0.170837043 0.00580941234 0 0 0
volume_proxy 1335 0.0160791954 -0.610145637 0.00296520697 0 0 0
volume_proxy 1340 0.927870067 0.639198822 0.000273634971 0 0 0
volume_proxy 1380 -0.204465982 0.386262385 -0.00300459537 0 0 0
volume_proxy 1386 0.551612395 0.92731154 0.00613291898 0 0 0
volume_proxy 1390 -1.46391085 0.916166334 -0.00725165369 0 0 0
volume_proxy 1392 -0.0148210143 -0.615074762 -0.00219735681 0 0 0
volume_proxy 1397 0.514959457 0.453939054 0.00622755581 0 0 0
volume_proxy 1398 -1.46528268 0.624176292 0.0027961132 0 0 0
volume_proxy 1403 0.321775999 -0.131888677 0.00369672749 0 0 0
volume_proxy 1405 -0.0739395395 0.709518629 0.00460744307 0 0 0
volume_proxy 1409 1.22698449 0.507054491 0.00256305957 0 0 0
volume_proxy 1413 0.515424255 0.844119826 -0.00573175886 0 0 0
volume_proxy 1418 -1.28730487 -0.186939403 -0.00127836812 0 0 0
volume_proxy 1420 -1.48716264 -0.063508224 0.0025164135 0 0 0
volume_proxy 1421 -1.32964338 -0.235058447 0.00671738445 0 0 0
volume_proxy 1422 1.05525873 -0.815488561 -0.0086926745 0 0 0
volume_proxy 1423 -0.579519208 0.969567368 0.0100974008 0 0 0
volume_proxy 1425 -1.27065108 -0.718402567 -0.000329094511 0 0 0
volume_proxy 1426 0.852317321 -0.542445288 0.000100254944 0 0 0
volume_proxy 1428 -0.149176176 0.659700273 -0.0042767809 0 0 0
volume_proxy 1429 0.947516494 -0.213561371 -0.00593952149 0 0 0
volume_proxy 1433 1.03221323 0.292146706 -0.00316370564 0 0 0
volume_proxy 1434 0.562240776 -0.431346501 -0.00280745752 0 0 0
volume_proxy 1436 -0.857373567 -0.931757473 0.00350604326 0 0 0
volume_proxy 1437 -0.320913718 -0.490848572 3.3131113e-05 0 0 0
volume_proxy 1439 -0.617510012 0.764347443 0.000711223215 0 0 0
volume_proxy 1440 0.553054032 -0.455449785 0.0088355215 0 0 0
volume_proxy 1444 -1.13849784 -0.376054243 -0.000413293529 0 0 0
volume_proxy 1445 0.434811754 -0.693450711 0.00512773365 0 0 0
volume_proxy 1447 1.48970666 -0.437373208 0.0084091362 0 0 0
volume_proxy 1454 -0.987181637 -0.685603877 0.00956609807 0 0 0
volume_proxy 1459 -0.927252088 0.985133955 0.00294661709 0 0 0
volume_proxy 1460 0.97843404 0.283761619 0.00429475768 0 0 0
volume_proxy 1461 -1.12574596 0.522907331 0.00776660171 0 0 0
volume_proxy 1462 -1.05765342 -0.719230774 -0.00555951904 0 0 0
volume_proxy 1464 -0.887856307 -0.884832718 0.00510745026 0 0 0
volume_proxy 1466 -1.26805857 -0.824915735 -0.00762301975 0 0 0
volume_proxy 1470 -1.34970263 -0.666779796 0.00649134927 0 0 0
volume_proxy 1471 -0.458840896 0.817831174 -0.00924352292 0 0 0
volume_proxy 1472 -0.556841215 0.866053319 -0.00448628834 0 0 0
volume_proxy 1474 1.00267671 -0.95523254 -0.00851272802 0 0 0
volume_proxy 1475 1.01740803 0.11683977 0.00240894187 0 0 0
volume_proxy 1481 1.19742361 0.591470943 -0.00794758519 0 0 0
volume_proxy 1482 0.345367136 -0.981665546 0.0104107099 0 0 0
volume_proxy 1483 0.0662829374 -0.950230807 0.00725822131 0 0 0
volume_proxy 1485 0.132955196 -0.33231601 -0.00209799937 0 0 0
volume_proxy 1486 0.956871233 -0.647800184 0.00423349198 0 0 0
volume_proxy 1489 -0.589612038 0.710735782 0.0048910454 0 0 0
volume_proxy 1490 0.874572472 0.999100074 -0.00503872141 0 0 0
volume_proxy 1491 -0.55182439 -0.362492463 0.00040286472 0 0 0
volume_proxy 1492 0.140357475 0.235399484 -0.00382555509 0 0 0
volume_proxy 1493 0.518303187 0.471304355 -0.0049915465 0 0 0
volume_proxy 1494 0.834145254 0.554521834 0.00116196374 0 0 0
volume_proxy 1495 1.06129058 -0.709635758 -0.00466196192 0 0 0
volume_proxy 1496 -1.0900507 0.781621648 0.0076464042 0 0 0
volume_proxy 1497 0.338961323 0.626889432 0.00255914152 0 0 0
