volume_proxy 0 -0.718435125 0.00895390295 -0.00218843357 0 0 0
volume_proxy 6 -0.0778581055 -0.0101807997 -0.00629949686 0 0 0
volume_proxy 11 0.86819892 0.6804776 -0.00781270161 0 0 0
volume_proxy 12 1.29917208 -0.466977897 -0.00748394031 0 0 0
volume_proxy 14 -1.42609857 0.680723782 0.00136712806 0 0 0
volume_proxy 23 1.10085537 0.0703984566 -0.00326691874 0 0 0
volume_proxy 38 -0.810477048 -0.807347595 -0.00998671967 0 0 0
volume_proxy 40 -1.47963786 -0.237083885 -0.000285746494 0 0 0
volume_proxy 50 -1.36462382 -0.685924095 0.00943397543 0 0 0
volume_proxy 53 -1.36340187 0.218205096 0.000484562546 0 0 0
volume_proxy 58 0.373771631 -0.419038798 -0.00420013035 0 0 0
volume_proxy 60 -0.47816463 0.609033501 -0.00566069194 0 0 0
volume_proxy 85 -1.06449787 0.81902442 -0.00942381582 0 0 0
volume_proxy 97 0.686682374 0.87618878 -0.00623201135 0 0 0
volume_proxy 107 0.176032181 0.60727142 -0.00304227613 0 0 0
volume_proxy 127 -1.43399397 -0.547098399 0.00380763021 0 0 0
volume_proxy 130 -0.00804962933 -0.421234934 -0.00406719149 0 0 0
volume_proxy 140 0.922669872 -0.0675197894 0.00940331075 0 0 0
volume_proxy 157 0.322156156 0.22172828 0.00753572721 0 0 0
volume_proxy 159 0.0525001718 0.697890725 -0.00796755656 0 0 0
volume_proxy 161 -0.260129521 -0.0198315239 -0.00704160504 0 0 0
volume_proxy 176 1.05381869 0.344731463 0.0102182886 0 0 0
volume_proxy 186 -0.898995177 0.227567616 -0.0103715509 0 0 0
volume_proxy 189 -0.772521476 -0.781591202 0.00213682369 0 0 0
volume_proxy 195 -0.793516059 -0.851190257 -0.0016428368 0 0 0
volume_proxy 196 -1.49609554 -0.0151563451 0.0086202561 0 0 0
volume_proxy 200 -1.34525151 0.931255085 0.000273988867 0 0 0
volume_proxy 202 -0.729952528 -0.430712444 -0.00182661044 0 0 0
volume_proxy 209 -1.06920489 -0.0110183774 0.00540214488 0 0 0
volume_proxy 210 0.492365109 0.257647525 -0.00493621482 0 0 0
volume_proxy 226 1.12245833 0.113474176 -0.00898270368 0 0 0
volume_proxy 236 0.399849623 0.76345722 0.00897835624 0 0 0
volume_proxy 247 0.104048223 -0.704565425 0.00840392874 0 0 0
volume_proxy 256 0.714222251 -0.795017767 0.0105466082 0 0 0
volume_proxy 259 0.825388041 0.129714652 -0.00738216666 0 0 0
volume_proxy 269 -1.41907659 0.72964075 0.01002833 0 0 0
volume_proxy 277 -1.11901315 0.149094344 0.00560563248 0 0 0
volume_proxy 296 -0.333290732 -0.264589436 0.00701452718 0 0 0
volume_proxy 305 0.237862901 -0.378424064 -0.00630063293 0 0 0
volume_proxy 310 1.47287746 0.473399035 -0.00353670723 0 0 0
volume_proxy 344 -0.439894438 -0.568180005 -0.00114501075 0 0 0
volume_proxy 347 -1.12756409 0.62917579 -0.00887647012 0 0 0
volume_proxy 356 -0.98333148 0.237191218 0.00433206069 0 0 0
volume_proxy 375 1.44558984 -0.0493419275 -0.00939904755 0 0 0
volume_proxy 388 1.43499964 -0.0602435813 0.00106329181 0 0 0
volume_proxy 1052 -1.44064916 -0.239606654 0.00428632381 0 0 0
volume_proxy 1066 -0.318159366 0.0171221698 0.00990482785 0 0 0
volume_proxy 1120 -1.16879715 0.665542715 0.0107421045 0 0 0
volume_proxy 1166 -0.83353754 -0.929672701 -0.00539517367 0 0 0
volume_proxy 1193 -0.814170399 -0.239691945 -0.00215133263 0 0 0
volume_proxy 1225 -1.19942365 -0.763934383 0.000932254599 0 0 0
volume_proxy 1245 -1.32523027 0.862577959 0.0095296843 0 0 0
volume_proxy 1280 -1.27400866 0.760611652 0.0096577806 0 0 0
volume_proxy 1285 -0.601938794 0.53151855 0.00397965623 0 0 0
volume_proxy 1295 0.74268827 0.579096574 -0.00711474913 0 0 0
volume_proxy 1296 -0.190930716 -0.215191348 0.00524263059 0 0 0
volume_proxy 1340 1.40171167 -0.0594763076 -0.00884564995 0 0 0
volume_proxy 1380 -1.39494914 -0.359584856 0.00216737277 0 0 0
volume_proxy 1386 1.06808113 0.52345561 -0.0104724368 0 0 0
volume_proxy 1397 0.398654557 0.702647012 -0.00898915495 0 0 0
volume_proxy 1409 0.662622442 0.112935592 0.00743721222 0 0 0
volume_proxy 1413 0.53248902 0.233475564 -0.00844218325 0 0 0
volume_proxy 1422 1.4487175 -0.980290235 -0.0106267966 0 0 0
volume_proxy 1433 1.41469356 0.777404585 0.00526917431 0 0 0
volume_proxy 1459 -0.999079262 -0.505148914 0.00482148073 0 0 0
volume_proxy 1460 -1.11487258 0.144973434 0.0104473011 0 0 0
volume_proxy 1461 -1.25394909 0.381551533 0.00116376719 0 0 0
volume_proxy 1472 -1.09531102 -0.314285486 -0.00798644512 0 0 0
volume_proxy 1474 1.23117189 -0.11713731 -0.0054250703 0 0 0
volume_proxy 1481 -0.457315052 0.577819077 -0.0041600457 0 0 0
volume_proxy 1482 0.659155147 0.117574865 -0.00386073678 0 0 0
volume_proxy 1485 0.599544495 -0.0689730802 0.00470329284 0 0 0
volume_proxy 1489 0.0129726365 -0.786100054 -0.00351191481 0 0 0
volume_proxy 1490 0.497865882 0.758677264 -0.00682722947 0 0 0
volume_proxy 1496 -1.42025151 0.352847572 0.00182747824 0 0 0
volume_proxy 1498 -0.239611573 -0.20601461 0.00037752992 0 0 0
volume_proxy 1503 -1.44977573 -0.92843435 -0.00549949907 0 0 0
volume_proxy 1506 0.0702185804 0.793954482 -0.00370989241 0 0 0
volume_proxy 1507 -0.0771222536 -0.14493183 -0.00578854626 0 0 0
volume_proxy 1508 -0.996626751 0.299649123 0.00461919738 0 0 0
volume_proxy 1509 -1.2224508 -0.276677397 0.00511977578 0 0 0
volume_proxy 1513 -1.26966548 0.0158420044 -0.00853995089 0 0 0
volume_proxy 1515 0.0673341107 -0.917181642 0.00926952814 0 0 0
volume_proxy 1516 0.00953019485 -0.559869314 0.00517144629 0 0 0
volume_proxy 1517 -1.34462485 -0.536351384 -0.00668552692 0 0 0
volume_proxy 1519 0.340356667 0.600357585 -0.0102835823 0 0 0
volume_proxy 1520 -0.11488358 -0.441671179 0.00708189302 0 0 0
volume_proxy 1521 -1.25362236 -0.389478948 -0.0030448275 0 0 0
volume_proxy 1523 -0.00833604949 -0.34013865 0.0097262327 0 0 0
volume_proxy 1525 -0.398520097 0.797066055 0.00176019244 0 0 0
volume_proxy 1526 1.34482366 -0.0992832541 -0.0107010038 0 0 0
volume_proxy 1528 1.00444167 -0.753208213 -0.000885484781 0 0 0
volume_proxy 1529 -0.946985843 -0.111588906 0.00549475638 0 0 0
volume_proxy 1531 0.434555093 0.758917335 0.00680168169 0 0 0
volume_proxy 1533 1.02108614 0.21844353 0.00343997018 0 0 0
volume_proxy 1534 -0.342619048 -0.0219710066 -0.00723460259 0 0 0
volume_proxy 1537 -1.01685033 -0.737493971 0.000674094569 0 0 0
volume_proxy 1538 1.0508056 -0.142042998 0.0103323697 0 0 0
volume_proxy 1539 0.195246097 0.815320225 -0.00810726229 0 0 0
volume_proxy 1540 1.26364811 0.0150726294 -0.003116173 0 0 0
volume_proxy 1542 -0.459272769 -0.965759034 0.00930654639 0 0 0
volume_proxy 1543 -0.408858694 -0.842149575 -0.00681744076 0 0 0
