volume_proxy 0 0.422819505 0.323860033 -0.00928951162 0 0 0
volume_proxy 5 1.34244684 -0.788701282 -0.00421648873 0 0 0
volume_proxy 6 -0.389652349 0.0987889522 -0.00531340404 0 0 0
volume_proxy 11 0.787337936 0.52517768 0.00256042008 0 0 0
volume_proxy 12 0.193846675 -0.828673033 0.0101158143 0 0 0
volume_proxy 14 -0.89704327 0.700215132 0.00499144014 0 0 0
volume_proxy 23 1.20741815 -0.894730922 0.00945148104 0 0 0
volume_proxy 38 0.735310654 -0.146217091 -0.00949800306 0 0 0
volume_proxy 40 -0.206170993 -0.228407266 -0.00349786658 0 0 0
volume_proxy 50 -1.05348288 -0.22444139 0.00271028421 0 0 0
volume_proxy 53 -0.209127985 0.956674636 -0.00893704409 0 0 0
volume_proxy 58 0.988409237 -0.909215917 -0.00540326918 0 0 0
volume_proxy 60 0.559216962 0.443704768 0.00201875321 0 0 0
volume_proxy 72 -0.296780511 -0.675718665 0.00781026088 0 0 0
volume_proxy 85 -0.722424937 -0.173265464 -0.00295284817 0 0 0
volume_proxy 97 0.811235554 0.506633632 0.00183096747 0 0 0
volume_proxy 107 1.1865176 0.89613027 -0.00192577238 0 0 0
volume_proxy 127 -1.22909881 -0.262606171 0.000178719171 0 0 0
volume_proxy 130 0.630698717 0.0305323692 -0.00348370077 0 0 0
volume_proxy 140 0.322583778 0.789656973 -0.00192369215 0 0 0
volume_proxy 157 1.2457238 0.0349905189 0.000362754795 0 0 0
volume_proxy 159 0.69976368 0.574594115 -0.00666047226 0 0 0
volume_proxy 161 0.726704439 0.450261394 -0.00868332626 0 0 0
volume_proxy 176 0.753561391 0.0627345038 0.00299083564 0 0 0
volume_proxy 186 -0.968820676 0.0720425892 0.0102987036 0 0 0
volume_proxy 189 -0.497496731 0.994028838 0.00224065852 0 0 0
volume_proxy 195 -0.292437378 -0.220699572 0.000471044201 0 0 0
volume_proxy 196 0.660165045 -0.73700667 -0.00950234945 0 0 0
volume_proxy 200 -0.419680169 -0.622735831 0.00258117683 0 0 0
volume_proxy 202 -0.370396435 0.384733678 0.00871137286 0 0 0
volume_proxy 209 -1.3674978 0.686001742 -0.0047694348 0 0 0
volume_proxy 210 -0.757593377 0.493166419 0.000196518796 0 0 0
volume_proxy 226 0.388517233 -0.993867057 0.00202134385 0 0 0
volume_proxy 236 1.0153356 0.777103218 -0.00369750274 0 0 0
volume_proxy 247 1.38492286 0.747400483 0.00645329895 0 0 0
volume_proxy 256 -0.330045319 0.834209776 -0.00435130826 0 0 0
volume_proxy 259 0.404985228 0.360288628 0.00280839719 0 0 0
volume_proxy 269 -0.295722077 -0.632073017 -0.00433866339 0 0 0
volume_proxy 277 -1.46910684 0.00166667939 -0.00231887849 0 0 0
volume_proxy 296 -0.403332041 -0.729809694 0.00819161632 0 0 0
volume_proxy 305 0.148806233 -0.0716949074 0.00216570251 0 0 0
volume_proxy 310 0.893211509 -0.87748659 -0.00113564972 0 0 0
volume_proxy 344 -0.968702735 0.803796243 -0.00490928712 0 0 0
volume_proxy 347 -0.429251499 -0.261394361 0.00676346228 0 0 0
volume_proxy 356 0.359133817 0.790881552 0.00884920276 0 0 0
volume_proxy 375 0.746846185 -0.888697591 0.00171283701 0 0 0
volume_proxy 388 -0.0457278653 0.364671019 -0.00576480769 0 0 0
volume_proxy 802 1.36124669 -0.139487847 -0.00567012944 0 0 0
volume_proxy 1052 -0.567556405 -0.61767746 0.00214041768 0 0 0
volume_proxy 1066 0.257734344 0.511830243 -0.000727635645 0 0 0
volume_proxy 1120 -0.764056132 0.456767671 -0.00163228848 0 0 0
volume_proxy 1166 -0.52778275 0.992877978 0.00620074366 0 0 0
volume_proxy 1169 0.811465388 -0.846745685 0.00567455927 0 0 0
volume_proxy 1193 -1.48565079 -0.498839984 0.00671663917 0 0 0
volume_proxy 1225 -0.454448522 -0.3119631 -0.00206850056 0 0 0
volume_proxy 1245 -1.45496683 0.792052028 0.00663935034 0 0 0
volume_proxy 1280 -1.27237665 0.154528811 -7.18084068e-05 0 0 0
volume_proxy 1285 -0.920300202 0.31915327 0.00853693702 0 0 0
volume_proxy 1295 -0.601654441 0.572539696 -0.00928610159 0 0 0
volume_proxy 1296 0.315444173 0.113259336 -0.0076082667 0 0 0
volume_proxy 1335 0.756260697 -0.666716215 -0.00661800706 0 0 0
volume_proxy 1340 1.07932038 0.120171261 0.0106650249 0 0 0
volume_proxy 1380 0.168295787 0.219466495 -0.00992795278 0 0 0
volume_proxy 1386 0.156330435 0.539594513 -0.000151193971 0 0 0
volume_proxy 1397 0.862884203 0.0657984512 0.00708385038 0 0 0
volume_proxy 1409 0.709307036 0.827053978 0.00312699866 0 0 0
volume_proxy 1413 1.41860712 0.490050187 -0.00294452433 0 0 0
volume_proxy 1420 -1.23677471 -0.0019292482 0.0070820465 0 0 0
volume_proxy 1422 1.31447935 -0.747427749 -0.00222358495 0 0 0
volume_proxy 1426 1.13967056 -0.124344 0.000667208772 0 0 0
volume_proxy 1429 1.20942865 -0.467865436 -0.00660512856 0 0 0
volume_proxy 1433 1.29266125 0.595861442 0.00755226165 0 0 0
volume_proxy 1434 -0.294372515 -0.979276449 -0.0100858891 0 0 0
volume_proxy 1437 0.00396514841 -0.0755691949 -0.00712511407 0 0 0
volume_proxy 1439 -0.235413398 0.760224958 0.0055970559 0 0 0
volume_proxy 1440 1.2248847 -0.385698966 -8.92945975e-05 0 0 0
volume_proxy 1445 -0.1897182 -0.718267303 -0.00403993726 0 0 0
volume_proxy 1447 0.901487997 -0.531102557 0.0031218409 0 0 0
volume_proxy 1459 -0.716038396 -0.10568039 0.00611316389 0 0 0
volume_proxy 1460 1.31571593 0.938837176 -0.00199221501 0 0 0
volume_proxy 1461 -0.888473284 0.584913283 -0.0061602939 0 0 0
volume_proxy 1466 -1.45246084 0.171250271 -0.00200405637 0 0 0
volume_proxy 1470 -1.40725585 -0.545743708 0.00132309154 0 0 0
volume_proxy 1471 -0.13088719 0.801984803 -0.00274695804 0 0 0
volume_proxy 1472 -1.06108671 0.371329308 -0.00642997033 0 0 0
volume_proxy 1474 0.964551949 -0.757513912 0.00898332438 0 0 0
volume_proxy 1481 1.09052697 0.689898849 -0.00232088769 0 0 0
volume_proxy 1482 0.481066872 -0.420108308 0.000543014721 0 0 0
volume_proxy 1485 0.126206909 -0.62709863 -0.010195738 0 0 0
volume_proxy 1486 1.17345111 -0.558130137 0.0100220046 0 0 0
volume_proxy 1489 -0.387354254 0.17216888 -0.00105435779 0 0 0
volume_proxy 1490 1.31731311 0.909733802 0.00995249084 0 0 0
volume_proxy 1492 0.520193019 0.893835721 0.00660440723 0 0 0
volume_proxy 1493 0.279508993 -0.00464254789 -0.00898653549 0 0 0
volume_proxy 1494 1.02010988 0.544722705 -0.00751217562 0 0 0
volume_proxy 1496 -1.03797515 0.272997659 0.00986309162 0 0 0
volume_proxy 1498 -1.14394477 0.164661563 0.00332492186 0 0 0
volume_proxy 1501 -0.953280459 -0.999128882 0.00189907747 0 0 0
volume_proxy 1503 -0.0534169888 0.192163697 0.00726140776 0 0 0
volume_proxy 1505 -0.225233372 0.88654149 -0.00948483233 0 0 0
volume_proxy 1506 0.57387435 0.921411216 0.00363376809 0 0 0
volume_proxy 1507 -1.15896715 -0.480892156 -0.00282859425 0 0 0
volume_proxy 1508 -0.650980862 -0.973626632 -0.00702164036 0 0 0
volume_proxy 1509 -1.42046712 0.699481633 0.00491508725 0 0 0
volume_proxy 1510 0.53367247 -0.242137478 -0.00586869831 0 0 0
volume_proxy 1511 1.01484865 0.781316193 0.00768602011 0 0 0
volume_proxy 1512 -1.15777625 0.69377467 0.0092023121 0 0 0
volume_proxy 1513 -0.556651018 0.779176953 -0.00502549393 0 0 0
volume_proxy 1514 -1.46776343 0.37848503 -0.00552049178 0 0 0
volume_proxy 1515 0.392844046 0.436461595 -0.00198576772 0 0 0
volume_proxy 1516 -0.882193977 -0.525346167 5.45071628e-05 0 0 0
volume_proxy 1517 -1.05348335 -0.70901753 -0.00596569168 0 0 0
volume_proxy 1518 -1.06606329 -0.129368727 -0.00850571559 0 0 0
volume_proxy 1519 0.133739158 -0.23158419 -0.000659293691 0 0 0
