volume_proxy 0 0.587420833 0.220143283 -0.00509292276 0 0 0
volume_proxy 5 0.966831517 -0.690505692 -0.00133847393 0 0 0
volume_proxy 6 -0.163371097 -0.320983988 0.0083876087 0 0 0
volume_proxy 11 0.902394743 0.437938894 -0.0098943222 0 0 0
volume_proxy 12 0.243728163 -0.715596643 -0.00988100495 0 0 0
volume_proxy 14 -0.745773624 0.0321669921 -0.00380441293 0 0 0
volume_proxy 23 0.70232018 -0.836333606 -0.00122007336 0 0 0
volume_proxy 38 0.64889666 0.329184432 0.00360525625 0 0 0
volume_proxy 40 -0.272794383 -0.0931310585 -0.000414205173 0 0 0
volume_proxy 50 -0.843104538 -0.326055743 0.0103249514 0 0 0
volume_proxy 53 -0.442467014 0.919938063 0.00270207789 0 0 0
volume_proxy 58 0.859632405 -0.990602479 0.00802033287 0 0 0
volume_proxy 60 0.49598352 0.455039135 0.00594647731 0 0 0
volume_proxy 72 0.0773099274 -0.0772771568 0.00833959132 0 0 0
volume_proxy 85 -0.967413733 0.151119016 0.00545643871 0 0 0
volume_proxy 97 0.897753297 0.0949677038 0.000705722442 0 0 0
volume_proxy 107 1.19168986 0.790594675 0.00167928478 0 0 0
volume_proxy 127 -1.40505207 0.0839898585 -0.00397548218 0 0 0
volume_proxy 130 1.01121025 0.285227457 0.000214503726 0 0 0
volume_proxy 140 -0.187137297 0.989940455 -0.00344913532 0 0 0
volume_proxy 157 1.02301408 0.0636286582 -0.00931871189 0 0 0
volume_proxy 159 0.238242765 0.840882782 -0.00161181079 0 0 0
volume_proxy 161 0.646508021 0.440666828 0.0104972467 0 0 0
volume_proxy 176 0.342495542 0.262726126 -0.00602831517 0 0 0
volume_proxy 186 -0.783108363 0.29070351 0.000463165899 0 0 0
volume_proxy 189 -1.10725697 0.94177715 -0.0054846914 0 0 0
volume_proxy 195 -0.219604608 -0.706032091 0.00932219452 0 0 0
volume_proxy 196 0.747225885 -0.599294205 -0.00996366777 0 0 0
volume_proxy 200 -0.3755666 -0.540715683 -0.00349166744 0 0 0
volume_proxy 202 -0.909063176 0.694705791 -0.00522102415 0 0 0
volume_proxy 209 -1.14412476 0.116022855 -0.00849010206 0 0 0
volume_proxy 210 -1.15403172 0.64928012 -0.00722278882 0 0 0
volume_proxy 226 0.0191716522 -0.64531874 0.00941725968 0 0 0
volume_proxy 236 1.22995323 0.801082792 -0.0105506459 0 0 0
volume_proxy 247 1.13434901 0.89683381 -0.00816177034 0 0 0
volume_proxy 256 -0.45564468 0.64510901 0.000648583347 0 0 0
volume_proxy 259 0.43185675 0.553330526 -0.00770639035 0 0 0
volume_proxy 269 -0.124881145 -0.379833994 0.00121772057 0 0 0
volume_proxy 277 -1.298012 0.0786723594 0.00296774137 0 0 0
volume_proxy 296 -0.402276862 -0.715759793 0.00198979006 0 0 0
volume_proxy 305 0.355410615 -0.394089508 -0.00347300253 0 0 0
volume_proxy 310 0.928839805 -0.647334999 -0.00962740599 0 0 0
volume_proxy 344 -0.784050431 0.71332675 -0.00795004548 0 0 0
volume_proxy 347 -0.279170309 0.17120582 0.00987519275 0 0 0
volume_proxy 349 -0.984536012 -0.300307632 0.00118870672 0 0 0
volume_proxy 356 0.192366912 0.938892171 -0.00533741262 0 0 0
volume_proxy 375 0.529331587 -0.77550803 0.00271195641 0 0 0
volume_proxy 388 -0.211538314 0.47359002 0.00549778538 0 0 0
volume_proxy 802 1.24762703 0.326646097 0.00141183673 0 0 0
volume_proxy 876 -0.132753206 -0.45274937 -0.00628190563 0 0 0
volume_proxy 1052 -0.510806098 -0.908421405 0.00803345761 0 0 0
volume_proxy 1066 0.59044038 0.699424723 0.000478951938 0 0 0
volume_proxy 1120 -0.895268825 0.637738076 -0.00919311781 0 0 0
volume_proxy 1166 -0.498478546 0.588691724 -0.00281159553 0 0 0
volume_proxy 1169 0.984556064 -0.827881153 -0.0102041666 0 0 0
volume_proxy 1186 -1.01526467 -0.106966171 0.00931041109 0 0 0
volume_proxy 1193 -0.766324316 -0.594952828 0.00477960501 0 0 0
volume_proxy 1225 -0.143847766 -0.256309774 -0.00753391347 0 0 0
volume_proxy 1245 -1.46987294 0.841488002 0.00842004773 0 0 0
volume_proxy 1280 -1.12396067 0.47910045 -0.00390669542 0 0 0
volume_proxy 1285 -0.808284084 0.508547687 -0.0086522507 0 0 0
volume_proxy 1295 -0.691303256 0.649500518 0.00660012668 0 0 0
volume_proxy 1296 0.11266883 -0.0244787203 -0.00151932767 0 0 0
volume_proxy 1335 0.696588683 -0.708667104 -0.00854534045 0 0 0
volume_proxy 1340 1.31709497 0.205222741 -0.0028402892 0 0 0
volume_proxy 1380 -0.264208947 0.309492062 -3.12651777e-05 0 0 0
volume_proxy 1386 0.238511074 0.512746616 -0.00398993324 0 0 0
volume_proxy 1397 0.991727307 0.288575343 0.00180498807 0 0 0
volume_proxy 1409 0.722282537 0.990801848 0.00898642561 0 0 0
volume_proxy 1413 1.07703346 0.537201013 -0.00512997815 0 0 0
volume_proxy 1420 -1.31686633 -0.0813988537 -0.000966804564 0 0 0
volume_proxy 1421 -1.08038897 -0.177587419 -0.00345052739 0 0 0
volume_proxy 1422 1.19959369 -0.8799593 -0.0079869457 0 0 0
volume_proxy 1426 0.70786394 0.0929641224 0.00555252767 0 0 0
volume_proxy 1429 1.07490957 -0.230999096 0.00463812315 0 0 0
volume_proxy 1433 1.3675946 0.497349007 0.00639313841 0 0 0
volume_proxy 1434 -0.124940921 -0.616087852 -0.00691763282 0 0 0
volume_proxy 1437 -0.234413463 -0.14351281 0.0103560936 0 0 0
volume_proxy 1439 -0.411341842 0.753966723 -0.0102646713 0 0 0
volume_proxy 1440 1.17231066 -0.546368031 0.0100946268 0 0 0
volume_proxy 1445 -0.145158715 -0.931857009 0.00214557708 0 0 0
volume_proxy 1447 1.09079246 -0.634840534 0.00593270463 0 0 0
volume_proxy 1459 -0.883199809 0.272964695 -0.00958906814 0 0 0
volume_proxy 1460 1.1430232 0.131118752 -0.00196316861 0 0 0
volume_proxy 1461 -1.27813842 0.546149975 0.00804505 0 0 0
volume_proxy 1462 -1.08119645 -0.273695872 0.002154016 0 0 0
volume_proxy 1466 -0.819058395 -0.284646314 -0.00133685416 0 0 0
volume_proxy 1470 -1.38818197 -0.567294572 -0.00919944666 0 0 0
volume_proxy 1471 -0.140895479 0.657517803 0.00743755322 0 0 0
volume_proxy 1472 -0.942972422 0.488105611 -0.00579669647 0 0 0
volume_proxy 1474 0.690264648 -0.501987902 -0.00169213368 0 0 0
volume_proxy 1481 1.4021721 0.690075205 -0.010741818 0 0 0
volume_proxy 1482 0.817086792 -0.692459165 -0.00913612267 0 0 0
volume_proxy 1485 0.289112531 -0.471833143 -0.00134581501 0 0 0
volume_proxy 1486 1.03266309 -0.375927176 -0.00256393661 0 0 0
volume_proxy 1489 -0.593309379 0.245819678 0.00636487507 0 0 0
volume_proxy 1490 1.12700948 0.828652796 -0.00390970001 0 0 0
volume_proxy 1492 0.507226505 0.536220984 -0.00176845417 0 0 0
volume_proxy 1493 0.159340275 0.485298735 0.00421780766 0 0 0
volume_proxy 1494 1.13659554 0.503900135 -0.00660264788 0 0 0
volume_proxy 1496 -1.20207245 0.233833429 0.00986388922 0 0 0
volume_proxy 1497 0.094100939 -0.100254568 0.0059181081 0 0 0
volume_proxy 1498 -1.22298252 0.328375483 -0.00856795103 0 0 0
volume_proxy 1501 -1.03062498 -0.828722251 -0.00301674769 0 0 0
volume_proxy 1503 -0.212688355 -0.0147202705 0.00016920928 0 0 0
volume_proxy 1505 -0.0802235882 0.982521644 -0.00793171421 0 0 0
volume_proxy 1506 0.506625954 0.73383544 -0.000911150511 0 0 0
volume_proxy 1507 -1.23850112 -0.51609612 -0.00799916664 0 0 0
volume_proxy 1508 -0.620647231 -0.985574682 -0.00233594207 0 0 0
volume_proxy 1509 -1.45217001 0.599402435 0.00748404371 0 0 0
volume_proxy 1510 0.548335503 -0.631941308 0.00654510037 0 0 0
volume_proxy 1511 1.15373257 0.437032068 0.00283612822 0 0 0
volume_proxy 1512 -1.13210769 0.338263253 0.00760083957 0 0 0
volume_proxy 1513 -0.833665652 0.775421948 0.00660845836 0 0 0
volume_proxy 1514 -1.15651389 0.366413601 -0.0048187696 0 0 0
volume_proxy 1515 0.315343974 0.597337662 0.0106376672 0 0 0
volume_proxy 1516 -0.667261452 -0.871922477 -0.0016890568 0 0 0
