volume_proxy 0 0.18087 0.607342914 -0.0105769442 0 0 0
volume_proxy 5 0.820799612 -0.510391165 -0.00863079552 0 0 0
volume_proxy 6 -0.0524889037 -0.214284167 -0.00699937639 0 0 0
volume_proxy 11 1.47140745 0.65474553 0.0066390076 0 0 0
volume_proxy 12 0.613720893 -0.518091983 0.00953182894 0 0 0
volume_proxy 14 -0.825258993 0.81238978 0.00449292204 0 0 0
volume_proxy 23 1.42452838 -0.928951877 0.00184339363 0 0 0
volume_proxy 38 -0.0680142604 -0.495359661 -0.00614313767 0 0 0
volume_proxy 40 -0.884460322 -0.415747058 0.00315601013 0 0 0
volume_proxy 50 -0.64993575 -0.341833562 0.000233132714 0 0 0
volume_proxy 53 -1.17987459 0.620505148 0.00945147162 0 0 0
volume_proxy 58 0.875782515 -0.96238056 0.00381837237 0 0 0
volume_proxy 60 0.210520768 0.388742989 -0.00476251734 0 0 0
volume_proxy 85 -0.9730742 0.619514123 0.00236113415 0 0 0
volume_proxy 97 0.936966585 0.673666455 -0.00870570072 0 0 0
volume_proxy 107 1.39576616 -0.310251257 0.00223532156 0 0 0
volume_proxy 127 -1.22328694 -0.559002669 0.00778175519 0 0 0
volume_proxy 130 0.871145136 0.871673571 -0.00194314737 0 0 0
volume_proxy 140 -0.851676055 0.919356806 -0.000272713059 0 0 0
volume_proxy 157 0.891109402 0.66821498 0.0104457243 0 0 0
volume_proxy 159 0.949822031 0.22690316 0.0072974298 0 0 0
volume_proxy 161 0.912560009 0.652864197 0.00908900068 0 0 0
volume_proxy 176 0.853870235 -0.0839086686 -0.00258667178 0 0 0
volume_proxy 186 -1.26244253 -0.330044837 -0.00929121917 0 0 0
volume_proxy 189 -1.05396979 0.765604307 0.00343644231 0 0 0
volume_proxy 195 -0.628389741 -0.010012226 -0.00499578105 0 0 0
volume_proxy 196 0.978840132 0.174134215 0.00625395527 0 0 0
volume_proxy 200 -0.515406249 -0.808361147 0.00118109905 0 0 0
volume_proxy 202 0.0187525066 0.73532064 0.00957477537 0 0 0
volume_proxy 209 -1.18294835 -0.226033407 -0.00882646816 0 0 0
volume_proxy 210 -0.574620198 0.852348368 -0.00749146661 0 0 0
volume_proxy 226 0.358874663 -0.0406487117 -0.00843723323 0 0 0
volume_proxy 236 1.03029985 0.316611727 -0.0107016201 0 0 0
volume_proxy 247 0.306352639 0.933154777 -0.00843873492 0 0 0
volume_proxy 256 -1.33341503 0.775402557 0.00827409374 0 0 0
volume_proxy 259 0.953253401 0.411534662 0.00154188328 0 0 0
volume_proxy 269 -1.10902567 -0.0793727124 -0.0024167548 0 0 0
volume_proxy 277 -0.814140467 0.0459679449 0.00634841607 0 0 0
volume_proxy 296 -1.47264763 0.571045398 -0.00351541323 0 0 0
volume_proxy 305 1.01504279 -0.379947577 -0.00501321888 0 0 0
volume_proxy 310 -0.150014855 -0.809165628 0.000221132084 0 0 0
volume_proxy 344 -1.10235299 0.876848958 0.0059243327 0 0 0
volume_proxy 347 -0.0866773071 0.974917738 0.00999819534 0 0 0
volume_proxy 356 -0.769195031 0.47394054 0.00373763837 0 0 0
volume_proxy 375 0.830494772 -0.821917296 -0.00727500499 0 0 0
volume_proxy 388 0.930707044 -0.314860055 -0.0067688287 0 0 0
volume_proxy 802 1.39678357 -0.260975026 -0.0027868018 0 0 0
volume_proxy 1052 -1.14409752 -0.733372881 0.0106260891 0 0 0
volume_proxy 1066 -0.681530939 0.241226127 0.0080965419 0 0 0
volume_proxy 1120 -0.31588452 0.407619709 -0.00449731287 0 0 0
volume_proxy 1166 -0.665804726 0.313907232 -0.00326923856 0 0 0
volume_proxy 1169 1.01957979 -0.997961302 -0.000629247145 0 0 0
volume_proxy 1193 -1.40575493 -0.458983288 -0.000668083944 0 0 0
volume_proxy 1225 -0.385377699 -0.331274242 -0.00613399515 0 0 0
volume_proxy 1245 -1.36999714 -0.225432973 0.00299753895 0 0 0
volume_proxy 1280 -0.781025364 0.776417461 0.0072396638 0 0 0
volume_proxy 1285 -1.26171496 0.00954694357 0.00241339069 0 0 0
volume_proxy 1295 -0.35167418 -0.179498901 -0.000807981383 0 0 0
volume_proxy 1296 0.351631108 -0.549700117 0.00129978329 0 0 0
volume_proxy 1340 0.827372527 0.688738717 0.00478568051 0 0 0
volume_proxy 1380 -0.166752448 0.812018642 0.000456947152 0 0 0
volume_proxy 1386 0.802011059 0.486549266 0.000368262463 0 0 0
volume_proxy 1397 1.4908959 0.828402435 0.00338089201 0 0 0
volume_proxy 1409 0.320632607 0.878804602 -0.00768688961 0 0 0
volume_proxy 1413 1.01707317 0.735149881 -0.000320356963 0 0 0
volume_proxy 1422 0.466855432 -0.362597053 -0.00448017734 0 0 0
volume_proxy 1433 1.0820313 0.813318904 -0.00590126578 0 0 0
volume_proxy 1434 -0.109286546 -0.962823408 0.00498271016 0 0 0
volume_proxy 1437 -0.168378678 -0.0448209567 -0.000154356359 0 0 0
volume_proxy 1439 0.184187691 0.755160427 0.0106127663 0 0 0
volume_proxy 1447 0.824429659 -0.246581253 0.00571829207 0 0 0
volume_proxy 1459 -0.944501709 0.446019594 0.0030854081 0 0 0
volume_proxy 1460 0.238929109 0.308957668 0.00654422438 0 0 0
volume_proxy 1461 -0.907028508 0.582729029 -0.00241311143 0 0 0
volume_proxy 1466 -0.514476504 0.0179819525 -0.00293692679 0 0 0
volume_proxy 1472 -0.701777485 0.36825698 -0.0103523279 0 0 0
volume_proxy 1474 0.700890838 -0.612301587 -0.00364026447 0 0 0
volume_proxy 1481 0.653343095 0.353424092 -0.00457657561 0 0 0
volume_proxy 1482 1.15921503 0.218849176 -0.00964828871 0 0 0
volume_proxy 1485 0.466605595 -0.555893285 -0.00117797105 0 0 0
volume_proxy 1489 -0.020924492 -0.404294789 0.00923115677 0 0 0
volume_proxy 1490 1.39879613 0.994992109 -0.000440963195 0 0 0
volume_proxy 1494 1.20140749 -0.135466229 -0.00014165307 0 0 0
volume_proxy 1496 -1.03311301 0.410369948 -0.0084991115 0 0 0
volume_proxy 1498 -0.121549699 0.355199293 -0.00557547988 0 0 0
volume_proxy 1501 -0.453403019 -0.679729866 0.00772023151 0 0 0
volume_proxy 1503 0.33837011 -0.048618459 -0.00647072978 0 0 0
volume_proxy 1506 0.204466533 0.92906342 0.0103712425 0 0 0
volume_proxy 1507 -1.27448563 -0.424888398 0.00079977601 0 0 0
volume_proxy 1508 -0.781830717 -0.635891481 0.00855605556 0 0 0
volume_proxy 1509 -1.45834103 0.683793796 0.00603830703 0 0 0
volume_proxy 1510 0.174420197 -0.787231076 -0.000414963045 0 0 0
volume_proxy 1511 1.44653428 0.352547943 -0.0071855446 0 0 0
volume_proxy 1513 -1.38787143 0.609880513 0.00947004037 0 0 0
volume_proxy 1515 0.828080818 0.0950500931 -0.0045306541 0 0 0
volume_proxy 1516 -0.186666756 -0.951277672 -0.00898738332 0 0 0
volume_proxy 1517 -0.861549244 -0.589931031 0.00350691226 0 0 0
volume_proxy 1519 0.413265698 -0.292356229 -0.00541486483 0 0 0
volume_proxy 1520 0.414688397 -0.18397354 -0.0098971412 0 0 0
volume_proxy 1521 -0.497393738 -0.168900294 -0.00768170229 0 0 0
volume_proxy 1522 0.67566072 0.578379492 0.000138341401 0 0 0
volume_proxy 1523 1.30027573 -0.178932476 0.00893176037 0 0 0
volume_proxy 1525 -0.946625828 0.922238712 -0.00383894111 0 0 0
volume_proxy 1526 1.10402699 -0.286729102 0.00849090069 0 0 0
volume_proxy 1528 0.524675321 -0.515907667 -0.000970080649 0 0 0
volume_proxy 1529 -0.927232973 -0.0516188198 -0.00524959267 0 0 0
volume_proxy 1530 -0.784551331 -0.159217397 -0.0089437235 0 0 0
volume_proxy 1531 0.49178863 0.520325787 -0.00913725271 0 0 0
