volume_proxy 0 1.08260574 -0.160044011 -0.00921460066 0 0 0
volume_proxy 4 0.820085762 0.564026316 0.00980531172 0 0 0
volume_proxy 5 -0.539432953 0.0069867994 -0.00482236631 0 0 0
volume_proxy 6 1.4534561 0.298354406 0.010211982 0 0 0
volume_proxy 11 -0.612991156 0.941057848 0.00599564008 0 0 0
volume_proxy 12 0.421806601 -0.308094622 0.00123466709 0 0 0
volume_proxy 13 -1.19692344 -0.996675224 5.13141509e-05 0 0 0
volume_proxy 14 0.501576753 0.216858193 0.0035666588 0 0 0
volume_proxy 15 -0.540573918 -0.826512585 -0.00488775262 0 0 0
volume_proxy 17 -0.575731034 -0.121053494 -0.00681272123 0 0 0
volume_proxy 22 0.921944631 0.720951902 0.000666089872 0 0 0
volume_proxy 23 -0.678021044 -0.17837285 -0.00433472012 0 0 0
volume_proxy 31 -0.797572798 0.586554819 0.00308171622 0 0 0
volume_proxy 36 0.551512036 0.974010027 0.00982070024 0 0 0
volume_proxy 38 0.524501269 -0.045102254 -0.00307373808 0 0 0
volume_proxy 40 0.136728077 -0.844920702 -0.00850316267 0 0 0
volume_proxy 46 0.659089981 -0.720817598 -0.00940170186 0 0 0
volume_proxy 47 0.896635421 0.012861152 0.00153130083 0 0 0
volume_proxy 49 0.0867066012 -0.570059072 -0.00849960341 0 0 0
volume_proxy 50 0.0131141134 -0.84541742 0.00293215793 0 0 0
volume_proxy 52 -1.32140445 -0.500388849 0.00409302222 0 0 0
volume_proxy 53 0.398284655 -0.737393061 -0.00305764636 0 0 0
volume_proxy 57 -1.43064302 -0.145966299 -0.0034953331 0 0 0
volume_proxy 58 0.521931678 -0.690212324 -0.0019217097 0 0 0
volume_proxy 59 -0.840010796 0.832259135 0.00889404242 0 0 0
volume_proxy 60 -0.165472203 0.63879351 -0.0106088216 0 0 0
volume_proxy 61 -1.47329571 -0.285431718 -0.00634976786 0 0 0
volume_proxy 62 -0.0846430164 0.348983366 0.000162957824 0 0 0
volume_proxy 64 -0.602830749 -0.129098037 0.00623662297 0 0 0
volume_proxy 69 -0.836056548 -0.238525603 -0.00399178144 0 0 0
volume_proxy 72 0.549782127 -0.0558799025 0.00941819501 0 0 0
volume_proxy 81 -1.41684465 0.266139085 0.00127478017 0 0 0
volume_proxy 85 -0.349189597 0.40562073 -0.00431480269 0 0 0
volume_proxy 87 1.02619248 0.949777165 -0.00409791123 0 0 0
volume_proxy 88 -1.09226031 0.182560279 0.00169591266 0 0 0
volume_proxy 94 -0.186409544 -0.698518289 0.00397532589 0 0 0
volume_proxy 97 1.12554889 -0.0658939987 -0.00568309201 0 0 0
volume_proxy 101 -0.838756549 0.61494365 0.00847390014 0 0 0
volume_proxy 102 0.106407701 -0.347909318 -0.00148539641 0 0 0
volume_proxy 105 -0.676585083 -0.696826992 0.00730846224 0 0 0
volume_proxy 106 -0.256938018 -0.483897357 -0.00467844163 0 0 0
volume_proxy 107 0.2364597 0.367004083 -0.00155137301 0 0 0
volume_proxy 108 1.05844308 -0.157822956 0.00749466303 0 0 0
volume_proxy 113 -0.551299001 -0.0505851324 0.00610222874 0 0 0
volume_proxy 125 -0.856942168 -0.16397699 -0.0102458727 0 0 0
volume_proxy 126 -0.100148471 -0.598264449 -0.00206847961 0 0 0
volume_proxy 127 0.220753965 0.0343080744 0.0041268101 0 0 0
volume_proxy 130 1.00242322 -0.11651669 0.00991445716 0 0 0
volume_proxy 131 0.573000644 0.553745662 6.30563139e-05 0 0 0
volume_proxy 132 0.519475206 0.928062122 0.0071391605 0 0 0
volume_proxy 135 0.696062178 -0.982874535 0.00585118488 0 0 0
volume_proxy 140 -0.960106158 0.845444956 -0.00493059427 0 0 0
volume_proxy 145 -0.73735417 -0.365318934 -0.006951392 0 0 0
volume_proxy 146 1.41470785 -0.314201517 0.00534828502 0 0 0
volume_proxy 149 -1.12616542 0.89803849 -0.0073471418 0 0 0
volume_proxy 157 0.893352415 0.465560541 -0.00467001257 0 0 0
volume_proxy 159 -0.867595932 -0.498359827 0.00613617936 0 0 0
volume_proxy 161 -0.0942821929 -0.0550548457 0.00945846576 0 0 0
volume_proxy 163 -1.48836548 0.176746614 -0.00711352089 0 0 0
volume_proxy 169 1.03264163 0.163906314 -5.06132482e-05 0 0 0
volume_proxy 176 0.118304168 0.0167538745 -0.0054197972 0 0 0
volume_proxy 178 -0.710733503 0.167244971 -0.00878497692 0 0 0
volume_proxy 186 -0.475340431 -0.413198799 0.000916552551 0 0 0
volume_proxy 189 -0.731820838 0.500295806 0.00510049796 0 0 0
volume_proxy 194 0.261462929 -0.964386934 -0.00876160218 0 0 0
volume_proxy 195 -0.916788435 0.399887222 0.00577688249 0 0 0
volume_proxy 196 0.503347353 0.527025598 0.00413706946 0 0 0
volume_proxy 198 1.25289894 -0.599954257 -0.00154233774 0 0 0
volume_proxy 200 -1.14004435 -0.100504535 -0.00577193896 0 0 0
volume_proxy 201 -1.08830475 0.330413502 -0.00588625418 0 0 0
volume_proxy 202 -0.592604651 0.673493485 -0.0055044831 0 0 0
volume_proxy 206 0.325581296 -0.758967029 -0.00745912842 0 0 0
volume_proxy 208 -1.14723164 0.398048677 0.00952077443 0 0 0
volume_proxy 209 -0.920612512 -0.311381812 0.0107615145 0 0 0
volume_proxy 210 0.168121795 0.172980478 0.00954787443 0 0 0
volume_proxy 213 0.143014928 -0.0978295737 0.00631090572 0 0 0
volume_proxy 223 -1.23413656 0.108560231 0.00335108615 0 0 0
volume_proxy 224 1.25220909 -0.910107877 -0.00919602857 0 0 0
volume_proxy 226 -1.03277404 -0.832249028 0.0071308662 0 0 0
volume_proxy 228 -0.117164692 0.268948207 0.00571424514 0 0 0
volume_proxy 230 0.344353628 0.995558754 0.00325246766 0 0 0
volume_proxy 232 0.578145298 0.529463476 0.00498147045 0 0 0
volume_proxy 236 0.834808088 0.0720327207 -0.000275635798 0 0 0
volume_proxy 237 0.357671887 0.668627282 -0.00506350522 0 0 0
volume_proxy 242 1.00439552 0.380004212 -0.00786956326 0 0 0
volume_proxy 244 0.637718649 0.740662964 0.00533816451 0 0 0
volume_proxy 247 1.14138017 -0.196462941 0.00959043026 0 0 0
volume_proxy 251 0.564998404 0.806190604 0.00165925977 0 0 0
volume_proxy 256 0.274092702 -0.654555409 -0.0057993172 0 0 0
volume_proxy 257 0.0931790123 0.462174726 0.00508003198 0 0 0
volume_proxy 258 0.362368114 -0.183700681 -0.00339067054 0 0 0
volume_proxy 259 0.536770109 0.317633249 0.00623672873 0 0 0
volume_proxy 269 0.891291705 -0.040715441 0.00967546629 0 0 0
volume_proxy 271 -1.46765045 0.787062324 0.00983250806 0 0 0
volume_proxy 273 1.38409473 0.442844024 0.00548193054 0 0 0
volume_proxy 276 0.443647871 -0.0191809101 0.00245195829 0 0 0
volume_proxy 277 -0.537536095 -0.713939101 -0.0015907981 0 0 0
volume_proxy 279 -0.425512228 -0.678815805 0.000667701236 0 0 0
volume_proxy 281 -1.2818582 0.874857759 -0.00653467814 0 0 0
volume_proxy 284 -0.796537962 0.655216857 0.00581961491 0 0 0
volume_proxy 285 -0.583437232 -0.801266163 0.0103683119 0 0 0
volume_proxy 294 -0.20998004 0.869864802 -0.00498091647 0 0 0
volume_proxy 296 0.3760132 -0.372728256 -0.00147333735 0 0 0
volume_proxy 297 1.21630838 0.222965356 0.00799864658 0 0 0
volume_proxy 298 1.03430969 -0.94489048 -0.00538644181 0 0 0
volume_proxy 305 0.410051291 -0.143658812 0.00595365881 0 0 0
volume_proxy 309 0.755799405 0.760039163 -0.00022767854 0 0 0
volume_proxy 310 0.62116389 0.274044112 0.00846879211 0 0 0
volume_proxy 311 0.250945439 -0.95109376 0.00391037742 0 0 0
volume_proxy 312 0.411331827 0.01443266 -0.00201695629 0 0 0
volume_proxy 314 -0.687507832 0.277198809 -0.00889830892 0 0 0
volume_proxy 315 -0.104152167 0.140733502 -0.000974388305 0 0 0
volume_proxy 316 -0.214110604 -0.0355575882 0.00520157586 0 0 0
volume_proxy 318 -1.48234704 0.0231570327 0.00332314253 0 0 0
volume_proxy 319 0.147314239 -0.632505169 0.00522596746 0 0 0
volume_proxy 321 -0.240207865 -0.953399178 -0.00222983468 0 0 0
volume_proxy 322 0.734127445 0.45193024 -0.0075804235 0 0 0
volume_proxy 324 -1.07999553 -0.971755176 0.00117978892 0 0 0
volume_proxy 329 0.180732194 0.908805434 0.0107144102 0 0 0
volume_proxy 330 0.0700454857 -0.339994535 -0.00786813388 0 0 0
volume_proxy 335 -1.28317011 -0.0851893813 -0.00141824391 0 0 0
volume_proxy 337 -0.701651093 0.556081784 0.00698877161 0 0 0
volume_proxy 338 -0.4500576 -0.17727841 -0.00338285246 0 0 0
volume_proxy 339 -0.667216614 -0.340650789 -0.00774505926 0 0 0
volume_proxy 343 -0.187398164 0.835889587 -0.0106129574 0 0 0
volume_proxy 344 0.62860127 0.294382985 0.0104442545 0 0 0
volume_proxy 345 -0.761982142 -0.15456008 -0.0106743976 0 0 0
volume_proxy 347 0.0658591476 -0.182034737 0.00569003159 0 0 0
volume_proxy 349 0.565306323 0.0937339951 -0.00533600187 0 0 0
volume_proxy 350 -0.681279335 0.7506804 -0.00776582652 0 0 0
volume_proxy 356 0.764804509 0.532005982 0.0036971879 0 0 0
volume_proxy 358 1.31636015 0.583177364 -0.00840526547 0 0 0
volume_proxy 370 0.973813377 0.418582672 -0.00868660457 0 0 0
volume_proxy 371 -1.33116717 0.341764812 0.00939115466 0 0 0
volume_proxy 375 0.80492038 0.266307788 0.00977329599 0 0 0
volume_proxy 377 0.649385402 0.401937524 -0.0045155216 0 0 0
volume_proxy 380 -0.39513048 -0.727801917 -0.00858925923 0 0 0
volume_proxy 382 -0.461874206 -0.994462348 -0.00377947132 0 0 0
volume_proxy 383 0.775194127 -0.992533353 -0.00981003019 0 0 0
volume_proxy 384 -0.208654519 0.723695099 -0.00721209275 0 0 0
volume_proxy 388 -1.46975784 -0.0655700968 0.00831693654 0 0 0
volume_proxy 392 -0.00302173136 0.864738234 -0.00616210014 0 0 0
volume_proxy 393 1.33831945 0.122348373 -0.00233335192 0 0 0
volume_proxy 396 -0.836408105 0.781393264 0.0062254025 0 0 0
volume_proxy 397 1.0228576 0.407504698 -0.00972007075 0 0 0
volume_proxy 399 1.32378604 -0.928356927 -0.00952315135 0 0 0
volume_proxy 400 -0.0333474891 -0.536279225 -0.0104668566 0 0 0
volume_proxy 402 -0.90245262 -0.641245018 -0.00452661924 0 0 0
volume_proxy 409 -0.506154088 -0.753262813 -0.00223003579 0 0 0
volume_proxy 412 1.23544624 -0.451038245 0.0101149415 0 0 0
volume_proxy 415 -0.716530296 -0.807278155 -0.00242157163 0 0 0
volume_proxy 418 -0.531977691 -0.468429216 0.00286904455 0 0 0
volume_proxy 425 -0.0791944546 -0.281976272 -0.00717903796 0 0 0
volume_proxy 431 -1.49826613 -0.859089083 -0.00507218785 0 0 0
volume_proxy 435 -1.0695936 -0.688904849 -0.00363549828 0 0 0
volume_proxy 442 -0.00612403066 -0.550777878 -0.00745361038 0 0 0
volume_proxy 462 -0.855730742 -0.931585194 -0.00137702311 0 0 0
volume_proxy 463 0.130072683 -0.407327109 0.00846457669 0 0 0
volume_proxy 470 1.26072919 0.449012 -0.0029109107 0 0 0
volume_proxy 493 -0.643791586 -0.861651344 0.000791350766 0 0 0
volume_proxy 495 -0.746477813 -0.968785949 -0.0107983787 0 0 0
volume_proxy 497 -1.32180367 -0.867090499 0.00428898773 0 0 0
volume_proxy 499 1.26118531 -0.817333066 -0.00495385889 0 0 0
volume_proxy 502 0.749419174 0.0662510197 0.00350976488 0 0 0
volume_proxy 512 0.371848442 -0.862976865 -0.00563817409 0 0 0
volume_proxy 513 0.873845657 0.102546935 0.00121857635 0 0 0
volume_proxy 518 1.12574654 -0.586692845 -0.000775621504 0 0 0
volume_proxy 544 0.807115918 0.723469322 0.00962567059 0 0 0
volume_proxy 547 1.09444694 0.793976195 0.00766247728 0 0 0
volume_proxy 549 0.31034071 -0.862808026 0.00862816058 0 0 0
volume_proxy 559 1.23163199 0.686424654 -0.00504016952 0 0 0
volume_proxy 561 1.48228318 0.445503409 -0.0079290794 0 0 0
volume_proxy 572 0.144962333 -0.20674129 -0.0035759404 0 0 0
volume_proxy 578 -0.755823686 0.825858985 0.00127832602 0 0 0
volume_proxy 581 1.46765826 0.629181246 0.00770898477 0 0 0
volume_proxy 591 -0.853663403 0.470694216 0.00230182888 0 0 0
volume_proxy 594 -1.17048192 0.538171174 -0.00775517475 0 0 0
volume_proxy 603 0.366354772 -0.277443537 -0.00881560943 0 0 0
volume_proxy 608 -0.5310876 -0.545644042 0.00477725688 0 0 0
volume_proxy 615 1.01285143 -0.637425874 -0.001054895 0 0 0
volume_proxy 616 1.35060967 0.24683983 0.0051227651 0 0 0
volume_proxy 626 1.00497584 -0.0767683691 0.00275772292 0 0 0
volume_proxy 634 -0.620288587 0.503456819 -0.00391679343 0 0 0
volume_proxy 637 -1.2601577 -0.963335868 0.00176464637 0 0 0
volume_proxy 647 -0.181005316 0.764028715 -0.00326786298 0 0 0
volume_proxy 656 -0.213846201 0.17848151 -0.00831034983 0 0 0
volume_proxy 664 1.43099124 -0.70765978 0.00627717516 0 0 0
volume_proxy 665 -0.963326463 -0.836347111 -0.0104209171 0 0 0
volume_proxy 669 1.1337635 -0.0624422056 -0.00178357629 0 0 0
volume_proxy 682 0.25797337 0.877774879 0.00847526962 0 0 0
volume_proxy 693 -0.278622801 0.641055393 -0.00730500114 0 0 0
volume_proxy 698 -0.297021283 0.670867778 0.0077284273 0 0 0
volume_proxy 702 -0.171916069 -0.0691025456 0.00330682804 0 0 0
volume_proxy 703 -0.970390603 -0.0288521764 0.00274525213 0 0 0
volume_proxy 704 1.16325525 0.0897741917 0.00397848098 0 0 0
volume_proxy 708 -1.2805142 0.484497656 0.00235972356 0 0 0
volume_proxy 722 0.741476247 0.54273204 -0.00693452021 0 0 0
volume_proxy 725 -1.37992703 -0.739309352 0.00271892423 0 0 0
volume_proxy 740 0.062646486 0.862066291 0.0103706259 0 0 0
volume_proxy 751 0.24834838 -0.757649342 0.00361492179 0 0 0
volume_proxy 757 0.1217364 0.294550628 0.00339241396 0 0 0
volume_proxy 781 -0.90650915 0.210676979 -0.00573467323 0 0 0
volume_proxy 788 -0.313151846 -0.0963529525 -0.0107182972 0 0 0
volume_proxy 795 0.834932821 -0.739347881 0.0015626012 0 0 0
volume_proxy 797 -1.48879493 -0.141481058 -0.00618570946 0 0 0
volume_proxy 800 -1.11293654 0.97447048 0.0091155883 0 0 0
volume_proxy 802 0.309524676 0.0507476449 -0.00294242227 0 0 0
volume_proxy 804 0.279709375 0.0162078967 0.00748381659 0 0 0
volume_proxy 810 0.686630787 0.197421281 -0.00741055616 0 0 0
volume_proxy 811 0.592554462 0.706194135 0.00666950637 0 0 0
volume_proxy 812 0.943418022 0.578059406 -0.000132764757 0 0 0
volume_proxy 814 1.08149919 0.0604206591 0.00950998815 0 0 0
volume_proxy 822 0.336659728 -0.661545953 0.00977119294 0 0 0
volume_proxy 825 1.46688863 0.664047279 0.0106795586 0 0 0
volume_proxy 833 -0.135410937 0.24242982 0.00101573132 0 0 0
volume_proxy 835 -0.0410418018 -0.853433914 0.00483056224 0 0 0
volume_proxy 839 -0.154895441 -0.19068067 -0.00726447957 0 0 0
volume_proxy 846 1.44880365 0.143348293 -0.00841144949 0 0 0
volume_proxy 848 -1.26396324 -0.2349291 -0.000303143066 0 0 0
volume_proxy 854 -0.361821534 0.95354066 0.00413359519 0 0 0
volume_proxy 856 1.02909805 0.364947758 -0.00418466408 0 0 0
volume_proxy 869 1.42916011 0.900488939 7.40565171e-06 0 0 0
volume_proxy 874 0.953037763 0.746107789 0.00252283696 0 0 0
volume_proxy 875 -0.296598114 -0.928912741 0.00523354121 0 0 0
volume_proxy 876 0.0600059176 -0.575465038 0.00519037685 0 0 0
volume_proxy 878 1.32550542 -0.484165043 -0.00716826294 0 0 0
volume_proxy 883 0.00318524077 0.938309675 -0.0086015688 0 0 0
volume_proxy 889 -1.27277208 0.734738388 -0.0107643709 0 0 0
volume_proxy 894 1.45818867 -0.667891367 -0.00961746572 0 0 0
volume_proxy 896 1.38518143 0.324663215 0.0102352131 0 0 0
volume_proxy 898 0.416689197 0.0864455605 0.00282050983 0 0 0
volume_proxy 902 0.0594456516 0.643826976 -0.00933226672 0 0 0
volume_proxy 903 0.166796954 0.417037374 0.00269355385 0 0 0
volume_proxy 904 -1.07118349 0.771916432 0.00984601254 0 0 0
volume_proxy 906 1.16560484 0.633171627 0.00493240043 0 0 0
volume_proxy 910 -1.4342721 0.377507447 -0.00957023466 0 0 0
volume_proxy 911 1.42045922 0.439037788 0.00214114352 0 0 0
volume_proxy 912 1.47632198 0.277912568 0.00575388843 0 0 0
volume_proxy 913 -1.30253371 -0.984164564 -0.00422536094 0 0 0
volume_proxy 914 0.0953684246 -0.56169217 -0.00893665434 0 0 0
volume_proxy 915 -0.424128057 -0.408087085 -0.00895669395 0 0 0
volume_proxy 916 -0.240718352 0.301972204 -0.000374117587 0 0 0
volume_proxy 917 -0.496755036 -0.080367301 -0.00490439117 0 0 0
volume_proxy 918 -0.600256358 -0.110626192 -0.00518602071 0 0 0
volume_proxy 924 -0.453972466 0.33807678 0.00627866577 0 0 0
volume_proxy 926 -0.176619085 0.384510746 -0.000526727971 0 0 0
volume_proxy 929 -0.528613774 -0.681097333 0.00723445568 0 0 0
volume_proxy 931 0.0439666116 -0.10218045 -0.00866439577 0 0 0
volume_proxy 935 -1.36918137 0.334469186 0.00186711392 0 0 0
volume_proxy 939 0.884039608 0.943712867 0.00755409059 0 0 0
volume_proxy 940 0.0158860086 0.328346245 0.00697121894 0 0 0
volume_proxy 943 -0.76703843 -0.899726949 0.00657498707 0 0 0
volume_proxy 944 0.598690707 -0.935534134 -0.00153724538 0 0 0
volume_proxy 945 -0.732369795 0.373653115 -0.00161765137 0 0 0
volume_proxy 948 -0.450449254 0.0520674291 -0.000689524061 0 0 0
volume_proxy 949 -0.630323604 -0.342605272 -0.00120832163 0 0 0
volume_proxy 953 -0.668539836 -0.96266428 0.00244024956 0 0 0
volume_proxy 958 -1.46623289 0.303660557 -0.0105972946 0 0 0
volume_proxy 963 -0.671308116 0.662858439 -0.00457885388 0 0 0
volume_proxy 964 0.644415029 0.676528884 -0.00302730706 0 0 0
volume_proxy 966 -0.645557186 0.846164576 0.00599605669 0 0 0
volume_proxy 969 -0.720401577 0.0909427788 0.00376739174 0 0 0
volume_proxy 973 -0.143285039 0.100232023 -0.00667215902 0 0 0
volume_proxy 974 0.784884531 -0.628280792 0.00167833254 0 0 0
volume_proxy 977 -1.06240476 -0.190540936 0.0103996013 0 0 0
volume_proxy 979 0.0549896287 0.738381078 -0.009989225 0 0 0
volume_proxy 981 0.0243297635 0.207806834 -0.000195073985 0 0 0
volume_proxy 983 1.20946977 -0.352397776 -0.0032149769 0 0 0
volume_proxy 984 1.29300771 0.672744186 0.00217957574 0 0 0
volume_proxy 985 -0.473565896 -0.813902699 -0.00653968714 0 0 0
volume_proxy 986 -0.28200645 -0.634035753 -0.00791236218 0 0 0
volume_proxy 988 0.98785522 -0.849714147 0.00335991158 0 0 0
volume_proxy 990 -1.27895607 0.337103979 -0.00132543345 0 0 0
volume_proxy 991 -0.271568633 -0.39106159 0.00284629681 0 0 0
volume_proxy 992 -0.014796016 0.312857936 -0.0018006244 0 0 0
volume_proxy 996 -1.07888105 0.52761741 0.000508007794 0 0 0
volume_proxy 997 1.28281916 -0.0609553286 0.00629059662 0 0 0
volume_proxy 999 -0.800978492 -0.373779906 -0.0106252097 0 0 0
volume_proxy 1001 0.634914613 0.913766035 -0.0038266741 0 0 0
volume_proxy 1007 -1.16583223 -0.696982486 -0.00263558216 0 0 0
volume_proxy 1008 0.465519885 -0.540013342 -0.00353629851 0 0 0
volume_proxy 1011 0.389866064 -0.823095653 0.00124242217 0 0 0
volume_proxy 1012 0.740786942 -0.197824834 -0.000366735145 0 0 0
volume_proxy 1016 0.88831056 -0.961772606 -0.00478889144 0 0 0
volume_proxy 1017 0.323903032 -0.943221099 0.00844523813 0 0 0
volume_proxy 1018 -0.993885138 -0.792464746 0.00808089791 0 0 0
volume_proxy 1019 -0.846185972 -0.935478084 0.00274607562 0 0 0
volume_proxy 1020 -0.918129038 0.60231667 0.00133656177 0 0 0
volume_proxy 1021 -1.01423292 -0.396158076 -0.00151756627 0 0 0
volume_proxy 1023 0.829689899 0.427253359 0.0097402825 0 0 0
volume_proxy 1024 1.12089204 0.880914564 -0.00444789373 0 0 0
volume_proxy 1028 -1.17205579 -0.580544874 0.00600793562 0 0 0
volume_proxy 1029 1.05731156 0.950563816 0.00229245395 0 0 0
volume_proxy 1030 0.296471738 0.487767886 -0.0090173622 0 0 0
volume_proxy 1031 1.0615533 -0.77952697 0.0103893384 0 0 0
volume_proxy 1032 1.38651544 0.204866153 -0.00896485896 0 0 0
volume_proxy 1033 0.676808913 0.68548135 0.00554194692 0 0 0
volume_proxy 1035 0.223830951 -0.615510509 0.00364822899 0 0 0
volume_proxy 1036 0.775861645 -0.398546365 0.00980872545 0 0 0
volume_proxy 1040 -1.02481555 -0.748547845 0.00498730031 0 0 0
volume_proxy 1041 0.138968791 0.142432547 -0.00789577585 0 0 0
volume_proxy 1042 0.978229466 0.0610987606 -0.0060015534 0 0 0
volume_proxy 1046 0.185655855 -0.305634602 0.00361521451 0 0 0
volume_proxy 1047 -1.41287748 0.127777847 -0.010782851 0 0 0
volume_proxy 1048 -1.47780997 0.27683931 -0.0052134436 0 0 0
volume_proxy 1049 -0.162020581 0.288429586 -0.000190497913 0 0 0
volume_proxy 1050 -0.761874705 -0.406911152 0.00618877069 0 0 0
volume_proxy 1052 -0.618871593 -0.0298926385 -0.0083144139 0 0 0
volume_proxy 1053 -0.501611631 -0.794008653 0.000806465005 0 0 0
volume_proxy 1054 -1.4433051 0.140785191 -0.00372644321 0 0 0
volume_proxy 1056 -1.33334548 0.863745464 -0.00934127644 0 0 0
volume_proxy 1057 -0.314127295 -0.40835418 -0.00868092127 0 0 0
volume_proxy 1059 -0.458164028 0.949267168 -0.00397623576 0 0 0
volume_proxy 1060 -1.40331879 0.24309092 0.00843372875 0 0 0
volume_proxy 1061 -0.454746429 -0.295214996 -0.00497305153 0 0 0
volume_proxy 1062 0.64850699 0.519763465 0.000813607389 0 0 0
volume_proxy 1064 -0.563163781 -0.934610792 0.010135424 0 0 0
volume_proxy 1065 -1.35384119 -0.329486001 0.00117354423 0 0 0
volume_proxy 1066 1.00190411 0.273263773 0.00580025126 0 0 0
volume_proxy 1067 0.893361602 -0.466826182 -0.00937155788 0 0 0
volume_proxy 1068 -0.843004706 -0.866621802 0.00268369982 0 0 0
volume_proxy 1069 -0.756724212 0.69882174 -0.00932091007 0 0 0
volume_proxy 1070 -1.04030886 0.271833198 -0.00273879566 0 0 0
volume_proxy 1072 -0.390715019 0.806093962 -0.00779540556 0 0 0
volume_proxy 1075 -0.216774998 0.376799515 0.00639359994 0 0 0
volume_proxy 1076 1.44281799 -0.43600365 -0.00494413318 0 0 0
volume_proxy 1077 -1.06090518 0.808717582 0.00538925493 0 0 0
volume_proxy 1078 -0.909574365 0.9659256 0.00477055622 0 0 0
volume_proxy 1079 0.289667171 -0.0866545682 0.00493792083 0 0 0
volume_proxy 1080 -0.102143755 0.0841484022 -0.00100385558 0 0 0
volume_proxy 1083 1.47174083 0.436936434 -0.00399667776 0 0 0
volume_proxy 1085 0.126697598 0.0441397639 -0.0062444089 0 0 0
volume_proxy 1086 1.17664503 -0.692618791 -0.00377452571 0 0 0
volume_proxy 1087 1.22877747 -0.813932679 -0.00937235335 0 0 0
volume_proxy 1088 -0.394995739 0.784664627 -0.00622503603 0 0 0
volume_proxy 1089 -0.808776516 0.780704156 0.00879062265 0 0 0
volume_proxy 1091 0.236786527 0.241287261 -0.00103574266 0 0 0
volume_proxy 1092 0.0959375467 0.0600655108 0.0076559532 0 0 0
volume_proxy 1093 0.363478159 -0.750141756 -0.00610350835 0 0 0
volume_proxy 1094 -1.43240414 0.785701208 -0.00556688282 0 0 0
volume_proxy 1096 0.401786054 0.252130996 -0.00503349483 0 0 0
volume_proxy 1098 0.281106934 0.446772184 -0.00621049204 0 0 0
volume_proxy 1102 1.26325827 0.60785384 -0.00899715772 0 0 0
volume_proxy 1106 0.941576467 -0.880994743 -0.0107358992 0 0 0
volume_proxy 1107 -0.225447868 0.329526375 -0.00773921789 0 0 0
volume_proxy 1108 1.09085977 0.644677678 -0.00488684675 0 0 0
volume_proxy 1109 0.806629335 -0.92414444 0.000892866971 0 0 0
volume_proxy 1110 0.918311207 -0.857835732 0.00307222489 0 0 0
volume_proxy 1111 -0.340675311 -0.256427825 0.00368503843 0 0 0
volume_proxy 1112 -0.841753713 0.964436768 0.00876594515 0 0 0
volume_proxy 1113 1.08519562 0.224401578 0.00527763118 0 0 0
volume_proxy 1114 -0.860101217 0.0721325207 -0.00893973774 0 0 0
volume_proxy 1115 0.611882328 -0.860570014 -0.00863843345 0 0 0
volume_proxy 1117 0.747557603 -0.340464079 -0.00310051511 0 0 0
volume_proxy 1118 0.355303695 -0.565338353 0.00307098195 0 0 0
volume_proxy 1119 -1.40188948 0.50529997 0.000732604176 0 0 0
volume_proxy 1120 0.0066320885 0.184788753 -0.000930209923 0 0 0
volume_proxy 1123 -1.45554798 0.984059167 0.00218889352 0 0 0
volume_proxy 1126 0.920257396 -0.578280448 -0.00655225723 0 0 0
volume_proxy 1127 0.489355044 0.626300834 5.98109491e-05 0 0 0
volume_proxy 1128 -0.690504581 -0.0938733862 -0.00629142741 0 0 0
volume_proxy 1129 1.08576011 0.668432854 0.00239796732 0 0 0
volume_proxy 1130 -0.774461471 0.25206756 0.00534502776 0 0 0
volume_proxy 1131 -0.789936451 0.227633357 0.00855776542 0 0 0
volume_proxy 1132 0.687699934 0.244846256 -0.00982750698 0 0 0
