volume_proxy 0 1.03307183 -0.210409357 -0.00352303189 0 0 0
volume_proxy 4 0.808110068 0.566634866 -0.00773627996 0 0 0
volume_proxy 5 -0.498368145 0.132015266 -0.00242839523 0 0 0
volume_proxy 6 1.43219022 0.169426912 -0.00573478423 0 0 0
volume_proxy 11 -0.675124255 0.800147293 -0.00568221141 0 0 0
volume_proxy 12 0.461267076 -0.284618694 -0.00262385346 0 0 0
volume_proxy 13 -1.18181689 -0.87751958 0.00598831301 0 0 0
volume_proxy 14 0.500257129 0.224310819 0.00271334688 0 0 0
volume_proxy 15 -0.37225607 -0.810380784 0.00923062644 0 0 0
volume_proxy 23 -0.731070676 -0.344551478 -0.00803222655 0 0 0
volume_proxy 31 -0.891751275 0.540604663 0.00677938995 0 0 0
volume_proxy 36 0.682317809 0.949998129 0.00333405087 0 0 0
volume_proxy 38 0.610464511 -0.0690273325 0.00978523674 0 0 0
volume_proxy 40 0.0239330899 -0.964891617 -0.00443752785 0 0 0
volume_proxy 46 0.624740467 -0.934455407 -0.00154897206 0 0 0
volume_proxy 47 0.913105752 0.0360136754 0.0106451966 0 0 0
volume_proxy 49 0.0407937435 -0.630465482 0.00351042624 0 0 0
volume_proxy 50 -0.085418233 -0.723754553 0.00234235286 0 0 0
volume_proxy 52 -1.08186487 -0.564567235 -0.00306074009 0 0 0
volume_proxy 53 0.363323412 -0.498405256 0.0101531778 0 0 0
volume_proxy 57 -1.34893402 -0.0607010824 0.00137024742 0 0 0
volume_proxy 58 0.501373229 -0.712942935 -0.00785728668 0 0 0
volume_proxy 59 -0.759019249 0.850973005 0.00890924538 0 0 0
volume_proxy 60 -0.245926049 0.67907425 0.0031520433 0 0 0
volume_proxy 61 -1.39739448 -0.325338552 -0.00544284785 0 0 0
volume_proxy 62 -0.140815406 0.43026278 0.00211561951 0 0 0
volume_proxy 69 -0.802227692 -0.159922438 -0.00329840996 0 0 0
volume_proxy 72 0.387736583 -0.140507607 -0.00613706859 0 0 0
volume_proxy 81 -1.32685676 0.142614958 -0.00429150529 0 0 0
volume_proxy 85 -0.336146436 0.316815136 -0.00233506288 0 0 0
volume_proxy 87 1.1101864 0.926513494 0.0011068413 0 0 0
volume_proxy 88 -1.21710884 0.126701085 0.000600799825 0 0 0
volume_proxy 94 -0.251876243 -0.671265313 0.00241608797 0 0 0
volume_proxy 97 1.11823962 -0.13570271 -0.00586444797 0 0 0
volume_proxy 101 -0.879149964 0.648958122 -0.00329929278 0 0 0
volume_proxy 102 0.277758618 -0.255003026 0.00104609096 0 0 0
volume_proxy 105 -0.604941484 -0.648265914 -0.00944644875 0 0 0
volume_proxy 106 -0.222803828 -0.509013148 0.000162359111 0 0 0
volume_proxy 107 0.364887382 0.413501541 -0.00141850521 0 0 0
volume_proxy 108 1.15347577 -0.299938854 0.00474518411 0 0 0
volume_proxy 113 -0.478104372 0.0619858732 0.00885835599 0 0 0
volume_proxy 125 -0.920107122 -0.13830611 0.0103568986 0 0 0
volume_proxy 126 -0.165076667 -0.610834229 -0.0100654172 0 0 0
volume_proxy 127 0.213065844 0.170055776 -0.000658655241 0 0 0
volume_proxy 130 1.16904893 -0.00291070637 0.0107051085 0 0 0
volume_proxy 131 0.572309525 0.659956822 0.0025961404 0 0 0
volume_proxy 132 0.618876254 0.960070369 0.00139273784 0 0 0
volume_proxy 135 0.660174755 -0.993907481 0.0021978678 0 0 0
volume_proxy 140 -0.800185817 0.797153208 0.00975850669 0 0 0
volume_proxy 145 -0.773292564 -0.489417165 0.00955521064 0 0 0
volume_proxy 146 1.4897448 -0.250250959 0.00933040618 0 0 0
volume_proxy 149 -1.16485158 0.793827384 -0.00658230881 0 0 0
volume_proxy 157 0.736639409 0.467575021 0.000936157819 0 0 0
volume_proxy 159 -0.866941496 -0.584459665 -0.00233343962 0 0 0
volume_proxy 161 -0.115241138 -0.102175758 -0.000582606868 0 0 0
volume_proxy 163 -1.4705971 0.0283734695 -0.00458654405 0 0 0
volume_proxy 169 1.13339054 0.139660336 -0.00329322842 0 0 0
volume_proxy 176 0.118011478 0.0413155911 0.00811962725 0 0 0
volume_proxy 178 -0.674875423 0.0819844436 -0.00978187101 0 0 0
volume_proxy 186 -0.515319691 -0.199399278 0.000193278511 0 0 0
volume_proxy 189 -0.802685129 0.48196608 -0.000427296515 0 0 0
volume_proxy 194 0.221720314 -0.892364345 0.0044870233 0 0 0
volume_proxy 195 -0.795897484 0.385803106 -0.00131585607 0 0 0
volume_proxy 196 0.615350174 0.624241525 -0.00329499613 0 0 0
volume_proxy 198 1.17500561 -0.748373892 -0.00905698377 0 0 0
volume_proxy 200 -1.10432931 -0.129504193 0.00175705378 0 0 0
volume_proxy 201 -0.945454884 0.300301114 -0.00405253558 0 0 0
volume_proxy 202 -0.747186415 0.575567082 0.009429606 0 0 0
volume_proxy 208 -1.14132845 0.369253694 0.000173292355 0 0 0
volume_proxy 209 -1.01776543 -0.28611074 0.000901431547 0 0 0
volume_proxy 210 0.110559835 0.203300928 0.00175941116 0 0 0
volume_proxy 213 0.0433908005 0.0155782623 -0.00273227014 0 0 0
volume_proxy 223 -1.07503471 0.190446467 -0.00110209976 0 0 0
volume_proxy 224 1.22992328 -0.99254546 -0.00756756637 0 0 0
volume_proxy 226 -0.883927746 -0.814122909 0.00247289422 0 0 0
volume_proxy 228 -0.116178403 0.164576606 -0.00562382673 0 0 0
volume_proxy 230 0.49049183 0.920362324 0.00472842079 0 0 0
volume_proxy 232 0.570210177 0.395618681 -0.00292196677 0 0 0
volume_proxy 236 0.754405204 0.101042015 -0.00839581318 0 0 0
volume_proxy 237 0.191751558 0.833456554 0.00327171126 0 0 0
volume_proxy 242 1.14086015 0.553509384 0.00355578365 0 0 0
volume_proxy 244 0.524367536 0.760341293 0.00241180501 0 0 0
volume_proxy 247 1.2268695 -0.277209435 0.00256207468 0 0 0
volume_proxy 251 0.599226111 0.764204989 0.00246142791 0 0 0
volume_proxy 256 0.404807838 -0.729530359 0.00611237067 0 0 0
volume_proxy 257 -0.0801846807 0.425756522 0.00404432494 0 0 0
volume_proxy 258 0.385482177 -0.195020544 -0.00556558479 0 0 0
volume_proxy 259 0.427258311 0.250603161 -0.00859347601 0 0 0
volume_proxy 269 0.984009444 -0.00149646147 0.00259053605 0 0 0
volume_proxy 271 -1.49212835 0.80044136 -0.000798166546 0 0 0
volume_proxy 273 1.33276542 0.373939482 0.00693316708 0 0 0
volume_proxy 276 0.468620494 0.128221064 0.00270179631 0 0 0
volume_proxy 277 -0.558837888 -0.572663938 0.0022826728 0 0 0
volume_proxy 279 -0.38188532 -0.693260356 -0.00569730122 0 0 0
volume_proxy 281 -1.31983698 0.777709744 -6.45027202e-06 0 0 0
volume_proxy 284 -0.874212416 0.640389857 0.00306311114 0 0 0
volume_proxy 285 -0.604346832 -0.755161829 0.00487164037 0 0 0
volume_proxy 294 -0.110782163 0.862266987 0.00782673823 0 0 0
volume_proxy 296 0.426525413 -0.510107409 0.00886187522 0 0 0
volume_proxy 297 1.2346041 0.110074739 -0.00671246585 0 0 0
volume_proxy 298 0.98420605 -0.807265942 0.000903178551 0 0 0
volume_proxy 305 0.292646283 -0.189275122 0.000958231464 0 0 0
volume_proxy 309 0.752352793 0.718150778 0.000673381343 0 0 0
volume_proxy 310 0.633465102 0.137095245 0.00484568109 0 0 0
volume_proxy 311 0.240988331 -0.954951181 -0.000166164104 0 0 0
volume_proxy 312 0.507121629 -0.0880828242 -0.00583503429 0 0 0
volume_proxy 314 -0.664117921 0.34192408 -0.0107920059 0 0 0
volume_proxy 315 -0.158470745 0.147293017 -0.0049812429 0 0 0
volume_proxy 318 -1.47069164 0.113491625 0.00299576829 0 0 0
volume_proxy 319 0.0874736998 -0.673806542 -0.00240662209 0 0 0
volume_proxy 321 -0.281782743 -0.917912416 -0.00462564063 0 0 0
volume_proxy 322 0.596637128 0.523483439 0.00690037851 0 0 0
volume_proxy 324 -0.81822826 -0.985288431 0.0105348449 0 0 0
volume_proxy 329 0.00347422209 0.979478437 0.0069899696 0 0 0
volume_proxy 330 0.197223261 -0.338949787 -0.000420399819 0 0 0
volume_proxy 335 -1.1642714 -0.0799967557 -0.00613197884 0 0 0
volume_proxy 337 -0.584275475 0.659826687 -0.0107063587 0 0 0
volume_proxy 338 -0.537376647 -0.0849413562 0.00409903845 0 0 0
volume_proxy 339 -0.760164196 -0.519515076 0.0069279616 0 0 0
volume_proxy 343 -0.274345794 0.845055111 -0.0020926912 0 0 0
volume_proxy 344 0.510992782 0.359001838 -0.00841016673 0 0 0
volume_proxy 345 -0.887257286 -0.127850052 0.00465369511 0 0 0
volume_proxy 347 -0.00517746495 -0.255070626 -0.00769891229 0 0 0
volume_proxy 349 0.435071393 0.102005531 -0.00167889541 0 0 0
volume_proxy 356 0.754195978 0.64565651 0.00180984125 0 0 0
volume_proxy 358 1.43880869 0.659953206 0.00116354818 0 0 0
volume_proxy 370 1.16291217 0.433151738 0.00363173801 0 0 0
volume_proxy 371 -1.20290216 0.321763268 -0.00741642063 0 0 0
volume_proxy 375 0.899811931 0.210777535 0.00133763959 0 0 0
volume_proxy 377 0.786499868 0.406894291 0.0027835584 0 0 0
volume_proxy 380 -0.396343384 -0.749239073 -0.00126171666 0 0 0
volume_proxy 383 0.881632969 -0.921549338 0.0106872131 0 0 0
volume_proxy 384 -0.338242393 0.976468327 0.006789194 0 0 0
volume_proxy 388 -1.34990715 -0.124404589 -0.00886441572 0 0 0
volume_proxy 393 1.44948896 0.0481117235 0.00870790021 0 0 0
volume_proxy 396 -0.878322094 0.933405308 0.00364623077 0 0 0
volume_proxy 397 1.10679291 0.392029819 -0.00786573731 0 0 0
volume_proxy 399 1.31289235 -0.967895162 0.00439635545 0 0 0
volume_proxy 400 0.11489267 -0.720978485 -0.00752466054 0 0 0
volume_proxy 402 -0.898222938 -0.681530898 -0.00542304423 0 0 0
volume_proxy 409 -0.593769574 -0.783196529 -0.00588823633 0 0 0
volume_proxy 412 1.4530056 -0.438017173 -0.00769901305 0 0 0
volume_proxy 415 -0.731273882 -0.759581542 0.00469618343 0 0 0
volume_proxy 418 -0.612170031 -0.464500485 0.0103437074 0 0 0
volume_proxy 425 -0.0921529084 -0.329034436 0.0072199795 0 0 0
volume_proxy 431 -1.46668605 -0.792020602 -0.00124435564 0 0 0
volume_proxy 435 -1.16205716 -0.773123526 0.00182868913 0 0 0
volume_proxy 442 -0.124453092 -0.42471494 -0.00032592153 0 0 0
volume_proxy 463 0.129173452 -0.504429349 0.00854397925 0 0 0
volume_proxy 470 1.25444156 0.517312959 0.00108376028 0 0 0
volume_proxy 497 -1.15149327 -0.93863489 -0.00726157403 0 0 0
volume_proxy 502 0.797681366 0.0520787822 -0.000862490828 0 0 0
volume_proxy 512 0.359807707 -0.774261159 -0.00188235758 0 0 0
volume_proxy 513 0.681626574 -0.125515333 0.000928903554 0 0 0
volume_proxy 518 1.25995377 -0.561134685 -0.0022190734 0 0 0
volume_proxy 544 0.818032847 0.756443953 -0.0103680788 0 0 0
volume_proxy 547 1.08441289 0.666400628 -0.00770864245 0 0 0
volume_proxy 549 0.37333999 -0.904240135 -0.00848512489 0 0 0
volume_proxy 559 1.35466803 0.746026195 -0.00189233066 0 0 0
volume_proxy 572 0.100655844 -0.243227083 -0.00768414301 0 0 0
volume_proxy 578 -0.864083987 0.946931132 0.00554479503 0 0 0
volume_proxy 581 1.47782508 0.494237707 -0.00247059608 0 0 0
volume_proxy 591 -0.822653279 0.610121959 -0.00136559182 0 0 0
volume_proxy 594 -1.16797738 0.508068387 -0.00747875165 0 0 0
volume_proxy 603 0.341730797 -0.285546098 -0.000122019508 0 0 0
volume_proxy 608 -0.405574242 -0.505222896 -0.00797861309 0 0 0
volume_proxy 615 0.938384366 -0.555826167 -0.00481031895 0 0 0
volume_proxy 616 1.4234206 0.203635735 -0.00319115188 0 0 0
volume_proxy 626 0.987459368 -0.0293459489 0.00566365665 0 0 0
volume_proxy 637 -1.20034231 -0.87085556 -0.00389967586 0 0 0
volume_proxy 647 -0.0803124857 0.707055735 -0.00184528445 0 0 0
volume_proxy 665 -0.934250388 -0.987778098 -0.00876786547 0 0 0
volume_proxy 669 1.16227847 -0.0934262556 -0.00827817714 0 0 0
volume_proxy 682 0.219407691 0.82741327 -0.00374656068 0 0 0
volume_proxy 693 -0.281640151 0.745953164 0.000122833018 0 0 0
volume_proxy 698 -0.241865444 0.647522849 -0.00292026975 0 0 0
volume_proxy 702 -0.296194595 -0.154668932 0.00364764281 0 0 0
volume_proxy 703 -0.901101498 0.0207625393 9.8021018e-05 0 0 0
volume_proxy 704 1.11809874 0.0727552188 0.00156830252 0 0 0
volume_proxy 708 -1.27243213 0.482009111 -0.00146150502 0 0 0
volume_proxy 722 0.69267849 0.626784733 0.00846314326 0 0 0
volume_proxy 725 -1.34159108 -0.772350073 -0.00524936935 0 0 0
volume_proxy 751 0.155274323 -0.873117442 -9.29864305e-05 0 0 0
volume_proxy 757 0.187152893 0.150667327 -0.00639575651 0 0 0
volume_proxy 781 -0.837092814 0.129803043 0.00622736563 0 0 0
volume_proxy 795 0.758034462 -0.703747865 -0.00682996924 0 0 0
volume_proxy 797 -1.37281024 -0.261181616 -0.00969911931 0 0 0
volume_proxy 800 -1.07010115 0.882861709 0.00311379308 0 0 0
volume_proxy 802 0.400053814 0.116876697 -0.00399006536 0 0 0
volume_proxy 804 0.147630488 -0.0647581217 -0.00242570813 0 0 0
volume_proxy 810 0.695555675 0.237630489 0.00996331861 0 0 0
volume_proxy 811 0.633550185 0.687732903 -0.00542993862 0 0 0
volume_proxy 812 0.902265234 0.501523592 0.00259169499 0 0 0
volume_proxy 814 1.06448529 -0.0824538968 0.000314740878 0 0 0
volume_proxy 822 0.214704296 -0.780986983 -0.0048180439 0 0 0
volume_proxy 825 1.46150279 0.475811363 -0.00497822566 0 0 0
volume_proxy 833 -0.237969411 0.098163416 0.000946466966 0 0 0
volume_proxy 835 -0.181120421 -0.871309927 0.00103956383 0 0 0
volume_proxy 839 -0.201218049 -0.29139386 0.00234215864 0 0 0
volume_proxy 846 1.49812276 0.178466342 0.0096096732 0 0 0
volume_proxy 848 -1.06977395 -0.0833365856 -0.00265374644 0 0 0
volume_proxy 854 -0.244844806 0.989120456 -0.0049081639 0 0 0
volume_proxy 856 1.02817518 0.523108411 -0.00244524321 0 0 0
volume_proxy 869 1.40812514 0.816266222 -0.00348025829 0 0 0
volume_proxy 876 0.0252415689 -0.469507315 -0.0043374859 0 0 0
volume_proxy 878 1.28793441 -0.623790233 -0.0105082374 0 0 0
volume_proxy 883 0.0731199951 0.921711395 0.00124360937 0 0 0
volume_proxy 889 -1.25622137 0.630215983 0.00181879356 0 0 0
volume_proxy 896 1.40222918 0.459097895 -0.0100796593 0 0 0
volume_proxy 898 0.464797399 0.00340613018 0.00975471369 0 0 0
volume_proxy 902 0.0679846102 0.517128067 -0.00760830199 0 0 0
volume_proxy 903 0.214929307 0.556620892 -0.00556282963 0 0 0
volume_proxy 904 -1.01414194 0.790827416 0.00528946727 0 0 0
volume_proxy 906 1.00067159 0.639754958 -0.00122553212 0 0 0
volume_proxy 910 -1.4181934 0.528727518 -0.000484637329 0 0 0
volume_proxy 912 1.42751892 0.233818903 0.00273800254 0 0 0
volume_proxy 913 -1.22838571 -0.97377622 -0.0104558631 0 0 0
volume_proxy 914 0.0764726086 -0.706782941 0.00715168467 0 0 0
volume_proxy 915 -0.418918205 -0.367922305 0.00411263214 0 0 0
volume_proxy 916 -0.25843641 0.362668018 -0.00226261481 0 0 0
volume_proxy 924 -0.513070401 0.248188299 -0.00451259822 0 0 0
volume_proxy 926 -0.215112459 0.44606042 -0.00594329413 0 0 0
volume_proxy 929 -0.620082122 -0.781110931 -0.00338002243 0 0 0
volume_proxy 931 -0.0172999437 -0.0387400628 -0.00913458373 0 0 0
volume_proxy 935 -1.35790228 0.378717289 0.0104551499 0 0 0
volume_proxy 939 1.03600864 0.968855496 0.000913245362 0 0 0
volume_proxy 940 -0.193931842 0.352324769 0.0104268094 0 0 0
volume_proxy 944 0.51618064 -0.974769683 0.00489169184 0 0 0
volume_proxy 945 -0.695015558 0.442753921 0.00731942169 0 0 0
volume_proxy 948 -0.431981831 0.146268686 0.00047221832 0 0 0
volume_proxy 949 -0.610610439 -0.196514448 -0.00697814114 0 0 0
volume_proxy 953 -0.695313541 -0.871725139 0.00854296616 0 0 0
volume_proxy 958 -1.49062295 0.259323357 -0.0103076924 0 0 0
volume_proxy 963 -0.615520188 0.704924142 0.00716305586 0 0 0
volume_proxy 964 0.543074084 0.63249138 0.00669079426 0 0 0
volume_proxy 966 -0.611596551 0.85205834 -0.010016327 0 0 0
volume_proxy 969 -0.852823779 0.120832826 -0.00800940871 0 0 0
volume_proxy 973 -0.151828247 0.0772249909 0.00826689797 0 0 0
volume_proxy 974 0.637435024 -0.735596191 -0.00890714879 0 0 0
volume_proxy 977 -1.1054776 -0.204575299 0.00952724265 0 0 0
volume_proxy 979 0.0951377971 0.820635602 -0.00228975443 0 0 0
volume_proxy 981 -0.058380852 0.130158906 0.00196738105 0 0 0
volume_proxy 983 1.22843079 -0.350868264 -0.00926726178 0 0 0
volume_proxy 984 1.41507842 0.66361747 -0.00764544107 0 0 0
volume_proxy 985 -0.546897714 -0.965937151 0.00335272786 0 0 0
volume_proxy 986 -0.257522642 -0.775740737 0.00102862534 0 0 0
volume_proxy 990 -1.22253352 0.221353877 0.00515322056 0 0 0
volume_proxy 991 -0.536735175 -0.307355196 -0.00595474706 0 0 0
volume_proxy 992 -0.124986097 0.332779923 0.00862464414 0 0 0
volume_proxy 996 -0.908475775 0.491730624 -0.00866694775 0 0 0
volume_proxy 997 1.30308132 0.0144560062 0.00618182021 0 0 0
volume_proxy 999 -0.736606495 -0.271294456 -0.00792528512 0 0 0
volume_proxy 1001 0.570605376 0.959079018 0.00476661621 0 0 0
volume_proxy 1007 -1.29049031 -0.556414124 -0.00201916897 0 0 0
volume_proxy 1008 0.439774316 -0.521452257 0.0017703652 0 0 0
volume_proxy 1012 0.823971466 -0.116208998 9.18396125e-05 0 0 0
volume_proxy 1016 0.946199568 -0.974855298 -0.00342442217 0 0 0
volume_proxy 1017 0.34760931 -0.798789789 0.00185584473 0 0 0
volume_proxy 1018 -0.922670909 -0.73014518 0.0100911592 0 0 0
volume_proxy 1019 -0.885296838 -0.79366182 -0.0101404397 0 0 0
volume_proxy 1020 -0.890133312 0.58114013 0.00867939277 0 0 0
volume_proxy 1021 -0.935353313 -0.398262503 0.00894231707 0 0 0
volume_proxy 1023 0.874287434 0.282963345 0.00201686037 0 0 0
volume_proxy 1024 1.12643979 0.853695205 -0.000415801923 0 0 0
volume_proxy 1028 -1.29439402 -0.608458576 -0.00659875811 0 0 0
volume_proxy 1029 0.911686953 0.932695452 0.00842124594 0 0 0
volume_proxy 1030 0.347304123 0.47788219 0.00292606824 0 0 0
volume_proxy 1031 1.18146081 -0.659095509 0.00866565989 0 0 0
volume_proxy 1032 1.34836212 0.148189279 -0.00105462912 0 0 0
volume_proxy 1033 0.758050615 0.702110988 -0.007713204 0 0 0
volume_proxy 1035 0.195528808 -0.482244237 -0.00564034169 0 0 0
volume_proxy 1036 0.856930309 -0.338307387 -0.00405807344 0 0 0
volume_proxy 1040 -1.05063376 -0.748493105 -0.00898406047 0 0 0
volume_proxy 1041 0.201793985 0.267488857 0.00984120847 0 0 0
volume_proxy 1042 0.96979959 0.0606162145 0.00268200428 0 0 0
volume_proxy 1046 0.131106463 -0.125348341 0.0063698723 0 0 0
volume_proxy 1047 -1.43660542 0.140608037 0.00101328882 0 0 0
volume_proxy 1049 -0.271662529 0.412500661 -0.00943640601 0 0 0
volume_proxy 1050 -0.685661452 -0.372478572 0.0101241523 0 0 0
volume_proxy 1052 -0.667158779 -0.00384199837 -0.0100835838 0 0 0
volume_proxy 1053 -0.31593436 -0.822429433 0.00493671503 0 0 0
volume_proxy 1054 -1.36678954 0.0935771977 0.00860057615 0 0 0
volume_proxy 1056 -1.39222483 0.871988891 0.0107630278 0 0 0
volume_proxy 1057 -0.176176245 -0.39681095 -0.010767614 0 0 0
volume_proxy 1059 -0.49192909 0.98899233 -0.0106821329 0 0 0
volume_proxy 1061 -0.454906852 -0.335751058 0.00551142259 0 0 0
volume_proxy 1062 0.706903274 0.400198863 -5.32324157e-05 0 0 0
volume_proxy 1065 -1.34141987 -0.469425527 -0.000812219668 0 0 0
volume_proxy 1066 0.909328935 0.0874025604 -0.00766714749 0 0 0
volume_proxy 1067 0.960398539 -0.404041012 0.00971800735 0 0 0
volume_proxy 1069 -0.785965324 0.595313869 -0.0012716129 0 0 0
volume_proxy 1070 -1.04333484 0.295948082 -0.00577055804 0 0 0
volume_proxy 1072 -0.402345748 0.74690738 -0.00522811413 0 0 0
volume_proxy 1075 -0.220683606 0.300015273 0.00887250327 0 0 0
volume_proxy 1076 1.41369616 -0.359612358 0.00371895544 0 0 0
volume_proxy 1077 -1.1381628 0.872581078 0.00481915822 0 0 0
volume_proxy 1078 -0.972435014 0.979164425 -0.00159089159 0 0 0
volume_proxy 1079 0.116557639 -0.0140269959 0.00245000995 0 0 0
volume_proxy 1085 0.136344116 -0.0572877154 -0.00622542006 0 0 0
volume_proxy 1086 1.05962951 -0.650605742 0.00553620335 0 0 0
volume_proxy 1088 -0.358534517 0.941769375 0.00434993188 0 0 0
volume_proxy 1089 -0.902051836 0.880237699 -0.00927511443 0 0 0
volume_proxy 1091 0.218681521 0.310441021 0.00670566863 0 0 0
volume_proxy 1092 0.102566009 -0.0656846454 0.0106121829 0 0 0
volume_proxy 1093 0.18415179 -0.674751146 -0.0055901072 0 0 0
volume_proxy 1094 -1.48562353 0.794685071 0.00949358889 0 0 0
volume_proxy 1096 0.202586282 0.292194695 2.08144619e-05 0 0 0
volume_proxy 1098 0.3619225 0.603047878 0.00125632457 0 0 0
volume_proxy 1102 1.24469148 0.595977658 0.0029988388 0 0 0
volume_proxy 1106 0.914607731 -0.71579827 0.00968605816 0 0 0
volume_proxy 1107 -0.217749241 0.276012704 -0.00380520046 0 0 0
volume_proxy 1108 1.10935763 0.59972853 0.00596735311 0 0 0
volume_proxy 1109 0.964111153 -0.788465615 -0.0038170472 0 0 0
volume_proxy 1110 0.807595553 -0.941604551 0.00793527008 0 0 0
volume_proxy 1111 -0.400486548 -0.215717325 -0.00731559935 0 0 0
volume_proxy 1112 -0.762460736 0.966942075 -0.00652689526 0 0 0
volume_proxy 1113 1.21772781 0.15873804 -0.0103719846 0 0 0
volume_proxy 1114 -0.938237721 0.0991002604 0.0105583332 0 0 0
volume_proxy 1115 0.616880581 -0.838599344 0.0092180336 0 0 0
volume_proxy 1117 0.758397272 -0.290004586 -0.00652456537 0 0 0
volume_proxy 1118 0.414709169 -0.534954437 -0.00283917391 0 0 0
volume_proxy 1119 -1.31385055 0.430674972 0.00481993601 0 0 0
volume_proxy 1120 0.126031183 0.269215601 0.00618682364 0 0 0
volume_proxy 1123 -1.48838809 0.868774187 0.00578048791 0 0 0
volume_proxy 1127 0.492737629 0.65412627 0.00591598784 0 0 0
volume_proxy 1128 -0.662678908 -0.0584242459 0.00754835741 0 0 0
volume_proxy 1129 1.12362189 0.644849637 -0.006357589 0 0 0
volume_proxy 1130 -0.705063366 0.307199279 0.0106791408 0 0 0
volume_proxy 1131 -0.720889097 0.193461673 -0.00378847964 0 0 0
volume_proxy 1132 0.639139925 0.127596563 -0.0106965292 0 0 0
volume_proxy 1133 1.25945119 -0.806969088 -0.00714702911 0 0 0
volume_proxy 1134 0.932820886 0.80396226 0.000432036466 0 0 0
volume_proxy 1135 -0.8238713 -0.982007688 -0.00332474625 0 0 0
volume_proxy 1136 -0.805011601 -0.787235072 0.00476352994 0 0 0
volume_proxy 1137 -0.608326913 -0.086942326 -0.00584833234 0 0 0
volume_proxy 1138 1.47905273 -0.646186513 0.00342832162 0 0 0
volume_proxy 1139 1.48357739 -0.660809318 -0.00790110293 0 0 0
volume_proxy 1141 1.4212659 0.364714071 -0.0069835549 0 0 0
volume_proxy 1142 1.32980851 0.423953529 -0.000820744706 0 0 0
volume_proxy 1143 -0.369225446 -0.0273643419 -0.00712871772 0 0 0
volume_proxy 1144 0.404585273 -0.904501343 0.00578717629 0 0 0
volume_proxy 1145 -0.622948438 -0.930417438 0.00424992063 0 0 0
volume_proxy 1146 -0.234474261 0.179268511 -0.00296652325 0 0 0
volume_proxy 1147 -0.184265091 0.147541763 0.00852788853 0 0 0
volume_proxy 1148 -0.16164192 -0.194604538 0.00309271696 0 0 0
volume_proxy 1149 -0.604360328 0.630830807 -0.0020629611 0 0 0
volume_proxy 1150 -0.356208188 -0.927799523 0.00449216393 0 0 0
volume_proxy 1151 0.837040835 -0.600064584 0.00954241469 0 0 0
volume_proxy 1152 0.0886229562 0.787840918 -0.00222477148 0 0 0
volume_proxy 1153 -1.48456664 0.28928274 0.00508048394 0 0 0
volume_proxy 1154 -1.47199859 0.285578021 0.0054541677 0 0 0
