volume_proxy 0 0.920568652 0.0930624542 -0.00676597325 0 0 0
volume_proxy 5 0.685156654 -0.52300081 0.0077388292 0 0 0
volume_proxy 6 -0.17083901 -0.221263793 0.00391657654 0 0 0
volume_proxy 11 0.668301419 0.0671520779 -0.00839829093 0 0 0
volume_proxy 12 0.28735462 -0.529257144 0.00281180384 0 0 0
volume_proxy 14 -0.0693690429 0.308834881 -0.00632619877 0 0 0
volume_proxy 23 1.05502403 -0.713512456 -0.0102302293 0 0 0
volume_proxy 38 0.434884695 0.99237139 0.000151169744 0 0 0
volume_proxy 40 -0.0574116035 -0.289099256 0.00391945051 0 0 0
volume_proxy 50 -0.646122427 -0.47592285 0.000242965581 0 0 0
volume_proxy 53 -0.590408127 0.717610021 -0.0066350143 0 0 0
volume_proxy 58 1.13630637 -0.685198714 0.00644474198 0 0 0
volume_proxy 60 0.81454772 0.144187072 -0.0104979887 0 0 0
volume_proxy 72 0.0386126026 0.102598303 0.00128058098 0 0 0
volume_proxy 85 -0.980756989 0.317743279 0.00995378008 0 0 0
volume_proxy 97 0.98360392 0.429236242 -0.00835463659 0 0 0
volume_proxy 105 1.29909076 -0.132795363 0.00235962649 0 0 0
volume_proxy 107 1.20639413 0.93508738 0.0104249868 0 0 0
volume_proxy 127 -0.92495185 0.54735043 0.00896370455 0 0 0
volume_proxy 130 1.26439858 0.227116735 0.00504679449 0 0 0
volume_proxy 140 -0.426098546 0.92049406 0.00702213273 0 0 0
volume_proxy 157 1.45643024 0.0357970363 0.00180687859 0 0 0
volume_proxy 159 0.182280035 0.888696402 -0.000438946163 0 0 0
volume_proxy 161 0.543571518 -0.14025072 0.00455345766 0 0 0
volume_proxy 176 -0.10258798 -0.199493688 0.00578708947 0 0 0
volume_proxy 186 -0.802633376 0.801680281 0.00259891091 0 0 0
volume_proxy 189 -1.13612914 0.696527716 -0.00398622918 0 0 0
volume_proxy 195 -0.297070865 -0.386258216 -0.00787697191 0 0 0
volume_proxy 196 0.446940704 -0.400054494 -0.0063435829 0 0 0
volume_proxy 200 -0.511082103 -0.849107876 -0.00935812358 0 0 0
volume_proxy 202 -1.15231479 0.380596235 0.00965399598 0 0 0
volume_proxy 209 -1.25490325 -0.0725128475 -0.00249221689 0 0 0
volume_proxy 210 -0.614005162 0.818649733 -0.00380820503 0 0 0
volume_proxy 226 0.327430619 -0.844440837 -0.00736869796 0 0 0
volume_proxy 236 1.03784134 0.545974623 -0.00913802742 0 0 0
volume_proxy 247 0.796175144 0.65575995 0.00407100712 0 0 0
volume_proxy 256 -0.40139626 0.545174464 0.00184155935 0 0 0
volume_proxy 259 0.562292097 -0.00296949008 0.00443152067 0 0 0
volume_proxy 269 0.349545635 -0.640907753 0.00523602153 0 0 0
volume_proxy 277 -1.28533352 -0.193703691 -0.00192760389 0 0 0
volume_proxy 296 0.50999819 -0.341805104 0.00190699262 0 0 0
volume_proxy 305 0.110091615 -0.282609645 0.00636572802 0 0 0
volume_proxy 310 1.2481342 -0.368151873 -0.00954891599 0 0 0
volume_proxy 329 -1.18104981 -0.0562908767 0.009567507 0 0 0
volume_proxy 337 -0.68154524 0.544270807 0.00929038531 0 0 0
volume_proxy 344 -1.25691194 0.820138767 -0.000363494486 0 0 0
volume_proxy 347 -0.650075806 0.218020669 -0.00548332038 0 0 0
volume_proxy 349 -0.683862972 -0.189762688 0.010788255 0 0 0
volume_proxy 356 -0.0470688183 0.624209443 -0.00917292388 0 0 0
volume_proxy 375 0.152889458 -0.966422869 0.000133540955 0 0 0
volume_proxy 388 -0.407009795 0.381918001 -0.00290773826 0 0 0
volume_proxy 431 -1.43954926 0.183755283 -0.000339647702 0 0 0
volume_proxy 802 1.09787285 0.554111832 0.0088882501 0 0 0
volume_proxy 876 0.408921723 -0.759649266 -0.00640346883 0 0 0
volume_proxy 1052 0.0523436781 -0.575938752 -0.0082540007 0 0 0
volume_proxy 1066 0.187304733 0.649933881 0.00297629581 0 0 0
volume_proxy 1120 -0.606135252 0.327652035 -0.00620330887 0 0 0
volume_proxy 1166 -0.430201005 0.841005947 -0.00439352799 0 0 0
volume_proxy 1169 1.46771683 -0.726517801 -0.00978015885 0 0 0
volume_proxy 1172 -0.0183480099 0.469672466 -0.00996048603 0 0 0
volume_proxy 1186 -0.672297896 -0.353191069 -0.00364100459 0 0 0
volume_proxy 1193 -0.81303592 0.229975645 0.00936705618 0 0 0
volume_proxy 1219 -0.919125895 0.546925857 0.00470925153 0 0 0
volume_proxy 1225 0.254907374 -0.205779048 0.00964678538 0 0 0
volume_proxy 1245 -1.35864035 0.634587636 0.00707046996 0 0 0
volume_proxy 1280 -1.40291579 0.669327674 -0.00648107829 0 0 0
volume_proxy 1285 -1.10436159 0.926382929 0.00227854679 0 0 0
volume_proxy 1295 -0.764643428 0.970373881 0.000410828864 0 0 0
volume_proxy 1296 0.4196085 0.0557178535 -0.0071484048 0 0 0
volume_proxy 1335 0.172522137 -0.66760544 -0.00254523104 0 0 0
volume_proxy 1340 1.06645402 0.180630491 -0.00110947125 0 0 0
volume_proxy 1380 -0.0947017303 0.0192700882 -0.0020903849 0 0 0
volume_proxy 1386 0.018185242 0.942151475 -0.00660975162 0 0 0
volume_proxy 1397 1.17736948 0.923069495 -0.00297932187 0 0 0
volume_proxy 1403 0.504307735 0.539768895 -0.00614304168 0 0 0
volume_proxy 1409 0.778829428 0.84454036 0.00234093288 0 0 0
volume_proxy 1413 0.735595149 0.811374477 -0.00225477212 0 0 0
volume_proxy 1418 -0.918456322 0.272681409 0.00902005575 0 0 0
volume_proxy 1420 -1.44801965 0.0539292555 0.000429933338 0 0 0
volume_proxy 1421 -1.26498716 -0.406347123 -0.00205898699 0 0 0
volume_proxy 1422 1.11380507 -0.910397344 -0.00167135193 0 0 0
volume_proxy 1423 -0.666139332 0.759458045 -0.00451613663 0 0 0
volume_proxy 1426 0.848702269 -0.466164761 -0.00824209673 0 0 0
volume_proxy 1429 1.26992582 -0.093897824 -0.00845672623 0 0 0
volume_proxy 1433 1.21837092 0.329749641 -0.00177657495 0 0 0
volume_proxy 1434 0.123200327 -0.427681159 -0.00668984985 0 0 0
volume_proxy 1437 0.00257486541 -0.24392081 0.00737724089 0 0 0
volume_proxy 1439 -0.508779043 0.639157844 -0.0104030441 0 0 0
volume_proxy 1440 0.450023594 -0.423826568 -0.0104071011 0 0 0
volume_proxy 1444 -1.27505704 -0.97212071 -0.000432225801 0 0 0
volume_proxy 1445 -0.0157827082 -0.498169749 -0.00138401353 0 0 0
volume_proxy 1447 1.49579854 -0.199237821 -0.00794523071 0 0 0
volume_proxy 1459 -0.684666803 0.620412025 -0.00105103094 0 0 0
volume_proxy 1460 0.755987961 0.208461459 0.00547056232 0 0 0
volume_proxy 1461 -1.00293648 0.616200229 0.00571111548 0 0 0
volume_proxy 1462 -1.01696433 -0.207916443 -0.00278515289 0 0 0
volume_proxy 1466 -0.437659298 -0.728313279 -0.0089226467 0 0 0
volume_proxy 1470 -1.20155746 -0.686171456 0.0103979357 0 0 0
volume_proxy 1471 0.101331831 0.605142457 0.000364485159 0 0 0
volume_proxy 1472 -1.09041983 0.770189503 0.00113339018 0 0 0
volume_proxy 1474 1.14738493 -0.586395363 0.00223222324 0 0 0
volume_proxy 1475 1.16741202 -0.104950375 -0.00646081119 0 0 0
volume_proxy 1481 1.24904909 0.627962755 0.0105003782 0 0 0
volume_proxy 1482 0.443610787 -0.861580424 -0.00273181005 0 0 0
volume_proxy 1485 0.291627262 -0.556943571 -0.00657957559 0 0 0
volume_proxy 1486 1.06320514 -0.527978109 -0.0081775763 0 0 0
volume_proxy 1489 -0.371977679 0.519382252 -0.00570548994 0 0 0
volume_proxy 1490 1.22467438 0.676244109 0.00572816894 0 0 0
volume_proxy 1492 0.23375883 0.629726936 -0.00613006628 0 0 0
volume_proxy 1493 0.40532883 0.302520097 -0.00587889874 0 0 0
volume_proxy 1494 0.988097171 0.813897268 -0.00259238522 0 0 0
volume_proxy 1496 -0.8334933 0.289515923 0.0054098687 0 0 0
volume_proxy 1497 0.234919419 0.345279579 -0.00680498616 0 0 0
volume_proxy 1498 -1.22536523 0.551759337 -0.000629164325 0 0 0
volume_proxy 1501 -0.881534912 -0.819620071 0.00149826504 0 0 0
volume_proxy 1502 -0.978911406 -0.594611999 0.00796448038 0 0 0
volume_proxy 1503 -0.561967159 0.136721547 0.0035836401 0 0 0
volume_proxy 1505 -0.0409668675 0.892026444 0.00943197659 0 0 0
volume_proxy 1506 0.289270933 0.450308883 -0.00841306434 0 0 0
volume_proxy 1507 -1.05680621 -0.505776307 0.00768275215 0 0 0
volume_proxy 1508 -0.16351836 -0.867804399 -0.00689864283 0 0 0
volume_proxy 1509 -1.39269481 0.908148144 0.010754158 0 0 0
volume_proxy 1510 0.738742606 -0.661247217 0.00807320362 0 0 0
