volume_proxy 0 0.123869116 0.326504872 0.00201337227 0 0 0
volume_proxy 5 0.655208855 -0.708899449 -0.009398945 0 0 0
volume_proxy 6 -0.226846241 -0.142699484 -0.00577799706 0 0 0
volume_proxy 11 1.31753157 0.42017871 -0.00190666446 0 0 0
volume_proxy 12 0.327253299 -0.548938723 0.000547157041 0 0 0
volume_proxy 14 -0.66958773 0.823336698 0.00489774118 0 0 0
volume_proxy 23 1.36369965 -0.72936514 -0.00286658121 0 0 0
volume_proxy 38 -0.283627493 -0.506524216 -0.01058492 0 0 0
volume_proxy 40 -0.936627792 -0.390695631 0.00419818591 0 0 0
volume_proxy 50 -0.833608784 -0.40051066 0.00451395245 0 0 0
volume_proxy 53 -1.24975101 0.670062313 -0.00977885728 0 0 0
volume_proxy 58 0.727528255 -0.796988022 -0.00429636227 0 0 0
volume_proxy 60 0.0588025742 0.216163511 0.00815110131 0 0 0
volume_proxy 85 -1.23416226 0.755722457 -0.00747719055 0 0 0
volume_proxy 97 0.783787132 0.629934466 -0.0097554725 0 0 0
volume_proxy 107 1.47971046 -0.250726419 0.0107826791 0 0 0
volume_proxy 127 -1.33479949 -0.500410309 0.00345428434 0 0 0
volume_proxy 130 0.690062749 0.847736417 -0.00522910119 0 0 0
volume_proxy 140 -1.18977908 0.981919196 0.00962320083 0 0 0
volume_proxy 157 1.10048461 0.457623837 0.00572012288 0 0 0
volume_proxy 159 1.04651862 0.555849113 0.00121705221 0 0 0
volume_proxy 161 0.590661117 0.723457225 -0.00397401911 0 0 0
volume_proxy 176 0.700938661 -0.32012715 0.00795661207 0 0 0
volume_proxy 186 -1.44255081 -0.516144571 0.00831633753 0 0 0
volume_proxy 189 -1.35172043 0.981947902 0.00611590938 0 0 0
volume_proxy 195 -0.847081665 -0.109488653 0.00032789279 0 0 0
volume_proxy 196 0.906832552 0.22417127 -0.00144987955 0 0 0
volume_proxy 200 -0.567096389 -0.813493016 0.00529509731 0 0 0
volume_proxy 202 0.140441353 0.698513309 -0.00669088554 0 0 0
volume_proxy 209 -1.26545484 -0.363485414 -0.00982421473 0 0 0
volume_proxy 210 -0.631254059 0.737333577 0.00100515629 0 0 0
volume_proxy 226 0.199210338 0.077490569 0.00565080887 0 0 0
volume_proxy 236 1.20523695 0.170342846 -0.00503269102 0 0 0
volume_proxy 247 0.404055986 0.817523909 0.00466395461 0 0 0
volume_proxy 256 -1.15881347 0.838704299 -0.00116953449 0 0 0
volume_proxy 259 0.994947986 0.438787234 -0.00456785136 0 0 0
volume_proxy 269 -0.951048922 0.144676519 -0.00344505008 0 0 0
volume_proxy 277 -1.09669553 -0.060502022 0.00177492314 0 0 0
volume_proxy 296 -1.36144669 0.536524594 0.000811626996 0 0 0
volume_proxy 305 1.19582793 -0.565548033 -0.00736499721 0 0 0
volume_proxy 310 -0.286492368 -0.831969192 -0.00317127445 0 0 0
volume_proxy 344 -1.08635001 0.694143466 -0.000722446747 0 0 0
volume_proxy 347 -0.111269913 0.910790043 -0.00938749295 0 0 0
volume_proxy 356 -0.673829494 0.381186039 0.00509671207 0 0 0
volume_proxy 375 0.989148404 -0.856053571 -0.0105536266 0 0 0
volume_proxy 388 0.932152379 -0.386653626 0.00138892148 0 0 0
volume_proxy 802 1.44947949 -0.214663447 -0.00438149538 0 0 0
volume_proxy 1052 -1.07917997 -0.684066737 0.00193308925 0 0 0
volume_proxy 1066 -0.794324262 0.182747872 0.00922593166 0 0 0
volume_proxy 1120 -0.368778548 0.368529377 -0.00814968928 0 0 0
volume_proxy 1166 -0.707055504 0.474999159 0.00858244701 0 0 0
volume_proxy 1169 1.02432678 -0.783831958 -0.00746647324 0 0 0
volume_proxy 1193 -1.42888601 -0.478512597 -0.00447057794 0 0 0
volume_proxy 1225 -0.459393699 -0.524184303 -0.00294430461 0 0 0
volume_proxy 1245 -1.4156005 -0.312424483 -0.00115212252 0 0 0
volume_proxy 1280 -0.805482377 0.800122319 -0.00622972498 0 0 0
volume_proxy 1285 -1.22825077 0.250863039 -0.00110695024 0 0 0
volume_proxy 1295 -0.237900337 -0.265859839 0.00820766915 0 0 0
volume_proxy 1296 0.382918844 -0.495370288 -0.00904803797 0 0 0
volume_proxy 1340 0.87881667 0.837390925 -0.00920126701 0 0 0
volume_proxy 1380 -0.133238626 0.799917638 0.00551984585 0 0 0
volume_proxy 1386 1.01948235 0.349342373 -0.00445528836 0 0 0
volume_proxy 1397 1.3310242 0.936795417 0.00209022592 0 0 0
volume_proxy 1409 0.119475737 0.943045051 -0.0034805987 0 0 0
volume_proxy 1413 0.904608386 0.795045207 -0.00404386083 0 0 0
volume_proxy 1422 0.610474074 -0.366708337 -0.0007586935 0 0 0
volume_proxy 1433 1.22494275 0.733725121 -0.00619819474 0 0 0
volume_proxy 1434 0.0249231832 -0.935725116 0.0024959134 0 0 0
volume_proxy 1437 -0.156536578 -0.0750111609 0.000299152405 0 0 0
volume_proxy 1439 0.0905696168 0.820232625 0.00416998235 0 0 0
volume_proxy 1447 0.815197602 -0.120292382 -0.0010959809 0 0 0
volume_proxy 1459 -1.04635335 0.579306145 0.0101719398 0 0 0
volume_proxy 1460 0.259358569 0.375110307 0.0028318862 0 0 0
volume_proxy 1461 -0.676860007 0.610770067 0.004418301 0 0 0
volume_proxy 1466 -0.554912662 0.173399863 0.00726138407 0 0 0
volume_proxy 1472 -0.607069437 0.527564226 -0.00806555385 0 0 0
volume_proxy 1474 0.854795869 -0.679197308 9.46265962e-05 0 0 0
volume_proxy 1481 0.704458399 0.496246445 0.0047351733 0 0 0
volume_proxy 1482 1.03394221 0.123281979 -0.00406697227 0 0 0
volume_proxy 1485 0.407967052 -0.605910751 0.00287826026 0 0 0
volume_proxy 1489 0.070327831 -0.705838972 0.00357943782 0 0 0
volume_proxy 1490 1.24454156 0.940544834 -0.00297262341 0 0 0
volume_proxy 1494 1.25117488 -0.279535943 0.00446482362 0 0 0
volume_proxy 1496 -0.872549158 0.506567439 0.00338388705 0 0 0
volume_proxy 1498 -0.196668619 0.319336425 0.00725569022 0 0 0
volume_proxy 1501 -0.465752482 -0.608687188 -0.00723232807 0 0 0
volume_proxy 1503 0.17572973 0.0618653197 0.00703251945 0 0 0
volume_proxy 1506 0.319317642 0.951377892 -0.0106132244 0 0 0
volume_proxy 1507 -1.27915169 -0.586461078 0.00301582138 0 0 0
volume_proxy 1508 -0.828480102 -0.873751467 0.00479521368 0 0 0
volume_proxy 1509 -1.35646592 0.484026168 -0.00262904031 0 0 0
volume_proxy 1510 0.249651876 -0.737533135 -3.54353209e-06 0 0 0
volume_proxy 1511 1.35869498 0.612207756 0.00324737322 0 0 0
volume_proxy 1513 -1.49326225 0.706956772 0.00440099588 0 0 0
volume_proxy 1515 0.786996037 0.189300882 -0.00177580551 0 0 0
volume_proxy 1516 -0.218092072 -0.97617056 -0.00390346471 0 0 0
volume_proxy 1517 -0.886387372 -0.496668933 -0.00276449035 0 0 0
volume_proxy 1519 0.243120955 -0.29853643 -0.00861498428 0 0 0
volume_proxy 1520 0.33091721 -0.179776343 0.00812354465 0 0 0
volume_proxy 1521 -0.548090871 -0.0962653812 0.00530382273 0 0 0
volume_proxy 1522 0.47716201 0.525874835 0.0101169871 0 0 0
volume_proxy 1523 1.47761553 -0.100405126 0.00441039881 0 0 0
volume_proxy 1525 -1.03618691 0.959141736 0.00513918845 0 0 0
volume_proxy 1526 1.1311637 -0.349438734 -0.00353168951 0 0 0
volume_proxy 1528 0.726819489 -0.620550101 0.0029816034 0 0 0
volume_proxy 1529 -0.856045318 0.0147718788 9.70856681e-05 0 0 0
volume_proxy 1530 -0.760021154 -0.381128179 0.00447149235 0 0 0
volume_proxy 1531 0.422533224 0.464789234 -0.00193587908 0 0 0
