volume_proxy 0 -0.227547216 -0.544117513 -0.0104521356 0 0 0
volume_proxy 6 -0.206882657 0.41820487 0.00779394967 0 0 0
volume_proxy 11 1.08973687 0.0115001879 0.00863989973 0 0 0
volume_proxy 12 1.41492051 -0.513075258 -0.000209679378 0 0 0
volume_proxy 14 -1.23591084 0.612578483 0.00254287487 0 0 0
volume_proxy 23 1.18291363 -0.546386882 0.000644145609 0 0 0
volume_proxy 38 -0.810467859 -0.946780196 0.00982589861 0 0 0
volume_proxy 40 -1.05373619 -0.424710502 -0.00836163204 0 0 0
volume_proxy 50 -1.08926833 -0.567611714 0.00524985543 0 0 0
volume_proxy 53 -1.20840039 0.614263733 0.00294252033 0 0 0
volume_proxy 58 0.858231102 -0.183330294 -0.00650452995 0 0 0
volume_proxy 60 -0.281039563 0.658448058 -0.00279412529 0 0 0
volume_proxy 85 -1.01544617 0.607687013 -0.00827571875 0 0 0
volume_proxy 97 0.438575893 0.428370598 0.00351826687 0 0 0
volume_proxy 107 0.102240109 -0.163226798 -0.0016045771 0 0 0
volume_proxy 127 -1.38296339 -0.475066573 0.00627293306 0 0 0
volume_proxy 130 -0.322638209 -0.805236657 0.0104302699 0 0 0
volume_proxy 140 0.51103791 -0.439646892 0.00642520386 0 0 0
volume_proxy 157 0.959992018 -0.47657944 -0.00445236178 0 0 0
volume_proxy 159 0.22172911 0.43706305 -0.00410610745 0 0 0
volume_proxy 161 -0.33717417 -0.694980746 -0.00314446047 0 0 0
volume_proxy 176 0.531733523 0.266959831 0.00202646375 0 0 0
volume_proxy 186 -0.981131373 0.200341764 0.00520685194 0 0 0
volume_proxy 189 -0.800253287 -0.831710756 -0.0104193069 0 0 0
volume_proxy 195 -1.23398563 -0.795740393 0.00269327113 0 0 0
volume_proxy 196 -0.685595458 0.187385061 -0.00151451191 0 0 0
volume_proxy 200 -1.34335045 0.889995955 0.00217826068 0 0 0
volume_proxy 202 -0.424742341 0.305599958 -0.00647523172 0 0 0
volume_proxy 209 -1.17302147 -0.109074441 0.00214826266 0 0 0
volume_proxy 210 0.441066431 0.784035566 -0.00787311372 0 0 0
volume_proxy 226 1.04165146 0.242508837 -0.00479043672 0 0 0
volume_proxy 236 0.918662632 -0.306019547 -0.00314686415 0 0 0
volume_proxy 247 0.178789604 -0.888645213 -0.00616129602 0 0 0
volume_proxy 256 -0.0369867455 -0.666093389 0.00131278266 0 0 0
volume_proxy 259 0.338712085 -0.191698408 -0.0065084059 0 0 0
volume_proxy 269 -1.04452478 0.852100885 -0.00330242749 0 0 0
volume_proxy 277 -0.962974769 -0.479716313 -0.00485617759 0 0 0
volume_proxy 296 -1.11345029 0.503920424 0.00195906891 0 0 0
volume_proxy 305 0.630537568 -0.621183217 0.00240356283 0 0 0
volume_proxy 310 1.08244529 0.741808389 0.00435858211 0 0 0
volume_proxy 344 -1.05643555 -0.623058438 0.00511308119 0 0 0
volume_proxy 347 -0.644695827 0.688995633 -0.00972297331 0 0 0
volume_proxy 356 -0.324964272 -0.291760991 0.00913914294 0 0 0
volume_proxy 375 0.82301271 -0.0766976704 0.00158712787 0 0 0
volume_proxy 388 1.13454807 -0.465697342 -0.000972320073 0 0 0
volume_proxy 1052 -0.555118506 -0.127652148 -0.00422568645 0 0 0
volume_proxy 1066 -0.386946809 0.13257008 0.0100229742 0 0 0
volume_proxy 1120 -0.809763432 0.657269607 0.00735047636 0 0 0
volume_proxy 1166 -0.813427607 -0.995999488 0.00525793789 0 0 0
volume_proxy 1193 -1.0868446 -0.497140118 -0.00424290567 0 0 0
volume_proxy 1225 -1.19219093 -0.80156112 -0.00827317565 0 0 0
volume_proxy 1245 -1.48347383 0.830923666 0.00944006682 0 0 0
volume_proxy 1280 -1.47666707 0.867426589 -0.00552711891 0 0 0
volume_proxy 1285 -0.53052985 0.78943014 0.00957254921 0 0 0
volume_proxy 1295 0.508920457 0.195496409 0.00356825793 0 0 0
volume_proxy 1296 -0.45073396 -0.568200961 0.001201958 0 0 0
volume_proxy 1340 1.14487793 -0.0482757069 0.0102747526 0 0 0
volume_proxy 1380 -1.33051957 -0.377446979 -0.0101626697 0 0 0
volume_proxy 1386 1.17697393 0.876114386 0.00625795042 0 0 0
volume_proxy 1397 0.393203515 0.718066925 0.00777431573 0 0 0
volume_proxy 1409 0.596192542 0.388278005 -0.00665007895 0 0 0
volume_proxy 1413 1.04771634 0.176066859 0.010103295 0 0 0
volume_proxy 1422 0.703811114 -0.684300637 0.0101915707 0 0 0
volume_proxy 1433 1.30724397 0.827510876 0.00686805649 0 0 0
volume_proxy 1437 0.0699782139 -0.984180728 0.00653040395 0 0 0
volume_proxy 1459 -0.646056006 -0.0899393497 0.00297079155 0 0 0
volume_proxy 1460 -0.679389011 0.0889947726 -0.00624285439 0 0 0
volume_proxy 1461 -1.15234379 0.515018904 -0.00512905361 0 0 0
volume_proxy 1472 -1.49692841 -0.0430843239 -0.00412869979 0 0 0
volume_proxy 1474 1.33144682 0.152922133 -0.00504901204 0 0 0
volume_proxy 1481 0.193126483 0.367281438 -0.00850772695 0 0 0
volume_proxy 1482 1.22758956 0.924248287 -0.00438150671 0 0 0
volume_proxy 1485 0.793002165 -0.408520592 0.00787338298 0 0 0
volume_proxy 1489 0.471761461 -0.758148699 -0.0101287835 0 0 0
volume_proxy 1490 1.03487044 0.651385689 0.0071101248 0 0 0
volume_proxy 1496 -1.46339131 0.493543962 0.00925200621 0 0 0
volume_proxy 1498 -0.171588067 -0.186283864 -0.00695341854 0 0 0
volume_proxy 1503 -1.31057086 -0.479183727 0.00775283302 0 0 0
volume_proxy 1506 0.438923593 0.776651791 0.00430648417 0 0 0
volume_proxy 1507 -0.635286478 -0.639616527 -0.0107717363 0 0 0
volume_proxy 1508 -0.70239 -0.11558349 0.00718245366 0 0 0
volume_proxy 1509 -0.97674683 0.0181137248 0.00647242453 0 0 0
volume_proxy 1510 -0.394053896 -0.934383988 0.00635999916 0 0 0
volume_proxy 1513 -1.26393704 0.524828458 -0.00493474002 0 0 0
volume_proxy 1515 0.466863601 -0.760278924 0.0017180767 0 0 0
volume_proxy 1516 -0.243633598 -0.690306705 0.00272113673 0 0 0
volume_proxy 1517 -1.47102087 -0.329941057 0.00574464862 0 0 0
volume_proxy 1519 0.21361324 -0.0825511645 0.00274178533 0 0 0
volume_proxy 1520 0.182491625 -0.542349274 -0.0100566471 0 0 0
volume_proxy 1521 -1.46388638 -0.938470923 0.00468804816 0 0 0
volume_proxy 1523 0.133656198 0.0832550003 -0.00370096445 0 0 0
volume_proxy 1525 -0.839004516 0.981826928 0.00544771008 0 0 0
volume_proxy 1526 1.38469212 -0.231923972 0.00899088416 0 0 0
volume_proxy 1528 1.11789779 -0.840589166 -0.00901522581 0 0 0
volume_proxy 1529 -1.05551118 -0.180786174 0.00859191243 0 0 0
volume_proxy 1531 0.344148327 0.998207339 -0.000161667045 0 0 0
volume_proxy 1533 1.07483718 0.669328635 -0.00248004475 0 0 0
volume_proxy 1534 -0.546351448 0.0863847095 -0.00490051053 0 0 0
volume_proxy 1536 -0.888290222 -0.71201186 -0.00315943854 0 0 0
volume_proxy 1537 -0.487770253 -0.499049274 0.00323276942 0 0 0
volume_proxy 1538 1.09280015 -0.160798473 -0.00796032075 0 0 0
volume_proxy 1539 0.646234286 0.637583784 0.00817722099 0 0 0
volume_proxy 1540 1.3237033 0.278016152 0.0012628641 0 0 0
