volume_proxy 0 0.0346112137 0.409410172 0.00229688112 0 0 0
volume_proxy 5 0.889378153 -0.488110901 -0.00421685159 0 0 0
volume_proxy 6 -0.29254594 -0.248111249 -0.0105558932 0 0 0
volume_proxy 11 1.42633127 0.820607546 -0.00939332473 0 0 0
volume_proxy 12 0.382869707 -0.332377095 -0.00310929893 0 0 0
volume_proxy 14 -0.775362899 0.887608983 -0.00552596637 0 0 0
volume_proxy 23 1.26462276 -0.931704804 0.0106094458 0 0 0
volume_proxy 38 0.164857506 -0.297083469 0.0076106907 0 0 0
volume_proxy 40 -0.775181756 -0.45471664 0.00526748985 0 0 0
volume_proxy 50 -0.61009065 -0.439556563 -0.00112129221 0 0 0
volume_proxy 53 -1.0694467 0.583545015 -0.00424029696 0 0 0
volume_proxy 58 0.945652774 -0.910863727 0.00726955878 0 0 0
volume_proxy 60 0.172310431 0.516196479 0.0028880155 0 0 0
volume_proxy 85 -0.807440231 0.617947938 -0.00320764354 0 0 0
volume_proxy 97 0.972944374 0.882902612 -0.00633387313 0 0 0
volume_proxy 107 1.40939269 -0.344251653 0.00243983459 0 0 0
volume_proxy 127 -1.26701162 -0.405827338 0.00981957423 0 0 0
volume_proxy 130 0.7528839 0.967108631 -0.00256831708 0 0 0
volume_proxy 140 -0.939891758 0.937593216 0.00806344522 0 0 0
volume_proxy 157 1.01974738 0.70553337 0.00807136147 0 0 0
volume_proxy 159 1.18748165 0.321265254 -0.00549609026 0 0 0
volume_proxy 161 1.00875805 0.763328626 -0.00804862393 0 0 0
volume_proxy 176 0.922579401 0.0124944384 -0.000259615186 0 0 0
volume_proxy 186 -1.42568605 -0.23483668 -0.00566493302 0 0 0
volume_proxy 189 -1.03033668 0.722481995 -0.00197349376 0 0 0
volume_proxy 195 -0.543418102 -0.242993032 -0.00770458131 0 0 0
volume_proxy 196 0.76942323 0.110616036 -0.00458661089 0 0 0
volume_proxy 200 -0.224516534 -0.873122211 -0.00663494046 0 0 0
volume_proxy 202 0.102288726 0.704789758 -0.00502181503 0 0 0
volume_proxy 209 -1.16381371 -0.423001193 0.00897613553 0 0 0
volume_proxy 210 -0.275993081 0.624642603 -0.00198890506 0 0 0
volume_proxy 226 0.584912143 -0.29042296 0.000557237512 0 0 0
volume_proxy 236 0.39614619 0.285199628 -0.00745292009 0 0 0
volume_proxy 247 0.680639935 0.734196888 0.0067365286 0 0 0
volume_proxy 256 -1.29944439 0.696551717 0.00402655976 0 0 0
volume_proxy 259 0.888200729 0.273320403 -0.00895019766 0 0 0
volume_proxy 269 -0.959306938 -0.163196163 -0.00201934573 0 0 0
volume_proxy 277 -0.847812616 -0.0537357077 -0.00342498227 0 0 0
volume_proxy 296 -1.34267251 0.316502552 0.0064600226 0 0 0
volume_proxy 305 1.35617627 -0.583375103 -0.00665868809 0 0 0
volume_proxy 310 -0.319346691 -0.801449297 0.00470867857 0 0 0
volume_proxy 344 -1.25928686 0.645550126 0.00588664782 0 0 0
volume_proxy 347 -0.150579194 0.95539914 -0.00466864799 0 0 0
volume_proxy 356 -0.715700422 0.398262036 0.00376987439 0 0 0
volume_proxy 375 0.987386297 -0.964790182 0.00415514546 0 0 0
volume_proxy 388 0.638021167 -0.262436156 0.0046669778 0 0 0
volume_proxy 802 1.42504778 -0.236489278 -0.0023367887 0 0 0
volume_proxy 1052 -1.11248388 -0.611814353 -0.00587307788 0 0 0
volume_proxy 1066 -0.637541715 0.234969486 0.00234913738 0 0 0
volume_proxy 1120 -0.241202359 0.367289029 0.0015171905 0 0 0
volume_proxy 1166 -0.673022592 0.27257708 -0.00937553104 0 0 0
volume_proxy 1169 1.24747784 -0.86189551 0.00679594259 0 0 0
volume_proxy 1193 -1.33208687 -0.555564751 -0.00897602649 0 0 0
volume_proxy 1225 -0.394579435 -0.552887418 0.00373612027 0 0 0
volume_proxy 1245 -1.28227323 -0.232216689 0.00830170055 0 0 0
volume_proxy 1280 -0.800962461 0.909594374 -0.0045285113 0 0 0
volume_proxy 1285 -1.23524608 0.245064058 -0.00780728743 0 0 0
volume_proxy 1295 -0.198845497 0.011745561 0.00819886489 0 0 0
volume_proxy 1296 0.326485557 -0.476829961 0.00210869907 0 0 0
volume_proxy 1340 0.806983973 0.783719598 0.000599618473 0 0 0
volume_proxy 1380 -0.329435709 0.79156487 -0.00725913885 0 0 0
volume_proxy 1386 0.75753066 0.303424291 0.00747277704 0 0 0
volume_proxy 1397 1.2317705 0.86849826 -0.00490486405 0 0 0
volume_proxy 1409 0.218614775 0.993472476 -0.00736764268 0 0 0
volume_proxy 1413 0.970732003 0.673360398 -0.00324460595 0 0 0
volume_proxy 1422 0.314841356 -0.504834436 -0.00643533913 0 0 0
volume_proxy 1433 0.996224847 0.961130785 0.00974301268 0 0 0
volume_proxy 1434 -0.0320784178 -0.919498608 -0.00177928401 0 0 0
volume_proxy 1437 0.0187163773 -0.0585881662 0.00829919442 0 0 0
volume_proxy 1439 -0.0747451705 0.890849078 0.00550820282 0 0 0
volume_proxy 1447 0.942393787 -0.441907165 -0.00710155322 0 0 0
volume_proxy 1459 -0.876436033 0.407584757 0.00165137673 0 0 0
volume_proxy 1460 0.335006939 0.236242631 0.00639416409 0 0 0
volume_proxy 1461 -0.901386772 0.762124847 0.00100788925 0 0 0
volume_proxy 1466 -0.480359404 -0.105625765 -0.0100250306 0 0 0
volume_proxy 1472 -0.7343187 0.259255064 0.00158142591 0 0 0
volume_proxy 1474 0.755703845 -0.873808759 0.00918875192 0 0 0
volume_proxy 1481 0.991380431 0.462141126 0.00829664088 0 0 0
volume_proxy 1482 1.1322831 0.129778144 -0.00235028774 0 0 0
volume_proxy 1485 0.410245996 -0.662699593 0.000303874314 0 0 0
volume_proxy 1489 -0.0452145649 -0.590676217 -0.000359520852 0 0 0
volume_proxy 1490 1.2773594 0.901939841 0.0105065441 0 0 0
volume_proxy 1492 0.495061009 0.420594904 0.00338044491 0 0 0
volume_proxy 1493 0.790948673 0.429276082 -0.0024253942 0 0 0
volume_proxy 1494 1.23520389 -0.115126645 -0.00854590637 0 0 0
volume_proxy 1496 -1.05964839 0.492808928 0.00255126607 0 0 0
volume_proxy 1498 -0.193683715 0.337853189 -0.00691092203 0 0 0
volume_proxy 1501 -0.46973796 -0.809308214 -0.00696393977 0 0 0
volume_proxy 1503 0.336202667 -0.00201904127 0.00618822687 0 0 0
volume_proxy 1506 0.0754948031 0.939415233 -0.00389942233 0 0 0
volume_proxy 1507 -1.16276912 -0.363547309 0.00657261963 0 0 0
volume_proxy 1508 -0.714460862 -0.613397035 -0.00965058032 0 0 0
volume_proxy 1509 -1.3525124 0.726735029 -0.00961577055 0 0 0
volume_proxy 1510 0.171251277 -0.854815259 0.00015254099 0 0 0
volume_proxy 1511 1.33233844 0.294839248 -0.0106201284 0 0 0
volume_proxy 1513 -1.45497673 0.386371128 0.00645796375 0 0 0
volume_proxy 1515 0.881326873 -0.0191872573 0.00317484808 0 0 0
volume_proxy 1516 -0.20875273 -0.904067596 0.0104981358 0 0 0
volume_proxy 1517 -0.991376226 -0.516591803 -0.00902869995 0 0 0
volume_proxy 1519 0.297633809 -0.328540358 -0.00340592674 0 0 0
volume_proxy 1520 0.463948279 -0.264891348 -0.00508835264 0 0 0
volume_proxy 1521 -0.497537686 -0.0909193642 -0.00774347763 0 0 0
volume_proxy 1522 0.474513755 0.431416052 -0.00550556559 0 0 0
volume_proxy 1523 1.37439804 -0.192048781 -0.00219143408 0 0 0
volume_proxy 1525 -1.04378616 0.85635407 0.00380069361 0 0 0
volume_proxy 1526 1.10027671 -0.285267894 0.00381033537 0 0 0
volume_proxy 1528 0.468406253 -0.509417853 0.000559603999 0 0 0
volume_proxy 1529 -0.932620129 -0.0373620569 0.00791723468 0 0 0
volume_proxy 1530 -0.725166524 -0.226823261 0.00960578887 0 0 0
