volume_proxy 0 -0.617358057 -0.677481306 0.00916820475 0 0 0
volume_proxy 6 0.116129827 0.791624841 0.00208926053 0 0 0
volume_proxy 11 0.678984911 0.105488923 0.00863299377 0 0 0
volume_proxy 12 1.07039664 -0.818534557 0.00461802158 0 0 0
volume_proxy 14 -1.22628642 0.710810934 0.00187895464 0 0 0
volume_proxy 23 1.10261995 -0.984398005 0.010079175 0 0 0
volume_proxy 38 -0.839135661 -0.700104671 -0.00591993495 0 0 0
volume_proxy 40 -0.667509062 -0.608179075 -0.00680532438 0 0 0
volume_proxy 50 -1.36118906 0.139611395 0.00745328229 0 0 0
volume_proxy 53 -0.972123665 0.811842555 -0.00182162833 0 0 0
volume_proxy 58 0.856672683 -0.342269986 -0.00576742783 0 0 0
volume_proxy 60 -0.263871536 0.563445578 0.00136649029 0 0 0
volume_proxy 85 -1.07459224 0.692005455 0.00429140752 0 0 0
volume_proxy 97 0.971088217 0.272307272 0.000242555121 0 0 0
volume_proxy 107 0.117238345 -0.0589643366 0.00414933667 0 0 0
volume_proxy 127 -1.31448509 -0.192561018 0.00828471716 0 0 0
volume_proxy 130 0.251349215 -0.753449639 0.00452210925 0 0 0
volume_proxy 140 0.404170412 -0.0740965978 -0.00445031586 0 0 0
volume_proxy 157 0.845322821 -0.494416927 -0.00378406614 0 0 0
volume_proxy 159 0.515192682 0.587470669 -0.000582561779 0 0 0
volume_proxy 161 -0.199627337 -0.780636698 0.00432434561 0 0 0
volume_proxy 176 0.631039141 0.206414596 0.0107247667 0 0 0
volume_proxy 186 -1.45948063 0.00870040995 0.00185440292 0 0 0
volume_proxy 189 -0.685574505 -0.54600332 -0.00883781654 0 0 0
volume_proxy 195 -1.24755261 -0.782156403 0.00352837617 0 0 0
volume_proxy 196 -0.19463135 0.10819568 -0.00349142289 0 0 0
volume_proxy 200 -1.07139709 0.612967894 0.00425521148 0 0 0
volume_proxy 202 -0.279915758 -0.282637288 0.00371235408 0 0 0
volume_proxy 209 -1.24768814 -0.0557200187 -0.00534729635 0 0 0
volume_proxy 210 0.938429723 0.662619969 -0.0087998029 0 0 0
volume_proxy 226 1.16215696 0.142224623 0.00755811096 0 0 0
volume_proxy 236 0.954291495 0.0641367156 0.00475170411 0 0 0
volume_proxy 247 0.360461235 -0.688330398 0.00592150336 0 0 0
volume_proxy 256 0.111461715 -0.346922947 0.00811086604 0 0 0
volume_proxy 259 0.146765833 -0.416043482 0.00972120602 0 0 0
volume_proxy 269 -0.927924688 0.758580027 0.00710862357 0 0 0
volume_proxy 277 -0.522150703 -0.310422099 -0.00914477765 0 0 0
volume_proxy 296 -0.936416783 0.799602196 0.00380805685 0 0 0
volume_proxy 305 0.84617419 -0.453831588 -0.00444515076 0 0 0
volume_proxy 310 1.23020032 0.851088999 -0.0098750783 0 0 0
volume_proxy 344 -0.839664383 -0.992197901 -0.00495411714 0 0 0
volume_proxy 347 -0.501341184 0.711813375 0.00843529678 0 0 0
volume_proxy 356 -0.419388604 0.063317175 -0.0106655717 0 0 0
volume_proxy 375 0.88434983 -0.0505827382 -0.0105164631 0 0 0
volume_proxy 388 0.868234029 -0.512334814 0.00597533644 0 0 0
volume_proxy 1052 -0.486070218 0.0230994604 0.0030956344 0 0 0
volume_proxy 1066 -0.416679442 0.42704832 0.00443227294 0 0 0
volume_proxy 1120 -0.807551079 0.620874615 0.000241558152 0 0 0
volume_proxy 1166 -0.683168389 -0.941362459 0.00153582585 0 0 0
volume_proxy 1193 -1.1153945 -0.364550411 0.00407323576 0 0 0
volume_proxy 1225 -1.41452397 -0.912522171 0.00603872002 0 0 0
volume_proxy 1245 -1.41053459 0.659640931 0.0049216105 0 0 0
volume_proxy 1280 -1.29455128 0.754933353 -0.00743847235 0 0 0
volume_proxy 1285 -0.270127342 0.776236989 -0.00806498216 0 0 0
volume_proxy 1295 0.616034556 0.0811865677 0.00128189429 0 0 0
volume_proxy 1296 -0.162233375 -0.86086092 -0.00715270376 0 0 0
volume_proxy 1340 1.43958821 -0.0612973842 0.00138054213 0 0 0
volume_proxy 1380 -1.42802175 -0.432915793 0.000927030225 0 0 0
volume_proxy 1386 1.36433625 0.931616038 -0.00874916903 0 0 0
volume_proxy 1397 0.699021134 0.562544351 -0.00425810327 0 0 0
volume_proxy 1409 0.748375023 0.34528166 0.00172465893 0 0 0
volume_proxy 1413 1.1585572 0.326265525 -0.00211250674 0 0 0
volume_proxy 1422 0.230733625 -0.983985037 0.00144310832 0 0 0
volume_proxy 1433 1.04424016 0.700871852 -0.00287765251 0 0 0
volume_proxy 1437 0.252834572 -0.784603875 0.0057531516 0 0 0
volume_proxy 1459 -0.587083139 -0.477463001 -0.00485137444 0 0 0
volume_proxy 1460 -0.50277562 0.611835171 0.00182900755 0 0 0
volume_proxy 1461 -1.47641991 0.557137895 0.010078386 0 0 0
volume_proxy 1472 -1.16579054 0.250909338 0.00939532168 0 0 0
volume_proxy 1474 1.44424969 0.105994028 0.00022390246 0 0 0
volume_proxy 1481 0.3535499 0.0130163092 0.00153505762 0 0 0
volume_proxy 1482 1.21374905 0.927698967 0.00649282072 0 0 0
volume_proxy 1485 0.920114393 -0.639572968 -0.00782331357 0 0 0
volume_proxy 1489 0.501756713 -0.64276912 -0.00607831253 0 0 0
volume_proxy 1490 0.782884031 0.935242833 -0.00997367787 0 0 0
volume_proxy 1496 -1.49760874 0.69977299 -0.00697185943 0 0 0
volume_proxy 1498 0.0228299776 -0.318374322 0.001131116 0 0 0
volume_proxy 1503 -1.00110299 -0.853746121 -0.0101061009 0 0 0
volume_proxy 1506 0.463402849 0.819914069 -0.00063578357 0 0 0
volume_proxy 1507 -0.523631575 -0.686902317 0.00293725533 0 0 0
volume_proxy 1508 -0.609729182 0.0152682237 0.0074002675 0 0 0
volume_proxy 1509 -1.16500396 -0.219087628 -0.0026919744 0 0 0
volume_proxy 1510 -0.600932324 -0.86956255 -0.00614725108 0 0 0
volume_proxy 1513 -0.930235193 0.908750069 0.00102595058 0 0 0
volume_proxy 1515 0.496229013 -0.709952531 -0.00315169451 0 0 0
volume_proxy 1516 -0.201888425 -0.646599083 0.00695666559 0 0 0
volume_proxy 1517 -1.09659395 -0.331418441 -0.000847304048 0 0 0
volume_proxy 1519 0.140364505 -0.522866312 -0.00907884448 0 0 0
volume_proxy 1520 -0.15888757 -0.515141427 0.0010628484 0 0 0
volume_proxy 1521 -1.48925243 -0.961519539 -0.00259742309 0 0 0
volume_proxy 1523 0.0374465857 0.0495259557 -0.00273547104 0 0 0
volume_proxy 1525 -0.980545286 0.778020641 -0.000289298841 0 0 0
volume_proxy 1526 1.34192304 -0.454633931 0.00378161032 0 0 0
volume_proxy 1528 1.05783592 -0.930927851 0.00507730058 0 0 0
volume_proxy 1529 -1.10246243 -0.167649318 -0.00304935351 0 0 0
volume_proxy 1531 0.558965484 0.629645362 0.00631352612 0 0 0
volume_proxy 1533 1.4384295 0.500680722 -0.0100174981 0 0 0
volume_proxy 1534 -0.449707633 0.175149502 0.000430252674 0 0 0
volume_proxy 1536 -0.775839991 -0.756426753 0.00771183505 0 0 0
volume_proxy 1537 -0.656182466 -0.580125868 -0.00397959033 0 0 0
volume_proxy 1538 1.04338366 -0.318599304 -0.00440705073 0 0 0
volume_proxy 1539 0.425954212 0.907070144 -0.00396919395 0 0 0
volume_proxy 1540 1.03677792 0.425856428 0.00466796426 0 0 0
