volume_proxy 0 1.19068983 -0.143176672 -0.000437799521 0 0 0
volume_proxy 5 0.286324366 0.642503202 -0.00474997185 0 0 0
volume_proxy 6 1.43877837 -0.320145922 0.00636349643 0 0 0
volume_proxy 11 0.254388495 0.684080934 0.0104302856 0 0 0
volume_proxy 12 1.32616265 -0.11980755 -0.00157422069 0 0 0
volume_proxy 14 0.40427815 0.442945264 -0.00685976358 0 0 0
volume_proxy 23 -0.838098599 -0.0285456918 0.010034609 0 0 0
volume_proxy 38 0.0376632451 -0.226543699 -0.00779486269 0 0 0
volume_proxy 40 -0.173550288 -0.518336614 -0.0092257084 0 0 0
volume_proxy 50 -0.271947227 -0.545828116 -0.000867603153 0 0 0
volume_proxy 53 -0.18359548 -0.642114151 -0.00430203944 0 0 0
volume_proxy 58 1.13352112 -0.25363171 -0.00899346671 0 0 0
volume_proxy 60 -0.334263163 0.581171445 -0.00371359407 0 0 0
volume_proxy 61 -0.0226857628 -0.878988159 -0.00313381637 0 0 0
volume_proxy 72 0.442487317 -0.0674089264 -0.00393262888 0 0 0
volume_proxy 81 -1.25701366 -0.0409493066 0.00400945166 0 0 0
volume_proxy 85 -0.376781278 0.0856083644 0.00701968834 0 0 0
volume_proxy 88 -1.03309211 -0.0650397621 0.00785527928 0 0 0
volume_proxy 97 1.18164947 -0.392790284 0.00532593669 0 0 0
volume_proxy 101 -1.23531005 0.829163917 0.0067832082 0 0 0
volume_proxy 105 0.118243917 -0.98707056 0.00506188881 0 0 0
volume_proxy 106 -0.0976852664 -0.996558536 -0.000264718213 0 0 0
volume_proxy 107 0.485232908 0.161854123 -0.00106231407 0 0 0
volume_proxy 108 1.30151079 0.554116936 0.00335613695 0 0 0
volume_proxy 126 -0.0650722331 -0.89816211 0.00667866544 0 0 0
volume_proxy 127 -0.541272789 0.14098323 0.00855381732 0 0 0
volume_proxy 130 1.00156516 0.516429836 0.00485048809 0 0 0
volume_proxy 132 0.688661586 0.856001494 -0.00977842052 0 0 0
volume_proxy 140 -0.903403961 0.705685685 0.00188505163 0 0 0
volume_proxy 145 -0.836797545 -0.970781259 0.00160030908 0 0 0
volume_proxy 157 0.469534485 0.00248795 0.00696197652 0 0 0
volume_proxy 159 -0.441541384 -0.475572675 0.00321292041 0 0 0
volume_proxy 161 -0.420300568 0.241730302 0.00449800422 0 0 0
volume_proxy 176 0.222575108 -0.584872023 -0.00755422529 0 0 0
volume_proxy 178 -1.35674939 0.522244572 0.00739124066 0 0 0
volume_proxy 186 0.000823062712 0.563024402 0.0031904024 0 0 0
volume_proxy 189 -1.11045909 0.48028212 -0.00219018683 0 0 0
volume_proxy 195 -0.356854589 0.120694874 0.00914919325 0 0 0
volume_proxy 196 0.563848967 0.220620313 0.00500479845 0 0 0
volume_proxy 200 -0.313024003 -0.631638235 0.00577453721 0 0 0
volume_proxy 202 -0.761443118 0.991985054 -0.00490373434 0 0 0
volume_proxy 209 -0.738582551 -0.48360989 -0.0084154066 0 0 0
volume_proxy 210 0.0774265506 0.524773266 -0.00793692687 0 0 0
volume_proxy 224 0.38276288 -0.617934024 0.00831323258 0 0 0
volume_proxy 226 -0.844528871 -0.913632918 -0.00453549843 0 0 0
volume_proxy 236 0.326322918 0.0986510599 0.00669708825 0 0 0
volume_proxy 244 1.17825047 0.351865823 -0.00201487768 0 0 0
volume_proxy 247 1.14430807 -0.251643793 -0.00939342803 0 0 0
volume_proxy 256 -0.0852405819 -0.542725401 0.002654677 0 0 0
volume_proxy 258 0.762947921 0.146164866 0.0104561016 0 0 0
volume_proxy 259 0.559538836 0.185424034 -0.00838701844 0 0 0
volume_proxy 269 0.0880575613 -0.483911433 0.00390382858 0 0 0
volume_proxy 276 0.623725183 -0.493786297 0.00478386021 0 0 0
volume_proxy 277 -0.456506906 -0.537753289 -0.0101108156 0 0 0
volume_proxy 279 0.662518929 0.3373017 0.00606948966 0 0 0
volume_proxy 294 0.683436594 0.536085412 0.00819204022 0 0 0
volume_proxy 296 0.326964919 -0.341610663 0.00503036941 0 0 0
volume_proxy 298 0.654005178 -0.313846066 0.0081282268 0 0 0
volume_proxy 305 0.0819400522 -0.245020801 -0.00487614611 0 0 0
volume_proxy 310 1.18650838 0.611938813 -0.00456785762 0 0 0
volume_proxy 311 1.21273515 -0.0400157018 0.00605502931 0 0 0
volume_proxy 329 -0.844300116 0.362825944 0.00708180289 0 0 0
volume_proxy 337 -1.14725397 0.397500318 0.00146403664 0 0 0
volume_proxy 344 0.388256661 0.693028586 -0.00367781267 0 0 0
volume_proxy 347 -0.668279176 -0.814160191 0.00333281244 0 0 0
volume_proxy 349 0.347518692 -0.148818181 0.00721822869 0 0 0
volume_proxy 356 0.395354042 0.599989396 0.00372976434 0 0 0
volume_proxy 358 1.32968135 0.845868599 -0.00740740723 0 0 0
volume_proxy 375 1.0968807 -0.227749786 -0.00207896225 0 0 0
volume_proxy 388 -1.11445915 -0.0144395607 -0.00865401445 0 0 0
volume_proxy 399 0.369431444 -0.422845885 0.00940016349 0 0 0
volume_proxy 409 0.273083706 -0.857144446 0.00137145807 0 0 0
volume_proxy 412 1.21212683 -0.708247134 -0.0103444608 0 0 0
volume_proxy 431 -1.39959504 -0.895348589 0.00375056994 0 0 0
volume_proxy 512 0.323834866 -0.966529695 0.00753343628 0 0 0
volume_proxy 518 1.34922982 0.315523628 -0.0107542929 0 0 0
volume_proxy 591 -0.228720788 0.561168861 -0.00690710538 0 0 0
volume_proxy 682 0.367690579 -0.492927495 -0.00299460576 0 0 0
volume_proxy 725 -1.45046134 -0.549716516 -0.00214215859 0 0 0
volume_proxy 751 -0.273232768 -0.783829076 0.00996389005 0 0 0
volume_proxy 802 1.29857963 -0.267677744 -0.000227714461 0 0 0
volume_proxy 814 0.540117347 -0.140322721 -0.00630626915 0 0 0
volume_proxy 876 -0.29732803 -0.353585328 -0.00230628873 0 0 0
volume_proxy 904 -0.873644737 0.717603128 -0.00436764858 0 0 0
volume_proxy 914 0.354977989 -0.551911832 8.26397875e-05 0 0 0
volume_proxy 915 -0.865729851 -0.197081201 -0.00799634326 0 0 0
volume_proxy 929 -0.986746474 -0.936554423 0.00194714202 0 0 0
volume_proxy 944 0.222877063 -0.425300666 0.00742087152 0 0 0
volume_proxy 991 -1.31832515 -0.950801821 -0.00548423581 0 0 0
volume_proxy 1001 -0.267606311 0.78825262 -0.000616755213 0 0 0
volume_proxy 1020 -0.936175475 0.211965771 0.00692950931 0 0 0
volume_proxy 1021 -0.889422377 -0.763454617 -0.00133971027 0 0 0
volume_proxy 1042 0.888200964 0.762192971 -0.00482524291 0 0 0
volume_proxy 1050 -1.115385 -0.303024879 0.0098611805 0 0 0
volume_proxy 1052 -0.50527694 0.110798697 -0.00677557636 0 0 0
volume_proxy 1062 0.57432857 0.414335252 0.00586030089 0 0 0
volume_proxy 1066 0.44685443 0.66572411 0.0098065573 0 0 0
volume_proxy 1093 -0.137160808 -0.905890264 0.00164809825 0 0 0
volume_proxy 1098 0.162085016 0.868396676 -0.00384100272 0 0 0
volume_proxy 1102 1.15205348 0.783333008 -0.00465917034 0 0 0
volume_proxy 1113 0.802244948 0.49976497 -0.00733681952 0 0 0
volume_proxy 1117 0.814562267 0.31119209 -0.0036032313 0 0 0
volume_proxy 1118 -0.448262601 -0.255825058 0.000260764177 0 0 0
volume_proxy 1120 0.084233401 0.75346162 0.00567652407 0 0 0
volume_proxy 1133 0.632741081 -0.703488092 0.0068923918 0 0 0
volume_proxy 1137 -0.5375611 0.216944217 -0.00857757314 0 0 0
volume_proxy 1138 1.42258138 -0.755920539 -0.00229532838 0 0 0
volume_proxy 1151 0.66405556 -0.805325536 0.00388192121 0 0 0
volume_proxy 1166 -1.06103506 0.498607151 0.00165744704 0 0 0
volume_proxy 1169 1.45168842 -0.933169047 0.000550591113 0 0 0
volume_proxy 1172 -0.229103804 0.547956201 -0.00854380678 0 0 0
volume_proxy 1180 -0.68396202 0.366146316 0.000674843993 0 0 0
volume_proxy 1186 -0.628734015 -0.3186887 0.00910445703 0 0 0
volume_proxy 1193 -1.09736815 -0.0648770199 0.00970628778 0 0 0
volume_proxy 1195 -1.36463819 -0.37073691 0.00989206877 0 0 0
volume_proxy 1197 -0.765678838 -0.345163129 -0.00459440132 0 0 0
volume_proxy 1198 -0.158508911 0.652079894 -0.00332673822 0 0 0
volume_proxy 1208 -0.509496568 -0.131665346 -0.00136532035 0 0 0
volume_proxy 1209 -1.40649036 -0.0647691915 -0.005995127 0 0 0
volume_proxy 1210 -1.42101192 0.88820964 0.00178443694 0 0 0
volume_proxy 1214 -0.526784265 0.543242198 0.00990754229 0 0 0
volume_proxy 1217 -0.478172357 0.395598841 0.00616511343 0 0 0
volume_proxy 1219 -0.770311778 0.838353316 0.00725951386 0 0 0
volume_proxy 1223 1.27321642 0.254370591 -0.00312445241 0 0 0
volume_proxy 1225 0.142562894 -0.239212877 -0.00461761897 0 0 0
volume_proxy 1230 1.11641291 -0.690680309 -0.00525336121 0 0 0
volume_proxy 1231 -0.801878099 0.154939937 0.00671476062 0 0 0
volume_proxy 1237 0.145608218 0.817551288 0.000687026228 0 0 0
volume_proxy 1238 0.755619968 0.771816208 0.00846207708 0 0 0
volume_proxy 1245 -1.28074327 0.953963159 0.00644985578 0 0 0
volume_proxy 1255 1.48496146 -0.258063111 -0.00441559097 0 0 0
volume_proxy 1259 -1.00266011 0.87635185 -0.00340690748 0 0 0
volume_proxy 1261 -0.48867721 0.480565802 -0.00105341177 0 0 0
volume_proxy 1262 1.17584811 0.333567514 -0.000622451623 0 0 0
volume_proxy 1263 0.522013178 -0.351664753 -0.00779558799 0 0 0
volume_proxy 1264 0.165005576 -0.288573056 -0.00733160357 0 0 0
volume_proxy 1270 0.55940143 -0.0144938169 -0.00153235983 0 0 0
volume_proxy 1273 -0.78602527 0.805641492 0.00796462027 0 0 0
volume_proxy 1280 -1.18534579 0.109365791 -0.00741603538 0 0 0
volume_proxy 1281 -0.626725801 -0.871763607 0.00868856081 0 0 0
volume_proxy 1285 -1.22346794 0.988945509 0.00693808791 0 0 0
volume_proxy 1291 -0.114413203 0.897439781 0.00365466366 0 0 0
volume_proxy 1292 0.0512121278 0.22892395 0.00687355065 0 0 0
volume_proxy 1293 -0.352158717 -0.731651883 0.0037232352 0 0 0
volume_proxy 1294 1.42808081 0.672630895 -0.00285059862 0 0 0
volume_proxy 1295 -1.41214923 0.299727192 0.00862040491 0 0 0
volume_proxy 1296 -0.20429788 -0.072395176 0.00894595518 0 0 0
volume_proxy 1297 -0.403750964 -0.775294444 0.0033453067 0 0 0
volume_proxy 1298 -1.18719252 -0.919073373 -0.00762715358 0 0 0
volume_proxy 1300 -1.23921833 0.347628226 0.00234320229 0 0 0
volume_proxy 1301 -1.02744602 0.77815147 -0.00103535538 0 0 0
volume_proxy 1303 -0.804676839 0.791823081 0.00579484595 0 0 0
volume_proxy 1308 -0.535229189 -0.233344353 0.00762002023 0 0 0
volume_proxy 1309 -0.259659564 -0.298149137 0.00902518367 0 0 0
volume_proxy 1314 0.201322518 0.363341648 0.00733120562 0 0 0
volume_proxy 1315 -0.859069036 -0.755155111 0.00804561232 0 0 0
volume_proxy 1318 0.770562313 -0.511419902 0.00976489174 0 0 0
volume_proxy 1320 -0.497919026 -0.93774597 0.00766957954 0 0 0
volume_proxy 1321 -1.46479884 0.161287223 0.0047366726 0 0 0
volume_proxy 1325 0.0689942997 -0.476960678 0.00159542206 0 0 0
volume_proxy 1326 -0.0948526204 -0.202101836 0.000797570222 0 0 0
volume_proxy 1329 0.985025954 0.564025153 -0.0072375534 0 0 0
volume_proxy 1330 0.154783966 0.394300705 -0.00401796729 0 0 0
volume_proxy 1331 0.468744378 0.315279946 0.00720735814 0 0 0
volume_proxy 1333 1.17714791 0.50116806 0.00641141158 0 0 0
volume_proxy 1334 -1.29775039 -0.25494659 0.00342768071 0 0 0
volume_proxy 1335 0.479457183 0.0782165499 0.0080698528 0 0 0
volume_proxy 1336 0.687217774 0.028341569 -0.0033205421 0 0 0
volume_proxy 1337 -0.381205609 0.715861449 -0.0066911111 0 0 0
volume_proxy 1340 0.295604509 0.829065025 0.00900580267 0 0 0
volume_proxy 1341 -0.948915902 -0.651054528 -0.00850047846 0 0 0
volume_proxy 1345 0.716685104 -0.913397293 -0.000180374438 0 0 0
volume_proxy 1347 -0.306804221 0.439678433 -0.00487590133 0 0 0
volume_proxy 1348 0.711296749 -0.453120958 0.00472985644 0 0 0
volume_proxy 1349 -1.47797297 -0.259746259 0.001900543 0 0 0
volume_proxy 1350 0.494471263 -0.342081666 0.00494658441 0 0 0
volume_proxy 1353 1.15463555 0.131006507 -0.0102032557 0 0 0
volume_proxy 1354 -0.433847083 -0.0688909248 0.0013331764 0 0 0
volume_proxy 1356 0.241986703 0.362215065 0.00414823426 0 0 0
volume_proxy 1357 -1.3980486 0.19434921 0.00140527338 0 0 0
volume_proxy 1358 -0.952329276 -0.432905518 -0.00287362247 0 0 0
volume_proxy 1360 -1.3299783 -0.806826124 0.00662095836 0 0 0
volume_proxy 1361 0.848863987 0.884612917 0.00734120829 0 0 0
volume_proxy 1364 -0.97899543 -0.562985307 0.00363027411 0 0 0
volume_proxy 1366 1.04342998 0.854047965 0.0058878369 0 0 0
volume_proxy 1367 -0.535471653 -0.812879882 0.00961919469 0 0 0
volume_proxy 1368 1.19419166 -0.990431591 0.00504277724 0 0 0
volume_proxy 1369 1.24678148 0.928546089 0.00877656115 0 0 0
volume_proxy 1370 1.39769714 0.310915886 -0.00626119461 0 0 0
volume_proxy 1371 1.47096957 0.392480886 -0.00343362258 0 0 0
volume_proxy 1374 0.0304544461 0.970993427 0.00195769871 0 0 0
volume_proxy 1375 -0.0700594198 0.906412127 0.00468274998 0 0 0
volume_proxy 1376 0.783507282 -0.50139086 0.0102652904 0 0 0
volume_proxy 1377 1.03203044 0.738150975 -0.00681931637 0 0 0
volume_proxy 1378 0.618536844 -0.553323952 0.00963593114 0 0 0
volume_proxy 1379 0.537575293 0.432889247 -0.00187795048 0 0 0
volume_proxy 1380 0.0635209762 0.284772807 0.00674195436 0 0 0
volume_proxy 1381 0.917864428 0.351092375 0.000768140037 0 0 0
volume_proxy 1382 -0.488513392 -0.0529038691 0.000122648054 0 0 0
volume_proxy 1383 -1.18887836 0.664345815 -0.00987182764 0 0 0
volume_proxy 1384 0.562460011 0.347797875 0.00661842595 0 0 0
volume_proxy 1385 0.645779925 0.367612988 -0.00474411579 0 0 0
volume_proxy 1386 0.282345946 0.512711852 -0.00320538945 0 0 0
