volume_proxy 0 0.671999087 0.479309918 -0.00211127723 0 0 0
volume_proxy 5 1.4017552 -0.707146672 0.00400469968 0 0 0
volume_proxy 6 -0.423653408 0.295624746 0.0067142942 0 0 0
volume_proxy 11 0.925200542 0.43178974 0.00907112976 0 0 0
volume_proxy 12 0.153300238 -0.557041436 -0.00364267256 0 0 0
volume_proxy 14 -1.23976574 0.967653574 0.00988831832 0 0 0
volume_proxy 23 1.31716531 -0.809704872 0.00809655487 0 0 0
volume_proxy 38 0.713374467 -0.284662593 -0.00433669761 0 0 0
volume_proxy 40 -0.482006057 -0.281217475 0.0063144656 0 0 0
volume_proxy 50 -0.817825313 -0.220368588 -0.00685403621 0 0 0
volume_proxy 53 -0.355540719 0.913174279 0.00467757196 0 0 0
volume_proxy 58 0.868980522 -0.869376929 0.00459296868 0 0 0
volume_proxy 60 0.642904456 0.675219653 0.00604241111 0 0 0
volume_proxy 85 -0.815832595 0.036379269 0.00925594914 0 0 0
volume_proxy 97 0.920581418 0.518011351 -0.00894448781 0 0 0
volume_proxy 107 1.21519144 0.915614998 -0.0040503676 0 0 0
volume_proxy 127 -1.40133832 0.0987573953 0.00949902212 0 0 0
volume_proxy 130 0.622837647 0.230108056 -0.0106987455 0 0 0
volume_proxy 140 0.3846866 0.604144179 0.00911193508 0 0 0
volume_proxy 157 1.22406217 -0.233246314 -0.00889466485 0 0 0
volume_proxy 159 0.671028074 0.367468666 0.00508237161 0 0 0
volume_proxy 161 0.594817569 0.434349095 0.00288211022 0 0 0
volume_proxy 176 0.626591461 0.334707135 -0.000172296236 0 0 0
volume_proxy 186 -1.00007304 0.474661951 0.00116535778 0 0 0
volume_proxy 189 -0.507145656 0.873247921 -0.00871281766 0 0 0
volume_proxy 195 -0.41228824 -0.539519794 -0.00936287616 0 0 0
volume_proxy 196 0.634202297 -0.68661284 0.00908364311 0 0 0
volume_proxy 200 -0.329989632 -0.616659481 0.00404559689 0 0 0
volume_proxy 202 -0.445773776 0.460043195 -0.00402142821 0 0 0
volume_proxy 209 -1.26317696 0.885982898 0.00831576315 0 0 0
volume_proxy 210 -0.690311553 0.43089742 -0.00343005253 0 0 0
volume_proxy 226 0.308072107 -0.754060013 -0.00116561821 0 0 0
volume_proxy 236 0.928350765 0.789373141 0.00987835962 0 0 0
volume_proxy 247 1.07805602 0.812867022 0.00561507128 0 0 0
volume_proxy 256 -0.610489974 0.963869887 0.00714580085 0 0 0
volume_proxy 259 0.412949385 0.549327626 -0.00131988193 0 0 0
volume_proxy 269 -0.554072583 -0.677684178 0.00727456689 0 0 0
volume_proxy 277 -1.11163984 -0.126562665 -0.00523009683 0 0 0
volume_proxy 296 -0.467819562 -0.748361267 -0.00164142222 0 0 0
volume_proxy 305 0.130146873 -0.013092013 0.00660881904 0 0 0
volume_proxy 310 0.392533538 -0.822746646 0.00258566177 0 0 0
volume_proxy 344 -1.25413698 0.880844596 -0.00297967522 0 0 0
volume_proxy 347 -0.489940102 -0.103241511 0.00734627205 0 0 0
volume_proxy 356 0.178315522 0.784861975 -0.00190276515 0 0 0
volume_proxy 375 1.04729364 -0.990903494 -0.00274330127 0 0 0
volume_proxy 388 0.268308688 0.245621908 0.00609591981 0 0 0
volume_proxy 802 1.48725627 -0.324427054 -0.00192524977 0 0 0
volume_proxy 1052 -0.761459371 -0.758930294 0.00548377527 0 0 0
volume_proxy 1066 -0.0957977115 0.289535915 -0.00774614012 0 0 0
volume_proxy 1120 -0.631501545 -0.0138542896 -0.00803751304 0 0 0
volume_proxy 1166 -0.632744656 0.874184295 -0.00987712141 0 0 0
volume_proxy 1169 1.12331023 -0.879917802 0.00953483961 0 0 0
volume_proxy 1193 -1.2454391 -0.52510222 -0.00719690167 0 0 0
volume_proxy 1225 -0.474336351 -0.310318593 -0.00194087479 0 0 0
volume_proxy 1245 -1.4296914 0.788260649 -0.00192168044 0 0 0
volume_proxy 1280 -1.21692487 0.27237462 -0.00286855223 0 0 0
volume_proxy 1285 -1.16285513 0.101057077 0.00301128224 0 0 0
volume_proxy 1295 -0.409291852 0.747631818 0.01035859 0 0 0
volume_proxy 1296 0.38172974 0.101764147 -0.0106931477 0 0 0
volume_proxy 1335 0.59961877 -0.788319146 -0.0062838484 0 0 0
volume_proxy 1340 0.958526767 -0.0399191542 -0.00288721672 0 0 0
volume_proxy 1380 0.25478285 0.294115411 0.00396798028 0 0 0
volume_proxy 1386 0.144106616 0.424050888 -0.00943289808 0 0 0
volume_proxy 1397 1.07964764 0.151930178 -0.00926665131 0 0 0
volume_proxy 1409 0.523140554 0.9921371 0.0026229322 0 0 0
volume_proxy 1413 1.30833772 0.514561981 -0.00489090467 0 0 0
volume_proxy 1420 -1.24853738 -0.0222427755 -0.00430980661 0 0 0
volume_proxy 1422 0.948499901 -0.851093985 0.0103669003 0 0 0
volume_proxy 1426 1.10879507 -0.083972269 0.00197499623 0 0 0
volume_proxy 1429 1.16814596 -0.298381149 -0.00614245115 0 0 0
volume_proxy 1433 1.35401778 0.393520702 0.00556461548 0 0 0
volume_proxy 1434 -0.29957517 -0.979250438 0.00404977118 0 0 0
volume_proxy 1437 0.0383009972 0.0227361318 -0.00811022411 0 0 0
volume_proxy 1439 -0.302498053 0.678943172 0.00576286595 0 0 0
volume_proxy 1440 1.17439367 -0.369869786 0.00913067537 0 0 0
volume_proxy 1447 0.839897016 -0.649486857 0.00271734725 0 0 0
volume_proxy 1459 -0.538314193 0.0829711115 0.00801859542 0 0 0
volume_proxy 1460 1.15137349 0.936097181 0.00278633278 0 0 0
volume_proxy 1461 -1.05369871 0.560465067 0.00723031683 0 0 0
volume_proxy 1466 -1.48828297 0.249902462 0.00139458375 0 0 0
volume_proxy 1470 -1.30248973 -0.392426483 0.00869484427 0 0 0
volume_proxy 1471 -0.0964825162 0.810977506 -0.00989312257 0 0 0
volume_proxy 1472 -1.09963574 0.382880858 0.00351825546 0 0 0
volume_proxy 1474 1.02019863 -0.868937922 -0.00794434178 0 0 0
volume_proxy 1481 0.993489444 0.892691152 -0.00768629312 0 0 0
volume_proxy 1482 0.629387372 -0.508355944 -0.00230136683 0 0 0
volume_proxy 1485 0.260390433 -0.828712765 -0.00338621872 0 0 0
volume_proxy 1486 1.233321 -0.613825608 0.00975627332 0 0 0
volume_proxy 1489 -0.290771199 0.158609583 0.005752041 0 0 0
volume_proxy 1490 1.43530311 0.906677687 -0.000670807416 0 0 0
volume_proxy 1492 0.328581041 0.765571286 -0.0104947056 0 0 0
volume_proxy 1493 0.370517586 0.00941958553 -0.00775205248 0 0 0
volume_proxy 1494 0.902748925 0.550996155 -0.00415783534 0 0 0
volume_proxy 1496 -1.26166203 0.0411799256 0.00500231687 0 0 0
volume_proxy 1498 -1.23471882 0.20519219 -0.00151635833 0 0 0
volume_proxy 1501 -0.849728976 -0.952161698 -0.00829226363 0 0 0
volume_proxy 1503 -0.0862719498 0.0757738743 0.00647329188 0 0 0
volume_proxy 1505 -0.115725296 0.797545292 -0.00172892524 0 0 0
volume_proxy 1506 0.582492449 0.794808667 -0.00687732544 0 0 0
volume_proxy 1507 -1.10808256 -0.42370563 -0.00709110641 0 0 0
volume_proxy 1508 -0.472545708 -0.893784219 0.00400735971 0 0 0
volume_proxy 1509 -1.22793862 0.637993743 -0.00547158926 0 0 0
volume_proxy 1510 0.670069026 -0.174318085 0.00368946327 0 0 0
volume_proxy 1511 0.965410082 0.715697003 -0.00744019973 0 0 0
volume_proxy 1512 -1.23084365 0.767971661 -0.00852197486 0 0 0
volume_proxy 1513 -0.743596247 0.894198473 0.00632947936 0 0 0
volume_proxy 1514 -1.39483577 0.57319106 -0.000854570275 0 0 0
volume_proxy 1515 0.583669 0.43298724 -0.00751809238 0 0 0
volume_proxy 1516 -0.851874546 -0.536541364 -0.0054124069 0 0 0
volume_proxy 1517 -0.930038102 -0.751331769 0.0103847441 0 0 0
volume_proxy 1518 -1.26569325 -0.162029137 0.000585644927 0 0 0
volume_proxy 1519 -0.0367812982 -0.367070081 -0.0041392269 0 0 0
volume_proxy 1520 -0.173604319 -0.735173403 -0.00511571215 0 0 0
