volume_proxy 0 1.124872 -0.150635885 -0.000933874777 0 0 0
volume_proxy 5 0.463738342 0.652598919 0.00483539887 0 0 0
volume_proxy 6 1.46912792 -0.198971181 -0.00772126243 0 0 0
volume_proxy 11 0.281396996 0.726037935 0.00824377206 0 0 0
volume_proxy 12 0.880144071 -0.123251494 -0.00649401502 0 0 0
volume_proxy 14 0.629715659 0.650875911 0.00124193761 0 0 0
volume_proxy 23 -0.784518318 -0.155640439 0.00434342907 0 0 0
volume_proxy 38 0.0784534839 -0.393438591 -0.00541847672 0 0 0
volume_proxy 40 0.0410964344 -0.255164925 0.00747420971 0 0 0
volume_proxy 50 -0.229635177 -0.627098201 -0.00652291036 0 0 0
volume_proxy 53 -0.129596785 -0.705619571 0.00767666169 0 0 0
volume_proxy 58 1.16105914 -0.440242686 -0.0043568108 0 0 0
volume_proxy 60 -0.37524705 0.443036054 -0.0103810333 0 0 0
volume_proxy 61 -0.299092829 -0.693800029 0.010634021 0 0 0
volume_proxy 72 0.63232653 0.0360754189 -0.00425802822 0 0 0
volume_proxy 81 -1.07158276 0.0373670289 -0.00167182522 0 0 0
volume_proxy 85 -0.440068194 0.27798294 0.00106178741 0 0 0
volume_proxy 88 -0.792887825 -0.0946126977 0.006726573 0 0 0
volume_proxy 97 1.12602538 -0.101102181 0.0106322889 0 0 0
volume_proxy 101 -1.39346418 0.63592819 -0.00582496335 0 0 0
volume_proxy 105 -0.113539952 -0.826049345 -0.00949883371 0 0 0
volume_proxy 106 -0.666563788 -0.880604343 0.00546402493 0 0 0
volume_proxy 107 0.661423557 0.38936297 0.00598074676 0 0 0
volume_proxy 108 1.36024482 0.376881844 0.000864627141 0 0 0
volume_proxy 126 -0.266017187 -0.953786801 0.00736868252 0 0 0
volume_proxy 127 -0.615381667 0.126014988 -0.00323079959 0 0 0
volume_proxy 130 1.15806327 0.8163948 -0.00204441812 0 0 0
volume_proxy 132 0.825368233 0.793930912 0.0100629472 0 0 0
volume_proxy 140 -0.796885637 0.991508143 -0.00868813542 0 0 0
volume_proxy 145 -0.982405766 -0.636209889 -0.00804159035 0 0 0
volume_proxy 157 0.484419679 0.153530449 0.00796636005 0 0 0
volume_proxy 159 -0.815438002 -0.676965836 -0.0091692403 0 0 0
volume_proxy 161 -0.619481114 0.390703294 0.00161611379 0 0 0
volume_proxy 176 0.10221925 -0.610133975 -0.00307609115 0 0 0
volume_proxy 178 -1.4017945 0.615251251 0.00595629264 0 0 0
volume_proxy 186 0.0876024218 0.685196868 -0.00102447586 0 0 0
volume_proxy 189 -1.34695685 0.552053341 -0.00955404809 0 0 0
volume_proxy 195 -0.579564128 0.281544408 -0.00958995099 0 0 0
volume_proxy 196 0.629587535 0.266526849 -0.00243236367 0 0 0
volume_proxy 200 -0.448749853 -0.526436489 -0.00964611513 0 0 0
volume_proxy 202 -0.880161094 0.966435496 0.00801575454 0 0 0
volume_proxy 209 -1.04450424 -0.481278873 0.00806508449 0 0 0
volume_proxy 210 0.0199577748 0.694308305 0.00821105426 0 0 0
volume_proxy 224 0.507190669 -0.722284701 -0.0013979106 0 0 0
volume_proxy 226 -0.686266357 -0.836299002 -0.00319109377 0 0 0
volume_proxy 236 0.344016546 0.131960817 -0.00211831282 0 0 0
volume_proxy 237 0.32367329 0.377021866 0.00209712966 0 0 0
volume_proxy 244 1.06669405 0.436400196 -0.000103573955 0 0 0
volume_proxy 247 1.32548 -0.449322514 0.00526686011 0 0 0
volume_proxy 256 0.0705595306 -0.542476954 -0.00123172655 0 0 0
volume_proxy 258 0.873843095 0.232470228 0.00117491802 0 0 0
volume_proxy 259 0.526013033 0.317132676 -0.00135601412 0 0 0
volume_proxy 269 0.174463226 -0.322297348 -0.00674918955 0 0 0
volume_proxy 276 0.577613383 -0.40657729 -0.00441003201 0 0 0
volume_proxy 277 -0.441838083 -0.481927989 0.000718093856 0 0 0
volume_proxy 279 0.582911594 0.394696381 0.000613536055 0 0 0
volume_proxy 294 0.449100867 0.574085872 -0.00558925245 0 0 0
volume_proxy 296 0.486920589 -0.278120959 0.000239525544 0 0 0
volume_proxy 298 0.574740182 -0.398909666 -0.00919796299 0 0 0
volume_proxy 305 -0.0752376127 -0.0583528482 0.0012622484 0 0 0
volume_proxy 310 1.21812023 0.69599445 0.00609512526 0 0 0
volume_proxy 311 1.16505196 -0.139205905 -0.00999618284 0 0 0
volume_proxy 314 -0.206847121 0.268162683 0.000503192342 0 0 0
volume_proxy 329 -0.752974679 0.544154491 -0.00312057846 0 0 0
volume_proxy 337 -1.04592501 0.481897741 -0.0065266763 0 0 0
volume_proxy 344 0.455496738 0.608935185 -0.00444828595 0 0 0
volume_proxy 345 -1.19339681 0.659229507 0.00249803749 0 0 0
volume_proxy 347 -0.505214991 -0.980630092 -0.00100196467 0 0 0
volume_proxy 349 0.367218742 -0.0496761423 -0.00808894227 0 0 0
volume_proxy 356 0.226111147 0.589745345 0.00238641442 0 0 0
volume_proxy 358 1.23582272 0.936318464 0.00959958159 0 0 0
volume_proxy 375 1.22548752 -0.168454709 0.00971447081 0 0 0
volume_proxy 388 -1.46037071 0.0976353574 0.00859386047 0 0 0
volume_proxy 399 0.685159765 -0.461555968 0.00383353531 0 0 0
volume_proxy 409 0.0667235523 -0.747103787 -0.00381828184 0 0 0
volume_proxy 412 1.08606582 -0.856388335 0.00593748921 0 0 0
volume_proxy 431 -1.20346096 -0.96024534 0.00675252945 0 0 0
volume_proxy 512 0.23922765 -0.896969434 -0.00634251647 0 0 0
volume_proxy 518 1.4145027 -0.0286947487 -0.00311136877 0 0 0
volume_proxy 591 -0.100741459 0.352479483 0.00841422485 0 0 0
volume_proxy 682 0.135100998 -0.374694031 -0.00438403029 0 0 0
volume_proxy 725 -1.44994186 -0.445099125 0.00528523772 0 0 0
volume_proxy 751 -0.188029749 -0.674939766 -0.00688629144 0 0 0
volume_proxy 802 1.22771665 -0.212139884 0.00134175304 0 0 0
volume_proxy 814 0.759272497 -0.413146322 -0.0044141598 0 0 0
volume_proxy 876 -0.525552756 -0.411984176 -0.00927709415 0 0 0
volume_proxy 883 0.483601658 0.473184577 0.00586547436 0 0 0
volume_proxy 902 -0.0367556142 0.273058562 -0.000582535135 0 0 0
volume_proxy 904 -0.816515829 0.734008198 0.00894974732 0 0 0
volume_proxy 914 0.542682964 -0.582791146 0.00968252831 0 0 0
volume_proxy 915 -0.680871915 -0.266576495 -0.00817922062 0 0 0
volume_proxy 929 -0.958404334 -0.766345489 -0.00512678459 0 0 0
volume_proxy 944 0.322881233 -0.425295296 0.00876605234 0 0 0
volume_proxy 991 -1.18598459 -0.77500828 -0.00834564844 0 0 0
volume_proxy 1001 -0.27351175 0.898585649 -0.00764829105 0 0 0
volume_proxy 1020 -0.904585545 0.210454132 -0.00148826784 0 0 0
volume_proxy 1021 -0.95760106 -0.710195655 -0.00762393669 0 0 0
volume_proxy 1042 0.999725452 0.67733162 -0.010154759 0 0 0
volume_proxy 1050 -1.17230782 -0.425457663 -0.00710734679 0 0 0
volume_proxy 1052 -0.440451537 0.139919574 0.00736106078 0 0 0
volume_proxy 1062 0.409753049 0.62614517 -0.00733052266 0 0 0
volume_proxy 1066 0.725378512 0.573063717 0.000180145741 0 0 0
volume_proxy 1093 -0.0288023228 -0.736044074 -0.00789955086 0 0 0
volume_proxy 1098 0.167526544 0.879331667 -0.00015329113 0 0 0
volume_proxy 1102 1.2169022 0.815350333 0.000429328393 0 0 0
volume_proxy 1113 0.906981743 0.604500721 0.000108614966 0 0 0
volume_proxy 1117 0.800988654 0.359578649 -0.000477856186 0 0 0
volume_proxy 1118 -0.492088424 -0.433043759 -0.00526830265 0 0 0
volume_proxy 1120 -0.19382648 0.660233581 0.00953229527 0 0 0
volume_proxy 1133 0.710037665 -0.959100669 0.00558672991 0 0 0
volume_proxy 1137 -0.545470741 0.294668621 0.00942475592 0 0 0
volume_proxy 1138 1.47529429 -0.845302601 0.0101472857 0 0 0
volume_proxy 1147 0.796104792 0.36645615 0.00265990776 0 0 0
volume_proxy 1151 0.722249029 -0.945498156 0.00822976546 0 0 0
volume_proxy 1166 -1.05279625 0.527295301 0.00771957024 0 0 0
volume_proxy 1169 1.45644835 -0.966855461 0.00951798687 0 0 0
volume_proxy 1172 -0.190258879 0.441367229 0.00121596855 0 0 0
volume_proxy 1179 0.609989988 0.226132635 0.00439957359 0 0 0
volume_proxy 1180 -0.480547033 0.351334593 0.0106177296 0 0 0
volume_proxy 1186 -0.551527478 -0.176785812 0.00998792168 0 0 0
volume_proxy 1193 -1.00697528 0.0425229519 -0.00620292006 0 0 0
volume_proxy 1195 -1.39582014 -0.354262142 0.00728460868 0 0 0
volume_proxy 1197 -0.662070319 -0.589218052 0.00404170145 0 0 0
volume_proxy 1198 -0.198848347 0.49040619 0.00428394187 0 0 0
volume_proxy 1206 0.587770629 0.215453632 -0.00575167009 0 0 0
volume_proxy 1208 -0.404103409 0.062032575 0.00120123313 0 0 0
volume_proxy 1209 -1.47941409 0.194574096 -0.00410083937 0 0 0
volume_proxy 1210 -1.38829068 0.966543121 -0.00565957547 0 0 0
volume_proxy 1214 -0.58934474 0.656214045 0.00231761028 0 0 0
volume_proxy 1217 -0.633008999 0.541704085 0.00147058836 0 0 0
volume_proxy 1219 -0.73633494 0.629297776 -0.00958066296 0 0 0
volume_proxy 1220 0.57936355 0.414481099 -0.000916084478 0 0 0
volume_proxy 1223 1.40060422 0.400887219 -0.0101089409 0 0 0
volume_proxy 1225 -0.0973006304 -0.204655095 0.000554347455 0 0 0
volume_proxy 1230 1.19602127 -0.55782422 0.00744306065 0 0 0
volume_proxy 1231 -0.793637329 0.206697794 0.00183799507 0 0 0
volume_proxy 1237 0.403292592 0.81854436 0.00637099003 0 0 0
volume_proxy 1238 0.889406993 0.775347815 0.000104044752 0 0 0
volume_proxy 1245 -1.41314011 0.968184308 0.000334349809 0 0 0
volume_proxy 1252 0.435008151 -0.598619977 -0.00873259717 0 0 0
volume_proxy 1255 1.4134779 -0.440671887 0.00272554663 0 0 0
volume_proxy 1259 -1.11302892 0.980604751 0.00554254829 0 0 0
volume_proxy 1260 0.32818844 0.581429761 0.0070602111 0 0 0
volume_proxy 1261 -0.468851207 0.774781221 0.00579973329 0 0 0
volume_proxy 1262 1.17332764 0.371923323 0.00636667218 0 0 0
volume_proxy 1263 0.582735365 -0.438416689 -0.0100292007 0 0 0
volume_proxy 1264 0.271020528 -0.384930709 -0.0107569576 0 0 0
volume_proxy 1270 0.511489833 -0.192792992 -0.000504717328 0 0 0
volume_proxy 1273 -0.686152006 0.936657934 0.00444652476 0 0 0
volume_proxy 1276 1.06054311 0.607974347 0.000673410787 0 0 0
volume_proxy 1277 1.44339161 0.314798498 -0.00773904609 0 0 0
volume_proxy 1280 -1.22241639 0.310018407 -0.00513659424 0 0 0
volume_proxy 1281 -0.48454198 -0.896004252 0.00558951201 0 0 0
volume_proxy 1285 -1.04313413 0.938874676 -0.00764414197 0 0 0
volume_proxy 1289 0.405362253 -0.476641903 0.00148611052 0 0 0
volume_proxy 1291 -0.156264167 0.861620443 -0.00894914095 0 0 0
volume_proxy 1292 -0.0892027084 0.229678433 0.00395628018 0 0 0
volume_proxy 1293 -0.342251357 -0.734370914 -0.00796040615 0 0 0
volume_proxy 1294 1.31534779 0.651694057 -3.55235419e-06 0 0 0
volume_proxy 1295 -1.25626291 0.260957304 -0.00771935673 0 0 0
volume_proxy 1296 -0.140597166 -0.196654779 -0.00613408942 0 0 0
volume_proxy 1297 -0.286223239 -0.802944789 0.00812726837 0 0 0
volume_proxy 1298 -1.11481711 -0.75554824 -0.00155012377 0 0 0
volume_proxy 1300 -1.22943218 0.547041317 0.00501675205 0 0 0
volume_proxy 1301 -1.17397995 0.63049954 0.00564020444 0 0 0
volume_proxy 1303 -0.813682031 0.720518468 -0.00338499342 0 0 0
volume_proxy 1308 -0.60356 -0.13156168 0.0043433848 0 0 0
volume_proxy 1309 -0.0191672491 -0.441121706 -0.00516619795 0 0 0
volume_proxy 1312 0.825583382 -0.589484806 -0.00174748519 0 0 0
volume_proxy 1314 0.148154217 0.240469722 -0.00590655731 0 0 0
volume_proxy 1315 -0.88067323 -0.719856043 0.00207592019 0 0 0
volume_proxy 1317 1.46255149 0.305855227 -0.00749166919 0 0 0
volume_proxy 1318 0.736949119 -0.6268709 0.00961376245 0 0 0
volume_proxy 1320 -0.452560177 -0.895723465 -0.00384328896 0 0 0
volume_proxy 1321 -1.38590572 0.00843059473 -9.52610686e-05 0 0 0
volume_proxy 1322 0.84943037 -0.606869327 0.00130554836 0 0 0
volume_proxy 1325 0.0782296837 -0.358019346 0.00278701823 0 0 0
volume_proxy 1326 0.00475316842 0.0362840636 0.00203055282 0 0 0
volume_proxy 1328 -1.10227835 0.565805429 0.00374639767 0 0 0
volume_proxy 1329 1.00927144 0.64807004 0.00435058363 0 0 0
volume_proxy 1330 0.083456861 0.29629825 -0.00215781213 0 0 0
volume_proxy 1331 0.357360431 0.654529541 0.00713957792 0 0 0
volume_proxy 1332 1.08789065 0.46963659 0.00366842327 0 0 0
volume_proxy 1333 1.1778863 0.547142256 -0.0098558435 0 0 0
volume_proxy 1334 -1.31301618 -0.437157696 -0.00218261038 0 0 0
volume_proxy 1335 0.426833439 0.0867426577 -0.0014010715 0 0 0
volume_proxy 1336 0.792007991 0.0232915355 0.00964416048 0 0 0
volume_proxy 1337 -0.498736452 0.84568766 -0.00313512824 0 0 0
volume_proxy 1340 0.459910531 0.39136517 -0.00868194068 0 0 0
volume_proxy 1341 -1.05422979 -0.569288263 -0.00945042768 0 0 0
volume_proxy 1345 0.712760716 -0.759270331 -0.00969302743 0 0 0
volume_proxy 1347 -0.21358713 0.608734321 0.00531562053 0 0 0
volume_proxy 1348 0.70068254 -0.334353866 0.00476219606 0 0 0
volume_proxy 1349 -1.22777546 -0.191600673 -0.0103889046 0 0 0
volume_proxy 1350 0.574010947 -0.363132615 0.00170397731 0 0 0
volume_proxy 1351 0.864941002 0.442257865 -0.00182879019 0 0 0
volume_proxy 1353 1.26501961 0.124741306 0.003564931 0 0 0
volume_proxy 1354 -0.322487342 -0.0300272143 0.0102678176 0 0 0
volume_proxy 1355 -0.264762684 -0.0588913091 -0.00840104176 0 0 0
volume_proxy 1356 0.257158832 0.450779256 0.00670530641 0 0 0
volume_proxy 1357 -1.4789288 0.258402197 -0.00905638548 0 0 0
volume_proxy 1358 -1.06120712 -0.407021215 -0.000814004236 0 0 0
volume_proxy 1359 -0.5895172 0.105554433 0.00954623218 0 0 0
volume_proxy 1360 -1.43541615 -0.689032736 0.00946131339 0 0 0
volume_proxy 1361 0.836924927 0.94837125 0.00643891442 0 0 0
volume_proxy 1362 0.0859170131 0.975949967 0.0052411532 0 0 0
volume_proxy 1363 0.0720511544 0.93722574 0.00476888346 0 0 0
volume_proxy 1364 -1.16935205 -0.543253954 -0.00730394372 0 0 0
volume_proxy 1366 1.01624212 0.855632185 0.00893670817 0 0 0
volume_proxy 1367 -0.478574528 -0.925469894 0.000941416507 0 0 0
volume_proxy 1368 1.2461361 -0.898645039 0.0105545071 0 0 0
volume_proxy 1369 1.26817766 0.937008548 -0.00555110543 0 0 0
