volume_proxy 0 0.942129536 0.125724572 0.00509085772 0 0 0
volume_proxy 5 0.733064614 -0.331431942 -0.00626743308 0 0 0
volume_proxy 6 -0.0819267282 -0.254433788 0.00953185873 0 0 0
volume_proxy 11 0.693706411 0.108108831 0.00638988761 0 0 0
volume_proxy 12 0.292844958 -0.610754023 0.00329237308 0 0 0
volume_proxy 14 -0.0248442039 0.401464943 -6.32529022e-05 0 0 0
volume_proxy 23 1.04019805 -0.725054303 0.00123161719 0 0 0
volume_proxy 38 0.435729549 0.92618359 0.00834266862 0 0 0
volume_proxy 40 -0.0304545816 -0.179248289 -0.0046525515 0 0 0
volume_proxy 50 -0.691359307 -0.528895671 -0.00959145442 0 0 0
volume_proxy 53 -0.703952212 0.729017635 0.00193675815 0 0 0
volume_proxy 58 1.17445981 -0.773938565 0.00484880025 0 0 0
volume_proxy 60 0.813274131 0.151172072 -0.0101320879 0 0 0
volume_proxy 72 0.000512322591 0.0130363223 0.000507535573 0 0 0
volume_proxy 85 -1.01060042 0.421090845 0.010535458 0 0 0
volume_proxy 97 1.02595676 0.375163208 0.00708079015 0 0 0
volume_proxy 105 1.28388573 -0.157626816 0.00925072975 0 0 0
volume_proxy 107 1.23113874 0.952870974 -0.00647080799 0 0 0
volume_proxy 127 -1.0142416 0.528545612 0.00562834412 0 0 0
volume_proxy 130 1.2445096 0.17769871 0.00835034495 0 0 0
volume_proxy 140 -0.411214146 0.83052066 0.00745791628 0 0 0
volume_proxy 157 1.35890163 0.0363605819 -0.000110677444 0 0 0
volume_proxy 159 0.207518686 0.841936733 -0.00281790276 0 0 0
volume_proxy 161 0.444366854 -0.148768663 -0.00339406365 0 0 0
volume_proxy 176 -0.064006899 -0.295416976 -0.00980489389 0 0 0
volume_proxy 186 -0.878256326 0.742521982 -0.00484970071 0 0 0
volume_proxy 189 -0.989846797 0.722623307 -0.00109443244 0 0 0
volume_proxy 195 -0.394321646 -0.399782184 -0.00476949279 0 0 0
volume_proxy 196 0.453443296 -0.304342261 0.0106315585 0 0 0
volume_proxy 200 -0.479323685 -0.821906977 -0.000277201375 0 0 0
volume_proxy 202 -1.19360765 0.363250188 0.00872948967 0 0 0
volume_proxy 209 -1.33887085 -0.076326726 0.00112552003 0 0 0
volume_proxy 210 -0.622664951 0.67172126 -0.00813586446 0 0 0
volume_proxy 226 0.30990107 -0.777130136 -0.0104565901 0 0 0
volume_proxy 236 0.939311042 0.571279459 0.000536885594 0 0 0
volume_proxy 247 0.680055283 0.753564288 -0.00868009662 0 0 0
volume_proxy 256 -0.507083765 0.513676069 -0.00886040245 0 0 0
volume_proxy 259 0.647989455 -0.0224116578 -0.00735341869 0 0 0
volume_proxy 269 0.35736106 -0.684506195 -0.00710522738 0 0 0
volume_proxy 277 -1.19026786 -0.16574805 -0.0091773604 0 0 0
volume_proxy 296 0.46843283 -0.227486232 0.00141604792 0 0 0
volume_proxy 305 0.131278966 -0.345373643 -0.00981636908 0 0 0
volume_proxy 310 1.3034424 -0.38372747 -0.00584800477 0 0 0
volume_proxy 329 -1.12285469 -0.0359427588 0.00128018916 0 0 0
volume_proxy 337 -0.625181997 0.646193991 0.000587017482 0 0 0
volume_proxy 344 -1.23265355 0.710055006 -0.00155804476 0 0 0
volume_proxy 347 -0.57361614 0.365551646 -0.00839474349 0 0 0
volume_proxy 349 -0.740893761 -0.105093988 -0.00567749345 0 0 0
volume_proxy 356 -0.149868229 0.667392159 0.00613884974 0 0 0
volume_proxy 375 0.303834416 -0.944262313 0.00472493058 0 0 0
volume_proxy 388 -0.521485454 0.416646677 -0.00766861364 0 0 0
volume_proxy 431 -1.45038414 0.137337774 0.00135741775 0 0 0
volume_proxy 802 1.10232697 0.531106867 -0.0107006032 0 0 0
volume_proxy 876 0.373662779 -0.725194393 0.00471316746 0 0 0
volume_proxy 1052 0.0266310499 -0.628062268 0.00195878168 0 0 0
volume_proxy 1066 0.170890723 0.741012834 -0.00716415785 0 0 0
volume_proxy 1120 -0.492893308 0.344327387 -0.00381189661 0 0 0
volume_proxy 1166 -0.423927572 0.896729457 0.00690910626 0 0 0
volume_proxy 1169 1.45396935 -0.743184243 0.00840425431 0 0 0
volume_proxy 1172 -0.0947064534 0.465487653 0.000825749261 0 0 0
volume_proxy 1186 -0.63291867 -0.226251227 -0.00726404747 0 0 0
volume_proxy 1193 -0.795316108 0.194992017 0.0074388691 0 0 0
volume_proxy 1219 -0.893270275 0.575557095 0.000613727761 0 0 0
volume_proxy 1225 0.182902558 -0.279448632 0.00642136704 0 0 0
volume_proxy 1245 -1.25460556 0.654410917 -0.00403468288 0 0 0
volume_proxy 1280 -1.41785497 0.766911482 0.00906335697 0 0 0
volume_proxy 1285 -1.08663532 0.9030453 0.00908961129 0 0 0
volume_proxy 1295 -0.806327546 0.962817197 -0.00698753469 0 0 0
volume_proxy 1296 0.481835478 0.0323337876 0.00849656965 0 0 0
volume_proxy 1335 0.152166223 -0.611589561 0.00357137444 0 0 0
volume_proxy 1340 0.973580197 0.186120971 -0.00809722705 0 0 0
volume_proxy 1380 -0.088965166 -0.0495804387 0.00413258774 0 0 0
volume_proxy 1386 -0.0410730444 0.999157439 0.00664557918 0 0 0
volume_proxy 1397 1.15069478 0.893938722 0.00385461708 0 0 0
volume_proxy 1403 0.451453221 0.497890611 0.00216641433 0 0 0
volume_proxy 1409 0.794240939 0.980203457 -0.00190526026 0 0 0
volume_proxy 1413 0.706363433 0.86869112 -0.00702600003 0 0 0
volume_proxy 1418 -0.969570929 0.282359151 0.00705786666 0 0 0
volume_proxy 1420 -1.31993314 -0.0521655832 -0.00736708695 0 0 0
volume_proxy 1421 -1.23654739 -0.391650055 0.00843055432 0 0 0
volume_proxy 1422 1.20338957 -0.896191648 -0.0103968006 0 0 0
volume_proxy 1423 -0.672421086 0.742419844 0.00641772216 0 0 0
volume_proxy 1426 0.930710859 -0.466218329 0.00913592524 0 0 0
volume_proxy 1429 1.25455309 -0.120915253 -0.000372059941 0 0 0
volume_proxy 1433 1.10735318 0.328668911 -0.00618270653 0 0 0
volume_proxy 1434 0.139544917 -0.45908437 0.0100358314 0 0 0
volume_proxy 1437 0.00692167975 -0.247445196 0.00649857653 0 0 0
volume_proxy 1439 -0.550506484 0.682301007 -0.00529868461 0 0 0
volume_proxy 1440 0.590475227 -0.383981761 0.00219621056 0 0 0
volume_proxy 1444 -1.29751485 -0.940392648 -0.000755088992 0 0 0
volume_proxy 1445 -0.015442617 -0.44373362 0.00124321901 0 0 0
volume_proxy 1447 1.4768214 -0.233205415 -0.00117035784 0 0 0
volume_proxy 1459 -0.779455891 0.678217761 -0.00380421553 0 0 0
volume_proxy 1460 0.778772622 0.104872308 0.00604451339 0 0 0
volume_proxy 1461 -1.01295288 0.601398902 -0.0028889518 0 0 0
volume_proxy 1462 -1.01366523 -0.285849821 0.00381822761 0 0 0
volume_proxy 1466 -0.486927672 -0.756146432 -0.00132492455 0 0 0
volume_proxy 1470 -1.19186208 -0.663298795 -0.0102683863 0 0 0
volume_proxy 1471 0.14347659 0.571350423 -0.00628094993 0 0 0
volume_proxy 1472 -1.0090524 0.892183537 0.00606098549 0 0 0
volume_proxy 1474 1.14886412 -0.559184849 0.00437229788 0 0 0
volume_proxy 1475 1.11517907 -0.0475564322 -0.00914662873 0 0 0
volume_proxy 1481 1.25278565 0.547930318 -0.00814806355 0 0 0
volume_proxy 1482 0.477445769 -0.940070856 -0.00667535834 0 0 0
volume_proxy 1485 0.29710662 -0.634685059 0.00882738399 0 0 0
volume_proxy 1486 1.03470559 -0.518434162 -0.00865864359 0 0 0
volume_proxy 1489 -0.35382733 0.507316489 0.00687589669 0 0 0
volume_proxy 1490 1.24198488 0.602920703 -0.00618616562 0 0 0
volume_proxy 1492 0.249212064 0.645511037 -0.00895457582 0 0 0
volume_proxy 1493 0.401406352 0.366761616 0.00688502239 0 0 0
volume_proxy 1494 0.956510847 0.78363789 -0.00615921815 0 0 0
volume_proxy 1496 -0.782386901 0.32985078 -0.00754763614 0 0 0
volume_proxy 1497 0.230470568 0.37500375 0.00179607212 0 0 0
volume_proxy 1498 -1.17788047 0.510118158 0.00921183068 0 0 0
volume_proxy 1501 -0.86135637 -0.892388528 -0.00992978 0 0 0
volume_proxy 1502 -0.96551185 -0.518295249 -0.00498817715 0 0 0
volume_proxy 1503 -0.573799919 0.118051322 -0.00201530177 0 0 0
volume_proxy 1505 0.00313070249 0.944880868 -0.00824315212 0 0 0
volume_proxy 1506 0.267155603 0.498907994 -0.0100353111 0 0 0
volume_proxy 1507 -1.05548296 -0.473724885 -0.00315693442 0 0 0
volume_proxy 1508 -0.127692959 -0.897937335 -8.93006444e-05 0 0 0
volume_proxy 1509 -1.33180186 0.921173217 0.00774161878 0 0 0
volume_proxy 1510 0.746073514 -0.646218122 -0.00089949882 0 0 0
