volume_proxy 0 -0.395993795 -0.788484038 -0.00997972838 0 0 0
volume_proxy 6 -0.0788308247 0.332425457 0.0055739887 0 0 0
volume_proxy 11 1.01437314 0.821936831 -0.0102534216 0 0 0
volume_proxy 12 0.849851111 -0.789725895 0.00248520654 0 0 0
volume_proxy 14 -1.35426808 0.348025097 -0.00660140449 0 0 0
volume_proxy 23 0.677853574 -0.96678011 0.00371074749 0 0 0
volume_proxy 38 -0.684189521 -0.855195934 0.00309150558 0 0 0
volume_proxy 40 -0.756999278 -0.0811067072 -0.00647131139 0 0 0
volume_proxy 50 -0.908224016 -0.507758794 -0.00320197485 0 0 0
volume_proxy 53 -1.49006594 0.621818161 0.00652006039 0 0 0
volume_proxy 58 1.25879417 -0.942743317 0.000102751761 0 0 0
volume_proxy 60 -0.473985546 0.8231135 -0.00818983569 0 0 0
volume_proxy 85 -1.45362821 0.908925778 -0.00822215705 0 0 0
volume_proxy 97 0.367835693 0.930197507 -0.0087095732 0 0 0
volume_proxy 107 0.238168992 0.0779377373 0.00843545858 0 0 0
volume_proxy 127 -1.35346319 -0.698630181 4.22640153e-05 0 0 0
volume_proxy 130 0.844366556 -0.865623195 0.00179941152 0 0 0
volume_proxy 140 0.170473917 -0.0799277873 -0.00302373177 0 0 0
volume_proxy 157 0.813717167 -0.478080124 0.00883363683 0 0 0
volume_proxy 159 1.15179756 0.373146359 -0.00277429702 0 0 0
volume_proxy 161 -0.555507231 -0.219622494 -0.00853114357 0 0 0
volume_proxy 176 1.0142346 -0.342041015 -0.00981157677 0 0 0
volume_proxy 186 -0.988686239 -0.200924219 0.000672231867 0 0 0
volume_proxy 189 -0.387514415 -0.338726898 0.0029590241 0 0 0
volume_proxy 195 -1.3044609 -0.391171215 -0.00213694172 0 0 0
volume_proxy 196 0.117193218 0.439834786 -0.00390599059 0 0 0
volume_proxy 200 -0.915322261 0.48857884 -0.00601205714 0 0 0
volume_proxy 202 -0.44792069 0.181220981 -0.00521889588 0 0 0
volume_proxy 209 -1.08956586 -0.391655002 0.0106650961 0 0 0
volume_proxy 210 0.521441372 0.562225818 0.00499418333 0 0 0
volume_proxy 226 0.838833534 -0.90440322 0.00332207865 0 0 0
volume_proxy 236 1.22973736 -0.688020048 -0.0050507156 0 0 0
volume_proxy 247 0.54107891 -0.300044021 0.00897786677 0 0 0
volume_proxy 256 -0.261468148 0.44453328 -0.000461089588 0 0 0
volume_proxy 259 0.40571945 0.694867308 -0.00804145308 0 0 0
volume_proxy 269 -0.249137694 0.0319043825 -0.0096174545 0 0 0
volume_proxy 277 -0.637844149 -0.396812451 -0.00639003411 0 0 0
volume_proxy 296 -0.700711897 0.676713288 0.000934782309 0 0 0
volume_proxy 305 0.397637048 -0.837644091 -0.0107704311 0 0 0
volume_proxy 310 0.907170971 0.851583381 -0.00510263258 0 0 0
volume_proxy 344 -1.39874076 -0.266450719 -0.00149255419 0 0 0
volume_proxy 347 -0.10955682 0.981392859 -0.00816936362 0 0 0
volume_proxy 356 0.0241315319 0.0798126828 -0.0106429979 0 0 0
volume_proxy 375 1.24212958 -0.761276815 -0.00951448732 0 0 0
volume_proxy 388 1.17765601 -0.976902105 0.00342470924 0 0 0
volume_proxy 802 0.398270885 0.747905038 -0.00758428869 0 0 0
volume_proxy 1052 -0.954212904 -0.491020955 -0.00467550066 0 0 0
volume_proxy 1066 -0.123640216 0.962994486 0.00865016338 0 0 0
volume_proxy 1120 -0.576674144 0.567517371 -0.00865393264 0 0 0
volume_proxy 1166 -1.17886698 -0.989481669 -0.00709784873 0 0 0
volume_proxy 1193 -1.46133245 -0.392488159 0.00111217512 0 0 0
volume_proxy 1225 -1.17875645 -0.987279833 0.00555770337 0 0 0
volume_proxy 1245 -1.35346197 0.276833224 -0.00135942695 0 0 0
volume_proxy 1280 -1.04203196 0.717366642 -0.00632114775 0 0 0
volume_proxy 1285 -0.896371207 0.647586721 -0.000259160278 0 0 0
volume_proxy 1295 0.740906667 0.0669439311 0.000856155154 0 0 0
volume_proxy 1296 -0.11434133 -0.765339212 0.0107870568 0 0 0
volume_proxy 1340 1.14717511 -0.256335694 0.00462003185 0 0 0
volume_proxy 1380 -1.44440313 -0.513661099 -0.0096298278 0 0 0
volume_proxy 1386 1.32886422 0.737497498 -0.00793077533 0 0 0
volume_proxy 1397 0.0192856257 0.323473286 -0.00622809571 0 0 0
volume_proxy 1409 0.228300969 0.307739313 0.00446317108 0 0 0
volume_proxy 1413 0.741394246 0.867058381 -0.000681442748 0 0 0
volume_proxy 1422 0.330480322 -0.811305747 -0.00543337993 0 0 0
volume_proxy 1433 0.830816355 0.618091937 -0.00428724512 0 0 0
volume_proxy 1437 -0.178534678 -0.991680511 0.00303856656 0 0 0
volume_proxy 1459 -0.8166871 -0.451706992 -0.00919248041 0 0 0
volume_proxy 1460 -0.131691491 0.556884652 -0.00493878969 0 0 0
volume_proxy 1461 -1.44832731 0.51096564 -0.00311884635 0 0 0
volume_proxy 1466 0.177886761 0.489084882 0.00746484162 0 0 0
volume_proxy 1472 -1.35536083 0.769561737 0.0057463356 0 0 0
volume_proxy 1474 1.2555943 0.100462183 -0.00647975702 0 0 0
volume_proxy 1481 0.169445757 0.402466562 -0.007944212 0 0 0
volume_proxy 1482 1.4059004 0.994924873 -0.00351831778 0 0 0
volume_proxy 1485 0.555491911 -0.382776933 0.00933939581 0 0 0
volume_proxy 1489 0.335215258 -0.949181224 0.00357895724 0 0 0
volume_proxy 1490 0.6129379 0.97227535 0.0102124007 0 0 0
volume_proxy 1496 -1.3914781 0.867292436 -0.00339421545 0 0 0
volume_proxy 1498 -0.390421971 0.0857421395 -0.0105175519 0 0 0
volume_proxy 1503 -1.39172173 -0.586883796 0.00565905943 0 0 0
volume_proxy 1506 0.327993511 0.817813227 -0.0039307473 0 0 0
volume_proxy 1507 -1.13455519 -0.47503619 -0.00588492311 0 0 0
volume_proxy 1508 -0.302584156 -0.0532586255 -0.00478416866 0 0 0
volume_proxy 1509 -1.40757011 0.137976243 0.00325822546 0 0 0
volume_proxy 1510 -0.201641505 -0.957764743 0.00636101915 0 0 0
volume_proxy 1511 1.04097808 0.490624014 -0.0103115533 0 0 0
volume_proxy 1513 -1.4927681 0.374237715 0.0052267092 0 0 0
volume_proxy 1515 0.722081847 -0.707353493 0.00271496487 0 0 0
volume_proxy 1516 -0.404099239 -0.779647996 0.0100527823 0 0 0
volume_proxy 1517 -1.41472275 -0.353375985 -0.00266135056 0 0 0
volume_proxy 1519 0.0297436865 -0.779118342 -0.00814344312 0 0 0
volume_proxy 1520 0.10784648 -0.417690382 -0.00800617857 0 0 0
volume_proxy 1521 -1.29511429 -0.987637203 -0.00933674262 0 0 0
volume_proxy 1523 0.600696723 -0.448474219 0.00485162532 0 0 0
volume_proxy 1525 -0.921624344 0.874986757 -0.00952597106 0 0 0
volume_proxy 1526 0.933402613 -0.467388963 0.00292266973 0 0 0
volume_proxy 1528 1.13294135 -0.708936666 -0.00798773173 0 0 0
volume_proxy 1529 -1.3723417 -0.292643188 5.16179512e-05 0 0 0
volume_proxy 1531 0.257402961 0.474459595 -0.00509771247 0 0 0
volume_proxy 1533 1.22136868 0.326461098 -0.00457074128 0 0 0
volume_proxy 1534 -0.189770831 0.910397596 0.00522202602 0 0 0
volume_proxy 1535 0.753990497 0.430106728 0.00659112137 0 0 0
volume_proxy 1536 -0.455305691 -0.555148776 0.00280874305 0 0 0
volume_proxy 1537 -0.423268588 -0.751524827 0.0075282216 0 0 0
volume_proxy 1538 1.19244831 -0.339221007 -0.0027682438 0 0 0
