volume_proxy 0 0.412058608 0.30143582 -0.00674903114 0 0 0
volume_proxy 5 1.09135282 -0.753938471 -0.00623377792 0 0 0
volume_proxy 6 -0.419005356 0.204806612 -0.00536958864 0 0 0
volume_proxy 11 1.16329445 0.426153165 0.00730353891 0 0 0
volume_proxy 12 0.468318387 -0.66307956 0.00873181207 0 0 0
volume_proxy 14 -0.698644472 0.541232615 -0.00164474045 0 0 0
volume_proxy 23 1.49929505 -0.694659571 -0.00105307871 0 0 0
volume_proxy 38 0.408300628 -0.228462932 0.00252978954 0 0 0
volume_proxy 40 -0.122868187 -0.76024537 0.0079733912 0 0 0
volume_proxy 50 -0.957114867 0.119824869 0.00823442973 0 0 0
volume_proxy 53 -0.589330339 0.626107713 0.00129517125 0 0 0
volume_proxy 58 0.814022417 -0.8115939 0.00798101561 0 0 0
volume_proxy 60 0.818675853 0.68268332 -0.0027196655 0 0 0
volume_proxy 85 -0.829797668 0.623664095 0.00986584481 0 0 0
volume_proxy 97 1.32855769 0.533524378 -0.00915109883 0 0 0
volume_proxy 107 0.999126472 -0.43295078 0.00340972307 0 0 0
volume_proxy 127 -1.32016259 -0.0330303731 0.00979230344 0 0 0
volume_proxy 130 0.594575373 0.746415219 0.00201324185 0 0 0
volume_proxy 140 -0.647990966 0.827694477 0.00194263407 0 0 0
volume_proxy 157 1.05058627 0.500945349 0.00762238324 0 0 0
volume_proxy 159 0.986320565 0.985408539 0.00332392072 0 0 0
volume_proxy 161 0.52721484 0.709511326 -0.00563390922 0 0 0
volume_proxy 176 1.05794588 -0.457009585 0.00467954099 0 0 0
volume_proxy 186 -1.34047214 -0.205549851 0.00533542841 0 0 0
volume_proxy 189 -0.761810996 0.750806369 -0.0104139219 0 0 0
volume_proxy 195 -0.281686497 0.0315900876 -0.0100651794 0 0 0
volume_proxy 196 0.494318576 0.333269695 0.0101186806 0 0 0
volume_proxy 200 -0.139247375 -0.86337861 0.00560966999 0 0 0
volume_proxy 202 0.0638639087 0.896502971 -0.00731784618 0 0 0
volume_proxy 209 -0.857877084 -0.233818187 -0.005298674 0 0 0
volume_proxy 210 -0.00267667908 0.716034719 -0.00962205762 0 0 0
volume_proxy 226 0.306450185 -0.229277049 -0.00501024838 0 0 0
volume_proxy 236 0.631939308 0.537268976 0.00819304097 0 0 0
volume_proxy 247 1.04691043 0.84792414 0.00918324237 0 0 0
volume_proxy 256 -1.49004345 0.693177392 -0.00448473537 0 0 0
volume_proxy 259 0.516530562 0.437468792 0.00779171073 0 0 0
volume_proxy 269 -0.946662848 -0.244440252 1.04965042e-05 0 0 0
volume_proxy 277 -1.33446428 -0.439995935 0.00640947772 0 0 0
volume_proxy 296 -1.17868155 -0.360769031 0.010455962 0 0 0
volume_proxy 305 1.13682954 -0.263803547 -0.00328104925 0 0 0
volume_proxy 310 -0.353669296 -0.97890451 -0.00794093303 0 0 0
volume_proxy 344 -1.26853291 0.262522311 -0.00399355623 0 0 0
volume_proxy 347 -0.142094877 0.670304524 0.00985693397 0 0 0
volume_proxy 356 -0.441456463 0.945438277 0.00349492804 0 0 0
volume_proxy 375 0.770589325 -0.665874032 0.0100935543 0 0 0
volume_proxy 388 0.592918465 0.149123642 -0.00460827061 0 0 0
volume_proxy 802 1.22064196 -0.485832331 -0.00626515047 0 0 0
volume_proxy 1052 -1.07608609 -0.614697498 -0.00587944923 0 0 0
volume_proxy 1066 -0.428511788 -0.200178218 -0.00704273723 0 0 0
volume_proxy 1120 -0.305370813 0.0628761484 -0.00970343225 0 0 0
volume_proxy 1166 -0.343383418 0.11184736 0.000246170494 0 0 0
volume_proxy 1169 1.10192227 -0.95635424 0.00196351295 0 0 0
volume_proxy 1193 -1.31224973 -0.434684537 -0.00794050342 0 0 0
volume_proxy 1225 -0.339404881 -0.219692795 0.00822194054 0 0 0
volume_proxy 1245 -1.11296578 0.0502098473 0.00897137225 0 0 0
volume_proxy 1280 -0.833190355 0.741467252 0.00937663125 0 0 0
volume_proxy 1285 -1.15442114 -0.300716401 -0.00318120434 0 0 0
volume_proxy 1295 -0.548661129 0.0785828306 -0.00775692081 0 0 0
volume_proxy 1296 0.218535294 -0.41299565 -0.00317503574 0 0 0
volume_proxy 1340 1.0947657 0.600119904 0.00808385189 0 0 0
volume_proxy 1380 0.15010955 0.8864956 0.0105625638 0 0 0
volume_proxy 1386 0.6740997 0.274678005 -0.00243230478 0 0 0
volume_proxy 1397 0.867054436 0.760999749 -0.00222013297 0 0 0
volume_proxy 1409 0.215207745 0.97007742 -0.010748105 0 0 0
volume_proxy 1413 0.765466194 0.750629712 -0.00659816983 0 0 0
volume_proxy 1422 0.416868487 -0.706725739 0.00104839301 0 0 0
volume_proxy 1433 1.21453584 0.997691115 0.0103571104 0 0 0
volume_proxy 1434 -0.111322591 -0.991961618 0.00684925352 0 0 0
volume_proxy 1437 -0.167013473 -0.0536096086 0.00971252859 0 0 0
volume_proxy 1439 0.0934932747 0.29114905 0.0106705688 0 0 0
volume_proxy 1447 0.644121243 -0.747236916 -0.00580091356 0 0 0
volume_proxy 1459 -0.927764132 0.538385886 -0.0054843943 0 0 0
volume_proxy 1460 0.720938994 0.41733453 -0.00247723703 0 0 0
volume_proxy 1461 -1.09814705 0.664349923 0.00259897855 0 0 0
volume_proxy 1466 -0.788874966 -0.267339547 -0.00807022187 0 0 0
volume_proxy 1472 -1.223378 0.632783826 -0.0033007086 0 0 0
volume_proxy 1474 0.419712576 -0.844657919 0.00457457409 0 0 0
volume_proxy 1481 1.00955356 0.534136586 -0.0100281431 0 0 0
volume_proxy 1482 1.25986231 -0.0745796753 -0.00685738716 0 0 0
volume_proxy 1485 0.560534006 -0.680344263 0.00469815151 0 0 0
volume_proxy 1489 0.0495534531 -0.282144063 0.00807687615 0 0 0
volume_proxy 1490 1.41083569 0.954797214 -0.00984162803 0 0 0
volume_proxy 1492 0.66000181 0.469857966 0.00780502562 0 0 0
volume_proxy 1493 0.489412368 0.389344073 0.00249902029 0 0 0
volume_proxy 1494 1.01575486 -0.0535806564 -0.0101887451 0 0 0
volume_proxy 1496 -1.00525671 0.94934995 0.000283893551 0 0 0
volume_proxy 1498 -0.713517477 0.282551006 -0.0061438205 0 0 0
volume_proxy 1501 -0.28935622 -0.75468633 0.00879692594 0 0 0
volume_proxy 1503 -0.0403651001 0.354137592 0.00475695222 0 0 0
volume_proxy 1506 0.468264171 0.893640067 -0.00326118766 0 0 0
volume_proxy 1507 -0.937440961 -0.37699954 -0.00949930938 0 0 0
volume_proxy 1508 -0.688044818 -0.81601132 -0.00458949312 0 0 0
volume_proxy 1509 -1.17958138 0.734647115 -0.00677132962 0 0 0
volume_proxy 1510 0.305467193 -0.499339977 -0.00765748666 0 0 0
volume_proxy 1511 1.33987229 0.608210843 0.00122549035 0 0 0
volume_proxy 1513 -1.43939811 0.759135663 0.00839050524 0 0 0
volume_proxy 1515 0.457313281 -0.200784265 -0.0106182479 0 0 0
volume_proxy 1516 -0.250995645 -0.91142178 -0.00202736461 0 0 0
volume_proxy 1517 -0.876259748 -0.428486469 0.00974314475 0 0 0
volume_proxy 1519 0.214498388 -0.186845031 -0.00180238017 0 0 0
volume_proxy 1520 0.716948194 -0.426217852 -0.00878434571 0 0 0
volume_proxy 1521 -0.582514672 0.0243166381 -0.00586234011 0 0 0
volume_proxy 1522 0.184032628 0.687463982 0.00695865836 0 0 0
volume_proxy 1523 1.41731468 -0.30550633 -0.00922277334 0 0 0
volume_proxy 1525 -0.984237666 0.733512342 0.00999585694 0 0 0
volume_proxy 1526 1.14361125 -0.200216384 -0.00256226164 0 0 0
volume_proxy 1528 0.52703376 -0.619924805 0.000295855494 0 0 0
volume_proxy 1529 -0.92001516 -0.0152267336 0.00999879288 0 0 0
volume_proxy 1530 -0.828354785 -0.139405932 -0.00386388156 0 0 0
