volume_proxy 0 0.660438841 0.686162693 0.00851136255 0 0 0
volume_proxy 5 1.33151005 -0.739972433 0.0105133574 0 0 0
volume_proxy 6 -0.391311864 0.694602812 0.0074235006 0 0 0
volume_proxy 11 0.906367658 0.438300793 -0.0040132931 0 0 0
volume_proxy 12 0.230141083 -0.464603253 0.00183634427 0 0 0
volume_proxy 14 -1.21731442 0.969812167 0.00815680071 0 0 0
volume_proxy 23 1.40084002 -0.798082575 0.0064022227 0 0 0
volume_proxy 38 0.763651894 0.0210744506 0.00654915659 0 0 0
volume_proxy 40 -0.45126748 -0.0813313307 -0.00352075619 0 0 0
volume_proxy 50 -0.908706624 -0.243913317 -0.00384667709 0 0 0
volume_proxy 53 -0.386646984 0.895515833 -0.00254732302 0 0 0
volume_proxy 58 0.720609901 -0.841365732 0.0047876391 0 0 0
volume_proxy 60 0.559797954 0.29703164 0.00459947354 0 0 0
volume_proxy 85 -0.938854492 -0.0017158561 -0.00136337457 0 0 0
volume_proxy 97 0.979166638 0.616100737 0.00213310515 0 0 0
volume_proxy 107 1.27964414 0.998135625 -0.00410899981 0 0 0
volume_proxy 127 -1.38568664 0.0315324376 -0.00647656985 0 0 0
volume_proxy 130 0.748546796 0.26163063 0.00549770865 0 0 0
volume_proxy 140 0.467769798 0.512053437 0.0100343727 0 0 0
volume_proxy 157 1.27289202 0.0545810992 0.00118574162 0 0 0
volume_proxy 159 0.734843691 0.36443717 -0.00636525623 0 0 0
volume_proxy 161 0.673123495 0.753553766 0.0029759045 0 0 0
volume_proxy 176 0.522493606 0.382797361 -0.00658527222 0 0 0
volume_proxy 186 -0.966435242 0.489211083 0.0100800469 0 0 0
volume_proxy 189 -0.547373322 0.949434663 0.0086752719 0 0 0
volume_proxy 195 -0.250874176 -0.678008393 -0.00604059071 0 0 0
volume_proxy 196 0.756243057 -0.383584566 0.00622824217 0 0 0
volume_proxy 200 -0.285042935 -0.586189024 -0.00653413085 0 0 0
volume_proxy 202 -0.621017255 0.622662674 -0.00506271152 0 0 0
volume_proxy 209 -1.31744963 0.867879102 -0.00652440806 0 0 0
volume_proxy 210 -0.321709006 0.275054575 0.00792793843 0 0 0
volume_proxy 226 0.346375729 -0.830757935 0.00720281329 0 0 0
volume_proxy 236 1.0566125 0.776392699 0.00731483523 0 0 0
volume_proxy 247 1.30682191 0.781701313 0.0101698925 0 0 0
volume_proxy 256 -0.747095094 0.848397464 -0.00167386281 0 0 0
volume_proxy 259 0.39405426 0.38469973 0.00206254371 0 0 0
volume_proxy 269 -0.749097681 -0.604030358 0.00306669663 0 0 0
volume_proxy 277 -1.03586124 -0.237295393 0.000765354323 0 0 0
volume_proxy 296 -0.410689359 -0.517102116 -0.00653745059 0 0 0
volume_proxy 305 0.00253992575 -0.0347675019 0.0055968242 0 0 0
volume_proxy 310 0.390216403 -0.879952494 0.00214938459 0 0 0
volume_proxy 344 -1.17102933 0.912368061 -0.00694093215 0 0 0
volume_proxy 347 -0.199552439 -0.117185555 0.000260824645 0 0 0
volume_proxy 356 0.220446547 0.60706224 0.00420288595 0 0 0
volume_proxy 375 0.918827504 -0.724802283 -0.0107722463 0 0 0
volume_proxy 388 0.426484338 0.122916484 0.00385064987 0 0 0
volume_proxy 802 1.43565929 -0.24169078 -0.00884542042 0 0 0
volume_proxy 1052 -0.821458265 -0.718708485 0.00673643297 0 0 0
volume_proxy 1066 0.00764602384 0.203434952 0.00629049832 0 0 0
volume_proxy 1120 -0.403819204 -0.0245034779 0.00863044367 0 0 0
volume_proxy 1166 -0.75839551 0.873073722 -0.00866565836 0 0 0
volume_proxy 1169 1.04730113 -0.759419335 -0.00105617294 0 0 0
volume_proxy 1193 -1.26508315 -0.574823588 -0.0103887171 0 0 0
volume_proxy 1225 -0.526924686 -0.215604833 -0.0102771506 0 0 0
volume_proxy 1245 -1.4175251 0.695546341 0.0105047198 0 0 0
volume_proxy 1280 -1.19558181 0.171149869 0.00700368684 0 0 0
volume_proxy 1285 -1.17201052 0.051126407 0.00942509132 0 0 0
volume_proxy 1295 -0.342560706 0.602284254 -0.00323618105 0 0 0
volume_proxy 1296 0.29815058 -0.000187514631 -0.0103312318 0 0 0
volume_proxy 1335 0.44118041 -0.826603738 -0.00752652541 0 0 0
volume_proxy 1340 0.89127226 0.0740815294 -0.00934946682 0 0 0
volume_proxy 1380 0.177247961 0.350117505 0.000455644534 0 0 0
volume_proxy 1386 0.222575151 0.370532395 -0.00871767667 0 0 0
volume_proxy 1397 1.06806816 0.249588782 -0.00699358296 0 0 0
volume_proxy 1409 0.393534468 0.934915463 0.00584152479 0 0 0
volume_proxy 1413 1.32104165 0.497175284 0.00922157919 0 0 0
volume_proxy 1420 -1.3736712 0.112872337 0.00486765618 0 0 0
volume_proxy 1422 0.792303936 -0.889852503 -0.00344086591 0 0 0
volume_proxy 1426 1.07972552 -0.0399300025 -0.00948642488 0 0 0
volume_proxy 1429 1.29650848 -0.477965974 -0.00540293125 0 0 0
volume_proxy 1433 1.28804503 0.421769251 0.00872059014 0 0 0
volume_proxy 1434 -0.170514306 -0.973407784 -0.00475500818 0 0 0
volume_proxy 1437 -0.0112619776 0.026037623 -0.00756576825 0 0 0
volume_proxy 1439 -0.216076818 0.55850994 0.00275548184 0 0 0
volume_proxy 1440 1.09310029 -0.315799848 0.00503454673 0 0 0
volume_proxy 1447 0.961256074 -0.814872111 0.0101862506 0 0 0
volume_proxy 1459 -0.511406679 0.139566421 -0.00143651558 0 0 0
volume_proxy 1460 1.30852345 0.916805847 -0.00608155114 0 0 0
volume_proxy 1461 -1.18671986 0.565701309 -0.00728690415 0 0 0
volume_proxy 1466 -1.2566218 0.258431247 0.00268306195 0 0 0
volume_proxy 1470 -1.18892387 -0.384898125 0.000473201417 0 0 0
volume_proxy 1472 -1.29046952 0.420779067 0.00381370317 0 0 0
volume_proxy 1474 1.06301244 -0.955405369 0.00942433169 0 0 0
volume_proxy 1481 1.06078661 0.997614902 -0.00372692696 0 0 0
volume_proxy 1482 0.735120827 -0.663891351 0.00287178429 0 0 0
volume_proxy 1485 0.366134576 -0.662007418 -0.00388857343 0 0 0
volume_proxy 1486 1.21964174 -0.548575171 -0.0098179887 0 0 0
volume_proxy 1489 -0.046481085 -0.0336541002 -0.00572945473 0 0 0
volume_proxy 1490 1.38112657 0.822904868 -0.00757177438 0 0 0
volume_proxy 1492 0.215920746 0.733408168 0.00444753606 0 0 0
volume_proxy 1493 0.23797692 0.181365167 0.00192048671 0 0 0
volume_proxy 1494 0.8539704 0.451378054 0.00798980751 0 0 0
volume_proxy 1496 -1.21922214 0.0318774939 -0.00633283787 0 0 0
volume_proxy 1498 -1.10363149 0.239200426 0.00210875223 0 0 0
volume_proxy 1501 -1.02350193 -0.963693916 0.0017880731 0 0 0
volume_proxy 1503 0.176498795 0.0240632443 0.00973171518 0 0 0
volume_proxy 1506 0.619002979 0.799856938 0.0088696982 0 0 0
volume_proxy 1507 -1.08463831 -0.327117484 -0.00902708923 0 0 0
volume_proxy 1508 -0.535897616 -0.810343845 -0.00723845276 0 0 0
volume_proxy 1509 -1.37791783 0.462135814 0.00131092101 0 0 0
volume_proxy 1510 0.526185224 -0.276201389 0.00523545542 0 0 0
volume_proxy 1511 1.02898203 0.850875246 0.00285162396 0 0 0
volume_proxy 1512 -1.2523341 0.641144511 0.00358254266 0 0 0
volume_proxy 1513 -0.702166741 0.992457414 -0.00467963281 0 0 0
volume_proxy 1514 -1.15009389 0.615661084 -0.00994727114 0 0 0
volume_proxy 1515 0.628830914 0.461791737 0.00120764031 0 0 0
volume_proxy 1516 -0.91302072 -0.490131181 -0.0096883107 0 0 0
volume_proxy 1517 -0.88514428 -0.946214336 0.00266257964 0 0 0
volume_proxy 1518 -1.31619107 -0.260304367 0.00346838389 0 0 0
volume_proxy 1519 0.0805131762 -0.264652548 -0.00595896398 0 0 0
volume_proxy 1520 -0.0661265757 -0.697856088 -0.000101259823 0 0 0
volume_proxy 1521 -0.125650548 0.969193807 0.0103730474 0 0 0
volume_proxy 1522 0.0676072961 0.539489514 -0.00696780011 0 0 0
