volume_proxy 0 0.134619478 0.297312445 -0.00454912804 0 0 0
volume_proxy 5 1.02771782 -0.597696035 -0.0101475576 0 0 0
volume_proxy 6 -0.35632305 -0.15855991 0.00613265507 0 0 0
volume_proxy 11 1.35133733 0.607985905 0.00753610003 0 0 0
volume_proxy 12 0.353931509 -0.404480831 0.00325146473 0 0 0
volume_proxy 14 -0.863194508 0.820841655 0.00031209798 0 0 0
volume_proxy 23 1.40444393 -0.892412522 -0.00988346934 0 0 0
volume_proxy 38 0.458948362 -0.355062885 0.0106091581 0 0 0
volume_proxy 40 -0.586505681 -0.613383543 0.00431521281 0 0 0
volume_proxy 50 -0.772625527 -0.382619312 0.00797174235 0 0 0
volume_proxy 53 -0.892370035 0.617798145 0.00486884028 0 0 0
volume_proxy 58 0.85018609 -0.871406463 -0.00186440163 0 0 0
volume_proxy 60 0.40481154 0.460673785 0.00893930293 0 0 0
volume_proxy 85 -0.713477562 0.886590193 0.00200433988 0 0 0
volume_proxy 97 1.14692513 0.93592039 0.00285700057 0 0 0
volume_proxy 107 1.42861175 -0.514140621 -0.00650921664 0 0 0
volume_proxy 127 -1.1207015 -0.291513072 0.0052260654 0 0 0
volume_proxy 130 0.602421963 0.819297896 -0.00133663037 0 0 0
volume_proxy 140 -0.829056163 0.897802684 0.00628757881 0 0 0
volume_proxy 157 1.1593478 0.836315859 0.00705659919 0 0 0
volume_proxy 159 0.901279732 0.424392523 0.00281606815 0 0 0
volume_proxy 161 0.998154494 0.674931709 -0.00876256591 0 0 0
volume_proxy 176 0.78404728 -0.17582277 0.00416997222 0 0 0
volume_proxy 186 -1.48079721 -0.331344624 -0.00632074292 0 0 0
volume_proxy 189 -1.09450554 0.713331051 0.000233495537 0 0 0
volume_proxy 195 -0.406519076 -0.372087194 -0.00194503374 0 0 0
volume_proxy 196 0.546666383 0.405855733 -0.00687277836 0 0 0
volume_proxy 200 -0.0895240153 -0.839576841 0.00517308009 0 0 0
volume_proxy 202 -0.0565758575 0.753496274 0.0076767389 0 0 0
volume_proxy 209 -0.941597453 -0.630034956 -0.00634464473 0 0 0
volume_proxy 210 -0.108544042 0.64871464 -0.00418403061 0 0 0
volume_proxy 226 0.578297388 -0.311689399 -0.00958322723 0 0 0
volume_proxy 236 0.331711847 0.10484922 0.00936211794 0 0 0
volume_proxy 247 0.546986708 0.695109699 0.00688266794 0 0 0
volume_proxy 256 -1.49610403 0.75722349 0.00137360084 0 0 0
volume_proxy 259 0.811936352 0.267292554 1.16655863e-05 0 0 0
volume_proxy 269 -0.989052057 -0.13554834 0.00358667591 0 0 0
volume_proxy 277 -0.987330149 -0.129252846 0.00717039988 0 0 0
volume_proxy 296 -1.25652852 0.134494227 0.0052448371 0 0 0
volume_proxy 305 1.3367107 -0.423768974 -0.000651694587 0 0 0
volume_proxy 310 -0.517989599 -0.866051214 0.00430777346 0 0 0
volume_proxy 344 -1.20676696 0.778977261 0.0046773867 0 0 0
volume_proxy 347 -0.273166615 0.998945634 0.00292390355 0 0 0
volume_proxy 356 -0.801816832 0.592251867 0.00240523814 0 0 0
volume_proxy 375 0.877085036 -0.650450487 -0.00429144817 0 0 0
volume_proxy 388 0.553308553 -0.161580715 0.00110267055 0 0 0
volume_proxy 802 1.49582071 -0.230628641 -0.0058544241 0 0 0
volume_proxy 1052 -1.03642635 -0.827852694 0.010252293 0 0 0
volume_proxy 1066 -0.521914376 0.266266438 0.00988004523 0 0 0
volume_proxy 1120 -0.336190441 0.422491469 -0.00147108233 0 0 0
volume_proxy 1166 -0.57114691 0.313670139 -0.0047499186 0 0 0
volume_proxy 1169 1.11433479 -0.845431519 -0.00987131099 0 0 0
volume_proxy 1193 -1.36379783 -0.604939741 -0.000806410049 0 0 0
volume_proxy 1225 -0.28529232 -0.525767421 0.00755196547 0 0 0
volume_proxy 1245 -1.15360922 -0.0822925427 -0.00286000308 0 0 0
volume_proxy 1280 -0.804623939 0.772477604 0.000816273721 0 0 0
volume_proxy 1285 -1.25859343 -0.0880779021 0.00434371012 0 0 0
volume_proxy 1295 -0.369791453 0.0584233137 -0.00664197717 0 0 0
volume_proxy 1296 0.157503115 -0.661326617 0.00698273053 0 0 0
volume_proxy 1340 0.851395461 0.815955192 -0.00370801417 0 0 0
volume_proxy 1380 -0.35031533 0.826362886 -0.00429566376 0 0 0
volume_proxy 1386 0.907575885 0.250361058 -0.00671630857 0 0 0
volume_proxy 1397 1.31658785 0.887772943 0.0095418669 0 0 0
volume_proxy 1409 0.131290268 0.805983369 0.00223496221 0 0 0
volume_proxy 1413 1.12235953 0.870113917 0.00406972448 0 0 0
volume_proxy 1422 0.368132077 -0.747801446 0.00943418819 0 0 0
volume_proxy 1433 1.12297825 0.967875722 0.00443980466 0 0 0
volume_proxy 1434 -0.168493866 -0.991604826 0.00668264012 0 0 0
volume_proxy 1437 -0.0245485458 -0.0617774003 0.00638951572 0 0 0
volume_proxy 1439 -0.0815587238 0.761287351 -0.00491596356 0 0 0
volume_proxy 1447 0.721735747 -0.599221229 -0.0092058011 0 0 0
volume_proxy 1459 -0.72172364 0.498871316 -0.00479958089 0 0 0
volume_proxy 1460 0.550130407 0.414269892 0.00517527208 0 0 0
volume_proxy 1461 -1.12925524 0.720441959 0.0107226722 0 0 0
volume_proxy 1466 -0.39772295 -0.120336735 -0.00190541172 0 0 0
volume_proxy 1472 -1.04485311 0.477092746 0.00639909705 0 0 0
volume_proxy 1474 0.665292428 -0.849042083 0.00113593454 0 0 0
volume_proxy 1481 1.20997682 0.401714944 -0.0075919312 0 0 0
volume_proxy 1482 1.17112738 0.0758375487 -0.00468510216 0 0 0
volume_proxy 1485 0.502572159 -0.626873723 -0.00149807057 0 0 0
volume_proxy 1489 -0.143344233 -0.4720378 -0.00618716249 0 0 0
volume_proxy 1490 1.34117635 0.987200164 -0.00321039322 0 0 0
volume_proxy 1492 0.512644794 0.508093597 0.00662033192 0 0 0
volume_proxy 1493 0.670253415 0.418380625 -0.00349527046 0 0 0
volume_proxy 1494 1.10694995 -0.115134001 -0.0104489817 0 0 0
volume_proxy 1496 -1.31448811 0.564336407 -0.00792123227 0 0 0
volume_proxy 1498 -0.202739579 0.468487781 -0.0032587053 0 0 0
volume_proxy 1501 -0.520708601 -0.857519597 0.00327806258 0 0 0
volume_proxy 1503 0.0680683344 -0.0350368665 -0.00673157333 0 0 0
volume_proxy 1506 0.174070581 0.973511347 -0.00470791578 0 0 0
volume_proxy 1507 -1.13574682 -0.501141427 0.00371915437 0 0 0
volume_proxy 1508 -0.672519434 -0.637485447 -0.00812882056 0 0 0
volume_proxy 1509 -1.24919545 0.657808612 0.001900386 0 0 0
volume_proxy 1510 0.137203404 -0.701001827 -0.00365781728 0 0 0
volume_proxy 1511 1.36062519 0.505563209 -0.000330274352 0 0 0
volume_proxy 1513 -1.38117505 0.398341749 0.00572940825 0 0 0
volume_proxy 1515 0.737562989 -0.12321176 -0.00996563812 0 0 0
volume_proxy 1516 -0.349378549 -0.903405103 0.00423903405 0 0 0
volume_proxy 1517 -1.09738667 -0.503293423 -0.00556004634 0 0 0
volume_proxy 1519 0.184069401 -0.366209313 0.00786369505 0 0 0
volume_proxy 1520 0.53689087 -0.471011606 -0.00328520926 0 0 0
volume_proxy 1521 -0.534878871 -0.132739556 0.0069582494 0 0 0
volume_proxy 1522 0.277023375 0.447339241 0.00959236811 0 0 0
volume_proxy 1523 1.40487908 -0.265516781 0.00362507975 0 0 0
volume_proxy 1525 -0.940130058 0.973287279 -0.00102332395 0 0 0
volume_proxy 1526 1.11260165 -0.326552928 -0.00786951771 0 0 0
volume_proxy 1528 0.619862895 -0.612183799 0.00112238287 0 0 0
volume_proxy 1529 -0.859593801 -0.0256236227 0.00157472493 0 0 0
volume_proxy 1530 -0.705979988 -0.338564596 -0.00822315766 0 0 0
