volume_proxy 0 0.923778448 0.0756506304 0.00609000732 0 0 0
volume_proxy 5 0.777979948 -0.527877209 -0.0103263727 0 0 0
volume_proxy 6 -0.175670593 -0.393643245 -0.00279372436 0 0 0
volume_proxy 11 0.756236683 0.263408537 0.00163570545 0 0 0
volume_proxy 12 0.302222256 -0.66693752 -0.00225378882 0 0 0
volume_proxy 14 -0.233229444 0.198172284 -0.00471872593 0 0 0
volume_proxy 23 1.01296226 -0.756154419 -0.000461071865 0 0 0
volume_proxy 38 0.251357202 0.972034369 -0.000603596459 0 0 0
volume_proxy 40 0.0413176582 -0.214336027 -0.00173292125 0 0 0
volume_proxy 50 -0.523991261 -0.618456762 -0.000831737377 0 0 0
volume_proxy 53 -0.485490661 0.667449998 -0.000101464101 0 0 0
volume_proxy 58 1.36801295 -0.682871266 0.00606507251 0 0 0
volume_proxy 60 0.746867119 0.214011093 -0.00816046154 0 0 0
volume_proxy 72 0.212238887 0.126688067 0.00224902481 0 0 0
volume_proxy 85 -1.07514837 0.268398226 -0.00365384721 0 0 0
volume_proxy 97 1.12585901 0.570075583 0.00861240146 0 0 0
volume_proxy 107 1.36922541 0.866296441 -0.00464439998 0 0 0
volume_proxy 127 -0.905578616 0.621937844 -0.00420751588 0 0 0
volume_proxy 130 1.39565806 0.187675024 0.00218511849 0 0 0
volume_proxy 140 -0.37170012 0.902124342 0.00534308818 0 0 0
volume_proxy 157 1.41947233 -0.0283308312 0.004849106 0 0 0
volume_proxy 159 -0.0483151618 0.835747205 -0.00375145057 0 0 0
volume_proxy 161 0.629811127 -0.0591360647 -0.00618887134 0 0 0
volume_proxy 176 -0.0867443141 -0.217196223 -0.00529492572 0 0 0
volume_proxy 186 -0.696558647 0.767579597 0.00248120664 0 0 0
volume_proxy 189 -1.26009559 0.49469141 0.00797756275 0 0 0
volume_proxy 195 -0.188737959 -0.304973088 -0.00472889312 0 0 0
volume_proxy 196 0.307939123 -0.347233533 -0.0104836426 0 0 0
volume_proxy 200 -0.427028111 -0.989471906 -0.000544649616 0 0 0
volume_proxy 202 -0.977276106 0.597989127 0.0037003184 0 0 0
volume_proxy 209 -1.18277633 -0.0617529689 0.00153685661 0 0 0
volume_proxy 210 -0.730167525 0.711372702 0.00628795738 0 0 0
volume_proxy 226 0.508954515 -0.798136117 0.00290706013 0 0 0
volume_proxy 236 1.02020941 0.603402661 0.00824909871 0 0 0
volume_proxy 247 0.922209859 0.673593169 -0.00672351287 0 0 0
volume_proxy 256 -0.0865839154 0.647099634 -0.0034123115 0 0 0
volume_proxy 259 0.598907817 0.0572208849 -0.00244466883 0 0 0
volume_proxy 269 0.254770898 -0.700368987 -0.00816552608 0 0 0
volume_proxy 277 -1.28895979 -0.100881312 -0.0033005073 0 0 0
volume_proxy 296 0.525239953 -0.509347071 0.0105248944 0 0 0
volume_proxy 305 0.20642892 -0.165950183 -0.0102722454 0 0 0
volume_proxy 310 1.21963508 -0.440247415 0.00631274783 0 0 0
volume_proxy 329 -1.28539572 -0.0265075305 0.0100401993 0 0 0
volume_proxy 337 -0.638925374 0.520736167 0.00394662395 0 0 0
volume_proxy 344 -1.34786267 0.917767978 0.000143620629 0 0 0
volume_proxy 347 -0.454022937 0.255652341 0.00677856567 0 0 0
volume_proxy 349 -0.875818623 -0.319955678 0.00241949759 0 0 0
volume_proxy 356 0.0160157535 0.720435827 0.00354014984 0 0 0
volume_proxy 375 0.0675960781 -0.978872605 -0.0051549807 0 0 0
volume_proxy 388 -0.329796301 0.363662744 0.00854056403 0 0 0
volume_proxy 431 -1.38822585 0.227447317 -0.00800820157 0 0 0
volume_proxy 802 1.26439928 0.616931739 -0.00463916531 0 0 0
volume_proxy 876 0.35867504 -0.676938705 0.0103178231 0 0 0
volume_proxy 1052 0.0120750301 -0.46527061 0.00855017822 0 0 0
volume_proxy 1066 0.241034231 0.736447794 0.0104232936 0 0 0
volume_proxy 1120 -0.53330592 0.542945264 -0.00523644164 0 0 0
volume_proxy 1166 -0.482986289 0.88946673 0.00450502135 0 0 0
volume_proxy 1169 1.44830757 -0.75623932 0.0096762923 0 0 0
volume_proxy 1172 -0.0842133572 0.195983244 0.00170909526 0 0 0
volume_proxy 1186 -0.720855486 -0.337228745 0.00451512344 0 0 0
volume_proxy 1193 -0.832645586 0.142839386 -0.00373229662 0 0 0
volume_proxy 1219 -0.9886924 0.618062409 -0.00979232854 0 0 0
volume_proxy 1225 0.266744525 -0.242051385 0.00019453801 0 0 0
volume_proxy 1245 -1.40321208 0.679856368 -0.00191372492 0 0 0
volume_proxy 1280 -1.21724356 0.739191654 -0.000996002325 0 0 0
volume_proxy 1285 -1.08978281 0.869866925 -0.000806576963 0 0 0
volume_proxy 1295 -0.707006633 0.904024366 -0.00539996342 0 0 0
volume_proxy 1296 0.383224981 0.068314246 -0.00722194684 0 0 0
volume_proxy 1335 0.170334003 -0.768734001 -0.00458509025 0 0 0
volume_proxy 1340 0.998598129 0.100140228 -0.00579613467 0 0 0
volume_proxy 1380 -0.114361573 0.0993805039 -3.51956988e-05 0 0 0
volume_proxy 1386 0.0149425359 0.838046574 -0.00332008454 0 0 0
volume_proxy 1397 1.12718476 0.94935372 -0.0081436897 0 0 0
volume_proxy 1403 0.389427588 0.410604945 -0.0104299449 0 0 0
volume_proxy 1409 0.773015338 0.945294162 0.000198226952 0 0 0
volume_proxy 1413 0.806551879 0.816575358 -0.00358310781 0 0 0
volume_proxy 1418 -1.02462541 0.39878901 0.00897949619 0 0 0
volume_proxy 1420 -1.36943553 0.00179792943 0.00531599144 0 0 0
volume_proxy 1421 -1.33628788 -0.342352097 -0.00726407332 0 0 0
volume_proxy 1422 1.04415817 -0.817592367 0.00594697605 0 0 0
volume_proxy 1423 -0.550681089 0.720254681 -0.00644712672 0 0 0
volume_proxy 1426 0.916616059 -0.36863743 -0.000674363968 0 0 0
volume_proxy 1429 1.30736955 -0.216203366 -0.0025305308 0 0 0
volume_proxy 1433 1.19035671 0.270108468 0.00322281773 0 0 0
volume_proxy 1434 0.0417668011 -0.429763335 0.00380925389 0 0 0
volume_proxy 1437 0.0277347977 -0.18309703 -0.0101920981 0 0 0
volume_proxy 1439 -0.610269042 0.62406461 -0.0107785949 0 0 0
volume_proxy 1440 0.363938529 -0.391263917 0.00931742336 0 0 0
volume_proxy 1444 -1.12017161 -0.979040436 -0.00653662518 0 0 0
volume_proxy 1445 -0.0393152262 -0.592800919 0.00454625781 0 0 0
volume_proxy 1447 1.42581311 -0.151850837 0.00914811123 0 0 0
volume_proxy 1459 -0.686265038 0.700490001 -0.00027166485 0 0 0
volume_proxy 1460 0.817177795 0.201307264 0.00655296168 0 0 0
volume_proxy 1461 -1.04991418 0.501540991 0.00483306669 0 0 0
volume_proxy 1462 -1.02335116 -0.152520548 -0.000166339203 0 0 0
volume_proxy 1466 -0.477534677 -0.986955721 -0.000305823536 0 0 0
volume_proxy 1470 -1.21541955 -0.701028675 -0.00412171292 0 0 0
volume_proxy 1471 0.0440215947 0.674753415 -0.00432502307 0 0 0
volume_proxy 1472 -0.984165651 0.647598643 0.00871974303 0 0 0
volume_proxy 1474 1.02322133 -0.551154508 0.00818937049 0 0 0
volume_proxy 1481 1.21781849 0.631507831 0.00385897688 0 0 0
volume_proxy 1482 0.393677673 -0.955522548 0.00356449847 0 0 0
volume_proxy 1485 0.194006087 -0.511479432 0.00262780402 0 0 0
volume_proxy 1486 1.08851153 -0.477221262 -0.0101603331 0 0 0
volume_proxy 1489 -0.37401555 0.598293674 0.000366718574 0 0 0
volume_proxy 1490 1.16366451 0.771578988 0.00381573543 0 0 0
volume_proxy 1492 0.140898275 0.672937752 0.00326351157 0 0 0
volume_proxy 1493 0.39580907 0.275051634 0.00950110289 0 0 0
volume_proxy 1494 0.971850619 0.6957829 0.00908822206 0 0 0
volume_proxy 1496 -0.910125412 0.446307535 0.00133851833 0 0 0
volume_proxy 1497 0.194924973 0.365724545 0.010004608 0 0 0
volume_proxy 1498 -1.19714754 0.516099402 0.00556238436 0 0 0
volume_proxy 1501 -0.883772875 -0.805080379 0.0104657393 0 0 0
volume_proxy 1502 -0.934689213 -0.654791641 -0.00664033163 0 0 0
volume_proxy 1503 -0.592763606 0.0877239264 -0.00564806177 0 0 0
volume_proxy 1505 -0.0668672669 0.866727482 0.000804784164 0 0 0
volume_proxy 1506 0.273655875 0.385270279 0.00150520969 0 0 0
volume_proxy 1507 -1.12906357 -0.530858825 -0.0017351415 0 0 0
volume_proxy 1508 -0.220575932 -0.904571847 0.00281111058 0 0 0
volume_proxy 1509 -1.4656199 0.8715129 0.00863456216 0 0 0
volume_proxy 1510 0.779452582 -0.672584676 -0.00410671509 0 0 0
volume_proxy 1511 1.10947713 0.0258038307 -0.0051708198 0 0 0
