volume_proxy 0 1.12498991 0.597485601 -0.00638932883 0 0 0
volume_proxy 5 1.4555228 -0.499638372 -0.000514220785 0 0 0
volume_proxy 6 -0.650615504 0.555238712 0.00473201481 0 0 0
volume_proxy 11 1.34376598 0.900772118 0.00530902753 0 0 0
volume_proxy 12 0.526144028 -0.726197392 0.00422216973 0 0 0
volume_proxy 14 -0.753908438 0.663096059 0.00565863643 0 0 0
volume_proxy 23 1.32149374 -0.756439727 -0.00595468824 0 0 0
volume_proxy 38 0.646037311 0.117618191 -5.47155557e-05 0 0 0
volume_proxy 40 -0.37226206 -0.400648653 0.00536273636 0 0 0
volume_proxy 50 -1.07615831 0.0956636531 0.00932846451 0 0 0
volume_proxy 53 -0.781547738 0.509503874 0.00674484894 0 0 0
volume_proxy 58 1.30366624 -0.852131433 -0.0106076673 0 0 0
volume_proxy 60 0.302987842 0.515447481 0.000194908231 0 0 0
volume_proxy 85 -0.361332035 0.447676332 0.00934978245 0 0 0
volume_proxy 97 0.93103917 0.920680608 0.000496853397 0 0 0
volume_proxy 107 0.905136441 0.144553053 -9.44698374e-05 0 0 0
volume_proxy 127 -1.02615674 -0.307901698 -0.00351956187 0 0 0
volume_proxy 130 0.459401899 0.851652737 -0.00416210364 0 0 0
volume_proxy 140 -0.449594517 0.318511666 0.00249148816 0 0 0
volume_proxy 157 0.93406448 0.0800065493 -0.00596776134 0 0 0
volume_proxy 159 0.772581735 0.824178692 0.000640951688 0 0 0
volume_proxy 161 0.568027831 0.95819116 0.0105114047 0 0 0
volume_proxy 176 0.596938877 -0.394651396 -0.00146401629 0 0 0
volume_proxy 186 -1.3311421 0.0260122249 -0.00116764854 0 0 0
volume_proxy 189 -0.711525466 0.692420589 0.00836181614 0 0 0
volume_proxy 195 -0.0110769987 -0.293600305 0.000662569349 0 0 0
volume_proxy 196 0.516832747 0.151907086 -0.005379284 0 0 0
volume_proxy 200 -0.874190135 -0.771908552 0.00872527625 0 0 0
volume_proxy 202 -0.0421741113 0.87427056 0.010549233 0 0 0
volume_proxy 209 -1.12029042 0.0699640634 0.00956168827 0 0 0
volume_proxy 210 -0.167945196 0.161391903 -0.00896793233 0 0 0
volume_proxy 226 0.326876239 -0.692748068 0.00524904478 0 0 0
volume_proxy 236 1.00528407 0.394701973 0.00812135124 0 0 0
volume_proxy 247 1.12471184 0.996293828 -0.00486745663 0 0 0
volume_proxy 256 -1.41497571 0.979880676 -0.0041449254 0 0 0
volume_proxy 259 0.516743359 0.792722074 0.00841635469 0 0 0
volume_proxy 269 -0.732716188 -0.333581063 -0.00916413428 0 0 0
volume_proxy 277 -1.30654156 -0.511431872 -0.000256252756 0 0 0
volume_proxy 296 -1.17360256 -0.429410807 0.00775911512 0 0 0
volume_proxy 305 0.378940632 0.0517514979 -0.00548578071 0 0 0
volume_proxy 310 -0.356884902 -0.916630812 0.00638736898 0 0 0
volume_proxy 344 -1.48004728 0.60069044 0.00321667398 0 0 0
volume_proxy 347 0.247861536 0.0245185558 -0.00280108256 0 0 0
volume_proxy 356 -0.180773059 0.899551976 -0.00752084914 0 0 0
volume_proxy 375 0.968850817 -0.939162769 -0.00793018628 0 0 0
volume_proxy 388 0.277485387 0.0858102291 0.00979347877 0 0 0
volume_proxy 802 1.47460884 -0.435964121 -0.00477290135 0 0 0
volume_proxy 1052 -0.73436103 -0.88151921 -0.00232005881 0 0 0
volume_proxy 1066 0.0041981143 -0.008364002 -0.00801539673 0 0 0
volume_proxy 1120 -0.179360783 0.00152191294 -0.00365725987 0 0 0
volume_proxy 1166 -0.588600862 0.209186995 0.00879085875 0 0 0
volume_proxy 1169 1.05976892 -0.859155982 0.00771578396 0 0 0
volume_proxy 1193 -1.369322 -0.288742392 0.0105502119 0 0 0
volume_proxy 1225 -0.126205862 -0.0301574709 0.00400431191 0 0 0
volume_proxy 1245 -1.43136186 0.149991645 -0.00856318344 0 0 0
volume_proxy 1280 -1.18742063 0.552509834 -0.000635263822 0 0 0
volume_proxy 1285 -1.24757648 -0.500133112 0.00779028569 0 0 0
volume_proxy 1295 -0.676340773 0.126611526 0.000754455983 0 0 0
volume_proxy 1296 0.601419382 -0.363698436 -0.0015861655 0 0 0
volume_proxy 1335 0.398584428 -0.565948121 0.0100731194 0 0 0
volume_proxy 1340 1.26089765 0.312666788 -0.0026872929 0 0 0
volume_proxy 1380 0.0844177678 0.886729712 -0.0103329566 0 0 0
volume_proxy 1386 0.113001479 0.123133982 0.000626003216 0 0 0
volume_proxy 1397 0.849313576 0.608783462 -0.00619522174 0 0 0
volume_proxy 1409 -0.0302052456 0.926285992 -0.00305412325 0 0 0
volume_proxy 1413 1.18748275 0.869463925 -0.00494482973 0 0 0
volume_proxy 1420 -0.990661499 -0.0605141436 0.00391723936 0 0 0
volume_proxy 1422 0.685339168 -0.516275414 -0.00337915272 0 0 0
volume_proxy 1429 0.651757474 -0.50392922 -0.00922540386 0 0 0
volume_proxy 1433 1.46962768 0.963174217 0.0104226016 0 0 0
volume_proxy 1434 0.219014284 -0.87552098 0.00607300024 0 0 0
volume_proxy 1437 -0.0758308837 -0.0822466765 0.00427891137 0 0 0
volume_proxy 1439 0.161508773 0.187986299 -0.00539431728 0 0 0
volume_proxy 1447 0.772758602 -0.965396787 0.00723799343 0 0 0
volume_proxy 1459 -0.764713603 0.247789272 0.00310017262 0 0 0
volume_proxy 1460 1.03873159 0.59127537 0.00646291646 0 0 0
volume_proxy 1461 -1.34760153 0.650396579 -0.00520519296 0 0 0
volume_proxy 1466 -0.939260118 -0.0989614058 -0.0101132045 0 0 0
volume_proxy 1470 -1.14354673 -0.192036579 0.00243917854 0 0 0
volume_proxy 1472 -1.22093057 0.672493025 0.0022993202 0 0 0
volume_proxy 1474 0.756277906 -0.905764596 0.00700039243 0 0 0
volume_proxy 1481 1.32649018 0.850084122 0.000106956036 0 0 0
volume_proxy 1482 1.09254647 -0.11569047 -0.00456041605 0 0 0
volume_proxy 1485 0.446192797 -0.775366159 0.00369491893 0 0 0
volume_proxy 1489 0.093790953 -0.410247974 -0.00163640084 0 0 0
volume_proxy 1490 1.43793696 0.79432425 0.00416337486 0 0 0
volume_proxy 1492 0.476904964 0.55589941 0.00310148715 0 0 0
volume_proxy 1493 0.305028822 0.100701035 -0.00828786878 0 0 0
volume_proxy 1494 1.14211467 0.0717885506 -0.00703081374 0 0 0
volume_proxy 1496 -1.22853825 0.79720216 -0.00836316378 0 0 0
volume_proxy 1498 -0.968918561 0.428941715 -0.00704734369 0 0 0
volume_proxy 1501 -0.448874533 -0.654945105 -0.000918717696 0 0 0
volume_proxy 1503 -0.233146479 0.497069536 0.0059118855 0 0 0
volume_proxy 1506 0.295928462 0.789409513 0.00444878534 0 0 0
volume_proxy 1507 -1.08501141 -0.482117959 0.00425237893 0 0 0
volume_proxy 1508 -0.603437949 -0.984371707 -0.00449086337 0 0 0
volume_proxy 1509 -1.01960876 0.658953703 -0.010211856 0 0 0
volume_proxy 1510 0.293151236 -0.787483757 -0.0101346266 0 0 0
volume_proxy 1511 1.22274537 0.603729371 0.00200655789 0 0 0
volume_proxy 1513 -1.02605245 0.993194141 -0.00803078071 0 0 0
volume_proxy 1515 0.793380812 0.114181887 0.000217163601 0 0 0
volume_proxy 1516 -0.348781901 -0.59992619 0.0041469714 0 0 0
volume_proxy 1517 -0.695017428 -0.69094205 -0.00988561439 0 0 0
volume_proxy 1518 -0.887755206 0.0305802572 0.00793065408 0 0 0
volume_proxy 1519 0.262605394 -0.216811008 0.00630229631 0 0 0
volume_proxy 1520 0.105234971 -0.514122568 0.00239548971 0 0 0
volume_proxy 1521 -0.754918952 -0.0980107586 0.00308956198 0 0 0
volume_proxy 1522 -0.0396763819 0.710882316 -0.009714327 0 0 0
volume_proxy 1523 1.15315934 -0.264455147 0.00650661376 0 0 0
volume_proxy 1525 -0.984401692 0.64089341 -0.00428715168 0 0 0
volume_proxy 1526 1.00204279 -0.291758294 0.00571736742 0 0 0
