volume_proxy 0 1.12432423 0.569770166 -0.000212046014 0 0 0
volume_proxy 5 1.35512963 -0.912740729 0.00281223924 0 0 0
volume_proxy 6 -0.486073836 0.771991458 -0.00750987688 0 0 0
volume_proxy 11 1.33008066 0.708834326 -0.00716342396 0 0 0
volume_proxy 12 0.311347167 -0.671331193 0.00874525742 0 0 0
volume_proxy 14 -0.842921058 0.756227332 -0.00893780375 0 0 0
volume_proxy 23 1.34753724 -0.755070695 -0.00719107386 0 0 0
volume_proxy 38 0.936312638 -0.232939674 0.00437575721 0 0 0
volume_proxy 40 -0.411595563 -0.333048267 0.00908433385 0 0 0
volume_proxy 50 -1.04118028 0.0138270355 0.0066826043 0 0 0
volume_proxy 53 -0.680609044 0.438843778 -0.00370573483 0 0 0
volume_proxy 58 1.32327574 -0.874026065 -0.00771915387 0 0 0
volume_proxy 60 0.131126053 0.361426864 0.00774390683 0 0 0
volume_proxy 85 -0.538859625 0.258475024 0.000606030193 0 0 0
volume_proxy 97 1.09957147 0.606158318 -0.0045306871 0 0 0
volume_proxy 107 0.901150289 0.364652553 0.00695211903 0 0 0
volume_proxy 127 -1.30903245 -0.0258982346 -0.00887008991 0 0 0
volume_proxy 130 0.661006097 0.689984113 0.00454810656 0 0 0
volume_proxy 140 -0.176158938 0.0994932458 0.00568563545 0 0 0
volume_proxy 157 0.928917091 -0.266038269 -0.00829881628 0 0 0
volume_proxy 159 0.543983482 0.632049182 0.00291671516 0 0 0
volume_proxy 161 0.95256124 0.997372167 -0.00964571395 0 0 0
volume_proxy 176 0.679388795 -0.427087963 -0.0017679661 0 0 0
volume_proxy 186 -1.09930911 0.191505429 -0.0102377064 0 0 0
volume_proxy 189 -0.818788763 0.872404697 -0.00882560472 0 0 0
volume_proxy 195 0.116399476 -0.62093756 -0.00880316828 0 0 0
volume_proxy 196 0.587419061 -0.0153345278 0.0067222959 0 0 0
volume_proxy 200 -0.716407822 -0.688185182 0.00636588925 0 0 0
volume_proxy 202 0.0320620307 0.939536762 -0.00458650954 0 0 0
volume_proxy 209 -1.41957718 0.0956459396 0.0107929023 0 0 0
volume_proxy 210 -0.153124577 0.407814452 0.00248695172 0 0 0
volume_proxy 226 0.216113411 -0.751877865 0.000166855024 0 0 0
volume_proxy 236 0.946032135 0.769663229 0.00508482199 0 0 0
volume_proxy 247 1.37620158 0.922691214 -0.00787100408 0 0 0
volume_proxy 256 -1.31801245 0.926293323 -0.00799492355 0 0 0
volume_proxy 259 0.421399748 0.83433589 0.00115681733 0 0 0
volume_proxy 269 -0.850609719 -0.262797637 0.00452503611 0 0 0
volume_proxy 277 -1.25075465 -0.33887891 0.0016903066 0 0 0
volume_proxy 296 -0.88566543 -0.746204011 -0.0104336801 0 0 0
volume_proxy 305 0.0519301257 -0.0889704333 0.00687448985 0 0 0
volume_proxy 310 -0.254603261 -0.640081295 -0.00211651285 0 0 0
volume_proxy 344 -1.20068258 0.668749946 0.0100906942 0 0 0
volume_proxy 347 0.337019117 -0.0487112611 0.00287164037 0 0 0
volume_proxy 356 0.0440055814 0.774297316 0.00867611672 0 0 0
volume_proxy 375 0.93950151 -0.82529126 0.0104454883 0 0 0
volume_proxy 388 0.603388183 -0.155802549 -0.00719437624 0 0 0
volume_proxy 802 1.48301284 -0.536717969 0.00365063215 0 0 0
volume_proxy 1052 -0.741247411 -0.96391577 0.00882440289 0 0 0
volume_proxy 1066 -0.0359327102 -0.0390451008 -0.0100389393 0 0 0
volume_proxy 1120 -0.439805101 0.150233809 -0.0096820218 0 0 0
volume_proxy 1166 -0.665679172 0.347512381 0.00472065517 0 0 0
volume_proxy 1169 0.791836567 -0.856105037 0.0065300694 0 0 0
volume_proxy 1193 -1.43934777 -0.458546975 0.00450615047 0 0 0
volume_proxy 1225 -0.0670163787 0.124984132 -0.00765415322 0 0 0
volume_proxy 1245 -1.32285348 0.0176336801 0.0040756476 0 0 0
volume_proxy 1280 -1.32276268 0.352126342 0.00556687604 0 0 0
volume_proxy 1285 -0.999372291 -0.261791524 0.00992996002 0 0 0
volume_proxy 1295 -0.670961357 0.0423871757 0.00775185847 0 0 0
volume_proxy 1296 0.671562532 -0.189302796 0.0102741902 0 0 0
volume_proxy 1335 0.355717728 -0.749593526 0.00333019081 0 0 0
volume_proxy 1340 1.35275841 0.530085481 -0.00408240469 0 0 0
volume_proxy 1380 0.162742535 0.502674976 -0.000934544355 0 0 0
volume_proxy 1386 0.139604804 0.224578424 0.00559204763 0 0 0
volume_proxy 1397 0.811017156 0.489397209 -0.00437987344 0 0 0
volume_proxy 1409 0.239506506 0.956142642 0.00786181125 0 0 0
volume_proxy 1413 1.42628832 0.456775857 -0.00880130342 0 0 0
volume_proxy 1420 -0.937674412 -0.244668409 0.00172335777 0 0 0
volume_proxy 1422 0.615373906 -0.653964981 -0.00628353036 0 0 0
volume_proxy 1429 0.849277482 -0.465787107 0.00209152908 0 0 0
volume_proxy 1433 1.48801186 0.687990859 0.001376897 0 0 0
volume_proxy 1434 0.322818019 -0.980987272 0.00222480093 0 0 0
volume_proxy 1437 0.0727747884 -0.220796169 0.00603054963 0 0 0
volume_proxy 1439 0.0780256744 0.198983509 -0.0107670461 0 0 0
volume_proxy 1447 0.657398807 -0.959555142 0.00872652675 0 0 0
volume_proxy 1459 -0.521434025 0.349269429 -0.000521569562 0 0 0
volume_proxy 1460 1.02540683 0.928917765 -0.009666188 0 0 0
volume_proxy 1461 -1.1089676 0.637562716 0.00291478611 0 0 0
volume_proxy 1466 -0.791830857 0.020502614 -0.0086986699 0 0 0
volume_proxy 1470 -1.04712167 -0.421450094 0.00872062056 0 0 0
volume_proxy 1472 -1.29569841 0.485874751 0.00591723653 0 0 0
volume_proxy 1474 1.12966741 -0.761525376 0.00433593092 0 0 0
volume_proxy 1481 1.07921518 0.924557051 -0.00656526865 0 0 0
volume_proxy 1482 0.918332061 -0.472284223 -0.00653671342 0 0 0
volume_proxy 1485 0.187419887 -0.793371627 0.00822089692 0 0 0
volume_proxy 1489 0.420216515 -0.387548868 0.00796495133 0 0 0
volume_proxy 1490 1.36252377 0.851966141 0.00393758499 0 0 0
volume_proxy 1492 0.446256628 0.497080103 -0.00513522586 0 0 0
volume_proxy 1493 0.161519511 -0.0602837266 0.0105376237 0 0 0
volume_proxy 1494 1.09681022 0.083144053 0.000435122858 0 0 0
volume_proxy 1496 -1.49132506 0.554559348 -0.00461915779 0 0 0
volume_proxy 1498 -0.938316816 0.352017766 0.0041691306 0 0 0
volume_proxy 1501 -0.642924514 -0.712690431 -0.00694606127 0 0 0
volume_proxy 1503 -0.355980121 0.41319894 0.00954727536 0 0 0
volume_proxy 1506 0.317186005 0.88594133 -0.0033309537 0 0 0
volume_proxy 1507 -1.11976931 -0.462001414 0.00874942541 0 0 0
volume_proxy 1508 -0.491711024 -0.950530943 0.00702522944 0 0 0
volume_proxy 1509 -1.09813048 0.759811297 -0.00449951404 0 0 0
volume_proxy 1510 0.286621309 -0.767419006 -0.00378000285 0 0 0
volume_proxy 1511 1.20968859 0.738175555 0.00525016561 0 0 0
volume_proxy 1513 -0.976185901 0.953289035 -3.86214789e-05 0 0 0
volume_proxy 1515 0.859166694 0.15882665 0.00282444989 0 0 0
volume_proxy 1516 -0.436593423 -0.413248464 0.00530717768 0 0 0
volume_proxy 1517 -0.638704864 -0.869221301 -0.00519020036 0 0 0
volume_proxy 1518 -0.864076821 0.0150811986 -0.00887995708 0 0 0
volume_proxy 1519 0.0777610252 -0.247596164 -0.000284679856 0 0 0
volume_proxy 1520 -0.0456855829 -0.474752636 0.00294521182 0 0 0
volume_proxy 1521 -0.708786087 0.052086585 0.00514803158 0 0 0
volume_proxy 1522 0.091816211 0.73962595 0.000991486161 0 0 0
volume_proxy 1523 1.08929531 -0.246297111 0.00578133862 0 0 0
volume_proxy 1525 -1.09882348 0.565997788 -0.00715212447 0 0 0
volume_proxy 1526 1.04744866 -0.422705376 -0.00998253245 0 0 0
