volume_proxy 0 0.571981956 0.510180191 -0.00843406501 0 0 0
volume_proxy 5 1.25947284 -0.543067333 -0.00661901423 0 0 0
volume_proxy 6 -0.416776996 0.42281051 -0.00460016411 0 0 0
volume_proxy 11 1.43220269 0.76460011 -0.00153671804 0 0 0
volume_proxy 12 0.311409864 -0.722814294 0.00361851784 0 0 0
volume_proxy 14 -1.02542806 0.642324539 0.00204038993 0 0 0
volume_proxy 23 1.45705009 -0.945802153 0.00639139728 0 0 0
volume_proxy 38 0.398446898 0.0944591688 -0.00117319679 0 0 0
volume_proxy 40 0.00556472727 -0.749083039 0.00995193459 0 0 0
volume_proxy 50 -0.899182479 0.054377419 -0.00871453562 0 0 0
volume_proxy 53 -0.362037578 0.517064113 0.00653835773 0 0 0
volume_proxy 58 1.05496649 -0.944093741 -0.00424399885 0 0 0
volume_proxy 60 0.719210495 0.776470651 0.00373622614 0 0 0
volume_proxy 85 -0.629445333 0.436179283 -0.0103084035 0 0 0
volume_proxy 97 0.926470494 0.441559151 -0.00416435729 0 0 0
volume_proxy 107 0.85624384 -0.213536412 0.00632505039 0 0 0
volume_proxy 127 -1.37661877 -0.387874213 0.000558231223 0 0 0
volume_proxy 130 0.754889934 0.713389365 0.00240991529 0 0 0
volume_proxy 140 -0.630761709 0.891848518 -0.00594139873 0 0 0
volume_proxy 157 0.862776473 0.345626164 0.00729504959 0 0 0
volume_proxy 159 0.613521234 0.839826304 0.00415294687 0 0 0
volume_proxy 161 0.632450848 0.684714115 0.00607466025 0 0 0
volume_proxy 176 1.07195076 -0.443309364 -0.0101249398 0 0 0
volume_proxy 186 -1.12496802 -0.232143868 0.00578007067 0 0 0
volume_proxy 189 -0.816575663 0.617635365 -0.0055585843 0 0 0
volume_proxy 195 -0.0256506749 0.119289234 0.00805182093 0 0 0
volume_proxy 196 0.753010235 0.311617353 -0.00889104845 0 0 0
volume_proxy 200 -0.461664752 -0.904750169 0.00291855199 0 0 0
volume_proxy 202 0.262892286 0.823074074 -0.000728462836 0 0 0
volume_proxy 209 -0.912061904 -0.00571806772 0.00797833852 0 0 0
volume_proxy 210 -0.113813428 0.371088724 -0.00318852057 0 0 0
volume_proxy 226 0.423858044 -0.421098875 -0.000658399667 0 0 0
volume_proxy 236 0.56538845 0.502914604 -0.00840147328 0 0 0
volume_proxy 247 1.08782426 0.905844708 -0.00167304366 0 0 0
volume_proxy 256 -1.40321852 0.743918959 -0.00205150575 0 0 0
volume_proxy 259 0.364766104 0.555686022 -0.0080889907 0 0 0
volume_proxy 269 -0.967479224 -0.351516199 0.00565693232 0 0 0
volume_proxy 277 -1.20602139 -0.25827473 -0.00435246796 0 0 0
volume_proxy 296 -1.1654296 -0.473518794 0.000542516326 0 0 0
volume_proxy 305 0.903686048 -0.227903613 0.00212100444 0 0 0
volume_proxy 310 -0.642160865 -0.928322181 0.00665614809 0 0 0
volume_proxy 344 -1.41830216 0.418235301 -0.000442560075 0 0 0
volume_proxy 347 0.0882656533 0.297369882 0.00858346991 0 0 0
volume_proxy 356 -0.372009969 0.94724258 -0.0034068686 0 0 0
volume_proxy 375 0.843666631 -0.750634135 0.00303171091 0 0 0
volume_proxy 388 0.418483592 0.0871280361 -0.00368687968 0 0 0
volume_proxy 802 1.20456651 -0.530179921 -0.0011785138 0 0 0
volume_proxy 1052 -0.982578698 -0.67982862 -0.000373983792 0 0 0
volume_proxy 1066 -0.198997342 -0.186047477 -0.00583625203 0 0 0
volume_proxy 1120 -0.147920947 -0.154087911 0.0102602377 0 0 0
volume_proxy 1166 -0.373088315 0.0850220817 -0.00711588609 0 0 0
volume_proxy 1169 1.00796293 -0.828211835 -0.00668247554 0 0 0
volume_proxy 1193 -1.31895628 -0.404031082 -0.00190417589 0 0 0
volume_proxy 1225 -0.566543706 -0.131352992 -0.00884048386 0 0 0
volume_proxy 1245 -1.36409416 0.0713196804 0.00296327698 0 0 0
volume_proxy 1280 -0.955457588 0.702850238 -0.00293576587 0 0 0
volume_proxy 1285 -1.13880032 -0.372036904 0.00924455816 0 0 0
volume_proxy 1295 -0.611695844 0.283003377 -0.00377809696 0 0 0
volume_proxy 1296 0.411252389 -0.387808909 -0.00172362482 0 0 0
volume_proxy 1340 1.17046251 0.719653804 0.00525726131 0 0 0
volume_proxy 1380 0.362931643 0.976415081 0.000576707625 0 0 0
volume_proxy 1386 0.321757562 0.169482807 -0.00154750537 0 0 0
volume_proxy 1397 0.86650243 0.767901778 0.00448842531 0 0 0
volume_proxy 1409 -0.103500162 0.988226233 -7.22698149e-05 0 0 0
volume_proxy 1413 0.970189285 0.693551215 0.00736743133 0 0 0
volume_proxy 1422 0.535880797 -0.603524409 -0.00100048928 0 0 0
volume_proxy 1433 1.26443781 0.982002218 -0.0107930952 0 0 0
volume_proxy 1434 0.0193497633 -0.956690654 0.00229414475 0 0 0
volume_proxy 1437 -0.143336437 0.0286885181 0.00319345643 0 0 0
volume_proxy 1439 0.29783651 0.221204941 -0.00177094814 0 0 0
volume_proxy 1447 0.77488374 -0.830905019 -0.00276994257 0 0 0
volume_proxy 1459 -0.725839973 0.41417076 -0.003055804 0 0 0
volume_proxy 1460 0.948719623 0.422079757 0.000434587757 0 0 0
volume_proxy 1461 -1.23014345 0.614823755 -0.00970044282 0 0 0
volume_proxy 1466 -0.646960598 -0.172025706 -0.00714205377 0 0 0
volume_proxy 1470 -0.934178653 -0.0662990383 0.000570878389 0 0 0
volume_proxy 1472 -1.09209801 0.508590556 0.00619010507 0 0 0
volume_proxy 1474 0.38445377 -0.813768152 -0.00792532165 0 0 0
volume_proxy 1481 1.07658467 0.906537799 -0.00813727301 0 0 0
volume_proxy 1482 1.38204745 -0.167067539 -0.0105396059 0 0 0
volume_proxy 1485 0.583603344 -0.4942235 0.0104653287 0 0 0
volume_proxy 1489 0.0880651466 -0.234401222 0.00995024673 0 0 0
volume_proxy 1490 1.42300979 0.974246017 -0.00974847326 0 0 0
volume_proxy 1492 0.694867887 0.467543564 0.00156867642 0 0 0
volume_proxy 1493 0.387398886 0.30875141 -0.00073536184 0 0 0
volume_proxy 1494 1.17233613 0.00439674481 -0.00597255912 0 0 0
volume_proxy 1496 -0.967240974 0.97486658 -0.0093677628 0 0 0
volume_proxy 1498 -0.816199448 0.408242188 0.00356984627 0 0 0
volume_proxy 1501 -0.412844008 -0.698555147 0.00831728571 0 0 0
volume_proxy 1503 -0.0333821318 0.445879258 0.0047004851 0 0 0
volume_proxy 1506 0.479875925 0.972398778 -0.00284987358 0 0 0
volume_proxy 1507 -1.0370866 -0.406834968 0.00807061036 0 0 0
volume_proxy 1508 -0.662883964 -0.83177089 0.00652335215 0 0 0
volume_proxy 1509 -1.01793644 0.764865139 -0.00134633945 0 0 0
volume_proxy 1510 0.25134069 -0.597017135 -0.00521038191 0 0 0
volume_proxy 1511 1.3633026 0.684436715 0.00304721514 0 0 0
volume_proxy 1513 -1.08576167 0.832042186 -0.00190049502 0 0 0
volume_proxy 1515 0.353536919 -0.0676051897 -0.00900775405 0 0 0
volume_proxy 1516 -0.276597727 -0.914374392 -0.000830160691 0 0 0
volume_proxy 1517 -0.750825421 -0.456729075 -0.00279931047 0 0 0
volume_proxy 1519 0.271178896 -0.123927623 -0.00405316748 0 0 0
volume_proxy 1520 0.509153051 -0.489261047 -0.00894106468 0 0 0
volume_proxy 1521 -0.538124749 -0.028438129 0.00572046032 0 0 0
volume_proxy 1522 0.212361214 0.728069523 -0.00744251042 0 0 0
volume_proxy 1523 1.43630564 -0.206816423 0.00591235422 0 0 0
volume_proxy 1525 -0.889517725 0.75109525 -0.00508294443 0 0 0
volume_proxy 1526 1.04952479 -0.274011743 0.0106776621 0 0 0
volume_proxy 1527 -0.93260616 -0.0367540603 -0.00159333202 0 0 0
volume_proxy 1528 0.404518804 -0.637859919 -0.00906813937 0 0 0
