volume_proxy 0 0.190203588 -0.263971257 0.0038816568 0 0 0
volume_proxy 6 -0.562456896 0.797299857 -0.00171652167 0 0 0
volume_proxy 11 1.4986263 0.801539888 -0.00113725701 0 0 0
volume_proxy 12 0.972043364 0.114985237 0.0037602093 0 0 0
volume_proxy 14 -1.12513004 0.609481129 -0.00203070837 0 0 0
volume_proxy 23 0.77423878 -0.264142126 -0.00145732053 0 0 0
volume_proxy 38 -0.883457445 -0.904964635 -0.00667712726 0 0 0
volume_proxy 40 -0.865304511 0.268358159 0.00825271629 0 0 0
volume_proxy 50 -0.866666541 -0.43191156 0.00538519351 0 0 0
volume_proxy 53 -1.18744431 0.0788042217 -0.00310944841 0 0 0
volume_proxy 58 0.636311605 -0.893043846 -0.0059144808 0 0 0
volume_proxy 60 0.362241935 0.892684597 -0.00277536696 0 0 0
volume_proxy 85 -1.28471518 0.801635087 0.00715809605 0 0 0
volume_proxy 97 1.15912792 0.634013201 0.00717773844 0 0 0
volume_proxy 107 1.06336094 0.052949724 0.00264670156 0 0 0
volume_proxy 127 -1.37858765 -0.863618182 -0.00932693274 0 0 0
volume_proxy 130 0.611124332 0.179728217 -0.0021769376 0 0 0
volume_proxy 140 -1.04289387 0.577351838 0.00880129623 0 0 0
volume_proxy 157 0.698884627 -0.640539669 0.00319524206 0 0 0
volume_proxy 159 1.19200155 0.430935349 0.00956422861 0 0 0
volume_proxy 161 -0.0812988489 0.689580649 0.00176595897 0 0 0
volume_proxy 176 1.40856911 0.000865326818 0.00588682694 0 0 0
volume_proxy 186 -0.213471079 -0.00698010017 0.000158862187 0 0 0
volume_proxy 189 -0.818084483 -0.695202527 0.00542974239 0 0 0
volume_proxy 195 -1.35399726 -0.837470262 -0.00110938163 0 0 0
volume_proxy 196 0.753599752 0.235504431 0.00114471383 0 0 0
volume_proxy 200 -1.1992409 -0.536293566 -0.00537516126 0 0 0
volume_proxy 202 0.29772043 0.605114277 -0.0096556549 0 0 0
volume_proxy 209 -0.755453732 0.629344456 0.0063754416 0 0 0
volume_proxy 210 0.0331483408 0.812326561 -0.00662588868 0 0 0
volume_proxy 226 0.250150089 -0.640108209 -0.00666071218 0 0 0
volume_proxy 236 1.23596863 -0.614004565 -0.00576842234 0 0 0
volume_proxy 247 0.993043644 0.743067347 0.00687369551 0 0 0
volume_proxy 256 -0.807468234 0.412464222 -0.0106453268 0 0 0
volume_proxy 259 0.551311033 0.982775975 0.00339210505 0 0 0
volume_proxy 269 -0.789352304 0.375818809 0.0107352421 0 0 0
volume_proxy 277 -0.935407845 0.00441587922 -0.00728932675 0 0 0
volume_proxy 296 -1.44108948 0.901591047 0.0100327451 0 0 0
volume_proxy 305 0.830664734 -0.212658161 0.00670679677 0 0 0
volume_proxy 310 0.22086383 -0.0717354595 0.00238613813 0 0 0
volume_proxy 344 -1.24020078 -0.307357301 -0.00766011281 0 0 0
volume_proxy 347 -0.465741989 0.854578698 -0.00406195848 0 0 0
volume_proxy 356 -0.311981636 -0.078646714 -0.00934790705 0 0 0
volume_proxy 375 0.866762177 0.354756689 0.00618544411 0 0 0
volume_proxy 388 1.05815618 0.1602475 -0.00815157377 0 0 0
volume_proxy 802 0.831831767 0.141444217 0.00068605341 0 0 0
volume_proxy 1052 -0.789325493 -0.895725281 0.00516048739 0 0 0
volume_proxy 1066 -0.019615636 0.258960479 -0.00495590479 0 0 0
volume_proxy 1120 -0.784101975 0.41971916 0.00274395479 0 0 0
volume_proxy 1166 -0.701619667 -0.0938915965 0.00239292442 0 0 0
volume_proxy 1193 -1.06894802 -0.367803784 0.0100513595 0 0 0
volume_proxy 1225 -0.720977602 -0.381790676 0.00447416787 0 0 0
volume_proxy 1245 -1.32060401 -0.0375177332 0.00836406747 0 0 0
volume_proxy 1280 -0.307481165 0.613611326 -8.37994505e-05 0 0 0
volume_proxy 1285 -1.25049127 0.44750281 0.00385318883 0 0 0
volume_proxy 1295 0.440926989 -0.120748778 0.00722830001 0 0 0
volume_proxy 1296 0.279896127 -0.664353252 0.010724674 0 0 0
volume_proxy 1340 0.748330733 0.650838001 0.000452007283 0 0 0
volume_proxy 1380 -0.429768809 -0.076769054 -0.00691246422 0 0 0
volume_proxy 1386 1.309056 0.608080434 -0.0105343508 0 0 0
volume_proxy 1397 1.01927259 0.790827976 0.000466981867 0 0 0
volume_proxy 1409 -0.235799793 0.809217205 0.00513572237 0 0 0
volume_proxy 1413 0.810114708 0.922577737 0.00444746673 0 0 0
volume_proxy 1422 0.226913606 -0.48408682 -0.00773892364 0 0 0
volume_proxy 1433 1.47584966 0.74339175 -0.0065190764 0 0 0
volume_proxy 1437 0.215348371 -0.0233704353 0.0100428119 0 0 0
volume_proxy 1447 1.09332965 -0.20074539 -0.00527531878 0 0 0
volume_proxy 1459 -1.28616241 0.110460619 0.00169276 0 0 0
volume_proxy 1460 -0.106866774 0.539225865 0.00786348513 0 0 0
volume_proxy 1461 -0.734188476 0.898262472 0.000529004254 0 0 0
volume_proxy 1466 -0.899871778 0.123823398 0.00441066713 0 0 0
volume_proxy 1472 -1.26671371 0.650269286 -0.0102618551 0 0 0
volume_proxy 1474 1.26402161 -0.585973531 -0.00636123872 0 0 0
volume_proxy 1481 0.524433346 0.891863512 -0.00100148312 0 0 0
volume_proxy 1482 0.740917787 0.0488485233 -0.00877335346 0 0 0
volume_proxy 1485 0.374960198 -0.243889881 -0.00267601845 0 0 0
volume_proxy 1489 0.0901086478 -0.635000092 -0.00137969001 0 0 0
volume_proxy 1490 1.06290364 0.951457394 0.00759202703 0 0 0
volume_proxy 1494 1.27660487 -0.0308558396 -0.00297031263 0 0 0
volume_proxy 1496 -1.15544217 0.441509665 0.00358506023 0 0 0
volume_proxy 1498 -0.0625355102 0.409426663 -0.00410813113 0 0 0
volume_proxy 1503 -0.784744386 -0.0181255499 -0.00496414235 0 0 0
volume_proxy 1506 0.412703695 0.669035359 -0.00254471278 0 0 0
volume_proxy 1507 -1.23087482 0.00729488481 0.000884459171 0 0 0
volume_proxy 1508 -0.583667616 -0.265338222 0.00294893865 0 0 0
volume_proxy 1509 -1.01793312 0.0393652556 0.00364740283 0 0 0
volume_proxy 1510 0.0787758734 -0.67158892 -0.00658714429 0 0 0
volume_proxy 1511 1.02909654 0.364212202 0.00149526854 0 0 0
volume_proxy 1513 -1.23114687 0.570901526 -0.0101158039 0 0 0
volume_proxy 1515 0.771165561 -0.482411062 -0.00211386149 0 0 0
volume_proxy 1516 -0.343677012 -0.881550285 -0.00889285901 0 0 0
volume_proxy 1517 -0.685327913 -0.325897424 -0.00868076271 0 0 0
volume_proxy 1519 0.0858389775 -0.778903544 -0.0100578156 0 0 0
volume_proxy 1520 0.165766201 -0.294895003 -0.004754634 0 0 0
volume_proxy 1521 -1.32504912 -0.579432711 0.00232119879 0 0 0
volume_proxy 1523 0.745071782 0.0593018844 0.00502825509 0 0 0
volume_proxy 1525 -0.790229833 0.963265963 0.00654281646 0 0 0
volume_proxy 1526 0.957980175 -0.711157858 -0.00816064351 0 0 0
volume_proxy 1528 0.475322188 -0.720905746 0.00305842264 0 0 0
volume_proxy 1529 -1.04837047 0.12284051 0.00772436348 0 0 0
volume_proxy 1531 0.577219224 0.575980795 0.00222710202 0 0 0
volume_proxy 1533 0.924699325 -0.316644188 -0.00363980504 0 0 0
volume_proxy 1534 0.540545031 0.789972922 0.0061389159 0 0 0
volume_proxy 1535 0.275306247 0.897294293 -0.000500979016 0 0 0
volume_proxy 1536 -0.577524676 -0.811501067 0.00259482911 0 0 0
volume_proxy 1537 -0.502333845 -0.586747647 0.00677121632 0 0 0
