volume_proxy 0 1.36483022 -0.121718722 0.0105490655 0 0 0
volume_proxy 5 0.278948913 0.674312901 0.0102766619 0 0 0
volume_proxy 6 0.950142219 -0.0815719898 0.00780877522 0 0 0
volume_proxy 11 0.367488487 0.487657795 0.00681134018 0 0 0
volume_proxy 12 1.15685938 -0.0614319673 -0.00535599706 0 0 0
volume_proxy 14 0.599100088 0.357157955 0.00334180019 0 0 0
volume_proxy 23 -0.400480211 -0.110309411 0.00680738699 0 0 0
volume_proxy 38 0.552519878 -0.0386554663 0.00509290676 0 0 0
volume_proxy 40 -0.146491769 -0.828242432 -0.00327766823 0 0 0
volume_proxy 50 -0.549603161 -0.37756899 0.00265287209 0 0 0
volume_proxy 53 -0.254247861 -0.964365467 0.00670561555 0 0 0
volume_proxy 58 1.33054745 -0.489800517 0.00847112997 0 0 0
volume_proxy 60 -0.140570321 0.573546362 -0.00401281771 0 0 0
volume_proxy 61 0.0443896055 -0.978043053 -0.00399874862 0 0 0
volume_proxy 72 0.281378667 -0.0779875865 0.00130740427 0 0 0
volume_proxy 81 -0.870540682 -0.278975957 -0.00690694339 0 0 0
volume_proxy 85 -0.50504705 0.267348701 0.0088820571 0 0 0
volume_proxy 88 -0.995948603 -0.147993264 -0.00408735196 0 0 0
volume_proxy 97 1.41798382 -0.393911274 0.00267942791 0 0 0
volume_proxy 101 -1.17405692 0.941759797 -0.00844734303 0 0 0
volume_proxy 105 -0.0490113719 -0.919329243 -0.00481882589 0 0 0
volume_proxy 106 -0.022264884 -0.955995955 -0.0057590755 0 0 0
volume_proxy 107 0.655451557 0.300735271 -0.00614210115 0 0 0
volume_proxy 108 1.48577052 0.419971184 0.00270523337 0 0 0
volume_proxy 126 -0.281490757 -0.619530561 0.00838547987 0 0 0
volume_proxy 127 -0.284955639 0.401151217 0.00087654163 0 0 0
volume_proxy 130 0.891799902 0.635309139 -0.0066882133 0 0 0
volume_proxy 132 0.572665294 0.81912368 -0.0105179769 0 0 0
volume_proxy 140 -0.862314996 0.4452675 -0.000892769792 0 0 0
volume_proxy 145 -1.00493691 -0.810129554 -0.00968816354 0 0 0
volume_proxy 157 0.517998243 0.107834992 0.00921765496 0 0 0
volume_proxy 159 -0.491099886 -0.40765953 9.04553975e-05 0 0 0
volume_proxy 161 -0.353257418 0.0606428048 0.0077135083 0 0 0
volume_proxy 176 0.52197607 -0.585802046 0.000115370972 0 0 0
volume_proxy 178 -1.05841674 0.686696633 0.00591224895 0 0 0
volume_proxy 186 -0.121088704 0.776187386 0.000408683277 0 0 0
volume_proxy 189 -1.2056803 0.385618992 -0.00481204747 0 0 0
volume_proxy 195 -0.377921304 -0.225361305 -0.0016609855 0 0 0
volume_proxy 196 0.445618821 0.456061634 0.00590704322 0 0 0
volume_proxy 200 -0.178660833 -0.685913608 -0.0103595988 0 0 0
volume_proxy 202 -0.69949193 0.985094288 0.00256573223 0 0 0
volume_proxy 209 -0.803632296 -0.510803294 0.00583661782 0 0 0
volume_proxy 210 -0.377400034 0.275251779 -0.0018454243 0 0 0
volume_proxy 224 0.67716691 -0.514547939 0.000695527443 0 0 0
volume_proxy 226 -0.623432583 -0.609717965 -0.00740332127 0 0 0
volume_proxy 236 0.518188651 0.401126858 0.0106708494 0 0 0
volume_proxy 244 1.45930544 0.272853251 0.0023435604 0 0 0
volume_proxy 247 1.02421837 -0.0254821267 -0.00459432377 0 0 0
volume_proxy 256 0.0318314399 -0.718007887 -0.00016298697 0 0 0
volume_proxy 258 1.06245862 0.618423862 0.00255148127 0 0 0
volume_proxy 259 0.263725914 0.0934916398 0.0107694077 0 0 0
volume_proxy 269 -0.15943445 -0.665956593 0.0070186055 0 0 0
volume_proxy 276 0.357070562 -0.152944745 -0.0102916485 0 0 0
volume_proxy 277 -0.654747849 -0.387393156 -0.00021491552 0 0 0
volume_proxy 294 0.644933351 0.744443507 0.0094682032 0 0 0
volume_proxy 296 0.121265734 -0.157779576 -0.00648967327 0 0 0
volume_proxy 298 1.01468374 -0.576972722 -0.00265963701 0 0 0
volume_proxy 305 0.466167587 -0.194832875 0.00822902625 0 0 0
volume_proxy 310 1.076066 0.359386174 0.00121629773 0 0 0
volume_proxy 311 1.35228789 -0.268105638 -0.00335999343 0 0 0
volume_proxy 329 -0.819025036 0.0457636681 -0.00193400113 0 0 0
volume_proxy 337 -1.06038901 0.421972247 -0.00732402183 0 0 0
volume_proxy 344 0.625612257 0.363949331 -0.00609617615 0 0 0
volume_proxy 347 -0.549581044 -0.852682148 -0.00454467417 0 0 0
volume_proxy 349 0.421328109 -0.0297603558 -0.00502197898 0 0 0
volume_proxy 356 0.455009784 0.604285719 -0.00756918665 0 0 0
volume_proxy 358 1.19736454 0.908946393 0.00516452301 0 0 0
volume_proxy 375 1.08130937 -0.294323651 -6.25261116e-05 0 0 0
volume_proxy 388 -1.17369816 0.069281286 0.0105641889 0 0 0
volume_proxy 399 0.70726863 -0.593690751 0.00545451229 0 0 0
volume_proxy 409 0.37382545 -0.874456953 -0.000164344782 0 0 0
volume_proxy 412 1.28412662 -0.359357868 -0.00651768303 0 0 0
volume_proxy 431 -1.1829678 -0.983488351 -0.010668598 0 0 0
volume_proxy 512 0.285027136 -0.900544743 -0.00850099489 0 0 0
volume_proxy 518 1.37435157 0.773400945 -0.0100217183 0 0 0
volume_proxy 591 -0.242970616 0.283359526 0.00137766045 0 0 0
volume_proxy 682 0.254563515 -0.500524316 -0.00494458156 0 0 0
volume_proxy 725 -1.1741612 -0.613031472 0.0057930937 0 0 0
volume_proxy 751 -0.348656828 -0.946332668 0.00167789207 0 0 0
volume_proxy 802 1.03471905 -0.513724622 -0.00486599026 0 0 0
volume_proxy 814 0.2291143 0.0222648815 -0.00711944542 0 0 0
volume_proxy 876 -0.317135363 -0.303366713 -0.0080843158 0 0 0
volume_proxy 904 -0.636596188 0.630980469 -0.00646076616 0 0 0
volume_proxy 914 0.297060432 -0.753456806 0.0050828587 0 0 0
volume_proxy 929 -0.929788292 -0.663427249 0.010388105 0 0 0
volume_proxy 944 0.182422304 -0.735247602 -0.00355363189 0 0 0
volume_proxy 991 -1.3351269 -0.763854563 -0.00341641459 0 0 0
volume_proxy 1020 -1.12478538 0.63103433 0.00827719763 0 0 0
volume_proxy 1021 -0.634694217 -0.852284557 0.00435781551 0 0 0
volume_proxy 1042 0.842182164 0.947494943 -0.00430961136 0 0 0
volume_proxy 1050 -1.15618769 -0.276383059 0.00457761845 0 0 0
volume_proxy 1052 -0.45799397 -0.0194719994 -0.000147345439 0 0 0
volume_proxy 1062 0.66259521 0.197958373 0.000292302301 0 0 0
volume_proxy 1066 0.737711726 0.593446749 -0.00507473686 0 0 0
volume_proxy 1093 -0.317355597 -0.711358741 -0.00885588423 0 0 0
volume_proxy 1098 0.593112071 0.97655916 -0.00702555793 0 0 0
volume_proxy 1118 -0.265850264 -0.435191918 -0.00574056698 0 0 0
volume_proxy 1120 -0.255337764 0.444500477 -0.00675086372 0 0 0
volume_proxy 1133 0.434571797 -0.809075603 -0.0019261531 0 0 0
volume_proxy 1137 -0.806697665 0.027354426 0.00895028873 0 0 0
volume_proxy 1138 1.44641625 -0.965148998 0.00132679069 0 0 0
volume_proxy 1151 0.466920559 -0.886562852 0.00718774013 0 0 0
volume_proxy 1166 -0.971031282 0.449097807 0.00374689241 0 0 0
volume_proxy 1169 1.28783294 -0.796746456 0.00899414882 0 0 0
volume_proxy 1172 0.0665687731 0.545324676 0.000991594892 0 0 0
volume_proxy 1180 -1.02300771 0.131787561 0.000213636166 0 0 0
volume_proxy 1186 -0.439722161 -0.602158188 0.00333426206 0 0 0
volume_proxy 1193 -0.940221954 -0.0660377625 0.00632881065 0 0 0
volume_proxy 1195 -1.26348479 -0.340638009 0.00121386846 0 0 0
volume_proxy 1197 -0.338420936 -0.297898847 -0.0087137311 0 0 0
volume_proxy 1198 -0.0569492225 0.659395432 0.00221785522 0 0 0
volume_proxy 1208 -0.545899847 -0.117611591 -0.00756180095 0 0 0
volume_proxy 1209 -1.1509042 0.28042693 -0.00249158319 0 0 0
volume_proxy 1210 -1.12969359 0.894008895 0.00251067739 0 0 0
volume_proxy 1217 -0.53008315 0.318331471 -0.000231775058 0 0 0
volume_proxy 1219 -0.669316281 0.701407599 0.00480202889 0 0 0
volume_proxy 1223 1.25255767 0.132722872 0.00950246726 0 0 0
volume_proxy 1225 0.000576403656 -0.224538667 0.000774568763 0 0 0
volume_proxy 1230 1.05595153 -0.241917748 -0.00190833899 0 0 0
volume_proxy 1231 -1.30645788 0.0597898802 0.00121429212 0 0 0
volume_proxy 1237 0.389679213 0.866988047 -0.00733683461 0 0 0
volume_proxy 1238 0.52036539 0.875247299 -0.00414094854 0 0 0
volume_proxy 1245 -1.31762242 0.825221702 0.00409020957 0 0 0
volume_proxy 1255 1.21515717 -0.362701531 -0.00327123116 0 0 0
volume_proxy 1259 -0.726315189 0.689940743 0.00373861393 0 0 0
volume_proxy 1262 1.43340412 0.437454037 -0.0101448673 0 0 0
volume_proxy 1264 0.0884254945 -0.409056188 0.00242614501 0 0 0
volume_proxy 1270 0.57237252 0.0223004995 -0.00996571622 0 0 0
volume_proxy 1273 -0.859122817 0.716824453 -0.00759580808 0 0 0
volume_proxy 1280 -1.1205439 0.221418784 -0.00911393074 0 0 0
volume_proxy 1285 -1.39615191 0.960092636 0.00952359584 0 0 0
volume_proxy 1292 0.177219785 0.376869616 -0.010094366 0 0 0
volume_proxy 1293 -0.240077645 -0.767843084 -0.00029451535 0 0 0
volume_proxy 1294 1.16281465 0.675618594 -0.00374462521 0 0 0
volume_proxy 1295 -1.42855034 0.655158773 -0.00516160275 0 0 0
volume_proxy 1296 -0.121900718 -0.114505747 0.00187200225 0 0 0
volume_proxy 1297 -0.299584444 -0.731667602 -0.00912678184 0 0 0
volume_proxy 1298 -1.29676477 -0.78099938 0.00744184173 0 0 0
volume_proxy 1301 -0.976185579 0.664756758 0.006695859 0 0 0
volume_proxy 1303 -0.76471336 0.986573415 0.00367311037 0 0 0
volume_proxy 1308 -0.463457607 0.144303246 0.00512784795 0 0 0
volume_proxy 1309 -0.263193642 -0.209985459 0.00905743588 0 0 0
volume_proxy 1315 -0.98803443 -0.871688647 -0.00974249037 0 0 0
volume_proxy 1318 0.771975008 -0.485925279 -0.0084248516 0 0 0
volume_proxy 1325 -0.0233597828 -0.642125543 -0.00611687888 0 0 0
volume_proxy 1326 -0.177226525 -0.057384117 -0.000339228463 0 0 0
volume_proxy 1329 0.986435004 0.646812162 -0.00663666819 0 0 0
volume_proxy 1330 0.340765664 0.311289801 -0.00239874126 0 0 0
volume_proxy 1331 0.361638886 0.356698784 0.00473716016 0 0 0
volume_proxy 1334 -1.43125454 -0.335315864 -0.00249671759 0 0 0
volume_proxy 1335 0.357563291 -0.180630235 0.00012786233 0 0 0
volume_proxy 1336 0.758658166 -0.0108876144 0.00613433171 0 0 0
volume_proxy 1337 -0.199084989 0.458856082 -0.00368782499 0 0 0
volume_proxy 1340 0.449790374 0.826913477 0.00685571702 0 0 0
volume_proxy 1341 -0.581609787 -0.551165738 -0.00459196732 0 0 0
volume_proxy 1345 0.613670725 -0.842814896 0.00965086896 0 0 0
volume_proxy 1347 -0.476470941 0.489309809 0.00607229483 0 0 0
volume_proxy 1348 0.712277967 -0.605066699 0.00834972759 0 0 0
volume_proxy 1349 -1.43223266 -0.0962672086 0.00674943582 0 0 0
volume_proxy 1353 0.962515782 -0.195423048 0.00207935905 0 0 0
volume_proxy 1354 -0.408595209 -0.323592506 0.00923895911 0 0 0
volume_proxy 1357 -1.48227156 0.0629165947 -0.00814161041 0 0 0
volume_proxy 1358 -0.639737576 -0.529970604 -0.00190946643 0 0 0
volume_proxy 1360 -1.40191306 -0.861947489 0.00558110115 0 0 0
volume_proxy 1361 1.15313008 0.830758484 -0.000320778258 0 0 0
volume_proxy 1366 0.989486617 0.929644748 0.00824258313 0 0 0
volume_proxy 1367 -0.575600343 -0.929863926 0.00925155174 0 0 0
volume_proxy 1368 1.07310583 -0.95950068 0.00803669874 0 0 0
volume_proxy 1369 1.0258892 0.792006901 0.00471194147 0 0 0
volume_proxy 1376 0.931393449 -0.52528762 0.00987020057 0 0 0
volume_proxy 1378 0.5330901 -0.675719954 -0.00186587444 0 0 0
volume_proxy 1379 0.500441291 0.269885357 0.0078622161 0 0 0
volume_proxy 1380 -0.210518681 0.406844201 -0.00018740847 0 0 0
volume_proxy 1381 0.81964548 0.636625825 -0.0104760094 0 0 0
volume_proxy 1382 -0.354616651 -0.200916953 -0.00837854712 0 0 0
volume_proxy 1383 -1.29917458 0.663543858 0.00967522583 0 0 0
volume_proxy 1384 0.506217019 0.421169587 0.0104018826 0 0 0
volume_proxy 1385 0.937906927 0.395458427 -0.00654329371 0 0 0
volume_proxy 1386 0.517609842 0.506824229 -0.0102807835 0 0 0
volume_proxy 1387 0.128923737 0.84521693 0.00298279761 0 0 0
volume_proxy 1388 0.0491890572 0.222132897 -0.00494983715 0 0 0
volume_proxy 1389 -0.158463085 0.875213738 0.0053941387 0 0 0
volume_proxy 1390 -1.31620535 0.203753775 -0.00877536738 0 0 0
volume_proxy 1391 0.67618333 0.0263167538 0.00306247725 0 0 0
volume_proxy 1392 -0.538080693 -0.802776748 -0.00963616869 0 0 0
volume_proxy 1393 0.858197088 0.268658978 0.000150300893 0 0 0
volume_proxy 1394 1.45513698 0.550720743 0.00408359997 0 0 0
volume_proxy 1395 1.49270561 0.30525836 0.00728198968 0 0 0
volume_proxy 1396 -0.85236318 -0.325935817 0.0107510955 0 0 0
volume_proxy 1397 -0.763209955 0.253987743 -0.00114456994 0 0 0
volume_proxy 1398 -0.73935747 0.496442911 -0.00548621965 0 0 0
volume_proxy 1401 1.06033591 0.503070136 -0.0106500608 0 0 0
volume_proxy 1402 1.07542058 0.558002252 0.00504528786 0 0 0
volume_proxy 1403 0.799115704 0.232141862 -0.00426267861 0 0 0
