volume_proxy 0 1.25100848 0.0606016907 -0.00809332858 0 0 0
volume_proxy 4 1.45054668 0.95626945 -0.0034948749 0 0 0
volume_proxy 5 -0.0529324018 0.859547824 -0.00730516624 0 0 0
volume_proxy 6 1.4331625 0.500353727 0.00867136382 0 0 0
volume_proxy 11 0.317911944 0.961662454 -0.00884539847 0 0 0
volume_proxy 12 0.751434726 -0.161605099 -0.00236504603 0 0 0
volume_proxy 14 0.545626145 0.608052631 -0.00934434696 0 0 0
volume_proxy 23 -0.695913989 -0.210697773 -0.010515296 0 0 0
volume_proxy 38 0.545011447 -0.486681654 0.000220127084 0 0 0
volume_proxy 40 -0.315126185 -0.281105876 -0.00793703692 0 0 0
volume_proxy 50 -0.203492371 -0.722933237 -0.00370233871 0 0 0
volume_proxy 52 -1.42448648 -0.722183344 0.00219013113 0 0 0
volume_proxy 53 -0.217047604 -0.468783298 0.00212376761 0 0 0
volume_proxy 58 0.977017431 -0.57656611 0.000768836333 0 0 0
volume_proxy 60 -0.406092476 0.568168595 0.0021784951 0 0 0
volume_proxy 61 -0.813362668 -0.881546547 0.00344025971 0 0 0
volume_proxy 72 0.68946562 0.226776847 0.0102028611 0 0 0
volume_proxy 81 -1.13195294 0.0826420187 -0.00318234188 0 0 0
volume_proxy 85 -0.61809905 0.130054931 0.00900293879 0 0 0
volume_proxy 88 -0.961313417 0.476517203 0.00698997545 0 0 0
volume_proxy 97 1.1808569 -0.262395313 0.00408208689 0 0 0
volume_proxy 101 -1.46661495 0.700675687 -0.00448110964 0 0 0
volume_proxy 105 -0.195941212 -0.506268342 -0.00383575414 0 0 0
volume_proxy 106 -0.668057041 -0.848312445 0.00964247181 0 0 0
volume_proxy 107 0.574135085 0.580762441 0.002484239 0 0 0
volume_proxy 108 1.35689133 -0.089090533 -0.00027703319 0 0 0
volume_proxy 126 -0.169786701 -0.9545645 -0.00738103522 0 0 0
volume_proxy 127 -0.540964085 0.254423901 0.00186599259 0 0 0
volume_proxy 130 1.39100202 0.636454569 -0.00598771066 0 0 0
volume_proxy 132 0.683977307 0.636134851 0.00510347004 0 0 0
volume_proxy 135 -0.0670999441 -0.895122775 0.00670927419 0 0 0
volume_proxy 140 -0.57403523 0.981803355 -0.00569822187 0 0 0
volume_proxy 145 -1.10343007 -0.476385133 0.00418240223 0 0 0
volume_proxy 157 0.603720137 -0.188422643 0.0105408514 0 0 0
volume_proxy 159 -0.682893567 -0.586358059 -0.00258197095 0 0 0
volume_proxy 161 -0.43511728 0.23538069 -0.00173835813 0 0 0
volume_proxy 169 0.964142618 0.747549655 -0.00313340591 0 0 0
volume_proxy 176 0.164527247 -0.098314546 0.0104418681 0 0 0
volume_proxy 178 -1.16813373 0.613832159 -0.00919231781 0 0 0
volume_proxy 186 -0.481318791 0.243746837 0.0064212742 0 0 0
volume_proxy 189 -1.14062879 0.685691836 -0.00508462951 0 0 0
volume_proxy 195 -0.352426535 0.0575603686 -0.00462467136 0 0 0
volume_proxy 196 0.572071537 0.260197503 -0.0107564834 0 0 0
volume_proxy 198 1.37147779 -0.746965096 0.00674397594 0 0 0
volume_proxy 200 -1.06252216 -0.275031403 0.00604728777 0 0 0
volume_proxy 202 -0.453813916 0.840137707 0.00915057468 0 0 0
volume_proxy 209 -0.846901941 -0.894354603 -0.00876554061 0 0 0
volume_proxy 210 -0.00497216559 0.332448457 -0.00764449299 0 0 0
volume_proxy 224 1.23984554 -0.629790726 -0.00526706589 0 0 0
volume_proxy 226 -0.768499421 -0.89788776 0.00511547228 0 0 0
volume_proxy 228 -0.244255133 0.6278949 0.00724123404 0 0 0
volume_proxy 236 0.195859937 0.183033225 0.00355000856 0 0 0
volume_proxy 237 0.354789557 0.736333396 -0.00852262648 0 0 0
volume_proxy 244 0.888620707 0.154063744 0.00648616363 0 0 0
volume_proxy 247 1.30250587 -0.298019741 0.0101471631 0 0 0
volume_proxy 251 0.581720755 0.0218954533 0.000314207256 0 0 0
volume_proxy 256 -0.161793741 -0.752312245 -7.55239588e-05 0 0 0
volume_proxy 257 -0.364340478 0.838290843 0.00588576266 0 0 0
volume_proxy 258 0.523398509 -0.0825423228 0.00826745173 0 0 0
volume_proxy 259 0.797177353 0.604485874 0.00484360647 0 0 0
volume_proxy 269 1.08461594 -0.0199584891 -0.00805575913 0 0 0
volume_proxy 271 -1.4819527 0.942811454 -0.00918013383 0 0 0
volume_proxy 273 1.22666274 0.282014241 -0.00255298598 0 0 0
volume_proxy 276 0.802698037 -0.252733834 0.00878345142 0 0 0
volume_proxy 277 -0.531318757 -0.871403884 -0.0102695079 0 0 0
volume_proxy 279 -0.0398956287 -0.221234135 -0.0023803 0 0 0
volume_proxy 294 -0.0735395807 0.649675106 -0.00933759521 0 0 0
volume_proxy 296 0.198132747 -0.582103921 0.00595482092 0 0 0
volume_proxy 298 1.12365664 -0.881714423 0.000519203576 0 0 0
volume_proxy 305 0.304169225 0.0337039946 0.00376549299 0 0 0
volume_proxy 310 0.716918973 0.653266762 0.00115625412 0 0 0
volume_proxy 311 0.895577653 -0.884672089 -0.00849626735 0 0 0
volume_proxy 314 -0.365528015 0.440266171 -0.00537706479 0 0 0
volume_proxy 329 -0.648198813 0.60525016 0.00744602925 0 0 0
volume_proxy 337 -1.48702297 0.694843011 0.000192601399 0 0 0
volume_proxy 344 0.613331073 0.584881431 0.00638683955 0 0 0
volume_proxy 345 -0.861393289 0.250450435 -0.0105123329 0 0 0
volume_proxy 347 -0.0626144361 -0.735163855 0.0107097225 0 0 0
volume_proxy 349 0.580831713 -0.141673134 0.00939936014 0 0 0
volume_proxy 356 0.0439960337 0.905082165 0.0060131299 0 0 0
volume_proxy 358 1.28412145 0.906039811 -0.0104837687 0 0 0
volume_proxy 370 1.13621362 0.668042605 0.00927773541 0 0 0
volume_proxy 375 0.649993671 -0.156711052 0.00298825349 0 0 0
volume_proxy 377 0.421739765 0.432263758 -0.003567144 0 0 0
volume_proxy 388 -1.06184254 -0.0182337526 0.00649159192 0 0 0
volume_proxy 393 1.41711488 -0.382623283 -0.00576949122 0 0 0
volume_proxy 397 0.517750673 -0.151818126 -0.0012583292 0 0 0
volume_proxy 399 0.672062723 -0.668225545 -0.00171617685 0 0 0
volume_proxy 409 -0.159188035 -0.46283662 0.00700098737 0 0 0
volume_proxy 412 1.17749556 -0.781395728 -0.0107999103 0 0 0
volume_proxy 418 -0.862892806 -0.121465653 0.00292045172 0 0 0
volume_proxy 431 -1.06814742 -0.701069159 -0.00020035447 0 0 0
volume_proxy 497 -1.06566186 -0.5055448 0.00614953094 0 0 0
volume_proxy 502 0.954345993 -0.988246502 0.0027292818 0 0 0
volume_proxy 512 0.259439274 -0.958756164 0.00256469993 0 0 0
volume_proxy 513 0.639432431 -0.0249144297 -0.00418898566 0 0 0
volume_proxy 518 1.31371225 -0.614485482 0.00961394766 0 0 0
volume_proxy 591 -0.515719982 0.859703564 0.00112239432 0 0 0
volume_proxy 615 1.24921479 0.335956355 -0.0023334505 0 0 0
volume_proxy 616 0.853271085 0.588361313 -0.00834379401 0 0 0
volume_proxy 637 -1.15216242 -0.742776438 -0.00126584954 0 0 0
volume_proxy 669 0.903992903 -0.453042244 0.0057374389 0 0 0
volume_proxy 682 0.109376851 0.0601946816 0.00201869603 0 0 0
volume_proxy 725 -1.36283193 -0.828913017 -0.00603930167 0 0 0
volume_proxy 751 0.140582717 -0.611734932 -0.00357705402 0 0 0
volume_proxy 797 -0.84104685 -0.518774748 0.00283743813 0 0 0
volume_proxy 802 1.01536874 -0.277615042 0.00115932392 0 0 0
volume_proxy 814 1.00476779 -0.398167383 -0.00788460301 0 0 0
volume_proxy 835 -0.302006693 -0.721868108 0.00243290975 0 0 0
volume_proxy 848 -1.11757967 -0.333940649 0.00236911109 0 0 0
volume_proxy 856 1.04654785 0.159817853 0.00357133404 0 0 0
volume_proxy 876 -0.328922414 -0.346200269 -0.0102896446 0 0 0
volume_proxy 883 0.361197692 0.634503116 -0.00713657242 0 0 0
volume_proxy 902 0.195455583 0.15989449 0.00252971698 0 0 0
volume_proxy 903 0.371209396 0.390414714 -0.00921737122 0 0 0
volume_proxy 904 -0.841050763 0.558765126 0.000660301386 0 0 0
volume_proxy 914 0.50585878 -0.974177615 0.0105109041 0 0 0
volume_proxy 915 -0.904033422 0.161349593 -0.00586645514 0 0 0
volume_proxy 926 -0.633765873 0.339854208 -0.00866239144 0 0 0
volume_proxy 929 -0.722157285 -0.567490028 0.00204187871 0 0 0
volume_proxy 944 0.864660854 -0.772443754 0.000580665893 0 0 0
volume_proxy 974 -0.28398803 -0.577117062 -0.00571604334 0 0 0
volume_proxy 979 0.0187532236 0.457938814 -0.000390523692 0 0 0
volume_proxy 991 -0.681868877 -0.534263701 -0.0058458953 0 0 0
volume_proxy 992 0.285686663 0.340334156 0.00278175732 0 0 0
volume_proxy 997 1.35814281 -0.00528537658 0.00383832087 0 0 0
volume_proxy 1001 0.0526004985 0.82205313 0.00429627422 0 0 0
volume_proxy 1020 -0.93961531 0.426756287 0.00477635199 0 0 0
volume_proxy 1021 -0.781343236 -0.984428438 -0.00641829848 0 0 0
volume_proxy 1031 1.24056454 -0.480959542 -0.00863261188 0 0 0
volume_proxy 1035 0.894213544 -0.856373088 -0.00521298201 0 0 0
volume_proxy 1036 0.478301755 0.531756195 0.00226629084 0 0 0
volume_proxy 1040 -1.08871938 -0.632688036 0.00684031828 0 0 0
volume_proxy 1042 0.935714162 0.955421625 0.000669379355 0 0 0
volume_proxy 1050 -0.8898119 -0.289490742 0.00301211066 0 0 0
volume_proxy 1052 -0.6041744 0.110819294 -0.00509590322 0 0 0
volume_proxy 1062 0.30648344 0.318847058 0.00311171987 0 0 0
volume_proxy 1066 0.791446492 0.461442977 -0.0100538892 0 0 0
volume_proxy 1069 -1.02039365 -0.336779106 0.0105776965 0 0 0
volume_proxy 1086 0.359131316 -0.322492622 0.0072535921 0 0 0
volume_proxy 1093 -0.172352097 -0.502899143 -0.00579630896 0 0 0
volume_proxy 1098 0.192737674 0.951995733 0.00154454886 0 0 0
volume_proxy 1102 1.13047071 0.217873913 -0.00923562163 0 0 0
volume_proxy 1106 0.738879697 -0.80725122 -0.00013752178 0 0 0
volume_proxy 1110 0.777555364 -0.548721426 -0.00412268735 0 0 0
volume_proxy 1113 1.30792668 0.62249783 0.00321873447 0 0 0
volume_proxy 1117 0.824293884 0.218681481 -0.00687912347 0 0 0
volume_proxy 1118 0.0661909827 -0.556739038 0.00526892019 0 0 0
volume_proxy 1120 0.07893548 0.438463212 -0.00351959758 0 0 0
volume_proxy 1133 1.22922933 -0.94819751 -0.0010079019 0 0 0
volume_proxy 1134 0.280926743 0.450513622 -0.00972342809 0 0 0
volume_proxy 1137 -0.724242341 -0.0246319137 0.000587860062 0 0 0
volume_proxy 1138 1.28926194 -0.536211893 -0.00793215195 0 0 0
volume_proxy 1143 -0.575162765 0.398548074 -0.00559645859 0 0 0
volume_proxy 1145 -0.802065763 -0.658484474 0.00494382819 0 0 0
volume_proxy 1147 -0.0176065951 0.172436155 0.00125334848 0 0 0
volume_proxy 1151 0.525839346 -0.846575289 0.00988544394 0 0 0
volume_proxy 1157 0.0305486041 0.416661155 -0.010355673 0 0 0
volume_proxy 1161 0.845489543 -0.813397785 -0.00363631391 0 0 0
volume_proxy 1165 -0.330147901 -0.851968976 0.00768630319 0 0 0
volume_proxy 1166 -1.38484452 0.345925476 -0.00152275211 0 0 0
volume_proxy 1168 0.0119008959 -0.916005228 0.00871911463 0 0 0
volume_proxy 1169 1.42201404 -0.455818222 0.00759653967 0 0 0
volume_proxy 1170 -1.21009056 -0.2058093 -0.00348977922 0 0 0
volume_proxy 1171 -0.621436873 0.230985652 -0.00818793801 0 0 0
volume_proxy 1172 -0.310498329 0.30641071 0.0034892582 0 0 0
volume_proxy 1174 0.169764417 0.381468689 -0.0036839822 0 0 0
volume_proxy 1179 0.765096106 0.175657491 0.00994573018 0 0 0
volume_proxy 1180 -0.907205663 0.375503767 0.00777929035 0 0 0
volume_proxy 1182 0.189612448 0.848227896 0.00520585103 0 0 0
volume_proxy 1186 -0.395619601 -0.269199177 0.00632412189 0 0 0
volume_proxy 1191 1.15548161 0.864082472 0.00406352756 0 0 0
volume_proxy 1193 -1.04219957 0.104739452 7.72613372e-05 0 0 0
volume_proxy 1195 -1.49349122 -0.5191413 0.00974689051 0 0 0
volume_proxy 1197 -1.03154964 -0.905405254 -0.00261565818 0 0 0
volume_proxy 1198 0.120641534 0.497713314 0.000182952459 0 0 0
volume_proxy 1199 -0.00737790089 -0.205712856 -0.00428279628 0 0 0
volume_proxy 1206 1.17450852 0.396821612 -0.00917935162 0 0 0
volume_proxy 1208 -0.280382973 -0.16427204 0.00996773271 0 0 0
volume_proxy 1209 -1.34590231 0.236318135 0.00404947726 0 0 0
volume_proxy 1210 -1.36581993 0.933571281 0.00225857518 0 0 0
volume_proxy 1214 -0.464558528 0.0327223403 -0.00805257288 0 0 0
volume_proxy 1217 -0.386021266 0.640759267 -0.00507352039 0 0 0
volume_proxy 1219 -0.824492273 0.176729495 -0.00706445392 0 0 0
volume_proxy 1220 0.541436278 0.104894545 -0.00541089088 0 0 0
volume_proxy 1223 1.17546419 0.508593083 0.00893730797 0 0 0
volume_proxy 1225 -0.240141447 -0.0848399274 -0.00415578401 0 0 0
volume_proxy 1229 1.41608002 0.938443797 -0.00464215045 0 0 0
volume_proxy 1230 1.15120104 -0.78464273 0.00628584009 0 0 0
volume_proxy 1231 -0.911178479 -0.0832156553 0.00973244297 0 0 0
volume_proxy 1237 0.611658544 0.816674505 0.00742821973 0 0 0
volume_proxy 1238 0.655535235 0.822105759 -0.00884697485 0 0 0
volume_proxy 1240 1.21127868 0.602320131 -0.0036108975 0 0 0
volume_proxy 1243 -0.873725118 -0.790701349 -0.00745232396 0 0 0
volume_proxy 1245 -1.42617004 0.590892782 0.00540531474 0 0 0
volume_proxy 1247 -1.25410005 0.595285148 0.00604937287 0 0 0
volume_proxy 1248 1.03253488 0.189073151 -0.00141111322 0 0 0
volume_proxy 1252 0.629415245 -0.718972997 -0.0104183011 0 0 0
volume_proxy 1254 0.643807639 -0.850724208 0.00609161284 0 0 0
volume_proxy 1255 1.01922007 -0.53201907 0.010788606 0 0 0
volume_proxy 1256 -0.779806825 -0.65724851 -0.00111290181 0 0 0
volume_proxy 1257 0.281418554 -0.52790925 -0.00804252717 0 0 0
volume_proxy 1258 1.02357815 0.631426895 0.00381573951 0 0 0
volume_proxy 1259 -1.00008928 0.910675575 0.00733328235 0 0 0
volume_proxy 1260 0.636765961 0.642304351 0.00533513911 0 0 0
volume_proxy 1261 -0.576940482 0.947828177 0.0103284312 0 0 0
volume_proxy 1262 0.70161496 0.265426412 -0.00171375294 0 0 0
volume_proxy 1263 0.698752035 -0.0185059043 0.00659309632 0 0 0
volume_proxy 1264 0.125276075 -0.291190114 -0.00517221959 0 0 0
volume_proxy 1267 -1.01961021 -0.39025638 -0.0103649318 0 0 0
volume_proxy 1269 0.187558831 -0.200349366 0.00267392987 0 0 0
volume_proxy 1270 0.362046188 -0.497380621 0.00645751929 0 0 0
volume_proxy 1271 -1.19116272 -0.230617677 0.00473761401 0 0 0
volume_proxy 1272 0.423288974 0.112738755 -0.0100794725 0 0 0
volume_proxy 1273 -0.625173605 0.971135146 0.00455253043 0 0 0
volume_proxy 1275 -1.21759855 0.746882132 -0.00924104994 0 0 0
volume_proxy 1276 0.902577717 0.237308669 -0.00530208179 0 0 0
volume_proxy 1277 1.40257564 0.732242206 0.00982656813 0 0 0
volume_proxy 1278 1.20881868 -0.0481014472 -0.00184229925 0 0 0
volume_proxy 1279 -0.840998506 0.625502368 0.00141424855 0 0 0
volume_proxy 1280 -1.34683117 0.515789325 0.00433025833 0 0 0
volume_proxy 1281 -0.282953708 -0.906618393 0.00759213004 0 0 0
volume_proxy 1284 -0.440515604 -0.904930354 0.00765719088 0 0 0
volume_proxy 1285 -0.785424518 0.906592701 0.00229461121 0 0 0
volume_proxy 1289 0.82845319 -0.587819863 0.00154959017 0 0 0
volume_proxy 1290 -1.40793437 -0.835399719 -0.00139192978 0 0 0
volume_proxy 1291 -0.273307222 0.872586266 0.00742678755 0 0 0
volume_proxy 1292 -0.279768466 0.23925088 -0.00151020272 0 0 0
volume_proxy 1293 -0.464284715 -0.85269224 0.00718184526 0 0 0
volume_proxy 1294 1.41080148 0.838936379 0.00289722083 0 0 0
volume_proxy 1295 -1.34694958 0.466300774 -0.00938833566 0 0 0
volume_proxy 1296 -0.21481439 -0.358361711 0.000915314583 0 0 0
volume_proxy 1297 -0.522018438 -0.620236287 0.00734673705 0 0 0
volume_proxy 1298 -0.310266525 -0.69957494 -0.000110875084 0 0 0
volume_proxy 1299 -0.556058864 0.00403855132 0.00302582372 0 0 0
volume_proxy 1300 -1.32433012 0.909097902 0.0051499598 0 0 0
volume_proxy 1301 -1.10756469 0.934305672 0.00660489226 0 0 0
volume_proxy 1303 -0.7049412 0.778521748 -0.00747184868 0 0 0
volume_proxy 1304 0.939610335 0.995993775 -0.00836484827 0 0 0
volume_proxy 1305 0.930601406 0.938902388 0.010470384 0 0 0
volume_proxy 1306 -0.264506903 -0.172928756 0.00826274077 0 0 0
volume_proxy 1307 -0.788246862 0.00247434614 -0.00462577064 0 0 0
volume_proxy 1308 -0.565865998 -0.0429033283 0.00445759836 0 0 0
volume_proxy 1309 0.186593421 -0.522074304 0.00378297679 0 0 0
volume_proxy 1310 -0.25604671 0.973289983 0.00181298852 0 0 0
volume_proxy 1311 -0.344528066 0.925641289 -0.00349985645 0 0 0
volume_proxy 1312 1.09827074 -0.192577042 0.00151390831 0 0 0
volume_proxy 1313 0.185702586 0.354781702 0.00674922933 0 0 0
volume_proxy 1314 0.204699304 0.374495274 -0.00203537619 0 0 0
