volume_proxy 0 -0.359924228 -0.830008661 -0.00126746597 0 0 0
volume_proxy 6 0.186398019 0.297185313 0.00803973049 0 0 0
volume_proxy 11 1.32149557 0.917654955 0.00783526518 0 0 0
volume_proxy 12 1.20783132 -0.502792566 0.00989718191 0 0 0
volume_proxy 14 -0.991515762 0.0105199456 0.00249020419 0 0 0
volume_proxy 23 0.621820895 -0.388391976 -0.00967277592 0 0 0
volume_proxy 38 -1.21591704 -0.914166394 0.0056015519 0 0 0
volume_proxy 40 -0.998014473 0.112738938 -0.00863484165 0 0 0
volume_proxy 50 -0.7216984 -0.161677549 0.00962480767 0 0 0
volume_proxy 53 -1.32173609 0.82055943 -0.000888934269 0 0 0
volume_proxy 58 1.48760422 -0.789076943 -0.00396388455 0 0 0
volume_proxy 60 -0.347996087 0.87760478 -0.00403969083 0 0 0
volume_proxy 85 -1.1870758 0.616019065 -0.00347486156 0 0 0
volume_proxy 97 0.680193297 0.872688052 -0.00121117236 0 0 0
volume_proxy 107 0.343330394 0.247646003 0.00653270553 0 0 0
volume_proxy 127 -1.4512016 -0.77378915 0.00347832856 0 0 0
volume_proxy 130 1.02291657 -0.709547244 0.00258603627 0 0 0
volume_proxy 140 -0.307061989 -0.0183811191 -0.00131783467 0 0 0
volume_proxy 157 0.422757651 -0.995294271 0.00677221687 0 0 0
volume_proxy 159 1.20726194 0.42812753 0.0047805115 0 0 0
volume_proxy 161 -0.300369256 0.0517669045 -0.002466093 0 0 0
volume_proxy 176 1.28127531 0.242859469 -0.0089342823 0 0 0
volume_proxy 186 -0.733453803 -0.173561937 -0.00898515594 0 0 0
volume_proxy 189 -0.258083209 -0.281844223 0.000767015485 0 0 0
volume_proxy 195 -1.22760956 -0.681923601 0.00955813449 0 0 0
volume_proxy 196 0.445558119 0.752463346 0.00423328875 0 0 0
volume_proxy 200 -0.575667474 0.260030871 0.00934190819 0 0 0
volume_proxy 202 -0.199759662 0.86405369 0.00452350183 0 0 0
volume_proxy 209 -1.13265655 -0.195526909 -0.0068358577 0 0 0
volume_proxy 210 -0.178267289 0.400487991 0.000502956062 0 0 0
volume_proxy 226 0.555144108 -0.874004558 -0.00206992189 0 0 0
volume_proxy 236 1.1717453 -0.961677881 0.0056248851 0 0 0
volume_proxy 247 0.568706699 -0.103560869 0.00521046819 0 0 0
volume_proxy 256 -0.642205461 0.901779001 -0.00576859461 0 0 0
volume_proxy 259 0.538043431 -0.0833604897 -0.00885431301 0 0 0
volume_proxy 269 -0.804437095 -0.0965649778 0.0102213539 0 0 0
volume_proxy 277 -0.704837411 -0.922286525 0.00997279817 0 0 0
volume_proxy 296 -1.28575808 0.85488748 0.0105535573 0 0 0
volume_proxy 305 0.598765561 -0.306207659 0.000105796224 0 0 0
volume_proxy 310 0.668316482 0.477284042 -0.00181983626 0 0 0
volume_proxy 344 -1.36704406 -0.128588214 0.00434481698 0 0 0
volume_proxy 347 -0.166181091 0.750647047 -0.0061603328 0 0 0
volume_proxy 356 -0.214476626 -0.0193076691 0.00266529308 0 0 0
volume_proxy 375 0.699798668 -0.417927952 0.00850160437 0 0 0
volume_proxy 388 1.2792973 -0.705489558 -0.00724844044 0 0 0
volume_proxy 802 0.491563143 0.45192856 -0.00808210279 0 0 0
volume_proxy 1052 -1.29286935 -0.340314692 -0.00979549941 0 0 0
volume_proxy 1066 0.0631565012 0.706503602 0.0106155785 0 0 0
volume_proxy 1120 -0.335711246 0.637128874 0.00585593985 0 0 0
volume_proxy 1166 -1.19007405 -0.573960995 0.00371250166 0 0 0
volume_proxy 1193 -1.01169993 -0.134555811 -0.0101045811 0 0 0
volume_proxy 1225 -0.905898898 -0.478921285 0.010415703 0 0 0
volume_proxy 1245 -1.37108403 0.302347427 -0.00681678189 0 0 0
volume_proxy 1280 -0.750599684 0.871256203 -0.0100845197 0 0 0
volume_proxy 1285 -1.37312334 0.308180801 -0.0097452353 0 0 0
volume_proxy 1295 0.710109892 -0.0666148836 0.0087883094 0 0 0
volume_proxy 1296 0.054478518 -0.936886889 0.00147590906 0 0 0
volume_proxy 1340 0.818990183 0.0554560249 -0.00978640376 0 0 0
volume_proxy 1380 -0.987349048 -0.0444742178 0.0101616895 0 0 0
volume_proxy 1386 1.30591388 0.524964182 0.00977368391 0 0 0
volume_proxy 1397 0.531307407 0.861923187 0.005270887 0 0 0
volume_proxy 1409 -0.220195007 0.637420911 0.00878075829 0 0 0
volume_proxy 1413 1.09313018 0.821988361 -0.00905850147 0 0 0
volume_proxy 1422 0.729967889 -0.777631137 0.00940691986 0 0 0
volume_proxy 1433 1.19471599 0.383060268 0.0103006831 0 0 0
volume_proxy 1437 0.0431541069 -0.52285586 -0.00359189871 0 0 0
volume_proxy 1459 -1.07724013 -0.198275402 1.36224151e-05 0 0 0
volume_proxy 1460 -0.0545811141 0.994643634 -0.00536912473 0 0 0
volume_proxy 1461 -1.45641443 0.789754722 -0.0100364059 0 0 0
volume_proxy 1466 -0.349642124 0.507032983 0.00545862029 0 0 0
volume_proxy 1472 -1.2709857 0.801123699 0.00568707396 0 0 0
volume_proxy 1474 1.24332532 -0.0289814934 -0.00807517829 0 0 0
volume_proxy 1481 0.434309597 0.568857365 -0.0100162979 0 0 0
volume_proxy 1482 1.03198882 0.824801305 0.00905918064 0 0 0
volume_proxy 1485 0.583466878 -0.297828015 0.00966022207 0 0 0
volume_proxy 1489 0.392451519 -0.56837034 0.00501165234 0 0 0
volume_proxy 1490 0.657950562 0.93775529 0.00111048828 0 0 0
volume_proxy 1496 -1.26192148 0.98942012 -0.000234528653 0 0 0
volume_proxy 1498 -0.125262847 0.279929143 -0.0082466543 0 0 0
volume_proxy 1503 -1.13655216 -0.815013178 0.0071797777 0 0 0
volume_proxy 1506 0.222973967 0.572919335 -0.000554781906 0 0 0
volume_proxy 1507 -1.35135721 -0.00417447464 0.0106890032 0 0 0
volume_proxy 1508 -0.393213735 -0.12739844 -2.84520696e-05 0 0 0
volume_proxy 1509 -1.4600698 -0.234732154 -0.00864241673 0 0 0
volume_proxy 1510 -0.1727894 -0.971904034 -0.00216791093 0 0 0
volume_proxy 1511 1.20892266 0.565881508 0.00268781463 0 0 0
volume_proxy 1513 -1.49661363 0.811623048 0.00926286743 0 0 0
volume_proxy 1515 0.782052619 -0.891722654 0.00234512255 0 0 0
volume_proxy 1516 -0.271413407 -0.88082555 0.00619933554 0 0 0
volume_proxy 1517 -1.20189441 -0.336995416 0.00263719187 0 0 0
volume_proxy 1519 0.0513280536 -0.422948246 0.00345735035 0 0 0
volume_proxy 1520 0.382940836 -0.41463686 0.00550062839 0 0 0
volume_proxy 1521 -1.31448783 -0.54492539 -0.00530927352 0 0 0
volume_proxy 1523 0.311170893 -0.472835966 0.00521684584 0 0 0
volume_proxy 1525 -0.856617629 0.869694721 -0.0103395828 0 0 0
volume_proxy 1526 0.992362937 -0.793814631 0.00265714089 0 0 0
volume_proxy 1528 0.706434085 -0.628935989 0.00407537559 0 0 0
volume_proxy 1529 -1.06513007 0.345134792 0.00121431714 0 0 0
volume_proxy 1531 0.292795815 0.439816251 0.00294141732 0 0 0
volume_proxy 1533 1.15227549 0.0583786203 0.00532726139 0 0 0
volume_proxy 1534 0.35103095 0.520007871 -0.00245172233 0 0 0
volume_proxy 1535 0.807956685 0.655647413 0.00952646111 0 0 0
volume_proxy 1536 -0.445009899 -0.659468711 0.00485889741 0 0 0
volume_proxy 1537 -0.357784092 -0.832040035 0.00792547503 0 0 0
volume_proxy 1538 1.30604813 -0.173538416 -0.00191912645 0 0 0
