volume_proxy 0 -0.311731945 -0.574443476 -0.00260821772 0 0 0
volume_proxy 6 -0.365727842 0.52463681 0.0041152888 0 0 0
volume_proxy 11 1.12939459 -0.0815241127 0.00940935741 0 0 0
volume_proxy 12 1.20896656 -0.720785513 -0.00807955222 0 0 0
volume_proxy 14 -1.18154581 0.609261059 0.0069104811 0 0 0
volume_proxy 23 1.26987251 -0.646342903 -0.00950018831 0 0 0
volume_proxy 38 -0.926806612 -0.894945951 0.00543412547 0 0 0
volume_proxy 40 -0.818693528 -0.358132812 0.00231844748 0 0 0
volume_proxy 50 -1.24782411 -0.349221886 0.00845895008 0 0 0
volume_proxy 53 -1.16055418 0.766648495 -0.00930536203 0 0 0
volume_proxy 58 0.984571537 -0.164394159 -0.00674054874 0 0 0
volume_proxy 60 -0.314892264 0.613839474 0.00518184869 0 0 0
volume_proxy 85 -0.842766962 0.799198565 -0.00108432561 0 0 0
volume_proxy 97 0.78630864 0.121812547 -0.0105929045 0 0 0
volume_proxy 107 0.26589438 -0.115768099 0.00575991916 0 0 0
volume_proxy 127 -1.28268493 -0.540915906 0.00934750735 0 0 0
volume_proxy 130 -0.293018048 -0.845829266 -0.00459981877 0 0 0
volume_proxy 140 0.41591244 -0.430596945 0.00660700304 0 0 0
volume_proxy 157 0.729236127 -0.363826437 0.0051407951 0 0 0
volume_proxy 159 0.180846426 0.530167612 -0.00373857856 0 0 0
volume_proxy 161 -0.025847785 -0.738600539 0.00398997824 0 0 0
volume_proxy 176 0.643773096 0.300691777 -0.00922067143 0 0 0
volume_proxy 186 -0.928183855 0.0299977143 0.00179260679 0 0 0
volume_proxy 189 -0.725838391 -0.698545899 0.0054226815 0 0 0
volume_proxy 195 -1.14131062 -0.887290896 0.00277108616 0 0 0
volume_proxy 196 -0.469004041 0.205966247 -0.00165391391 0 0 0
volume_proxy 200 -1.46027821 0.895534045 0.00982044103 0 0 0
volume_proxy 202 -0.384363644 0.237777307 -0.00579366609 0 0 0
volume_proxy 209 -1.14673455 -0.200922604 0.000122111467 0 0 0
volume_proxy 210 0.553495451 0.997155028 -0.00517065784 0 0 0
volume_proxy 226 1.10497298 0.256490014 -0.0052555906 0 0 0
volume_proxy 236 0.614559621 -0.212853628 -0.00976380048 0 0 0
volume_proxy 247 0.274750313 -0.950670256 0.010076417 0 0 0
volume_proxy 256 0.049695108 -0.454336222 0.00977349368 0 0 0
volume_proxy 259 0.205753 -0.368860205 0.00428465171 0 0 0
volume_proxy 269 -0.972653003 0.805573475 -0.00603985286 0 0 0
volume_proxy 277 -0.776999935 -0.418016846 -0.00190226157 0 0 0
volume_proxy 296 -1.11422961 0.42773864 0.000426772854 0 0 0
volume_proxy 305 0.720767282 -0.698504494 -0.00473266698 0 0 0
volume_proxy 310 1.02071704 0.761194604 -0.00902270391 0 0 0
volume_proxy 344 -1.13092722 -0.65039198 -0.00477579866 0 0 0
volume_proxy 347 -0.708663511 0.673657443 0.0033483869 0 0 0
volume_proxy 356 -0.182198682 -0.0430964334 -0.00200385518 0 0 0
volume_proxy 375 0.828959999 -0.0759692783 -0.0105202095 0 0 0
volume_proxy 388 1.15915117 -0.371398824 0.000921539788 0 0 0
volume_proxy 1052 -0.555973259 -0.158300737 0.00795149381 0 0 0
volume_proxy 1066 -0.324249591 0.313490493 -0.00489988896 0 0 0
volume_proxy 1120 -0.840564234 0.75067407 -0.00236230915 0 0 0
volume_proxy 1166 -0.785797389 -0.877198173 0.00681520504 0 0 0
volume_proxy 1193 -1.29200455 -0.224282021 -0.00338394772 0 0 0
volume_proxy 1225 -1.27989647 -0.950469561 -0.00888220045 0 0 0
volume_proxy 1245 -1.4594395 0.814204245 0.00192613982 0 0 0
volume_proxy 1280 -1.3836054 0.908602098 -0.01027684 0 0 0
volume_proxy 1285 -0.411116886 0.928279096 -0.0040342921 0 0 0
volume_proxy 1295 0.429032392 0.0493244721 0.00083575511 0 0 0
volume_proxy 1296 -0.388284285 -0.689293087 -0.000125793745 0 0 0
volume_proxy 1340 1.41245489 0.0070501288 0.00163379482 0 0 0
volume_proxy 1380 -1.23494511 -0.482891922 -0.00320982498 0 0 0
volume_proxy 1386 1.21705726 0.881500407 -0.00634444047 0 0 0
volume_proxy 1397 0.652434897 0.789978261 -0.0011721265 0 0 0
volume_proxy 1409 0.619071371 0.468638619 -0.00319195357 0 0 0
volume_proxy 1413 1.08258909 0.137360129 0.00254838185 0 0 0
volume_proxy 1422 0.519003294 -0.756128782 -0.000348040161 0 0 0
volume_proxy 1433 1.18706888 0.85522204 -0.00792642844 0 0 0
volume_proxy 1437 0.128577777 -0.985076677 -0.0101487096 0 0 0
volume_proxy 1459 -0.729219099 -0.221437877 0.0073891873 0 0 0
volume_proxy 1460 -0.636528519 0.256269825 -0.00483432023 0 0 0
volume_proxy 1461 -1.23862636 0.580183533 -0.00810457782 0 0 0
volume_proxy 1472 -1.40167384 0.00966078251 -0.0069994153 0 0 0
volume_proxy 1474 1.19267008 0.346825414 0.00684386263 0 0 0
volume_proxy 1481 0.277697728 0.166181556 0.00916720891 0 0 0
volume_proxy 1482 1.29814599 0.959333228 0.000863586791 0 0 0
volume_proxy 1485 0.85795889 -0.55348351 0.00369302224 0 0 0
volume_proxy 1489 0.35391196 -0.686707552 5.40415024e-05 0 0 0
volume_proxy 1490 0.947519168 0.569808482 0.00425059496 0 0 0
volume_proxy 1496 -1.46753893 0.538299146 0.00685320595 0 0 0
volume_proxy 1498 -0.118726059 -0.315823498 0.000264481545 0 0 0
volume_proxy 1503 -1.22937923 -0.357106752 -0.00153275151 0 0 0
volume_proxy 1506 0.405874269 0.649593982 0.00792731724 0 0 0
volume_proxy 1507 -0.467676529 -0.636110377 0.00938092601 0 0 0
volume_proxy 1508 -0.636360699 -0.0935449161 -0.00125331611 0 0 0
volume_proxy 1509 -0.953632146 -0.029236418 -0.00110921083 0 0 0
volume_proxy 1510 -0.393495316 -0.792046783 0.00154491653 0 0 0
volume_proxy 1513 -1.26932428 0.540229767 -0.00293772215 0 0 0
volume_proxy 1515 0.617819102 -0.747157273 -0.00377223429 0 0 0
volume_proxy 1516 -0.143565164 -0.744134851 -0.00766327922 0 0 0
volume_proxy 1517 -1.33798705 -0.281899212 -0.00344334328 0 0 0
volume_proxy 1519 0.180776005 -0.100871943 0.00388937377 0 0 0
volume_proxy 1520 0.0814712052 -0.475010169 -0.00166896478 0 0 0
volume_proxy 1521 -1.49050923 -0.834042279 0.0038744693 0 0 0
volume_proxy 1523 0.240585619 -0.142822715 -0.00430973444 0 0 0
volume_proxy 1525 -0.931811271 0.830938958 -0.00739947648 0 0 0
volume_proxy 1526 1.38060004 -0.266646608 0.00636879464 0 0 0
volume_proxy 1528 1.1138725 -0.852679508 -0.00865444534 0 0 0
volume_proxy 1529 -0.932408619 -0.318368871 -0.00812704528 0 0 0
volume_proxy 1531 0.442849989 0.935899743 -0.000240164752 0 0 0
volume_proxy 1533 1.21635233 0.78181136 -0.0065117515 0 0 0
volume_proxy 1534 -0.633926935 0.127663567 0.00763476579 0 0 0
volume_proxy 1536 -0.935918648 -0.748958685 0.00565338441 0 0 0
volume_proxy 1537 -0.454434507 -0.475789495 -0.00357751777 0 0 0
volume_proxy 1538 1.14588575 -0.244510716 0.00840360963 0 0 0
volume_proxy 1539 0.552462144 0.800704997 0.00892392847 0 0 0
volume_proxy 1540 1.07816948 0.22272368 0.00939424034 0 0 0
