volume_proxy 0 1.34423025 0.180155123 -0.0105228413 0 0 0
volume_proxy 4 1.4978078 0.973499773 -0.00336783126 0 0 0
volume_proxy 5 0.213388739 0.765893985 -0.00637768981 0 0 0
volume_proxy 6 1.33164857 0.209191557 -0.00937742359 0 0 0
volume_proxy 11 0.498343485 0.998029042 0.0100519526 0 0 0
volume_proxy 12 0.722901063 -0.30637651 -0.00618706678 0 0 0
volume_proxy 14 0.563627744 0.546768282 0.00159036986 0 0 0
volume_proxy 23 -0.713031553 -0.261177105 0.00146747838 0 0 0
volume_proxy 38 0.431525785 -0.39662221 -0.00443695975 0 0 0
volume_proxy 40 -0.123475777 -0.407374096 -0.000603914213 0 0 0
volume_proxy 50 -0.113944025 -0.981105646 0.000451984671 0 0 0
volume_proxy 52 -1.3448447 -0.604016923 0.00728784859 0 0 0
volume_proxy 53 -0.236336303 -0.531821343 -0.00383119042 0 0 0
volume_proxy 58 1.37327017 -0.421141373 0.00705475494 0 0 0
volume_proxy 60 -0.728928866 0.489113892 0.000876969512 0 0 0
volume_proxy 61 -0.698627796 -0.887651544 0.00252097451 0 0 0
volume_proxy 72 0.623586369 0.196095592 0.00408962499 0 0 0
volume_proxy 81 -1.18064696 0.188662653 -0.000221215648 0 0 0
volume_proxy 85 -0.573963583 0.402802619 0.00316813588 0 0 0
volume_proxy 88 -0.761588966 0.55871983 -0.0074628279 0 0 0
volume_proxy 97 0.813210855 -0.612338728 0.00630066175 0 0 0
volume_proxy 101 -1.44532102 0.831874061 0.00231783785 0 0 0
volume_proxy 105 -0.168787769 -0.541933157 0.00134927982 0 0 0
volume_proxy 106 -0.88582644 -0.766266372 -0.00247809383 0 0 0
volume_proxy 107 0.666855819 0.708484857 -0.00704478011 0 0 0
volume_proxy 108 1.47905988 0.277649216 0.00710837654 0 0 0
volume_proxy 126 -0.346909613 -0.884620718 -0.00385533522 0 0 0
volume_proxy 127 -0.766816017 -0.0228131818 0.00089850186 0 0 0
volume_proxy 130 1.46048428 0.897435883 -0.00621189947 0 0 0
volume_proxy 132 0.807481165 0.565062043 0.00307474232 0 0 0
volume_proxy 135 -0.178502324 -0.874845353 -0.00691192859 0 0 0
volume_proxy 140 -0.71718112 0.936683797 -0.00245806932 0 0 0
volume_proxy 145 -1.17385895 -0.579893993 -0.00206635478 0 0 0
volume_proxy 157 0.3837586 -0.0491155153 0.00244676603 0 0 0
volume_proxy 159 -0.869053413 -0.724731888 -0.00820734862 0 0 0
volume_proxy 161 -0.661873677 0.521794895 -0.00391427381 0 0 0
volume_proxy 169 0.979540906 0.579846609 0.00516531593 0 0 0
volume_proxy 176 0.326964157 -0.46078704 -0.00829202182 0 0 0
volume_proxy 178 -1.32694188 0.50435345 -0.00310254583 0 0 0
volume_proxy 186 -0.0856144632 0.200683739 -0.00612095565 0 0 0
volume_proxy 189 -1.06328002 0.481487991 0.00931313256 0 0 0
volume_proxy 195 -0.617207135 0.163156749 -0.00833033142 0 0 0
volume_proxy 196 0.837316051 0.421877989 0.00202861251 0 0 0
volume_proxy 198 1.24919869 -0.631508371 0.00215347331 0 0 0
volume_proxy 200 -1.22047726 -0.228519602 -4.31291919e-05 0 0 0
volume_proxy 202 -0.616231793 0.944200611 -0.0012821669 0 0 0
volume_proxy 209 -0.958066816 -0.85370605 -3.90780151e-05 0 0 0
volume_proxy 210 0.214738101 0.446839337 0.00740243697 0 0 0
volume_proxy 224 0.853702381 -0.873641194 0.0106792356 0 0 0
volume_proxy 226 -0.717121578 -0.910399006 0.00993573779 0 0 0
volume_proxy 228 -0.183413604 0.700956446 -0.00973524035 0 0 0
volume_proxy 236 0.204030901 0.0615806852 -0.00348161965 0 0 0
volume_proxy 237 0.318523394 0.64811353 -0.0094945719 0 0 0
volume_proxy 244 0.900551021 0.427412614 0.00708545067 0 0 0
volume_proxy 247 1.46449896 -0.298156684 0.00501446519 0 0 0
volume_proxy 251 0.593468381 -0.219491321 0.00110233965 0 0 0
volume_proxy 256 -0.113200394 -0.747824532 -0.00692137441 0 0 0
volume_proxy 258 0.621292519 -0.0896758829 0.0077176184 0 0 0
volume_proxy 259 0.977447981 0.826483487 0.0102244432 0 0 0
volume_proxy 269 0.962282863 -0.325188548 0.00535203874 0 0 0
volume_proxy 271 -1.4262897 0.865590213 -0.00140320456 0 0 0
volume_proxy 276 0.706370186 -0.623087 -0.00674626218 0 0 0
volume_proxy 277 -0.72767768 -0.894762 0.0066396881 0 0 0
volume_proxy 279 0.182406533 0.146665874 -0.00798941148 0 0 0
volume_proxy 294 0.157241133 0.855790711 0.005121301 0 0 0
volume_proxy 296 -0.00710751654 -0.472182369 -0.00530200133 0 0 0
volume_proxy 298 0.867839325 -0.81728791 -0.0050153688 0 0 0
volume_proxy 305 0.140154128 -0.0105613231 0.00190006012 0 0 0
volume_proxy 310 0.965507569 0.580560371 -0.00612136345 0 0 0
volume_proxy 311 1.02201774 -0.604671915 -0.00734611466 0 0 0
volume_proxy 314 -0.573965183 0.397637858 -0.0102500572 0 0 0
volume_proxy 329 -0.858156986 0.848063212 -0.000870585849 0 0 0
volume_proxy 337 -1.25108851 0.2281986 -0.00827555911 0 0 0
volume_proxy 344 0.67078876 0.462197515 -0.00636526519 0 0 0
volume_proxy 345 -0.663707327 0.62850154 0.00103509747 0 0 0
volume_proxy 347 -0.326233954 -0.728243145 -0.00778658946 0 0 0
volume_proxy 349 0.654676184 0.0141155714 -0.00590271191 0 0 0
volume_proxy 356 0.17653307 0.89229553 -0.00177929726 0 0 0
volume_proxy 358 1.25350037 0.824067191 0.00284029991 0 0 0
volume_proxy 370 1.03153862 0.623539593 -0.00216007273 0 0 0
volume_proxy 375 0.855582135 -0.254501903 0.000169829556 0 0 0
volume_proxy 377 0.29393462 0.101458906 -0.00292835359 0 0 0
volume_proxy 388 -1.12814253 0.0649248867 -0.00797579249 0 0 0
volume_proxy 393 1.29970814 -0.0977673011 -0.000135155905 0 0 0
volume_proxy 399 0.549249957 -0.531904239 0.000362299329 0 0 0
volume_proxy 409 -0.0612021773 -0.688328229 0.00969397586 0 0 0
volume_proxy 412 1.13404845 -0.840111652 -0.00716018211 0 0 0
volume_proxy 431 -1.02148972 -0.461069234 0.00623888726 0 0 0
volume_proxy 497 -0.862692638 -0.455925816 -0.00399292291 0 0 0
volume_proxy 512 0.201937478 -0.983605046 -0.00693283033 0 0 0
volume_proxy 518 1.42602861 -0.427586018 0.00589727086 0 0 0
volume_proxy 591 -0.371196546 0.753097826 -0.00497422409 0 0 0
volume_proxy 616 0.828260086 0.703682786 0.0096760731 0 0 0
volume_proxy 637 -1.05876044 -0.704183888 0.00432320165 0 0 0
volume_proxy 669 1.21729833 -0.509740978 -0.00648529522 0 0 0
volume_proxy 682 0.110018035 0.0119757005 -0.00281479197 0 0 0
volume_proxy 725 -1.14070256 -0.49973872 0.00517922223 0 0 0
volume_proxy 751 0.00985050152 -0.478411084 -0.00236851636 0 0 0
volume_proxy 797 -0.984084292 -0.72903687 0.00203840325 0 0 0
volume_proxy 802 1.1570847 -0.052664161 0.00223407584 0 0 0
volume_proxy 814 0.8095112 -0.514413927 0.00235202184 0 0 0
volume_proxy 848 -1.15342442 -0.22712697 0.00557327713 0 0 0
volume_proxy 876 -0.465944229 -0.216338275 -0.00312984874 0 0 0
volume_proxy 883 0.204412964 0.708229836 0.00444357661 0 0 0
volume_proxy 902 0.0554336961 0.163724341 0.00741617428 0 0 0
volume_proxy 904 -0.9564191 0.579886322 0.00217847129 0 0 0
volume_proxy 914 0.550508466 -0.94193284 0.000896066388 0 0 0
volume_proxy 915 -0.86236749 0.0798078328 0.00226385198 0 0 0
volume_proxy 926 -0.740662708 0.146328275 -0.00587608601 0 0 0
volume_proxy 929 -0.872145415 -0.590315451 0.0072065314 0 0 0
volume_proxy 944 0.624340198 -0.637849539 0.00351467292 0 0 0
volume_proxy 974 -0.335430386 -0.309617294 0.00743633834 0 0 0
volume_proxy 979 -0.100593308 0.622618657 -0.00112634776 0 0 0
volume_proxy 991 -0.810243174 -0.478427389 0.00558344841 0 0 0
volume_proxy 992 0.496424363 0.136286765 0.0027797409 0 0 0
volume_proxy 997 1.44451796 0.0852981777 -0.00395638377 0 0 0
volume_proxy 1001 -0.0105108356 0.752104846 -0.0037484604 0 0 0
volume_proxy 1020 -1.00664805 0.347259693 0.000943045323 0 0 0
volume_proxy 1021 -0.917956563 -0.99086561 -0.00843011683 0 0 0
volume_proxy 1031 0.950102134 -0.520334482 0.00600722313 0 0 0
volume_proxy 1036 0.262014207 0.470992377 0.00108228113 0 0 0
volume_proxy 1040 -1.31008464 -0.641918181 -0.00148038476 0 0 0
volume_proxy 1042 0.929363288 0.877624114 0.00784336874 0 0 0
volume_proxy 1050 -0.753588515 -0.384451698 0.0102265159 0 0 0
volume_proxy 1052 -0.479586649 0.181583776 -0.00706584346 0 0 0
volume_proxy 1062 0.474321335 0.258739985 -0.00141709078 0 0 0
volume_proxy 1066 0.695701141 0.520769266 -0.0107350095 0 0 0
volume_proxy 1069 -0.990638701 -0.286483333 0.00635571108 0 0 0
volume_proxy 1086 0.514572773 -0.511315409 -0.00110109257 0 0 0
volume_proxy 1093 -0.30379841 -0.667178014 0.00355612601 0 0 0
volume_proxy 1098 0.349147297 0.918223469 -0.0100403358 0 0 0
volume_proxy 1102 1.02786109 0.523073597 -0.00411119243 0 0 0
volume_proxy 1110 0.866171566 -0.421947752 -0.00117822154 0 0 0
volume_proxy 1113 1.18922026 0.630061797 -0.00590678231 0 0 0
volume_proxy 1117 0.823654047 0.222493844 -0.0010627825 0 0 0
volume_proxy 1118 -0.00434245763 -0.522132347 -0.000455402158 0 0 0
volume_proxy 1120 0.0780452145 0.449713502 0.0041580587 0 0 0
volume_proxy 1133 0.888324607 -0.961886547 -0.00195268764 0 0 0
volume_proxy 1134 0.0461266584 0.490477649 0.00343298422 0 0 0
volume_proxy 1137 -0.607078058 0.138733211 -0.00612489104 0 0 0
volume_proxy 1138 1.22768935 -0.671038029 0.00221005233 0 0 0
volume_proxy 1143 -0.670212243 0.366531944 -0.00493048209 0 0 0
volume_proxy 1147 0.35857758 0.288199714 0.00260160969 0 0 0
volume_proxy 1151 0.44381998 -0.983554989 0.010567966 0 0 0
volume_proxy 1157 0.00783973454 0.650274093 -0.00508088494 0 0 0
volume_proxy 1166 -1.3217123 0.428684159 -0.00710388853 0 0 0
volume_proxy 1168 -0.206011312 -0.684787339 -0.00269130035 0 0 0
volume_proxy 1169 1.39603631 -0.556942869 -0.00785154735 0 0 0
volume_proxy 1170 -1.13547629 -0.102670286 -0.00103058732 0 0 0
volume_proxy 1171 -0.62370845 0.44817974 -0.00279853592 0 0 0
volume_proxy 1172 -0.234280374 0.259748161 -0.0069352803 0 0 0
volume_proxy 1179 0.731167682 0.00793981451 -0.00061248218 0 0 0
volume_proxy 1180 -0.736791492 0.483332935 0.00248170579 0 0 0
volume_proxy 1182 -0.1899653 0.899243017 0.00508056763 0 0 0
volume_proxy 1186 -0.390086951 -0.175618673 0.00572400955 0 0 0
volume_proxy 1191 1.08295409 0.916260453 -0.00263685117 0 0 0
volume_proxy 1193 -1.31976566 0.266616022 0.00359001689 0 0 0
volume_proxy 1195 -1.34000082 -0.251182376 0.0045700616 0 0 0
volume_proxy 1197 -1.04518473 -0.773915408 0.00568536027 0 0 0
volume_proxy 1198 0.0481512774 0.529842401 0.00118897634 0 0 0
volume_proxy 1206 1.02064495 0.370462172 0.00107344111 0 0 0
volume_proxy 1208 -0.307696533 -0.00399688666 -0.000942754937 0 0 0
volume_proxy 1209 -1.43892538 0.243858228 0.0104368428 0 0 0
volume_proxy 1210 -1.40425178 0.925181635 0.00119435692 0 0 0
volume_proxy 1214 -0.595602027 0.186259556 -0.00357884373 0 0 0
volume_proxy 1217 -0.629000808 0.516908612 0.0103742901 0 0 0
volume_proxy 1219 -0.744781398 0.150447359 -0.00821534565 0 0 0
volume_proxy 1220 0.766816262 0.290632791 -0.00945635399 0 0 0
volume_proxy 1223 1.32128459 0.493275973 -0.00555281801 0 0 0
volume_proxy 1225 -0.432203527 -0.226323528 -0.00416882714 0 0 0
volume_proxy 1229 1.26061776 0.918243883 0.00452559272 0 0 0
volume_proxy 1230 1.06018995 -0.753374112 -0.010495561 0 0 0
volume_proxy 1231 -0.774740986 0.0323039196 -0.00156977036 0 0 0
volume_proxy 1237 0.677009165 0.610265647 0.00470232751 0 0 0
volume_proxy 1238 0.791691619 0.925064538 -0.00199577204 0 0 0
volume_proxy 1243 -0.807951885 -0.603657948 -0.00120705199 0 0 0
volume_proxy 1245 -1.48721707 0.87067588 0.00122742622 0 0 0
volume_proxy 1247 -1.27930929 0.33219853 -0.00641597315 0 0 0
volume_proxy 1248 0.857448754 0.42348287 -0.00800219451 0 0 0
volume_proxy 1252 0.728582929 -0.725435816 0.00552060703 0 0 0
volume_proxy 1254 0.742009177 -0.773066246 -0.00700296965 0 0 0
volume_proxy 1255 0.982779565 -0.377521774 0.000215211078 0 0 0
volume_proxy 1257 0.374372515 -0.738104114 0.00295415294 0 0 0
volume_proxy 1259 -1.1060931 0.917471508 0.0106305075 0 0 0
volume_proxy 1260 0.459462241 0.741435404 -0.00687396527 0 0 0
volume_proxy 1261 -0.645450711 0.944146216 -0.00495891638 0 0 0
volume_proxy 1262 0.699502753 0.527044181 -0.00398949746 0 0 0
volume_proxy 1263 0.895009683 -0.0248081855 -0.00573483835 0 0 0
volume_proxy 1264 0.193494322 -0.185901347 -0.00969219018 0 0 0
volume_proxy 1267 -1.05404895 -0.404218869 -0.00518890209 0 0 0
volume_proxy 1270 0.495928303 -0.408120436 0.00283769486 0 0 0
volume_proxy 1271 -1.29398009 -0.252138479 -0.00363629688 0 0 0
volume_proxy 1272 0.546834933 -0.0433046357 -0.00410800551 0 0 0
volume_proxy 1273 -0.622042379 0.931580456 -0.00780331269 0 0 0
volume_proxy 1276 1.08359377 0.488755043 -0.00264913486 0 0 0
volume_proxy 1277 1.43302481 0.479985122 0.00753145003 0 0 0
volume_proxy 1280 -1.44481289 0.412765183 -0.00795456283 0 0 0
volume_proxy 1281 -0.0935880634 -0.840310618 -0.00774375763 0 0 0
volume_proxy 1285 -0.784580563 0.924073274 0.00402232065 0 0 0
volume_proxy 1289 0.630371461 -0.609892391 -0.00809177414 0 0 0
volume_proxy 1290 -1.41865632 -0.76110041 0.00931964836 0 0 0
volume_proxy 1291 -0.126133185 0.985934354 -0.00951613722 0 0 0
volume_proxy 1292 -0.212428749 0.290104482 -0.0106390597 0 0 0
volume_proxy 1293 -0.539399034 -0.830731399 -0.000895520919 0 0 0
volume_proxy 1294 1.4994872 0.87976185 -0.00537650591 0 0 0
volume_proxy 1295 -1.36908203 0.528963005 0.00647444102 0 0 0
volume_proxy 1296 -0.129610589 -0.32213957 0.00433405629 0 0 0
volume_proxy 1297 -0.28410821 -0.639079998 -0.00749442647 0 0 0
volume_proxy 1298 -0.495951045 -0.808877884 0.00153739437 0 0 0
volume_proxy 1299 -0.572615732 0.218994776 -0.00145823251 0 0 0
volume_proxy 1300 -1.34171762 0.852414655 0.00669164865 0 0 0
volume_proxy 1301 -1.04980947 0.971530619 -0.00880822686 0 0 0
volume_proxy 1303 -0.852201495 0.503950461 0.00840847262 0 0 0
volume_proxy 1306 -0.295818846 -0.211897801 0.0107141292 0 0 0
volume_proxy 1308 -0.415756519 -0.0134302582 0.00582228398 0 0 0
volume_proxy 1309 -0.0984675099 -0.486025928 8.37287934e-05 0 0 0
volume_proxy 1310 -0.0210145848 0.987279056 -0.0084658321 0 0 0
volume_proxy 1312 1.00200918 -0.360148984 0.0100628695 0 0 0
volume_proxy 1313 0.178629686 0.37486592 0.00155470983 0 0 0
volume_proxy 1314 0.161834167 0.378776094 0.00423502606 0 0 0
volume_proxy 1315 -0.64124133 -0.56432799 -0.00189729772 0 0 0
volume_proxy 1316 -0.274518464 0.933535024 0.002640284 0 0 0
volume_proxy 1317 1.38475183 0.394518926 -0.00327424974 0 0 0
volume_proxy 1318 0.898862175 -0.608780656 -0.00392229323 0 0 0
volume_proxy 1320 -0.466501498 -0.880622317 -0.0105398296 0 0 0
volume_proxy 1321 -0.984853291 -0.0291361477 -0.00569610439 0 0 0
volume_proxy 1322 0.696065095 -0.975448882 0.00978455032 0 0 0
volume_proxy 1323 1.00020498 0.772072813 0.00320537465 0 0 0
volume_proxy 1324 1.01702357 0.827008399 -0.00780825644 0 0 0
volume_proxy 1325 0.267854296 -0.143462718 -0.00667430661 0 0 0
volume_proxy 1326 -0.0539982491 -0.373376891 -0.00180619872 0 0 0
volume_proxy 1327 0.713020263 -0.105226029 0.000136995607 0 0 0
volume_proxy 1328 -1.05043195 0.625897017 0.00182372249 0 0 0
volume_proxy 1329 1.0045172 0.585601752 -0.00708917586 0 0 0
volume_proxy 1330 0.170680251 0.271260433 -0.00950781999 0 0 0
volume_proxy 1331 0.172947254 0.223563964 -0.0072171319 0 0 0
volume_proxy 1332 1.15297149 0.111725333 0.00658883352 0 0 0
volume_proxy 1333 1.07775713 0.113886303 0.00561078418 0 0 0
