volume_proxy 0 0.577547439 -0.69651424 0.00220306376 0 0 0
volume_proxy 6 -0.0112962323 0.797813888 -0.0048233424 0 0 0
volume_proxy 11 1.37973972 0.836012158 0.00821381809 0 0 0
volume_proxy 12 1.26632049 -0.206358256 -0.0105978934 0 0 0
volume_proxy 14 -1.4809448 0.454414727 0.00217835108 0 0 0
volume_proxy 23 0.306829558 -0.405830414 -0.00435665851 0 0 0
volume_proxy 38 -1.00939476 -0.746785091 0.000530934672 0 0 0
volume_proxy 40 -0.758700097 0.277025915 0.00297367068 0 0 0
volume_proxy 50 -0.81105225 -0.476741932 -0.00164966134 0 0 0
volume_proxy 53 -1.16734212 0.912426139 0.0100544729 0 0 0
volume_proxy 58 1.03704107 -0.917949073 0.00663827057 0 0 0
volume_proxy 60 -0.085296865 0.833269323 0.00255391897 0 0 0
volume_proxy 85 -1.15887284 0.364488533 0.000828539759 0 0 0
volume_proxy 97 0.99263414 0.892139055 0.00405139017 0 0 0
volume_proxy 107 0.825547733 -0.0128336223 -0.00910556035 0 0 0
volume_proxy 127 -1.05634165 -0.935009159 0.00820525081 0 0 0
volume_proxy 130 0.826091824 -0.457774876 -0.00271793956 0 0 0
volume_proxy 140 -0.654010574 0.747105699 -0.00265551728 0 0 0
volume_proxy 157 0.195076751 -0.815575 -0.0098726725 0 0 0
volume_proxy 159 1.29395352 0.939528738 -0.00377846314 0 0 0
volume_proxy 161 -0.759140603 0.450374691 0.00684770802 0 0 0
volume_proxy 176 1.35431531 0.288014967 -0.00767862209 0 0 0
volume_proxy 186 -1.14362767 -0.338592815 -0.0014051637 0 0 0
volume_proxy 189 -0.4037594 -0.629935618 -0.00313075532 0 0 0
volume_proxy 195 -1.46893297 -0.711088672 -0.00289769197 0 0 0
volume_proxy 196 0.267225487 0.342542897 0.00845548808 0 0 0
volume_proxy 200 -1.42837176 -0.0813384597 -0.00571509886 0 0 0
volume_proxy 202 0.0431021521 0.916352569 -0.00791928937 0 0 0
volume_proxy 209 -0.828848515 0.189565641 -0.00935254339 0 0 0
volume_proxy 210 -0.0935324133 0.909889542 -0.00662600482 0 0 0
volume_proxy 226 0.779009107 -0.957240745 0.00014122953 0 0 0
volume_proxy 236 1.00628615 -0.886529413 0.00147329779 0 0 0
volume_proxy 247 1.4190468 0.790486575 0.00973723852 0 0 0
volume_proxy 256 -0.992104267 0.821230805 0.000808434526 0 0 0
volume_proxy 259 0.879005617 0.2937434 -0.000422663539 0 0 0
volume_proxy 269 -1.20026306 -0.225744964 0.00464837714 0 0 0
volume_proxy 277 -0.282216384 -0.199498231 0.00934295051 0 0 0
volume_proxy 296 -1.07824833 0.75770318 -0.00469309043 0 0 0
volume_proxy 305 0.741081188 -0.258137663 -0.0092155069 0 0 0
volume_proxy 310 0.404508523 0.197605205 0.00176409971 0 0 0
volume_proxy 344 -1.25367176 -0.215617266 0.00546198789 0 0 0
volume_proxy 347 -0.819942167 0.466941488 0.00262787131 0 0 0
volume_proxy 356 -0.443209202 0.14677207 -0.00538480781 0 0 0
volume_proxy 375 0.859175055 -0.489106839 0.0064507418 0 0 0
volume_proxy 388 1.28884841 -0.2111043 0.00344346982 0 0 0
volume_proxy 802 0.917307537 0.554294165 0.00313039788 0 0 0
volume_proxy 1052 -1.25886496 -0.511024105 -0.00701390514 0 0 0
volume_proxy 1066 0.149823161 0.638187109 0.00630012496 0 0 0
volume_proxy 1120 -0.722991519 0.432494119 -0.00227179688 0 0 0
volume_proxy 1166 -0.816105838 -0.48834444 -0.00448806912 0 0 0
volume_proxy 1193 -1.26700403 -0.467836258 0.0027435977 0 0 0
volume_proxy 1225 -1.18547035 -0.522971584 0.00858342991 0 0 0
volume_proxy 1245 -1.33929202 0.00917867154 -0.00517807245 0 0 0
volume_proxy 1280 -0.450128333 0.829180354 -0.00492083112 0 0 0
volume_proxy 1285 -1.27620614 0.735974387 -0.00217165584 0 0 0
volume_proxy 1295 0.818818002 -0.196731771 -0.000440991681 0 0 0
volume_proxy 1296 -0.0507915998 -0.767856366 -0.0104990741 0 0 0
volume_proxy 1340 0.73313428 0.543725499 -0.00900661502 0 0 0
volume_proxy 1380 -0.916081784 -0.152405902 -0.00557299627 0 0 0
volume_proxy 1386 1.42097713 0.607976177 0.00739565252 0 0 0
volume_proxy 1397 0.779286281 0.70050987 0.00260824685 0 0 0
volume_proxy 1409 -0.107569341 0.515901251 -0.00256308186 0 0 0
volume_proxy 1413 1.43502738 0.69937665 0.00799092066 0 0 0
volume_proxy 1422 0.0781587264 -0.686039879 0.00240408031 0 0 0
volume_proxy 1433 1.03662055 0.515218951 -0.0087681405 0 0 0
volume_proxy 1437 0.0591310335 0.00681347881 -0.0101852688 0 0 0
volume_proxy 1459 -1.20014964 0.0599566215 -0.00448384454 0 0 0
volume_proxy 1460 0.260355224 0.850583571 0.00696026038 0 0 0
volume_proxy 1461 -1.11990782 0.866527961 0.00569392383 0 0 0
volume_proxy 1466 -0.256453989 0.211691499 0.0106335011 0 0 0
volume_proxy 1472 -1.4427766 0.813752678 -0.00532946587 0 0 0
volume_proxy 1474 1.44273766 -0.329913032 0.000752363046 0 0 0
volume_proxy 1481 0.774506644 0.802100823 0.0094341136 0 0 0
volume_proxy 1482 1.1283921 0.60873022 0.00698728851 0 0 0
volume_proxy 1485 0.466266955 -0.285764776 0.00812101051 0 0 0
volume_proxy 1489 0.324048843 -0.812238786 -0.00750228357 0 0 0
volume_proxy 1490 1.03566603 0.90491021 0.00898458051 0 0 0
volume_proxy 1496 -1.45950689 0.694584044 6.9552562e-05 0 0 0
volume_proxy 1498 -0.259097347 0.27334014 0.0080739953 0 0 0
volume_proxy 1503 -1.00116389 -0.800426088 -0.00827969706 0 0 0
volume_proxy 1506 0.0679514267 0.738658056 -0.00254696308 0 0 0
volume_proxy 1507 -1.4815564 -0.010603726 -0.00221556462 0 0 0
volume_proxy 1508 -0.320894596 -0.335268021 -0.00779570449 0 0 0
volume_proxy 1509 -1.35114883 -0.00987233339 -0.00283507665 0 0 0
volume_proxy 1510 0.0157532587 -0.849746691 -0.00148001223 0 0 0
volume_proxy 1511 1.11963146 0.342110953 0.00680626132 0 0 0
volume_proxy 1513 -1.40427355 0.814195377 -0.000875586029 0 0 0
volume_proxy 1515 0.721761497 -0.716696913 0.00700629662 0 0 0
volume_proxy 1516 -0.0660112275 -0.960510704 -0.00369838927 0 0 0
volume_proxy 1517 -1.06927501 -0.283451968 -0.00561655606 0 0 0
volume_proxy 1519 -0.0316157329 -0.636846695 0.00776942618 0 0 0
volume_proxy 1520 0.126705409 -0.313982382 0.00149703942 0 0 0
volume_proxy 1521 -1.11129792 -0.628721031 0.00107390635 0 0 0
volume_proxy 1523 0.362608786 -0.105602254 -0.00247399299 0 0 0
volume_proxy 1525 -0.811159551 0.978503901 0.00576875236 0 0 0
volume_proxy 1526 0.950690057 -0.721816271 0.00285017778 0 0 0
volume_proxy 1528 0.551932789 -0.488718408 0.00480936747 0 0 0
volume_proxy 1529 -1.26372694 0.409315671 0.0065497653 0 0 0
volume_proxy 1531 0.328145519 0.503499653 0.000618375289 0 0 0
volume_proxy 1533 1.31140823 -0.191117413 0.0106620251 0 0 0
volume_proxy 1534 0.34488409 0.925778441 -0.00907493386 0 0 0
volume_proxy 1535 0.754171698 0.662664062 -0.00320491721 0 0 0
volume_proxy 1536 -0.722262074 -0.608426997 0.00506478874 0 0 0
volume_proxy 1537 -0.633657982 -0.594880923 0.00759156932 0 0 0
volume_proxy 1538 1.37170635 0.169071754 -0.00711671739 0 0 0
