volume_proxy 0 -0.869031335 -0.499421513 0.000150282952 0 0 0
volume_proxy 6 -0.0776358125 0.789611949 -0.00461838917 0 0 0
volume_proxy 11 0.835696212 0.434229436 0.00895269759 0 0 0
volume_proxy 12 0.901453649 -0.847345363 -0.00255532345 0 0 0
volume_proxy 14 -1.1461543 0.872208965 0.00648589696 0 0 0
volume_proxy 23 1.09754585 -0.870281635 0.0106302083 0 0 0
volume_proxy 38 -0.681418748 -0.702906019 0.00608051022 0 0 0
volume_proxy 40 -0.529624964 -0.248645463 -0.00800863235 0 0 0
volume_proxy 50 -1.33239099 -0.00675878548 -0.0104006029 0 0 0
volume_proxy 53 -0.975127341 0.315705888 0.0101702779 0 0 0
volume_proxy 58 0.906316416 -0.239443233 -0.00752893294 0 0 0
volume_proxy 60 -0.258703552 0.943305771 0.00546647979 0 0 0
volume_proxy 85 -1.0976881 0.756217944 0.00491815888 0 0 0
volume_proxy 97 0.914085399 0.506080882 0.00552303852 0 0 0
volume_proxy 107 0.353689861 0.10506556 0.00687725947 0 0 0
volume_proxy 127 -1.49795241 -0.192159482 -0.00692019632 0 0 0
volume_proxy 130 0.438799097 -0.94732635 0.00815499851 0 0 0
volume_proxy 140 0.319575235 -0.0554159772 0.00590723816 0 0 0
volume_proxy 157 1.10677983 -0.742591541 -0.00693686173 0 0 0
volume_proxy 159 0.917098974 0.53589141 -0.00758818443 0 0 0
volume_proxy 161 -0.356105914 -0.805648873 0.00333333372 0 0 0
volume_proxy 176 0.644143563 0.27269417 0.0096067712 0 0 0
volume_proxy 186 -1.21403538 0.252774466 -0.0066156096 0 0 0
volume_proxy 189 -0.625062978 -0.441444344 -0.00108194551 0 0 0
volume_proxy 195 -1.26446653 -0.593011853 -0.00293208035 0 0 0
volume_proxy 196 -0.176261289 0.16922305 -0.00771231793 0 0 0
volume_proxy 200 -1.43340243 0.324598902 -0.00369880527 0 0 0
volume_proxy 202 -0.222148476 -0.36626654 0.00405415162 0 0 0
volume_proxy 209 -1.3662596 0.171770687 -0.0038371266 0 0 0
volume_proxy 210 0.924853592 0.614517192 -0.00186647399 0 0 0
volume_proxy 226 1.16531043 -0.171372138 -0.00752087337 0 0 0
volume_proxy 236 1.14604273 0.27744113 -0.00379896538 0 0 0
volume_proxy 247 0.573998172 -0.964167418 -0.0042529911 0 0 0
volume_proxy 256 -0.0666717254 -0.232076356 0.00541218388 0 0 0
volume_proxy 259 0.328414462 -0.120632945 0.00741639582 0 0 0
volume_proxy 269 -0.569568101 0.446965944 -0.00682550216 0 0 0
volume_proxy 277 -0.315986796 -0.426906543 0.0032692354 0 0 0
volume_proxy 296 -0.861698257 0.872970923 0.00468215091 0 0 0
volume_proxy 305 0.662489507 -0.537721558 0.00830988719 0 0 0
volume_proxy 310 1.49526509 0.914704165 -0.00783175579 0 0 0
volume_proxy 344 -0.755616252 -0.56816895 0.00786685929 0 0 0
volume_proxy 347 -0.318030178 0.583871022 0.0080673013 0 0 0
volume_proxy 356 -0.494124529 -0.0927967225 0.00182612259 0 0 0
volume_proxy 375 1.15515206 0.349464269 -0.0090692551 0 0 0
volume_proxy 388 0.736844012 -0.675373143 -0.0105295466 0 0 0
volume_proxy 1052 -0.691054513 -0.191288409 0.00340957249 0 0 0
volume_proxy 1066 -0.499171195 0.365637405 -0.00622386365 0 0 0
volume_proxy 1120 -0.879305886 0.461372212 0.00820034027 0 0 0
volume_proxy 1166 -0.751605935 -0.890308559 0.00145351934 0 0 0
volume_proxy 1193 -1.15631408 -0.534819608 0.00849663249 0 0 0
volume_proxy 1225 -1.46460734 -0.650325031 0.00968858323 0 0 0
volume_proxy 1245 -1.4156774 0.587843407 0.00967384646 0 0 0
volume_proxy 1280 -1.07267051 0.600492083 -0.00450254018 0 0 0
volume_proxy 1285 -0.349603292 0.747649146 0.00167132088 0 0 0
volume_proxy 1295 0.701584489 -0.0353992793 -0.00203997043 0 0 0
volume_proxy 1296 -0.267334181 -0.809011907 0.00679230735 0 0 0
volume_proxy 1340 1.40272109 -0.181810375 0.00778163388 0 0 0
volume_proxy 1380 -1.02277745 -0.268023597 -0.0104626653 0 0 0
volume_proxy 1386 1.31655794 0.811877422 -0.0051990099 0 0 0
volume_proxy 1397 0.548096585 0.557963803 -0.000241627559 0 0 0
volume_proxy 1409 0.476787359 0.224187513 0.00726030739 0 0 0
volume_proxy 1413 1.15837006 0.386607058 -0.00494861023 0 0 0
volume_proxy 1422 0.128212652 -0.859206276 -0.00108410828 0 0 0
volume_proxy 1433 0.999307486 0.628159096 -0.00163092028 0 0 0
volume_proxy 1437 0.148784687 -0.88419544 -0.0057288198 0 0 0
volume_proxy 1459 -0.663186284 -0.608442675 -0.00219872277 0 0 0
volume_proxy 1460 -0.28007764 0.68717369 -0.0011172274 0 0 0
volume_proxy 1461 -1.44288838 0.703086735 0.00472175266 0 0 0
volume_proxy 1472 -1.14961037 0.365233269 0.00418326194 0 0 0
volume_proxy 1474 1.4791193 0.278279697 0.00531999932 0 0 0
volume_proxy 1481 0.232215598 -0.025186408 0.0046171724 0 0 0
volume_proxy 1482 1.13136493 0.850204675 -0.00546805097 0 0 0
volume_proxy 1485 0.69820264 -0.555662948 -3.21193296e-05 0 0 0
volume_proxy 1489 0.487465664 -0.685891242 0.00211675713 0 0 0
volume_proxy 1490 0.748210172 0.945769924 -0.00477740546 0 0 0
volume_proxy 1496 -1.42027758 0.621476759 -0.010063837 0 0 0
volume_proxy 1498 0.144084141 -0.0514806166 -0.00797122994 0 0 0
volume_proxy 1503 -1.178177 -0.991353277 -0.00246566331 0 0 0
volume_proxy 1506 0.564133478 0.961843271 0.00863381854 0 0 0
volume_proxy 1507 -0.639767271 -0.642855047 -0.0101208704 0 0 0
volume_proxy 1508 -0.549340583 -0.0773843186 -0.010093096 0 0 0
volume_proxy 1509 -1.31916199 -0.0994843489 0.00822812872 0 0 0
volume_proxy 1510 -0.750047259 -0.863897859 0.0103880009 0 0 0
volume_proxy 1513 -0.914349099 0.806253606 0.00929238119 0 0 0
volume_proxy 1515 0.532338637 -0.847586143 0.00746160402 0 0 0
volume_proxy 1516 -0.239705413 -0.590174457 0.00461927805 0 0 0
volume_proxy 1517 -1.1960455 -0.272659027 -0.00604986812 0 0 0
volume_proxy 1519 0.1573441 -0.591948355 -0.00457615345 0 0 0
volume_proxy 1520 -0.11899471 -0.628453308 0.00418345718 0 0 0
volume_proxy 1521 -1.47208176 -0.974031004 -0.000127800407 0 0 0
volume_proxy 1523 0.102421665 0.0197740113 0.010396035 0 0 0
volume_proxy 1525 -0.940445105 0.696940076 0.00924167183 0 0 0
volume_proxy 1526 1.31549524 -0.455582657 -0.00582698657 0 0 0
volume_proxy 1528 1.07163624 -0.953989538 0.00784519593 0 0 0
volume_proxy 1529 -1.13714922 -0.226945561 0.00851186824 0 0 0
volume_proxy 1531 0.726326931 0.630918857 0.00607389214 0 0 0
volume_proxy 1533 1.36770199 0.2959127 0.00674024453 0 0 0
volume_proxy 1534 -0.191836244 0.516744854 -0.00677913434 0 0 0
volume_proxy 1536 -0.764476295 -0.827913356 -0.00735500679 0 0 0
volume_proxy 1537 -0.600134751 -0.732795329 -0.0102132258 0 0 0
volume_proxy 1538 0.779805755 -0.344632203 0.00420117349 0 0 0
volume_proxy 1539 0.326418345 0.822030755 0.0106366236 0 0 0
volume_proxy 1540 1.24359202 0.305415202 0.00583656126 0 0 0
