volume_proxy 0 -0.595198744 -0.904772406 0.00860236063 0 0 0
volume_proxy 6 0.0983742707 0.416550183 0.00675520318 0 0 0
volume_proxy 11 1.20200239 0.808965049 0.00750255363 0 0 0
volume_proxy 12 0.728179444 -0.730523705 -0.00795510257 0 0 0
volume_proxy 14 -1.38820766 0.204836954 -0.00462118204 0 0 0
volume_proxy 23 0.401334682 -0.907126468 -0.0103260885 0 0 0
volume_proxy 38 -0.663820868 -0.907756923 -0.0026158715 0 0 0
volume_proxy 40 -0.744595921 -0.131399152 -0.000730214813 0 0 0
volume_proxy 50 -0.740787831 -0.428870424 0.0088077619 0 0 0
volume_proxy 53 -1.42238887 0.674981838 0.0105453523 0 0 0
volume_proxy 58 1.3339056 -0.92657542 -0.00286528415 0 0 0
volume_proxy 60 -0.660397675 0.732771207 0.00516143808 0 0 0
volume_proxy 85 -1.34503561 0.87079257 0.00441967507 0 0 0
volume_proxy 97 0.368560816 0.890436482 -0.00625953015 0 0 0
volume_proxy 107 0.200021355 -0.245993753 -0.00725107611 0 0 0
volume_proxy 127 -1.47756023 -0.510098228 0.00361302827 0 0 0
volume_proxy 130 0.837984221 -0.899863222 0.00460277676 0 0 0
volume_proxy 140 0.165640156 0.0705968666 -0.00512798554 0 0 0
volume_proxy 157 0.565611088 -0.152783231 0.0099762469 0 0 0
volume_proxy 159 1.03775466 0.334629239 -0.000339531846 0 0 0
volume_proxy 161 -0.588660229 -0.0785084615 0.00244666853 0 0 0
volume_proxy 176 0.980283109 -0.157985944 -0.00584016924 0 0 0
volume_proxy 186 -0.795923628 -0.309574282 0.00646693645 0 0 0
volume_proxy 189 -0.325784516 -0.0747933861 0.00251970047 0 0 0
volume_proxy 195 -1.18630338 -0.104660561 -0.00432589463 0 0 0
volume_proxy 196 0.305622376 0.562932642 -0.00659483383 0 0 0
volume_proxy 200 -0.802585551 0.369885611 0.00527395362 0 0 0
volume_proxy 202 -0.299811739 0.416240594 0.00354397363 0 0 0
volume_proxy 209 -1.07438318 -0.359981749 -0.00161711584 0 0 0
volume_proxy 210 0.394487638 0.495310562 -0.00221811535 0 0 0
volume_proxy 226 0.823454204 -0.927048913 0.00928227587 0 0 0
volume_proxy 236 1.27677304 -0.692884741 -0.00204695923 0 0 0
volume_proxy 247 0.606573317 -0.589797888 0.00759830594 0 0 0
volume_proxy 256 -0.406795505 0.633414665 0.00347983669 0 0 0
volume_proxy 259 0.430461797 0.577767078 0.00616276923 0 0 0
volume_proxy 269 -0.433300261 0.0792204998 -0.00517785814 0 0 0
volume_proxy 277 -0.84554106 -0.667209478 -0.00978907197 0 0 0
volume_proxy 296 -0.992765757 0.941802215 0.00944897332 0 0 0
volume_proxy 305 0.17809795 -0.681320212 0.00536159867 0 0 0
volume_proxy 310 0.826372478 0.689660921 -0.00742975151 0 0 0
volume_proxy 344 -1.26158282 -0.17283715 0.0103090933 0 0 0
volume_proxy 347 -0.211938894 0.901363997 0.00562273868 0 0 0
volume_proxy 356 0.111458534 0.23316253 0.00642248311 0 0 0
volume_proxy 375 1.30660554 -0.704873895 0.00973632752 0 0 0
volume_proxy 388 1.05651316 -0.860226069 -0.00717835385 0 0 0
volume_proxy 802 0.361450847 0.616177913 -0.00197710124 0 0 0
volume_proxy 1052 -0.892533982 -0.491493813 -0.000450771761 0 0 0
volume_proxy 1066 0.0221701598 0.795117002 -0.00558326829 0 0 0
volume_proxy 1120 -0.57202326 0.588489513 0.0091640652 0 0 0
volume_proxy 1166 -1.31336869 -0.952229434 -0.00439649322 0 0 0
volume_proxy 1193 -1.48800436 -0.385866207 -0.00736510991 0 0 0
volume_proxy 1225 -1.26348005 -0.877013074 0.00702969853 0 0 0
volume_proxy 1245 -1.33874183 0.121921406 0.00951184324 0 0 0
volume_proxy 1280 -0.937415558 0.6959057 -0.00503770751 0 0 0
volume_proxy 1285 -1.31192428 0.616426964 0.000747681705 0 0 0
volume_proxy 1295 0.822885659 0.104025486 -0.00475512993 0 0 0
volume_proxy 1296 -0.138217505 -0.863171506 0.0107132447 0 0 0
volume_proxy 1340 1.19184766 -0.402325949 0.00900635491 0 0 0
volume_proxy 1380 -1.37611212 -0.477792025 -0.00869298219 0 0 0
volume_proxy 1386 1.39784167 0.600181268 -0.00913277197 0 0 0
volume_proxy 1397 0.130491376 0.481455434 -0.00136301909 0 0 0
volume_proxy 1409 0.116514329 0.300802673 0.00845890169 0 0 0
volume_proxy 1413 1.0437245 0.923544223 -0.00539562898 0 0 0
volume_proxy 1422 0.464416628 -0.849554731 -0.00317819195 0 0 0
volume_proxy 1433 0.889786259 0.485477746 0.00576765209 0 0 0
volume_proxy 1437 -0.20567787 -0.791517667 0.0102989963 0 0 0
volume_proxy 1459 -0.816231129 -0.390152428 -0.00807194545 0 0 0
volume_proxy 1460 0.101436718 0.66810243 0.00495292036 0 0 0
volume_proxy 1461 -1.48351748 0.706554545 -0.00186220036 0 0 0
volume_proxy 1466 0.100370841 0.517804098 0.00848503527 0 0 0
volume_proxy 1472 -1.36005488 0.93163696 0.0103866274 0 0 0
volume_proxy 1474 1.38793188 0.0760400994 0.00640716943 0 0 0
volume_proxy 1481 0.273327112 0.599330367 -0.000600491629 0 0 0
volume_proxy 1482 1.44276797 0.879203192 0.00193693725 0 0 0
volume_proxy 1485 0.436049567 -0.380705041 -0.00233608747 0 0 0
volume_proxy 1489 0.337982549 -0.817507797 0.006372137 0 0 0
volume_proxy 1490 0.59450819 0.999182161 0.00269462437 0 0 0
volume_proxy 1496 -1.12064937 0.876567271 0.00594756535 0 0 0
volume_proxy 1498 -0.29821193 0.316935561 -0.00172180369 0 0 0
volume_proxy 1503 -1.25521242 -0.521015313 -0.00372085925 0 0 0
volume_proxy 1506 0.397672995 0.961433015 0.0021450024 0 0 0
volume_proxy 1507 -1.17928972 -0.313355174 -0.0034063068 0 0 0
volume_proxy 1508 -0.362903411 -0.0696988194 -0.00847345555 0 0 0
volume_proxy 1509 -1.49066103 0.17727215 -0.00111703788 0 0 0
volume_proxy 1510 0.0663171213 -0.907485623 -0.00378446973 0 0 0
volume_proxy 1511 1.00958527 0.432320044 0.00201506072 0 0 0
volume_proxy 1513 -1.45468885 0.358987754 -0.0106924722 0 0 0
volume_proxy 1515 0.830307143 -0.677551156 0.00311131271 0 0 0
volume_proxy 1516 -0.456370746 -0.651518495 -0.00459195185 0 0 0
volume_proxy 1517 -1.44693464 -0.33219154 -0.00538522853 0 0 0
volume_proxy 1519 -0.00116531138 -0.803958341 -0.00147649269 0 0 0
volume_proxy 1520 -0.0530245047 -0.413568501 0.00366236557 0 0 0
volume_proxy 1521 -1.30106942 -0.894687381 -0.0103303351 0 0 0
volume_proxy 1523 0.625776193 -0.416423362 0.00323321537 0 0 0
volume_proxy 1525 -0.990129651 0.859909144 -0.00748107876 0 0 0
volume_proxy 1526 0.931555002 -0.46702752 0.00142515961 0 0 0
volume_proxy 1528 0.845020153 -0.799164616 0.00166750156 0 0 0
volume_proxy 1529 -1.44093068 -0.0817920915 0.0105247812 0 0 0
volume_proxy 1531 0.294897288 0.539231402 0.00887881368 0 0 0
volume_proxy 1533 1.16189809 0.158384928 0.00645940107 0 0 0
volume_proxy 1534 -0.0987470377 0.946656622 0.00984665918 0 0 0
volume_proxy 1535 0.803433075 0.578871663 -0.00928837943 0 0 0
volume_proxy 1536 -0.367142608 -0.494497683 0.00556149241 0 0 0
volume_proxy 1537 -0.508263861 -0.690476742 -0.00338597712 0 0 0
volume_proxy 1538 1.1928854 -0.336522271 -0.00197895569 0 0 0
