volume_proxy 0 1.28132345 0.140819168 -0.00183828795 0 0 0
volume_proxy 4 1.44656881 0.845345278 -0.00396732842 0 0 0
volume_proxy 5 0.033324547 0.7324007 0.000644808832 0 0 0
volume_proxy 6 1.34897527 0.240610078 -0.00621771996 0 0 0
volume_proxy 11 0.391902848 0.919708514 -0.00473620481 0 0 0
volume_proxy 12 0.773496937 -0.279972787 -0.010603974 0 0 0
volume_proxy 14 0.617471199 0.494954087 -0.00631038792 0 0 0
volume_proxy 23 -0.88101312 -0.19343907 0.00111580275 0 0 0
volume_proxy 38 0.534004766 -0.334243112 0.00949072182 0 0 0
volume_proxy 40 -0.257668665 -0.278215018 0.00539172282 0 0 0
volume_proxy 50 -0.193080128 -0.972419332 -0.0045969149 0 0 0
volume_proxy 52 -1.44492685 -0.609513976 -0.00613575161 0 0 0
volume_proxy 53 -0.140427673 -0.474211974 -0.00144473777 0 0 0
volume_proxy 58 1.11904849 -0.406357795 -0.0074482897 0 0 0
volume_proxy 60 -0.612134121 0.362790267 2.00620247e-05 0 0 0
volume_proxy 61 -0.710090195 -0.882918417 -0.00441320134 0 0 0
volume_proxy 72 0.802350791 0.304049503 -0.00406990534 0 0 0
volume_proxy 81 -1.27595784 0.00423631074 0.0058392916 0 0 0
volume_proxy 85 -0.615542899 0.285130051 -0.00473182301 0 0 0
volume_proxy 88 -0.965695799 0.562951182 0.00426227761 0 0 0
volume_proxy 97 1.0229669 -0.41160994 -0.00148436635 0 0 0
volume_proxy 101 -1.46420526 0.810068425 -0.00211756713 0 0 0
volume_proxy 105 -0.234587564 -0.508249427 -1.08667474e-05 0 0 0
volume_proxy 106 -0.731076999 -0.783160456 0.00820158425 0 0 0
volume_proxy 107 0.680056668 0.580729699 0.00502577426 0 0 0
volume_proxy 108 1.31649382 0.240611062 0.00980364199 0 0 0
volume_proxy 126 -0.250548721 -0.97958614 0.00693390058 0 0 0
volume_proxy 127 -0.71571074 0.132823502 0.00993323044 0 0 0
volume_proxy 130 1.38607242 0.847800513 0.00663323563 0 0 0
volume_proxy 132 0.894037237 0.6182694 0.000208219713 0 0 0
volume_proxy 135 -0.115122734 -0.915709152 -0.00659264357 0 0 0
volume_proxy 140 -0.680818941 0.991660186 -0.00697984876 0 0 0
volume_proxy 145 -1.14110924 -0.505910375 0.00300057564 0 0 0
volume_proxy 157 0.486267146 -0.132558233 -0.0107701849 0 0 0
volume_proxy 159 -0.658769276 -0.557808808 -0.0088338287 0 0 0
volume_proxy 161 -0.637171046 0.317555579 -0.00889108284 0 0 0
volume_proxy 169 0.968612983 0.660284111 -0.00305537094 0 0 0
volume_proxy 176 0.257945647 -0.437309822 -0.00817985116 0 0 0
volume_proxy 178 -1.33113789 0.685660556 0.00399312636 0 0 0
volume_proxy 186 -0.228511989 0.243830666 0.00687284945 0 0 0
volume_proxy 189 -1.15394386 0.720670422 -0.00867403419 0 0 0
volume_proxy 195 -0.465647154 0.0295490583 0.00855440561 0 0 0
volume_proxy 196 0.733462596 0.287886378 0.0104659243 0 0 0
volume_proxy 198 1.33677449 -0.648835433 -0.00437251249 0 0 0
volume_proxy 200 -1.09256683 -0.199492401 -0.00547755303 0 0 0
volume_proxy 202 -0.575699437 0.8171481 0.00481369448 0 0 0
volume_proxy 209 -0.91409145 -0.831434751 0.00513427777 0 0 0
volume_proxy 210 0.00729201702 0.404726293 0.00687129956 0 0 0
volume_proxy 224 1.07652021 -0.859933141 0.0107372884 0 0 0
volume_proxy 226 -0.772524933 -0.848645838 -0.0042675031 0 0 0
volume_proxy 228 -0.280994035 0.647218969 -0.000548725146 0 0 0
volume_proxy 236 0.230500903 0.117763053 -0.0067848485 0 0 0
volume_proxy 237 0.258072739 0.595793263 -0.00352841824 0 0 0
volume_proxy 244 0.99207039 0.134682133 0.00994062592 0 0 0
volume_proxy 247 1.45060289 -0.272572677 -0.0098624392 0 0 0
volume_proxy 251 0.589131391 -0.123698734 0.00584967344 0 0 0
volume_proxy 256 -0.0881229627 -0.801619358 0.00112433106 0 0 0
volume_proxy 258 0.53719298 -0.079038348 -0.00421664396 0 0 0
volume_proxy 259 0.997044274 0.81755837 -0.00392695802 0 0 0
volume_proxy 269 0.882041669 -0.155476036 -0.00155580468 0 0 0
volume_proxy 271 -1.40163122 0.940536692 0.00860326259 0 0 0
volume_proxy 276 0.651791656 -0.518327331 0.00441331709 0 0 0
volume_proxy 277 -0.612585413 -0.740833024 -0.0047944312 0 0 0
volume_proxy 279 -0.0731071709 0.0487861056 0.00460839891 0 0 0
volume_proxy 294 0.0400938177 0.704627928 0.0100791757 0 0 0
volume_proxy 296 0.15513265 -0.421027744 -0.00569344484 0 0 0
volume_proxy 298 0.802271932 -0.949475289 0.00714777815 0 0 0
volume_proxy 305 0.132049838 0.000363415392 0.00283364593 0 0 0
volume_proxy 310 0.915037065 0.597693282 0.00344761226 0 0 0
volume_proxy 311 1.02483839 -0.782762517 -0.00259577148 0 0 0
volume_proxy 314 -0.564566924 0.459305062 0.00352649235 0 0 0
volume_proxy 329 -0.850850464 0.767767476 -0.0051651755 0 0 0
volume_proxy 337 -1.41303775 0.368239956 0.00411468646 0 0 0
volume_proxy 344 0.800843094 0.532568147 -0.00701456701 0 0 0
volume_proxy 345 -0.749578178 0.45453247 -0.00734097899 0 0 0
volume_proxy 347 -0.294001682 -0.654393368 0.00638153156 0 0 0
volume_proxy 349 0.622497482 -0.205036933 0.0094841357 0 0 0
volume_proxy 356 0.269254693 0.834966451 0.00883869549 0 0 0
volume_proxy 358 1.35328247 0.904057467 0.00962696671 0 0 0
volume_proxy 370 1.02468631 0.695412728 0.00706560714 0 0 0
volume_proxy 375 0.69762229 -0.11027182 -3.76807598e-05 0 0 0
volume_proxy 377 0.369820403 0.044081828 -0.00592967257 0 0 0
volume_proxy 388 -1.04276621 0.0730665154 0.000679702148 0 0 0
volume_proxy 393 1.23243273 0.0493820008 0.0065272093 0 0 0
volume_proxy 399 0.540515236 -0.583081579 -0.00495308158 0 0 0
volume_proxy 409 -0.087084853 -0.44996975 0.00582816245 0 0 0
volume_proxy 412 1.15605965 -0.814487207 -0.0077879996 0 0 0
volume_proxy 431 -1.07041897 -0.50400377 -0.00626027804 0 0 0
volume_proxy 497 -1.01590126 -0.324958419 -0.00115372645 0 0 0
volume_proxy 512 0.227076143 -0.984826587 -0.00414473877 0 0 0
volume_proxy 518 1.41953561 -0.504079546 0.00615566655 0 0 0
volume_proxy 591 -0.323396381 0.692394849 -0.00508237902 0 0 0
volume_proxy 616 0.784558811 0.636383927 -0.00113345845 0 0 0
volume_proxy 637 -1.1068098 -0.716028964 -0.00336928831 0 0 0
volume_proxy 669 0.972942643 -0.538847697 0.00574709426 0 0 0
volume_proxy 682 0.115059034 -0.0194787595 0.00451180228 0 0 0
volume_proxy 725 -1.25048825 -0.609644244 -0.0047748097 0 0 0
volume_proxy 751 -0.0602927412 -0.475621707 0.00137665947 0 0 0
volume_proxy 797 -0.970029761 -0.701445782 -0.00115245043 0 0 0
volume_proxy 802 1.13881743 -0.216858646 0.0040097806 0 0 0
volume_proxy 814 0.905670212 -0.486757133 0.00481918443 0 0 0
volume_proxy 848 -1.09464588 -0.256691248 0.00666731574 0 0 0
volume_proxy 856 1.12131955 0.0250165515 -0.00113295785 0 0 0
volume_proxy 876 -0.458947321 -0.337089037 -0.00992635163 0 0 0
volume_proxy 883 0.306924746 0.716676834 0.00364144476 0 0 0
volume_proxy 902 0.0923082019 0.0639813583 -0.00977214535 0 0 0
volume_proxy 903 0.229049515 0.265380396 -0.000849634942 0 0 0
volume_proxy 904 -0.897846843 0.673819962 0.0104988371 0 0 0
volume_proxy 914 0.530264367 -0.950005221 -0.00453269802 0 0 0
volume_proxy 915 -0.949288703 0.152652489 1.67902008e-05 0 0 0
volume_proxy 926 -0.818845407 0.258216896 -0.00822721867 0 0 0
volume_proxy 929 -0.844419535 -0.590372057 -0.00350638837 0 0 0
volume_proxy 944 0.748904327 -0.603437607 -0.00459497538 0 0 0
volume_proxy 974 -0.374627147 -0.451625012 -0.00347914293 0 0 0
volume_proxy 979 0.00908703471 0.603645802 -0.00590714173 0 0 0
volume_proxy 991 -0.85026436 -0.501357379 0.00350453207 0 0 0
volume_proxy 992 0.332152922 0.106079298 0.00215179356 0 0 0
volume_proxy 997 1.35538408 0.173226066 -0.00595390355 0 0 0
volume_proxy 1001 -0.0231038246 0.777803931 2.76632147e-05 0 0 0
volume_proxy 1020 -1.01431317 0.28186424 -0.00527414525 0 0 0
volume_proxy 1021 -0.767783727 -0.908991873 0.00838603421 0 0 0
volume_proxy 1031 1.11508217 -0.423243535 0.00847513768 0 0 0
volume_proxy 1036 0.20451529 0.525985403 0.0071861148 0 0 0
volume_proxy 1040 -1.19861803 -0.601180422 -0.00741705705 0 0 0
volume_proxy 1042 0.831746526 0.900809728 -0.0107906655 0 0 0
volume_proxy 1050 -0.71563164 -0.447444205 -0.00407433756 0 0 0
volume_proxy 1052 -0.493079334 0.288825452 0.00428237301 0 0 0
volume_proxy 1062 0.448983118 0.296212061 -0.00834570518 0 0 0
volume_proxy 1066 0.637987019 0.44442162 0.0102808459 0 0 0
volume_proxy 1069 -1.15676813 -0.24213632 -0.00973272673 0 0 0
volume_proxy 1086 0.485400914 -0.467964409 -0.00322577995 0 0 0
volume_proxy 1093 -0.217973273 -0.646327413 -0.00736312581 0 0 0
volume_proxy 1098 0.276725794 0.944865679 0.0029362512 0 0 0
volume_proxy 1102 1.2105962 0.495445793 0.00616375746 0 0 0
volume_proxy 1110 0.803704775 -0.470745823 -0.00689552158 0 0 0
volume_proxy 1113 1.28688422 0.528631173 -4.1275502e-05 0 0 0
volume_proxy 1117 0.860329307 0.181443393 0.00725604992 0 0 0
volume_proxy 1118 -0.0167415394 -0.596967328 0.00188610554 0 0 0
volume_proxy 1120 0.0418994909 0.416393967 -0.0027147334 0 0 0
volume_proxy 1133 0.965437718 -0.999409645 -0.00194001274 0 0 0
volume_proxy 1134 0.202127843 0.48240343 0.00327938136 0 0 0
volume_proxy 1137 -0.680838852 0.0305674161 0.00995814018 0 0 0
volume_proxy 1138 1.2868199 -0.651159588 -0.0106279259 0 0 0
volume_proxy 1143 -0.670914991 0.448878495 -0.000660469998 0 0 0
volume_proxy 1147 0.23114327 0.337852677 0.00358888225 0 0 0
volume_proxy 1151 0.551510857 -0.964490004 0.00754203939 0 0 0
volume_proxy 1157 -0.115651832 0.436638928 0.00212951889 0 0 0
volume_proxy 1166 -1.33593163 0.437373097 -0.00911705472 0 0 0
volume_proxy 1168 -0.325188517 -0.83242859 0.00656308742 0 0 0
volume_proxy 1169 1.49009078 -0.643529869 -0.00548771894 0 0 0
volume_proxy 1170 -1.20200599 -0.0907158197 -0.00108836039 0 0 0
volume_proxy 1171 -0.712561837 0.258231952 -0.00998620798 0 0 0
volume_proxy 1172 -0.203685271 0.324272755 0.00671638147 0 0 0
volume_proxy 1174 0.118593881 0.224008596 -0.00405700543 0 0 0
volume_proxy 1179 0.713138152 0.0232890317 0.0040285507 0 0 0
volume_proxy 1180 -0.696086644 0.510625404 0.00944108509 0 0 0
volume_proxy 1182 -0.0241303643 0.782835674 4.80338956e-05 0 0 0
volume_proxy 1186 -0.305637479 -0.242787259 0.00181827383 0 0 0
volume_proxy 1191 1.09652304 0.888453824 -0.00555307425 0 0 0
volume_proxy 1193 -1.23102567 0.242845146 0.000274663613 0 0 0
volume_proxy 1195 -1.38189882 -0.332280348 -0.00384842564 0 0 0
volume_proxy 1197 -1.0069323 -0.91173267 -0.00670028679 0 0 0
volume_proxy 1198 -0.0033521998 0.550566704 -0.00422342614 0 0 0
volume_proxy 1206 0.9703616 0.354256518 -0.0068380483 0 0 0
volume_proxy 1208 -0.360895496 -0.0492568626 0.00238758542 0 0 0
volume_proxy 1209 -1.36916468 0.221787526 0.00683520002 0 0 0
volume_proxy 1210 -1.35462069 0.991731431 -0.00171416028 0 0 0
volume_proxy 1214 -0.44558421 0.107546926 0.00812530819 0 0 0
volume_proxy 1217 -0.511700476 0.590088447 -0.000208345842 0 0 0
volume_proxy 1219 -0.793674499 0.129320111 0.00255282079 0 0 0
volume_proxy 1220 0.831827722 0.150941781 0.0100138425 0 0 0
volume_proxy 1223 1.23443779 0.516204086 0.00795510894 0 0 0
volume_proxy 1225 -0.270548605 -0.129965881 0.00514664718 0 0 0
volume_proxy 1229 1.28644077 0.859009544 -0.000573510487 0 0 0
volume_proxy 1230 1.0800543 -0.678836917 -0.000939226638 0 0 0
volume_proxy 1231 -0.813451595 0.0901946568 0.00594653303 0 0 0
volume_proxy 1237 0.686816182 0.690054315 0.00778619568 0 0 0
volume_proxy 1238 0.709078672 0.962621723 0.0107908182 0 0 0
volume_proxy 1240 1.08718224 0.568550959 -0.00879016628 0 0 0
volume_proxy 1243 -0.785363585 -0.726816854 -0.0036491999 0 0 0
volume_proxy 1245 -1.44794646 0.767259638 -0.00982669024 0 0 0
volume_proxy 1247 -1.25732518 0.405333416 0.0101450232 0 0 0
volume_proxy 1248 0.937195765 0.403025288 0.00930419989 0 0 0
volume_proxy 1252 0.77250641 -0.725730925 0.00183240089 0 0 0
volume_proxy 1254 0.618612571 -0.789901298 0.00197828544 0 0 0
volume_proxy 1255 0.974960349 -0.466004905 -0.00532100206 0 0 0
volume_proxy 1257 0.388364545 -0.657113383 0.00779352606 0 0 0
volume_proxy 1258 1.06772629 0.525960579 -0.00167757662 0 0 0
volume_proxy 1259 -1.0183046 0.960032398 0.000483217084 0 0 0
volume_proxy 1260 0.546916929 0.688548227 -0.00903564866 0 0 0
volume_proxy 1261 -0.542152669 0.925127542 0.0058339056 0 0 0
volume_proxy 1262 0.800094497 0.288481442 0.00948175644 0 0 0
volume_proxy 1263 0.884359687 0.0237898836 -0.0105230974 0 0 0
volume_proxy 1264 0.261889522 -0.268707568 0.001351354 0 0 0
volume_proxy 1267 -1.09510751 -0.380839506 0.0103206147 0 0 0
volume_proxy 1270 0.552288369 -0.445443842 -0.00859506974 0 0 0
volume_proxy 1271 -1.23283888 -0.163339517 0.00442707412 0 0 0
volume_proxy 1272 0.527897829 0.00758542846 -0.0013382195 0 0 0
volume_proxy 1273 -0.63607025 0.97441195 -0.00658732527 0 0 0
volume_proxy 1275 -0.941589832 0.612511832 -0.00371659291 0 0 0
volume_proxy 1276 1.05791862 0.416708132 0.00362743873 0 0 0
volume_proxy 1277 1.46175971 0.629597974 -0.000816178166 0 0 0
volume_proxy 1278 1.19764023 0.114252024 0.0049211549 0 0 0
volume_proxy 1279 -0.985301033 0.613672825 -0.00993026231 0 0 0
volume_proxy 1280 -1.36196919 0.522343206 7.6292974e-05 0 0 0
volume_proxy 1281 -0.168436429 -0.844208559 -0.00197736915 0 0 0
volume_proxy 1285 -0.938683653 0.899450439 0.000248088363 0 0 0
volume_proxy 1289 0.755851456 -0.655046469 -0.00619023228 0 0 0
volume_proxy 1290 -1.38348015 -0.768572935 0.0107122498 0 0 0
volume_proxy 1291 -0.0868467988 0.987208183 -0.00943540494 0 0 0
volume_proxy 1292 -0.156511636 0.304810016 -0.00220964776 0 0 0
volume_proxy 1293 -0.450943378 -0.817992067 -0.00975961568 0 0 0
volume_proxy 1294 1.39510697 0.91775952 0.00933742477 0 0 0
volume_proxy 1295 -1.34730721 0.485764847 0.00304294964 0 0 0
volume_proxy 1296 -0.147116644 -0.331717146 -0.0096918173 0 0 0
volume_proxy 1297 -0.423064068 -0.608840749 0.00234422552 0 0 0
volume_proxy 1298 -0.353757997 -0.909675745 0.000707000833 0 0 0
volume_proxy 1299 -0.615935838 0.0178407105 0.00956908732 0 0 0
volume_proxy 1300 -1.40903871 0.884940406 0.00805012765 0 0 0
volume_proxy 1301 -0.967656323 0.991075679 0.00430829936 0 0 0
volume_proxy 1303 -0.873394435 0.584907059 -0.00493312655 0 0 0
volume_proxy 1306 -0.332703317 -0.21935584 -0.0027734139 0 0 0
volume_proxy 1308 -0.466038792 -0.0537604008 -0.00635545422 0 0 0
volume_proxy 1309 -0.071675393 -0.530525351 -0.00594564084 0 0 0
volume_proxy 1310 -0.0282444059 0.953720661 -0.00642609512 0 0 0
volume_proxy 1312 0.971825034 -0.238456394 0.00358414844 0 0 0
volume_proxy 1313 0.105442852 0.414889735 0.0012116319 0 0 0
volume_proxy 1314 0.159982828 0.360699872 0.00460548829 0 0 0
volume_proxy 1315 -0.683106432 -0.554372259 0.00102040386 0 0 0
volume_proxy 1316 -0.321160844 0.98170458 -0.008273487 0 0 0
volume_proxy 1317 1.39120137 0.301333085 -0.00303600481 0 0 0
volume_proxy 1318 0.911400318 -0.670523867 -0.00127791573 0 0 0
volume_proxy 1320 -0.375815413 -0.926380712 0.00241256833 0 0 0
volume_proxy 1321 -0.913363664 -0.0578323183 0.000788512249 0 0 0
volume_proxy 1322 0.916158356 -0.805572836 0.00156779223 0 0 0
volume_proxy 1323 0.884736947 0.881200314 -0.00766729243 0 0 0
volume_proxy 1324 0.966253845 0.984469977 -0.00734429259 0 0 0
volume_proxy 1325 0.127258949 -0.232350799 0.00789316089 0 0 0
volume_proxy 1326 0.125262932 -0.243030944 0.00117384237 0 0 0
volume_proxy 1327 0.569887883 -0.0745130858 0.00113360711 0 0 0
