volume_proxy 0 -0.520772472 -0.573816659 0.000420092862 0 0 0
volume_proxy 6 -0.532280383 0.122189679 -0.00331552961 0 0 0
volume_proxy 11 0.795754697 0.531660088 -0.00882673552 0 0 0
volume_proxy 12 1.1786593 -0.759186121 -0.00367540764 0 0 0
volume_proxy 14 -1.35143176 0.890542503 -0.0107771628 0 0 0
volume_proxy 23 1.48218726 -0.372601953 0.0052744775 0 0 0
volume_proxy 38 -0.824052038 -0.993816357 -0.00489414971 0 0 0
volume_proxy 40 -1.40308011 -0.171824637 -0.00373288279 0 0 0
volume_proxy 50 -1.37039481 -0.485113478 0.0104774607 0 0 0
volume_proxy 53 -1.41351661 0.831224092 -0.00651706446 0 0 0
volume_proxy 58 0.702223398 -0.258539139 -0.000592185979 0 0 0
volume_proxy 60 -0.338369375 0.876687237 -0.0105003524 0 0 0
volume_proxy 85 -0.872331566 0.702527307 0.00715693201 0 0 0
volume_proxy 97 0.643028708 0.647031337 -0.00098548128 0 0 0
volume_proxy 107 0.0812395652 0.0290516536 -0.00104086708 0 0 0
volume_proxy 127 -1.21811092 -0.826568329 0.00995152688 0 0 0
volume_proxy 130 -0.00508650627 -0.570774059 -0.00362723444 0 0 0
volume_proxy 140 0.376525181 -0.295396742 -0.00795768002 0 0 0
volume_proxy 157 0.601216277 0.111202067 -0.00786548866 0 0 0
volume_proxy 159 0.15292576 0.610510728 0.00488298742 0 0 0
volume_proxy 161 -0.248500306 -0.356820002 0.00382913366 0 0 0
volume_proxy 176 1.10655801 0.352938115 -0.000187440052 0 0 0
volume_proxy 186 -0.901227774 0.248619089 -0.00956491503 0 0 0
volume_proxy 189 -0.662248416 -0.792838919 0.00676911322 0 0 0
volume_proxy 195 -1.24895133 -0.812626153 0.0101390471 0 0 0
volume_proxy 196 -1.09407678 -0.081432599 -0.00565234852 0 0 0
volume_proxy 200 -1.26496797 0.810630455 0.000522437293 0 0 0
volume_proxy 202 -0.608085115 -0.0884458164 0.00747423346 0 0 0
volume_proxy 209 -1.04521599 0.133346144 0.00639078386 0 0 0
volume_proxy 210 0.503257055 0.374336181 -0.00372389906 0 0 0
volume_proxy 226 1.41154516 0.274750253 0.0103270866 0 0 0
volume_proxy 236 0.79022569 -0.502962256 -0.00387874919 0 0 0
volume_proxy 247 0.0447543617 -0.868103447 -0.00647779449 0 0 0
volume_proxy 256 0.772625366 -0.731885049 -8.45990387e-05 0 0 0
volume_proxy 259 0.827219818 -0.279359844 0.0083409257 0 0 0
volume_proxy 269 -1.27245652 0.766217497 -0.00340476779 0 0 0
volume_proxy 277 -1.11020649 -0.231370724 -0.00126813232 0 0 0
volume_proxy 296 -0.872507253 0.145435285 -0.00231921176 0 0 0
volume_proxy 305 0.447263868 -0.936642625 -0.000777595391 0 0 0
volume_proxy 310 1.2175813 0.763913335 -0.00868447773 0 0 0
volume_proxy 344 -0.8169729 -0.402190727 0.00450174819 0 0 0
volume_proxy 347 -0.772968475 0.972177366 0.00881665123 0 0 0
volume_proxy 356 -0.513948495 0.316451842 -0.00114797051 0 0 0
volume_proxy 375 0.751874317 -0.437157384 -0.00225446538 0 0 0
volume_proxy 388 1.31705144 -0.998565862 0.00117354982 0 0 0
volume_proxy 1052 -0.837840575 -0.136924675 0.00804331385 0 0 0
volume_proxy 1066 -0.234900409 0.29984573 0.00652042894 0 0 0
volume_proxy 1120 -0.504916811 0.813051787 0.0028131714 0 0 0
volume_proxy 1166 -0.742943836 -0.867343661 0.00321363717 0 0 0
volume_proxy 1193 -1.10271033 -0.0324693185 -0.00885139471 0 0 0
volume_proxy 1225 -1.32512612 -0.84358991 -0.00727179509 0 0 0
volume_proxy 1245 -1.22346227 0.846750768 -0.00616894214 0 0 0
volume_proxy 1280 -1.40313859 0.946714065 0.00123302917 0 0 0
volume_proxy 1285 -0.680485275 0.647819344 0.000396825494 0 0 0
volume_proxy 1295 0.535733863 0.601596005 0.00927105998 0 0 0
volume_proxy 1296 -0.427096377 -0.42851074 0.000784149444 0 0 0
volume_proxy 1340 1.14547745 -0.139646282 -0.00392785984 0 0 0
volume_proxy 1380 -1.38679092 -0.195479598 0.00437874554 0 0 0
volume_proxy 1386 1.13348018 0.892770395 0.00612744756 0 0 0
volume_proxy 1397 0.0196020355 0.6645871 -0.000638781434 0 0 0
volume_proxy 1409 0.279685091 0.391124081 0.00907988332 0 0 0
volume_proxy 1413 0.833050227 0.378299404 0.00264175172 0 0 0
volume_proxy 1422 0.95763825 -0.646987854 -0.0037388879 0 0 0
volume_proxy 1433 1.31170447 0.728064764 0.00226012425 0 0 0
volume_proxy 1437 -0.3170476 -0.902212503 0.000772745129 0 0 0
volume_proxy 1459 -0.650328614 -0.470953938 0.00267695699 0 0 0
volume_proxy 1460 -0.788900586 0.340188955 -0.00960404453 0 0 0
volume_proxy 1461 -1.11107313 0.474246171 0.000498850663 0 0 0
volume_proxy 1472 -1.05612722 -0.264343505 0.00545299525 0 0 0
volume_proxy 1474 1.08368963 0.0887968077 0.0009663279 0 0 0
volume_proxy 1481 -0.0897047611 0.274372004 -0.00452952534 0 0 0
volume_proxy 1482 0.691505012 0.442476333 -0.00974682957 0 0 0
volume_proxy 1485 0.781049734 -0.593073687 0.000362386904 0 0 0
volume_proxy 1489 0.252742487 -0.816309273 -0.00702371898 0 0 0
volume_proxy 1490 0.840567659 0.514383048 -0.000745691177 0 0 0
volume_proxy 1496 -1.29424528 0.25462259 -0.00639167509 0 0 0
volume_proxy 1498 -0.201918149 -0.328731168 -0.00464249136 0 0 0
volume_proxy 1503 -1.35863842 -0.523478635 -0.00959338655 0 0 0
volume_proxy 1506 0.465184201 0.601022049 -0.00451457706 0 0 0
volume_proxy 1507 -0.406504916 -0.725200012 0.00314361812 0 0 0
volume_proxy 1508 -0.786873091 -0.0546415608 -0.000515249898 0 0 0
volume_proxy 1509 -1.21923198 -0.0339908935 0.00257334621 0 0 0
volume_proxy 1513 -1.46286357 0.318105571 0.00548324729 0 0 0
volume_proxy 1515 0.261975455 -0.716237742 -0.00735665147 0 0 0
volume_proxy 1516 -0.160366092 -0.758905037 -0.00917266543 0 0 0
volume_proxy 1517 -1.22807576 -0.377601681 0.00756348843 0 0 0
volume_proxy 1519 0.491961028 0.234756843 -0.00949725531 0 0 0
volume_proxy 1520 0.101983903 -0.55754093 0.00810285395 0 0 0
volume_proxy 1521 -1.47615979 -0.937525293 -0.0102311029 0 0 0
volume_proxy 1523 -0.130714936 -0.288868496 -0.0104415014 0 0 0
volume_proxy 1525 -0.687513174 0.731957085 0.00826280451 0 0 0
volume_proxy 1526 1.48903085 -0.0061846004 -0.00993407825 0 0 0
volume_proxy 1528 1.19335538 -0.716692087 0.00989029392 0 0 0
volume_proxy 1529 -0.927535779 0.0610559215 0.00408697562 0 0 0
volume_proxy 1531 0.359379244 0.998149606 -0.00365965997 0 0 0
volume_proxy 1533 0.945782987 0.308134997 0.00853086378 0 0 0
volume_proxy 1534 -0.852489915 0.231833906 0.00869477804 0 0 0
volume_proxy 1537 -0.731627606 -0.659732778 0.00491372687 0 0 0
volume_proxy 1538 1.2629312 -0.338966255 -0.00413402127 0 0 0
volume_proxy 1539 0.34567603 0.788137355 0.00563898889 0 0 0
volume_proxy 1540 1.31417875 0.111806911 0.00405074969 0 0 0
volume_proxy 1541 -0.563536503 -0.870920383 -0.0042030228 0 0 0
