volume_proxy 0 0.671953471 0.452971544 -0.00497891777 0 0 0
volume_proxy 5 1.46029804 -0.825898262 0.00635063224 0 0 0
volume_proxy 6 -0.364771008 0.554346112 -0.00831080587 0 0 0
volume_proxy 11 1.49686943 0.403304444 0.00532913646 0 0 0
volume_proxy 12 0.301523967 -0.578247876 -0.00567021478 0 0 0
volume_proxy 14 -0.90380083 0.690670909 0.00192095843 0 0 0
volume_proxy 23 1.17788313 -0.684884275 0.00593975182 0 0 0
volume_proxy 38 1.08978185 -0.39585777 -0.00258449895 0 0 0
volume_proxy 40 -0.678660336 -0.494430187 0.00469397276 0 0 0
volume_proxy 50 -0.834133646 -0.267832857 -0.00931913387 0 0 0
volume_proxy 53 -0.478156457 0.78786176 0.00138023574 0 0 0
volume_proxy 58 1.01408858 -0.954696516 -0.00486456512 0 0 0
volume_proxy 60 0.247906815 0.41910964 -0.00360569255 0 0 0
volume_proxy 85 -1.11210318 -0.106637147 -0.00727921969 0 0 0
volume_proxy 97 0.924911234 0.763724281 -0.00937429911 0 0 0
volume_proxy 107 1.31720916 0.800662318 0.000100396338 0 0 0
volume_proxy 127 -1.38797604 -0.142544771 -0.00323713806 0 0 0
volume_proxy 130 0.750926191 0.470711811 0.00894628035 0 0 0
volume_proxy 140 -0.179170368 0.0899878382 0.000976215574 0 0 0
volume_proxy 157 1.11293335 -0.467336662 -0.00283479362 0 0 0
volume_proxy 159 0.917680804 0.528155239 -0.0103470598 0 0 0
volume_proxy 161 0.777298515 0.845718589 -0.00624761246 0 0 0
volume_proxy 176 0.34494822 0.453341852 0.0029264312 0 0 0
volume_proxy 186 -1.17391892 0.154125881 0.00394056551 0 0 0
volume_proxy 189 -0.929462879 0.857197341 0.01078482 0 0 0
volume_proxy 195 -0.266498703 -0.484403339 0.00699820156 0 0 0
volume_proxy 196 0.549671296 0.0661456756 0.00156568081 0 0 0
volume_proxy 200 -0.634389736 -0.933861094 -0.00672156244 0 0 0
volume_proxy 202 -0.243297614 0.802635929 -0.000926883518 0 0 0
volume_proxy 209 -1.22599987 0.147880715 -0.00904317213 0 0 0
volume_proxy 210 -0.296270912 0.498217293 0.0106454405 0 0 0
volume_proxy 226 0.366265727 -0.991144287 -0.00201131371 0 0 0
volume_proxy 236 1.01305164 0.825952506 -0.00204189372 0 0 0
volume_proxy 247 1.21795585 0.490215667 -0.00932647324 0 0 0
volume_proxy 256 -1.01300723 0.973228094 -0.0102582523 0 0 0
volume_proxy 259 0.469638378 0.618069245 0.00501884287 0 0 0
volume_proxy 269 -0.862916552 -0.294513053 -0.00466091589 0 0 0
volume_proxy 277 -1.07637921 -0.569331673 -0.000113381562 0 0 0
volume_proxy 296 -0.602966178 -0.725513888 0.00265307808 0 0 0
volume_proxy 305 0.152709807 -0.211824869 -0.00339130367 0 0 0
volume_proxy 310 0.179773933 -0.773864761 0.00124662613 0 0 0
volume_proxy 344 -1.14056248 0.689662351 -0.00292961987 0 0 0
volume_proxy 347 0.282210544 -0.0938872223 0.00461975144 0 0 0
volume_proxy 356 -0.0251925057 0.702383342 -0.00539792119 0 0 0
volume_proxy 375 1.44746328 -0.774111188 -0.00364330088 0 0 0
volume_proxy 388 0.214068325 0.335954035 0.00799978964 0 0 0
volume_proxy 802 1.41445144 -0.406207596 0.00694190547 0 0 0
volume_proxy 1052 -0.821307556 -0.968331229 -0.0073595594 0 0 0
volume_proxy 1066 0.311626508 0.103033914 -0.00216987585 0 0 0
volume_proxy 1120 -0.343656473 0.0773773037 -0.00795020796 0 0 0
volume_proxy 1166 -0.573528342 0.756798393 -0.000230662461 0 0 0
volume_proxy 1169 1.02928306 -0.98373432 -0.0043163403 0 0 0
volume_proxy 1193 -1.16792988 -0.091871171 -0.00264658016 0 0 0
volume_proxy 1225 -0.518945202 -0.297436907 0.00811151925 0 0 0
volume_proxy 1245 -1.36878307 0.426419657 -0.00668446553 0 0 0
volume_proxy 1280 -1.34188486 0.284843165 -0.00304821229 0 0 0
volume_proxy 1285 -1.09916526 0.067966452 -0.00317371173 0 0 0
volume_proxy 1295 -0.472396638 0.236595866 -0.00852329413 0 0 0
volume_proxy 1296 0.460426404 -0.112109279 -0.00782328509 0 0 0
volume_proxy 1335 0.174301646 -0.629535187 -0.00885034207 0 0 0
volume_proxy 1340 0.944185626 0.63382507 -0.00226049124 0 0 0
volume_proxy 1380 0.251004154 0.403523529 0.00609540016 0 0 0
volume_proxy 1386 0.223306193 0.375101605 0.00220594828 0 0 0
volume_proxy 1397 1.25801837 0.148511041 0.00203465213 0 0 0
volume_proxy 1409 0.0510051602 0.914717373 0.0040499433 0 0 0
volume_proxy 1413 1.31979642 0.658940523 -0.00965097561 0 0 0
volume_proxy 1420 -0.975365586 -0.182886292 0.00775340172 0 0 0
volume_proxy 1422 0.733941483 -0.897878464 0.00999672123 0 0 0
volume_proxy 1429 0.933536956 -0.354065261 -0.00481398079 0 0 0
volume_proxy 1433 1.37596744 0.575513243 -0.00172017907 0 0 0
volume_proxy 1434 0.116028327 -0.848858565 -0.00244564804 0 0 0
volume_proxy 1437 -0.000991047551 0.0468277441 0.00326676111 0 0 0
volume_proxy 1439 -0.245400497 0.583327338 0.00217841918 0 0 0
volume_proxy 1447 0.394290317 -0.917527489 -0.00406010092 0 0 0
volume_proxy 1459 -0.576027693 0.0901092157 -0.00741525385 0 0 0
volume_proxy 1460 1.38046169 0.827279853 -0.00563597112 0 0 0
volume_proxy 1461 -1.21050849 0.745246331 -0.00695125444 0 0 0
volume_proxy 1466 -0.895074978 0.076109047 0.00582942901 0 0 0
volume_proxy 1470 -1.15550126 -0.584381807 0.00172254234 0 0 0
volume_proxy 1472 -1.33288397 0.483571278 -0.00369626593 0 0 0
volume_proxy 1474 1.03771587 -0.794261102 0.00890280518 0 0 0
volume_proxy 1481 1.08555971 0.964496738 0.00601337905 0 0 0
volume_proxy 1482 0.731694465 -0.519133415 0.00854293104 0 0 0
volume_proxy 1485 0.43595282 -0.995605915 0.00375075093 0 0 0
volume_proxy 1486 1.02459966 -0.414637771 0.00858076314 0 0 0
volume_proxy 1489 0.311152493 -0.111692789 -0.0101041471 0 0 0
volume_proxy 1490 1.49989321 0.74679094 0.00351400491 0 0 0
volume_proxy 1492 0.490460273 0.523550206 0.00877621869 0 0 0
volume_proxy 1493 0.220311125 -0.0164881404 -0.00437253344 0 0 0
volume_proxy 1494 1.02814587 0.271458101 0.00292186674 0 0 0
volume_proxy 1496 -1.46878295 0.58220119 -0.00134667586 0 0 0
volume_proxy 1498 -0.977108466 0.305337742 -0.00102933002 0 0 0
volume_proxy 1501 -0.756271457 -0.890799056 -0.00236327409 0 0 0
volume_proxy 1503 -0.186522667 0.223174668 -0.00164596907 0 0 0
volume_proxy 1506 0.589282823 0.954067836 0.000627843615 0 0 0
volume_proxy 1507 -1.00502311 -0.49365245 -0.000361755271 0 0 0
volume_proxy 1508 -0.559718941 -0.864947772 -0.0104995131 0 0 0
volume_proxy 1509 -1.48435976 0.635584953 0.00835712052 0 0 0
volume_proxy 1510 0.327635467 -0.660773495 -0.00175534524 0 0 0
volume_proxy 1511 1.18979811 0.757238346 0.00249814325 0 0 0
volume_proxy 1513 -0.828981768 0.953026606 0.00928781527 0 0 0
volume_proxy 1515 0.986415845 0.331584108 -0.00128280677 0 0 0
volume_proxy 1516 -0.514377815 -0.415877692 0.00575638618 0 0 0
volume_proxy 1517 -0.810915881 -0.837962137 0.00447619564 0 0 0
volume_proxy 1518 -1.11041758 -0.0366761971 -0.000578678927 0 0 0
volume_proxy 1519 0.114610593 -0.111168013 0.00340891516 0 0 0
volume_proxy 1520 0.0489620547 -0.599858909 -0.00555052519 0 0 0
volume_proxy 1521 -0.414335371 0.65922413 0.00206968924 0 0 0
volume_proxy 1522 0.132397243 0.515302448 0.0103589276 0 0 0
volume_proxy 1523 0.981351034 -0.300978455 -0.00288415019 0 0 0
volume_proxy 1524 0.996973608 -0.425429266 -0.00941141599 0 0 0
volume_proxy 1525 -1.12475723 0.553882305 -0.00942632729 0 0 0
