volume_proxy 0 1.30798907 -0.0532877785 -0.00888980001 0 0 0
volume_proxy 5 0.345123463 -0.0330167042 -0.00789200734 0 0 0
volume_proxy 6 0.664126414 -0.246104854 0.00604170594 0 0 0
volume_proxy 11 0.8554266 0.411586551 0.0044366261 0 0 0
volume_proxy 12 1.28758976 -0.594257019 0.000401553157 0 0 0
volume_proxy 14 -0.117021922 -0.151602837 -0.00420727986 0 0 0
volume_proxy 23 -0.139734651 -0.0538033308 0.00330785101 0 0 0
volume_proxy 38 0.630619097 -0.134456763 -0.00238733482 0 0 0
volume_proxy 40 0.350950238 -0.903165783 -0.00753299269 0 0 0
volume_proxy 50 -0.348608418 -0.375807545 -0.00608762198 0 0 0
volume_proxy 53 -0.353694524 0.309544362 -0.00567012998 0 0 0
volume_proxy 58 1.23365118 -0.319435362 0.00801948352 0 0 0
volume_proxy 60 0.331973541 0.554444184 -0.00357006245 0 0 0
volume_proxy 61 0.0293092801 -0.745540124 0.00143071373 0 0 0
volume_proxy 72 0.101053624 -0.00769533821 0.00653554992 0 0 0
volume_proxy 85 -0.678543171 -0.257215758 0.00706950403 0 0 0
volume_proxy 88 -0.904645204 -0.587498533 -0.00939698216 0 0 0
volume_proxy 97 1.46012738 -0.369555092 0.00467415896 0 0 0
volume_proxy 101 -1.10466362 0.941963323 0.00570066272 0 0 0
volume_proxy 105 0.119652989 -0.444073833 -0.00752920809 0 0 0
volume_proxy 107 1.10962706 0.331640522 0.00369061209 0 0 0
volume_proxy 108 1.39911128 0.575123303 0.00169325648 0 0 0
volume_proxy 127 -1.00487719 0.598741518 0.00695601982 0 0 0
volume_proxy 130 1.34121396 0.607339147 0.00820255039 0 0 0
volume_proxy 140 -0.457128254 0.10633428 -0.00942921189 0 0 0
volume_proxy 157 0.667478985 -0.392065547 0.00711088864 0 0 0
volume_proxy 159 -0.0437534351 -0.154227368 -0.00384936996 0 0 0
volume_proxy 161 -0.118786881 -0.0569919293 -0.00865233973 0 0 0
volume_proxy 176 0.517642269 -0.880986181 -0.00465218548 0 0 0
volume_proxy 178 -1.23431184 0.934633404 -0.00182478642 0 0 0
volume_proxy 186 0.000697692863 0.36080702 0.0085303997 0 0 0
volume_proxy 189 -1.31654237 0.573894936 -0.00579230969 0 0 0
volume_proxy 195 0.144288591 -0.306875611 0.00118453474 0 0 0
volume_proxy 196 0.223129773 0.315873809 -0.00128087883 0 0 0
volume_proxy 200 -0.0296852167 -0.590003923 0.0061612081 0 0 0
volume_proxy 202 -1.07974128 0.55030585 0.00290271481 0 0 0
volume_proxy 209 -0.83335415 0.0894055705 0.00490833363 0 0 0
volume_proxy 210 -0.660491941 0.283399159 0.000688762552 0 0 0
volume_proxy 226 -0.70533092 -0.164786298 0.0049202206 0 0 0
volume_proxy 236 0.361897142 0.385461001 0.00302250126 0 0 0
volume_proxy 244 0.811828505 0.443817208 -0.00211924059 0 0 0
volume_proxy 247 0.930978637 0.332389477 -0.0085606845 0 0 0
volume_proxy 256 -0.503921225 0.0550093941 0.00659381484 0 0 0
volume_proxy 259 0.205754771 -0.373614484 -0.000943128303 0 0 0
volume_proxy 269 -0.170723331 -0.691402346 -0.00841614356 0 0 0
volume_proxy 276 1.09845379 -0.669531991 -0.00158568102 0 0 0
volume_proxy 277 -0.592047246 -0.169792011 -0.0022497194 0 0 0
volume_proxy 294 0.103579248 -0.0890150183 0.000463626969 0 0 0
volume_proxy 296 -0.162245164 -0.386155589 -0.00429877892 0 0 0
volume_proxy 298 1.36306422 -0.464542967 0.00300927994 0 0 0
volume_proxy 305 0.415089097 0.246335716 -0.00983444847 0 0 0
volume_proxy 310 1.26277798 0.469922793 0.00953256809 0 0 0
volume_proxy 311 0.88436624 -0.685320888 -0.000932349683 0 0 0
volume_proxy 329 -0.981379444 0.0531817532 0.00928949887 0 0 0
volume_proxy 337 -0.898550109 0.323435128 -0.00644547318 0 0 0
volume_proxy 344 -0.323009721 0.404718386 0.00972401625 0 0 0
volume_proxy 347 -0.367243394 -0.918647564 -0.0107086201 0 0 0
volume_proxy 349 0.026978866 -0.234939455 0.0029239983 0 0 0
volume_proxy 356 0.416762324 0.405800808 -0.00491203025 0 0 0
volume_proxy 375 1.17435752 0.00702492399 0.00704247163 0 0 0
volume_proxy 388 -0.927442323 0.592714147 0.0061622091 0 0 0
volume_proxy 399 0.373850674 -0.869203211 0.00836527704 0 0 0
volume_proxy 409 0.367324564 -0.860710392 -0.00526463028 0 0 0
volume_proxy 431 -1.39209053 -0.972810203 -0.0035157615 0 0 0
volume_proxy 512 0.235479888 -0.754224172 -0.0035209591 0 0 0
volume_proxy 518 0.971954246 0.975900182 0.00795756258 0 0 0
volume_proxy 682 -0.0276606858 -0.956363962 -0.00947121665 0 0 0
volume_proxy 802 1.13686086 -0.672754469 0.000679371586 0 0 0
volume_proxy 876 0.242033738 -0.50368403 -0.00842172578 0 0 0
volume_proxy 904 -0.249391435 0.506327011 0.00794284019 0 0 0
volume_proxy 914 0.228048637 -0.992167428 -0.0107545818 0 0 0
volume_proxy 929 -0.814555809 -0.932032982 -0.00654143007 0 0 0
volume_proxy 944 0.45746123 -0.69447388 0.0011944507 0 0 0
volume_proxy 991 -1.02564064 -0.643074628 0.00187816599 0 0 0
volume_proxy 1020 -1.4304414 0.945691583 -0.0039895301 0 0 0
volume_proxy 1021 -0.271594435 -0.787023013 0.00662398207 0 0 0
volume_proxy 1052 0.127961894 -0.129401767 0.00364885038 0 0 0
volume_proxy 1066 1.032198 0.261642568 -0.00368458998 0 0 0
volume_proxy 1093 0.0549106174 -0.204919711 0.00562939662 0 0 0
volume_proxy 1118 0.132593655 -0.426032029 0.00425380707 0 0 0
volume_proxy 1120 -0.474308602 0.703077082 -8.19557182e-05 0 0 0
volume_proxy 1133 1.19494142 -0.899578174 0.009348716 0 0 0
volume_proxy 1138 1.42931578 -0.689200328 -0.0100655912 0 0 0
volume_proxy 1151 0.269444314 -0.63839031 -0.00864644606 0 0 0
volume_proxy 1166 -0.934243149 0.452996489 0.0058440623 0 0 0
volume_proxy 1169 1.45083763 -0.655466451 0.00911878793 0 0 0
volume_proxy 1172 -0.332698607 0.546033058 -0.00381092544 0 0 0
volume_proxy 1180 -1.46032758 -0.20439572 -0.00978943506 0 0 0
volume_proxy 1186 -0.680094838 -0.75226294 -0.00456068016 0 0 0
volume_proxy 1193 -0.732141211 -0.301595102 -0.00291533029 0 0 0
volume_proxy 1197 -0.308656736 -0.457802543 -0.0079036126 0 0 0
volume_proxy 1209 -1.44730858 0.648248656 0.00889349987 0 0 0
volume_proxy 1210 -0.923954518 0.604399662 0.0039447021 0 0 0
volume_proxy 1217 -0.486453998 0.556140542 0.00473007737 0 0 0
volume_proxy 1219 -0.732667411 0.799504274 -0.00723772402 0 0 0
volume_proxy 1225 -0.0150085854 -0.391199297 0.00719571991 0 0 0
volume_proxy 1230 1.00483468 -0.272693942 0.00749075686 0 0 0
volume_proxy 1237 0.0841997572 0.950821296 0.00176874713 0 0 0
volume_proxy 1238 0.611298244 0.664588893 -0.00396180918 0 0 0
volume_proxy 1245 -1.38077394 0.979748116 -0.00828014195 0 0 0
volume_proxy 1255 1.30870789 -0.468303048 0.00148517765 0 0 0
volume_proxy 1259 -0.938933588 0.914469294 -0.00697282705 0 0 0
volume_proxy 1264 0.431189118 -0.567815397 0.00845518702 0 0 0
volume_proxy 1270 0.0417570751 0.0131000354 -0.00272325376 0 0 0
volume_proxy 1280 -1.16430782 0.483698517 0.00539350272 0 0 0
volume_proxy 1285 -1.26002367 0.665005786 -0.000652950211 0 0 0
volume_proxy 1292 0.17723498 0.098340302 -0.0073205963 0 0 0
volume_proxy 1293 -0.0757619344 -0.896467596 -0.000853835185 0 0 0
volume_proxy 1295 -1.43791587 0.825319378 0.00845521467 0 0 0
volume_proxy 1296 0.0263453877 -0.11464073 0.00449173207 0 0 0
volume_proxy 1297 -0.1160092 -0.892827358 -0.0037495376 0 0 0
volume_proxy 1298 -0.845643244 -0.883738271 -0.00732388551 0 0 0
volume_proxy 1301 -0.343728508 0.72989166 0.00977973639 0 0 0
volume_proxy 1303 -1.02687621 0.894623512 -0.00305126828 0 0 0
volume_proxy 1308 -0.417083581 0.797081401 -0.00405024058 0 0 0
volume_proxy 1315 -1.11273048 -0.68343019 -0.00514710158 0 0 0
volume_proxy 1318 0.744738813 -0.366947918 0.00930638339 0 0 0
volume_proxy 1325 -0.992432499 -0.556012578 0.00400922362 0 0 0
volume_proxy 1326 -0.051935596 -0.153438873 -0.00407875998 0 0 0
volume_proxy 1334 -1.06010798 -0.262386736 -0.00871002735 0 0 0
volume_proxy 1335 0.412022363 -0.308540638 0.00769371794 0 0 0
volume_proxy 1340 0.293732448 0.539024663 0.000421663133 0 0 0
volume_proxy 1345 0.205810039 -0.720891389 0.00511769671 0 0 0
volume_proxy 1347 -0.157934938 0.802347787 0.00743475209 0 0 0
volume_proxy 1348 1.48328092 -0.842761754 0.00453457428 0 0 0
volume_proxy 1354 -0.412906709 0.0137101207 0.0102595534 0 0 0
volume_proxy 1357 -1.36261432 0.0882435175 -0.00953965487 0 0 0
volume_proxy 1358 -0.289860987 -0.0426296878 0.00306172344 0 0 0
volume_proxy 1361 1.46968438 0.803744363 -0.00671555873 0 0 0
volume_proxy 1366 1.39693075 0.932023553 -0.00379095036 0 0 0
volume_proxy 1367 -0.960409196 -0.662239315 -0.0051320264 0 0 0
volume_proxy 1369 0.615381749 0.965953813 0.00645614181 0 0 0
volume_proxy 1378 0.515704562 -0.51244625 0.0088231332 0 0 0
volume_proxy 1379 0.428247362 0.265235925 9.14007272e-05 0 0 0
volume_proxy 1380 -0.481181148 0.639510257 -0.00644910368 0 0 0
volume_proxy 1381 0.819710254 0.448641946 -0.0012687047 0 0 0
volume_proxy 1382 -0.0437307313 -0.161060545 0.00413532665 0 0 0
volume_proxy 1383 -1.12765063 0.293954819 0.000721247906 0 0 0
volume_proxy 1384 0.315051247 0.199568498 0.00555000628 0 0 0
volume_proxy 1385 0.870595918 0.811347931 0.00835117718 0 0 0
volume_proxy 1386 0.973404006 0.641701772 -0.00858100397 0 0 0
volume_proxy 1388 0.262007948 0.380997406 0.00672398451 0 0 0
volume_proxy 1389 -0.192830724 0.613612315 -0.0054885893 0 0 0
volume_proxy 1390 -1.34961045 0.576908162 -0.00572809692 0 0 0
volume_proxy 1392 -0.314024966 -0.963034708 0.00512715672 0 0 0
volume_proxy 1395 1.35923998 0.0950521351 0.0037736499 0 0 0
volume_proxy 1397 -0.0828690537 0.759640547 0.000627935533 0 0 0
volume_proxy 1398 -0.917637776 0.711946519 -0.00628596705 0 0 0
volume_proxy 1403 0.578921584 0.0477876721 -0.00158398857 0 0 0
volume_proxy 1405 0.758137913 0.473471451 0.00772962187 0 0 0
volume_proxy 1406 0.0923017511 -0.771208028 -0.00818955848 0 0 0
volume_proxy 1408 0.267465014 0.809011626 -0.0087941708 0 0 0
volume_proxy 1409 0.889552677 0.532384926 0.00212801067 0 0 0
volume_proxy 1411 0.782112439 0.79959222 -0.00377504613 0 0 0
volume_proxy 1413 0.879519737 0.503602741 -0.00258171024 0 0 0
volume_proxy 1414 1.04547206 0.699695888 0.00881224118 0 0 0
volume_proxy 1415 1.30103751 -0.208228026 -0.00372403441 0 0 0
volume_proxy 1418 -1.35244708 -0.0118275391 -0.0024178475 0 0 0
volume_proxy 1419 -1.15725584 -0.9933389 -0.00257184574 0 0 0
volume_proxy 1420 -1.42796065 -0.612927216 0.00489245793 0 0 0
volume_proxy 1421 -1.20602519 -0.123696305 0.00372940977 0 0 0
volume_proxy 1422 0.641969803 -0.899928454 0.00810793682 0 0 0
volume_proxy 1423 -0.458330178 0.27680633 0.00194195416 0 0 0
volume_proxy 1425 -0.679440557 -0.819750779 0.00305677464 0 0 0
volume_proxy 1426 0.452251512 -0.117918089 0.00137487092 0 0 0
volume_proxy 1427 -0.517252659 0.0235541436 0.00706996376 0 0 0
volume_proxy 1428 0.0377023594 0.636916293 -0.00587840077 0 0 0
volume_proxy 1429 1.10746011 -0.0561021733 0.00543935741 0 0 0
volume_proxy 1430 -0.510702408 -0.853532987 -0.00395106864 0 0 0
volume_proxy 1431 0.699832285 0.576105658 0.00445578425 0 0 0
volume_proxy 1432 0.696204546 0.573643259 0.00275395797 0 0 0
