volume_proxy 0 0.847716175 0.440943696 0.00279651104 0 0 0
volume_proxy 5 1.10325283 -0.929140364 -5.56412765e-05 0 0 0
volume_proxy 6 -0.548482227 0.100752643 -0.00698314536 0 0 0
volume_proxy 11 0.538272284 0.588703861 0.000188135731 0 0 0
volume_proxy 12 0.631026485 -0.803209749 0.0100794159 0 0 0
volume_proxy 14 -1.05491819 0.450902861 -0.0102577211 0 0 0
volume_proxy 23 0.91295888 -0.993107973 -0.000667399248 0 0 0
volume_proxy 38 1.00816459 -0.0958799296 0.00279901522 0 0 0
volume_proxy 40 -0.290793105 -0.250565057 -0.00780088259 0 0 0
volume_proxy 50 -1.16540001 -0.346624537 0.00575665485 0 0 0
volume_proxy 53 -0.404332861 0.922701973 -0.00908185147 0 0 0
volume_proxy 58 0.734038109 -0.905648669 -0.00446112219 0 0 0
volume_proxy 60 0.563045519 0.46892762 0.00742658855 0 0 0
volume_proxy 72 -0.0964720627 -0.560776045 0.0105349334 0 0 0
volume_proxy 85 -0.765285686 -0.102630114 0.002321939 0 0 0
volume_proxy 97 0.822468733 0.582064307 -0.00392330305 0 0 0
volume_proxy 107 1.3401023 0.907047103 0.00733363532 0 0 0
volume_proxy 127 -1.17327943 -0.0845175587 -0.0059784098 0 0 0
volume_proxy 130 1.01549745 0.0462794708 -0.00259770956 0 0 0
volume_proxy 140 0.19205254 0.850121075 0.00187096748 0 0 0
volume_proxy 157 1.14891843 -0.279924016 0.00540954216 0 0 0
volume_proxy 159 0.430158841 0.638737732 -0.000752185564 0 0 0
volume_proxy 161 0.812167505 0.506252224 0.00512898109 0 0 0
volume_proxy 176 0.645100088 -0.0176699918 0.00445721242 0 0 0
volume_proxy 186 -0.982500311 0.20222029 -0.006746789 0 0 0
volume_proxy 189 -0.809738649 0.858472479 0.00046970815 0 0 0
volume_proxy 195 0.0177723736 -0.441857051 0.00814001128 0 0 0
volume_proxy 196 0.713036622 -0.707645839 -0.00200937874 0 0 0
volume_proxy 200 -0.280737799 -0.515901157 0.00177850803 0 0 0
volume_proxy 202 -0.306925193 0.459904229 0.0035519999 0 0 0
volume_proxy 209 -1.48855018 0.392820576 -0.00535405608 0 0 0
volume_proxy 210 -1.07784932 0.791562096 -0.00598600537 0 0 0
volume_proxy 226 0.230310612 -0.643662057 -0.00814801631 0 0 0
volume_proxy 236 1.01969145 0.999500565 -0.0037421528 0 0 0
volume_proxy 247 1.3201035 0.81289543 -0.00125625996 0 0 0
volume_proxy 256 -0.266965993 0.851403081 0.00438216954 0 0 0
volume_proxy 259 0.445563743 0.559953355 0.00509049044 0 0 0
volume_proxy 269 -0.223086279 -0.734142456 0.0105552153 0 0 0
volume_proxy 277 -1.46397493 0.216879624 -0.00941177855 0 0 0
volume_proxy 296 -0.431148554 -0.642814978 0.00671006982 0 0 0
volume_proxy 305 0.250941118 -0.0602226296 0.0101672862 0 0 0
volume_proxy 310 0.754110508 -0.95632625 -0.00618810582 0 0 0
volume_proxy 344 -1.21877521 0.754353355 -0.0101504771 0 0 0
volume_proxy 347 -0.483876811 -0.204299503 0.00297847676 0 0 0
volume_proxy 356 0.384475136 0.941492243 -0.00441345716 0 0 0
volume_proxy 375 0.819011953 -0.824120705 0.00241126044 0 0 0
volume_proxy 388 -0.224788504 0.653708656 0.002153611 0 0 0
volume_proxy 802 1.44969247 -0.02221026 0.00539329596 0 0 0
volume_proxy 876 0.0112616425 -0.360587105 -0.00674951291 0 0 0
volume_proxy 1052 -0.680687627 -0.80299901 -0.0099171903 0 0 0
volume_proxy 1066 0.307603983 0.428624586 0.00956038422 0 0 0
volume_proxy 1120 -0.700236817 0.483322702 0.00472432841 0 0 0
volume_proxy 1166 -0.545214506 0.774247132 -0.00369072134 0 0 0
volume_proxy 1169 0.73317673 -0.971051311 0.00267746233 0 0 0
volume_proxy 1193 -1.21444991 -0.631598372 0.00609601203 0 0 0
volume_proxy 1225 -0.3525688 -0.432642521 0.00868726759 0 0 0
volume_proxy 1245 -1.27034615 0.658424427 0.00403072214 0 0 0
volume_proxy 1280 -1.23643456 0.12658506 0.00831850357 0 0 0
volume_proxy 1285 -0.958163769 0.351772041 0.00598895038 0 0 0
volume_proxy 1295 -0.759657801 0.620658442 0.0102162159 0 0 0
volume_proxy 1296 0.21325431 0.176732964 -0.00838859065 0 0 0
volume_proxy 1335 0.876080558 -0.834539309 0.00807644291 0 0 0
volume_proxy 1340 1.21571815 0.0569540791 0.0105439325 0 0 0
volume_proxy 1380 0.03892579 0.296214846 0.000984780533 0 0 0
volume_proxy 1386 0.386950802 0.621378815 -0.00182827617 0 0 0
volume_proxy 1397 0.856177907 0.111257383 -0.000887454036 0 0 0
volume_proxy 1409 0.662835078 0.929183288 0.00661081004 0 0 0
volume_proxy 1413 1.4844658 0.461055783 0.00574574378 0 0 0
volume_proxy 1420 -1.33554722 -0.00345189791 0.0067985968 0 0 0
volume_proxy 1422 1.45973076 -0.854550694 -0.00608899533 0 0 0
volume_proxy 1426 1.09845253 -0.00661123767 -0.00931313097 0 0 0
volume_proxy 1429 1.10643512 -0.435300195 -0.00911324503 0 0 0
volume_proxy 1433 1.3798075 0.757448237 0.0021447424 0 0 0
volume_proxy 1434 -0.331640431 -0.740573398 0.000930690374 0 0 0
volume_proxy 1437 -0.259576101 -0.129523905 0.0039210135 0 0 0
volume_proxy 1439 -0.449178928 0.986566813 0.000606318377 0 0 0
volume_proxy 1440 1.02302676 -0.445530178 -0.00631541329 0 0 0
volume_proxy 1445 -0.206744157 -0.999860265 0.00824700349 0 0 0
volume_proxy 1447 0.982653087 -0.315001333 -0.00798135429 0 0 0
volume_proxy 1459 -0.840083194 2.64498678e-05 -0.0064599555 0 0 0
volume_proxy 1460 1.35819454 0.91243869 0.00578032668 0 0 0
volume_proxy 1461 -1.26503557 0.539304716 -0.00819705413 0 0 0
volume_proxy 1466 -1.13257377 0.145778769 0.00896282983 0 0 0
volume_proxy 1470 -1.41783277 -0.554895516 -0.00575685827 0 0 0
volume_proxy 1471 0.0356921918 0.699968325 -0.00840973318 0 0 0
volume_proxy 1472 -1.36667302 0.289504911 0.000711142762 0 0 0
volume_proxy 1474 0.898793022 -0.683901106 -0.0036446854 0 0 0
volume_proxy 1481 1.2095374 0.700743409 -0.00258725659 0 0 0
volume_proxy 1482 0.5567704 -0.60338364 -0.00859310927 0 0 0
volume_proxy 1485 0.221979698 -0.580268287 0.00491609896 0 0 0
volume_proxy 1486 1.07027538 -0.339148873 0.00979309176 0 0 0
volume_proxy 1489 -0.268201982 0.230065482 -0.00615162288 0 0 0
volume_proxy 1490 1.22543519 0.784416956 -0.00782315924 0 0 0
volume_proxy 1492 0.588735471 0.610569356 -0.00574357378 0 0 0
volume_proxy 1493 0.355774401 0.147023782 -0.00587866568 0 0 0
volume_proxy 1494 1.08380235 0.599210496 0.0105456697 0 0 0
volume_proxy 1496 -1.0853306 0.194441131 -0.00254618943 0 0 0
volume_proxy 1497 0.0513905531 -0.331131083 0.00520836945 0 0 0
volume_proxy 1498 -1.13011814 0.266330374 0.00540671592 0 0 0
volume_proxy 1501 -0.911261086 -0.788901534 -0.00292589485 0 0 0
volume_proxy 1503 -0.119459179 0.0617172257 -0.00877470007 0 0 0
volume_proxy 1505 -0.186455629 0.895855347 0.00571859197 0 0 0
volume_proxy 1506 0.497237636 0.870365638 -0.000715765288 0 0 0
volume_proxy 1507 -1.15255608 -0.428067789 0.0019772476 0 0 0
volume_proxy 1508 -0.557424976 -0.992116844 0.00168239668 0 0 0
volume_proxy 1509 -1.39984498 0.708310062 0.00729148218 0 0 0
volume_proxy 1510 0.505026533 -0.31304804 0.000191557153 0 0 0
volume_proxy 1511 1.06246986 0.639922357 -0.00547541699 0 0 0
volume_proxy 1512 -1.12009304 0.564208587 0.00473241746 0 0 0
volume_proxy 1513 -0.563093218 0.590526278 0.00401660381 0 0 0
volume_proxy 1514 -1.36305666 0.358920411 -0.000611547294 0 0 0
volume_proxy 1515 0.394041594 0.39191903 -0.00555743377 0 0 0
volume_proxy 1516 -0.842267876 -0.582524589 -0.00516786765 0 0 0
volume_proxy 1517 -0.920132851 -0.461396559 -0.00963379067 0 0 0
volume_proxy 1518 -1.07231635 -0.0943060675 0.00741676538 0 0 0
