volume_proxy 0 0.593843846 -0.0355385102 0.000709803285 0 0 0
volume_proxy 5 1.02454901 -0.844814456 0.00469286801 0 0 0
volume_proxy 6 -0.139981119 -0.66382602 0.00530244606 0 0 0
volume_proxy 11 0.824198887 0.1101328 -0.000207264025 0 0 0
volume_proxy 12 0.0984227364 -0.722387581 0.00433997635 0 0 0
volume_proxy 14 -0.675178993 0.209782778 0.00544307891 0 0 0
volume_proxy 23 0.927505907 -0.749408679 -0.00731148689 0 0 0
volume_proxy 38 0.634197745 0.984694314 -0.000792551169 0 0 0
volume_proxy 40 -0.202806891 -0.172087194 -0.00454519647 0 0 0
volume_proxy 50 -0.723979659 -0.824878166 0.00164068701 0 0 0
volume_proxy 53 -0.562357645 0.661007928 -0.00837976616 0 0 0
volume_proxy 58 1.20340139 -0.746578294 -0.00964556768 0 0 0
volume_proxy 60 0.959771037 0.156250816 0.00570141625 0 0 0
volume_proxy 72 -0.0507529658 -0.273625177 -0.00175233333 0 0 0
volume_proxy 85 -1.33777867 0.383528353 0.00837513398 0 0 0
volume_proxy 97 0.998425472 -0.0628525761 0.00937707404 0 0 0
volume_proxy 107 1.28623432 0.895794436 0.00486574273 0 0 0
volume_proxy 127 -1.28066973 0.353977572 -0.000656509743 0 0 0
volume_proxy 130 1.00017791 0.160066577 -0.00782976304 0 0 0
volume_proxy 140 -0.431104999 0.718232236 0.0025857845 0 0 0
volume_proxy 157 1.45179994 -0.0110551389 0.00345980993 0 0 0
volume_proxy 159 -0.0317074189 0.65774516 0.00226377639 0 0 0
volume_proxy 161 0.905745856 0.232712942 0.00801728377 0 0 0
volume_proxy 176 0.153414563 0.245299256 0.00753607266 0 0 0
volume_proxy 186 -1.0321965 0.463482787 -0.00265722107 0 0 0
volume_proxy 189 -1.48470856 0.853856357 -0.0057145022 0 0 0
volume_proxy 195 -0.61500666 -0.742697086 0.00991126281 0 0 0
volume_proxy 196 0.634129585 -0.569258457 -0.010577436 0 0 0
volume_proxy 200 -0.591118775 -0.874363937 -0.000150157128 0 0 0
volume_proxy 202 -1.03573757 0.58722633 -0.00888927166 0 0 0
volume_proxy 209 -0.817002172 0.303675397 0.00921022506 0 0 0
volume_proxy 210 -0.645009221 0.747205227 0.00353045249 0 0 0
volume_proxy 226 0.492174577 -0.865435598 -0.00419241792 0 0 0
volume_proxy 236 1.33811293 0.588379215 -0.00280563572 0 0 0
volume_proxy 247 1.17380564 0.873265535 -0.00698650198 0 0 0
volume_proxy 256 -0.179616086 0.547908364 -0.0105276229 0 0 0
volume_proxy 259 0.542501902 0.573920447 0.00017331088 0 0 0
volume_proxy 269 0.1384252 -0.763753793 0.00599536408 0 0 0
volume_proxy 277 -1.49662618 -0.00719387377 0.00735720596 0 0 0
volume_proxy 296 -0.00230934414 -0.895194794 -0.00576885972 0 0 0
volume_proxy 305 0.395765709 -0.272199412 -0.000129300203 0 0 0
volume_proxy 310 1.39459238 -0.406399627 -0.00523149159 0 0 0
volume_proxy 329 -1.31750497 0.171932401 0.00937686373 0 0 0
volume_proxy 344 -1.44369559 0.585230487 -0.00922460996 0 0 0
volume_proxy 347 -0.290368545 0.197735565 -0.00489607158 0 0 0
volume_proxy 349 -1.08924081 -0.0700996464 0.0100600289 0 0 0
volume_proxy 356 -0.109402004 0.936738058 0.000974108974 0 0 0
volume_proxy 375 0.2465199 -0.861526164 -0.00133442889 0 0 0
volume_proxy 388 -0.283676811 0.23418676 -0.00966246967 0 0 0
volume_proxy 431 -1.30215751 0.272508819 -0.00318265811 0 0 0
volume_proxy 802 1.02235396 0.691542623 0.00334672728 0 0 0
volume_proxy 876 0.202249288 -0.527680455 0.00178651302 0 0 0
volume_proxy 1052 -0.165968608 -0.649395688 0.00885064324 0 0 0
volume_proxy 1066 0.459071961 0.994017728 0.00518551237 0 0 0
volume_proxy 1120 -0.594462927 0.659998612 0.00633222982 0 0 0
volume_proxy 1166 -0.545140339 0.850334414 0.00338938078 0 0 0
volume_proxy 1169 1.10707297 -0.932043538 0.00398268658 0 0 0
volume_proxy 1172 0.0716469067 0.45647942 -0.0060357447 0 0 0
volume_proxy 1186 -0.724464649 -0.427891721 0.0054490382 0 0 0
volume_proxy 1193 -0.582049987 -0.116142728 -0.00341632793 0 0 0
volume_proxy 1225 0.013719522 -0.40593986 -0.00811120705 0 0 0
volume_proxy 1245 -1.38532032 0.82879527 -0.00104407708 0 0 0
volume_proxy 1280 -1.1109433 0.47685126 -0.00577982217 0 0 0
volume_proxy 1285 -1.15400191 0.713792495 0.00977151356 0 0 0
volume_proxy 1295 -0.530857588 0.450010338 -0.0104413241 0 0 0
volume_proxy 1296 0.288734915 -0.00745774657 -0.00513413233 0 0 0
volume_proxy 1335 0.626494048 -0.80694207 -0.00688261219 0 0 0
volume_proxy 1340 1.11336713 0.202319017 0.00766026786 0 0 0
volume_proxy 1380 -0.278373663 0.147490162 -0.00426751514 0 0 0
volume_proxy 1386 -0.0147353485 0.854109051 0.00880756659 0 0 0
volume_proxy 1397 0.860252539 0.909040932 -0.000922290487 0 0 0
volume_proxy 1403 0.363805029 0.256282775 -0.00322547918 0 0 0
volume_proxy 1409 0.835946685 0.965890635 0.0105113414 0 0 0
volume_proxy 1413 0.910349285 0.461731765 -0.00982843585 0 0 0
volume_proxy 1420 -1.2710473 -0.127105359 0.0068533596 0 0 0
volume_proxy 1421 -1.42768269 -0.180998937 -0.00465231293 0 0 0
volume_proxy 1422 1.13996191 -0.907289946 -0.0105045104 0 0 0
volume_proxy 1426 0.828442461 -0.387547716 -0.00280425361 0 0 0
volume_proxy 1429 1.042346 0.0691082543 0.00025091272 0 0 0
volume_proxy 1433 1.2896348 0.492916895 -0.00291757683 0 0 0
volume_proxy 1434 0.079096092 -0.594847295 0.00946133154 0 0 0
volume_proxy 1437 0.132518905 -0.229640916 0.00127512587 0 0 0
volume_proxy 1439 -0.55993185 0.906020202 -0.00262155088 0 0 0
volume_proxy 1440 0.741387562 -0.548595139 -0.0056223271 0 0 0
volume_proxy 1444 -0.807585003 -0.794383176 0.00981696951 0 0 0
volume_proxy 1445 -0.061796113 -0.912137961 0.00780084027 0 0 0
volume_proxy 1447 0.794011406 -0.502576988 -0.0068646731 0 0 0
volume_proxy 1459 -0.851669287 0.461750557 0.00097891163 0 0 0
volume_proxy 1460 0.960397116 0.0944851091 -0.00848987216 0 0 0
volume_proxy 1461 -1.25387883 0.7301218 0.00743677349 0 0 0
volume_proxy 1462 -0.973923619 -0.0507510807 -0.0107095133 0 0 0
volume_proxy 1466 -0.495641943 -0.574376622 -0.0100736178 0 0 0
volume_proxy 1470 -1.45340377 -0.774325413 -0.010450604 0 0 0
volume_proxy 1471 0.250899057 0.563766063 -0.00454730552 0 0 0
volume_proxy 1472 -1.02847446 0.380144421 0.00438880994 0 0 0
volume_proxy 1474 0.72805905 -0.50423639 -0.00907705045 0 0 0
volume_proxy 1481 1.4118497 0.429606115 -0.00771600107 0 0 0
volume_proxy 1482 0.748710714 -0.884681191 -0.00249009717 0 0 0
volume_proxy 1485 0.339786595 -0.584104892 0.00248035794 0 0 0
volume_proxy 1486 1.19044695 -0.655606172 0.00220523411 0 0 0
volume_proxy 1489 -0.675844885 0.439729511 -0.00236002156 0 0 0
volume_proxy 1490 1.1378698 0.618629089 0.00762720034 0 0 0
volume_proxy 1492 0.205401508 0.639711646 0.00991752421 0 0 0
volume_proxy 1493 0.168228343 0.42948868 0.00470932943 0 0 0
volume_proxy 1494 0.967672651 0.697847342 -0.000260362561 0 0 0
volume_proxy 1496 -1.23975757 0.440655094 0.00106846184 0 0 0
volume_proxy 1497 0.161187718 0.00327598234 0.0036197987 0 0 0
volume_proxy 1498 -1.15050578 0.503942722 -0.00226157415 0 0 0
volume_proxy 1501 -0.890950437 -0.656569302 0.008068147 0 0 0
volume_proxy 1502 -0.934890456 -0.838199539 -0.00638700282 0 0 0
volume_proxy 1503 -0.545137737 0.0187249291 0.0050415678 0 0 0
volume_proxy 1505 0.127978752 0.937065192 0.000103946636 0 0 0
volume_proxy 1506 0.356007173 0.373692047 -0.000744678607 0 0 0
volume_proxy 1507 -0.973412742 -0.511018276 0.00272131441 0 0 0
volume_proxy 1508 -0.37031518 -0.947485069 -0.00340281889 0 0 0
volume_proxy 1509 -1.47920058 0.893017931 0.00829262091 0 0 0
volume_proxy 1510 0.57512351 -0.743231751 -0.00291088321 0 0 0
volume_proxy 1511 1.09051981 0.238914647 -0.0104444129 0 0 0
volume_proxy 1512 -0.977404289 0.183652054 -0.00134398218 0 0 0
volume_proxy 1513 -0.76974958 0.78020316 -0.00367538479 0 0 0
