volume_proxy 0 0.903892524 0.369921059 0.00440509979 0 0 0
volume_proxy 5 1.14254563 -0.924015691 -0.00808264207 0 0 0
volume_proxy 6 -0.571951705 -0.0821088547 0.0107950685 0 0 0
volume_proxy 11 0.565813646 0.578364845 0.0066752279 0 0 0
volume_proxy 12 0.645433152 -0.800443332 0.00295716019 0 0 0
volume_proxy 14 -1.04244734 0.496123012 0.000218628594 0 0 0
volume_proxy 23 0.926779278 -0.953149371 0.0104702143 0 0 0
volume_proxy 38 0.977111994 -0.0756951874 0.00692123123 0 0 0
volume_proxy 40 -0.28111537 -0.251347889 -0.0102254519 0 0 0
volume_proxy 50 -1.03178139 -0.35964897 0.00954316332 0 0 0
volume_proxy 53 -0.375249908 0.912761001 -0.00283796725 0 0 0
volume_proxy 58 0.732185984 -0.857806846 -0.00924855827 0 0 0
volume_proxy 60 0.551104926 0.428244105 -0.0046417397 0 0 0
volume_proxy 72 -0.153637845 -0.516722725 -0.00671507278 0 0 0
volume_proxy 85 -0.827653611 -0.0720271642 -0.00926244235 0 0 0
volume_proxy 97 0.904566313 0.603691033 0.0104042114 0 0 0
volume_proxy 107 1.39270356 0.955830885 0.00837958586 0 0 0
volume_proxy 127 -1.2384228 -0.0819080496 -0.00882120983 0 0 0
volume_proxy 130 0.919744102 0.0885940953 -0.00388421302 0 0 0
volume_proxy 140 0.127631541 0.789295368 0.00539276911 0 0 0
volume_proxy 157 1.10430279 -0.310939285 -0.00825518258 0 0 0
volume_proxy 159 0.392055831 0.668225352 -0.00335816545 0 0 0
volume_proxy 161 0.782763265 0.489884694 0.000465226496 0 0 0
volume_proxy 176 0.630737816 0.0738882469 -0.00186478708 0 0 0
volume_proxy 186 -0.888863247 0.156808194 0.00561518767 0 0 0
volume_proxy 189 -0.848910391 0.949854382 -0.000364420973 0 0 0
volume_proxy 195 -0.017496984 -0.461513413 -0.00778538225 0 0 0
volume_proxy 196 0.682273733 -0.759878515 0.00095510261 0 0 0
volume_proxy 200 -0.322764949 -0.565505218 0.00467279481 0 0 0
volume_proxy 202 -0.33267707 0.402338897 0.00300395412 0 0 0
volume_proxy 209 -1.4557849 0.334245846 -0.0104340616 0 0 0
volume_proxy 210 -1.01375695 0.772111774 -0.00911521123 0 0 0
volume_proxy 226 0.369232975 -0.597692519 -0.00930098337 0 0 0
volume_proxy 236 0.909059715 0.933740948 -0.00567226463 0 0 0
volume_proxy 247 1.43525164 0.846163895 -0.00642835115 0 0 0
volume_proxy 256 -0.232671744 0.891670049 0.00665786146 0 0 0
volume_proxy 259 0.448479663 0.534726898 -0.00957607077 0 0 0
volume_proxy 269 -0.184930574 -0.712262477 -0.00507641857 0 0 0
volume_proxy 277 -1.46608152 0.1340892 -0.00832759475 0 0 0
volume_proxy 296 -0.54020386 -0.643729141 0.00585979526 0 0 0
volume_proxy 305 0.223042975 -0.0833816204 -0.00584872777 0 0 0
volume_proxy 310 0.737155436 -0.965470965 0.00112160778 0 0 0
volume_proxy 344 -1.2009416 0.73990474 -0.00145757033 0 0 0
volume_proxy 347 -0.505945265 -0.232500559 7.88806734e-06 0 0 0
volume_proxy 356 0.445785066 0.917628379 -0.00685307685 0 0 0
volume_proxy 375 0.814898301 -0.818619376 0.00585206209 0 0 0
volume_proxy 388 -0.203990832 0.603989035 0.00534303344 0 0 0
volume_proxy 802 1.49474379 0.0816258554 0.00422101591 0 0 0
volume_proxy 876 0.0410902418 -0.377028578 0.00713627886 0 0 0
volume_proxy 1052 -0.664279986 -0.79657673 -0.00764062027 0 0 0
volume_proxy 1066 0.235604975 0.462884763 0.00339465848 0 0 0
volume_proxy 1120 -0.662198526 0.470182714 0.00255742519 0 0 0
volume_proxy 1166 -0.584193224 0.773743297 0.00809251277 0 0 0
volume_proxy 1169 0.748949926 -0.923564948 0.00662867381 0 0 0
volume_proxy 1193 -1.13475512 -0.659899604 -0.00439855611 0 0 0
volume_proxy 1225 -0.308752708 -0.406981683 0.00657901958 0 0 0
volume_proxy 1245 -1.29536468 0.587109805 0.00522531104 0 0 0
volume_proxy 1280 -1.26248604 0.187595539 -0.00948314129 0 0 0
volume_proxy 1285 -1.01156504 0.369976506 -0.00502251788 0 0 0
volume_proxy 1295 -0.799077854 0.604121527 -0.000233132247 0 0 0
volume_proxy 1296 0.230547905 0.108686514 -0.00295120776 0 0 0
volume_proxy 1335 0.901028911 -0.801573709 -0.00694412135 0 0 0
volume_proxy 1340 1.19170434 0.129598418 -0.0060446619 0 0 0
volume_proxy 1380 -0.0248906517 0.321597877 0.000940815343 0 0 0
volume_proxy 1386 0.360965064 0.640309251 0.00061508616 0 0 0
volume_proxy 1397 0.860709615 0.177493435 0.00728825257 0 0 0
volume_proxy 1409 0.68554586 0.908837243 0.0107353876 0 0 0
volume_proxy 1413 1.48983983 0.471043495 -0.00652962616 0 0 0
volume_proxy 1420 -1.33415694 -0.0234900022 -0.0029119705 0 0 0
volume_proxy 1422 1.46738901 -0.883488088 -0.00731780653 0 0 0
volume_proxy 1426 1.10099932 0.021913417 0.00592795323 0 0 0
volume_proxy 1429 1.13839515 -0.417133007 -0.00774488265 0 0 0
volume_proxy 1433 1.41158656 0.753147815 0.0105789044 0 0 0
volume_proxy 1434 -0.325888932 -0.803692532 0.0102291905 0 0 0
volume_proxy 1437 -0.28190387 -0.117509412 0.00296666696 0 0 0
volume_proxy 1439 -0.508057428 0.959653623 0.00212383215 0 0 0
volume_proxy 1440 0.968998278 -0.434005991 0.0105336234 0 0 0
volume_proxy 1445 -0.239983373 -0.973903663 4.70840492e-06 0 0 0
volume_proxy 1447 0.999383733 -0.369744274 0.0104881847 0 0 0
volume_proxy 1459 -0.864683326 0.013839728 -0.00358235544 0 0 0
volume_proxy 1460 1.34047619 0.943463058 -0.0089291556 0 0 0
volume_proxy 1461 -1.24190618 0.570105288 -0.00811436452 0 0 0
volume_proxy 1466 -1.12459971 0.164345281 0.00548338793 0 0 0
volume_proxy 1470 -1.44157164 -0.590843509 0.00220542057 0 0 0
volume_proxy 1471 -0.0200377527 0.627514065 -0.00729368766 0 0 0
volume_proxy 1472 -1.4016791 0.368467456 0.00864479377 0 0 0
volume_proxy 1474 0.851192366 -0.689028644 0.00227232873 0 0 0
volume_proxy 1481 1.25640815 0.665125679 0.00675588235 0 0 0
volume_proxy 1482 0.559390054 -0.626984964 0.00114874376 0 0 0
volume_proxy 1485 0.230794527 -0.600759759 -0.00598546303 0 0 0
volume_proxy 1486 1.08109486 -0.3545926 -0.00621356681 0 0 0
volume_proxy 1489 -0.331259969 0.240595418 0.0100389756 0 0 0
volume_proxy 1490 1.2082307 0.774645791 0.00192166263 0 0 0
volume_proxy 1492 0.59727057 0.584262042 -0.00580229954 0 0 0
volume_proxy 1493 0.347521016 0.177932667 -0.00434546529 0 0 0
volume_proxy 1494 1.09256736 0.575502106 -0.00324373738 0 0 0
volume_proxy 1496 -1.05615313 0.145176794 -0.0085440008 0 0 0
volume_proxy 1497 0.0327348096 -0.312829501 -0.00509116691 0 0 0
volume_proxy 1498 -1.08206751 0.313441515 -0.00805178504 0 0 0
volume_proxy 1501 -0.905934641 -0.757751628 -0.00907744923 0 0 0
volume_proxy 1503 -0.0727543853 0.109635437 0.00141365017 0 0 0
volume_proxy 1505 -0.15796328 0.956285466 0.00710693147 0 0 0
volume_proxy 1506 0.582331617 0.930145774 -0.00300083156 0 0 0
volume_proxy 1507 -1.12328156 -0.416714265 0.00654978966 0 0 0
volume_proxy 1508 -0.576143273 -0.935800166 0.00200044866 0 0 0
volume_proxy 1509 -1.37222916 0.674653228 -0.00383419835 0 0 0
volume_proxy 1510 0.500280221 -0.339780732 0.00671404253 0 0 0
volume_proxy 1511 1.06315243 0.660029049 0.00515570271 0 0 0
volume_proxy 1512 -1.11128762 0.549468129 0.00612968169 0 0 0
volume_proxy 1513 -0.595960638 0.586649728 -0.0106188193 0 0 0
volume_proxy 1514 -1.30117278 0.350546485 0.00517906909 0 0 0
volume_proxy 1515 0.371728194 0.410510831 0.00673258034 0 0 0
volume_proxy 1516 -0.872941557 -0.602959163 0.00294410584 0 0 0
volume_proxy 1517 -0.920133348 -0.39811845 0.00311630006 0 0 0
volume_proxy 1518 -1.07072136 -0.0623800434 0.0101765339 0 0 0
