volume_proxy 0 1.33804067 0.198865699 -0.0104940616 0 0 0
volume_proxy 5 0.606361346 -0.334190324 0.00203350586 0 0 0
volume_proxy 6 -0.414859893 -0.247555259 -0.00505571443 0 0 0
volume_proxy 11 0.731654341 0.0443325458 -0.00607209799 0 0 0
volume_proxy 12 0.561352833 -0.236092369 0.00793210848 0 0 0
volume_proxy 14 0.0517867419 0.154983665 -0.00846553936 0 0 0
volume_proxy 23 1.1679583 -0.708409234 0.00122624463 0 0 0
volume_proxy 38 0.514216847 0.723117313 -0.00285170095 0 0 0
volume_proxy 40 -0.121195716 0.0346654019 -0.00155201552 0 0 0
volume_proxy 50 -0.599148947 -0.850836763 0.00307245819 0 0 0
volume_proxy 53 -0.684974874 0.598465653 -0.00185659502 0 0 0
volume_proxy 58 1.4373408 -0.323638404 0.00777729211 0 0 0
volume_proxy 60 1.17878546 0.20344345 -0.00285339341 0 0 0
volume_proxy 72 -0.0200557059 0.0161284121 -0.000766310482 0 0 0
volume_proxy 85 -1.11370937 0.359477196 0.00516318093 0 0 0
volume_proxy 97 0.976236109 0.189305391 -0.00187607469 0 0 0
volume_proxy 105 1.44107979 -0.335131522 -0.0039473323 0 0 0
volume_proxy 107 1.36648344 0.855779156 -0.00169925225 0 0 0
volume_proxy 127 -1.09553924 0.522365832 -0.00719250849 0 0 0
volume_proxy 130 1.21188757 0.316759 -0.00431110358 0 0 0
volume_proxy 140 -0.656679937 0.955172579 -0.0103829884 0 0 0
volume_proxy 157 1.23682393 0.0939371829 -0.00424658453 0 0 0
volume_proxy 159 0.021301835 0.88206765 0.00304809455 0 0 0
volume_proxy 161 0.522919983 0.305872592 -0.00555311615 0 0 0
volume_proxy 176 -0.0645558474 -0.391700171 0.0002058315 0 0 0
volume_proxy 186 -0.911754951 0.746145308 0.00947757606 0 0 0
volume_proxy 189 -0.903959271 0.942022482 -0.00431233213 0 0 0
volume_proxy 195 -0.22654604 -0.230409807 -0.00619319766 0 0 0
volume_proxy 196 0.459928934 -0.508072666 0.00142020522 0 0 0
volume_proxy 200 -0.0980708014 -0.583421316 0.010588291 0 0 0
volume_proxy 202 -1.02397305 0.301450789 0.00101044447 0 0 0
volume_proxy 209 -1.47739103 0.0739495221 -0.00391119156 0 0 0
volume_proxy 210 -0.819059628 0.92832549 -0.00400804808 0 0 0
volume_proxy 226 0.282665279 -0.617860755 -0.000194577506 0 0 0
volume_proxy 236 0.778678863 0.842722414 -0.00320986844 0 0 0
volume_proxy 247 0.753768578 0.896573761 0.0040015733 0 0 0
volume_proxy 256 -0.609928976 0.794197679 -0.00710674247 0 0 0
volume_proxy 259 0.547012313 0.00277639739 -0.00513915199 0 0 0
volume_proxy 269 0.291676376 -0.254992825 -0.00961773854 0 0 0
volume_proxy 277 -1.14121923 -0.366838415 -0.00698431627 0 0 0
volume_proxy 296 0.142664461 -0.492288777 0.00796118877 0 0 0
volume_proxy 305 -0.0231704317 -0.667925823 0.0104372111 0 0 0
volume_proxy 310 1.26473573 -0.278677557 -0.00856410349 0 0 0
volume_proxy 329 -1.02977363 -0.494106494 0.00603737737 0 0 0
volume_proxy 337 -0.772371553 0.58794434 -0.000447541733 0 0 0
volume_proxy 344 -1.36313119 0.795080056 -0.0106829507 0 0 0
volume_proxy 347 -0.468835944 0.307372337 0.00362890603 0 0 0
volume_proxy 349 -0.701431212 0.0468394117 0.00808346904 0 0 0
volume_proxy 356 0.176619539 0.789748411 -0.00408582069 0 0 0
volume_proxy 375 0.513605158 -0.88347309 0.00516441406 0 0 0
volume_proxy 388 -0.938801997 0.3212901 0.0101688543 0 0 0
volume_proxy 431 -1.31767443 0.0572289938 0.00869955657 0 0 0
volume_proxy 802 1.09740522 0.622998645 0.00215431729 0 0 0
volume_proxy 876 0.497323785 -0.855371622 -0.00643687923 0 0 0
volume_proxy 1052 -0.0331016104 -0.564869764 -0.00498798286 0 0 0
volume_proxy 1066 0.326933767 0.696046245 0.0106179114 0 0 0
volume_proxy 1120 -0.27533549 0.509850735 0.00148861206 0 0 0
volume_proxy 1166 -0.574157739 0.839035767 -0.00846505185 0 0 0
volume_proxy 1169 1.37014805 -0.90590372 0.00958495893 0 0 0
volume_proxy 1172 -0.113481873 0.91434876 -0.00887920141 0 0 0
volume_proxy 1186 -0.512027668 -0.298578179 -0.00165997186 0 0 0
volume_proxy 1193 -0.587664438 0.255605331 0.00298390157 0 0 0
volume_proxy 1219 -0.606818946 0.796969225 0.00786038144 0 0 0
volume_proxy 1225 0.11268492 -0.204485973 -0.00854487824 0 0 0
volume_proxy 1245 -1.176923 0.986820384 -0.0105564562 0 0 0
volume_proxy 1280 -1.39660443 0.730219313 0.00711119959 0 0 0
volume_proxy 1285 -1.23322423 0.990422451 0.000416253934 0 0 0
volume_proxy 1295 -0.945032669 0.987622622 0.00139117311 0 0 0
volume_proxy 1296 0.381101566 0.119539623 0.00915737421 0 0 0
volume_proxy 1326 1.00319856 -0.710837977 -0.002449815 0 0 0
volume_proxy 1335 0.336362278 -0.743098997 0.00837769746 0 0 0
volume_proxy 1340 1.01680511 0.274545587 -0.00322573663 0 0 0
volume_proxy 1380 0.0467104902 0.140994686 0.00956283047 0 0 0
volume_proxy 1386 0.181496419 0.766202131 0.00885206149 0 0 0
volume_proxy 1397 0.983777116 0.986090447 0.000306634473 0 0 0
volume_proxy 1403 0.596297501 0.220202379 -0.000919615087 0 0 0
volume_proxy 1409 0.913669024 0.595735329 -0.00822998958 0 0 0
volume_proxy 1413 0.645192699 0.785595321 0.00756807001 0 0 0
volume_proxy 1418 -1.2083674 0.280523804 -0.00833926201 0 0 0
volume_proxy 1420 -1.41076096 0.0371258352 -0.00232289323 0 0 0
volume_proxy 1421 -1.37898036 -0.164576945 -0.00066301872 0 0 0
volume_proxy 1422 1.10188767 -0.879928345 -0.00918350709 0 0 0
volume_proxy 1423 -0.615492509 0.754195934 0.0104326546 0 0 0
volume_proxy 1426 0.736950364 -0.649134221 -0.00160598672 0 0 0
volume_proxy 1429 1.18378369 -0.0761471234 0.000490995349 0 0 0
volume_proxy 1433 1.15747097 0.457273147 -0.00541941165 0 0 0
volume_proxy 1434 0.147012494 -0.541740831 -0.000462198516 0 0 0
volume_proxy 1437 -0.165749283 -0.275254045 -0.00316702798 0 0 0
volume_proxy 1439 -0.231872226 0.796545103 0.00716524697 0 0 0
volume_proxy 1440 0.509892856 -0.466905167 -0.00268951486 0 0 0
volume_proxy 1444 -1.39799459 -0.988754239 -0.008364067 0 0 0
volume_proxy 1445 0.195097305 -0.6329521 0.0056631218 0 0 0
volume_proxy 1447 1.43802974 -0.541470999 0.000845494884 0 0 0
volume_proxy 1459 -0.622524009 0.731799476 0.00833846637 0 0 0
volume_proxy 1460 0.757535915 0.071222982 -0.0106051252 0 0 0
volume_proxy 1461 -0.956708315 0.55173704 -0.0050536117 0 0 0
volume_proxy 1462 -1.05028484 -0.468098882 0.0084772247 0 0 0
volume_proxy 1466 -0.598700329 -0.800568232 0.00983080686 0 0 0
volume_proxy 1470 -1.21620592 -0.686741709 -0.0100803942 0 0 0
volume_proxy 1471 0.0561300905 0.710173071 -0.00908194208 0 0 0
volume_proxy 1472 -0.997140094 0.826570435 -0.00132683709 0 0 0
volume_proxy 1474 1.24464233 -0.938056434 -0.0019081855 0 0 0
volume_proxy 1475 1.09433685 -0.0968052578 0.00568714451 0 0 0
volume_proxy 1481 1.21367308 0.693997495 -0.00167314573 0 0 0
volume_proxy 1482 0.466326114 -0.887246735 0.00425292251 0 0 0
volume_proxy 1485 0.263957236 -0.692582402 0.0101924541 0 0 0
volume_proxy 1486 1.23647836 -0.433491635 0.00491160229 0 0 0
volume_proxy 1489 -0.380603067 0.606398004 0.00433628282 0 0 0
volume_proxy 1490 1.3176022 0.841100112 -0.00549232279 0 0 0
volume_proxy 1492 0.191672149 0.586724002 0.00673935126 0 0 0
volume_proxy 1493 0.274136175 0.352279013 -0.00585505159 0 0 0
volume_proxy 1494 0.974691303 0.702444949 -0.00211567601 0 0 0
volume_proxy 1495 0.766460327 -0.707721524 0.00848122503 0 0 0
volume_proxy 1496 -0.623015335 0.44920835 0.00451702554 0 0 0
volume_proxy 1497 0.256669122 0.511657052 0.00680964612 0 0 0
volume_proxy 1498 -1.34657668 0.611149112 -0.0103220738 0 0 0
volume_proxy 1501 -0.932263423 -0.868408071 -0.0103352679 0 0 0
volume_proxy 1502 -0.947447951 -0.564966387 0.00130739619 0 0 0
volume_proxy 1503 -0.585326802 0.114771196 -0.00855714761 0 0 0
volume_proxy 1505 -0.188658899 0.757558997 -0.00090238769 0 0 0
volume_proxy 1506 0.247305184 0.402861127 -0.00567690171 0 0 0
volume_proxy 1507 -0.699682071 -0.526142887 -0.00584471706 0 0 0
volume_proxy 1508 -0.190349822 -0.818303613 0.00784161081 0 0 0
volume_proxy 1509 -1.28579888 0.916775809 0.00693934035 0 0 0
