volume_proxy 0 1.27850696 0.14461804 0.00297213998 0 0 0
volume_proxy 4 1.43849444 0.984831955 -0.00676805782 0 0 0
volume_proxy 5 0.273850061 0.907776983 -0.00823735734 0 0 0
volume_proxy 6 1.34181392 0.00699539212 0.0034755192 0 0 0
volume_proxy 11 0.404671033 0.925691561 0.0100394011 0 0 0
volume_proxy 12 0.791766599 -0.00387955371 -0.00499232138 0 0 0
volume_proxy 14 0.593119812 0.265130869 0.000310312015 0 0 0
volume_proxy 23 -0.789512016 -0.263273687 0.000455942227 0 0 0
volume_proxy 38 0.390265956 -0.552561784 -0.00493294209 0 0 0
volume_proxy 40 0.037829901 -0.463705815 0.00943066978 0 0 0
volume_proxy 50 0.00541953411 -0.920469125 0.0100171009 0 0 0
volume_proxy 53 -0.263013582 -0.48985791 -0.00553417474 0 0 0
volume_proxy 58 1.33564611 -0.27640438 -0.00579218585 0 0 0
volume_proxy 60 -0.629283093 0.293453183 -0.010607396 0 0 0
volume_proxy 61 -0.785877128 -0.967442114 0.00523745619 0 0 0
volume_proxy 72 0.504226484 0.143125919 -0.00766694505 0 0 0
volume_proxy 81 -1.22116372 0.103832195 0.00631997429 0 0 0
volume_proxy 85 -0.703939469 0.45109841 0.0036811952 0 0 0
volume_proxy 88 -0.426593652 0.402152865 0.0064836771 0 0 0
volume_proxy 97 0.81953594 -0.815584735 -0.00142251792 0 0 0
volume_proxy 101 -1.4195121 0.787980385 -0.0062544239 0 0 0
volume_proxy 105 -0.126036195 -0.423045446 0.00778249667 0 0 0
volume_proxy 106 -0.750057748 -0.789809049 -0.000564223667 0 0 0
volume_proxy 107 0.634649883 0.682923426 -0.00849054397 0 0 0
volume_proxy 108 1.4865035 0.297286592 0.00370281182 0 0 0
volume_proxy 126 -0.366607836 -0.808653355 -0.00186773809 0 0 0
volume_proxy 127 -0.675169914 0.139422298 0.00834008154 0 0 0
volume_proxy 130 1.37288225 0.860219203 0.00501365575 0 0 0
volume_proxy 132 0.896216409 0.713355729 -0.0104480265 0 0 0
volume_proxy 135 -0.161034049 -0.960641409 -0.00608100062 0 0 0
volume_proxy 140 -0.705325308 0.942337122 0.00778325179 0 0 0
volume_proxy 145 -1.18069814 -0.579156876 6.31830082e-06 0 0 0
volume_proxy 157 0.484701564 -0.0458727722 0.00724888367 0 0 0
volume_proxy 159 -0.854894925 -0.68276868 -0.00437014584 0 0 0
volume_proxy 161 -0.778761232 0.555977758 -0.00919928649 0 0 0
volume_proxy 169 0.916819151 0.77426034 0.00696384418 0 0 0
volume_proxy 176 0.470040422 -0.562230078 -0.00730426908 0 0 0
volume_proxy 178 -1.29107754 0.607143449 -0.00814678299 0 0 0
volume_proxy 186 -0.152457734 0.272556522 -0.00320069926 0 0 0
volume_proxy 189 -1.18142441 0.47054173 -0.00594614036 0 0 0
volume_proxy 195 -0.640050528 0.326750378 -0.0058350642 0 0 0
volume_proxy 196 1.00261942 0.429289353 -0.00587061247 0 0 0
volume_proxy 198 1.06095868 -0.759776777 0.0106577311 0 0 0
volume_proxy 200 -1.17161072 -0.172375597 0.00328379353 0 0 0
volume_proxy 202 -0.861902977 0.931120376 0.00630102172 0 0 0
volume_proxy 209 -1.10604894 -0.834619729 -0.0071814123 0 0 0
volume_proxy 210 0.121502384 0.519686788 0.00986793488 0 0 0
volume_proxy 224 0.840006059 -0.915122363 0.00892376958 0 0 0
volume_proxy 226 -0.913589655 -0.878689817 0.00459200893 0 0 0
volume_proxy 228 -0.264155571 0.772080376 0.00206682304 0 0 0
volume_proxy 236 0.35099342 0.132354189 0.000695571303 0 0 0
volume_proxy 237 0.483764549 0.556920506 0.00830219306 0 0 0
volume_proxy 244 0.854594317 0.309580402 -0.000531981115 0 0 0
volume_proxy 247 1.35485419 -0.389447137 0.00153592143 0 0 0
volume_proxy 251 0.670620405 -0.284032726 0.00886318542 0 0 0
volume_proxy 256 -0.126061128 -0.73029344 0.00758267812 0 0 0
volume_proxy 258 0.649853299 0.152562802 0.0026628298 0 0 0
volume_proxy 259 0.806263953 0.796445846 0.00192069326 0 0 0
volume_proxy 269 0.835775818 -0.18639112 0.00655404711 0 0 0
volume_proxy 271 -1.40343095 0.787446017 -0.0045644453 0 0 0
volume_proxy 276 0.70627475 -0.557557465 -0.00303519017 0 0 0
volume_proxy 277 -0.658102893 -0.937121916 0.00883164984 0 0 0
volume_proxy 279 0.214233924 0.213518073 -0.00107068529 0 0 0
volume_proxy 294 0.0842858668 0.836732888 0.00921296058 0 0 0
volume_proxy 296 -0.02532484 -0.563994284 0.0100594976 0 0 0
volume_proxy 298 0.78227438 -0.851161025 0.00541598893 0 0 0
volume_proxy 305 0.228200212 -0.0752936942 0.00406254021 0 0 0
volume_proxy 310 0.873961225 0.475091035 -0.0049133347 0 0 0
volume_proxy 311 1.0363867 -0.49569333 -0.00675170526 0 0 0
volume_proxy 314 -0.417835924 0.466259283 -0.00223902355 0 0 0
volume_proxy 329 -0.799293026 0.913383888 0.00239823829 0 0 0
volume_proxy 337 -1.26348238 0.282497798 -0.00198831388 0 0 0
volume_proxy 344 0.834181311 0.532157234 -0.00502777487 0 0 0
volume_proxy 345 -0.77111104 0.686195077 0.00262154292 0 0 0
volume_proxy 347 -0.392179799 -0.773506347 -0.0072072376 0 0 0
volume_proxy 349 0.772574589 -0.0364396095 0.0103944395 0 0 0
volume_proxy 356 0.240172533 0.983306199 -0.0069760096 0 0 0
volume_proxy 358 1.3063838 0.665596765 0.00199309758 0 0 0
volume_proxy 370 1.12659622 0.654214618 -0.000277541437 0 0 0
volume_proxy 375 0.865575913 -0.275900519 0.00967481853 0 0 0
volume_proxy 388 -1.24034614 0.347115409 -0.0050611611 0 0 0
volume_proxy 393 1.2596403 -0.0287867334 -0.00286805575 0 0 0
volume_proxy 399 0.444273169 -0.492999073 0.00546340232 0 0 0
volume_proxy 409 0.0820697547 -0.84996132 -0.00447110101 0 0 0
volume_proxy 412 1.17801446 -0.799048469 -0.00145171549 0 0 0
volume_proxy 431 -1.22716013 -0.52120604 0.00934555295 0 0 0
volume_proxy 497 -1.09928481 -0.640804275 0.00906339921 0 0 0
volume_proxy 512 0.0804053396 -0.876063675 -0.00146289982 0 0 0
volume_proxy 518 1.48710241 -0.252436933 -0.0100302501 0 0 0
volume_proxy 591 -0.39249503 0.824245649 -0.00247809521 0 0 0
volume_proxy 616 0.73433986 0.861889215 -0.010068766 0 0 0
volume_proxy 637 -1.07236594 -0.512047801 0.00308410229 0 0 0
volume_proxy 669 1.1594097 -0.59198157 -0.00663530108 0 0 0
volume_proxy 682 0.0847701604 0.00698558462 0.0055438998 0 0 0
volume_proxy 725 -1.10206164 -0.384745667 0.00995715688 0 0 0
volume_proxy 751 -0.248702036 -0.480179614 -0.0101759646 0 0 0
volume_proxy 797 -0.993519495 -0.716882203 0.00174141207 0 0 0
volume_proxy 802 1.03411691 -0.140237605 0.000155535687 0 0 0
volume_proxy 814 0.770049577 -0.565179282 -0.00151720062 0 0 0
volume_proxy 848 -1.26246272 -0.43613807 0.00449893372 0 0 0
volume_proxy 876 -0.500112277 -0.186341749 0.00850628712 0 0 0
volume_proxy 883 0.242882709 0.746468111 -0.00761431759 0 0 0
volume_proxy 902 -0.0426374667 0.270587578 0.00681400758 0 0 0
volume_proxy 904 -1.00112113 0.706613865 0.00429666641 0 0 0
volume_proxy 914 0.651447931 -0.908782198 0.00302723265 0 0 0
volume_proxy 915 -0.587148192 -0.0468105442 -0.010544565 0 0 0
volume_proxy 926 -0.63579386 0.07816374 -0.00718089665 0 0 0
volume_proxy 929 -0.962910584 -0.49724592 -0.00640978356 0 0 0
volume_proxy 944 0.569744192 -0.638005439 0.00272453696 0 0 0
volume_proxy 979 -0.124888494 0.642276989 0.0101910899 0 0 0
volume_proxy 991 -0.886603503 -0.545231212 0.00191603698 0 0 0
volume_proxy 997 1.4431674 0.0910552746 0.0076884078 0 0 0
volume_proxy 1001 -0.099639682 0.78191578 -0.00708985814 0 0 0
volume_proxy 1020 -1.07282303 0.253237708 0.00619144189 0 0 0
volume_proxy 1021 -0.974431017 -0.934041337 -0.00840999785 0 0 0
volume_proxy 1031 0.854185582 -0.489776647 0.00699230042 0 0 0
volume_proxy 1042 1.00142012 0.815554559 0.00767465995 0 0 0
volume_proxy 1050 -0.788577091 -0.354543225 0.00251176871 0 0 0
volume_proxy 1052 -0.460271117 0.307063596 0.00671362765 0 0 0
volume_proxy 1062 0.387739951 0.353057906 -0.0101546571 0 0 0
volume_proxy 1066 0.692575997 0.577663363 -0.0031029208 0 0 0
volume_proxy 1069 -1.06997331 -0.404723365 -0.00779316585 0 0 0
volume_proxy 1086 0.596216508 -0.437968325 -0.00327794737 0 0 0
volume_proxy 1093 -0.314251331 -0.696196797 -0.000112672621 0 0 0
volume_proxy 1098 0.366877394 0.885248115 -0.00289273611 0 0 0
volume_proxy 1102 1.08289799 0.686976653 0.00949776817 0 0 0
volume_proxy 1110 0.750126449 -0.358814805 -0.00730710742 0 0 0
volume_proxy 1113 1.11506628 0.774650181 -0.00845264969 0 0 0
volume_proxy 1117 0.83287577 0.22095819 -0.00503393867 0 0 0
volume_proxy 1118 -0.0471659244 -0.554895666 -0.00545501656 0 0 0
volume_proxy 1120 0.00768837942 0.427531425 0.00375685765 0 0 0
volume_proxy 1133 0.974909226 -0.949016136 0.0068294449 0 0 0
volume_proxy 1134 0.0983742815 0.468909819 -0.00051230382 0 0 0
volume_proxy 1137 -0.635062424 0.25760208 -0.00736508581 0 0 0
volume_proxy 1138 1.31638867 -0.793070313 -0.00512178872 0 0 0
volume_proxy 1147 0.496885505 0.269160143 -0.000930789699 0 0 0
volume_proxy 1151 0.514833055 -0.933667511 -0.00750697289 0 0 0
volume_proxy 1157 -0.0409146434 0.697330596 -0.0105309295 0 0 0
volume_proxy 1166 -1.2366855 0.415971378 -0.00550011826 0 0 0
volume_proxy 1168 -0.237380125 -0.796922626 0.00214930706 0 0 0
volume_proxy 1169 1.37986604 -0.609668053 0.00493505188 0 0 0
volume_proxy 1170 -1.18591626 -0.0985600285 0.0066916083 0 0 0
volume_proxy 1172 -0.19320917 0.348660764 0.00238908225 0 0 0
volume_proxy 1179 0.807760608 0.135650936 0.0044242624 0 0 0
volume_proxy 1180 -0.78858648 0.525624196 -0.00582670747 0 0 0
volume_proxy 1182 -0.264424605 0.967482206 0.0101631906 0 0 0
volume_proxy 1186 -0.374056141 -0.113749918 0.00111107209 0 0 0
volume_proxy 1191 1.08382819 0.995211187 0.00756722904 0 0 0
volume_proxy 1193 -1.27059332 0.216287765 0.00542443378 0 0 0
volume_proxy 1195 -1.39733682 -0.304609244 0.00545182611 0 0 0
volume_proxy 1197 -1.11082216 -0.726152859 0.00584759193 0 0 0
volume_proxy 1198 0.137213832 0.516463833 -0.00330042532 0 0 0
volume_proxy 1206 0.881806427 0.237423629 -0.00904836289 0 0 0
volume_proxy 1208 -0.330262969 -0.0192111235 0.000379469988 0 0 0
volume_proxy 1209 -1.43515208 0.29440907 -0.00761290337 0 0 0
volume_proxy 1210 -1.48630637 0.81759867 -0.00825755267 0 0 0
volume_proxy 1214 -0.608338101 0.117043208 0.0105882079 0 0 0
volume_proxy 1217 -0.571106636 0.618350449 0.00605029375 0 0 0
volume_proxy 1219 -0.742872137 0.333914592 0.00277215528 0 0 0
volume_proxy 1220 0.698859389 0.269285972 0.00955845296 0 0 0
volume_proxy 1223 1.41178321 0.586264588 0.000697421912 0 0 0
volume_proxy 1225 -0.340254292 -0.08619591 -0.00613828538 0 0 0
volume_proxy 1229 1.43972648 0.980059926 -0.00664216664 0 0 0
volume_proxy 1230 1.06542612 -0.873982707 0.00606026959 0 0 0
volume_proxy 1231 -0.797496301 0.127164551 0.00777732018 0 0 0
volume_proxy 1237 0.604494439 0.663920839 0.0101136277 0 0 0
volume_proxy 1238 0.840451273 0.955586318 0.0019252622 0 0 0
volume_proxy 1243 -0.889040009 -0.65020168 -0.00661385891 0 0 0
volume_proxy 1245 -1.47960193 0.958626096 0.00806103362 0 0 0
volume_proxy 1247 -1.34736496 0.29892919 -0.00445584465 0 0 0
volume_proxy 1248 0.800598147 0.593084284 -0.00164015804 0 0 0
volume_proxy 1252 0.685194072 -0.7176919 0.00670775068 0 0 0
volume_proxy 1254 0.683499415 -0.642035312 -0.000793323188 0 0 0
volume_proxy 1255 1.12087567 -0.325986484 0.00455943968 0 0 0
volume_proxy 1257 0.437031486 -0.778459259 -0.000547399822 0 0 0
volume_proxy 1259 -1.1497216 0.933071418 0.00603971427 0 0 0
volume_proxy 1260 0.451351573 0.730482201 0.00687918682 0 0 0
volume_proxy 1261 -0.61863825 0.908226551 -0.00342509291 0 0 0
volume_proxy 1262 0.791279112 0.41096528 0.00305140282 0 0 0
volume_proxy 1263 0.784364173 -0.0714991858 0.00450166142 0 0 0
volume_proxy 1264 0.280844059 -0.260037383 0.00876959951 0 0 0
volume_proxy 1267 -1.12808196 -0.434772687 0.000288354663 0 0 0
volume_proxy 1270 0.235270016 -0.422702783 -0.00568665185 0 0 0
volume_proxy 1271 -1.27237501 -0.340474742 -0.00538639719 0 0 0
volume_proxy 1273 -0.707578386 0.905567211 0.00129700938 0 0 0
volume_proxy 1276 1.12231414 0.548612193 0.00986989491 0 0 0
volume_proxy 1277 1.32944934 0.353019244 -0.00179208357 0 0 0
volume_proxy 1280 -1.36958229 0.306364177 -0.000129639012 0 0 0
volume_proxy 1281 -0.180453853 -0.794153876 0.000606258441 0 0 0
volume_proxy 1285 -0.88123444 0.847397863 0.00594655047 0 0 0
volume_proxy 1289 0.573382964 -0.528362041 0.00070459481 0 0 0
volume_proxy 1290 -1.37321285 -0.717070088 -0.00151819472 0 0 0
volume_proxy 1291 -0.128254583 0.990304181 -0.00364991522 0 0 0
volume_proxy 1292 -0.0920525531 0.126261906 -0.00482241924 0 0 0
volume_proxy 1293 -0.405229451 -0.665195454 -0.00451602343 0 0 0
volume_proxy 1294 1.36009531 0.843814968 -0.00614987107 0 0 0
volume_proxy 1295 -1.25192745 0.416012108 -0.0030758618 0 0 0
volume_proxy 1296 -0.0951486905 -0.31556294 0.0102574983 0 0 0
volume_proxy 1297 -0.287423496 -0.649739331 -0.0064897584 0 0 0
volume_proxy 1298 -0.586633326 -0.94808558 -0.0105925035 0 0 0
volume_proxy 1299 -0.614722365 0.109191536 -0.0106945531 0 0 0
volume_proxy 1300 -1.4351313 0.791228555 0.00478154311 0 0 0
volume_proxy 1301 -1.05750664 0.91179725 -0.0101524834 0 0 0
volume_proxy 1303 -0.844617127 0.536433191 -0.00493410836 0 0 0
volume_proxy 1308 -0.481363418 -0.0907666123 0.00457633247 0 0 0
volume_proxy 1309 -0.0449744199 -0.385335661 -0.00198664208 0 0 0
volume_proxy 1310 0.0182251405 0.894800859 0.00719563839 0 0 0
volume_proxy 1312 0.900664699 -0.432864163 0.00854983344 0 0 0
volume_proxy 1314 0.0832726744 0.35604411 0.00598753619 0 0 0
volume_proxy 1315 -0.619238616 -0.491125704 -0.000440538671 0 0 0
volume_proxy 1316 -0.138674286 0.986887957 -0.00673962927 0 0 0
volume_proxy 1317 1.43235004 0.525559824 0.0063375849 0 0 0
volume_proxy 1318 0.995295904 -0.69961363 -0.00696828366 0 0 0
volume_proxy 1320 -0.400349218 -0.891755189 0.00677240521 0 0 0
volume_proxy 1321 -0.924143908 -0.242940431 0.00887324716 0 0 0
volume_proxy 1322 0.709760788 -0.791825451 -0.00115145793 0 0 0
volume_proxy 1323 0.853129874 0.73100495 -0.0055723039 0 0 0
volume_proxy 1324 0.976915834 0.979016167 -0.00438116416 0 0 0
volume_proxy 1325 0.157697255 -0.0234940449 0.00113913981 0 0 0
volume_proxy 1326 0.0402828212 -0.298404939 0.0075557644 0 0 0
volume_proxy 1328 -0.90935026 0.652724716 -0.00780796193 0 0 0
volume_proxy 1329 1.09669064 0.515369425 0.00832639453 0 0 0
volume_proxy 1330 0.270657219 0.192993982 0.0026864181 0 0 0
volume_proxy 1331 0.237515956 0.234664109 0.00525489239 0 0 0
volume_proxy 1332 1.12472237 0.200220152 0.0101946768 0 0 0
volume_proxy 1333 1.10697362 0.157412562 0.00530201689 0 0 0
volume_proxy 1334 -1.39997627 -0.632591699 0.00186690379 0 0 0
volume_proxy 1335 0.199090139 0.19534243 0.00362655867 0 0 0
volume_proxy 1336 0.616965653 -0.116146534 0.00879570452 0 0 0
volume_proxy 1337 -0.728943137 0.42772141 -0.00332827707 0 0 0
volume_proxy 1338 -0.337518469 -0.151166977 -0.00733850029 0 0 0
volume_proxy 1339 -0.260878906 -0.193985793 0.000944993587 0 0 0
volume_proxy 1340 0.400890366 0.184498682 0.00821876683 0 0 0
