volume_proxy 0 0.891295296 0.338662108 -0.00102182965 0 0 0
volume_proxy 5 1.14801348 -0.799117115 0.00502301807 0 0 0
volume_proxy 6 -0.200846779 -0.100131091 -0.0100728803 0 0 0
volume_proxy 11 0.7889409 0.525102217 -0.00994009197 0 0 0
volume_proxy 12 0.484978532 -0.736589453 -0.00424341457 0 0 0
volume_proxy 14 -0.890608964 0.310894 -0.000508613221 0 0 0
volume_proxy 23 1.04211486 -0.77366144 -0.00346246675 0 0 0
volume_proxy 38 0.661450464 0.240199925 -0.00174645527 0 0 0
volume_proxy 40 -0.244834672 -0.245684134 0.00456864583 0 0 0
volume_proxy 50 -0.880948251 -0.615831988 0.00179351181 0 0 0
volume_proxy 53 -0.382610849 0.910110408 -0.00421785354 0 0 0
volume_proxy 58 0.611061363 -0.91622779 0.00218408276 0 0 0
volume_proxy 60 0.279729042 0.496782481 0.00539215044 0 0 0
volume_proxy 72 0.187273179 -0.248408149 -0.00305040548 0 0 0
volume_proxy 85 -0.882531069 -0.15601115 -0.00707801647 0 0 0
volume_proxy 97 0.789496658 0.492313643 -0.0100678553 0 0 0
volume_proxy 107 1.15542567 0.916389302 0.00579430947 0 0 0
volume_proxy 127 -1.31188905 0.0543822536 -0.00699187159 0 0 0
volume_proxy 130 1.09809197 0.257815563 0.00787021888 0 0 0
volume_proxy 140 0.217601926 0.762387373 0.00346038043 0 0 0
volume_proxy 157 1.01205764 0.0425564558 0.00274860656 0 0 0
volume_proxy 159 0.479232964 0.987477591 0.00866396062 0 0 0
volume_proxy 161 0.739628779 0.388797657 0.00937036697 0 0 0
volume_proxy 176 0.342170288 0.294655469 0.0089100041 0 0 0
volume_proxy 186 -0.786998037 0.274388445 -0.00718636076 0 0 0
volume_proxy 189 -1.00142448 0.916658247 -0.00598956703 0 0 0
volume_proxy 195 0.208424046 -0.79962108 -0.000506209413 0 0 0
volume_proxy 196 0.843792004 -0.627010293 -0.000141389118 0 0 0
volume_proxy 200 -0.449426158 -0.577476064 0.00633526374 0 0 0
volume_proxy 202 -0.646755358 0.629277083 -0.000171135802 0 0 0
volume_proxy 209 -1.34855291 0.245177696 0.000739862618 0 0 0
volume_proxy 210 -0.956033411 0.505933317 0.00639776351 0 0 0
volume_proxy 226 -0.154479809 -0.874298731 0.00459034925 0 0 0
volume_proxy 236 0.947127916 0.537228617 0.00860464243 0 0 0
volume_proxy 247 1.30005766 0.875736331 0.00564967477 0 0 0
volume_proxy 256 -0.620154163 0.723149174 0.0061724401 0 0 0
volume_proxy 259 0.387658331 0.529373452 0.000787518793 0 0 0
volume_proxy 269 -0.0222289927 -0.451276413 -0.00604351397 0 0 0
volume_proxy 277 -1.42801778 0.148813586 0.000603806235 0 0 0
volume_proxy 296 -0.686034816 -0.576375855 0.0058233705 0 0 0
volume_proxy 305 0.464091654 -0.616388007 -8.32990479e-05 0 0 0
volume_proxy 310 0.760686691 -0.624717778 -0.00177262421 0 0 0
volume_proxy 344 -1.01813797 0.749840467 -0.0103216351 0 0 0
volume_proxy 347 -0.445485569 0.212590004 -0.00698682802 0 0 0
volume_proxy 356 0.308823369 0.92331312 -0.00451157849 0 0 0
volume_proxy 375 0.687887488 -0.89504878 -0.00978314164 0 0 0
volume_proxy 388 0.0307748771 0.378462428 0.0106056763 0 0 0
volume_proxy 802 1.3539173 0.415061641 -0.00369963236 0 0 0
volume_proxy 876 -0.101534208 -0.387167732 0.00816737394 0 0 0
volume_proxy 1052 -0.658051987 -0.960008887 0.0103773146 0 0 0
volume_proxy 1066 0.357075686 0.552935152 -0.00258873231 0 0 0
volume_proxy 1120 -0.884692145 0.643974376 0.0107350409 0 0 0
volume_proxy 1166 -0.473477044 0.546735914 -0.0100759041 0 0 0
volume_proxy 1169 0.981453997 -0.792348841 0.00114748096 0 0 0
volume_proxy 1186 -0.997778844 0.160530302 -0.00146342931 0 0 0
volume_proxy 1193 -0.984283344 -0.677565151 0.00772095204 0 0 0
volume_proxy 1225 -0.237129707 -0.349250385 0.00692863977 0 0 0
volume_proxy 1245 -1.34706356 0.809820659 0.00915583621 0 0 0
volume_proxy 1280 -1.16057781 0.488216272 -0.00227229278 0 0 0
volume_proxy 1285 -0.867723497 0.520808423 0.00923165403 0 0 0
volume_proxy 1295 -0.559112695 0.570908871 -0.00278181149 0 0 0
volume_proxy 1296 0.115887796 0.069064909 0.00140573528 0 0 0
volume_proxy 1335 0.776985041 -0.72468148 0.00258476443 0 0 0
volume_proxy 1340 1.37895941 0.0451610815 0.00136329785 0 0 0
volume_proxy 1380 -0.223624024 0.0734099558 0.0104463967 0 0 0
volume_proxy 1386 0.241490384 0.65158582 0.00863209642 0 0 0
volume_proxy 1397 1.13264187 0.295236568 -0.000770960577 0 0 0
volume_proxy 1409 0.75248815 0.874960742 0.00799012699 0 0 0
volume_proxy 1413 1.39958875 0.708790315 0.00835801025 0 0 0
volume_proxy 1420 -1.46365833 -0.0897901624 0.0078639531 0 0 0
volume_proxy 1422 1.27035384 -0.940264345 0.000163831062 0 0 0
volume_proxy 1426 0.909128033 0.0712107987 0.0104917377 0 0 0
volume_proxy 1429 1.06482551 -0.224950031 0.00342245705 0 0 0
volume_proxy 1433 1.38705925 0.492461561 0.00450965073 0 0 0
volume_proxy 1434 -0.202567836 -0.690346096 0.00738426944 0 0 0
volume_proxy 1437 -0.34556937 -0.168470439 3.55285367e-05 0 0 0
volume_proxy 1439 -0.647789945 0.731160923 0.0106340369 0 0 0
volume_proxy 1440 1.06258228 -0.545685778 -0.0078792612 0 0 0
volume_proxy 1445 -0.249001152 -0.97790867 -0.0016641068 0 0 0
volume_proxy 1447 0.898829736 -0.40007149 -0.000723082768 0 0 0
volume_proxy 1459 -1.07893675 0.125191965 0.00832078257 0 0 0
volume_proxy 1460 1.18560351 0.425224278 -0.00161427522 0 0 0
volume_proxy 1461 -1.4593432 0.577852546 -0.00467346006 0 0 0
volume_proxy 1462 -0.987231285 -0.097111199 -0.00852439468 0 0 0
volume_proxy 1466 -0.989972846 -0.0836834847 -0.00773059173 0 0 0
volume_proxy 1470 -1.44390593 -0.696388133 0.0019466946 0 0 0
volume_proxy 1471 -0.19619031 0.685973667 0.00734009298 0 0 0
volume_proxy 1472 -1.12110649 0.639431168 -0.00948399454 0 0 0
volume_proxy 1474 0.504276745 -0.583136512 -0.00318939624 0 0 0
volume_proxy 1481 1.21580122 0.745209073 0.00363598466 0 0 0
volume_proxy 1482 0.565333269 -0.628706078 0.00816037095 0 0 0
volume_proxy 1485 0.271156437 -0.532378625 -0.0102927685 0 0 0
volume_proxy 1486 0.951867655 -0.380506415 -0.0052140038 0 0 0
volume_proxy 1489 -0.636350908 0.32173071 0.00761046229 0 0 0
volume_proxy 1490 1.22408182 0.872629542 -0.00936462791 0 0 0
volume_proxy 1492 0.533250809 0.533735455 0.00868586156 0 0 0
volume_proxy 1493 0.206006709 0.373685434 -0.00825565005 0 0 0
volume_proxy 1494 1.11224033 0.604415813 0.00490683223 0 0 0
volume_proxy 1496 -1.22191712 0.138792147 -0.00977980313 0 0 0
volume_proxy 1497 -0.0180609978 -0.125380967 -0.00542342462 0 0 0
volume_proxy 1498 -1.32350646 0.437669296 0.00733342 0 0 0
volume_proxy 1501 -0.927941561 -0.72791098 0.00800428627 0 0 0
volume_proxy 1503 -0.231884922 0.0861171541 0.00822484716 0 0 0
volume_proxy 1505 -0.134069593 0.803511466 -0.00158478982 0 0 0
volume_proxy 1506 0.530531975 0.915376223 0.000818467841 0 0 0
volume_proxy 1507 -1.37481345 -0.539620494 0.00917874881 0 0 0
volume_proxy 1508 -0.650232118 -0.962413203 0.00121674882 0 0 0
volume_proxy 1509 -1.48923697 0.51916603 0.00647381079 0 0 0
volume_proxy 1510 0.630659163 -0.530502269 -0.00326590931 0 0 0
volume_proxy 1511 1.06145167 0.477329313 -0.00958004623 0 0 0
volume_proxy 1512 -1.19914539 0.476239053 0.00819699168 0 0 0
volume_proxy 1513 -0.851760729 0.788670764 0.000931318233 0 0 0
volume_proxy 1514 -1.34652511 0.121398972 0.00857945576 0 0 0
volume_proxy 1515 0.444554711 0.531234147 0.0100720139 0 0 0
volume_proxy 1516 -0.874889595 -0.777892753 -0.00491520858 0 0 0
volume_proxy 1517 -0.969564718 -0.391141997 -0.00774944774 0 0 0
