volume_proxy 0 1.26253609 -0.118515037 0.00871604618 0 0 0
volume_proxy 5 0.374044403 0.827433988 -0.00140423586 0 0 0
volume_proxy 6 0.978396039 -0.287093138 0.00264966136 0 0 0
volume_proxy 11 0.411617265 0.792736246 -0.000830393329 0 0 0
volume_proxy 12 1.10415601 0.00498263954 0.00476983309 0 0 0
volume_proxy 14 0.429229179 0.192295141 0.0046399355 0 0 0
volume_proxy 23 -0.578979115 -0.00684242426 0.00284191667 0 0 0
volume_proxy 38 0.481384409 -0.164155104 0.00357512228 0 0 0
volume_proxy 40 -0.168254944 -0.924460404 0.00656504665 0 0 0
volume_proxy 50 -0.429262425 -0.461529279 -0.00995164692 0 0 0
volume_proxy 53 -0.170437001 -0.667458242 0.00956753583 0 0 0
volume_proxy 58 1.4466472 -0.321896862 0.00728273293 0 0 0
volume_proxy 60 -0.1491685 0.588360387 0.00366517479 0 0 0
volume_proxy 61 -0.0555662147 -0.886841018 -0.00467629632 0 0 0
volume_proxy 72 0.503894849 -0.234063637 -0.00404598763 0 0 0
volume_proxy 81 -0.989067021 -0.0986059474 4.92921676e-05 0 0 0
volume_proxy 85 -0.249142129 0.215791357 0.000368193599 0 0 0
volume_proxy 88 -0.850836368 -0.20011975 -0.000427267037 0 0 0
volume_proxy 97 1.40878812 -0.256789127 -0.000138586302 0 0 0
volume_proxy 101 -1.11294079 0.85658967 0.00780863421 0 0 0
volume_proxy 105 0.162825146 -0.903582941 0.00301259948 0 0 0
volume_proxy 106 -0.0865183384 -0.903926327 -0.00690881147 0 0 0
volume_proxy 107 0.569201811 0.277271314 0.00568966757 0 0 0
volume_proxy 108 1.3950086 0.625526343 0.00192061302 0 0 0
volume_proxy 126 -0.0372000934 -0.652546615 0.0107338579 0 0 0
volume_proxy 127 -0.53122211 0.288829148 0.00342519117 0 0 0
volume_proxy 130 1.13887247 0.56840866 -0.000805080761 0 0 0
volume_proxy 132 0.626424523 0.914563625 -0.00860344977 0 0 0
volume_proxy 140 -0.715049675 0.264624505 0.00262132041 0 0 0
volume_proxy 145 -1.02818984 -0.805578407 0.00648566385 0 0 0
volume_proxy 157 0.324571124 0.217876968 -0.000356100017 0 0 0
volume_proxy 159 -0.325359235 -0.391763118 -0.00398685211 0 0 0
volume_proxy 161 -0.169043563 -0.118294395 -0.000446565666 0 0 0
volume_proxy 176 0.397531482 -0.552884613 -0.00696529619 0 0 0
volume_proxy 178 -1.2206587 0.502969203 0.00762986146 0 0 0
volume_proxy 186 -0.198263986 0.770855215 -0.00753382795 0 0 0
volume_proxy 189 -1.10842683 0.445560212 -0.00132358578 0 0 0
volume_proxy 195 -0.218496738 -0.28970818 0.00390070582 0 0 0
volume_proxy 196 0.462856416 0.540295452 0.00641449541 0 0 0
volume_proxy 200 -0.331607093 -0.604445489 -0.00623833075 0 0 0
volume_proxy 202 -0.643460745 0.919585634 -0.0100380068 0 0 0
volume_proxy 209 -0.742678587 -0.575208609 -0.00660137481 0 0 0
volume_proxy 210 -0.278101637 0.285687067 -0.00671517757 0 0 0
volume_proxy 224 0.640443539 -0.601254366 -0.00370352144 0 0 0
volume_proxy 226 -0.605383548 -0.684411968 0.0098001879 0 0 0
volume_proxy 236 0.425954623 0.184902042 -0.00854907708 0 0 0
volume_proxy 244 1.24096525 0.31557177 -0.00204755169 0 0 0
volume_proxy 247 1.13722999 -0.0535467646 0.000758205071 0 0 0
volume_proxy 256 -0.182019334 -0.595209886 -0.00442914843 0 0 0
volume_proxy 258 0.979909573 0.420654519 -0.00125902867 0 0 0
volume_proxy 259 0.383374815 0.241572734 0.0103038521 0 0 0
volume_proxy 269 -0.0752974195 -0.602374778 -0.0095285978 0 0 0
volume_proxy 276 0.470447702 -0.120931175 0.00658603921 0 0 0
volume_proxy 277 -0.635151842 -0.441722578 -0.00170180133 0 0 0
volume_proxy 294 0.608566371 0.584205212 -0.00725997689 0 0 0
volume_proxy 296 0.246930065 -0.34140731 -0.00684432582 0 0 0
volume_proxy 298 0.803962223 -0.462376577 0.00813014863 0 0 0
volume_proxy 305 0.286654261 -0.232865941 -0.00902037501 0 0 0
volume_proxy 310 1.26212612 0.614590582 0.00248266194 0 0 0
volume_proxy 311 1.38904905 -0.170842414 -0.00696616393 0 0 0
volume_proxy 329 -0.730837654 0.202014712 0.00260841298 0 0 0
volume_proxy 337 -0.913952296 0.186019564 -0.000817171602 0 0 0
volume_proxy 344 0.338567572 0.31951393 0.00259817976 0 0 0
volume_proxy 347 -0.758450883 -0.922358077 0.00794866388 0 0 0
volume_proxy 349 0.331193915 -0.239428163 -0.00358093023 0 0 0
volume_proxy 356 0.537326753 0.427171676 0.000145267006 0 0 0
volume_proxy 358 1.3529495 0.789481754 -0.00705142349 0 0 0
volume_proxy 375 1.18108639 -0.122859086 0.0106698594 0 0 0
volume_proxy 388 -1.19694611 0.26554021 0.00670791338 0 0 0
volume_proxy 399 0.495755032 -0.371034828 0.00244762426 0 0 0
volume_proxy 409 0.439064382 -0.953171055 -0.00165415438 0 0 0
volume_proxy 412 1.47656795 -0.480370065 0.00128600769 0 0 0
volume_proxy 431 -1.35683591 -0.940709222 0.0069290598 0 0 0
volume_proxy 512 0.263655201 -0.840033687 -0.00270680822 0 0 0
volume_proxy 518 1.2721477 0.785961744 0.00305185894 0 0 0
volume_proxy 591 -0.329934519 0.634508051 0.00393159942 0 0 0
volume_proxy 682 0.326467444 -0.556835645 -0.00877768664 0 0 0
volume_proxy 725 -1.38674639 -0.446901014 0.00152051574 0 0 0
volume_proxy 751 -0.327838461 -0.804404928 -0.00490383173 0 0 0
volume_proxy 802 1.07394056 -0.374951476 -0.00940597233 0 0 0
volume_proxy 814 0.308062255 0.109678846 -0.00577744768 0 0 0
volume_proxy 876 -0.131154414 -0.381440011 -0.00558272837 0 0 0
volume_proxy 904 -0.717466874 0.512255869 -0.00477058867 0 0 0
volume_proxy 914 0.386875684 -0.744466534 0.00709635662 0 0 0
volume_proxy 915 -0.899206534 -0.328428701 0.0103262824 0 0 0
volume_proxy 929 -0.874595157 -0.981549134 -0.0104282732 0 0 0
volume_proxy 944 0.432568195 -0.616665499 0.00521533829 0 0 0
volume_proxy 991 -1.22842416 -0.796731874 -0.00163159687 0 0 0
volume_proxy 1020 -1.01165898 0.549724411 -0.00593327556 0 0 0
volume_proxy 1021 -0.717855823 -0.814250761 0.00926321359 0 0 0
volume_proxy 1042 0.733539624 0.988853606 -0.00289698219 0 0 0
volume_proxy 1050 -1.09491035 -0.224938425 -0.00406770078 0 0 0
volume_proxy 1052 -0.411350311 0.123630173 0.00351836724 0 0 0
volume_proxy 1062 0.761160802 0.415595964 -0.00279909947 0 0 0
volume_proxy 1066 0.731785582 0.625211202 0.00291384079 0 0 0
volume_proxy 1093 -0.278742772 -0.83981192 0.00547225374 0 0 0
volume_proxy 1098 0.320428466 0.856964834 0.00852357347 0 0 0
volume_proxy 1102 1.01817167 0.637473858 0.00692975991 0 0 0
volume_proxy 1113 0.90633104 0.294678892 0.00728633884 0 0 0
volume_proxy 1118 -0.336965395 -0.314183561 -0.00850898165 0 0 0
volume_proxy 1120 -0.123220187 0.372560727 -0.0104920974 0 0 0
volume_proxy 1133 0.627496965 -0.802447391 0.000199064506 0 0 0
volume_proxy 1137 -0.696300227 0.119515328 0.00717496198 0 0 0
volume_proxy 1138 1.39837769 -0.960780142 0.00494950883 0 0 0
volume_proxy 1151 0.555609909 -0.975086884 -0.00346075433 0 0 0
volume_proxy 1166 -0.944072058 0.448545262 0.00715550286 0 0 0
volume_proxy 1169 1.47549778 -0.80286479 -0.0105420549 0 0 0
volume_proxy 1172 -0.0533011212 0.453782301 -0.00382257232 0 0 0
volume_proxy 1180 -0.852398387 0.330699873 -0.00187751076 0 0 0
volume_proxy 1186 -0.395825112 -0.40619872 0.00763306127 0 0 0
volume_proxy 1193 -0.916716348 -0.162643513 9.81455076e-05 0 0 0
volume_proxy 1195 -1.23787104 -0.449284968 0.0087253642 0 0 0
volume_proxy 1197 -0.596848893 -0.279715342 0.0075793526 0 0 0
volume_proxy 1198 -0.0239176859 0.857099405 0.00629124486 0 0 0
volume_proxy 1208 -0.688399813 -0.0605747698 0.0086900381 0 0 0
volume_proxy 1209 -1.41443766 -0.0877279305 -0.00023345873 0 0 0
volume_proxy 1210 -1.18886362 0.897779774 -0.010578236 0 0 0
volume_proxy 1214 -0.649575644 0.441508906 -0.0070392745 0 0 0
volume_proxy 1217 -0.611001092 0.337186089 -0.00525101216 0 0 0
volume_proxy 1219 -0.69232137 0.671785747 -0.00478076386 0 0 0
volume_proxy 1223 1.3359465 0.131566861 0.00958736733 0 0 0
volume_proxy 1225 -0.019949936 -0.114711178 0.00361880784 0 0 0
volume_proxy 1230 0.993960985 -0.37288767 -0.00750935991 0 0 0
volume_proxy 1231 -1.1506958 0.069036468 0.00568757449 0 0 0
volume_proxy 1237 0.460966369 0.911013649 0.0107495097 0 0 0
volume_proxy 1238 0.704080393 0.723942187 0.000492751465 0 0 0
volume_proxy 1245 -1.40632861 0.941535104 0.00532617277 0 0 0
volume_proxy 1255 1.20270909 -0.351878985 0.00345517084 0 0 0
volume_proxy 1259 -0.870087101 0.659121761 0.00387579616 0 0 0
volume_proxy 1261 -0.674119617 0.522796366 -0.00354472983 0 0 0
volume_proxy 1262 1.2580839 0.441627037 -0.00103528108 0 0 0
volume_proxy 1264 0.227702321 -0.451791651 -0.0017287494 0 0 0
volume_proxy 1270 0.646095961 -0.137680864 -0.000539612583 0 0 0
volume_proxy 1273 -0.894813079 0.91265596 0.00914882799 0 0 0
volume_proxy 1280 -1.203084 0.181881942 0.000391982236 0 0 0
volume_proxy 1285 -1.21530397 0.988458652 -0.00267618027 0 0 0
volume_proxy 1292 0.148468636 0.311802029 -0.00785504491 0 0 0
volume_proxy 1293 -0.285452843 -0.800172109 0.00714318179 0 0 0
volume_proxy 1294 1.22771764 0.590232078 0.000304948892 0 0 0
volume_proxy 1295 -1.49251594 0.369070962 0.00115204341 0 0 0
volume_proxy 1296 -0.0963503038 -0.256374654 0.00576826851 0 0 0
volume_proxy 1297 -0.363407704 -0.628384876 -0.00449721775 0 0 0
volume_proxy 1298 -1.11728388 -0.761084625 -0.00458480274 0 0 0
volume_proxy 1301 -1.11771936 0.760117266 0.00411200546 0 0 0
volume_proxy 1303 -0.893817183 0.996889369 -0.00677955684 0 0 0
volume_proxy 1308 -0.416750219 -0.00672855751 0.00145518718 0 0 0
volume_proxy 1309 -0.0134463469 -0.311939953 0.0059068625 0 0 0
volume_proxy 1315 -0.910521487 -0.96833589 -0.00390395109 0 0 0
volume_proxy 1318 0.733131599 -0.495062977 -0.00407846855 0 0 0
volume_proxy 1325 0.0839265576 -0.426840126 -0.00254387239 0 0 0
volume_proxy 1326 -0.281791967 -0.0722510944 0.00958975401 0 0 0
volume_proxy 1329 0.973024507 0.692119931 0.00637281496 0 0 0
volume_proxy 1330 0.357976803 0.364624618 0.00684033088 0 0 0
volume_proxy 1331 0.485023219 0.502683137 -0.00731194485 0 0 0
volume_proxy 1333 1.0197676 0.33208424 0.000433082673 0 0 0
volume_proxy 1334 -1.42725332 -0.284164778 0.00289464739 0 0 0
volume_proxy 1335 0.287084097 -0.041871685 0.0028324071 0 0 0
volume_proxy 1336 0.803466906 -0.0534737877 -0.00129424037 0 0 0
volume_proxy 1337 -0.386275479 0.659412637 0.00456352777 0 0 0
volume_proxy 1340 0.403417355 0.780709842 0.00980695052 0 0 0
volume_proxy 1341 -0.610786239 -0.615269607 -0.00930045545 0 0 0
volume_proxy 1345 0.734915109 -0.899316978 -0.00125287029 0 0 0
volume_proxy 1347 -0.530459821 0.544125054 -0.000126531218 0 0 0
volume_proxy 1348 0.650873522 -0.586532525 -0.00191693596 0 0 0
volume_proxy 1349 -1.41667403 -0.320296716 -0.000845343906 0 0 0
volume_proxy 1353 1.01515658 -0.16340401 -0.00332873049 0 0 0
volume_proxy 1354 -0.347664677 -0.178554265 -0.0103141372 0 0 0
volume_proxy 1357 -1.45675521 0.0309538909 -0.00699694672 0 0 0
volume_proxy 1358 -0.679908973 -0.545234553 0.00351487688 0 0 0
volume_proxy 1360 -1.24466027 -0.909463589 0.00965703076 0 0 0
volume_proxy 1361 0.961924654 0.804769011 -0.0104804891 0 0 0
volume_proxy 1364 -0.881358456 -0.372003745 0.00691531996 0 0 0
volume_proxy 1366 0.91272313 0.907245344 -0.0107490259 0 0 0
volume_proxy 1367 -0.434797296 -0.788423977 -0.00687417928 0 0 0
volume_proxy 1368 1.30004314 -0.990933716 -0.000151646509 0 0 0
volume_proxy 1369 1.14366985 0.973164575 0.00694490465 0 0 0
volume_proxy 1376 0.711157722 -0.57072743 0.00990719481 0 0 0
volume_proxy 1377 1.07384741 0.595149293 -0.00882536296 0 0 0
volume_proxy 1378 0.523048605 -0.524497979 0.00268563904 0 0 0
volume_proxy 1379 0.491332743 0.31409942 -0.00983949701 0 0 0
volume_proxy 1380 -0.139294035 0.185256358 -0.00278030699 0 0 0
volume_proxy 1381 0.863683437 0.457886425 0.0038685897 0 0 0
volume_proxy 1382 -0.385593889 -0.118197265 0.00260848691 0 0 0
volume_proxy 1383 -1.2336624 0.616752358 -0.00804640167 0 0 0
volume_proxy 1384 0.537128436 0.535442581 -0.00251191333 0 0 0
volume_proxy 1385 0.850877893 0.521217224 0.00184001209 0 0 0
volume_proxy 1386 0.408474526 0.573802349 -0.0089498768 0 0 0
volume_proxy 1387 0.117044572 0.722214142 -0.00680605993 0 0 0
volume_proxy 1388 0.157224834 0.312788594 0.00447172052 0 0 0
volume_proxy 1389 -0.134788507 0.809332568 -0.00120584511 0 0 0
volume_proxy 1390 -1.37287649 0.122922769 0.0106560292 0 0 0
volume_proxy 1391 0.561571515 -0.0374878306 0.00947558468 0 0 0
volume_proxy 1392 -0.546463298 -0.985653056 -0.00600090608 0 0 0
volume_proxy 1393 0.808329273 0.30391708 -0.00594672423 0 0 0
volume_proxy 1394 1.43866115 0.387473515 0.00819486295 0 0 0
volume_proxy 1395 1.49528056 0.37217883 0.00679761785 0 0 0
