volume_proxy 0 1.29218449 -0.0260418592 0.00248826398 0 0 0
volume_proxy 5 0.24855979 0.709764576 0.00430353226 0 0 0
volume_proxy 6 1.36176372 -0.225382404 0.00427493426 0 0 0
volume_proxy 11 0.246030817 0.622671181 -0.00332218671 0 0 0
volume_proxy 12 1.35370113 -0.158571583 -0.00613808222 0 0 0
volume_proxy 14 0.407840953 0.521151339 -0.00432871146 0 0 0
volume_proxy 23 -0.923667126 -0.0810286601 0.00246710956 0 0 0
volume_proxy 38 0.145819781 -0.259309926 0.0052529926 0 0 0
volume_proxy 40 -0.0225494988 -0.544157294 -0.00761186871 0 0 0
volume_proxy 50 -0.16588693 -0.612820046 0.00117046761 0 0 0
volume_proxy 53 -0.249436502 -0.737269947 0.00470001303 0 0 0
volume_proxy 58 1.17218094 -0.265102475 0.000799803527 0 0 0
volume_proxy 60 -0.245034245 0.504591539 0.0085530151 0 0 0
volume_proxy 61 -0.139177943 -0.680745337 0.00413957526 0 0 0
volume_proxy 72 0.600226571 -0.0833995929 0.01047657 0 0 0
volume_proxy 81 -1.24577103 -0.0670558192 0.0076174878 0 0 0
volume_proxy 85 -0.430490258 0.285861234 0.00336258068 0 0 0
volume_proxy 88 -0.96274368 -0.113378 0.00567822054 0 0 0
volume_proxy 97 1.17301538 -0.359435321 -0.00544414621 0 0 0
volume_proxy 101 -1.29871547 0.678354805 -0.00655530442 0 0 0
volume_proxy 105 0.179299662 -0.835538796 0.00696503989 0 0 0
volume_proxy 106 -0.200040446 -0.905718244 0.000993817926 0 0 0
volume_proxy 107 0.433698584 0.151578485 0.000767980726 0 0 0
volume_proxy 108 1.25511032 0.543182304 -0.00225317968 0 0 0
volume_proxy 126 -0.027223707 -0.938665411 -0.0102693764 0 0 0
volume_proxy 127 -0.509905286 0.0540444699 -0.00726672121 0 0 0
volume_proxy 130 0.990587138 0.596457569 0.00808071585 0 0 0
volume_proxy 132 0.761064381 0.836946709 -0.0105072959 0 0 0
volume_proxy 140 -0.926372936 0.845171437 -0.00834765143 0 0 0
volume_proxy 145 -0.816214825 -0.994156186 -0.000436899709 0 0 0
volume_proxy 157 0.494660827 0.12522546 0.000222173784 0 0 0
volume_proxy 159 -0.595111226 -0.471005083 0.00846529398 0 0 0
volume_proxy 161 -0.52817932 0.220041059 -0.00324092677 0 0 0
volume_proxy 176 0.262031996 -0.517780258 0.00970740175 0 0 0
volume_proxy 178 -1.43072645 0.473782311 -0.00372091309 0 0 0
volume_proxy 186 -0.0769404912 0.608659438 0.00265193869 0 0 0
volume_proxy 189 -1.28889539 0.419135333 0.0033101654 0 0 0
volume_proxy 195 -0.566882154 0.246959322 -0.00564245759 0 0 0
volume_proxy 196 0.705700321 0.317966658 -0.00665475838 0 0 0
volume_proxy 200 -0.350675371 -0.528195504 0.00279332132 0 0 0
volume_proxy 202 -0.867723404 0.935596709 0.00471825717 0 0 0
volume_proxy 209 -0.70443418 -0.42306252 0.00770109411 0 0 0
volume_proxy 210 -0.0504355428 0.458515677 0.00506238606 0 0 0
volume_proxy 224 0.613785645 -0.678878176 -0.00702488098 0 0 0
volume_proxy 226 -0.861158203 -0.8247941 0.00358313786 0 0 0
volume_proxy 236 0.311136951 0.10945356 -0.00504746605 0 0 0
volume_proxy 237 0.319067602 0.488986517 0.010692388 0 0 0
volume_proxy 244 1.21044417 0.474837534 -0.00833884431 0 0 0
volume_proxy 247 1.09383882 -0.321992356 -0.00748494228 0 0 0
volume_proxy 256 0.0165009196 -0.582723557 -0.00304054608 0 0 0
volume_proxy 258 0.749755717 0.0529895981 0.00504100851 0 0 0
volume_proxy 259 0.561494641 0.0840492804 -0.0104272637 0 0 0
volume_proxy 269 0.142900246 -0.414181635 -0.000973783764 0 0 0
volume_proxy 276 0.554215602 -0.464876032 -0.00352835244 0 0 0
volume_proxy 277 -0.62424987 -0.475956763 -0.00930886677 0 0 0
volume_proxy 279 0.685794748 0.15702042 0.00634732786 0 0 0
volume_proxy 294 0.62264192 0.486816819 0.00618309114 0 0 0
volume_proxy 296 0.431137762 -0.318678881 0.00589981857 0 0 0
volume_proxy 298 0.629898598 -0.338119978 0.000464556114 0 0 0
volume_proxy 305 -0.131042111 -0.260078564 0.00386652231 0 0 0
volume_proxy 310 1.23503005 0.709848411 0.000337020756 0 0 0
volume_proxy 311 1.24886952 0.0450015751 0.00655207366 0 0 0
volume_proxy 329 -0.832986203 0.373394674 -0.00495461359 0 0 0
volume_proxy 337 -1.08441695 0.427804808 0.00318203226 0 0 0
volume_proxy 344 0.441614875 0.708177094 -0.00567187241 0 0 0
volume_proxy 345 -1.14454136 0.596203781 0.00731868626 0 0 0
volume_proxy 347 -0.67349471 -0.980246126 0.00208390253 0 0 0
volume_proxy 349 0.336284904 -0.15202119 0.00266401017 0 0 0
volume_proxy 356 0.359685985 0.552265477 -0.00704389856 0 0 0
volume_proxy 358 1.31616313 0.966302468 0.00251519413 0 0 0
volume_proxy 375 1.18757705 -0.276089193 -0.0084759189 0 0 0
volume_proxy 388 -1.21218714 0.0517310095 -0.00525450087 0 0 0
volume_proxy 399 0.323326007 -0.524359658 -0.0030210027 0 0 0
volume_proxy 409 0.219785462 -0.854530006 0.000280488875 0 0 0
volume_proxy 412 1.17059492 -0.873781685 -0.00923841279 0 0 0
volume_proxy 431 -1.30093456 -0.963967643 -0.00997798088 0 0 0
volume_proxy 512 0.417701036 -0.801486519 0.010396576 0 0 0
volume_proxy 518 1.37936197 0.173599206 0.000582789892 0 0 0
volume_proxy 591 -0.265371037 0.478334017 -0.00274428843 0 0 0
volume_proxy 682 0.282276596 -0.436966128 0.00416825711 0 0 0
volume_proxy 725 -1.38398918 -0.602254737 0.00880136258 0 0 0
volume_proxy 751 -0.211549288 -0.806883376 0.00588393686 0 0 0
volume_proxy 802 1.23942531 -0.206990288 -0.00662055265 0 0 0
volume_proxy 814 0.585336842 -0.112084836 0.00416533244 0 0 0
volume_proxy 876 -0.25154072 -0.386418984 0.00527470323 0 0 0
volume_proxy 904 -0.889189172 0.793685643 -0.0104078051 0 0 0
volume_proxy 914 0.404162758 -0.581728173 -0.000453186632 0 0 0
volume_proxy 915 -0.806853831 -0.244232217 -0.0080280131 0 0 0
volume_proxy 929 -0.962179736 -0.860983486 -0.00130669184 0 0 0
volume_proxy 944 0.298520384 -0.451222328 -0.00275430311 0 0 0
volume_proxy 991 -1.19063692 -0.86285908 0.00910980531 0 0 0
volume_proxy 1001 -0.285620303 0.877945098 -0.00586938451 0 0 0
volume_proxy 1020 -0.940188108 0.225321924 -0.00488735467 0 0 0
volume_proxy 1021 -0.959342735 -0.703124001 0.000131640932 0 0 0
volume_proxy 1042 1.05471509 0.797835927 0.0104148631 0 0 0
volume_proxy 1050 -1.10536777 -0.347620685 0.00639632745 0 0 0
volume_proxy 1052 -0.482840381 0.107092091 -0.00886668102 0 0 0
volume_proxy 1062 0.524398944 0.496855749 -0.0103316544 0 0 0
volume_proxy 1066 0.478874754 0.697306744 -0.00458016242 0 0 0
volume_proxy 1093 -0.125780205 -0.96628559 -0.00388039866 0 0 0
volume_proxy 1098 0.231236263 0.876025326 -0.00657900517 0 0 0
volume_proxy 1102 1.10067995 0.875035627 0.00611571253 0 0 0
volume_proxy 1113 0.821832542 0.664134082 -0.00158457208 0 0 0
volume_proxy 1117 0.803563873 0.40342881 0.00974008286 0 0 0
volume_proxy 1118 -0.462969329 -0.302696031 0.00561738108 0 0 0
volume_proxy 1120 0.00432417345 0.762372521 -0.00572477726 0 0 0
volume_proxy 1133 0.739893891 -0.809245828 -0.00834463621 0 0 0
volume_proxy 1137 -0.501499702 0.298965641 0.00219856004 0 0 0
volume_proxy 1138 1.46538931 -0.848451149 0.0100403379 0 0 0
volume_proxy 1151 0.702562262 -0.798014915 -0.00692146042 0 0 0
volume_proxy 1166 -1.08294013 0.481888212 0.00840959388 0 0 0
volume_proxy 1169 1.44922498 -0.977495805 -0.00293272696 0 0 0
volume_proxy 1172 -0.271126698 0.522609534 0.00204674285 0 0 0
volume_proxy 1179 0.595592549 0.349604912 0.0064957432 0 0 0
volume_proxy 1180 -0.570409986 0.391476818 0.00229192775 0 0 0
volume_proxy 1186 -0.675821069 -0.317038186 -0.00362906771 0 0 0
volume_proxy 1193 -1.07664732 -0.0390481062 -0.00369643036 0 0 0
volume_proxy 1195 -1.31701788 -0.417979232 0.00330661376 0 0 0
volume_proxy 1197 -0.767269475 -0.357626839 0.00877557912 0 0 0
volume_proxy 1198 -0.208753446 0.617943672 0.00035820524 0 0 0
volume_proxy 1206 0.619969332 0.289528639 -0.0100696274 0 0 0
volume_proxy 1208 -0.461957367 -0.149453421 0.00544090234 0 0 0
volume_proxy 1209 -1.45140371 0.0214976773 -0.0098193813 0 0 0
volume_proxy 1210 -1.37684306 0.913319857 -0.0023500651 0 0 0
volume_proxy 1214 -0.525503867 0.528746944 0.00756983527 0 0 0
volume_proxy 1217 -0.567252834 0.411732177 -0.00228392346 0 0 0
volume_proxy 1219 -0.861084784 0.783526131 0.00461484906 0 0 0
volume_proxy 1223 1.32476681 0.275332594 0.00365632778 0 0 0
volume_proxy 1225 0.101010403 -0.26036846 0.0098629484 0 0 0
volume_proxy 1230 1.12921555 -0.630728065 0.0100627208 0 0 0
volume_proxy 1231 -0.885371004 0.146514944 -0.00579153046 0 0 0
volume_proxy 1237 0.141070862 0.87959958 -0.00803085314 0 0 0
volume_proxy 1238 0.797309107 0.803373381 -0.0069850385 0 0 0
volume_proxy 1245 -1.31304849 0.992390941 -0.00468685313 0 0 0
volume_proxy 1255 1.48744171 -0.22885431 -0.00571760792 0 0 0
volume_proxy 1259 -1.05873879 0.914413641 0.0105101598 0 0 0
volume_proxy 1260 0.288652183 0.509424524 -0.00768627536 0 0 0
volume_proxy 1261 -0.621990905 0.541875421 -0.00758998572 0 0 0
volume_proxy 1262 1.15947523 0.328676883 0.00519367679 0 0 0
volume_proxy 1263 0.52054535 -0.334222933 0.00206338311 0 0 0
volume_proxy 1264 0.201203323 -0.248722315 -0.0069866049 0 0 0
volume_proxy 1270 0.614110376 -0.0648559331 0.00345570711 0 0 0
volume_proxy 1273 -0.746907001 0.87154435 -0.00549136205 0 0 0
volume_proxy 1280 -1.18667306 0.192950575 -0.00380566451 0 0 0
volume_proxy 1281 -0.610351979 -0.840196223 -0.00343135881 0 0 0
volume_proxy 1285 -1.19693558 0.985873319 0.00596163819 0 0 0
volume_proxy 1291 -0.170770768 0.942904901 -0.00536576661 0 0 0
volume_proxy 1292 0.0613652945 0.187883513 0.00790936563 0 0 0
volume_proxy 1293 -0.255589565 -0.731252021 -0.00985716298 0 0 0
volume_proxy 1294 1.39275285 0.760149445 0.0078440247 0 0 0
volume_proxy 1295 -1.3151457 0.288129453 -0.0022604805 0 0 0
volume_proxy 1296 -0.226316168 -0.0302583025 0.00790680538 0 0 0
volume_proxy 1297 -0.36996623 -0.721091809 -0.00656511022 0 0 0
volume_proxy 1298 -1.14261757 -0.931831452 0.00601262149 0 0 0
volume_proxy 1300 -1.27662722 0.369843517 -0.00656920333 0 0 0
volume_proxy 1301 -1.10166371 0.827116418 0.00643285792 0 0 0
volume_proxy 1303 -0.845562037 0.761924065 0.00591277412 0 0 0
volume_proxy 1308 -0.65579604 -0.186536348 0.000527340917 0 0 0
volume_proxy 1309 -0.172613192 -0.332460489 -0.000365682998 0 0 0
volume_proxy 1314 0.188937785 0.353738493 -0.00114592133 0 0 0
volume_proxy 1315 -0.788867123 -0.680931101 0.00804054335 0 0 0
volume_proxy 1318 0.777172213 -0.565980483 -0.00548344675 0 0 0
volume_proxy 1320 -0.496004062 -0.940378757 -0.00829794266 0 0 0
volume_proxy 1321 -1.46706047 0.179808826 -0.0104965243 0 0 0
volume_proxy 1325 0.100110123 -0.253287454 0.000970800985 0 0 0
volume_proxy 1326 -0.0741634955 -0.140633693 -0.00130405852 0 0 0
volume_proxy 1328 -1.1896031 0.594655541 -0.00863939066 0 0 0
volume_proxy 1329 0.975845136 0.54509663 0.00998033255 0 0 0
volume_proxy 1330 0.138459888 0.303521234 0.00834515831 0 0 0
volume_proxy 1331 0.471479575 0.426981194 -0.00503112541 0 0 0
volume_proxy 1333 1.03676584 0.533414535 0.000470740986 0 0 0
volume_proxy 1334 -1.39367814 -0.297763543 -0.0102967004 0 0 0
volume_proxy 1335 0.481742344 0.0696809978 0.000874342574 0 0 0
volume_proxy 1336 0.679982105 0.0612289375 -0.000490625875 0 0 0
volume_proxy 1337 -0.403553132 0.704424506 0.0101592602 0 0 0
volume_proxy 1340 0.370831981 0.689873826 0.00368194084 0 0 0
volume_proxy 1341 -0.954126151 -0.631320321 0.00880310723 0 0 0
volume_proxy 1345 0.686384173 -0.832415775 0.000820219516 0 0 0
volume_proxy 1347 -0.275913296 0.50614356 -0.00200331013 0 0 0
volume_proxy 1348 0.662499068 -0.436250039 -0.00256198656 0 0 0
volume_proxy 1349 -1.43275765 -0.294374298 0.0079346597 0 0 0
volume_proxy 1350 0.439125721 -0.321974037 0.0100033238 0 0 0
volume_proxy 1353 1.08499393 0.161546354 -0.00950348577 0 0 0
volume_proxy 1354 -0.292549491 -0.0429267434 0.0102305818 0 0 0
volume_proxy 1355 -0.438560138 -0.0631498509 0.00506157479 0 0 0
volume_proxy 1356 0.24719412 0.421492114 0.00508385507 0 0 0
volume_proxy 1357 -1.44728927 0.142571256 -0.00825879449 0 0 0
volume_proxy 1358 -1.09123841 -0.49031806 0.00789902114 0 0 0
volume_proxy 1359 -0.442808894 -0.0501597258 -0.00540535326 0 0 0
volume_proxy 1360 -1.36036517 -0.848858835 -0.00830604423 0 0 0
volume_proxy 1361 0.959366505 0.962202448 -0.00862786685 0 0 0
volume_proxy 1364 -1.03975685 -0.518808991 0.00861259343 0 0 0
volume_proxy 1366 1.00816256 0.885321306 -0.00576787157 0 0 0
volume_proxy 1367 -0.496689601 -0.924842232 0.005054402 0 0 0
volume_proxy 1368 1.0655969 -0.890007024 -0.00472396447 0 0 0
volume_proxy 1369 1.24526542 0.841962049 -0.00158093172 0 0 0
volume_proxy 1370 1.34787718 0.335115605 0.00714358396 0 0 0
volume_proxy 1371 1.41775158 0.358800477 -0.0067598953 0 0 0
volume_proxy 1374 -0.0428404766 0.914682818 0.00710776548 0 0 0
volume_proxy 1375 -0.0335484301 0.938238212 -0.000831014563 0 0 0
volume_proxy 1376 0.757299691 -0.472735381 -0.000238075425 0 0 0
volume_proxy 1377 1.10711231 0.746241597 -0.00266365557 0 0 0
volume_proxy 1378 0.532179866 -0.503071508 -0.00226307654 0 0 0
volume_proxy 1379 0.561798963 0.468582834 0.00442271624 0 0 0
volume_proxy 1380 0.122805378 0.235610929 -0.00454270411 0 0 0
volume_proxy 1381 0.933077095 0.323573149 0.00809030077 0 0 0
