volume_proxy 0 0.0681718638 0.404977821 0.00471323154 0 0 0
volume_proxy 6 -0.169411294 0.624818689 0.00496927014 0 0 0
volume_proxy 11 1.27382826 0.827241145 -0.000653525732 0 0 0
volume_proxy 12 0.723412791 -0.0656363492 -0.0020775345 0 0 0
volume_proxy 14 -0.761158277 0.622027061 0.00773895297 0 0 0
volume_proxy 23 1.11097401 -0.872488152 0.0041265284 0 0 0
volume_proxy 38 -1.00631852 -0.874093721 0.00749400409 0 0 0
volume_proxy 40 -1.0817377 0.121616958 0.0049144797 0 0 0
volume_proxy 50 -0.99890306 -0.586284263 -0.00353500556 0 0 0
volume_proxy 53 -1.1072347 0.615077273 0.00927850639 0 0 0
volume_proxy 58 0.591680498 -0.999403098 -0.00481712575 0 0 0
volume_proxy 60 0.457518235 0.213202487 -0.00204274859 0 0 0
volume_proxy 85 -0.625825514 0.958991031 -0.00134466626 0 0 0
volume_proxy 97 0.506515212 0.809174183 0.0010339814 0 0 0
volume_proxy 107 1.42922481 -0.0480613117 0.00347654457 0 0 0
volume_proxy 127 -1.12194608 -0.965825566 -0.0106514201 0 0 0
volume_proxy 130 0.300728393 0.665550798 -0.00728748684 0 0 0
volume_proxy 140 -0.808576726 0.579521458 0.00590999638 0 0 0
volume_proxy 157 0.586968773 0.136395333 -0.00377892653 0 0 0
volume_proxy 159 1.24585189 0.416487743 -0.00186478004 0 0 0
volume_proxy 161 0.123087918 0.782987209 -0.0017791769 0 0 0
volume_proxy 176 1.29755674 -0.307824576 0.000464087595 0 0 0
volume_proxy 186 -0.572756173 -0.634343336 0.00306529956 0 0 0
volume_proxy 189 -1.14461311 0.586208163 -0.00941210046 0 0 0
volume_proxy 195 -1.3617066 -0.893309088 0.00660565938 0 0 0
volume_proxy 196 0.619899359 0.0722930996 0.000177264192 0 0 0
volume_proxy 200 -0.741780002 -0.494877836 -0.00599547194 0 0 0
volume_proxy 202 0.675502502 0.821607803 -0.00834988016 0 0 0
volume_proxy 209 -0.886983114 -0.143762379 0.00880549143 0 0 0
volume_proxy 210 -0.57388382 0.756490076 0.00699717432 0 0 0
volume_proxy 226 -0.192370674 -0.457275481 -0.00532587968 0 0 0
volume_proxy 236 1.30248973 -0.601637223 0.00402202529 0 0 0
volume_proxy 247 1.22768001 0.760701625 -0.00660246722 0 0 0
volume_proxy 256 -0.694627354 0.485652381 -0.000298095154 0 0 0
volume_proxy 259 0.385320927 0.820897861 -0.00719910274 0 0 0
volume_proxy 269 -0.712146259 0.310914249 -0.00744227393 0 0 0
volume_proxy 277 -1.29596109 -0.290057049 -0.00106517265 0 0 0
volume_proxy 296 -1.17874676 0.651994271 -0.00833238104 0 0 0
volume_proxy 305 0.796184753 -0.551526018 0.00887656649 0 0 0
volume_proxy 310 -0.44425221 -0.0604851613 0.0088159951 0 0 0
volume_proxy 344 -0.982023201 0.0636966384 0.00195489882 0 0 0
volume_proxy 347 0.255697979 0.916419001 0.00858075785 0 0 0
volume_proxy 356 -0.705372375 0.439038251 -0.000608161701 0 0 0
volume_proxy 375 0.687219208 -0.478372695 0.00145991601 0 0 0
volume_proxy 388 1.21220414 -0.027608921 -0.00493896846 0 0 0
volume_proxy 802 0.773687501 0.041156179 -0.00472441067 0 0 0
volume_proxy 1052 -0.617897184 -0.734087058 -0.000664862683 0 0 0
volume_proxy 1066 -0.372571746 -0.00161568391 -0.00695266488 0 0 0
volume_proxy 1120 -0.380903522 -0.243494752 0.0065435556 0 0 0
volume_proxy 1166 -0.807337851 0.0981407549 -0.00310395135 0 0 0
volume_proxy 1193 -1.22039118 -0.913263814 0.00393978632 0 0 0
volume_proxy 1225 -0.26601003 -0.194426083 0.00590581425 0 0 0
volume_proxy 1245 -1.43139912 -0.336929777 0.00272378732 0 0 0
volume_proxy 1280 -0.678418306 0.837073858 -0.00186921406 0 0 0
volume_proxy 1285 -1.05736422 0.262231883 -0.000671175764 0 0 0
volume_proxy 1295 0.0372995013 0.123006361 0.0104535478 0 0 0
volume_proxy 1296 0.260669455 -0.540055218 0.0062019044 0 0 0
volume_proxy 1340 0.976524848 0.98311523 0.00223869037 0 0 0
volume_proxy 1380 -0.546937095 0.24322831 0.0069837948 0 0 0
volume_proxy 1386 1.45016984 0.443538187 -0.00573406364 0 0 0
volume_proxy 1397 0.814891529 0.614334719 0.00769530822 0 0 0
volume_proxy 1409 -0.290163756 0.440114371 -0.00673779299 0 0 0
volume_proxy 1413 0.686668556 0.955022315 0.00551422634 0 0 0
volume_proxy 1422 0.726410619 0.107584193 -0.0100997809 0 0 0
volume_proxy 1433 1.322953 0.879694538 0.00677141658 0 0 0
volume_proxy 1437 -0.0368828127 -0.117419783 -0.00469752682 0 0 0
volume_proxy 1439 -0.00951837913 0.981412709 -0.00915790162 0 0 0
volume_proxy 1447 0.744949186 -0.0140783141 0.00582631576 0 0 0
volume_proxy 1459 -1.36904251 0.389758848 0.00887623714 0 0 0
volume_proxy 1460 0.028120959 0.230253529 -0.00554792435 0 0 0
volume_proxy 1461 -0.747371603 0.796783134 0.00945734447 0 0 0
volume_proxy 1466 -0.777085745 -0.284670557 -0.0051321587 0 0 0
volume_proxy 1472 -1.12029518 0.843480228 -0.00732044654 0 0 0
volume_proxy 1474 1.14821671 -0.714665974 -0.000828219452 0 0 0
volume_proxy 1481 0.79925469 0.848395459 -0.00274232647 0 0 0
volume_proxy 1482 0.917411375 0.0256329547 0.00832910447 0 0 0
volume_proxy 1485 0.455535845 0.0293226074 -0.00162765008 0 0 0
volume_proxy 1489 0.197350743 -0.934221611 0.000431684954 0 0 0
volume_proxy 1490 0.948802594 0.945362051 0.00684009089 0 0 0
volume_proxy 1494 1.25499868 -0.0148236211 0.000477235403 0 0 0
volume_proxy 1496 -1.19995876 0.19241155 0.00325919869 0 0 0
volume_proxy 1498 -0.229763437 0.313942433 -0.00595511364 0 0 0
volume_proxy 1503 -0.153740986 0.249447308 0.00385093454 0 0 0
volume_proxy 1506 0.511152314 0.922184252 0.00800983697 0 0 0
volume_proxy 1507 -1.22563237 -0.393888212 0.000824270646 0 0 0
volume_proxy 1508 -0.884446643 -0.542488016 0.00951100729 0 0 0
volume_proxy 1509 -1.34472436 0.479121396 -0.00306716018 0 0 0
volume_proxy 1510 0.0942224092 -0.671226529 -0.00511605586 0 0 0
volume_proxy 1511 1.36072593 0.650857025 -0.010267786 0 0 0
volume_proxy 1513 -1.4661544 0.482088851 0.00454135853 0 0 0
volume_proxy 1515 0.655827525 -0.167435465 0.00712127238 0 0 0
volume_proxy 1516 -0.372645255 -0.967419599 0.00635515195 0 0 0
volume_proxy 1517 -0.644588802 -0.513724281 0.00577892742 0 0 0
volume_proxy 1519 0.0760132076 -0.0913361638 0.0102754423 0 0 0
volume_proxy 1520 0.0915593014 -0.0265832675 -0.0107798146 0 0 0
volume_proxy 1521 -1.13962857 -0.34333018 0.00201098543 0 0 0
volume_proxy 1522 0.058374772 0.9579626 -0.00887409966 0 0 0
volume_proxy 1523 1.34945238 -0.0825327468 -0.0106474968 0 0 0
volume_proxy 1525 -0.939760327 0.961694473 0.0100513051 0 0 0
volume_proxy 1526 1.38626699 -0.324657209 -0.00375000689 0 0 0
volume_proxy 1528 0.48239431 -0.892231843 -0.00338318484 0 0 0
volume_proxy 1529 -0.925568465 -0.0673956064 0.00832295346 0 0 0
volume_proxy 1530 -0.989934515 -0.813126167 -0.00122127462 0 0 0
volume_proxy 1531 0.663326411 0.592087564 0.0021093574 0 0 0
volume_proxy 1532 -0.32823294 -0.939178931 -0.00062871689 0 0 0
volume_proxy 1533 1.46533007 -0.504316809 -0.0100548307 0 0 0
