volume_proxy 0 0.35463877 -0.517093514 0.00103008502 0 0 0
volume_proxy 6 -0.134813774 0.753842925 0.00247278128 0 0 0
volume_proxy 11 1.37505427 0.788988072 0.0051763719 0 0 0
volume_proxy 12 1.34084816 -0.183882687 -0.00345242886 0 0 0
volume_proxy 14 -1.40769506 0.274331179 0.00266462563 0 0 0
volume_proxy 23 0.462602452 -0.225310767 -0.00636802544 0 0 0
volume_proxy 38 -0.773192736 -0.718880558 -0.00473125142 0 0 0
volume_proxy 40 -0.880500375 0.116133895 0.00780439724 0 0 0
volume_proxy 50 -0.601655189 -0.210756974 -0.000929208987 0 0 0
volume_proxy 53 -1.33890452 0.956858247 -0.00120613286 0 0 0
volume_proxy 58 1.37501323 -0.885490217 -0.00953277246 0 0 0
volume_proxy 60 -0.0495306293 0.808578751 -0.000595864175 0 0 0
volume_proxy 85 -0.981235105 0.617018901 0.00261280987 0 0 0
volume_proxy 97 0.826146521 0.910537066 -0.0065531131 0 0 0
volume_proxy 107 0.685636715 -0.0333433659 0.00986223561 0 0 0
volume_proxy 127 -1.12394091 -0.861935073 -0.00216857005 0 0 0
volume_proxy 130 0.703064878 -0.518128543 0.0045243549 0 0 0
volume_proxy 140 -0.833320259 0.526576651 0.00501231944 0 0 0
volume_proxy 157 0.306428942 -0.885390064 0.00379067957 0 0 0
volume_proxy 159 1.28425181 0.78388193 -0.00903018628 0 0 0
volume_proxy 161 -0.579917875 0.384081813 0.0103397474 0 0 0
volume_proxy 176 1.42481421 0.172383743 -0.00295899594 0 0 0
volume_proxy 186 -1.15810072 -0.309750171 -0.00427497939 0 0 0
volume_proxy 189 -0.532020985 -0.376390722 0.00551231063 0 0 0
volume_proxy 195 -1.4658391 -0.666862494 0.00306980015 0 0 0
volume_proxy 196 0.413934429 0.751884663 -0.00257093226 0 0 0
volume_proxy 200 -1.36441562 0.311070324 -0.000974013884 0 0 0
volume_proxy 202 0.0262861813 0.778268119 -0.00511834514 0 0 0
volume_proxy 209 -0.889790983 0.249488315 -0.00679096686 0 0 0
volume_proxy 210 0.206086377 0.843583869 0.00406667881 0 0 0
volume_proxy 226 0.564506265 -0.833114157 0.00628421114 0 0 0
volume_proxy 236 1.14384598 -0.679138848 0.00117770914 0 0 0
volume_proxy 247 1.33676151 0.796644181 0.00217578146 0 0 0
volume_proxy 256 -0.811881949 0.843832382 0.00944469441 0 0 0
volume_proxy 259 0.910270116 0.366094726 -0.000365902172 0 0 0
volume_proxy 269 -1.13516577 -0.165401941 0.00559404446 0 0 0
volume_proxy 277 -0.390947805 -0.420402459 0.00381411066 0 0 0
volume_proxy 296 -1.24953923 0.358935684 -0.00957167196 0 0 0
volume_proxy 305 0.65329841 -0.191842049 0.00238725532 0 0 0
volume_proxy 310 0.544456616 0.13497548 -0.00271733033 0 0 0
volume_proxy 344 -1.4502482 -0.44670867 0.00649050685 0 0 0
volume_proxy 347 -0.34737844 0.665127834 0.00902844914 0 0 0
volume_proxy 356 -0.586678011 -0.0331968329 -0.00706256911 0 0 0
volume_proxy 375 0.73479718 -0.448130761 0.00806774853 0 0 0
volume_proxy 388 1.36203994 -0.436019006 0.00543455541 0 0 0
volume_proxy 802 0.946927645 0.479031388 0.0032428627 0 0 0
volume_proxy 1052 -1.44883358 -0.515293798 0.00964653048 0 0 0
volume_proxy 1066 0.17922393 0.845043844 0.00588178884 0 0 0
volume_proxy 1120 -0.739967441 0.327729731 0.00835102786 0 0 0
volume_proxy 1166 -0.871220707 -0.499411111 0.0096354051 0 0 0
volume_proxy 1193 -1.2625373 -0.70542141 0.00506050489 0 0 0
volume_proxy 1225 -1.13546094 -0.477928297 -0.0106419736 0 0 0
volume_proxy 1245 -1.40404249 0.160302626 0.000307801198 0 0 0
volume_proxy 1280 -0.521179441 0.849729116 -0.00508973987 0 0 0
volume_proxy 1285 -1.39326023 0.501045726 0.0104904199 0 0 0
volume_proxy 1295 0.967220785 -0.240217815 -0.00155062824 0 0 0
volume_proxy 1296 0.000630331168 -0.752043969 -0.000299288313 0 0 0
volume_proxy 1340 0.850372693 0.696944329 0.00179967532 0 0 0
volume_proxy 1380 -0.845451323 -0.0461346647 -0.00878448291 0 0 0
volume_proxy 1386 1.46124799 0.36070451 -0.00391751935 0 0 0
volume_proxy 1397 0.256873735 0.831220265 0.0032408597 0 0 0
volume_proxy 1409 -0.110483583 0.307553882 -0.00032292799 0 0 0
volume_proxy 1413 1.293784 0.890580497 0.00428893809 0 0 0
volume_proxy 1422 0.281342344 -0.363690027 0.000602018602 0 0 0
volume_proxy 1433 1.06695432 0.527034527 -0.00154545496 0 0 0
volume_proxy 1437 0.0394823089 -0.0875339194 -0.000359122777 0 0 0
volume_proxy 1459 -1.11120948 0.186988841 0.00886393907 0 0 0
volume_proxy 1460 -0.038046035 0.872405008 -0.000807185184 0 0 0
volume_proxy 1461 -1.21140449 0.860635575 0.00662785424 0 0 0
volume_proxy 1466 -0.198807885 0.363205069 -0.00804692037 0 0 0
volume_proxy 1472 -1.47583017 0.644115398 0.00956265621 0 0 0
volume_proxy 1474 1.37005617 -0.12788905 -0.0105690835 0 0 0
volume_proxy 1481 0.713910905 0.848516014 0.00636654416 0 0 0
volume_proxy 1482 0.913598578 0.621248545 -0.00788291796 0 0 0
volume_proxy 1485 0.344342327 -0.269104697 0.00630040803 0 0 0
volume_proxy 1489 0.259046206 -0.859938155 -0.0107299489 0 0 0
volume_proxy 1490 1.01783024 0.987491167 0.00827514444 0 0 0
volume_proxy 1496 -1.40890285 0.873464247 -0.00795603791 0 0 0
volume_proxy 1498 -0.0996767331 0.358560858 -0.0104449645 0 0 0
volume_proxy 1503 -1.23292911 -0.844849001 -0.00264643776 0 0 0
volume_proxy 1506 0.366109086 0.524901169 0.00441752462 0 0 0
volume_proxy 1507 -1.35214228 0.0098354953 0.00813125026 0 0 0
volume_proxy 1508 -0.446121183 -0.276690878 -0.00650746978 0 0 0
volume_proxy 1509 -1.36731663 -0.0593437821 -0.00425586616 0 0 0
volume_proxy 1510 -0.0141892965 -0.89359788 0.00752901594 0 0 0
volume_proxy 1511 1.37920717 0.442033311 0.0010156956 0 0 0
volume_proxy 1513 -1.20959856 0.975823992 0.00347638445 0 0 0
volume_proxy 1515 0.754125132 -0.591281948 9.85086705e-05 0 0 0
volume_proxy 1516 0.0530514904 -0.948407654 0.00886944729 0 0 0
volume_proxy 1517 -1.18896295 -0.126974313 -0.00850744673 0 0 0
volume_proxy 1519 -0.0168106549 -0.55861889 -0.00569589066 0 0 0
volume_proxy 1520 0.254883092 -0.277115649 -0.00867447863 0 0 0
volume_proxy 1521 -1.3211349 -0.561711031 -0.0105755701 0 0 0
volume_proxy 1523 0.233282162 -0.0752803289 0.00457435673 0 0 0
volume_proxy 1525 -0.760103109 0.929274231 0.000301367718 0 0 0
volume_proxy 1526 0.998603461 -0.662616952 -0.00499662558 0 0 0
volume_proxy 1528 0.637569754 -0.516243166 -0.00955767125 0 0 0
volume_proxy 1529 -1.30093877 0.279518944 0.0065878081 0 0 0
volume_proxy 1531 0.648387209 0.4648462 -0.00982511682 0 0 0
volume_proxy 1533 1.36812228 -0.0665346369 -0.0104497999 0 0 0
volume_proxy 1534 0.338785618 0.684339741 -0.0100579947 0 0 0
volume_proxy 1535 0.888634812 0.771093506 -0.00587896423 0 0 0
volume_proxy 1536 -0.55161135 -0.601398074 -0.00317679258 0 0 0
volume_proxy 1537 -0.549460736 -0.727807202 -0.00795132965 0 0 0
volume_proxy 1538 1.46910639 0.150686022 -0.00162077161 0 0 0
