volume_proxy 0 -0.124253759 -0.513042117 -0.000327378619 0 0 0
volume_proxy 6 -0.302374029 0.344278308 0.00834640031 0 0 0
volume_proxy 11 1.12104526 0.0247453505 -0.00824942024 0 0 0
volume_proxy 12 1.41315796 -0.466641292 -0.00897957486 0 0 0
volume_proxy 14 -1.34166648 0.582773133 -0.00116620458 0 0 0
volume_proxy 23 1.17898632 -0.587148228 -0.00830203932 0 0 0
volume_proxy 38 -0.849702351 -0.960936567 0.00340304525 0 0 0
volume_proxy 40 -1.04613835 -0.577625774 -0.00175898979 0 0 0
volume_proxy 50 -1.1132515 -0.486082251 -0.000564826089 0 0 0
volume_proxy 53 -1.19629382 0.787427862 0.00894611819 0 0 0
volume_proxy 58 0.915782468 -0.2938301 -0.00692571232 0 0 0
volume_proxy 60 -0.253124425 0.686531893 0.00903364003 0 0 0
volume_proxy 85 -1.01794931 0.744613921 -0.00596382385 0 0 0
volume_proxy 97 0.506897897 0.423227292 -0.00592226131 0 0 0
volume_proxy 107 0.282380148 -0.0658632395 0.00297566793 0 0 0
volume_proxy 127 -1.30038305 -0.554328597 -0.00736440703 0 0 0
volume_proxy 130 -0.259930469 -0.867798294 0.0102878365 0 0 0
volume_proxy 140 0.401303904 -0.317216942 -0.00142489605 0 0 0
volume_proxy 157 0.926859456 -0.467063145 0.00173369668 0 0 0
volume_proxy 159 0.256601042 0.586942554 -0.0100929185 0 0 0
volume_proxy 161 -0.227411062 -0.628162379 -0.000974922122 0 0 0
volume_proxy 176 0.538967681 0.170496349 0.00630814147 0 0 0
volume_proxy 186 -0.884417028 0.116433817 0.00197275257 0 0 0
volume_proxy 189 -0.797681946 -0.837883045 -0.00349315088 0 0 0
volume_proxy 195 -1.27612558 -0.711496794 0.0102558477 0 0 0
volume_proxy 196 -0.792387461 0.124355284 0.000254787998 0 0 0
volume_proxy 200 -1.33522175 0.9319256 0.00696387622 0 0 0
volume_proxy 202 -0.47022378 0.190662716 -0.00298088366 0 0 0
volume_proxy 209 -1.17782755 -0.249798579 0.000974760144 0 0 0
volume_proxy 210 0.514427296 0.665690102 0.00850236643 0 0 0
volume_proxy 226 1.06052834 0.141901095 0.00817015297 0 0 0
volume_proxy 236 0.845503355 -0.354213773 -0.0104387551 0 0 0
volume_proxy 247 0.186936498 -0.89478154 0.00275101812 0 0 0
volume_proxy 256 0.197934797 -0.565659279 0.00362061983 0 0 0
volume_proxy 259 0.383211619 -0.227027423 -0.00978086141 0 0 0
volume_proxy 269 -1.09439775 0.886430708 -0.00393304437 0 0 0
volume_proxy 277 -1.03842436 -0.549532322 0.00170250874 0 0 0
volume_proxy 296 -1.08947722 0.429731235 0.00217045262 0 0 0
volume_proxy 305 0.534068853 -0.718306782 -0.00512328366 0 0 0
volume_proxy 310 0.995028783 0.665198839 -0.000103577703 0 0 0
volume_proxy 344 -1.11663458 -0.708031499 -0.00585040023 0 0 0
volume_proxy 347 -0.672771146 0.634745426 0.0026067781 0 0 0
volume_proxy 356 -0.202152929 -0.304708293 -0.00618409567 0 0 0
volume_proxy 375 0.705065908 -0.144234047 0.00554187283 0 0 0
volume_proxy 388 1.25185544 -0.545768999 -0.0099303636 0 0 0
volume_proxy 1052 -0.511584315 -0.105274236 0.00326140288 0 0 0
volume_proxy 1066 -0.32146349 0.141927168 -0.000447704939 0 0 0
volume_proxy 1120 -0.731397757 0.662619495 0.00772698338 0 0 0
volume_proxy 1166 -0.696516979 -0.991431799 0.00306246282 0 0 0
volume_proxy 1193 -1.11139085 -0.442746625 0.00887139001 0 0 0
volume_proxy 1225 -1.16843497 -0.756481807 -0.00833432019 0 0 0
volume_proxy 1245 -1.46226892 0.882723116 0.000629444014 0 0 0
volume_proxy 1280 -1.44772822 0.931136692 -0.00528013668 0 0 0
volume_proxy 1285 -0.602627495 0.772929086 0.000256147481 0 0 0
volume_proxy 1295 0.439837604 0.281633261 0.00977801336 0 0 0
volume_proxy 1296 -0.441796577 -0.504842996 0.00521664033 0 0 0
volume_proxy 1340 1.13315405 -0.0683764598 -0.0036832491 0 0 0
volume_proxy 1380 -1.35790228 -0.290197114 -0.00711871104 0 0 0
volume_proxy 1386 1.25047082 0.934820272 -0.00245566136 0 0 0
volume_proxy 1397 0.355171474 0.515779923 -0.00884442978 0 0 0
volume_proxy 1409 0.576920495 0.467316458 0.00370408587 0 0 0
volume_proxy 1413 0.952221517 0.262060606 -0.000117174388 0 0 0
volume_proxy 1422 0.707619384 -0.697759017 -0.00232569769 0 0 0
volume_proxy 1433 1.30228823 0.827728004 -0.0092195213 0 0 0
volume_proxy 1437 -0.017373712 -0.980796032 -0.00413483675 0 0 0
volume_proxy 1459 -0.683856311 -0.133681488 -0.00294898085 0 0 0
volume_proxy 1460 -0.67946476 0.179152131 -0.00758326988 0 0 0
volume_proxy 1461 -1.01637898 0.515924541 -0.0105958667 0 0 0
volume_proxy 1472 -1.39065273 -0.136166905 -0.00267413025 0 0 0
volume_proxy 1474 1.32525499 0.138783037 -0.00575891055 0 0 0
volume_proxy 1481 0.0687695465 0.325064688 -0.00694122378 0 0 0
volume_proxy 1482 1.21369411 0.851922603 0.00499994082 0 0 0
volume_proxy 1485 0.854225492 -0.429884021 -0.00344858078 0 0 0
volume_proxy 1489 0.35031549 -0.748803741 -0.00465841448 0 0 0
volume_proxy 1490 1.01714171 0.571584311 0.00192801485 0 0 0
volume_proxy 1496 -1.49320321 0.380698978 -0.0105793903 0 0 0
volume_proxy 1498 -0.147691825 -0.149361027 0.0013484169 0 0 0
volume_proxy 1503 -1.29431662 -0.55800854 -0.0031707988 0 0 0
volume_proxy 1506 0.366086561 0.842075113 0.00454679075 0 0 0
volume_proxy 1507 -0.501591999 -0.613053755 -0.00404976903 0 0 0
volume_proxy 1508 -0.677199172 -0.127845497 -0.00420288858 0 0 0
volume_proxy 1509 -0.970695969 -0.00148154917 -0.00881747038 0 0 0
volume_proxy 1510 -0.479213417 -0.903777422 -0.00898223184 0 0 0
volume_proxy 1513 -1.33670566 0.346893353 -0.00138259395 0 0 0
volume_proxy 1515 0.412783548 -0.822424608 -0.0104472328 0 0 0
volume_proxy 1516 -0.203615142 -0.672555455 0.00669973773 0 0 0
volume_proxy 1517 -1.39114045 -0.430996896 -0.000740977003 0 0 0
volume_proxy 1519 0.205206626 0.0123668339 0.00415785034 0 0 0
volume_proxy 1520 0.19276607 -0.563333864 -0.0010801923 0 0 0
volume_proxy 1521 -1.42677884 -0.911675887 0.00918709738 0 0 0
volume_proxy 1523 0.133531518 0.0414324077 -0.0083484526 0 0 0
volume_proxy 1525 -0.809073527 0.918610285 0.00831623453 0 0 0
volume_proxy 1526 1.32738952 -0.189898345 -0.00840932648 0 0 0
volume_proxy 1528 1.08296582 -0.906855768 -0.00465121838 0 0 0
volume_proxy 1529 -1.06775613 -0.105500719 -0.00746591334 0 0 0
volume_proxy 1531 0.309109735 0.992742337 0.00684272376 0 0 0
volume_proxy 1533 1.13411656 0.583286667 -0.00432901966 0 0 0
volume_proxy 1534 -0.49159961 0.0986365926 0.000123539553 0 0 0
volume_proxy 1536 -0.79848193 -0.753298528 0.00798763545 0 0 0
volume_proxy 1537 -0.470872551 -0.509261504 0.000295428623 0 0 0
volume_proxy 1538 1.09402414 -0.106606421 0.00441432197 0 0 0
volume_proxy 1539 0.679067449 0.638282599 0.00178474939 0 0 0
volume_proxy 1540 1.32580944 0.250683582 -0.00789570671 0 0 0
