volume_proxy 0 -0.754945584 -0.658498587 -0.00287163469 0 0 0
volume_proxy 6 -0.256727155 0.0769725192 0.00366653022 0 0 0
volume_proxy 11 0.750602956 0.452144052 -0.0021000509 0 0 0
volume_proxy 12 1.16929619 -0.632916355 0.00659447037 0 0 0
volume_proxy 14 -1.46738782 0.984778525 -0.0033291596 0 0 0
volume_proxy 23 1.43495632 -0.0864999226 0.0072769044 0 0 0
volume_proxy 38 -0.642286479 -0.916197157 0.00799796269 0 0 0
volume_proxy 40 -1.44701718 -0.235508492 0.000821443902 0 0 0
volume_proxy 50 -1.16195587 -0.583416269 -0.00490028451 0 0 0
volume_proxy 53 -1.25228394 0.580193546 -0.00222582007 0 0 0
volume_proxy 58 0.544279979 -0.313240569 0.0098029716 0 0 0
volume_proxy 60 -0.445695758 0.729839799 0.00124761284 0 0 0
volume_proxy 85 -0.696851642 0.8486884 0.00186302733 0 0 0
volume_proxy 97 0.235183469 0.563803244 -0.00887969051 0 0 0
volume_proxy 107 -0.0324357305 0.16700817 0.00928599032 0 0 0
volume_proxy 127 -1.27730949 -0.835178282 -0.000685997098 0 0 0
volume_proxy 130 -0.0227527666 -0.800186524 0.00269301044 0 0 0
volume_proxy 140 0.636497572 0.000592842546 0.00369025131 0 0 0
volume_proxy 157 0.402337641 0.0600563398 -0.0072452169 0 0 0
volume_proxy 159 -0.179449606 0.391288471 -0.00567806648 0 0 0
volume_proxy 161 -0.224062499 -0.151164763 -0.00650520607 0 0 0
volume_proxy 176 1.14798821 0.200119624 0.00301337436 0 0 0
volume_proxy 186 -0.976942205 0.280524571 -0.00742619083 0 0 0
volume_proxy 189 -0.645568396 -0.79960558 -0.00742643899 0 0 0
volume_proxy 195 -1.36731046 -0.80824075 0.00943214523 0 0 0
volume_proxy 196 -1.07134192 -0.0577336799 0.00984443667 0 0 0
volume_proxy 200 -1.44942894 0.829114832 -0.00267601881 0 0 0
volume_proxy 202 -0.392885863 -0.33216171 -0.0100029848 0 0 0
volume_proxy 209 -1.06308739 0.18983944 0.00500907344 0 0 0
volume_proxy 210 0.245101446 0.523012643 -0.000987210482 0 0 0
volume_proxy 226 1.47210592 0.241870088 0.00839678835 0 0 0
volume_proxy 236 0.54491838 -0.19718481 -9.01205775e-05 0 0 0
volume_proxy 247 0.04932508 -0.972024274 0.00464667376 0 0 0
volume_proxy 256 0.631804487 -0.88413103 -0.00315582435 0 0 0
volume_proxy 259 0.623572261 -0.0756175828 -0.00592778864 0 0 0
volume_proxy 269 -1.28832988 0.692561336 0.00961059769 0 0 0
volume_proxy 277 -0.91857601 -0.111413198 0.00614779761 0 0 0
volume_proxy 296 -0.817561862 0.199566041 0.00854626675 0 0 0
volume_proxy 305 0.411448897 -0.890265349 -0.00830524656 0 0 0
volume_proxy 310 1.32477956 0.630890449 0.0107756266 0 0 0
volume_proxy 344 -0.650566005 -0.186807889 -0.0104131574 0 0 0
volume_proxy 347 -0.635049944 0.780425931 0.00302851516 0 0 0
volume_proxy 356 -0.725418997 0.363066075 -0.0104426824 0 0 0
volume_proxy 375 1.07662457 -0.333038317 0.00919769167 0 0 0
volume_proxy 388 1.24378008 -0.893909492 0.00555093119 0 0 0
volume_proxy 1052 -0.989711417 -0.1483762 -0.00716715463 0 0 0
volume_proxy 1066 -0.0186129582 0.197648168 -0.00658556662 0 0 0
volume_proxy 1120 -0.676793697 0.768458149 0.0107740438 0 0 0
volume_proxy 1166 -0.721627952 -0.857073114 -0.00767949026 0 0 0
volume_proxy 1193 -1.10954478 -0.196324697 -0.00107006904 0 0 0
volume_proxy 1225 -1.40240163 -0.798930799 -0.00136039483 0 0 0
volume_proxy 1245 -1.08966509 0.770789625 0.00910212592 0 0 0
volume_proxy 1280 -1.46041663 0.819299515 0.00196572037 0 0 0
volume_proxy 1285 -0.692688357 0.58739795 -0.0100112343 0 0 0
volume_proxy 1295 0.658439757 0.63602381 -0.00986000266 0 0 0
volume_proxy 1296 -0.352460496 -0.363976657 0.00208568907 0 0 0
volume_proxy 1340 1.17730666 -0.138599798 0.00228343371 0 0 0
volume_proxy 1380 -1.16547978 -0.159826722 -0.00882000718 0 0 0
volume_proxy 1386 0.993325323 0.603067269 -0.00762078901 0 0 0
volume_proxy 1397 -0.165942238 0.786337621 0.00797268321 0 0 0
volume_proxy 1409 0.457672822 0.531819753 -0.00167528427 0 0 0
volume_proxy 1413 0.620587252 0.578496465 -0.00718522648 0 0 0
volume_proxy 1422 1.13870618 -0.917657783 0.0054092703 0 0 0
volume_proxy 1433 1.37130051 0.722195031 -0.000363265791 0 0 0
volume_proxy 1437 -0.471363542 -0.92187124 0.00840892099 0 0 0
volume_proxy 1459 -0.804694417 -0.485921942 0.00858245569 0 0 0
volume_proxy 1460 -0.839289793 0.342516345 0.00579452879 0 0 0
volume_proxy 1461 -1.11712794 0.396217446 -0.00817664725 0 0 0
volume_proxy 1472 -1.23031111 -0.221034638 -0.00915933869 0 0 0
volume_proxy 1474 1.19941977 0.0103744145 0.00377797863 0 0 0
volume_proxy 1481 -0.213529317 0.101283095 0.00372655275 0 0 0
volume_proxy 1482 0.642727126 0.307660109 -0.00754923057 0 0 0
volume_proxy 1485 0.722288575 -0.479848324 -0.0044112233 0 0 0
volume_proxy 1489 0.214610117 -0.873537926 -0.00374568772 0 0 0
volume_proxy 1490 0.750889824 0.523918036 -0.00413422892 0 0 0
volume_proxy 1496 -1.28327504 0.384930079 0.00524121469 0 0 0
volume_proxy 1498 -0.301364264 -0.383466413 0.0101311739 0 0 0
volume_proxy 1503 -1.3752033 -0.654817489 0.00644756066 0 0 0
volume_proxy 1506 0.40707581 0.643837035 0.00984459862 0 0 0
volume_proxy 1507 -0.310208636 -0.732328262 -0.00118086846 0 0 0
volume_proxy 1508 -0.820191484 -0.0306919126 -0.00158793484 0 0 0
volume_proxy 1509 -1.1142892 0.0190600555 0.00840919359 0 0 0
volume_proxy 1513 -1.2474878 0.332191468 0.0024312744 0 0 0
volume_proxy 1515 0.15724766 -0.844399911 -0.00857383096 0 0 0
volume_proxy 1516 -0.262961545 -0.705014284 0.00345985992 0 0 0
volume_proxy 1517 -1.1401106 -0.219554835 0.00967479976 0 0 0
volume_proxy 1519 0.405520421 0.344557274 -0.00167810627 0 0 0
volume_proxy 1520 0.00955433363 -0.514308752 -0.00837351106 0 0 0
volume_proxy 1521 -1.30651532 -0.81075096 -0.00475551378 0 0 0
volume_proxy 1523 -0.108777717 -0.223036512 -0.00519205696 0 0 0
volume_proxy 1525 -0.655963142 0.731494088 -0.00568516427 0 0 0
volume_proxy 1526 1.33917128 0.0133537075 0.00234911412 0 0 0
volume_proxy 1528 1.01211132 -0.778524029 0.00254981088 0 0 0
volume_proxy 1529 -0.873838491 0.0586256325 -0.00738730568 0 0 0
volume_proxy 1531 0.235359311 0.904161599 -0.00510753662 0 0 0
volume_proxy 1533 0.897402934 -0.00334585435 -7.17052823e-05 0 0 0
volume_proxy 1534 -0.637528752 0.0362326724 -0.000505653026 0 0 0
volume_proxy 1537 -0.739410336 -0.547103614 -0.00884254709 0 0 0
volume_proxy 1538 1.18306152 -0.522471272 -0.0104401094 0 0 0
volume_proxy 1539 0.261197919 0.87738465 0.00229806157 0 0 0
volume_proxy 1540 1.43982636 0.20685556 -0.00659330007 0 0 0
volume_proxy 1541 -0.517985227 -0.860339759 0.00143285744 0 0 0
