volume_proxy 0 1.29575045 -0.0638355926 0.00646163251 0 0 0
volume_proxy 5 0.211255186 0.651897212 0.00106241344 0 0 0
volume_proxy 6 1.32088119 -0.242777869 -0.0104335048 0 0 0
volume_proxy 11 0.186163925 0.673612608 0.00137057081 0 0 0
volume_proxy 12 1.32517408 -0.208519996 -0.00031800683 0 0 0
volume_proxy 14 0.400147925 0.485954696 0.00641640306 0 0 0
volume_proxy 23 -0.794845768 -0.079767823 -0.00196037708 0 0 0
volume_proxy 38 0.103760257 -0.369253093 -0.00807908215 0 0 0
volume_proxy 40 -0.0188811312 -0.504082134 -0.00160292836 0 0 0
volume_proxy 50 -0.248306607 -0.603589309 0.00412771736 0 0 0
volume_proxy 53 -0.291655726 -0.71985021 -0.00957880524 0 0 0
volume_proxy 58 1.15879326 -0.338667289 -0.00839418046 0 0 0
volume_proxy 60 -0.293582912 0.436737033 0.00434606524 0 0 0
volume_proxy 61 -0.178595228 -0.640825465 0.000136090704 0 0 0
volume_proxy 72 0.584606362 -0.099950494 0.00410942077 0 0 0
volume_proxy 81 -1.21082773 -0.0915670186 -0.0035647738 0 0 0
volume_proxy 85 -0.301801011 0.256660106 -0.00483241465 0 0 0
volume_proxy 88 -0.778560572 -0.0506376547 -0.000926608545 0 0 0
volume_proxy 97 1.16225052 -0.288283301 -0.0103866208 0 0 0
volume_proxy 101 -1.29745731 0.653326167 -0.00232770934 0 0 0
volume_proxy 105 0.169833094 -0.757773763 -0.0044304649 0 0 0
volume_proxy 106 -0.254821137 -0.931322418 0.00951017724 0 0 0
volume_proxy 107 0.438826916 0.27748204 0.0070154241 0 0 0
volume_proxy 108 1.28365923 0.428891169 -0.00260374711 0 0 0
volume_proxy 126 -0.0904972076 -0.938999984 -0.00230527938 0 0 0
volume_proxy 127 -0.454758363 0.0309487825 0.00948577868 0 0 0
volume_proxy 130 1.04034271 0.579271831 -0.00205473896 0 0 0
volume_proxy 132 0.812042364 0.858191073 -0.00909809179 0 0 0
volume_proxy 140 -0.952327339 0.792282962 -0.00792391171 0 0 0
volume_proxy 145 -0.855993642 -0.973641774 -0.00101987779 0 0 0
volume_proxy 157 0.548818798 0.143616383 0.00306647063 0 0 0
volume_proxy 159 -0.643402833 -0.511754378 0.00842695995 0 0 0
volume_proxy 161 -0.485836401 0.1246681 -0.0048466271 0 0 0
volume_proxy 176 0.310885749 -0.479794188 -0.0103977533 0 0 0
volume_proxy 178 -1.4154056 0.440790634 -0.00310887211 0 0 0
volume_proxy 186 -0.0588143952 0.631950844 -0.000699628422 0 0 0
volume_proxy 189 -1.29745588 0.434542223 -0.00785476211 0 0 0
volume_proxy 195 -0.607942758 0.226732744 -0.00394071993 0 0 0
volume_proxy 196 0.709239346 0.207450775 -0.00407292947 0 0 0
volume_proxy 200 -0.353242979 -0.517222656 0.00651154099 0 0 0
volume_proxy 202 -0.839855761 0.998064414 0.00503644312 0 0 0
volume_proxy 209 -0.832817023 -0.435982427 0.000498125924 0 0 0
volume_proxy 210 -0.0851944017 0.482480777 0.00444009671 0 0 0
volume_proxy 224 0.596081036 -0.751968316 -0.0103166191 0 0 0
volume_proxy 226 -0.813308921 -0.815873964 -0.000631908694 0 0 0
volume_proxy 236 0.331953467 0.102185719 -0.00285297926 0 0 0
volume_proxy 237 0.268476466 0.441944994 -0.00546924993 0 0 0
volume_proxy 244 1.17108939 0.47302605 0.00241842354 0 0 0
volume_proxy 247 1.17242138 -0.339332346 -0.00179570275 0 0 0
volume_proxy 256 -0.0218727331 -0.599672647 -0.00974983489 0 0 0
volume_proxy 258 0.799138444 0.0224441764 -0.00659889182 0 0 0
volume_proxy 259 0.590026522 0.0576630175 -0.00920477185 0 0 0
volume_proxy 269 0.0789034653 -0.413902068 -0.0099615031 0 0 0
volume_proxy 276 0.566866604 -0.538334933 -0.00750740371 0 0 0
volume_proxy 277 -0.526895084 -0.437314908 0.00468873692 0 0 0
volume_proxy 279 0.630887079 0.130645964 -0.00706774443 0 0 0
volume_proxy 294 0.693602123 0.51928111 -0.00704612225 0 0 0
volume_proxy 296 0.416480993 -0.277982923 0.00834445642 0 0 0
volume_proxy 298 0.605431131 -0.347642982 -0.00971702202 0 0 0
volume_proxy 305 -0.0289685173 -0.267573674 -0.00736477928 0 0 0
volume_proxy 310 1.16164026 0.747101756 0.00437762184 0 0 0
volume_proxy 311 1.22068148 0.00566173229 -0.0078546915 0 0 0
volume_proxy 314 0.100142229 0.248767332 -0.00025043375 0 0 0
volume_proxy 329 -0.910143717 0.384580441 0.0106184597 0 0 0
volume_proxy 337 -0.998134802 0.420100395 0.0081451311 0 0 0
volume_proxy 344 0.425142944 0.691359817 0.00595321186 0 0 0
volume_proxy 345 -1.09810958 0.569685082 -0.00639135667 0 0 0
volume_proxy 347 -0.582898028 -0.945437912 0.00497966778 0 0 0
volume_proxy 349 0.352625203 -0.103779046 0.0104093673 0 0 0
volume_proxy 356 0.299489618 0.608209963 0.0101255658 0 0 0
volume_proxy 358 1.2693541 0.923750741 -0.00273217149 0 0 0
volume_proxy 375 1.18621737 -0.257647551 0.00914544096 0 0 0
volume_proxy 388 -1.28974096 0.0343347533 0.00842893002 0 0 0
volume_proxy 399 0.535234917 -0.504065232 0.00886224261 0 0 0
volume_proxy 409 0.258956421 -0.846876541 0.00434167858 0 0 0
volume_proxy 412 1.11870583 -0.840843582 -0.000659749863 0 0 0
volume_proxy 431 -1.24960432 -0.980587148 0.00502821845 0 0 0
volume_proxy 512 0.345514919 -0.788155848 -0.00862363115 0 0 0
volume_proxy 518 1.39005966 0.187640691 0.00397854509 0 0 0
volume_proxy 591 -0.21440848 0.459268531 0.00612082742 0 0 0
volume_proxy 682 0.234173945 -0.404814688 -0.00805446213 0 0 0
volume_proxy 725 -1.38324709 -0.610416596 0.00461993211 0 0 0
volume_proxy 751 -0.186215805 -0.761998004 0.00194115727 0 0 0
volume_proxy 802 1.23239532 -0.295443331 -0.0045035803 0 0 0
volume_proxy 814 0.592070776 -0.152668804 -0.00195387619 0 0 0
volume_proxy 876 -0.31870805 -0.383448325 -0.00294860774 0 0 0
volume_proxy 902 0.0743221737 0.232018446 -0.00576596368 0 0 0
volume_proxy 904 -0.977146176 0.762069476 0.00735460044 0 0 0
volume_proxy 914 0.438039848 -0.557374527 -0.00787033105 0 0 0
volume_proxy 915 -0.710293296 -0.279297031 0.00711592216 0 0 0
volume_proxy 929 -1.00399653 -0.886945404 0.0101837478 0 0 0
volume_proxy 944 0.375644926 -0.430511043 -0.00345477554 0 0 0
volume_proxy 991 -1.20232248 -0.797362468 0.00404025348 0 0 0
volume_proxy 1001 -0.29618036 0.896929961 -0.0104757384 0 0 0
volume_proxy 1020 -0.954006606 0.165769757 0.00185522421 0 0 0
volume_proxy 1021 -0.886982625 -0.687012383 -0.000401335201 0 0 0
volume_proxy 1042 1.04021244 0.754731549 0.00456468842 0 0 0
volume_proxy 1050 -1.15069833 -0.334762294 -0.00687389203 0 0 0
volume_proxy 1052 -0.432996244 0.0723175775 0.00744346237 0 0 0
volume_proxy 1062 0.547838309 0.525202329 -0.00946092829 0 0 0
volume_proxy 1066 0.513271716 0.680455312 0.00409348667 0 0 0
volume_proxy 1093 -0.188735849 -0.938336533 -0.00856969189 0 0 0
volume_proxy 1098 0.270846463 0.804137975 0.00041375162 0 0 0
volume_proxy 1102 1.16044486 0.851008279 0.00570807666 0 0 0
volume_proxy 1113 0.84486778 0.692963522 -0.00826986971 0 0 0
volume_proxy 1117 0.807226285 0.404464588 0.00900502575 0 0 0
volume_proxy 1118 -0.392631574 -0.3214556 0.00118524735 0 0 0
volume_proxy 1120 -0.0579235686 0.676665916 0.00630872365 0 0 0
volume_proxy 1133 0.731475759 -0.832279644 0.00763681335 0 0 0
volume_proxy 1137 -0.538182094 0.268684175 -0.00802252516 0 0 0
volume_proxy 1138 1.45305285 -0.825496932 -0.00599184397 0 0 0
volume_proxy 1147 0.961151426 0.367754694 0.000507241326 0 0 0
volume_proxy 1151 0.73032027 -0.828098255 0.0005534635 0 0 0
volume_proxy 1166 -1.07323191 0.492353216 -0.00721117736 0 0 0
volume_proxy 1169 1.45428689 -0.969537163 0.00654450111 0 0 0
volume_proxy 1172 -0.292210702 0.49614155 -0.00383055314 0 0 0
volume_proxy 1179 0.571021027 0.290196984 0.008733892 0 0 0
volume_proxy 1180 -0.573245597 0.395288573 0.00919529839 0 0 0
volume_proxy 1186 -0.705256272 -0.364171699 -0.0101260602 0 0 0
volume_proxy 1193 -1.1238843 -0.0374702224 -0.000375138054 0 0 0
volume_proxy 1195 -1.36190514 -0.433270265 -0.00187869762 0 0 0
volume_proxy 1197 -0.745527791 -0.417017478 0.000866786281 0 0 0
volume_proxy 1198 -0.2282709 0.628310213 -0.00407579101 0 0 0
volume_proxy 1206 0.564529478 0.320202723 -0.00837858157 0 0 0
volume_proxy 1208 -0.475418964 -0.0841038874 -0.00234130212 0 0 0
volume_proxy 1209 -1.46338795 0.0472978327 0.00185871616 0 0 0
volume_proxy 1210 -1.36136276 0.939007173 0.00629766864 0 0 0
volume_proxy 1214 -0.560502727 0.516767597 -0.0076353708 0 0 0
volume_proxy 1217 -0.502299954 0.469713113 0.00274179979 0 0 0
volume_proxy 1219 -0.759865026 0.78371656 0.00905137528 0 0 0
volume_proxy 1223 1.32194205 0.313885406 0.00315784706 0 0 0
volume_proxy 1225 0.0233594994 -0.219693207 0.00360927628 0 0 0
volume_proxy 1230 1.07453867 -0.628920201 -0.00881162848 0 0 0
volume_proxy 1231 -0.859462159 0.199920829 -0.00587998374 0 0 0
volume_proxy 1237 0.155466265 0.870197438 0.0107090882 0 0 0
volume_proxy 1238 0.765179634 0.758622749 -0.00951553778 0 0 0
volume_proxy 1245 -1.34367377 0.989427432 0.00493046016 0 0 0
volume_proxy 1255 1.4849604 -0.265542247 0.00943752944 0 0 0
volume_proxy 1259 -0.99566241 0.990236065 0.00867781512 0 0 0
volume_proxy 1260 0.302681115 0.479504779 -0.000691112691 0 0 0
volume_proxy 1261 -0.660840367 0.522053203 0.00475308214 0 0 0
volume_proxy 1262 1.15364381 0.387225904 0.00943528865 0 0 0
volume_proxy 1263 0.603608649 -0.397458696 0.00375087138 0 0 0
volume_proxy 1264 0.198938434 -0.242013029 0.00524838567 0 0 0
volume_proxy 1270 0.599159837 -0.186158777 0.00525377243 0 0 0
volume_proxy 1273 -0.676324224 0.869176794 0.0107936037 0 0 0
volume_proxy 1280 -1.19790166 0.21835162 -0.00789233163 0 0 0
volume_proxy 1281 -0.602881028 -0.848838517 -0.00749549845 0 0 0
volume_proxy 1285 -1.22950541 0.978318998 -0.0072438628 0 0 0
volume_proxy 1291 -0.145899044 0.935559827 0.0104072551 0 0 0
volume_proxy 1292 0.0664012256 0.201182943 0.000568517356 0 0 0
volume_proxy 1293 -0.375099502 -0.693603061 0.0101741841 0 0 0
volume_proxy 1294 1.42467492 0.791377997 -0.0052209157 0 0 0
volume_proxy 1295 -1.33718568 0.277177647 -0.001282168 0 0 0
volume_proxy 1296 -0.19842219 -0.126928101 0.00901231165 0 0 0
volume_proxy 1297 -0.301767935 -0.714962492 -0.0100876651 0 0 0
volume_proxy 1298 -1.16324635 -0.969748482 0.00953985104 0 0 0
volume_proxy 1300 -1.31437927 0.448381103 0.00468197131 0 0 0
volume_proxy 1301 -1.06301607 0.796314163 0.00290326474 0 0 0
volume_proxy 1303 -0.886773115 0.719850416 0.00624978178 0 0 0
volume_proxy 1308 -0.647225306 -0.191025084 0.0100250966 0 0 0
volume_proxy 1309 -0.129062431 -0.285169741 -0.00225184439 0 0 0
volume_proxy 1314 0.196353152 0.324022892 -0.00639975697 0 0 0
volume_proxy 1315 -0.78538053 -0.701337108 0.00925601932 0 0 0
volume_proxy 1318 0.820871088 -0.681884711 0.00759019713 0 0 0
volume_proxy 1320 -0.469189823 -0.945916142 -0.00586290348 0 0 0
volume_proxy 1321 -1.45921221 0.226387244 0.00291528836 0 0 0
volume_proxy 1325 0.148246025 -0.284749474 -0.00671828123 0 0 0
volume_proxy 1326 -0.131711951 -0.095783897 -0.00618114474 0 0 0
volume_proxy 1328 -1.18656448 0.562951079 -0.00901038884 0 0 0
volume_proxy 1329 0.978678031 0.543519212 0.00153718104 0 0 0
volume_proxy 1330 0.24873329 0.326986362 -0.00843727308 0 0 0
volume_proxy 1331 0.384824164 0.46337455 0.00519937602 0 0 0
volume_proxy 1333 1.01310544 0.544716183 0.00347058004 0 0 0
volume_proxy 1334 -1.35224483 -0.280813737 -0.00150270676 0 0 0
volume_proxy 1335 0.458281479 0.0811906161 -0.00026577958 0 0 0
volume_proxy 1336 0.650665987 0.0738574325 0.00814148665 0 0 0
volume_proxy 1337 -0.392420872 0.786358691 -0.0107517647 0 0 0
volume_proxy 1340 0.355010915 0.680175275 0.00884630259 0 0 0
volume_proxy 1341 -0.995712363 -0.593295991 -0.0104477032 0 0 0
volume_proxy 1345 0.662685977 -0.81146656 -0.0099519515 0 0 0
volume_proxy 1347 -0.240068288 0.429386295 -0.000518670095 0 0 0
volume_proxy 1348 0.651794031 -0.436194045 0.00861037984 0 0 0
volume_proxy 1349 -1.39803825 -0.252020864 0.00149066805 0 0 0
volume_proxy 1350 0.487421023 -0.356000534 -0.00594688105 0 0 0
volume_proxy 1351 0.879193401 0.373549996 0.00477946933 0 0 0
volume_proxy 1353 1.0570278 0.15411491 -0.00686677858 0 0 0
volume_proxy 1354 -0.262863788 0.0326966137 -0.00693727121 0 0 0
volume_proxy 1355 -0.372158877 -0.0167255385 -0.00434849479 0 0 0
volume_proxy 1356 0.245973943 0.455362549 0.00119246182 0 0 0
volume_proxy 1357 -1.4888616 0.1254506 0.00828898384 0 0 0
volume_proxy 1358 -1.09571757 -0.527501794 -0.0106278942 0 0 0
volume_proxy 1359 -0.472068014 -0.0177342514 -0.0100503806 0 0 0
volume_proxy 1360 -1.39701164 -0.826351072 -0.010323127 0 0 0
volume_proxy 1361 0.976366009 0.976128191 0.00875163305 0 0 0
volume_proxy 1364 -1.06076187 -0.477040033 0.00822867657 0 0 0
volume_proxy 1366 0.998605991 0.909577862 0.00404460878 0 0 0
volume_proxy 1367 -0.512915907 -0.891107377 -0.00457837434 0 0 0
volume_proxy 1368 1.142975 -0.954979115 -0.00212217547 0 0 0
volume_proxy 1369 1.26831092 0.807022456 -0.0065233715 0 0 0
volume_proxy 1370 1.36496124 0.333514269 -0.00662457066 0 0 0
volume_proxy 1371 1.43951681 0.275162101 0.0103513306 0 0 0
volume_proxy 1374 -0.0651465144 0.890602228 -0.00183006434 0 0 0
volume_proxy 1375 -0.00951162008 0.987806552 -0.00160951746 0 0 0
volume_proxy 1376 0.710111598 -0.48870932 0.00163346221 0 0 0
volume_proxy 1377 1.12444317 0.763469077 -0.0084507978 0 0 0
volume_proxy 1378 0.53253859 -0.533814453 0.00221711921 0 0 0
volume_proxy 1379 0.509149477 0.444259852 -0.0098261581 0 0 0
