volume_proxy 0 1.35094367 -0.0204388156 0.0102205432 0 0 0
volume_proxy 5 0.468677012 -0.0930517662 -0.00582392256 0 0 0
volume_proxy 6 0.506640918 -0.331288498 0.00354729227 0 0 0
volume_proxy 11 1.03912689 0.384071959 0.0100612642 0 0 0
volume_proxy 12 1.25756861 -0.522942715 0.0019188862 0 0 0
volume_proxy 14 -0.129213761 -0.358257802 0.00265277093 0 0 0
volume_proxy 23 0.0262105635 0.175433044 0.00959216219 0 0 0
volume_proxy 38 0.711276035 0.0182810946 0.00695306117 0 0 0
volume_proxy 40 0.342737227 -0.979867804 -0.00138891444 0 0 0
volume_proxy 50 -0.243213914 -0.238532552 -0.00153639205 0 0 0
volume_proxy 53 -0.297060201 0.228645164 0.00745953253 0 0 0
volume_proxy 58 1.27890905 -0.34906891 0.000269770853 0 0 0
volume_proxy 60 0.457031979 0.35926723 0.00207463154 0 0 0
volume_proxy 61 0.128006641 -0.784971792 0.000247252354 0 0 0
volume_proxy 72 0.337509606 -0.125176176 -0.000522030385 0 0 0
volume_proxy 85 -0.85840119 -0.0250682054 0.00317358897 0 0 0
volume_proxy 88 -0.735963785 -0.44750156 0.00899054573 0 0 0
volume_proxy 97 1.43120402 -0.233020674 -0.000966763828 0 0 0
volume_proxy 101 -1.20027772 0.842011119 0.00103692251 0 0 0
volume_proxy 105 0.263729073 -0.391694376 -0.000500443744 0 0 0
volume_proxy 107 1.35538119 0.45472998 -0.000792219083 0 0 0
volume_proxy 108 0.971908108 0.714616798 -0.00568741433 0 0 0
volume_proxy 127 -0.793996793 0.487114838 0.00543227466 0 0 0
volume_proxy 130 1.46416777 0.439248379 -0.0043239876 0 0 0
volume_proxy 140 -0.602773334 0.16818006 0.00935335031 0 0 0
volume_proxy 157 0.700238419 -0.296022707 -0.0045110962 0 0 0
volume_proxy 159 0.0920056891 -0.136078878 0.00718438581 0 0 0
volume_proxy 161 0.195156916 0.0594606837 -0.000577222275 0 0 0
volume_proxy 176 0.406215567 -0.826318413 -0.00650616719 0 0 0
volume_proxy 178 -1.13058241 0.805112707 -0.00706907764 0 0 0
volume_proxy 186 0.17525735 0.250209152 0.0104066911 0 0 0
volume_proxy 189 -1.25088925 0.364629194 0.00771755293 0 0 0
volume_proxy 195 0.115890087 -0.231479671 -0.00701200461 0 0 0
volume_proxy 196 0.112999582 0.293055757 -0.00483920926 0 0 0
volume_proxy 200 -0.443904453 -0.506033898 0.00778136173 0 0 0
volume_proxy 202 -1.44691411 0.513141275 -0.00542057317 0 0 0
volume_proxy 209 -0.898090173 -0.0127105919 0.00178782112 0 0 0
volume_proxy 210 -0.552346717 0.331883531 9.90978948e-05 0 0 0
volume_proxy 226 -0.486943659 0.00385708237 0.00468470508 0 0 0
volume_proxy 236 0.343916941 0.482798311 0.00725134039 0 0 0
volume_proxy 244 1.02320812 0.354465876 -0.0106625954 0 0 0
volume_proxy 247 0.93528053 0.28547592 -0.00946706648 0 0 0
volume_proxy 256 -0.308594853 0.320184781 -0.00840349828 0 0 0
volume_proxy 259 0.0435795177 -0.224135302 0.00215819007 0 0 0
volume_proxy 269 -0.134517544 -0.481594852 0.0104224432 0 0 0
volume_proxy 276 1.19306729 -0.739901628 -0.00109362632 0 0 0
volume_proxy 277 -0.68420541 -0.194603026 0.00711883518 0 0 0
volume_proxy 294 0.0213762488 0.169385511 1.51831457e-05 0 0 0
volume_proxy 296 -0.108433337 -0.271163556 -0.00550637036 0 0 0
volume_proxy 298 1.368395 -0.524183353 -0.00880553455 0 0 0
volume_proxy 305 0.484040522 0.191602909 -0.000632624079 0 0 0
volume_proxy 310 1.17008734 0.377733987 -0.00793559626 0 0 0
volume_proxy 311 1.1001227 -0.602945112 0.00101370977 0 0 0
volume_proxy 329 -0.767802839 0.0637573149 0.00073501476 0 0 0
volume_proxy 337 -0.80204439 0.417540712 -0.00072376922 0 0 0
volume_proxy 344 -0.352296504 0.171091118 -0.00607108487 0 0 0
volume_proxy 347 -0.404203948 -0.857038893 0.00825920797 0 0 0
volume_proxy 349 0.123379094 -0.389942331 0.00894466379 0 0 0
volume_proxy 356 0.542660879 0.162663799 -0.00225550726 0 0 0
volume_proxy 375 1.1285057 -0.281951297 0.0105199557 0 0 0
volume_proxy 388 -0.820667693 0.73538989 0.0050676591 0 0 0
volume_proxy 399 0.423377009 -0.823075073 0.00901262698 0 0 0
volume_proxy 409 0.509095582 -0.903778302 0.00142753843 0 0 0
volume_proxy 431 -1.48391096 -0.968028922 -0.00823937966 0 0 0
volume_proxy 512 0.305956325 -0.893457451 0.00152203352 0 0 0
volume_proxy 518 0.794778503 0.9962794 -0.00648194396 0 0 0
volume_proxy 682 -0.0919188458 -0.972503407 0.00296164207 0 0 0
volume_proxy 802 1.18058068 -0.745416087 0.00968920547 0 0 0
volume_proxy 876 0.226377618 -0.716388894 0.0103094916 0 0 0
volume_proxy 904 -0.275125581 0.502965777 -0.00268089352 0 0 0
volume_proxy 914 0.248952676 -0.890884183 0.0106898349 0 0 0
volume_proxy 929 -0.751319029 -0.930106049 0.00564989754 0 0 0
volume_proxy 944 0.636414847 -0.753896856 0.00772661136 0 0 0
volume_proxy 991 -1.0585533 -0.780296665 0.00149724297 0 0 0
volume_proxy 1020 -1.38471719 0.849094126 -0.00601263154 0 0 0
volume_proxy 1021 -0.222804563 -0.877728733 -0.00276939343 0 0 0
volume_proxy 1052 0.281621265 -0.239356031 0.00969800154 0 0 0
volume_proxy 1066 0.913468219 0.376342959 -0.00807609187 0 0 0
volume_proxy 1093 0.161634518 -0.161595011 -0.0106204481 0 0 0
volume_proxy 1118 0.247254982 -0.535053006 -0.0052227457 0 0 0
volume_proxy 1120 -0.358090227 0.72419215 -0.0100814795 0 0 0
volume_proxy 1133 1.22035355 -0.97858833 0.00186703749 0 0 0
volume_proxy 1138 1.35865877 -0.619982549 -0.00840206212 0 0 0
volume_proxy 1151 0.411424184 -0.709941095 0.00556599421 0 0 0
volume_proxy 1166 -0.68358982 0.43158674 0.000314315801 0 0 0
volume_proxy 1169 1.42943226 -0.687764019 -0.00943197007 0 0 0
volume_proxy 1172 -0.303882593 0.810545529 -0.00221541693 0 0 0
volume_proxy 1180 -1.46961861 -0.188008281 -0.00111567323 0 0 0
volume_proxy 1186 -0.519662192 -0.906176268 0.00538094992 0 0 0
volume_proxy 1193 -0.699222486 -0.428680607 0.0104329029 0 0 0
volume_proxy 1197 -0.308871372 -0.306931515 -0.00255441286 0 0 0
volume_proxy 1209 -1.41001985 0.691957614 -0.0104666778 0 0 0
volume_proxy 1210 -0.936975058 0.870388096 -0.00730636354 0 0 0
volume_proxy 1217 -0.56072775 0.502684732 -0.00663167995 0 0 0
volume_proxy 1219 -0.682729925 0.693130069 0.00894969651 0 0 0
volume_proxy 1225 0.0277118026 -0.342156859 0.00641946222 0 0 0
volume_proxy 1230 0.954809319 -0.322047725 -0.0107409929 0 0 0
volume_proxy 1237 -0.00987161412 0.93522877 -0.00191595348 0 0 0
volume_proxy 1238 0.632976674 0.669828422 -0.0102589849 0 0 0
volume_proxy 1245 -1.35873683 0.838837593 -0.00621028146 0 0 0
volume_proxy 1255 1.40282387 -0.542293994 0.00489021302 0 0 0
volume_proxy 1259 -1.0698714 0.796931429 -0.0064172063 0 0 0
volume_proxy 1264 0.482944008 -0.611312206 -0.000267470706 0 0 0
volume_proxy 1270 0.206069059 -0.0527392334 -0.000585387537 0 0 0
volume_proxy 1280 -1.34784192 0.506793799 0.00904189189 0 0 0
volume_proxy 1285 -1.3882423 0.737755823 0.00389250239 0 0 0
volume_proxy 1292 0.223715664 0.165370185 0.00140593747 0 0 0
volume_proxy 1293 0.190139186 -0.926660411 0.00575274474 0 0 0
volume_proxy 1295 -1.41678986 0.784527074 -0.00856380293 0 0 0
volume_proxy 1296 0.0187215238 -0.15369 0.0037323215 0 0 0
volume_proxy 1297 -0.174194189 -0.724852636 -0.0105564452 0 0 0
volume_proxy 1298 -0.991722324 -0.775443944 0.00371254021 0 0 0
volume_proxy 1301 -0.43203501 0.585391251 0.00751836993 0 0 0
volume_proxy 1303 -1.03577339 0.92420722 -0.0095895768 0 0 0
volume_proxy 1308 -0.479481325 0.806984031 -0.00176498896 0 0 0
volume_proxy 1315 -1.24130425 -0.771316755 -0.00260597575 0 0 0
volume_proxy 1318 0.837993934 -0.371978327 0.00623810067 0 0 0
volume_proxy 1325 -1.20495448 -0.484583404 -0.00614811546 0 0 0
volume_proxy 1326 -0.0208758378 -0.267966825 0.00501193401 0 0 0
volume_proxy 1334 -1.00950807 -0.417709693 0.0102981666 0 0 0
volume_proxy 1335 0.469868603 -0.424572307 -0.00838658595 0 0 0
volume_proxy 1340 0.447969696 0.646918904 -0.0101385256 0 0 0
volume_proxy 1345 0.140042763 -0.776928287 0.0100054847 0 0 0
volume_proxy 1347 -0.336534783 0.590524206 -0.00786170587 0 0 0
volume_proxy 1348 1.49346287 -0.744247772 -0.00498662105 0 0 0
volume_proxy 1354 -0.348731795 -0.105764945 0.00913490862 0 0 0
volume_proxy 1357 -1.21615654 0.289681745 0.00558968892 0 0 0
volume_proxy 1358 -0.217828562 0.0530260144 0.00319984367 0 0 0
volume_proxy 1361 1.4340713 0.760515186 0.000823797199 0 0 0
volume_proxy 1366 1.25405554 0.922018187 0.00682395309 0 0 0
volume_proxy 1367 -0.98584254 -0.566823109 -0.00258676202 0 0 0
volume_proxy 1369 0.609540286 0.86996125 0.00961199954 0 0 0
volume_proxy 1378 0.523405811 -0.587519905 0.000886013249 0 0 0
volume_proxy 1379 0.433605873 0.282539517 -0.00688696595 0 0 0
volume_proxy 1380 -0.544513215 0.505876055 0.0069740828 0 0 0
volume_proxy 1381 0.912707594 0.52301192 -0.00349390729 0 0 0
volume_proxy 1382 -0.197059632 -0.191372192 -0.00531894084 0 0 0
volume_proxy 1383 -1.1983528 0.225090502 0.00312805371 0 0 0
volume_proxy 1384 0.288734459 0.26037399 0.0092070665 0 0 0
volume_proxy 1385 0.852951819 0.819659401 -0.00448021581 0 0 0
volume_proxy 1386 1.02027899 0.759807676 0.00482171181 0 0 0
volume_proxy 1388 0.425518798 0.352570319 -0.00695267709 0 0 0
volume_proxy 1389 -0.0296474965 0.548938158 0.00340565261 0 0 0
volume_proxy 1390 -1.47182968 0.669876337 0.00819656483 0 0 0
volume_proxy 1392 -0.216586403 -0.969873343 -0.0107139839 0 0 0
volume_proxy 1395 1.05829862 0.14199315 0.00790977621 0 0 0
volume_proxy 1397 -0.108540798 0.632595075 -0.0100323339 0 0 0
volume_proxy 1398 -0.937576155 0.622206814 0.00816289154 0 0 0
volume_proxy 1403 0.585245709 0.173992053 0.0101252508 0 0 0
volume_proxy 1405 0.6821253 0.525859744 -0.00689324101 0 0 0
volume_proxy 1406 0.0457794324 -0.81213381 -0.0102455871 0 0 0
volume_proxy 1408 0.293429268 0.708053498 -0.00531959826 0 0 0
volume_proxy 1409 1.01774225 0.556118807 0.00159957095 0 0 0
volume_proxy 1411 0.760459454 0.679941581 -0.00515401662 0 0 0
volume_proxy 1413 0.814216174 0.629836662 -0.00247197993 0 0 0
volume_proxy 1414 1.18569002 0.681257062 -0.00130964399 0 0 0
volume_proxy 1415 1.49735346 -0.0442957868 -0.00664519336 0 0 0
volume_proxy 1418 -1.45843675 0.0103066291 0.00720571429 0 0 0
volume_proxy 1419 -1.26678268 -0.928154801 0.00502685948 0 0 0
volume_proxy 1420 -1.36325597 -0.43038805 0.00462320713 0 0 0
volume_proxy 1421 -1.15794873 0.0123106849 0.00878647345 0 0 0
volume_proxy 1422 0.794358693 -0.88937022 0.00243580711 0 0 0
volume_proxy 1423 -0.454053254 0.378618446 -6.25016397e-05 0 0 0
volume_proxy 1425 -0.627623197 -0.686810392 0.00199458525 0 0 0
volume_proxy 1426 0.47099044 -0.0862639058 0.00859363783 0 0 0
volume_proxy 1427 -0.441659044 0.0375301202 0.00875803886 0 0 0
volume_proxy 1428 0.000511215434 0.644576813 0.00511703921 0 0 0
volume_proxy 1429 1.16125319 -0.0115730308 0.00617503486 0 0 0
volume_proxy 1430 -0.635634625 -0.894872464 0.0021826288 0 0 0
volume_proxy 1433 0.950352097 0.498831351 0.00723540225 0 0 0
