volume_proxy 0 1.30612817 -0.190803066 0.00912677061 0 0 0
volume_proxy 5 0.650400154 -0.100643071 -0.0045991514 0 0 0
volume_proxy 6 0.198556408 0.0876860341 0.00307651706 0 0 0
volume_proxy 11 1.17548202 0.0591918607 -0.00442923523 0 0 0
volume_proxy 12 1.01111328 -0.0587666038 -0.00934956627 0 0 0
volume_proxy 14 -0.392716668 0.184239889 0.00621061366 0 0 0
volume_proxy 23 1.2890257 -0.666989359 -0.0062419719 0 0 0
volume_proxy 38 0.631459817 0.411906008 0.0104305521 0 0 0
volume_proxy 40 0.0573274545 -0.241873441 0.0051703187 0 0 0
volume_proxy 50 -0.404557799 -0.618071987 -0.00865021933 0 0 0
volume_proxy 53 -0.764018992 0.467817358 -0.00178798191 0 0 0
volume_proxy 58 1.43851501 -0.382729167 -0.00708821781 0 0 0
volume_proxy 60 1.30404292 0.474333012 -0.0102874411 0 0 0
volume_proxy 72 -0.224087007 0.00382521235 -0.00701016302 0 0 0
volume_proxy 85 -0.911432318 -0.129636723 0.00419160742 0 0 0
volume_proxy 97 0.917784893 0.357802708 0.00329158574 0 0 0
volume_proxy 105 0.711987385 -0.096638835 0.00269779915 0 0 0
volume_proxy 107 1.47393011 0.982410911 0.00269933509 0 0 0
volume_proxy 127 -1.39719979 0.624517076 0.0105355504 0 0 0
volume_proxy 130 1.19245399 0.0128565702 0.0103371914 0 0 0
volume_proxy 140 -0.859404956 0.426944576 -0.00866589645 0 0 0
volume_proxy 157 1.46437144 -0.0969039493 0.00706805285 0 0 0
volume_proxy 159 0.163720442 0.614041201 0.00653069326 0 0 0
volume_proxy 161 0.718283897 -0.0288058545 0.0054590328 0 0 0
volume_proxy 176 0.337255283 -0.255849015 -0.00133541525 0 0 0
volume_proxy 186 -0.982582377 0.397762647 -0.0066736486 0 0 0
volume_proxy 189 -0.903302485 0.930801396 -0.00917152151 0 0 0
volume_proxy 195 -0.220299041 -0.0642456505 2.49306779e-05 0 0 0
volume_proxy 196 0.215216601 -0.335745224 -0.00792740688 0 0 0
volume_proxy 200 -0.152844068 -0.87485252 -0.00923194001 0 0 0
volume_proxy 202 -1.21732476 0.559685301 -0.00534383356 0 0 0
volume_proxy 209 -1.43264187 0.257725625 0.00278281302 0 0 0
volume_proxy 210 -1.12561264 0.903598587 0.00242257658 0 0 0
volume_proxy 226 -0.199022794 -0.832978689 -0.0106683992 0 0 0
volume_proxy 236 0.826614423 0.468892582 -0.00457283323 0 0 0
volume_proxy 247 0.573432274 0.86778796 0.00908242034 0 0 0
volume_proxy 256 -1.02136512 0.630848284 0.00975686939 0 0 0
volume_proxy 259 0.423617651 -0.100481483 0.00131771292 0 0 0
volume_proxy 269 0.0659676766 -0.200226054 -0.00557721135 0 0 0
volume_proxy 277 -1.21077679 -0.238929199 0.0042493985 0 0 0
volume_proxy 296 0.293278039 -0.392410068 -0.0093436543 0 0 0
volume_proxy 305 -0.0224185796 -0.895482667 0.00706815757 0 0 0
volume_proxy 310 1.40248563 -0.0538074547 0.00823825131 0 0 0
volume_proxy 329 -1.07200997 -0.956244612 -0.00370357851 0 0 0
volume_proxy 337 -0.900852255 0.830039227 0.00386800875 0 0 0
volume_proxy 344 -0.826098261 0.819427227 -0.000467886433 0 0 0
volume_proxy 347 -0.888918128 -0.0584147899 -0.00249739279 0 0 0
volume_proxy 349 -0.574740755 0.0510576311 -0.00108117434 0 0 0
volume_proxy 356 0.14303641 0.977989876 0.00328199355 0 0 0
volume_proxy 375 0.674297939 -0.29702504 -0.00164260683 0 0 0
volume_proxy 388 -1.12469803 0.605831231 0.0105681718 0 0 0
volume_proxy 431 -0.870460894 -0.0629729484 0.00597281876 0 0 0
volume_proxy 802 1.01010111 0.813082285 -0.00729259125 0 0 0
volume_proxy 876 0.635307559 -0.997056148 -0.00217509617 0 0 0
volume_proxy 1052 0.0417781042 -0.680538277 -0.00752574325 0 0 0
volume_proxy 1066 0.639429033 0.783800246 -0.0084706772 0 0 0
volume_proxy 1120 -0.133015515 0.299847605 0.00909458687 0 0 0
volume_proxy 1166 -0.684174023 0.865599683 -0.00658787113 0 0 0
volume_proxy 1169 1.35796611 -0.860835423 0.00265355428 0 0 0
volume_proxy 1172 0.212757872 0.767151416 -0.00624746433 0 0 0
volume_proxy 1186 -0.642106923 -0.283729927 -0.00656186861 0 0 0
volume_proxy 1193 -0.839485346 0.354616085 -0.00762941612 0 0 0
volume_proxy 1219 -0.625501762 0.951331053 -0.00333852821 0 0 0
volume_proxy 1225 0.18312438 -0.134847352 -0.00947761528 0 0 0
volume_proxy 1245 -1.16858086 0.993211646 0.0105379338 0 0 0
volume_proxy 1280 -1.25420186 0.637515864 0.00151290722 0 0 0
volume_proxy 1285 -1.07978491 0.914307723 -0.00413726138 0 0 0
volume_proxy 1295 -1.13357382 0.977495508 0.00479885007 0 0 0
volume_proxy 1296 0.135830389 0.103508824 0.00607242324 0 0 0
volume_proxy 1326 0.913895747 -0.433437144 0.00602429672 0 0 0
volume_proxy 1335 0.247520393 -0.989346435 -0.00951682224 0 0 0
volume_proxy 1340 1.14807663 0.389198586 -0.00926941803 0 0 0
volume_proxy 1380 -0.0811022928 0.356517946 0.000417715712 0 0 0
volume_proxy 1386 0.251121101 0.857378477 -0.00732166911 0 0 0
volume_proxy 1397 0.62398436 0.972548167 -0.00938885025 0 0 0
volume_proxy 1403 0.780456706 -0.0368718422 0.00407030751 0 0 0
volume_proxy 1409 1.30183611 0.614305281 0.00497662958 0 0 0
volume_proxy 1413 0.435924736 0.934978821 -0.00349619647 0 0 0
volume_proxy 1418 -1.46032416 0.153321001 0.00102187876 0 0 0
volume_proxy 1420 -1.32674601 -0.229819501 -0.00485272539 0 0 0
volume_proxy 1421 -1.31211243 -0.128636806 -0.00856676181 0 0 0
volume_proxy 1422 1.12512361 -0.994619755 0.00691332502 0 0 0
volume_proxy 1423 -0.532225954 0.666920343 0.00385931322 0 0 0
volume_proxy 1426 0.844336095 -0.697064186 0.00606716455 0 0 0
volume_proxy 1429 1.06497598 -0.118022136 -0.00617963914 0 0 0
volume_proxy 1433 0.95121538 0.588746487 -0.00418373326 0 0 0
volume_proxy 1434 0.410486427 -0.628503782 0.00668982983 0 0 0
volume_proxy 1437 -0.395583593 -0.343348226 0.00127798461 0 0 0
volume_proxy 1439 -0.306100104 0.849363598 -0.000928271268 0 0 0
volume_proxy 1440 0.540960669 -0.235684301 -0.0041212128 0 0 0
volume_proxy 1444 -1.48848309 -0.820131374 -0.00476072123 0 0 0
volume_proxy 1445 0.195890284 -0.753976301 -0.00517824419 0 0 0
volume_proxy 1447 1.13722334 -0.584927561 0.000188290633 0 0 0
volume_proxy 1459 -0.75758261 0.927073634 0.00848179594 0 0 0
volume_proxy 1460 0.656872736 0.0366781428 0.000191487227 0 0 0
volume_proxy 1461 -0.935338634 0.440889657 -0.000537447652 0 0 0
volume_proxy 1462 -1.11696775 -0.507500629 0.000315504138 0 0 0
volume_proxy 1466 -0.670802323 -0.80491115 0.00737017434 0 0 0
volume_proxy 1470 -1.40784076 -0.659978638 -0.0107877508 0 0 0
volume_proxy 1471 -0.0890650624 0.962452265 0.00517112416 0 0 0
volume_proxy 1472 -0.883812854 0.650967869 0.000474661736 0 0 0
volume_proxy 1474 1.07462315 -0.904812968 -0.00844647808 0 0 0
volume_proxy 1475 1.11084925 -0.266079308 -0.00407397141 0 0 0
volume_proxy 1481 1.30926547 0.918148862 -0.0041824513 0 0 0
volume_proxy 1482 0.405232922 -0.976833958 -0.000403894742 0 0 0
volume_proxy 1485 -0.0281758769 -0.475754122 0.00193766264 0 0 0
volume_proxy 1486 1.11357198 -0.664166792 0.00284377242 0 0 0
volume_proxy 1489 -0.568132027 0.441667469 0.00275924039 0 0 0
volume_proxy 1490 1.21557852 0.904231513 -0.00455262965 0 0 0
volume_proxy 1492 0.168532418 0.395106831 0.0105380893 0 0 0
volume_proxy 1493 0.494406124 0.374638484 -0.0057290228 0 0 0
volume_proxy 1494 0.792798972 0.586718083 -0.00451310828 0 0 0
volume_proxy 1495 0.913241277 -0.571336713 -0.0054731432 0 0 0
volume_proxy 1496 -0.766242102 0.374874106 -0.0029376787 0 0 0
volume_proxy 1497 0.285245573 0.452805639 0.00524100539 0 0 0
volume_proxy 1498 -1.35088934 0.644800452 0.00246003431 0 0 0
volume_proxy 1501 -0.597685038 -0.95569896 -0.00244449747 0 0 0
volume_proxy 1502 -0.929029351 -0.576853565 0.00658044013 0 0 0
volume_proxy 1503 -0.533448839 0.218636237 0.0102801069 0 0 0
volume_proxy 1505 -0.212203925 0.766275996 -0.00281760322 0 0 0
volume_proxy 1506 -0.0219450849 0.579699996 -0.00823241662 0 0 0
volume_proxy 1507 -0.854327129 -0.395971504 -0.00441579277 0 0 0
volume_proxy 1508 -0.00886737738 -0.775262994 0.0016964697 0 0 0
volume_proxy 1509 -1.48419321 0.966812821 -0.00936176662 0 0 0
