volume_proxy 0 -0.859294253 -0.543050622 0.00196397148 0 0 0
volume_proxy 6 -0.0547031926 0.761236044 0.00386380027 0 0 0
volume_proxy 11 0.863599584 0.350615487 0.00132492847 0 0 0
volume_proxy 12 0.899906776 -0.951022295 -0.000429021665 0 0 0
volume_proxy 14 -1.15959111 0.861395832 -0.00586006873 0 0 0
volume_proxy 23 1.12551402 -0.883688084 -0.00313684086 0 0 0
volume_proxy 38 -0.715876045 -0.690258145 -0.00670312052 0 0 0
volume_proxy 40 -0.454356098 -0.182021338 -0.00765254308 0 0 0
volume_proxy 50 -1.36519046 -0.112777016 -0.00472444699 0 0 0
volume_proxy 53 -1.06628043 0.311032275 0.00682314588 0 0 0
volume_proxy 58 0.982136322 -0.211685557 0.000730419975 0 0 0
volume_proxy 60 -0.318911156 0.987309227 0.00507896749 0 0 0
volume_proxy 85 -1.11216583 0.762962179 0.00687576092 0 0 0
volume_proxy 97 0.768044678 0.538444284 0.00599019047 0 0 0
volume_proxy 107 0.287449816 0.0853315345 0.00118157107 0 0 0
volume_proxy 127 -1.49491102 -0.126974669 0.0100672916 0 0 0
volume_proxy 130 0.516429098 -0.911865472 -0.00342719962 0 0 0
volume_proxy 140 0.34103882 0.0281068529 -0.0102181844 0 0 0
volume_proxy 157 1.18323583 -0.767283121 -0.00994026985 0 0 0
volume_proxy 159 0.821682648 0.585941273 0.00238042347 0 0 0
volume_proxy 161 -0.348801847 -0.760885915 -0.00570945642 0 0 0
volume_proxy 176 0.723661515 0.298372676 0.000565588315 0 0 0
volume_proxy 186 -1.09216913 0.264596536 0.000636517207 0 0 0
volume_proxy 189 -0.602056746 -0.485851899 0.00642087781 0 0 0
volume_proxy 195 -1.28548096 -0.448235263 0.00292636272 0 0 0
volume_proxy 196 -0.118391326 0.191041337 0.00875189915 0 0 0
volume_proxy 200 -1.47523478 0.412802678 -0.00160465148 0 0 0
volume_proxy 202 -0.215822421 -0.338756513 0.00208520931 0 0 0
volume_proxy 209 -1.28068739 0.0922132667 -0.00526407732 0 0 0
volume_proxy 210 0.939713601 0.659132815 -0.00427273031 0 0 0
volume_proxy 226 1.15802336 -0.23309056 -0.00114340733 0 0 0
volume_proxy 236 1.13743187 0.323250766 0.0106795424 0 0 0
volume_proxy 247 0.498262761 -0.955769018 -0.00140635395 0 0 0
volume_proxy 256 0.0661194043 -0.198218417 0.00225063012 0 0 0
volume_proxy 259 0.354092915 -0.0660342074 0.00630479559 0 0 0
volume_proxy 269 -0.508749161 0.355111154 0.0052847076 0 0 0
volume_proxy 277 -0.203651362 -0.512317535 0.00834747638 0 0 0
volume_proxy 296 -0.749380892 0.88369504 0.000960134042 0 0 0
volume_proxy 305 0.604658704 -0.493124675 0.0107328651 0 0 0
volume_proxy 310 1.43812197 0.852504725 -0.00709715294 0 0 0
volume_proxy 344 -0.749077823 -0.655378371 0.00598623639 0 0 0
volume_proxy 347 -0.338281553 0.623267343 0.00961659398 0 0 0
volume_proxy 356 -0.50452833 -0.161860219 -0.0053417229 0 0 0
volume_proxy 375 1.1064682 0.362359488 -0.00786100879 0 0 0
volume_proxy 388 0.766339752 -0.735933652 -0.00711416708 0 0 0
volume_proxy 1052 -0.762470353 -0.0762963053 -0.0100860347 0 0 0
volume_proxy 1066 -0.391260444 0.373486446 0.00360017262 0 0 0
volume_proxy 1120 -0.817592726 0.6019018 -0.0101014584 0 0 0
volume_proxy 1166 -0.746911553 -0.931036623 0.00702725845 0 0 0
volume_proxy 1193 -1.24442559 -0.605792485 -0.00383199603 0 0 0
volume_proxy 1225 -1.45832673 -0.643739638 0.00122926225 0 0 0
volume_proxy 1245 -1.4416482 0.622649848 0.00139738967 0 0 0
volume_proxy 1280 -1.05017457 0.564407234 -0.0040089749 0 0 0
volume_proxy 1285 -0.32796556 0.754995198 -0.00848284604 0 0 0
volume_proxy 1295 0.763791154 -0.0767583086 0.00171674007 0 0 0
volume_proxy 1296 -0.345563751 -0.828960193 0.00893453792 0 0 0
volume_proxy 1340 1.42035739 -0.216429318 -0.0034332553 0 0 0
volume_proxy 1380 -1.1176002 -0.374063089 0.0103639708 0 0 0
volume_proxy 1386 1.2539428 0.812998336 0.00659531429 0 0 0
volume_proxy 1397 0.592747076 0.601801777 0.00675720718 0 0 0
volume_proxy 1409 0.418822367 0.245159379 -0.0100680313 0 0 0
volume_proxy 1413 1.23678954 0.375283681 0.00947670106 0 0 0
volume_proxy 1422 -0.00700581393 -0.820878663 -0.00467463358 0 0 0
volume_proxy 1433 0.955340422 0.659168961 -0.00581375064 0 0 0
volume_proxy 1437 0.129461153 -0.886053664 -0.00386887806 0 0 0
volume_proxy 1459 -0.600163995 -0.680885654 0.00881633922 0 0 0
volume_proxy 1460 -0.222755213 0.667056059 0.0050418755 0 0 0
volume_proxy 1461 -1.37925655 0.631739114 -0.00921015746 0 0 0
volume_proxy 1472 -1.0364852 0.351141477 -0.00762563307 0 0 0
volume_proxy 1474 1.47146242 0.201667675 0.00844152684 0 0 0
volume_proxy 1481 0.174685673 0.0195443385 0.00893170426 0 0 0
volume_proxy 1482 1.21024445 0.833496822 -0.0104174117 0 0 0
volume_proxy 1485 0.71194209 -0.502779018 0.00639877942 0 0 0
volume_proxy 1489 0.47852363 -0.729048292 -0.00397885338 0 0 0
volume_proxy 1490 0.741042294 0.984015527 0.0049698025 0 0 0
volume_proxy 1496 -1.42034925 0.600742219 -0.00432431626 0 0 0
volume_proxy 1498 0.127479948 -0.0261072713 -0.00161973409 0 0 0
volume_proxy 1503 -1.20965533 -0.986597507 0.00188841526 0 0 0
volume_proxy 1506 0.486448302 0.942081835 0.00382891659 0 0 0
volume_proxy 1507 -0.624203099 -0.586440516 0.00683090893 0 0 0
volume_proxy 1508 -0.52741585 -0.106829243 -0.00942942796 0 0 0
volume_proxy 1509 -1.29019192 -0.0182486714 0.0106066405 0 0 0
volume_proxy 1510 -0.7666186 -0.935815183 0.00387263414 0 0 0
volume_proxy 1513 -0.924585085 0.72266586 0.000860410833 0 0 0
volume_proxy 1515 0.416974741 -0.76981727 0.00861447432 0 0 0
volume_proxy 1516 -0.310504734 -0.524294749 0.00824552954 0 0 0
volume_proxy 1517 -1.23096249 -0.236501231 7.46265283e-05 0 0 0
volume_proxy 1519 0.189899906 -0.574919294 0.0036509561 0 0 0
volume_proxy 1520 -0.139865783 -0.592027387 -0.000650978497 0 0 0
volume_proxy 1521 -1.39772976 -0.945307307 -0.000281410118 0 0 0
volume_proxy 1523 0.131561108 -0.0339146143 0.00805242291 0 0 0
volume_proxy 1525 -0.965168236 0.728379512 0.00215649592 0 0 0
volume_proxy 1526 1.28583786 -0.484634736 -0.00643219597 0 0 0
volume_proxy 1528 1.04675493 -0.930976017 0.0105540837 0 0 0
volume_proxy 1529 -1.13669064 -0.229493926 0.00894038379 0 0 0
volume_proxy 1531 0.699428526 0.618573895 -0.00589811236 0 0 0
volume_proxy 1533 1.36015151 0.293876648 0.00497774749 0 0 0
volume_proxy 1534 -0.205316758 0.462366979 -0.00494054708 0 0 0
volume_proxy 1536 -0.729506246 -0.834155659 -0.0102403908 0 0 0
volume_proxy 1537 -0.598646987 -0.696261631 0.0057582566 0 0 0
volume_proxy 1538 0.742576272 -0.31972585 0.000286421442 0 0 0
volume_proxy 1539 0.334359734 0.766884155 -0.00710077785 0 0 0
volume_proxy 1540 1.25067435 0.338634267 0.000446474268 0 0 0
