volume_proxy 0 -0.201599433 -0.547850904 0.00528239727 0 0 0
volume_proxy 6 -0.377790654 0.254252619 0.00604517598 0 0 0
volume_proxy 11 1.02195358 0.127661948 0.000631712129 0 0 0
volume_proxy 12 1.41440884 -0.539299003 0.0048291908 0 0 0
volume_proxy 14 -1.21817998 0.5306376 -0.00235742322 0 0 0
volume_proxy 23 1.05320829 -0.468604227 0.00322417063 0 0 0
volume_proxy 38 -0.869071427 -0.878640178 -0.00964876611 0 0 0
volume_proxy 40 -0.984559298 -0.62329608 -0.00474945458 0 0 0
volume_proxy 50 -1.05628801 -0.437926813 0.0101913484 0 0 0
volume_proxy 53 -1.27909297 0.773968665 0.0106967 0 0 0
volume_proxy 58 0.808529762 -0.274424281 0.00667093718 0 0 0
volume_proxy 60 -0.267143385 0.756277998 0.0105705183 0 0 0
volume_proxy 85 -1.00589867 0.673936761 3.03327323e-05 0 0 0
volume_proxy 97 0.535897847 0.352762163 0.00694073412 0 0 0
volume_proxy 107 0.278843071 -0.0488377854 0.00690267323 0 0 0
volume_proxy 127 -1.26482248 -0.684366115 0.00670552532 0 0 0
volume_proxy 130 -0.124208312 -0.949065581 -0.00527917293 0 0 0
volume_proxy 140 0.46026924 -0.399507494 -0.000694170879 0 0 0
volume_proxy 157 0.827799507 -0.423470328 -0.00410480228 0 0 0
volume_proxy 159 0.251415638 0.606701662 -0.0103935828 0 0 0
volume_proxy 161 -0.324317394 -0.397003726 0.0105355688 0 0 0
volume_proxy 176 0.594464848 0.310979703 0.00752492297 0 0 0
volume_proxy 186 -0.922458449 0.112093334 -0.00426759362 0 0 0
volume_proxy 189 -0.860875999 -0.873517998 0.00327590683 0 0 0
volume_proxy 195 -1.28393278 -0.672926745 -0.00484587655 0 0 0
volume_proxy 196 -0.788014424 0.293736656 -0.000538256348 0 0 0
volume_proxy 200 -1.41092535 0.922082384 -0.00792190867 0 0 0
volume_proxy 202 -0.623535176 0.256081362 -0.00322435288 0 0 0
volume_proxy 209 -1.0768599 -0.0984799602 0.00423037265 0 0 0
volume_proxy 210 0.517813359 0.599563435 -0.000902747025 0 0 0
volume_proxy 226 1.03031249 0.203838236 -0.00358112694 0 0 0
volume_proxy 236 0.790134706 -0.355792815 0.00531324482 0 0 0
volume_proxy 247 0.113677814 -0.885356669 0.00112782893 0 0 0
volume_proxy 256 0.319264463 -0.68672418 0.00497703267 0 0 0
volume_proxy 259 0.356669743 -0.0868152307 0.00927326791 0 0 0
volume_proxy 269 -1.12949028 0.878428521 -0.00427814964 0 0 0
volume_proxy 277 -0.968751719 -0.552490726 0.00730881198 0 0 0
volume_proxy 296 -1.10224468 0.117962991 -0.00201394262 0 0 0
volume_proxy 305 0.581640867 -0.745395143 -0.00734712172 0 0 0
volume_proxy 310 1.09424936 0.69114642 -0.00158296981 0 0 0
volume_proxy 344 -1.18448974 -0.710274754 0.00493484596 0 0 0
volume_proxy 347 -0.469125432 0.830308864 0.000430528062 0 0 0
volume_proxy 356 -0.23786779 -0.294059887 0.00294479502 0 0 0
volume_proxy 375 0.608637883 -0.227713177 -0.00864570663 0 0 0
volume_proxy 388 1.39984032 -0.592241888 0.00250612005 0 0 0
volume_proxy 1052 -0.736006151 -0.155349164 0.00385437476 0 0 0
volume_proxy 1066 -0.440233998 0.0324741216 0.0089426237 0 0 0
volume_proxy 1120 -0.768630893 0.799427071 0.0102652867 0 0 0
volume_proxy 1166 -0.703155289 -0.909186393 -0.00921053593 0 0 0
volume_proxy 1193 -1.04053893 -0.37735132 0.00699462741 0 0 0
volume_proxy 1225 -1.15459385 -0.746660125 -0.00958796945 0 0 0
volume_proxy 1245 -1.41525257 0.937259014 0.00297336005 0 0 0
volume_proxy 1280 -1.45933395 0.905091651 0.00392203975 0 0 0
volume_proxy 1285 -0.62149533 0.815491012 0.00245606149 0 0 0
volume_proxy 1295 0.432612828 0.299596656 0.00665814943 0 0 0
volume_proxy 1296 -0.422022356 -0.421743279 -0.00720274251 0 0 0
volume_proxy 1340 1.08109151 -0.0597211175 0.0100334543 0 0 0
volume_proxy 1380 -1.40735958 -0.158645228 0.00545881205 0 0 0
volume_proxy 1386 1.21147043 0.907347224 0.008854547 0 0 0
volume_proxy 1397 0.434877808 0.519698978 -0.00762246698 0 0 0
volume_proxy 1409 0.514106041 0.468442437 -0.00560493544 0 0 0
volume_proxy 1413 0.844795213 0.428214301 0.00504277612 0 0 0
volume_proxy 1422 0.725702403 -0.674962295 0.0103608675 0 0 0
volume_proxy 1433 1.26105534 0.857247475 0.00704262951 0 0 0
volume_proxy 1437 -0.029694216 -0.970960989 0.00464132636 0 0 0
volume_proxy 1459 -0.693938209 -0.182295517 0.00561183312 0 0 0
volume_proxy 1460 -0.813167902 0.184094098 -0.000462927876 0 0 0
volume_proxy 1461 -1.00960116 0.582433513 -0.0094884347 0 0 0
volume_proxy 1472 -1.37600948 -0.254854443 -0.00738374682 0 0 0
volume_proxy 1474 1.14429752 0.238794423 -0.00145368195 0 0 0
volume_proxy 1481 0.000841438673 0.378023574 -0.00980135226 0 0 0
volume_proxy 1482 1.04710007 0.741041481 0.00133352677 0 0 0
volume_proxy 1485 0.770891043 -0.444880986 0.00940290831 0 0 0
volume_proxy 1489 0.273968017 -0.860276165 0.000413645686 0 0 0
volume_proxy 1490 1.0324994 0.508083416 -0.00271077206 0 0 0
volume_proxy 1496 -1.434905 0.31937226 0.000976283917 0 0 0
volume_proxy 1498 0.112842125 -0.0738405327 0.000585380811 0 0 0
volume_proxy 1503 -1.22559616 -0.631755804 0.00781095342 0 0 0
volume_proxy 1506 0.362097448 0.961585557 0.000588621668 0 0 0
volume_proxy 1507 -0.474326831 -0.461731153 -0.00432017453 0 0 0
volume_proxy 1508 -0.688513234 -0.0915715066 -0.00981933642 0 0 0
volume_proxy 1509 -0.880856189 -0.0842012843 -0.009853638 0 0 0
volume_proxy 1510 -0.552023421 -0.808962432 0.00985289952 0 0 0
volume_proxy 1513 -1.44409292 0.401903472 -0.000980205754 0 0 0
volume_proxy 1515 0.390691256 -0.789852746 0.0104540062 0 0 0
volume_proxy 1516 -0.171812729 -0.624758995 -0.00754268718 0 0 0
volume_proxy 1517 -1.26185787 -0.500832734 -0.000764663097 0 0 0
volume_proxy 1519 0.315760662 -0.0154241442 0.010327291 0 0 0
volume_proxy 1520 0.244482632 -0.530102054 -0.0102857614 0 0 0
volume_proxy 1521 -1.40605472 -0.989977079 -0.00811665085 0 0 0
volume_proxy 1523 0.216221505 0.0939216993 0.00552070978 0 0 0
volume_proxy 1525 -0.714359686 0.887310977 0.000412934509 0 0 0
volume_proxy 1526 1.31263946 -0.152453302 -0.0077363266 0 0 0
volume_proxy 1528 1.18943494 -0.927345553 0.00476073202 0 0 0
volume_proxy 1529 -1.16082099 -0.0791698509 8.98437027e-05 0 0 0
volume_proxy 1531 0.379476523 0.989999412 -0.00194412135 0 0 0
volume_proxy 1533 1.06954157 0.59887339 -0.00833380267 0 0 0
volume_proxy 1534 -0.58687199 0.192597834 -0.00954312456 0 0 0
volume_proxy 1536 -0.776443592 -0.654408636 -0.00838951416 0 0 0
volume_proxy 1537 -0.452103123 -0.581368899 -0.00752762978 0 0 0
volume_proxy 1538 1.04879544 -0.1305613 -0.00235107415 0 0 0
volume_proxy 1539 0.597547046 0.550271601 0.00541940792 0 0 0
volume_proxy 1540 1.30954181 0.186423681 0.010683859 0 0 0
