volume_proxy 0 -0.0905386194 -0.697087676 0.0010243054 0 0 0
volume_proxy 6 -0.0504574488 0.290394083 0.00417377201 0 0 0
volume_proxy 11 1.47201416 0.913038693 -0.0038064765 0 0 0
volume_proxy 12 1.14978686 -0.416815253 -0.0104045572 0 0 0
volume_proxy 14 -1.13571267 0.177919469 0.00413350407 0 0 0
volume_proxy 23 0.564539441 -0.344432751 0.00561584362 0 0 0
volume_proxy 38 -1.10998311 -0.866916145 -0.00551315828 0 0 0
volume_proxy 40 -1.01196644 0.140520386 -0.00368953881 0 0 0
volume_proxy 50 -0.791009037 -0.161072229 -0.00331448258 0 0 0
volume_proxy 53 -1.31034005 0.88756393 0.00803250992 0 0 0
volume_proxy 58 1.47214677 -0.912934445 -0.00395150877 0 0 0
volume_proxy 60 -0.475145414 0.752477377 0.000261639766 0 0 0
volume_proxy 85 -1.11575627 0.740140026 0.00170952373 0 0 0
volume_proxy 97 0.705459037 0.831258293 -0.00570452939 0 0 0
volume_proxy 107 0.343049693 0.265986953 0.00461149499 0 0 0
volume_proxy 127 -1.42337869 -0.93520015 -9.94967777e-05 0 0 0
volume_proxy 130 1.00493819 -0.84788259 0.00960526439 0 0 0
volume_proxy 140 -0.337694756 0.227531797 -0.0071029245 0 0 0
volume_proxy 157 0.314769469 -0.945321021 0.00612285831 0 0 0
volume_proxy 159 1.22576093 0.432968306 0.00648149171 0 0 0
volume_proxy 161 -0.446289352 0.0462060091 0.00252138471 0 0 0
volume_proxy 176 1.43546632 0.254580705 0.00637472356 0 0 0
volume_proxy 186 -0.654804695 -0.0763108054 -0.00456558509 0 0 0
volume_proxy 189 -0.0871023166 -0.219080914 0.0088752796 0 0 0
volume_proxy 195 -1.30063928 -0.764108377 0.00882976544 0 0 0
volume_proxy 196 0.461785342 0.692237382 -0.00422379213 0 0 0
volume_proxy 200 -0.517249435 0.48904366 -0.00111623342 0 0 0
volume_proxy 202 -0.252368767 0.656092217 0.00351465889 0 0 0
volume_proxy 209 -0.946145765 -0.181155016 0.00529342254 0 0 0
volume_proxy 210 -0.277873923 0.536795484 0.00265047312 0 0 0
volume_proxy 226 0.493008388 -0.92047348 -0.00430177015 0 0 0
volume_proxy 236 1.15104885 -0.756661477 0.00679604896 0 0 0
volume_proxy 247 0.754575588 0.0396449703 0.00587593528 0 0 0
volume_proxy 256 -0.61442618 0.819406912 -0.00764801866 0 0 0
volume_proxy 259 0.652959399 -0.0429598844 0.0105064778 0 0 0
volume_proxy 269 -0.737062125 -0.102831382 0.00316813398 0 0 0
volume_proxy 277 -0.621532944 -0.9497234 -0.00582988036 0 0 0
volume_proxy 296 -1.11103232 0.695412283 0.00800231437 0 0 0
volume_proxy 305 0.787086247 -0.380111575 0.00992766819 0 0 0
volume_proxy 310 0.812575166 0.355243237 0.00108617614 0 0 0
volume_proxy 344 -1.4350667 0.0404109429 0.00997063484 0 0 0
volume_proxy 347 -0.266724636 0.784877298 -0.00658920095 0 0 0
volume_proxy 356 -0.330422856 -0.102357569 0.00436540324 0 0 0
volume_proxy 375 0.580455482 -0.259671902 -0.0101311625 0 0 0
volume_proxy 388 1.36094495 -0.653137126 -0.00517328656 0 0 0
volume_proxy 802 0.481712138 0.45827816 -0.0083769147 0 0 0
volume_proxy 1052 -1.46806413 -0.357815161 -0.000936246055 0 0 0
volume_proxy 1066 0.035471856 0.524158424 0.00161263848 0 0 0
volume_proxy 1120 -0.472090126 0.708784821 0.00200441215 0 0 0
volume_proxy 1166 -1.20659047 -0.596267137 -0.00698926438 0 0 0
volume_proxy 1193 -1.00907374 -0.216574558 -0.00465613807 0 0 0
volume_proxy 1225 -0.747332202 -0.514689202 0.0099672865 0 0 0
volume_proxy 1245 -1.38729517 0.235501681 -0.0021020987 0 0 0
volume_proxy 1280 -0.793512754 0.998080013 -0.00725840165 0 0 0
volume_proxy 1285 -1.378287 0.386593949 -0.00860549057 0 0 0
volume_proxy 1295 0.754628507 -0.00325161863 0.00212465623 0 0 0
volume_proxy 1296 0.00985488394 -0.888755091 0.00564889447 0 0 0
volume_proxy 1340 0.837490555 0.304944056 -0.00271550011 0 0 0
volume_proxy 1380 -1.0866239 0.040404004 0.000747086566 0 0 0
volume_proxy 1386 1.31119698 0.531257134 -9.50817096e-05 0 0 0
volume_proxy 1397 0.64696178 0.766817944 -0.00182638325 0 0 0
volume_proxy 1409 -0.0884237094 0.618029452 0.0066776894 0 0 0
volume_proxy 1413 1.09075179 0.888185824 -0.00165250449 0 0 0
volume_proxy 1422 0.755075925 -0.678863023 0.00899099454 0 0 0
volume_proxy 1433 1.30120405 0.421759596 -0.0102757141 0 0 0
volume_proxy 1437 -0.0312682505 -0.38345062 -0.0040042423 0 0 0
volume_proxy 1459 -1.10982533 -0.19480857 0.0103371735 0 0 0
volume_proxy 1460 -0.152807655 0.874110637 0.00167575363 0 0 0
volume_proxy 1461 -1.34626206 0.808294718 -0.00419414367 0 0 0
volume_proxy 1466 -0.372751302 0.497342108 -0.00705099594 0 0 0
volume_proxy 1472 -1.47212355 0.71621593 0.00352666109 0 0 0
volume_proxy 1474 1.25164895 0.135637103 -0.00182883275 0 0 0
volume_proxy 1481 0.444787106 0.519472002 0.0082364623 0 0 0
volume_proxy 1482 1.04189141 0.775810735 0.00422103711 0 0 0
volume_proxy 1485 0.446777022 -0.321286519 0.00651529509 0 0 0
volume_proxy 1489 0.36402358 -0.626773768 -0.00105844031 0 0 0
volume_proxy 1490 0.56350488 0.89862208 0.0058666558 0 0 0
volume_proxy 1496 -1.27392853 0.980501687 0.000678173153 0 0 0
volume_proxy 1498 -0.0999038673 0.252885722 -0.00592602663 0 0 0
volume_proxy 1503 -1.19478475 -0.84321587 -0.00941179203 0 0 0
volume_proxy 1506 0.314730387 0.735368147 0.00692460284 0 0 0
volume_proxy 1507 -1.33974046 -0.0879616124 0.00272007636 0 0 0
volume_proxy 1508 -0.504654735 -0.13563666 0.00388818363 0 0 0
volume_proxy 1509 -1.4435077 -0.0825166962 0.0015510954 0 0 0
volume_proxy 1510 -0.180847626 -0.931861568 -0.0012166225 0 0 0
volume_proxy 1511 1.16293117 0.506715778 0.00772995622 0 0 0
volume_proxy 1513 -1.46824165 0.717692588 -0.00758866867 0 0 0
volume_proxy 1515 0.726820149 -0.838833176 -0.00541578651 0 0 0
volume_proxy 1516 -0.145835352 -0.935844451 -0.000820283495 0 0 0
volume_proxy 1517 -1.27609245 -0.319581593 0.00284687501 0 0 0
volume_proxy 1519 0.0150295457 -0.432424022 -0.00901104547 0 0 0
volume_proxy 1520 0.297714359 -0.422419441 -0.00586961163 0 0 0
volume_proxy 1521 -1.46952963 -0.488345134 0.00795654226 0 0 0
volume_proxy 1523 0.327054995 -0.431390304 0.00856061428 0 0 0
volume_proxy 1525 -0.889347437 0.918156165 0.00159335513 0 0 0
volume_proxy 1526 0.985616282 -0.727152021 -0.00751221098 0 0 0
volume_proxy 1528 0.724831535 -0.708915324 -0.00156306026 0 0 0
volume_proxy 1529 -1.11941475 0.239943545 -0.00981980029 0 0 0
volume_proxy 1531 0.326566649 0.460567894 0.00866050784 0 0 0
volume_proxy 1533 1.1740415 0.00666348712 -0.00707359268 0 0 0
volume_proxy 1534 0.320975808 0.496986797 -0.00326975986 0 0 0
volume_proxy 1535 0.830278131 0.57533236 0.00973310237 0 0 0
volume_proxy 1536 -0.473409929 -0.602110097 0.00484576199 0 0 0
volume_proxy 1537 -0.289277535 -0.828133009 0.00177668189 0 0 0
volume_proxy 1538 1.39892132 -0.155027535 -0.00686171239 0 0 0
