volume_proxy 0 0.440998569 0.372322967 -0.0105457026 0 0 0
volume_proxy 5 1.2914152 -0.722748907 -0.00252425912 0 0 0
volume_proxy 6 -0.431996734 0.261399033 0.00917436775 0 0 0
volume_proxy 11 0.799050721 0.472108227 0.00955552932 0 0 0
volume_proxy 12 0.122801904 -0.790986899 0.0106137765 0 0 0
volume_proxy 14 -1.02955374 0.833705051 -0.00114007281 0 0 0
volume_proxy 23 1.26089816 -0.791619603 -0.00440481012 0 0 0
volume_proxy 38 0.715560752 -0.126568357 -0.0102560184 0 0 0
volume_proxy 40 -0.346999531 -0.233115756 0.00802878768 0 0 0
volume_proxy 50 -1.13304839 -0.191824033 -0.00150867498 0 0 0
volume_proxy 53 -0.222849172 0.884361694 0.000400983102 0 0 0
volume_proxy 58 0.996037936 -0.943261531 -0.00547936303 0 0 0
volume_proxy 60 0.516567089 0.511173294 0.000343481336 0 0 0
volume_proxy 85 -0.739154822 -0.1263332 0.00377525109 0 0 0
volume_proxy 97 1.00209526 0.463641963 -0.00423130781 0 0 0
volume_proxy 107 1.17951047 0.864068209 0.00684843399 0 0 0
volume_proxy 127 -1.26673951 -0.256301486 -0.00738758934 0 0 0
volume_proxy 130 0.666418239 0.0726029124 -0.000296945057 0 0 0
volume_proxy 140 0.296053204 0.700893833 -0.00806007701 0 0 0
volume_proxy 157 1.24597281 -0.0431414349 -0.00155538395 0 0 0
volume_proxy 159 0.712273926 0.528191313 -0.0063160664 0 0 0
volume_proxy 161 0.686407086 0.422264414 -0.0019114234 0 0 0
volume_proxy 176 0.728740399 0.261496165 -0.00483008848 0 0 0
volume_proxy 186 -0.88145529 0.162024814 0.00687700571 0 0 0
volume_proxy 189 -0.426867447 0.872847032 -0.00764155535 0 0 0
volume_proxy 195 -0.318605533 -0.260631779 -0.000982971695 0 0 0
volume_proxy 196 0.68699757 -0.704739497 0.00982746637 0 0 0
volume_proxy 200 -0.542404757 -0.540321309 -0.00316850333 0 0 0
volume_proxy 202 -0.337727012 0.456543588 -0.00806166369 0 0 0
volume_proxy 209 -1.24374676 0.860228247 0.00110926402 0 0 0
volume_proxy 210 -0.670846091 0.379504402 -0.0059149787 0 0 0
volume_proxy 226 0.403837583 -0.984030129 -0.00410215449 0 0 0
volume_proxy 236 0.893556006 0.749271031 0.00400474092 0 0 0
volume_proxy 247 1.38738845 0.72039801 0.00147764175 0 0 0
volume_proxy 256 -0.221829725 0.909056487 -0.00215793491 0 0 0
volume_proxy 259 0.242808339 0.405691528 -0.00219355936 0 0 0
volume_proxy 269 -0.400666703 -0.706282429 -0.00982694915 0 0 0
volume_proxy 277 -1.33657569 -0.135461001 0.00202778532 0 0 0
volume_proxy 296 -0.281249881 -0.70805388 0.00795937083 0 0 0
volume_proxy 305 0.130663226 -0.0981224686 -5.16091667e-05 0 0 0
volume_proxy 310 0.839871792 -0.704264044 -0.00781129816 0 0 0
volume_proxy 344 -0.963699482 0.924426684 0.00135790032 0 0 0
volume_proxy 347 -0.382478221 -0.244566494 -0.0035757427 0 0 0
volume_proxy 356 0.355198115 0.821853913 -0.00259453101 0 0 0
volume_proxy 375 0.911971536 -0.969575622 -0.00485386957 0 0 0
volume_proxy 388 0.0142163142 0.363500036 0.0103868102 0 0 0
volume_proxy 802 1.3327518 -0.173179808 0.00909940305 0 0 0
volume_proxy 1052 -0.599726045 -0.621386525 0.00702300218 0 0 0
volume_proxy 1066 0.234622283 0.49248264 0.00550875067 0 0 0
volume_proxy 1120 -0.725552673 0.197547013 0.00457855498 0 0 0
volume_proxy 1166 -0.518154673 0.958309625 -0.00501038089 0 0 0
volume_proxy 1169 0.893598203 -0.88357945 -0.00575612792 0 0 0
volume_proxy 1193 -1.36663385 -0.505966494 -0.00209248394 0 0 0
volume_proxy 1225 -0.546690712 -0.296842555 6.02505931e-05 0 0 0
volume_proxy 1245 -1.48039819 0.757018826 -0.00559318534 0 0 0
volume_proxy 1280 -1.2796403 0.242690099 -0.0104650789 0 0 0
volume_proxy 1285 -0.995420266 0.279677657 -0.00594275669 0 0 0
volume_proxy 1295 -0.694776021 0.565429947 -0.00939181703 0 0 0
volume_proxy 1296 0.355936476 0.082055415 0.00697632492 0 0 0
volume_proxy 1335 0.736084958 -0.709655438 0.00815745976 0 0 0
volume_proxy 1340 1.0623287 0.0711451982 -0.00270237002 0 0 0
volume_proxy 1380 0.216773336 0.26390643 -0.00659837329 0 0 0
volume_proxy 1386 0.101588619 0.485807725 -0.00121926811 0 0 0
volume_proxy 1397 0.921977373 -0.0405361428 0.00718721415 0 0 0
volume_proxy 1409 0.645064228 0.886191393 0.00716917614 0 0 0
volume_proxy 1413 1.42105975 0.504480938 0.00935719246 0 0 0
volume_proxy 1420 -1.36480701 -0.0819426507 0.00824005399 0 0 0
volume_proxy 1422 1.26216505 -0.730054331 -0.00604306409 0 0 0
volume_proxy 1426 1.08963729 -0.157752706 -0.00316321209 0 0 0
volume_proxy 1429 1.18852006 -0.471494317 0.00873000197 0 0 0
volume_proxy 1433 1.34178114 0.570244994 -0.0106046687 0 0 0
volume_proxy 1434 -0.383921033 -0.985084385 0.0107796956 0 0 0
volume_proxy 1437 0.0532920608 -0.113083607 -0.00615171626 0 0 0
volume_proxy 1439 -0.302888773 0.710032883 -0.000360636203 0 0 0
volume_proxy 1440 1.14607957 -0.280568347 0.00396097798 0 0 0
volume_proxy 1447 0.919623621 -0.603434819 -0.00650552623 0 0 0
volume_proxy 1459 -0.739600521 -0.147620095 0.0104978901 0 0 0
volume_proxy 1460 1.18057382 0.922535677 -0.00120593712 0 0 0
volume_proxy 1461 -0.890874116 0.543831764 0.0104733346 0 0 0
volume_proxy 1466 -1.40064824 0.164728466 -0.00298223528 0 0 0
volume_proxy 1470 -1.34704254 -0.477527033 0.00545500762 0 0 0
volume_proxy 1471 -0.10807118 0.771948161 -0.0042735367 0 0 0
volume_proxy 1472 -1.16500206 0.300798382 -0.00388872824 0 0 0
volume_proxy 1474 0.985179753 -0.769916167 0.00773320385 0 0 0
volume_proxy 1481 1.06860641 0.632507716 4.49097293e-05 0 0 0
volume_proxy 1482 0.479440918 -0.402649815 -0.00857664515 0 0 0
volume_proxy 1485 0.12363343 -0.615921047 0.00544739864 0 0 0
volume_proxy 1486 1.20905257 -0.593833877 0.00778958547 0 0 0
volume_proxy 1489 -0.397341634 0.146959621 0.00761475139 0 0 0
volume_proxy 1490 1.34580585 0.920646124 0.00204356621 0 0 0
volume_proxy 1492 0.518044792 0.902272193 0.00359123291 0 0 0
volume_proxy 1493 0.32062346 0.0406027571 0.00597642423 0 0 0
volume_proxy 1494 0.998741345 0.546541014 0.00561223692 0 0 0
volume_proxy 1496 -1.10328024 0.228709238 0.0082506439 0 0 0
volume_proxy 1498 -1.13846447 0.125542791 0.00953518614 0 0 0
volume_proxy 1501 -0.921813276 -0.967063584 0.00675344968 0 0 0
volume_proxy 1503 0.066500307 0.108112265 -0.0101114353 0 0 0
volume_proxy 1505 -0.206150495 0.765378988 -0.00728684194 0 0 0
volume_proxy 1506 0.556274682 0.897713361 -0.00902170222 0 0 0
volume_proxy 1507 -1.090275 -0.373725386 -0.00235855884 0 0 0
volume_proxy 1508 -0.641836129 -0.969817954 0.00670741877 0 0 0
volume_proxy 1509 -1.31140868 0.585090522 0.00842853319 0 0 0
volume_proxy 1510 0.569737735 -0.232511047 -0.00291191989 0 0 0
volume_proxy 1511 0.976110732 0.779883668 0.00352351481 0 0 0
volume_proxy 1512 -1.14997736 0.750411666 0.00109215055 0 0 0
volume_proxy 1513 -0.696509747 0.83514355 0.00507123851 0 0 0
volume_proxy 1514 -1.47781939 0.408735352 0.00300343623 0 0 0
volume_proxy 1515 0.435546051 0.512791412 -0.00530355738 0 0 0
volume_proxy 1516 -0.847150532 -0.545076455 0.00718385995 0 0 0
volume_proxy 1517 -1.03995266 -0.688049437 -0.00752131647 0 0 0
volume_proxy 1518 -1.10107763 -0.0858392267 -0.009258422 0 0 0
volume_proxy 1519 0.0627922009 -0.291235352 0.00899356876 0 0 0
volume_proxy 1520 -0.200336886 -0.68535039 -0.00972471329 0 0 0
