volume_proxy 0 1.09456611 -0.175205668 0.00200087759 0 0 0
volume_proxy 4 0.814403854 0.569605225 0.00821641843 0 0 0
volume_proxy 5 -0.543713939 0.189526914 0.00596095931 0 0 0
volume_proxy 6 1.45723967 0.154492663 0.00629648259 0 0 0
volume_proxy 11 -0.614711626 0.76942451 -0.0069930308 0 0 0
volume_proxy 12 0.504898527 -0.298804392 0.00802954095 0 0 0
volume_proxy 13 -1.1566174 -0.814541232 -0.0062598107 0 0 0
volume_proxy 14 0.497627414 0.206753192 -0.00254619353 0 0 0
volume_proxy 15 -0.360521277 -0.741357192 -0.0022084425 0 0 0
volume_proxy 23 -0.774270887 -0.334738169 0.00716398088 0 0 0
volume_proxy 36 0.632735766 0.890389329 0.00753126967 0 0 0
volume_proxy 38 0.556604354 -0.0162013187 0.00782400835 0 0 0
volume_proxy 40 0.0365786538 -0.897902654 -0.00275178147 0 0 0
volume_proxy 46 0.584736409 -0.874613632 0.00606108257 0 0 0
volume_proxy 47 0.902352191 0.0227018307 0.00166964093 0 0 0
volume_proxy 49 -0.00905335136 -0.586463772 0.00452464021 0 0 0
volume_proxy 50 -0.0796222523 -0.632854689 0.00521259922 0 0 0
volume_proxy 52 -1.05016142 -0.496237135 -0.00190066436 0 0 0
volume_proxy 53 0.387990217 -0.502752649 0.0100596211 0 0 0
volume_proxy 57 -1.32365767 0.0197801565 0.00855921006 0 0 0
volume_proxy 58 0.581268931 -0.810985014 -0.00107854693 0 0 0
volume_proxy 59 -0.701430212 0.862651948 -0.00853554152 0 0 0
volume_proxy 60 -0.276682637 0.738167904 -0.00178804603 0 0 0
volume_proxy 61 -1.3884531 -0.394308266 0.010140611 0 0 0
volume_proxy 62 -0.0643337767 0.417398927 -0.00885440323 0 0 0
volume_proxy 69 -0.736024142 -0.101502822 0.00405041487 0 0 0
volume_proxy 72 0.421011213 -0.0637920602 -0.010624464 0 0 0
volume_proxy 81 -1.24443361 0.153612817 -0.00738611202 0 0 0
volume_proxy 85 -0.395884577 0.271828134 0.00491930028 0 0 0
volume_proxy 87 1.19251129 0.91523299 0.010171246 0 0 0
volume_proxy 88 -1.20703061 0.12853499 -0.00256773196 0 0 0
volume_proxy 94 -0.276391659 -0.663112862 0.00708245712 0 0 0
volume_proxy 97 1.14339131 -0.0918176599 0.00251504038 0 0 0
volume_proxy 101 -0.908176756 0.672627636 0.00750038934 0 0 0
volume_proxy 102 0.310005731 -0.293334166 -0.00322224768 0 0 0
volume_proxy 105 -0.605515112 -0.691153524 -0.000963292018 0 0 0
volume_proxy 106 -0.179691258 -0.52212382 0.00761075521 0 0 0
volume_proxy 107 0.370221296 0.404689335 -0.00147028155 0 0 0
volume_proxy 108 1.17058802 -0.321563717 -0.0107880388 0 0 0
volume_proxy 113 -0.569423742 0.0350301848 -0.00501518743 0 0 0
volume_proxy 125 -0.912973535 -0.0905560577 0.0104337329 0 0 0
volume_proxy 126 -0.17930295 -0.608341859 -0.00171774339 0 0 0
volume_proxy 127 0.201709106 0.195168753 -0.0102378613 0 0 0
volume_proxy 130 1.19232498 0.0376366498 -0.00529066256 0 0 0
volume_proxy 131 0.574128403 0.670498209 -0.00911508434 0 0 0
volume_proxy 132 0.614774188 0.960100897 -0.00475598386 0 0 0
volume_proxy 135 0.611041773 -0.971465206 0.000360437109 0 0 0
volume_proxy 140 -0.758723078 0.771437988 -0.00898180502 0 0 0
volume_proxy 145 -0.780564297 -0.476385493 -0.00437583422 0 0 0
volume_proxy 146 1.46126622 -0.346688725 -0.00184419166 0 0 0
volume_proxy 149 -1.10659172 0.819136929 0.0046986816 0 0 0
volume_proxy 157 0.706764148 0.466358637 -0.00499037931 0 0 0
volume_proxy 159 -0.895015269 -0.581368682 -0.00822740796 0 0 0
volume_proxy 161 -0.195748718 -0.113949787 0.000979344562 0 0 0
volume_proxy 163 -1.42133341 0.0871204594 0.0106054516 0 0 0
volume_proxy 169 1.13015705 0.160735731 0.00763217337 0 0 0
volume_proxy 176 0.157709536 -0.00767122155 0.00100796837 0 0 0
volume_proxy 178 -0.666817141 0.0997078305 0.00900667478 0 0 0
volume_proxy 186 -0.499310242 -0.143039923 -0.00993125571 0 0 0
volume_proxy 189 -0.81792203 0.411757894 -0.00943055006 0 0 0
volume_proxy 194 0.275334695 -0.890343264 0.00335207747 0 0 0
volume_proxy 195 -0.828185783 0.342294043 -0.00501894417 0 0 0
volume_proxy 196 0.702233462 0.685199528 -0.00167475586 0 0 0
volume_proxy 198 1.13572961 -0.662770315 0.00383855391 0 0 0
volume_proxy 200 -1.04057626 -0.138246471 0.0025027053 0 0 0
volume_proxy 201 -0.984877842 0.267678148 0.00342699054 0 0 0
volume_proxy 202 -0.782873868 0.552808857 -0.00286848518 0 0 0
volume_proxy 208 -1.10858135 0.320545773 -0.00986119715 0 0 0
volume_proxy 209 -0.944135303 -0.249488604 0.00933024042 0 0 0
volume_proxy 210 0.101552065 0.206189248 0.00438539542 0 0 0
volume_proxy 213 0.100296442 0.0157988882 -0.00077716841 0 0 0
volume_proxy 223 -1.02185855 0.163950784 0.00389638787 0 0 0
volume_proxy 224 1.32656964 -0.954197152 -0.00917573053 0 0 0
volume_proxy 226 -0.904985844 -0.764287267 0.00445949278 0 0 0
volume_proxy 228 -0.0631100916 0.198803429 -0.000105985884 0 0 0
volume_proxy 230 0.520494642 0.977651952 0.00745498898 0 0 0
volume_proxy 232 0.527121216 0.440490782 0.00117492577 0 0 0
volume_proxy 236 0.793047047 0.154452647 0.00433803589 0 0 0
volume_proxy 237 0.233766726 0.828972894 -0.00638832736 0 0 0
volume_proxy 242 1.10354737 0.509692089 -0.00232091727 0 0 0
volume_proxy 244 0.609046272 0.73108004 -0.00491171624 0 0 0
volume_proxy 247 1.16430652 -0.19495636 0.0104467388 0 0 0
volume_proxy 251 0.597163636 0.712395488 -0.00669431413 0 0 0
volume_proxy 256 0.401444331 -0.706461787 -0.00855271589 0 0 0
volume_proxy 257 0.0403958137 0.360151151 0.000377377891 0 0 0
volume_proxy 258 0.364044373 -0.172515034 -0.000790377194 0 0 0
volume_proxy 259 0.448578951 0.337165819 -0.00991682246 0 0 0
volume_proxy 269 0.987962207 -0.0440209254 -0.0100969336 0 0 0
volume_proxy 271 -1.3657758 0.766712277 0.00979463372 0 0 0
volume_proxy 273 1.3518096 0.377841881 0.00124320728 0 0 0
volume_proxy 276 0.402031669 0.0820524073 0.0031981173 0 0 0
volume_proxy 277 -0.434418758 -0.58699361 0.00503895126 0 0 0
volume_proxy 279 -0.382875851 -0.745532784 -0.00597642063 0 0 0
volume_proxy 281 -1.31836021 0.74247891 0.000839083758 0 0 0
volume_proxy 284 -0.825695763 0.696648126 -0.00592928034 0 0 0
volume_proxy 285 -0.601334125 -0.741354132 0.00684808783 0 0 0
volume_proxy 294 -0.0965339694 0.840470368 0.000198802779 0 0 0
volume_proxy 296 0.409264601 -0.472301564 -0.002859571 0 0 0
volume_proxy 297 1.26746315 0.094810989 0.00240455126 0 0 0
volume_proxy 298 0.94012167 -0.820935088 0.00409435549 0 0 0
volume_proxy 305 0.254455577 -0.134129629 0.00100039592 0 0 0
volume_proxy 309 0.840750424 0.795397679 -0.0070459135 0 0 0
volume_proxy 310 0.704496263 0.118889916 0.00774159975 0 0 0
volume_proxy 311 0.289197181 -0.971101761 0.00203899483 0 0 0
volume_proxy 312 0.535809585 -0.0681514725 -0.0056601355 0 0 0
volume_proxy 314 -0.619624179 0.3601716 0.00943906943 0 0 0
volume_proxy 315 -0.175917593 0.111421375 -0.00223060442 0 0 0
volume_proxy 318 -1.44853437 0.105014349 -0.00558695185 0 0 0
volume_proxy 319 0.0608633593 -0.714562671 -0.00581537486 0 0 0
volume_proxy 321 -0.297913659 -0.890459698 -0.0107924411 0 0 0
volume_proxy 322 0.577969503 0.478549068 -0.00477289794 0 0 0
volume_proxy 324 -0.856414038 -0.959951401 -0.00952704112 0 0 0
volume_proxy 329 -0.0374621766 0.970995581 0.00590402669 0 0 0
volume_proxy 330 0.178581832 -0.40965815 0.00913811085 0 0 0
volume_proxy 335 -1.16570482 -0.116656267 0.00429034295 0 0 0
volume_proxy 337 -0.68780324 0.684368628 0.0037570622 0 0 0
volume_proxy 338 -0.543934612 -0.119341606 -0.00858150648 0 0 0
volume_proxy 339 -0.809103907 -0.542450123 0.00877030526 0 0 0
volume_proxy 343 -0.342984413 0.849239095 -0.00699618181 0 0 0
volume_proxy 344 0.596413248 0.388949977 0.00167254351 0 0 0
volume_proxy 345 -0.917126409 -0.267034151 0.00020880953 0 0 0
volume_proxy 347 0.0505542797 -0.300012657 -0.0104623628 0 0 0
volume_proxy 349 0.345169969 0.131687141 0.00631601234 0 0 0
volume_proxy 356 0.728354745 0.688802999 0.00934021388 0 0 0
volume_proxy 358 1.47587864 0.668133706 0.00794584625 0 0 0
volume_proxy 370 1.17246107 0.461827324 -0.00548982983 0 0 0
volume_proxy 371 -1.13827393 0.227795065 -0.00664444006 0 0 0
volume_proxy 375 0.897569885 0.204078955 0.0024997247 0 0 0
volume_proxy 377 0.788729174 0.407303398 0.00350363714 0 0 0
volume_proxy 380 -0.479813935 -0.713062082 -0.00739519011 0 0 0
volume_proxy 383 0.886049123 -0.905194592 0.00871590551 0 0 0
volume_proxy 384 -0.345076572 0.991416584 -0.00715315696 0 0 0
volume_proxy 388 -1.39779371 -0.179289506 0.0101877777 0 0 0
volume_proxy 393 1.47767902 0.0465693654 -0.0100760676 0 0 0
volume_proxy 396 -0.810515707 0.96524085 0.00992176994 0 0 0
volume_proxy 397 1.07084651 0.341184703 0.00575178404 0 0 0
volume_proxy 399 1.24566812 -0.968138998 -0.00894288084 0 0 0
volume_proxy 400 0.167127 -0.665085306 -0.00817323821 0 0 0
volume_proxy 402 -0.930611736 -0.750044808 0.00215325723 0 0 0
volume_proxy 409 -0.536793243 -0.802339597 0.00162932606 0 0 0
volume_proxy 412 1.47361487 -0.420767594 -0.0106604945 0 0 0
volume_proxy 415 -0.72786044 -0.731957141 -0.00353810172 0 0 0
volume_proxy 418 -0.635626266 -0.487201447 -0.00772403596 0 0 0
volume_proxy 425 -0.109408399 -0.408396945 -0.00358355836 0 0 0
volume_proxy 431 -1.47685212 -0.79727411 -0.00155598647 0 0 0
volume_proxy 435 -1.12203507 -0.81984833 -0.00911604298 0 0 0
volume_proxy 442 -0.201931056 -0.448547854 0.0101115064 0 0 0
volume_proxy 463 0.096943093 -0.48740918 -0.0104236032 0 0 0
volume_proxy 470 1.29590563 0.565367898 0.00181613704 0 0 0
volume_proxy 497 -1.18058133 -0.85433069 0.000387143366 0 0 0
volume_proxy 502 0.838202062 -0.00935600816 -0.00537233499 0 0 0
volume_proxy 512 0.374527784 -0.830706237 -0.00127095941 0 0 0
volume_proxy 513 0.658096612 -0.145385535 0.00919455265 0 0 0
volume_proxy 518 1.30449043 -0.532539175 -0.00475529389 0 0 0
volume_proxy 544 0.810307372 0.731083109 -0.0042130338 0 0 0
volume_proxy 547 1.1041858 0.652196908 0.000736998365 0 0 0
volume_proxy 549 0.378857524 -0.864022542 0.00922934687 0 0 0
volume_proxy 559 1.32086361 0.734925171 -0.0026951161 0 0 0
volume_proxy 572 0.0950948974 -0.225217313 0.0100940676 0 0 0
volume_proxy 578 -0.826233172 0.960219675 0.00647671248 0 0 0
volume_proxy 581 1.41330996 0.451145413 -0.000601591102 0 0 0
volume_proxy 591 -0.797801025 0.636282604 0.00958801355 0 0 0
volume_proxy 594 -1.11553268 0.507382883 0.00152317595 0 0 0
volume_proxy 603 0.317157427 -0.351074217 0.0107418223 0 0 0
volume_proxy 608 -0.461025176 -0.460321114 -0.00163938972 0 0 0
volume_proxy 615 0.960576448 -0.525162709 -0.00871192494 0 0 0
volume_proxy 616 1.46729505 0.154355416 0.00208383258 0 0 0
volume_proxy 626 1.00541279 -0.0747023068 0.00399820656 0 0 0
volume_proxy 637 -1.18653151 -0.928510831 0.0098628402 0 0 0
volume_proxy 647 -0.106528197 0.677813981 0.00197869242 0 0 0
volume_proxy 665 -0.969811648 -0.995374517 -0.00439725114 0 0 0
volume_proxy 669 1.17513513 -0.104921595 0.0103078741 0 0 0
volume_proxy 682 0.180369871 0.868435201 0.00135763752 0 0 0
volume_proxy 693 -0.371100967 0.735603984 -0.00752248663 0 0 0
volume_proxy 698 -0.224925261 0.647677234 0.00812096557 0 0 0
volume_proxy 702 -0.274903542 -0.126900173 0.000623336674 0 0 0
volume_proxy 703 -0.933187 0.010794961 0.00630462152 0 0 0
volume_proxy 704 1.1704211 0.0339943081 -0.0105044237 0 0 0
volume_proxy 708 -1.25002046 0.538503856 -0.00572171221 0 0 0
volume_proxy 722 0.745907657 0.566981358 0.00202489482 0 0 0
volume_proxy 725 -1.39998425 -0.813105348 -0.00261487686 0 0 0
volume_proxy 751 0.105290549 -0.896954646 0.00119942903 0 0 0
volume_proxy 757 0.189795748 0.164484549 -0.00662838715 0 0 0
volume_proxy 781 -0.83527888 0.122701161 -0.000739885545 0 0 0
volume_proxy 795 0.778228328 -0.758055448 -0.00361760335 0 0 0
volume_proxy 797 -1.38453477 -0.310261975 -0.00745743185 0 0 0
volume_proxy 800 -1.15502224 0.877064619 0.00790409271 0 0 0
volume_proxy 802 0.350434833 0.115740466 0.00203447669 0 0 0
volume_proxy 804 0.104742915 -0.0396163775 -0.00571631992 0 0 0
volume_proxy 810 0.707284415 0.202591783 -0.00494211396 0 0 0
volume_proxy 811 0.577760339 0.650038496 0.00703041886 0 0 0
volume_proxy 812 0.871932728 0.528471251 0.000232626069 0 0 0
volume_proxy 814 1.06459572 -0.0841082517 -0.00396538429 0 0 0
volume_proxy 822 0.239613163 -0.799834529 -0.00139591373 0 0 0
volume_proxy 825 1.44807671 0.474147629 -0.000842032932 0 0 0
volume_proxy 833 -0.219121698 0.052681641 -0.00465502243 0 0 0
volume_proxy 835 -0.0819352992 -0.832564861 -0.0034949159 0 0 0
volume_proxy 839 -0.139966172 -0.138098812 -0.00575136612 0 0 0
volume_proxy 846 1.44189833 0.123072572 -0.00188739369 0 0 0
volume_proxy 848 -1.05639142 -0.128992258 -0.00643400023 0 0 0
volume_proxy 854 -0.242073204 0.919059374 -0.00426219963 0 0 0
volume_proxy 856 1.02343054 0.529300297 -0.0102875826 0 0 0
volume_proxy 869 1.44662589 0.838297491 0.0084359563 0 0 0
volume_proxy 876 0.0198044081 -0.477320101 0.00282065001 0 0 0
volume_proxy 878 1.31311305 -0.588569426 -0.00833571482 0 0 0
volume_proxy 883 0.0537102176 0.968833711 0.00302108122 0 0 0
volume_proxy 889 -1.18935819 0.572671834 -0.0100017868 0 0 0
volume_proxy 896 1.40903822 0.366633956 0.00344463384 0 0 0
volume_proxy 898 0.541650284 0.0299770716 0.00566694186 0 0 0
volume_proxy 902 0.105380489 0.509690842 0.00523755857 0 0 0
volume_proxy 903 0.217615071 0.528392427 -0.0102347518 0 0 0
volume_proxy 904 -1.05314023 0.821967486 0.00676139396 0 0 0
volume_proxy 906 1.02579118 0.576858048 -0.00754981127 0 0 0
volume_proxy 910 -1.37923885 0.53448002 -0.00491264624 0 0 0
volume_proxy 912 1.39053051 0.16663621 -0.005202921 0 0 0
volume_proxy 913 -1.14615549 -0.965297087 0.0100956461 0 0 0
volume_proxy 914 0.0988901853 -0.69554665 -0.00270064291 0 0 0
volume_proxy 915 -0.443161775 -0.353107251 0.00405377503 0 0 0
volume_proxy 916 -0.282970212 0.351278986 -0.00670856229 0 0 0
volume_proxy 924 -0.505452322 0.246046234 0.00748288979 0 0 0
volume_proxy 926 -0.221958474 0.406784642 0.00330975752 0 0 0
volume_proxy 929 -0.583389636 -0.783336669 0.00466077983 0 0 0
volume_proxy 931 -0.0686474794 -0.0934562966 0.00524212124 0 0 0
volume_proxy 935 -1.39364015 0.434663919 -0.00767405119 0 0 0
volume_proxy 939 1.00718257 0.925377786 0.00342309496 0 0 0
volume_proxy 940 -0.262564435 0.333377914 -0.00404968195 0 0 0
volume_proxy 944 0.552376291 -0.979766027 0.00450422361 0 0 0
volume_proxy 945 -0.709430486 0.458403228 0.00620971565 0 0 0
volume_proxy 948 -0.438096669 0.124786087 0.00983706309 0 0 0
volume_proxy 949 -0.637624646 -0.086655116 -0.00583971013 0 0 0
volume_proxy 953 -0.660789048 -0.863684587 -0.00780731555 0 0 0
volume_proxy 958 -1.49423651 0.248435249 -0.00101864493 0 0 0
volume_proxy 963 -0.660733582 0.654590059 0.00827553731 0 0 0
volume_proxy 964 0.573708677 0.628825111 -0.0027100396 0 0 0
volume_proxy 966 -0.613797887 0.820545221 0.00939458346 0 0 0
volume_proxy 969 -0.921518595 0.110014639 0.0025549906 0 0 0
volume_proxy 973 -0.0652867763 0.0176394491 0.00231486179 0 0 0
volume_proxy 974 0.634402465 -0.758786247 0.00803110107 0 0 0
volume_proxy 977 -1.12403532 -0.198340884 -0.00837327141 0 0 0
volume_proxy 979 0.0760044247 0.782906235 0.00362847359 0 0 0
volume_proxy 981 -0.078916419 0.174596201 0.00375615188 0 0 0
volume_proxy 983 1.1364302 -0.344714567 0.00442564227 0 0 0
volume_proxy 984 1.4399785 0.703121072 -0.00207483615 0 0 0
volume_proxy 985 -0.536957432 -0.976085533 -0.00271440303 0 0 0
volume_proxy 986 -0.231273056 -0.750197428 -0.00268948311 0 0 0
volume_proxy 990 -1.22874003 0.187278034 0.0102160501 0 0 0
volume_proxy 991 -0.489413003 -0.302935484 0.00208094056 0 0 0
volume_proxy 992 -0.105459188 0.410005692 -0.00405262609 0 0 0
volume_proxy 997 1.34082733 0.0446476231 -0.0104250553 0 0 0
volume_proxy 999 -0.662785487 -0.285927065 -0.00180779098 0 0 0
volume_proxy 1001 0.570194307 0.978072741 -0.000171001543 0 0 0
volume_proxy 1007 -1.28061357 -0.559088777 0.00536853963 0 0 0
volume_proxy 1008 0.334653275 -0.600736246 0.00781468995 0 0 0
volume_proxy 1012 0.83659454 -0.145913344 -0.000125538574 0 0 0
volume_proxy 1016 0.919925926 -0.971460767 -0.00351312264 0 0 0
volume_proxy 1017 0.429733048 -0.714374911 -0.000973088749 0 0 0
volume_proxy 1018 -0.913049236 -0.626201642 -0.00429529707 0 0 0
volume_proxy 1019 -0.865920739 -0.737151355 0.00946397195 0 0 0
volume_proxy 1020 -0.875083615 0.567120646 -0.000412022438 0 0 0
volume_proxy 1021 -0.9524793 -0.423519588 0.00630405185 0 0 0
volume_proxy 1023 0.887598968 0.275245175 -0.00964037484 0 0 0
volume_proxy 1024 1.09011576 0.854956993 -0.000191422711 0 0 0
volume_proxy 1028 -1.30398416 -0.550431212 0.00585178891 0 0 0
volume_proxy 1029 0.948863994 0.884335724 0.00777783256 0 0 0
volume_proxy 1030 0.323460994 0.537750926 0.00668426765 0 0 0
volume_proxy 1031 1.20198573 -0.729643959 -0.00262059382 0 0 0
volume_proxy 1032 1.37194015 0.14608409 -0.00986288397 0 0 0
volume_proxy 1033 0.779807303 0.757328638 0.00103031736 0 0 0
volume_proxy 1035 0.199532731 -0.464451569 0.0080126461 0 0 0
volume_proxy 1036 0.852444538 -0.397869815 -0.00707015595 0 0 0
volume_proxy 1040 -1.07010476 -0.778100704 0.00255521664 0 0 0
volume_proxy 1041 0.168775292 0.27210233 0.00430221128 0 0 0
volume_proxy 1042 0.98393323 0.0777106984 0.0050390078 0 0 0
volume_proxy 1046 0.134402821 -0.0966243374 -0.00629427538 0 0 0
volume_proxy 1047 -1.47338253 0.175336825 0.000302437488 0 0 0
volume_proxy 1049 -0.270533235 0.353120111 0.00102140577 0 0 0
volume_proxy 1050 -0.728383645 -0.377590012 -0.00444090212 0 0 0
volume_proxy 1052 -0.648561495 0.00775417279 0.000733036764 0 0 0
volume_proxy 1053 -0.279852864 -0.900560091 0.00359433002 0 0 0
volume_proxy 1054 -1.35952482 0.0943011637 0.00939241298 0 0 0
volume_proxy 1056 -1.3913318 0.85633627 -0.0106987543 0 0 0
volume_proxy 1057 -0.155800264 -0.409052675 -2.73398531e-05 0 0 0
volume_proxy 1059 -0.451337005 0.972790773 0.0102619086 0 0 0
volume_proxy 1061 -0.409008704 -0.349243402 3.65912905e-06 0 0 0
volume_proxy 1062 0.691682958 0.426464884 0.00424838533 0 0 0
volume_proxy 1065 -1.33181348 -0.438583456 0.00994671269 0 0 0
volume_proxy 1066 0.945366299 0.0986807606 -0.0075822135 0 0 0
volume_proxy 1067 0.994766038 -0.362254924 0.00812203001 0 0 0
volume_proxy 1069 -0.802278023 0.516682062 0.00430163711 0 0 0
volume_proxy 1070 -1.08719435 0.331428291 0.0076728052 0 0 0
volume_proxy 1072 -0.417233877 0.744094375 -0.0105880537 0 0 0
volume_proxy 1075 -0.177512325 0.288603683 0.00248489892 0 0 0
volume_proxy 1076 1.42123669 -0.376141233 0.00730629954 0 0 0
volume_proxy 1077 -1.0750531 0.866493369 0.00818513223 0 0 0
volume_proxy 1078 -1.07300993 0.942843851 -0.00458517247 0 0 0
volume_proxy 1079 0.0542666343 0.0313810047 -0.00992406003 0 0 0
volume_proxy 1085 0.12377781 -0.112188561 0.00562377565 0 0 0
volume_proxy 1086 1.04739761 -0.600118767 -0.00576296265 0 0 0
volume_proxy 1088 -0.41605942 0.992417576 -0.00630984545 0 0 0
volume_proxy 1089 -0.869485185 0.846457509 0.00564310922 0 0 0
volume_proxy 1091 0.19894772 0.312775658 -0.000380110997 0 0 0
volume_proxy 1092 0.0626697621 -0.041440084 -0.00315147452 0 0 0
volume_proxy 1093 0.229471815 -0.683279499 0.00904486129 0 0 0
volume_proxy 1094 -1.49346346 0.792580493 0.00212968307 0 0 0
volume_proxy 1096 0.210939234 0.319032156 -0.0078841955 0 0 0
volume_proxy 1098 0.346350996 0.585279979 -0.00619089892 0 0 0
volume_proxy 1102 1.29153772 0.599711127 0.00405042736 0 0 0
volume_proxy 1106 0.877147104 -0.741037882 0.00227228134 0 0 0
volume_proxy 1107 -0.223144472 0.221326765 -0.0076310191 0 0 0
volume_proxy 1108 1.01785553 0.570503647 0.00908886572 0 0 0
volume_proxy 1109 0.92824145 -0.837380553 -0.00675680277 0 0 0
volume_proxy 1110 0.777568573 -0.957733329 0.00567926318 0 0 0
volume_proxy 1111 -0.422929301 -0.22014176 -0.009920044 0 0 0
volume_proxy 1112 -0.729210999 0.991059725 -0.00740787156 0 0 0
volume_proxy 1113 1.23864772 0.150690885 -0.00378077901 0 0 0
volume_proxy 1114 -0.97525982 0.0871395001 0.0107091576 0 0 0
volume_proxy 1115 0.587429668 -0.850785821 0.00760979333 0 0 0
volume_proxy 1117 0.711990439 -0.327521373 -0.0104651246 0 0 0
volume_proxy 1118 0.425691922 -0.498390901 0.00156344761 0 0 0
volume_proxy 1119 -1.37997562 0.479782741 -0.0102775714 0 0 0
volume_proxy 1120 0.114232609 0.280292612 -0.00323195491 0 0 0
volume_proxy 1123 -1.48011015 0.873781743 0.000885930575 0 0 0
volume_proxy 1127 0.514118066 0.649848219 -0.0105366196 0 0 0
volume_proxy 1128 -0.608307827 -0.0543729704 0.00414230904 0 0 0
volume_proxy 1129 1.05698899 0.65833029 -0.00823321952 0 0 0
volume_proxy 1130 -0.742908653 0.314680779 0.00796425345 0 0 0
volume_proxy 1131 -0.810843974 0.164340551 0.00354853474 0 0 0
volume_proxy 1132 0.639130264 0.060232775 0.00462634809 0 0 0
volume_proxy 1133 1.33548439 -0.768221545 0.00365844182 0 0 0
volume_proxy 1134 0.963890667 0.811474394 -0.00550653391 0 0 0
volume_proxy 1135 -0.906268564 -0.960985199 0.00627603528 0 0 0
volume_proxy 1136 -0.813152584 -0.813356267 -0.0070781828 0 0 0
volume_proxy 1137 -0.592821898 -0.129025311 -0.0105740712 0 0 0
volume_proxy 1138 1.41119896 -0.583686759 -0.00273311348 0 0 0
volume_proxy 1139 1.4920928 -0.704322042 -0.00839500703 0 0 0
volume_proxy 1141 1.43975718 0.385362276 0.0104151457 0 0 0
volume_proxy 1142 1.33207181 0.423604823 -0.00618197756 0 0 0
volume_proxy 1143 -0.337211268 -0.100664446 0.00502761074 0 0 0
volume_proxy 1144 0.464999345 -0.926591895 -0.00321817843 0 0 0
volume_proxy 1145 -0.604201531 -0.913709258 0.000237276467 0 0 0
volume_proxy 1146 -0.208116624 0.171732695 -0.00798828459 0 0 0
volume_proxy 1147 -0.208717312 0.163847735 -0.0100548949 0 0 0
volume_proxy 1148 -0.130760008 -0.214787843 0.0101693942 0 0 0
volume_proxy 1149 -0.6185258 0.575478916 -0.00793435699 0 0 0
volume_proxy 1150 -0.382107303 -0.882181913 0.00515095044 0 0 0
volume_proxy 1151 0.820873227 -0.58496318 -0.00164425193 0 0 0
volume_proxy 1152 0.0752261742 0.750685193 -0.00353439237 0 0 0
volume_proxy 1155 -1.45697605 0.288749199 0.000947118319 0 0 0
volume_proxy 1156 -0.924343387 0.474069239 -0.000351529461 0 0 0
