volume_proxy 0 1.42443534 -0.341379037 0.000974482783 0 0 0
volume_proxy 5 0.790885854 0.193459606 -0.00939023848 0 0 0
volume_proxy 6 0.215745687 -0.239241621 0.00112497786 0 0 0
volume_proxy 11 0.815541204 0.0146334138 0.00966834397 0 0 0
volume_proxy 12 1.35882373 -0.344888857 0.00449053102 0 0 0
volume_proxy 14 0.0156897402 -0.171280135 -0.00519062674 0 0 0
volume_proxy 23 0.671508429 -0.693175776 -0.010039738 0 0 0
volume_proxy 38 0.568657333 -0.29133169 -0.00377273404 0 0 0
volume_proxy 40 0.19893296 -0.416221175 0.00363840532 0 0 0
volume_proxy 50 -0.202029821 -0.187256615 -0.00731008898 0 0 0
volume_proxy 53 -0.28810912 -0.401983671 -0.00877265185 0 0 0
volume_proxy 58 0.850767021 -0.44961084 0.000128474394 0 0 0
volume_proxy 60 0.999468265 0.596347034 0.00418858659 0 0 0
volume_proxy 61 0.1944948 -0.741466797 -0.0022710833 0 0 0
volume_proxy 72 0.297679019 0.1988783 0.00805614529 0 0 0
volume_proxy 85 -1.2307344 -0.375841168 0.0026131215 0 0 0
volume_proxy 88 -1.01409284 -0.83345832 0.00704750454 0 0 0
volume_proxy 97 1.40562564 -0.121761502 0.0081978364 0 0 0
volume_proxy 101 -0.735632524 0.830931172 3.8634257e-05 0 0 0
volume_proxy 105 0.18667546 -0.355086883 -0.00690684255 0 0 0
volume_proxy 107 1.42800791 0.24950357 -0.00947591956 0 0 0
volume_proxy 108 1.47435659 0.705948417 -0.00333102147 0 0 0
volume_proxy 127 -0.704068826 0.727419842 -0.00281567905 0 0 0
volume_proxy 130 1.35680887 0.577813433 -0.00789619866 0 0 0
volume_proxy 140 -0.366818134 0.0585730917 -0.0090951706 0 0 0
volume_proxy 157 1.14185906 -0.240223328 0.00145138555 0 0 0
volume_proxy 159 0.289905547 -0.188053682 -0.00668004139 0 0 0
volume_proxy 161 0.61078857 0.130393668 -0.00603105774 0 0 0
volume_proxy 176 0.62285332 -0.889886774 0.00885281282 0 0 0
volume_proxy 186 0.0967766567 0.382897786 -0.00187973125 0 0 0
volume_proxy 189 -1.11829909 0.544320867 0.00962814261 0 0 0
volume_proxy 195 0.296101158 0.101571233 0.000438751921 0 0 0
volume_proxy 196 0.434490404 0.23694528 -0.00769137927 0 0 0
volume_proxy 200 -0.406470228 -0.964439907 0.000176819187 0 0 0
volume_proxy 202 -1.24749125 0.454432568 -0.0104924287 0 0 0
volume_proxy 209 -0.982309899 0.187355261 -0.0107405016 0 0 0
volume_proxy 210 -0.832448431 0.294543062 0.000784246166 0 0 0
volume_proxy 226 -0.861348692 -0.256138135 -0.00041242583 0 0 0
volume_proxy 236 0.309992873 0.761275696 0.00205756482 0 0 0
volume_proxy 247 0.40720837 0.136424898 0.00924148784 0 0 0
volume_proxy 256 -0.375874217 0.249128627 -0.00359169428 0 0 0
volume_proxy 259 0.0118675996 0.124192038 -0.00137437565 0 0 0
volume_proxy 269 0.264472622 -0.342974651 0.0066449498 0 0 0
volume_proxy 277 -1.1013208 -0.518240642 0.00546218451 0 0 0
volume_proxy 294 0.0724507121 0.140500845 0.0106453862 0 0 0
volume_proxy 296 0.129082506 -0.342198389 0.0058316001 0 0 0
volume_proxy 298 1.17065637 -0.714123963 0.000446790076 0 0 0
volume_proxy 305 0.929472854 -0.900676902 0.00763831776 0 0 0
volume_proxy 310 0.850491844 0.356620476 0.00466764537 0 0 0
volume_proxy 329 -1.04851054 -0.839660143 0.00514843595 0 0 0
volume_proxy 337 -0.933859705 0.724684931 -0.0104688533 0 0 0
volume_proxy 344 -0.435924584 0.731032355 0.0059235673 0 0 0
volume_proxy 347 -0.513968035 -0.834065582 0.000254617084 0 0 0
volume_proxy 349 -0.518247731 0.535591162 0.010166413 0 0 0
volume_proxy 356 0.59102745 0.719172323 0.00619512741 0 0 0
volume_proxy 375 1.49280364 -0.278786237 -0.00662008135 0 0 0
volume_proxy 388 -1.28986265 0.948086743 -0.000981827439 0 0 0
volume_proxy 431 -1.34081299 -0.675883457 -0.000349688466 0 0 0
volume_proxy 802 1.09376199 -0.495931814 -0.0096256799 0 0 0
volume_proxy 876 0.170380235 -0.954948838 0.00557667947 0 0 0
volume_proxy 904 -0.182093286 0.316451378 0.00103651864 0 0 0
volume_proxy 1020 -1.22237225 0.777887439 0.00280439998 0 0 0
volume_proxy 1052 0.0454672697 -0.839883045 0.00935483362 0 0 0
volume_proxy 1066 0.761284754 0.545655344 0.0015288511 0 0 0
volume_proxy 1093 -0.132727864 0.250884469 -0.000821406387 0 0 0
volume_proxy 1118 -0.0211923039 -0.295703342 -0.00110958993 0 0 0
volume_proxy 1120 -0.538304401 0.996843521 0.00811476602 0 0 0
volume_proxy 1166 -0.633238361 0.617203093 0.00594761705 0 0 0
volume_proxy 1169 1.46181107 -0.986318847 -0.00485325257 0 0 0
volume_proxy 1172 -0.10096042 0.643168956 -0.00845755207 0 0 0
volume_proxy 1186 -0.455166306 -0.302881509 0.00598970944 0 0 0
volume_proxy 1193 -0.868112768 -0.181258615 0.00878307406 0 0 0
volume_proxy 1210 -1.39966927 0.746600042 0.00840401873 0 0 0
volume_proxy 1217 -0.403370879 -0.143006744 0.00697679447 0 0 0
volume_proxy 1219 -1.13589299 0.946930774 -0.0107647282 0 0 0
volume_proxy 1225 0.111343342 -0.648114756 0.000885310432 0 0 0
volume_proxy 1230 1.27710227 -0.361579149 -0.0024885406 0 0 0
volume_proxy 1245 -1.44795167 0.976648664 -0.0107406491 0 0 0
volume_proxy 1270 0.15267265 -0.0245854362 -0.00216559389 0 0 0
volume_proxy 1280 -1.27288064 0.67412951 -0.00963388539 0 0 0
volume_proxy 1285 -1.47613803 0.921876807 0.00184702031 0 0 0
volume_proxy 1292 0.621158009 0.217447081 -0.0059193071 0 0 0
volume_proxy 1295 -1.27552969 0.796727313 0.00376252237 0 0 0
volume_proxy 1296 -0.026827266 0.0171904534 -0.00229751218 0 0 0
volume_proxy 1297 0.176237518 -0.960889518 0.00167333154 0 0 0
volume_proxy 1301 -0.999799162 0.841203163 0.00101550406 0 0 0
volume_proxy 1308 -0.405929216 0.992401736 -0.00466098874 0 0 0
volume_proxy 1318 1.33778939 -0.423274163 -0.00537539895 0 0 0
volume_proxy 1326 0.323636186 -0.170213318 0.00984889763 0 0 0
volume_proxy 1335 0.225303968 -0.608091166 0.00614481805 0 0 0
volume_proxy 1340 1.00213312 0.460670143 0.00622282744 0 0 0
volume_proxy 1348 1.30163301 -0.407479354 0.00170428131 0 0 0
volume_proxy 1361 1.18245979 0.861621452 -0.00710659555 0 0 0
volume_proxy 1366 0.956232719 0.864722979 -0.00988526978 0 0 0
volume_proxy 1379 0.729369078 0.931908005 -0.00156006648 0 0 0
volume_proxy 1380 -0.639445063 0.681754199 0.00810527896 0 0 0
volume_proxy 1381 0.62831099 0.55769436 0.00509989824 0 0 0
volume_proxy 1384 0.215445324 0.193194666 -0.00177091312 0 0 0
volume_proxy 1386 0.733560747 0.998978882 0.00361672377 0 0 0
volume_proxy 1388 0.586373503 0.170860668 -0.00180896175 0 0 0
volume_proxy 1390 -1.35642757 0.866260038 -0.00610436384 0 0 0
volume_proxy 1392 0.00697367298 -0.881983394 0.00713246269 0 0 0
volume_proxy 1397 0.373393575 0.501913662 0.00132084146 0 0 0
volume_proxy 1398 -1.33150349 0.648568468 -0.00952953495 0 0 0
volume_proxy 1403 0.890447592 0.163550022 -0.000587413394 0 0 0
volume_proxy 1405 0.029216496 0.518388037 -0.00535893672 0 0 0
volume_proxy 1408 0.589343885 0.721155445 -0.00507768548 0 0 0
volume_proxy 1409 1.33530353 0.287512605 -0.00126589437 0 0 0
volume_proxy 1413 0.634668772 0.992698699 -0.0105015521 0 0 0
volume_proxy 1418 -1.43393778 -0.0745699843 -0.00144712057 0 0 0
volume_proxy 1420 -1.24579289 -0.100003396 0.00841634844 0 0 0
volume_proxy 1421 -1.36582049 -0.169542325 0.00439041175 0 0 0
volume_proxy 1422 0.930029134 -0.97088733 0.0070049127 0 0 0
volume_proxy 1423 -0.368608602 0.634677981 0.00570636853 0 0 0
volume_proxy 1425 -0.769211229 -0.90973911 -0.00769404202 0 0 0
volume_proxy 1426 0.735378807 -0.242512728 -0.00553596417 0 0 0
volume_proxy 1428 -0.175588899 0.576140431 0.00775721581 0 0 0
volume_proxy 1429 1.15534181 -0.0560195865 -0.00416476721 0 0 0
volume_proxy 1433 0.998175632 0.14292305 0.00958658055 0 0 0
volume_proxy 1434 0.77516216 -0.474741333 0.00635702895 0 0 0
volume_proxy 1436 -0.813962467 -0.969658627 0.00231487995 0 0 0
volume_proxy 1437 -0.345785949 -0.278514296 0.0014642591 0 0 0
volume_proxy 1439 -0.904911078 0.826249899 0.0016752921 0 0 0
volume_proxy 1440 -0.00398087886 -0.444324236 0.000643961414 0 0 0
volume_proxy 1441 0.163395671 -0.936161103 0.0107294012 0 0 0
volume_proxy 1444 -0.871268967 -0.548627833 -0.000205332691 0 0 0
volume_proxy 1445 0.475660522 -0.683389696 -0.00488552164 0 0 0
volume_proxy 1447 1.22787187 -0.689144159 0.00555511932 0 0 0
volume_proxy 1448 0.309617139 -0.416389422 -0.00858967731 0 0 0
volume_proxy 1454 -1.00333088 -0.920967141 0.00154823835 0 0 0
volume_proxy 1456 -0.119774849 -0.230316203 0.00540064047 0 0 0
volume_proxy 1457 0.799407127 0.983003066 -0.00542499098 0 0 0
volume_proxy 1458 0.171316793 -0.897058332 -0.00649082884 0 0 0
volume_proxy 1459 -1.15496645 0.724410476 0.00770240779 0 0 0
volume_proxy 1460 0.983524518 0.391103043 -0.00886585198 0 0 0
volume_proxy 1461 -1.39600979 0.377456127 0.00815998243 0 0 0
volume_proxy 1462 -0.974695228 -0.826167234 0.00815827072 0 0 0
volume_proxy 1464 -0.850823496 -0.919739915 0.00362612073 0 0 0
volume_proxy 1465 1.29196983 -0.653872993 -0.00777735811 0 0 0
volume_proxy 1466 -1.26028145 -0.658001444 0.00902600364 0 0 0
volume_proxy 1470 -1.39101331 -0.759899043 0.0064492051 0 0 0
volume_proxy 1471 0.18012161 0.963559605 -0.00336580546 0 0 0
volume_proxy 1472 -0.327916944 0.647562851 -0.00101922821 0 0 0
volume_proxy 1473 -0.40027687 0.789259008 0.00906100042 0 0 0
volume_proxy 1474 0.939168641 -0.757212723 -0.00942370467 0 0 0
volume_proxy 1475 0.91097464 0.158865627 0.00882716931 0 0 0
