volume_proxy 0 0.224587549 0.135134448 0.00920904947 0 0 0
volume_proxy 5 1.15348133 -0.567506632 0.00840258911 0 0 0
volume_proxy 6 -0.253303096 0.0164682137 0.00414751525 0 0 0
volume_proxy 11 1.29555295 0.642371259 -0.0069106276 0 0 0
volume_proxy 12 0.360794969 -0.615090312 -2.7046455e-05 0 0 0
volume_proxy 14 -0.754390326 0.970945269 -0.00781083974 0 0 0
volume_proxy 23 1.44516209 -0.925482055 -0.00177718895 0 0 0
volume_proxy 38 0.5192221 -0.415651318 0.00225375534 0 0 0
volume_proxy 40 -0.500505432 -0.473554792 -0.0103942098 0 0 0
volume_proxy 50 -0.742691069 -0.233597055 -0.00795519825 0 0 0
volume_proxy 53 -0.765993848 0.548024034 -0.00589035483 0 0 0
volume_proxy 58 0.617548717 -0.903686095 0.00152486644 0 0 0
volume_proxy 60 0.471488473 0.486339839 0.0023207829 0 0 0
volume_proxy 85 -0.776042383 0.847343815 0.00187474824 0 0 0
volume_proxy 97 1.07839962 0.85811014 -0.0101615434 0 0 0
volume_proxy 107 1.22778818 -0.599272197 -0.0074094358 0 0 0
volume_proxy 127 -0.757979706 -0.15332965 0.00436257002 0 0 0
volume_proxy 130 0.572125653 0.906344061 -0.00779671329 0 0 0
volume_proxy 140 -0.586219399 0.987897689 -0.00583780569 0 0 0
volume_proxy 157 1.28431813 0.723970537 -0.00101821715 0 0 0
volume_proxy 159 1.24170441 0.404563165 -0.00622839361 0 0 0
volume_proxy 161 0.839327642 0.391621435 -0.00334281627 0 0 0
volume_proxy 176 0.977247914 -0.0328872308 -0.000267205595 0 0 0
volume_proxy 186 -1.47833954 -0.499134588 0.00584221131 0 0 0
volume_proxy 189 -0.98492151 0.641479322 -0.00247654755 0 0 0
volume_proxy 195 -0.299711209 -0.301661808 0.00233862318 0 0 0
volume_proxy 196 0.630405348 0.483485461 -0.00479998524 0 0 0
volume_proxy 200 -0.143209096 -0.980867017 0.00542490297 0 0 0
volume_proxy 202 -0.0910387298 0.733235433 0.00341740512 0 0 0
volume_proxy 209 -0.94165351 -0.437776746 -0.000281413837 0 0 0
volume_proxy 210 -0.0497949629 0.622393943 0.00881879843 0 0 0
volume_proxy 226 0.400333418 -0.146882601 -5.40292774e-05 0 0 0
volume_proxy 236 0.511377125 0.398103678 0.00875404822 0 0 0
volume_proxy 247 0.923659783 0.71349226 0.0050366243 0 0 0
volume_proxy 256 -1.42516023 0.804450791 0.00198638218 0 0 0
volume_proxy 259 0.745337663 0.228046375 0.00990801127 0 0 0
volume_proxy 269 -1.05444779 -0.0219928697 -0.00112283584 0 0 0
volume_proxy 277 -1.03335303 -0.301367245 0.00164954453 0 0 0
volume_proxy 296 -1.23016515 -0.0357625966 0.00778739267 0 0 0
volume_proxy 305 1.20437968 -0.409830082 -0.00279640107 0 0 0
volume_proxy 310 -0.627206222 -0.983416785 0.009210004 0 0 0
volume_proxy 344 -1.36710088 0.472381793 0.00201820568 0 0 0
volume_proxy 347 -0.430602149 0.860034968 0.00944768393 0 0 0
volume_proxy 356 -0.901203164 0.515495063 -0.00969288487 0 0 0
volume_proxy 375 0.725757148 -0.659362751 -0.00712626764 0 0 0
volume_proxy 388 0.552262164 -0.0276911681 0.00864388977 0 0 0
volume_proxy 802 1.46725006 -0.144387889 -0.00515547323 0 0 0
volume_proxy 1052 -0.847612805 -0.879969161 -0.00533926345 0 0 0
volume_proxy 1066 -0.542320562 -0.00651577573 -0.00396789893 0 0 0
volume_proxy 1120 -0.313255068 0.0575038669 0.0102990888 0 0 0
volume_proxy 1166 -0.531855749 0.206787163 -0.00952284355 0 0 0
volume_proxy 1169 1.02785919 -0.727170523 0.00410381334 0 0 0
volume_proxy 1193 -1.26016163 -0.553318069 0.0092419476 0 0 0
volume_proxy 1225 -0.240814073 -0.446769501 -0.0103173318 0 0 0
volume_proxy 1245 -1.042141 0.0207131504 0.00210301492 0 0 0
volume_proxy 1280 -0.885079003 0.81708842 0.00389948532 0 0 0
volume_proxy 1285 -1.23278235 -0.157485442 0.00450643258 0 0 0
volume_proxy 1295 -0.422204734 0.0880246911 -0.00894120576 0 0 0
volume_proxy 1296 0.186381515 -0.577231429 0.00226525049 0 0 0
volume_proxy 1340 0.960719019 0.854291651 -0.00333231841 0 0 0
volume_proxy 1380 -0.0992787318 0.903180399 0.00316820003 0 0 0
volume_proxy 1386 0.802756355 0.383935783 -0.00310131902 0 0 0
volume_proxy 1397 1.31073668 0.901416886 -0.00421521425 0 0 0
volume_proxy 1409 0.105239249 0.77837906 -0.00460241579 0 0 0
volume_proxy 1413 0.797796429 0.892514213 -0.00423486676 0 0 0
volume_proxy 1422 0.468627036 -0.775745937 -0.00650134863 0 0 0
volume_proxy 1433 1.06748533 0.918171408 0.00180859701 0 0 0
volume_proxy 1434 -0.161090795 -0.942509648 -0.00903687634 0 0 0
volume_proxy 1437 -0.148726964 -0.0563667789 0.00735559192 0 0 0
volume_proxy 1439 -0.0618225646 0.583578003 0.00095623828 0 0 0
volume_proxy 1447 0.781600866 -0.508997375 0.00615392001 0 0 0
volume_proxy 1459 -0.737067142 0.345629126 -0.00876320932 0 0 0
volume_proxy 1460 0.625429321 0.582086085 -0.00112355565 0 0 0
volume_proxy 1461 -1.09813964 0.566602182 -0.00824516146 0 0 0
volume_proxy 1466 -0.505869179 -0.024665491 0.00412711673 0 0 0
volume_proxy 1472 -1.09851583 0.653537851 -0.00224477808 0 0 0
volume_proxy 1474 0.56193166 -0.637141099 0.000728793412 0 0 0
volume_proxy 1481 1.25696706 0.578621197 -0.00654709529 0 0 0
volume_proxy 1482 1.1482149 0.0817234444 0.0046821979 0 0 0
volume_proxy 1485 0.445795995 -0.602699199 -0.00869750606 0 0 0
volume_proxy 1489 -0.00394749365 -0.402093343 -0.00972772686 0 0 0
volume_proxy 1490 1.21013997 0.89624375 -0.000749925382 0 0 0
volume_proxy 1492 0.440983388 0.591526116 0.00223670283 0 0 0
volume_proxy 1493 0.563814432 0.335884301 0.00591526024 0 0 0
volume_proxy 1494 1.05054691 -0.145250888 -0.00606916225 0 0 0
volume_proxy 1496 -1.20453585 0.727792736 -0.00135521044 0 0 0
volume_proxy 1498 -0.347620493 0.66215857 0.00191994253 0 0 0
volume_proxy 1501 -0.473827547 -0.715355848 0.000101944608 0 0 0
volume_proxy 1503 0.175234357 0.0330549263 0.00379859697 0 0 0
volume_proxy 1506 0.39395636 0.952548878 0.00965168887 0 0 0
volume_proxy 1507 -1.21550316 -0.383095393 0.0012626801 0 0 0
volume_proxy 1508 -0.639813654 -0.720998254 0.0103719149 0 0 0
volume_proxy 1509 -1.23867923 0.691228333 -0.0107394404 0 0 0
volume_proxy 1510 0.332484713 -0.566570535 -0.00472560027 0 0 0
volume_proxy 1511 1.45270872 0.504664115 3.84337293e-06 0 0 0
volume_proxy 1513 -1.35808625 0.487906804 0.00895581347 0 0 0
volume_proxy 1515 0.618648734 -0.174066455 0.00873564415 0 0 0
volume_proxy 1516 -0.380600475 -0.975641876 0.00694266372 0 0 0
volume_proxy 1517 -1.19650167 -0.504454147 -0.00828100516 0 0 0
volume_proxy 1519 0.160491144 -0.306566643 -0.00194454411 0 0 0
volume_proxy 1520 0.611498119 -0.502760242 -0.00203913456 0 0 0
volume_proxy 1521 -0.783782766 -0.0469066183 0.0037198296 0 0 0
volume_proxy 1522 0.250521464 0.693733823 -0.0078574304 0 0 0
volume_proxy 1523 1.45112796 -0.283349769 0.00496554412 0 0 0
volume_proxy 1525 -0.933107861 0.810228556 -0.0073646526 0 0 0
volume_proxy 1526 1.20229537 -0.153489696 0.0106567419 0 0 0
volume_proxy 1528 0.550534304 -0.660427239 0.00433672057 0 0 0
volume_proxy 1529 -0.87587478 -0.101358899 0.0073486616 0 0 0
volume_proxy 1530 -0.750433397 -0.2868572 0.00639059062 0 0 0
