volume_proxy 0 -0.980222415 -0.534089946 -0.00398985002 0 0 0
volume_proxy 6 -0.0936644973 0.00761099522 8.56460622e-05 0 0 0
volume_proxy 11 1.08130179 0.73966653 0.00943789439 0 0 0
volume_proxy 12 1.1299986 -0.714008819 -0.0062971574 0 0 0
volume_proxy 14 -1.38600158 0.902001511 0.00335679727 0 0 0
volume_proxy 23 1.49559889 -0.0155940678 -0.00464872012 0 0 0
volume_proxy 38 -0.584579078 -0.931883258 -0.00349456045 0 0 0
volume_proxy 40 -1.37007892 -0.163272578 -0.0086759848 0 0 0
volume_proxy 50 -1.17138192 -0.907725588 0.0044341913 0 0 0
volume_proxy 53 -1.39772388 0.587324478 0.00710797807 0 0 0
volume_proxy 58 0.549077365 -0.449665692 0.0016537633 0 0 0
volume_proxy 60 -0.393603853 0.575748787 0.0027984609 0 0 0
volume_proxy 85 -0.901820718 0.985227876 0.00527373021 0 0 0
volume_proxy 97 0.335943895 0.904796236 0.00527245832 0 0 0
volume_proxy 107 -0.0342898522 0.358272012 0.00720675817 0 0 0
volume_proxy 127 -1.32064479 -0.830464784 0.00955414801 0 0 0
volume_proxy 130 0.181513301 -0.845605209 0.00549652244 0 0 0
volume_proxy 140 0.732942723 0.199088916 0.0104300847 0 0 0
volume_proxy 157 0.35866578 0.175955224 0.00744872826 0 0 0
volume_proxy 159 -0.255082056 0.744394273 -0.00856649047 0 0 0
volume_proxy 161 -0.215475959 0.122352419 -0.00904112144 0 0 0
volume_proxy 176 1.18747862 0.43282603 0.00488737286 0 0 0
volume_proxy 186 -0.944290555 0.191230057 -0.00695371282 0 0 0
volume_proxy 189 -0.717116309 -0.869457148 0.00374154098 0 0 0
volume_proxy 195 -1.35243314 -0.958577791 -0.00683408405 0 0 0
volume_proxy 196 -0.973642224 0.104421793 0.00266223977 0 0 0
volume_proxy 200 -1.26005059 0.580945156 -0.00543367941 0 0 0
volume_proxy 202 -0.62000807 -0.398074891 -0.00696457486 0 0 0
volume_proxy 209 -1.1158954 0.0512267378 -0.00506894327 0 0 0
volume_proxy 210 0.331761485 0.142924788 0.00129933164 0 0 0
volume_proxy 226 1.23953115 0.149369662 -0.00713771085 0 0 0
volume_proxy 236 0.54178869 0.403298818 0.00357889473 0 0 0
volume_proxy 247 0.0303347652 -0.98729006 -0.00909047783 0 0 0
volume_proxy 256 0.540690122 -0.832041142 -0.00664059671 0 0 0
volume_proxy 259 0.789043623 -0.0134693067 0.00685936294 0 0 0
volume_proxy 269 -1.4247745 0.61863331 0.00238504667 0 0 0
volume_proxy 277 -0.915909799 0.0931264119 0.000245203088 0 0 0
volume_proxy 296 -0.940990061 -0.0116864128 -0.00739361392 0 0 0
volume_proxy 305 0.495157663 -0.464975495 -0.00956915883 0 0 0
volume_proxy 310 1.43712425 0.679482143 0.0102447579 0 0 0
volume_proxy 344 -0.288660177 -0.454626166 0.00160359717 0 0 0
volume_proxy 347 -0.642713204 0.805449908 0.00276272727 0 0 0
volume_proxy 356 -0.726839882 0.327921108 -0.000476168198 0 0 0
volume_proxy 375 1.37709205 -0.0762905274 0.00631641063 0 0 0
volume_proxy 388 1.33603446 -0.504777792 0.00852140554 0 0 0
volume_proxy 1052 -1.19139642 -0.332807977 0.0105138319 0 0 0
volume_proxy 1066 -0.313570985 0.0153548544 -0.00438994989 0 0 0
volume_proxy 1120 -0.684171103 0.881097805 -0.0069663924 0 0 0
volume_proxy 1166 -0.797146922 -0.807718916 0.000691835018 0 0 0
volume_proxy 1193 -0.952629107 -0.126471858 0.0101230494 0 0 0
volume_proxy 1225 -1.27006814 -0.867212277 -0.00184569156 0 0 0
volume_proxy 1245 -1.1589631 0.62099458 -0.00922978173 0 0 0
volume_proxy 1280 -1.46782112 0.932393136 0.0105086134 0 0 0
volume_proxy 1285 -0.652233044 0.942275902 0.00323383576 0 0 0
volume_proxy 1295 0.606166617 0.517927902 -0.000324406224 0 0 0
volume_proxy 1296 -0.524981531 -0.450601271 -0.00113690898 0 0 0
volume_proxy 1340 1.33073747 -0.0635315618 -0.00715010094 0 0 0
volume_proxy 1380 -1.44683062 -0.589698848 0.00554632925 0 0 0
volume_proxy 1386 1.07634115 0.568581866 0.00406530754 0 0 0
volume_proxy 1397 0.0315484456 0.682919369 -0.00713937593 0 0 0
volume_proxy 1409 0.533531636 0.490437316 -0.00537859662 0 0 0
volume_proxy 1413 0.643326603 0.656366999 -0.00223724511 0 0 0
volume_proxy 1422 1.4203159 -0.799295042 0.00681665602 0 0 0
volume_proxy 1433 1.4566947 0.760074397 0.00527085931 0 0 0
volume_proxy 1437 -0.347372176 -0.987375273 -0.00290694485 0 0 0
volume_proxy 1459 -0.832409925 -0.498956056 -0.00208472495 0 0 0
volume_proxy 1460 -1.05591381 0.193600344 0.000459233835 0 0 0
volume_proxy 1461 -1.19879076 0.275638377 0.00160866191 0 0 0
volume_proxy 1472 -1.23125581 -0.195840274 -0.00264322095 0 0 0
volume_proxy 1474 1.34789703 -0.0460968118 -0.00930457347 0 0 0
volume_proxy 1481 -0.461571455 0.239801948 0.00666924918 0 0 0
volume_proxy 1482 0.607253755 0.379372963 -0.0027403386 0 0 0
volume_proxy 1485 0.717826855 -0.337126608 -0.00384967406 0 0 0
volume_proxy 1489 0.186663831 -0.840387256 0.00187680987 0 0 0
volume_proxy 1490 0.620649023 0.510834424 0.000711146137 0 0 0
volume_proxy 1496 -1.21302069 0.569822159 -0.00124703224 0 0 0
volume_proxy 1498 -0.32002642 -0.404321645 0.00414310901 0 0 0
volume_proxy 1503 -1.32038764 -0.748844262 -0.00711823958 0 0 0
volume_proxy 1506 0.300484329 0.715868198 -0.00403038341 0 0 0
volume_proxy 1507 -0.0995487247 -0.289026745 -0.00549470072 0 0 0
volume_proxy 1508 -0.8963527 0.196286176 0.000858132499 0 0 0
volume_proxy 1509 -0.96039504 -0.146905526 0.00743786669 0 0 0
volume_proxy 1513 -1.34969079 0.149045304 -0.00339004864 0 0 0
volume_proxy 1515 0.234438716 -0.935056161 -0.000538130743 0 0 0
volume_proxy 1516 -0.193241127 -0.656009042 0.00127211009 0 0 0
volume_proxy 1517 -1.1626106 -0.475466135 -0.00674357572 0 0 0
volume_proxy 1519 0.355251394 0.506079765 0.00259593697 0 0 0
volume_proxy 1520 0.0244354692 -0.472333417 -0.00796706205 0 0 0
volume_proxy 1521 -0.980460908 -0.489248746 0.00657762669 0 0 0
volume_proxy 1523 -0.138848396 -0.291901582 0.010670414 0 0 0
volume_proxy 1525 -0.516534528 0.827929029 0.0039100353 0 0 0
volume_proxy 1526 1.43616635 -0.0623676034 0.00463851186 0 0 0
volume_proxy 1528 0.9173479 -0.800620722 -0.00367949366 0 0 0
volume_proxy 1529 -0.78884516 -0.141292147 0.00826627365 0 0 0
volume_proxy 1531 0.382796005 0.833842653 -0.00573016367 0 0 0
volume_proxy 1533 0.770443879 -0.0657962498 -0.0055863044 0 0 0
volume_proxy 1534 -0.513818489 -0.056057456 0.00791126351 0 0 0
volume_proxy 1537 -0.937853539 -0.573404835 -0.0013105988 0 0 0
volume_proxy 1538 1.2144152 -0.375369385 0.00252723037 0 0 0
volume_proxy 1539 0.281571673 0.712542779 -0.00915970803 0 0 0
volume_proxy 1540 1.38447629 0.0983336245 0.00823138714 0 0 0
volume_proxy 1541 -0.397816753 -0.931793229 0.00580967483 0 0 0
