volume_proxy 0 1.40911346 -0.00321425341 -0.00782122906 0 0 0
volume_proxy 5 0.452733723 -0.15961728 -0.00444245131 0 0 0
volume_proxy 6 0.473383773 -0.240600544 0.00762409609 0 0 0
volume_proxy 11 1.00762686 0.292450245 -0.00835711024 0 0 0
volume_proxy 12 1.25090138 -0.662628807 -0.00374670824 0 0 0
volume_proxy 14 -0.16395942 -0.471030381 -0.000788334206 0 0 0
volume_proxy 23 0.0353954609 0.132488455 -0.0103238467 0 0 0
volume_proxy 38 0.708986606 0.0659241399 0.00423748349 0 0 0
volume_proxy 40 0.379406783 -0.943142315 0.00550973833 0 0 0
volume_proxy 50 -0.211361746 -0.201148635 0.00139735417 0 0 0
volume_proxy 53 -0.37228277 0.191907727 0.00411481057 0 0 0
volume_proxy 58 1.20489953 -0.509057118 -0.00304358171 0 0 0
volume_proxy 60 0.55469677 0.379908234 0.00972756946 0 0 0
volume_proxy 61 0.157537854 -0.741167117 -0.00361532954 0 0 0
volume_proxy 72 0.40369401 -0.206062054 0.00562269694 0 0 0
volume_proxy 85 -0.882097969 -0.0204146512 0.00185285436 0 0 0
volume_proxy 88 -0.641428599 -0.393156557 -0.00110448617 0 0 0
volume_proxy 97 1.40159553 -0.255922262 0.0027160909 0 0 0
volume_proxy 101 -1.12801258 0.744625843 -0.00885066662 0 0 0
volume_proxy 105 0.259403851 -0.355677347 -0.00820812825 0 0 0
volume_proxy 107 1.20632798 0.383967966 -0.0102506335 0 0 0
volume_proxy 108 0.960920303 0.683878859 0.00384509317 0 0 0
volume_proxy 127 -0.843304713 0.679251613 1.47694484e-05 0 0 0
volume_proxy 130 1.4884032 0.450877996 -0.00604850997 0 0 0
volume_proxy 140 -0.577091951 0.188407071 0.00970190311 0 0 0
volume_proxy 157 0.657876215 -0.253990293 -0.00748088165 0 0 0
volume_proxy 159 0.198572324 -0.0756004292 -0.00442837673 0 0 0
volume_proxy 161 0.148812636 0.0392371153 -0.0069452492 0 0 0
volume_proxy 176 0.426258238 -0.780491791 0.00013786959 0 0 0
volume_proxy 178 -1.17680848 0.76937597 0.00271239502 0 0 0
volume_proxy 186 0.187698334 0.257176944 0.00524553173 0 0 0
volume_proxy 189 -1.24329604 0.206440858 0.00189410685 0 0 0
volume_proxy 195 0.0967813031 -0.31504004 -0.00660121227 0 0 0
volume_proxy 196 0.120227527 0.268176469 -0.00806987322 0 0 0
volume_proxy 200 -0.380610724 -0.597392621 0.00826687678 0 0 0
volume_proxy 202 -1.44636132 0.439996582 0.00937382798 0 0 0
volume_proxy 209 -0.871920348 0.0149050494 -0.00365435301 0 0 0
volume_proxy 210 -0.507420443 0.372023181 0.00965647214 0 0 0
volume_proxy 226 -0.401094246 0.00697926069 0.00646665193 0 0 0
volume_proxy 236 0.260560092 0.517008865 0.00137263273 0 0 0
volume_proxy 244 1.07535275 0.321985221 0.00594438746 0 0 0
volume_proxy 247 0.99972035 0.163813852 -0.00198141618 0 0 0
volume_proxy 256 -0.238278729 0.305848074 -0.00898697425 0 0 0
volume_proxy 259 0.148063228 -0.378047978 0.00388344256 0 0 0
volume_proxy 269 -0.0865286574 -0.346331977 0.000392724126 0 0 0
volume_proxy 276 1.23814068 -0.741533234 -0.0105561141 0 0 0
volume_proxy 277 -0.654938961 -0.173854552 0.00340838586 0 0 0
volume_proxy 294 0.0143732254 0.159008702 -0.00544240883 0 0 0
volume_proxy 296 -0.198167775 -0.247632575 0.00108612616 0 0 0
volume_proxy 298 1.42913163 -0.508913277 0.00919546025 0 0 0
volume_proxy 305 0.49612024 0.121834491 0.00747321204 0 0 0
volume_proxy 310 1.1746761 0.313884364 0.00371020874 0 0 0
volume_proxy 311 1.11757788 -0.644729882 -0.00130871338 0 0 0
volume_proxy 329 -0.905543724 0.0320676525 0.00583960417 0 0 0
volume_proxy 337 -0.661276768 0.516145315 0.00306668342 0 0 0
volume_proxy 344 -0.303525584 0.27719489 0.0106346565 0 0 0
volume_proxy 347 -0.438476265 -0.9032281 -0.00498579554 0 0 0
volume_proxy 349 0.113682564 -0.455124441 -0.00495488743 0 0 0
volume_proxy 356 0.556111736 0.120855408 -0.00646308846 0 0 0
volume_proxy 375 1.20613003 -0.281847733 -0.0100441633 0 0 0
volume_proxy 388 -0.935219712 0.781201575 -0.00676426838 0 0 0
volume_proxy 399 0.409009865 -0.897513085 0.00534325924 0 0 0
volume_proxy 409 0.427052449 -0.945510425 -0.00478002972 0 0 0
volume_proxy 431 -1.39594575 -0.999252173 -0.0101698818 0 0 0
volume_proxy 512 0.351602271 -0.941519547 -0.00592540211 0 0 0
volume_proxy 518 0.83803518 0.919310134 -0.000342020581 0 0 0
volume_proxy 682 -0.137123525 -0.946345224 0.00816840229 0 0 0
volume_proxy 802 1.15873122 -0.739667205 -0.0082081777 0 0 0
volume_proxy 876 0.243451652 -0.769100133 -0.0101731448 0 0 0
volume_proxy 904 -0.293858015 0.496172747 -0.00934890903 0 0 0
volume_proxy 914 0.262907065 -0.999269762 0.000463552308 0 0 0
volume_proxy 929 -0.801490174 -0.886687113 -0.00259192785 0 0 0
volume_proxy 944 0.597762789 -0.70717402 -0.0104556746 0 0 0
volume_proxy 991 -1.14179658 -0.817894504 0.0104311642 0 0 0
volume_proxy 1020 -1.33138485 0.879912945 -0.00554077618 0 0 0
volume_proxy 1021 -0.264250775 -0.995096798 0.00239203276 0 0 0
volume_proxy 1052 0.250808248 -0.341579682 -0.010691383 0 0 0
volume_proxy 1066 0.871036541 0.359595971 0.0105318197 0 0 0
volume_proxy 1093 0.110888444 -0.129153712 0.00397657999 0 0 0
volume_proxy 1118 0.235513494 -0.545076043 0.00396009976 0 0 0
volume_proxy 1120 -0.497367242 0.755617505 -0.00916492935 0 0 0
volume_proxy 1133 1.21939105 -0.950540606 0.00838695911 0 0 0
volume_proxy 1138 1.33817407 -0.612987262 -0.00411928016 0 0 0
volume_proxy 1151 0.404040367 -0.679278671 0.00207933876 0 0 0
volume_proxy 1166 -0.692484906 0.456665849 -0.00222706844 0 0 0
volume_proxy 1169 1.43131171 -0.761611855 0.00340987741 0 0 0
volume_proxy 1172 -0.314853984 0.850008266 -0.00179692951 0 0 0
volume_proxy 1180 -1.4352064 -0.216716098 -0.0082029977 0 0 0
volume_proxy 1186 -0.507051739 -0.821259715 -0.00970128789 0 0 0
volume_proxy 1193 -0.664046677 -0.411408547 0.000137019244 0 0 0
volume_proxy 1197 -0.244752613 -0.17968442 -0.00620451302 0 0 0
volume_proxy 1209 -1.44330319 0.585780619 0.00113338605 0 0 0
volume_proxy 1210 -0.964165671 0.837139182 0.00256283683 0 0 0
volume_proxy 1217 -0.578840333 0.460305731 -0.00336207689 0 0 0
volume_proxy 1219 -0.714027529 0.760183064 -0.00255141699 0 0 0
volume_proxy 1225 0.0356115142 -0.405583822 -0.00908405319 0 0 0
volume_proxy 1230 0.996902948 -0.298198525 -0.00125164296 0 0 0
volume_proxy 1237 -0.0587495464 0.952662251 0.00378983683 0 0 0
volume_proxy 1238 0.585903546 0.784771232 -0.00993478015 0 0 0
volume_proxy 1245 -1.33061804 0.830569831 0.0107875828 0 0 0
volume_proxy 1255 1.43072912 -0.493238763 -0.00250402002 0 0 0
volume_proxy 1259 -1.17894166 0.804952471 0.00247853741 0 0 0
volume_proxy 1270 0.194283889 -0.0347426594 -0.0072006375 0 0 0
volume_proxy 1280 -1.36309967 0.50743106 0.00269941275 0 0 0
volume_proxy 1285 -1.44231503 0.746278185 -0.00114184648 0 0 0
volume_proxy 1292 0.253918717 0.169284334 -0.00554794767 0 0 0
volume_proxy 1293 0.220889844 -0.979758067 -0.00291295759 0 0 0
volume_proxy 1295 -1.46625313 0.773121136 0.00761142057 0 0 0
volume_proxy 1296 -0.0330204101 -0.11760985 0.00725525525 0 0 0
volume_proxy 1297 -0.110729491 -0.741667639 -0.00746754549 0 0 0
volume_proxy 1298 -1.06896132 -0.82614068 0.00307621285 0 0 0
volume_proxy 1301 -0.424279261 0.504659123 0.000309126081 0 0 0
volume_proxy 1303 -1.10311853 0.903934262 0.00111340593 0 0 0
volume_proxy 1308 -0.507204124 0.827057558 0.0028532548 0 0 0
volume_proxy 1315 -1.14889603 -0.807378552 -0.00861290291 0 0 0
volume_proxy 1318 0.829519295 -0.383730326 0.00973971096 0 0 0
volume_proxy 1325 -1.18495587 -0.441048247 -0.000110393913 0 0 0
volume_proxy 1326 -0.000270991602 -0.343402134 -0.00590477392 0 0 0
volume_proxy 1334 -1.00211211 -0.470147561 0.00739433819 0 0 0
volume_proxy 1335 0.44629214 -0.468393447 -0.00710107959 0 0 0
volume_proxy 1340 0.532538338 0.631791038 0.00791792675 0 0 0
volume_proxy 1345 0.181459623 -0.811005521 -0.0053952915 0 0 0
volume_proxy 1347 -0.332681138 0.593323737 -0.00117161776 0 0 0
volume_proxy 1348 1.43327824 -0.743274496 0.00214834195 0 0 0
volume_proxy 1354 -0.381912438 -0.146808568 -0.00304935116 0 0 0
volume_proxy 1357 -1.23415314 0.299785759 0.00437769764 0 0 0
volume_proxy 1358 -0.212583921 -0.0287061137 -0.00808743148 0 0 0
volume_proxy 1361 1.47173816 0.737109302 0.00366471529 0 0 0
volume_proxy 1366 1.24912786 0.965560414 0.0012109 0 0 0
volume_proxy 1367 -1.04665543 -0.499868179 0.00581560227 0 0 0
volume_proxy 1369 0.682221634 0.835777033 0.00122687475 0 0 0
volume_proxy 1379 0.47032985 0.300191534 -0.00477638995 0 0 0
volume_proxy 1380 -0.570110573 0.523131719 0.00642947008 0 0 0
volume_proxy 1381 0.915375333 0.578271422 0.00287075248 0 0 0
volume_proxy 1382 -0.233285174 -0.230690091 -0.00182261088 0 0 0
volume_proxy 1383 -1.19002889 0.202891244 -0.00224439646 0 0 0
volume_proxy 1384 0.264763898 0.210354601 0.000956243603 0 0 0
volume_proxy 1385 0.824657915 0.7362137 0.00416698246 0 0 0
volume_proxy 1386 0.952000699 0.710932508 0.00452298872 0 0 0
volume_proxy 1388 0.459826034 0.394241479 0.00212842234 0 0 0
volume_proxy 1389 -0.066578486 0.54046739 0.00104116426 0 0 0
volume_proxy 1390 -1.46665178 0.652827303 0.0031768649 0 0 0
volume_proxy 1392 -0.235055906 -0.910873803 0.00494279248 0 0 0
volume_proxy 1395 0.991007417 0.132963494 -0.00472338252 0 0 0
volume_proxy 1397 -0.0041438006 0.647103584 0.00694875986 0 0 0
volume_proxy 1398 -0.884341795 0.58368065 0.00141386596 0 0 0
volume_proxy 1403 0.603897087 0.244495134 -0.00810890178 0 0 0
volume_proxy 1405 0.631067174 0.447059406 -0.00805088492 0 0 0
volume_proxy 1406 0.0914030903 -0.839215105 -0.0100178342 0 0 0
volume_proxy 1408 0.252632637 0.71682903 -0.00153892661 0 0 0
volume_proxy 1409 0.991779453 0.578396502 0.0079138403 0 0 0
volume_proxy 1411 0.725373543 0.667078163 0.00921917446 0 0 0
volume_proxy 1413 0.768816465 0.718818974 -0.00906034603 0 0 0
volume_proxy 1414 1.2001415 0.680007395 0.00667315607 0 0 0
volume_proxy 1415 1.44025227 -0.105762939 -0.00532883223 0 0 0
volume_proxy 1418 -1.45806064 0.0396468608 0.00402591915 0 0 0
volume_proxy 1419 -1.32106827 -0.96753062 -8.42660324e-05 0 0 0
volume_proxy 1420 -1.27537448 -0.391784692 0.00602871611 0 0 0
volume_proxy 1421 -1.13282502 0.0407118456 0.00089036775 0 0 0
volume_proxy 1422 0.79037331 -0.890428801 -0.00175086745 0 0 0
volume_proxy 1423 -0.435680816 0.377905567 0.0101832619 0 0 0
volume_proxy 1425 -0.688492745 -0.700736518 4.37503506e-05 0 0 0
volume_proxy 1426 0.496099869 -0.0967748613 0.00947372051 0 0 0
volume_proxy 1427 -0.402532385 -0.0438053324 -0.00207679331 0 0 0
volume_proxy 1428 0.0307689606 0.663556406 9.11572555e-05 0 0 0
volume_proxy 1429 1.18187353 0.00877110399 -0.00134934793 0 0 0
volume_proxy 1430 -0.529230394 -0.960038663 -0.00980750862 0 0 0
volume_proxy 1433 0.973713669 0.490271859 -0.00478750077 0 0 0
volume_proxy 1434 0.459172203 -0.610593278 0.00395768616 0 0 0
