volume_proxy 0 0.382867262 0.194247066 0.00141907613 0 0 0
volume_proxy 5 1.10908019 -0.565032536 0.00899157206 0 0 0
volume_proxy 6 -0.255618106 0.0189001564 -0.0042488022 0 0 0
volume_proxy 11 1.23840373 0.649003885 -0.00985888221 0 0 0
volume_proxy 12 0.279052623 -0.71402898 -0.00505292656 0 0 0
volume_proxy 14 -0.746117259 0.930630994 -0.0046105168 0 0 0
volume_proxy 23 1.49903487 -0.830315693 0.0053655406 0 0 0
volume_proxy 38 0.463422206 -0.326149432 -0.00319359972 0 0 0
volume_proxy 40 -0.477889829 -0.463299382 0.00794860792 0 0 0
volume_proxy 50 -0.70073893 -0.158274845 -0.00786998997 0 0 0
volume_proxy 53 -0.623999803 0.626362081 -0.00336924444 0 0 0
volume_proxy 58 0.657063405 -0.852684992 0.00241051342 0 0 0
volume_proxy 60 0.502440776 0.499375643 -0.00735903362 0 0 0
volume_proxy 85 -0.816999152 0.830785162 0.0106376775 0 0 0
volume_proxy 97 1.14530271 0.716455833 0.0102122125 0 0 0
volume_proxy 107 1.21884696 -0.617060931 0.000535983812 0 0 0
volume_proxy 127 -0.800779307 -0.101469992 -0.0106351169 0 0 0
volume_proxy 130 0.658031856 0.913033499 0.00578469475 0 0 0
volume_proxy 140 -0.593794941 0.93824664 -0.00148311905 0 0 0
volume_proxy 157 1.31893922 0.783989926 0.0107679213 0 0 0
volume_proxy 159 1.16906058 0.527149173 0.00888854497 0 0 0
volume_proxy 161 0.880252772 0.44326209 -0.000325474611 0 0 0
volume_proxy 176 0.885146928 0.00337165958 0.00270965336 0 0 0
volume_proxy 186 -1.45607552 -0.463173972 -0.00347061275 0 0 0
volume_proxy 189 -0.920323174 0.567584206 0.00386950738 0 0 0
volume_proxy 195 -0.376377151 -0.267916227 -0.0073351665 0 0 0
volume_proxy 196 0.582587119 0.541690929 -0.000697102834 0 0 0
volume_proxy 200 -0.0473612299 -0.954198516 0.00175638176 0 0 0
volume_proxy 202 -0.0727729821 0.794332411 0.00885717406 0 0 0
volume_proxy 209 -0.871362212 -0.385602082 0.00846275003 0 0 0
volume_proxy 210 -0.0998562613 0.61758755 -0.00158380169 0 0 0
volume_proxy 226 0.39241983 -0.273752254 0.00844251045 0 0 0
volume_proxy 236 0.554010673 0.378390393 -0.00939392089 0 0 0
volume_proxy 247 1.03475128 0.673890503 -0.00657966107 0 0 0
volume_proxy 256 -1.27211229 0.821207529 0.0090933253 0 0 0
volume_proxy 259 0.742680031 0.293248121 0.00030052541 0 0 0
volume_proxy 269 -1.10813917 0.00679172439 -0.00973908122 0 0 0
volume_proxy 277 -1.13085621 -0.344975272 0.000688986295 0 0 0
volume_proxy 296 -1.32155555 -0.00454205344 -0.00987535551 0 0 0
volume_proxy 305 1.16572858 -0.320271533 0.00490384221 0 0 0
volume_proxy 310 -0.618826116 -0.999106073 -0.00397453939 0 0 0
volume_proxy 344 -1.30976707 0.445388338 -0.00990793461 0 0 0
volume_proxy 347 -0.424063506 0.867435511 -0.00477641546 0 0 0
volume_proxy 356 -0.817718466 0.636497858 -0.007490299 0 0 0
volume_proxy 375 0.685334241 -0.833583207 0.000290454631 0 0 0
volume_proxy 388 0.584410926 -0.0700333322 -0.006787254 0 0 0
volume_proxy 802 1.45723854 -0.158257379 -0.00987411077 0 0 0
volume_proxy 1052 -0.761723294 -0.892439537 0.00586425722 0 0 0
volume_proxy 1066 -0.508822073 0.000732038946 0.00348597523 0 0 0
volume_proxy 1120 -0.299313488 0.0905711639 -0.00152789295 0 0 0
volume_proxy 1166 -0.534980442 0.179879211 -0.000420591571 0 0 0
volume_proxy 1169 0.930340166 -0.755921586 -0.00490947032 0 0 0
volume_proxy 1193 -1.28391105 -0.563047154 -0.00398535287 0 0 0
volume_proxy 1225 -0.374162483 -0.363477521 -0.00941124466 0 0 0
volume_proxy 1245 -1.06125085 0.090802845 0.00937622337 0 0 0
volume_proxy 1280 -0.882839181 0.881121031 -0.00590355453 0 0 0
volume_proxy 1285 -1.19146289 -0.124474452 0.000556810047 0 0 0
volume_proxy 1295 -0.507052585 0.113578072 -0.00740216416 0 0 0
volume_proxy 1296 0.151142898 -0.635411908 0.00225883206 0 0 0
volume_proxy 1340 1.0151747 0.792739544 -0.0107929133 0 0 0
volume_proxy 1380 -0.0197837973 0.948859064 -0.00488831994 0 0 0
volume_proxy 1386 0.760580212 0.419688773 -0.000178502182 0 0 0
volume_proxy 1397 1.20366319 0.886756917 -0.0093435382 0 0 0
volume_proxy 1409 0.0906711246 0.806197204 -0.00966654957 0 0 0
volume_proxy 1413 0.733665745 0.743281019 0.00507005563 0 0 0
volume_proxy 1422 0.404651782 -0.770941128 -0.00441311865 0 0 0
volume_proxy 1433 1.15173364 0.921567214 -0.00178535128 0 0 0
volume_proxy 1434 -0.151829754 -0.961431782 -0.00938751755 0 0 0
volume_proxy 1437 -0.152007747 -0.0609054929 0.00716146128 0 0 0
volume_proxy 1439 -0.0821665812 0.61443751 -0.00979906976 0 0 0
volume_proxy 1447 0.7849983 -0.508282992 -0.00685767795 0 0 0
volume_proxy 1459 -0.810237815 0.346867866 0.00698530835 0 0 0
volume_proxy 1460 0.683320332 0.580437917 0.00742875998 0 0 0
volume_proxy 1461 -1.1541205 0.561725961 0.00946818574 0 0 0
volume_proxy 1466 -0.542437373 -0.0719008145 -0.00337159445 0 0 0
volume_proxy 1472 -1.22521622 0.594010826 0.00440753972 0 0 0
volume_proxy 1474 0.442513713 -0.728780986 0.00423488082 0 0 0
volume_proxy 1481 1.14481446 0.620400376 0.00446532547 0 0 0
volume_proxy 1482 1.10217524 0.0541673134 -0.00436519863 0 0 0
volume_proxy 1485 0.43307617 -0.599695797 -0.00656824852 0 0 0
volume_proxy 1489 -0.00568414752 -0.366317173 0.0043198792 0 0 0
volume_proxy 1490 1.2687363 0.927289226 0.00490129711 0 0 0
volume_proxy 1492 0.445086082 0.563235013 0.0030027343 0 0 0
volume_proxy 1493 0.631897176 0.426125815 0.00945545982 0 0 0
volume_proxy 1494 0.945633019 -0.0860676073 -0.00509521602 0 0 0
volume_proxy 1496 -1.21421654 0.811398585 0.0080648455 0 0 0
volume_proxy 1498 -0.454564079 0.581774255 -0.00187051083 0 0 0
volume_proxy 1501 -0.405030515 -0.71016378 -0.00946517357 0 0 0
volume_proxy 1503 0.0928027019 0.121704402 0.00212164531 0 0 0
volume_proxy 1506 0.376443535 0.977038823 0.00516013739 0 0 0
volume_proxy 1507 -1.1008333 -0.341939778 -0.00717361551 0 0 0
volume_proxy 1508 -0.751292299 -0.746256115 -0.00149571409 0 0 0
volume_proxy 1509 -1.15431612 0.724229582 0.00493557695 0 0 0
volume_proxy 1510 0.296684191 -0.507292399 0.00573711999 0 0 0
volume_proxy 1511 1.35510991 0.527225985 0.00628105587 0 0 0
volume_proxy 1513 -1.36223384 0.525046988 0.00442538433 0 0 0
volume_proxy 1515 0.60662477 -0.0938829949 -0.00342922872 0 0 0
volume_proxy 1516 -0.35331503 -0.987110092 0.010652919 0 0 0
volume_proxy 1517 -1.20211362 -0.486838304 -0.000836812923 0 0 0
volume_proxy 1519 0.179502357 -0.333216843 -0.00953961185 0 0 0
volume_proxy 1520 0.617972263 -0.454735723 0.00899246223 0 0 0
volume_proxy 1521 -0.755446591 -0.0770591792 0.00707878784 0 0 0
volume_proxy 1522 0.289561567 0.706132492 0.00245849459 0 0 0
volume_proxy 1523 1.43189907 -0.296444702 0.00325745042 0 0 0
volume_proxy 1525 -0.88037262 0.747705833 0.0046616397 0 0 0
volume_proxy 1526 1.201636 -0.0980465553 0.010587692 0 0 0
volume_proxy 1528 0.595406793 -0.621482397 -0.000178104824 0 0 0
volume_proxy 1529 -0.893351772 -0.171189719 -0.00107699928 0 0 0
volume_proxy 1530 -0.811517468 -0.284431805 -0.00225594663 0 0 0
