volume_proxy 0 0.518233262 0.520067839 0.00350735018 0 0 0
volume_proxy 5 1.18483021 -0.53532457 0.00528061996 0 0 0
volume_proxy 6 -0.423617749 0.300787752 0.00588311369 0 0 0
volume_proxy 11 1.31332268 0.687280849 -0.0025392503 0 0 0
volume_proxy 12 0.285130925 -0.673814527 -0.00145266903 0 0 0
volume_proxy 14 -0.977392491 0.664692879 0.00338995787 0 0 0
volume_proxy 23 1.49822248 -0.932543924 0.00930546067 0 0 0
volume_proxy 38 0.393391895 0.00955668361 0.00457396163 0 0 0
volume_proxy 40 0.00510675936 -0.722880021 0.00543155839 0 0 0
volume_proxy 50 -0.817379662 0.0992158847 -0.00499386047 0 0 0
volume_proxy 53 -0.519518061 0.605013324 -0.00714840075 0 0 0
volume_proxy 58 1.05814183 -0.955126479 0.00503255886 0 0 0
volume_proxy 60 0.780790542 0.819600974 0.00663447936 0 0 0
volume_proxy 85 -0.717507323 0.575114386 -0.000434838995 0 0 0
volume_proxy 97 1.15401908 0.407651404 0.00452850192 0 0 0
volume_proxy 107 0.819923519 -0.145200355 -0.000819018353 0 0 0
volume_proxy 127 -1.38524846 -0.220175818 -0.00648015494 0 0 0
volume_proxy 130 0.66853403 0.748424751 0.00153767887 0 0 0
volume_proxy 140 -0.579341936 0.951974295 -0.00662264506 0 0 0
volume_proxy 157 1.02897367 0.545398766 0.0073683261 0 0 0
volume_proxy 159 0.724980235 0.999596147 0.00962502684 0 0 0
volume_proxy 161 0.553591926 0.595615529 0.00726865126 0 0 0
volume_proxy 176 1.04084336 -0.448334879 -0.00172181554 0 0 0
volume_proxy 186 -1.2927381 -0.282451671 0.0105356787 0 0 0
volume_proxy 189 -0.74716263 0.747309944 0.00211833551 0 0 0
volume_proxy 195 -0.0609474992 0.161842981 -0.00373971133 0 0 0
volume_proxy 196 0.737169219 0.266741891 0.0105758998 0 0 0
volume_proxy 200 -0.261216567 -0.851822072 0.00800115186 0 0 0
volume_proxy 202 0.207979685 0.830768423 -0.0107022393 0 0 0
volume_proxy 209 -0.938515415 -0.100098188 -0.0102072818 0 0 0
volume_proxy 210 -0.0809083831 0.586926301 -0.007944022 0 0 0
volume_proxy 226 0.397419648 -0.297570409 -0.00331137519 0 0 0
volume_proxy 236 0.60503447 0.497600286 -0.00549264159 0 0 0
volume_proxy 247 1.14938125 0.938147639 -0.00478061695 0 0 0
volume_proxy 256 -1.49612008 0.745523673 0.00968717046 0 0 0
volume_proxy 259 0.261879671 0.468250088 -0.00678899264 0 0 0
volume_proxy 269 -0.962264821 -0.393991262 0.00315299176 0 0 0
volume_proxy 277 -1.37885438 -0.321921439 -0.00669330811 0 0 0
volume_proxy 296 -1.22576059 -0.312910179 -0.00950879119 0 0 0
volume_proxy 305 1.00573591 -0.343510179 -0.00479703491 0 0 0
volume_proxy 310 -0.417595989 -0.810920789 0.00479712026 0 0 0
volume_proxy 344 -1.38600249 0.307011959 -0.000173714652 0 0 0
volume_proxy 347 0.130907323 0.391962618 0.0102877673 0 0 0
volume_proxy 356 -0.418964877 0.985391508 0.00191726416 0 0 0
volume_proxy 375 0.845580476 -0.602872063 0.0105273545 0 0 0
volume_proxy 388 0.488924133 0.0720128537 0.00247633516 0 0 0
volume_proxy 802 1.2420142 -0.431992633 -0.00625813078 0 0 0
volume_proxy 1052 -0.959128158 -0.669840274 -0.0051978566 0 0 0
volume_proxy 1066 -0.322205461 -0.147512041 -0.00406740554 0 0 0
volume_proxy 1120 -0.20013701 -0.0514490294 0.00955680665 0 0 0
volume_proxy 1166 -0.413706195 0.120431344 0.00665640897 0 0 0
volume_proxy 1169 1.10413577 -0.904059099 -1.57206204e-05 0 0 0
volume_proxy 1193 -1.22619778 -0.324251384 -0.00450752721 0 0 0
volume_proxy 1225 -0.401208013 -0.0942008807 0.00449809763 0 0 0
volume_proxy 1245 -1.33561091 0.0515459896 -0.00565795343 0 0 0
volume_proxy 1280 -0.990036818 0.727254752 -0.0088017188 0 0 0
volume_proxy 1285 -1.07064132 -0.442860229 0.0045776064 0 0 0
volume_proxy 1295 -0.626771971 0.245140813 0.00920571506 0 0 0
volume_proxy 1296 0.357015181 -0.374350939 -0.0072928307 0 0 0
volume_proxy 1340 1.2063484 0.535665448 -0.00388311309 0 0 0
volume_proxy 1380 0.202793841 0.961314483 0.00378323329 0 0 0
volume_proxy 1386 0.403463573 0.15759297 0.00279474514 0 0 0
volume_proxy 1397 0.945723565 0.798260722 0.00919881309 0 0 0
volume_proxy 1409 -0.0362132718 0.993291662 -0.00907162451 0 0 0
volume_proxy 1413 0.86638063 0.740714923 -0.00224626997 0 0 0
volume_proxy 1422 0.524197396 -0.426500246 -0.00662970099 0 0 0
volume_proxy 1433 1.2578244 0.993301098 0.00299497361 0 0 0
volume_proxy 1434 0.054645231 -0.925013611 -0.00479134836 0 0 0
volume_proxy 1437 -0.111810119 -0.0127257131 0.00758073064 0 0 0
volume_proxy 1439 0.136745897 0.297703903 -0.00881217753 0 0 0
volume_proxy 1447 0.645083568 -0.867176009 -0.00399658434 0 0 0
volume_proxy 1459 -0.755896457 0.454201026 0.00358819525 0 0 0
volume_proxy 1460 0.958355557 0.458864298 0.00106744538 0 0 0
volume_proxy 1461 -1.2127188 0.614922516 0.00455789499 0 0 0
volume_proxy 1466 -0.603050472 -0.185633891 -0.00345098631 0 0 0
volume_proxy 1472 -1.14109866 0.596387028 0.0105138177 0 0 0
volume_proxy 1474 0.397636677 -0.808274142 0.0106870297 0 0 0
volume_proxy 1481 0.903188292 0.792292946 0.010432329 0 0 0
volume_proxy 1482 1.2936449 -0.128130048 -0.00382484526 0 0 0
volume_proxy 1485 0.590368262 -0.574627445 -0.00171417721 0 0 0
volume_proxy 1489 0.114892347 -0.280187633 0.00304535914 0 0 0
volume_proxy 1490 1.47662272 0.935241157 0.00885696242 0 0 0
volume_proxy 1492 0.719306576 0.485254477 -0.0078971896 0 0 0
volume_proxy 1493 0.338324348 0.332785201 0.0107562444 0 0 0
volume_proxy 1494 1.1311943 -0.0194271872 -0.00266613741 0 0 0
volume_proxy 1496 -1.01859725 0.929712333 -0.00982433486 0 0 0
volume_proxy 1498 -0.734290392 0.317824711 -0.00635909171 0 0 0
volume_proxy 1501 -0.279010991 -0.792959203 0.0016092898 0 0 0
volume_proxy 1503 -0.039602666 0.323412449 -0.00416156723 0 0 0
volume_proxy 1506 0.489060929 0.994489275 0.00393662387 0 0 0
volume_proxy 1507 -1.02736672 -0.37076684 0.00977898835 0 0 0
volume_proxy 1508 -0.649854208 -0.810636048 0.0085260713 0 0 0
volume_proxy 1509 -1.12822095 0.763834734 0.0107292154 0 0 0
volume_proxy 1510 0.199211773 -0.538568281 -0.00420492712 0 0 0
volume_proxy 1511 1.35184523 0.725472991 -0.0049385924 0 0 0
volume_proxy 1513 -1.2627204 0.858527128 -0.000837817544 0 0 0
volume_proxy 1515 0.366494929 -0.154360563 0.00404633157 0 0 0
volume_proxy 1516 -0.230132706 -0.918880747 0.00403158025 0 0 0
volume_proxy 1517 -0.783974589 -0.39367698 0.00386231413 0 0 0
volume_proxy 1519 0.240761209 -0.175917767 -0.00312268156 0 0 0
volume_proxy 1520 0.605462965 -0.509980949 0.00545874775 0 0 0
volume_proxy 1521 -0.59795054 0.000505177155 -0.00333957325 0 0 0
volume_proxy 1522 0.250757669 0.7686096 -0.0055698089 0 0 0
volume_proxy 1523 1.48769378 -0.209400284 0.0030929337 0 0 0
volume_proxy 1525 -0.803598364 0.698664703 -0.00312456634 0 0 0
volume_proxy 1526 1.11533029 -0.337893797 0.00778920665 0 0 0
volume_proxy 1528 0.449914044 -0.63443161 -0.0104449003 0 0 0
volume_proxy 1529 -1.00240871 -0.0090664798 -0.00836546657 0 0 0
volume_proxy 1530 -0.86705394 -0.00319932795 -0.000856767652 0 0 0
