volume_proxy 0 0.895667655 0.0248344355 -0.00279330688 0 0 0
volume_proxy 5 0.807412111 -0.562966113 -0.0043985907 0 0 0
volume_proxy 6 -0.0307184887 -0.245784848 0.0087579011 0 0 0
volume_proxy 11 0.68387076 0.325244224 0.00901067674 0 0 0
volume_proxy 12 0.234899811 -0.652180892 -0.0107927166 0 0 0
volume_proxy 14 -0.398869091 0.227160619 0.00702292814 0 0 0
volume_proxy 23 1.08218508 -0.76883587 0.00599163831 0 0 0
volume_proxy 38 0.306188932 0.938563221 0.010070887 0 0 0
volume_proxy 40 -0.0111184871 -0.370753773 -0.00664391612 0 0 0
volume_proxy 50 -0.453735082 -0.550929801 0.00587207155 0 0 0
volume_proxy 53 -0.508255362 0.6127356 0.00369855635 0 0 0
volume_proxy 58 1.29496377 -0.577706333 -0.000598321104 0 0 0
volume_proxy 60 0.848994944 0.134155297 -0.00149806074 0 0 0
volume_proxy 72 0.159041023 0.0803732219 -0.00502037875 0 0 0
volume_proxy 85 -1.21509437 0.313981192 -0.00183549154 0 0 0
volume_proxy 97 1.17147913 0.558572165 0.00290253961 0 0 0
volume_proxy 107 1.35136089 0.848873917 0.00904710222 0 0 0
volume_proxy 127 -0.988169639 0.462201789 -0.00613546517 0 0 0
volume_proxy 130 1.38752292 0.191460268 -0.00200660357 0 0 0
volume_proxy 140 -0.47652692 0.898302907 -0.00699584455 0 0 0
volume_proxy 157 1.42327231 -0.0918096745 0.00241859255 0 0 0
volume_proxy 159 0.0589298583 0.941368807 -0.0101976009 0 0 0
volume_proxy 161 0.669098063 0.0303345034 0.00544193915 0 0 0
volume_proxy 176 0.0464467968 -0.0594736114 -0.00152663362 0 0 0
volume_proxy 186 -0.70104013 0.807172164 3.01033611e-05 0 0 0
volume_proxy 189 -1.25363837 0.428851635 0.00391597069 0 0 0
volume_proxy 195 -0.303841997 -0.267749046 0.00318749934 0 0 0
volume_proxy 196 0.225371512 -0.255220583 0.00662047582 0 0 0
volume_proxy 200 -0.354947292 -0.956929238 -0.00127965134 0 0 0
volume_proxy 202 -1.00637817 0.662779433 0.00360730924 0 0 0
volume_proxy 209 -1.15695718 -0.0452470136 -0.00512994686 0 0 0
volume_proxy 210 -0.678442647 0.678399961 -0.00630832001 0 0 0
volume_proxy 226 0.464520703 -0.820521328 -0.00617132193 0 0 0
volume_proxy 236 1.12866689 0.547548813 0.00158803622 0 0 0
volume_proxy 247 0.953752525 0.739165336 0.00198114289 0 0 0
volume_proxy 256 -0.11736025 0.708970134 0.000907969975 0 0 0
volume_proxy 259 0.52601625 0.191535427 0.00162889545 0 0 0
volume_proxy 269 0.262180303 -0.660394271 -0.00965352047 0 0 0
volume_proxy 277 -1.32122205 -0.0266459618 0.00863708822 0 0 0
volume_proxy 296 0.426546026 -0.349613225 0.002003036 0 0 0
volume_proxy 305 0.232546874 -0.0673954745 -0.006177262 0 0 0
volume_proxy 310 1.29254818 -0.559353046 -0.00239046551 0 0 0
volume_proxy 329 -1.24994147 -0.08934659 -0.000378941484 0 0 0
volume_proxy 337 -0.596764472 0.655938091 -0.00134899781 0 0 0
volume_proxy 344 -1.30742684 0.878411417 -0.00551632762 0 0 0
volume_proxy 347 -0.536721014 0.244167443 0.0067600429 0 0 0
volume_proxy 349 -0.867271939 -0.313463699 0.000965100778 0 0 0
volume_proxy 356 0.0206443967 0.600878547 -0.00118117829 0 0 0
volume_proxy 375 0.154121058 -0.991569631 -0.00121733243 0 0 0
volume_proxy 388 -0.391344482 0.313242067 -0.00670687043 0 0 0
volume_proxy 431 -1.49979193 0.211268125 0.004178445 0 0 0
volume_proxy 802 1.22469187 0.731852788 -0.00368582677 0 0 0
volume_proxy 876 0.277904312 -0.590101303 -0.00565606781 0 0 0
volume_proxy 1052 0.101938357 -0.420621951 0.00146815807 0 0 0
volume_proxy 1066 0.290393683 0.791598855 -0.00631730935 0 0 0
volume_proxy 1120 -0.481647003 0.453171994 0.00157642797 0 0 0
volume_proxy 1166 -0.460429977 0.956915496 0.0091126655 0 0 0
volume_proxy 1169 1.46078647 -0.723666205 -0.00435250373 0 0 0
volume_proxy 1172 -0.0588796476 0.214538905 -0.00317408503 0 0 0
volume_proxy 1186 -0.857880209 -0.32956812 -0.000269614489 0 0 0
volume_proxy 1193 -0.870471684 0.158839523 0.00497492494 0 0 0
volume_proxy 1219 -1.14799765 0.579019777 0.00955645837 0 0 0
volume_proxy 1225 0.227904318 -0.281248809 -0.00534622563 0 0 0
volume_proxy 1245 -1.40296618 0.715342368 0.00490357718 0 0 0
volume_proxy 1280 -1.26698391 0.786491799 0.00746014169 0 0 0
volume_proxy 1285 -1.02051891 0.992348551 0.0102378634 0 0 0
volume_proxy 1295 -0.711627473 0.853917687 -0.00881624094 0 0 0
volume_proxy 1296 0.293439353 0.0329236556 -0.00954176628 0 0 0
volume_proxy 1335 0.182264567 -0.732753926 0.00744033204 0 0 0
volume_proxy 1340 1.0390695 0.214219079 0.00487127687 0 0 0
volume_proxy 1380 -0.235538786 -0.040994876 -0.00430878185 0 0 0
volume_proxy 1386 0.0763840332 0.819405982 -0.00260803983 0 0 0
volume_proxy 1397 1.12795833 0.858868002 0.00117549073 0 0 0
volume_proxy 1403 0.278583012 0.419985779 -0.00805703892 0 0 0
volume_proxy 1409 0.755117167 0.939254469 0.00214834151 0 0 0
volume_proxy 1413 0.779937685 0.766533806 0.000753927738 0 0 0
volume_proxy 1418 -1.00953488 0.433293376 0.00371811766 0 0 0
volume_proxy 1420 -1.35832735 -0.00571736146 0.00533050323 0 0 0
volume_proxy 1421 -1.25500145 -0.310681131 -0.00923317198 0 0 0
volume_proxy 1422 0.952891726 -0.878211072 0.00167396532 0 0 0
volume_proxy 1423 -0.569533904 0.714374 0.0014404083 0 0 0
volume_proxy 1426 0.909033551 -0.402888961 0.00560451344 0 0 0
volume_proxy 1429 1.25606084 -0.168518901 0.00404110698 0 0 0
volume_proxy 1433 1.1895478 0.299379212 -0.000324347984 0 0 0
volume_proxy 1434 0.0140954942 -0.427327943 0.00112931144 0 0 0
volume_proxy 1437 0.0227894804 -0.191315596 -0.00401610237 0 0 0
volume_proxy 1439 -0.612704679 0.743235355 0.00423021651 0 0 0
volume_proxy 1440 0.337433958 -0.356711701 -0.00430419365 0 0 0
volume_proxy 1444 -0.971821639 -0.94155555 -0.00524628882 0 0 0
volume_proxy 1445 -0.0237823068 -0.611836033 0.00252429056 0 0 0
volume_proxy 1447 1.38913905 -0.175363141 -0.0105623971 0 0 0
volume_proxy 1459 -0.696923091 0.696495918 -0.00393261853 0 0 0
volume_proxy 1460 0.939352382 0.267575308 0.00161025085 0 0 0
volume_proxy 1461 -1.1181223 0.613532131 0.0105990654 0 0 0
volume_proxy 1462 -0.942741069 -0.205613969 0.00203423214 0 0 0
volume_proxy 1466 -0.488500115 -0.966098122 0.00244263858 0 0 0
volume_proxy 1470 -1.19618782 -0.751504524 0.00601488713 0 0 0
volume_proxy 1471 0.0836724915 0.729738421 0.00615924881 0 0 0
volume_proxy 1472 -0.990819104 0.595685212 0.00175155396 0 0 0
volume_proxy 1474 0.966950088 -0.583513541 -0.0102792471 0 0 0
volume_proxy 1481 1.15519276 0.614368244 -0.00670095223 0 0 0
volume_proxy 1482 0.306321665 -0.939946464 -0.00586972286 0 0 0
volume_proxy 1485 0.14011325 -0.549461053 0.00919382616 0 0 0
volume_proxy 1486 1.20478022 -0.429430344 0.00978023335 0 0 0
volume_proxy 1489 -0.372339606 0.573809956 0.00337811469 0 0 0
volume_proxy 1490 1.18416945 0.782789774 -0.00366087795 0 0 0
volume_proxy 1492 0.12346276 0.733183447 0.00692136879 0 0 0
volume_proxy 1493 0.399367319 0.16735653 -0.00560149127 0 0 0
volume_proxy 1494 0.956571284 0.691045406 0.00784475877 0 0 0
volume_proxy 1496 -0.960227142 0.471262106 0.00239630012 0 0 0
volume_proxy 1497 0.15664933 0.278497413 0.00585288422 0 0 0
volume_proxy 1498 -1.18541091 0.552999992 -0.00161521395 0 0 0
volume_proxy 1501 -0.907452216 -0.822554974 0.00147989265 0 0 0
volume_proxy 1502 -0.909578791 -0.628382683 0.00760800224 0 0 0
volume_proxy 1503 -0.563480684 0.116168671 -0.00544218195 0 0 0
volume_proxy 1505 -0.0961286578 0.843305355 0.00402310584 0 0 0
volume_proxy 1506 0.229129695 0.407972532 0.000661695171 0 0 0
volume_proxy 1507 -1.06479807 -0.545647854 0.00576644842 0 0 0
volume_proxy 1508 -0.265958488 -0.933916981 -0.00873202671 0 0 0
volume_proxy 1509 -1.46850991 0.972305597 0.00582661074 0 0 0
volume_proxy 1510 0.769437861 -0.681617531 0.00374477617 0 0 0
volume_proxy 1511 1.12203681 0.0339543195 -0.00532954239 0 0 0
