volume_proxy 0 0.214386977 0.395608046 8.49408775e-05 0 0 0
volume_proxy 5 0.61288697 -0.706575438 0.00604810628 0 0 0
volume_proxy 6 -0.332562933 -0.132722661 0.00839739839 0 0 0
volume_proxy 11 1.28975457 0.517942802 -0.0079832174 0 0 0
volume_proxy 12 0.321032041 -0.552776854 0.000992181047 0 0 0
volume_proxy 14 -0.660845833 0.773241419 0.00656263215 0 0 0
volume_proxy 23 1.4657006 -0.708046634 -0.00986078562 0 0 0
volume_proxy 38 -0.223130706 -0.595456859 0.00126520643 0 0 0
volume_proxy 40 -0.934579242 -0.378940372 0.0081117836 0 0 0
volume_proxy 50 -0.904771546 -0.348612296 -0.00156339157 0 0 0
volume_proxy 53 -1.20804558 0.606616827 -0.0071723237 0 0 0
volume_proxy 58 0.861585861 -0.85041901 0.00275726995 0 0 0
volume_proxy 60 0.0878664829 0.316321522 0.0107828735 0 0 0
volume_proxy 85 -1.05884971 0.713693596 0.0016978208 0 0 0
volume_proxy 97 0.816181213 0.708212062 -0.00710720925 0 0 0
volume_proxy 107 1.44794606 -0.253790044 0.00977048311 0 0 0
volume_proxy 127 -1.3412658 -0.488168189 -0.00065648941 0 0 0
volume_proxy 130 0.716385194 0.927728119 0.00561819058 0 0 0
volume_proxy 140 -1.20504119 0.953990951 0.00287565473 0 0 0
volume_proxy 157 1.0676147 0.548360959 -0.00680300492 0 0 0
volume_proxy 159 1.06061589 0.50092104 0.00602724325 0 0 0
volume_proxy 161 0.636816203 0.837345188 -0.00681400462 0 0 0
volume_proxy 176 0.755854418 -0.338447167 -0.00643424869 0 0 0
volume_proxy 186 -1.45738103 -0.545971154 0.0102159108 0 0 0
volume_proxy 189 -1.35649836 0.984319666 0.00561121267 0 0 0
volume_proxy 195 -0.870085478 0.00396554318 0.00754534621 0 0 0
volume_proxy 196 1.00682319 0.172772908 -0.00546133858 0 0 0
volume_proxy 200 -0.65160901 -0.769351171 0.0068190537 0 0 0
volume_proxy 202 0.0375918842 0.737772959 0.00898300606 0 0 0
volume_proxy 209 -1.3015122 -0.455216898 0.00502834636 0 0 0
volume_proxy 210 -0.641819426 0.757606359 -0.00489380022 0 0 0
volume_proxy 226 0.259285416 0.0178348943 0.0087695217 0 0 0
volume_proxy 236 1.24052536 0.186142444 0.00674942339 0 0 0
volume_proxy 247 0.342463218 0.897569392 0.00903731356 0 0 0
volume_proxy 256 -1.16584157 0.881890853 -0.00805456683 0 0 0
volume_proxy 259 0.962129693 0.495483798 -0.00182896681 0 0 0
volume_proxy 269 -1.11724005 0.0946646632 -0.00941253262 0 0 0
volume_proxy 277 -1.09690246 -0.00949325289 0.00466950092 0 0 0
volume_proxy 296 -1.35684678 0.481837602 -0.0101504598 0 0 0
volume_proxy 305 1.16431986 -0.503640389 0.00927431339 0 0 0
volume_proxy 310 -0.362740688 -0.784443827 0.00201244988 0 0 0
volume_proxy 344 -1.0338984 0.629809571 0.0096139728 0 0 0
volume_proxy 347 -0.138761626 0.900443982 -0.00812817647 0 0 0
volume_proxy 356 -0.734436562 0.399054314 0.00118435213 0 0 0
volume_proxy 375 1.00349687 -0.794075829 0.0102485119 0 0 0
volume_proxy 388 0.882427877 -0.409358464 -0.00735379756 0 0 0
volume_proxy 802 1.48488997 -0.211562939 -0.00917604165 0 0 0
volume_proxy 1052 -1.15201334 -0.640041255 -0.00795800605 0 0 0
volume_proxy 1066 -0.794966498 0.161065458 0.00443355477 0 0 0
volume_proxy 1120 -0.413308386 0.380558745 0.00174570171 0 0 0
volume_proxy 1166 -0.764298061 0.436434125 -0.00120060849 0 0 0
volume_proxy 1169 0.998209699 -0.76326631 0.000997612065 0 0 0
volume_proxy 1193 -1.36511717 -0.465576105 0.00240994555 0 0 0
volume_proxy 1225 -0.446496227 -0.42081847 -0.00843744771 0 0 0
volume_proxy 1245 -1.3927839 -0.354240691 -0.000443286519 0 0 0
volume_proxy 1280 -0.804670813 0.789528003 -0.00545215656 0 0 0
volume_proxy 1285 -1.15875009 0.242304314 0.00416872136 0 0 0
volume_proxy 1295 -0.269943769 -0.348307004 -0.00451400195 0 0 0
volume_proxy 1296 0.407291794 -0.519871844 -0.00541660289 0 0 0
volume_proxy 1340 0.85017685 0.800500929 -0.00829121996 0 0 0
volume_proxy 1380 -0.19506844 0.870742013 -0.00538005202 0 0 0
volume_proxy 1386 0.968871514 0.371340497 -0.00408030918 0 0 0
volume_proxy 1397 1.33519056 0.984797652 -0.00407881487 0 0 0
volume_proxy 1409 0.125245773 0.84327314 0.010028238 0 0 0
volume_proxy 1413 0.882495308 0.786078194 0.00293847452 0 0 0
volume_proxy 1422 0.578998008 -0.316196891 -0.00806549802 0 0 0
volume_proxy 1433 1.23744188 0.753301557 -0.00200871773 0 0 0
volume_proxy 1434 -0.00232017153 -0.914730258 -0.00404780123 0 0 0
volume_proxy 1437 -0.190078106 -0.0382370261 -0.00244183704 0 0 0
volume_proxy 1439 0.0760134452 0.860219607 -0.00982067096 0 0 0
volume_proxy 1447 0.856148869 -0.157248233 -0.00918797578 0 0 0
volume_proxy 1459 -0.982575409 0.623232767 0.00342115591 0 0 0
volume_proxy 1460 0.207340851 0.388896937 0.00639883155 0 0 0
volume_proxy 1461 -0.695167534 0.587497974 0.00832850854 0 0 0
volume_proxy 1466 -0.606512911 0.224187038 0.00108380167 0 0 0
volume_proxy 1472 -0.627370056 0.482682555 -0.0102370102 0 0 0
volume_proxy 1474 0.850639054 -0.591948398 0.00239817111 0 0 0
volume_proxy 1481 0.77823351 0.483516554 -0.00285351348 0 0 0
volume_proxy 1482 1.0619416 0.146079065 0.00482011711 0 0 0
volume_proxy 1485 0.401099081 -0.593778026 0.0106207126 0 0 0
volume_proxy 1489 0.0368286884 -0.601939322 -0.000551534421 0 0 0
volume_proxy 1490 1.338078 0.956141819 -0.000355013317 0 0 0
volume_proxy 1494 1.13222059 -0.264704467 -0.000642827035 0 0 0
volume_proxy 1496 -1.01149582 0.4309787 -0.01007813 0 0 0
volume_proxy 1498 -0.199556523 0.303530349 0.00261085537 0 0 0
volume_proxy 1501 -0.42674859 -0.568498362 -0.00940817869 0 0 0
volume_proxy 1503 0.298474389 0.108102805 -0.0104466076 0 0 0
volume_proxy 1506 0.337671617 0.945098616 0.00887266275 0 0 0
volume_proxy 1507 -1.29927317 -0.605156336 -0.0050622552 0 0 0
volume_proxy 1508 -0.817676757 -0.847351017 0.00563462088 0 0 0
volume_proxy 1509 -1.38717099 0.535363496 -0.00103210194 0 0 0
volume_proxy 1510 0.177302749 -0.773188151 -0.00194140213 0 0 0
volume_proxy 1511 1.43874686 0.587257165 0.00328595165 0 0 0
volume_proxy 1513 -1.44016555 0.695122945 0.00785217893 0 0 0
volume_proxy 1515 0.803774257 0.234504505 0.00600384014 0 0 0
volume_proxy 1516 -0.175703148 -0.986953617 0.00505955029 0 0 0
volume_proxy 1517 -0.916387517 -0.491843058 0.00777208674 0 0 0
volume_proxy 1519 0.25857525 -0.366541408 0.00168747454 0 0 0
volume_proxy 1520 0.286804507 -0.186578861 0.0107421473 0 0 0
volume_proxy 1521 -0.588304298 -0.0876835408 0.00660249082 0 0 0
volume_proxy 1522 0.59455918 0.498849831 -1.14018524e-05 0 0 0
volume_proxy 1523 1.45010115 -0.122892998 0.00595326139 0 0 0
volume_proxy 1525 -1.03798605 0.895172252 -0.00544982433 0 0 0
volume_proxy 1526 1.16779295 -0.364864925 -0.00140005692 0 0 0
volume_proxy 1528 0.719694884 -0.582619752 -0.00256755231 0 0 0
volume_proxy 1529 -0.875817491 0.0346778031 -0.00438537817 0 0 0
volume_proxy 1530 -0.780000493 -0.357564489 0.00465854727 0 0 0
volume_proxy 1531 0.39269034 0.459154495 0.00926555519 0 0 0
