volume_proxy 0 1.10225748 -0.293161616 -0.00185659197 0 0 0
volume_proxy 4 1.40771357 0.882275242 -0.00740903056 0 0 0
volume_proxy 5 0.247848232 0.858255858 -0.00634678589 0 0 0
volume_proxy 6 1.31431853 -0.0296881531 0.00231872833 0 0 0
volume_proxy 11 0.565685516 0.89853162 0.0095407782 0 0 0
volume_proxy 12 0.861283186 -0.169926953 0.010449862 0 0 0
volume_proxy 14 0.680016955 0.622622669 -0.00982613344 0 0 0
volume_proxy 23 -0.85072919 0.0114289218 0.000115052817 0 0 0
volume_proxy 38 0.210610865 -0.62377122 -0.00275086716 0 0 0
volume_proxy 40 0.072236101 -0.204029884 0.0106825416 0 0 0
volume_proxy 50 -0.0966665531 -0.784088529 0.0107528162 0 0 0
volume_proxy 53 -0.164985679 -0.791101551 -0.00218343202 0 0 0
volume_proxy 58 1.19726134 -0.284802276 0.0082841902 0 0 0
volume_proxy 60 -0.281617016 0.282749811 0.00236909267 0 0 0
volume_proxy 61 -0.314407281 -0.814212619 -0.00749668216 0 0 0
volume_proxy 72 0.701713432 -0.168239004 -0.0104827163 0 0 0
volume_proxy 81 -1.26338179 0.0491167099 0.00809198691 0 0 0
volume_proxy 85 -0.635169183 0.238407343 0.00590152898 0 0 0
volume_proxy 88 -0.460400035 0.0466495959 0.00914737396 0 0 0
volume_proxy 97 1.0787404 -0.326783272 -0.00171839279 0 0 0
volume_proxy 101 -1.3506429 0.659714687 0.000739283276 0 0 0
volume_proxy 105 -0.0047276974 -0.769276651 -0.00260048912 0 0 0
volume_proxy 106 -0.746711811 -0.852326876 -0.00644172064 0 0 0
volume_proxy 107 0.529495764 0.444363333 -0.000988663225 0 0 0
volume_proxy 108 1.46017236 0.172875793 -0.00299980013 0 0 0
volume_proxy 126 -0.382326184 -0.950818035 0.0095486959 0 0 0
volume_proxy 127 -0.540914103 0.00590969376 0.000719192671 0 0 0
volume_proxy 130 1.1832144 0.591983225 -0.00157139966 0 0 0
volume_proxy 132 0.970645816 0.724238756 0.0093933676 0 0 0
volume_proxy 135 -0.30393845 -0.915711178 0.00100028421 0 0 0
volume_proxy 140 -0.958807791 0.79386738 0.00594965035 0 0 0
volume_proxy 145 -0.924245668 -0.540403125 0.00317475691 0 0 0
volume_proxy 157 0.446516062 0.123984111 0.00511024704 0 0 0
volume_proxy 159 -0.792917671 -0.67854615 0.0106286817 0 0 0
volume_proxy 161 -0.619649416 0.575140821 0.00330507358 0 0 0
volume_proxy 169 0.919481742 0.825822002 -0.00671456849 0 0 0
volume_proxy 176 0.301380816 -0.424461802 0.00442262076 0 0 0
volume_proxy 178 -1.49554863 0.500101321 -0.00632744946 0 0 0
volume_proxy 186 -0.174366124 0.582901392 -0.0031061669 0 0 0
volume_proxy 189 -1.47049445 0.511570087 -0.000758004237 0 0 0
volume_proxy 195 -0.478347932 0.39650713 -0.00688048671 0 0 0
volume_proxy 196 0.933477755 0.569258029 -0.010137868 0 0 0
volume_proxy 198 1.12396404 -0.907996981 -0.00672512095 0 0 0
volume_proxy 200 -0.621134854 -0.507385588 0.00269671147 0 0 0
volume_proxy 202 -0.889248086 0.835150947 0.00674405059 0 0 0
volume_proxy 209 -1.15564872 -0.50798613 -0.00789263738 0 0 0
volume_proxy 210 0.0937847681 0.663136876 -0.00309517393 0 0 0
volume_proxy 224 0.51676189 -0.826500475 0.00921229334 0 0 0
volume_proxy 226 -0.754609295 -0.959760931 0.00946490289 0 0 0
volume_proxy 236 0.408242602 0.226916597 -0.00568372752 0 0 0
volume_proxy 237 0.290639874 0.42430548 0.0056595345 0 0 0
volume_proxy 244 1.0685698 0.551879899 -0.000995713944 0 0 0
volume_proxy 247 1.31738892 -0.288829685 -0.000546820733 0 0 0
volume_proxy 256 0.11343873 -0.641543904 0.00164029217 0 0 0
volume_proxy 258 0.78154871 0.0954616452 0.00911035415 0 0 0
volume_proxy 259 0.597798568 0.505107439 -0.00337367424 0 0 0
volume_proxy 269 0.308418263 -0.311991202 0.010071072 0 0 0
volume_proxy 276 0.72522124 -0.594426822 0.00167514739 0 0 0
volume_proxy 277 -0.51175388 -0.728579935 -0.00523878633 0 0 0
volume_proxy 279 0.490043424 0.323604085 0.00141447891 0 0 0
volume_proxy 294 0.457525852 0.662916103 0.00131574417 0 0 0
volume_proxy 296 0.356934332 -0.348497742 -0.000646953852 0 0 0
volume_proxy 298 0.472413455 -0.591745984 -0.00972371312 0 0 0
volume_proxy 305 0.194402342 -0.0294209359 0.0049542804 0 0 0
volume_proxy 310 0.903520857 0.565054478 -0.00740367777 0 0 0
volume_proxy 311 1.07643025 -0.170748741 0.00105935551 0 0 0
volume_proxy 314 -0.165611617 0.414236033 0.00384709038 0 0 0
volume_proxy 329 -0.622264338 0.759308513 0.00918552777 0 0 0
volume_proxy 337 -1.18041988 0.420456163 -0.0106361663 0 0 0
volume_proxy 344 0.680084742 0.545834988 -0.00702058549 0 0 0
volume_proxy 345 -1.06574929 0.618220034 -0.00695179379 0 0 0
volume_proxy 347 -0.429638946 -0.599946993 -0.00227557158 0 0 0
volume_proxy 349 0.357200665 -0.00192085541 0.0090756628 0 0 0
volume_proxy 356 0.232553921 0.829637123 -0.00904168244 0 0 0
volume_proxy 358 1.31007069 0.739253072 0.00734759505 0 0 0
volume_proxy 370 0.768843303 0.833779227 -0.00594752504 0 0 0
volume_proxy 375 0.975216489 -0.368449193 0.0067641853 0 0 0
volume_proxy 388 -1.2918099 0.13886073 -0.00596208597 0 0 0
volume_proxy 399 0.521359903 -0.590860617 0.00671994372 0 0 0
volume_proxy 409 -0.0567888592 -0.867514611 -0.00370990412 0 0 0
volume_proxy 412 0.820291256 -0.741396775 0.009972711 0 0 0
volume_proxy 431 -1.16818122 -0.869400457 -0.0065913979 0 0 0
volume_proxy 497 -1.47806298 -0.67654015 -0.00780433269 0 0 0
volume_proxy 512 0.133761656 -0.839781418 0.00861907544 0 0 0
volume_proxy 518 1.39762609 -0.119633437 0.00897767187 0 0 0
volume_proxy 591 0.065768462 0.414718728 0.00878586766 0 0 0
volume_proxy 616 0.915130909 0.940315544 0.0038654566 0 0 0
volume_proxy 637 -0.95766951 -0.613461633 0.0057026738 0 0 0
volume_proxy 669 1.26096757 -0.905513625 -0.00802060851 0 0 0
volume_proxy 682 0.0494029358 -0.0842917673 0.00522338085 0 0 0
volume_proxy 725 -1.34928843 -0.476959698 0.00581185062 0 0 0
volume_proxy 751 -0.290988856 -0.900895333 -0.0103994635 0 0 0
volume_proxy 802 1.1877053 -0.127781938 0.00326852251 0 0 0
volume_proxy 814 0.846940144 -0.331737194 0.00145951659 0 0 0
volume_proxy 876 -0.420672857 -0.630854269 -0.00430470309 0 0 0
volume_proxy 883 0.420028038 0.365589098 -0.0058455685 0 0 0
volume_proxy 902 -0.122512548 0.217633669 -0.00992256463 0 0 0
volume_proxy 904 -0.960547273 0.647106993 0.00924449872 0 0 0
volume_proxy 914 0.593409707 -0.67441715 -0.00401029148 0 0 0
volume_proxy 915 -0.510201101 -0.10577355 -0.000488835221 0 0 0
volume_proxy 929 -0.859711319 -0.503308724 -0.00598157088 0 0 0
volume_proxy 944 0.317847861 -0.283395461 -0.00195303655 0 0 0
volume_proxy 991 -0.999805837 -0.777723812 -0.00984547723 0 0 0
volume_proxy 1001 -0.262297163 0.914356084 -0.00844999452 0 0 0
volume_proxy 1020 -1.08980587 0.289666155 0.00432242772 0 0 0
volume_proxy 1021 -0.914841415 -0.835082659 0.00131390173 0 0 0
volume_proxy 1042 0.945332035 0.713301885 -0.00333232647 0 0 0
volume_proxy 1050 -0.963323755 -0.43110887 0.00470543509 0 0 0
volume_proxy 1052 -0.552591567 0.0688541486 0.000743223691 0 0 0
volume_proxy 1062 0.425717655 0.409381934 0.00100339032 0 0 0
volume_proxy 1066 0.691002028 0.58684887 -0.00601933594 0 0 0
volume_proxy 1093 -0.225826677 -0.757504893 -0.00126492544 0 0 0
volume_proxy 1098 0.22530601 0.882679778 0.00491942907 0 0 0
volume_proxy 1102 1.20073953 0.944302382 0.000195684906 0 0 0
volume_proxy 1113 0.96635885 0.794029077 0.000648740665 0 0 0
volume_proxy 1117 0.903443218 0.182851135 0.00865037667 0 0 0
volume_proxy 1118 -0.347875427 -0.406441731 -0.00411254762 0 0 0
volume_proxy 1120 -0.201655323 0.476312711 0.00640866811 0 0 0
volume_proxy 1133 0.768036993 -0.952336027 -0.00108309678 0 0 0
volume_proxy 1137 -0.643033605 0.357700596 0.00257563318 0 0 0
volume_proxy 1138 1.25268503 -0.742392909 -0.00123594994 0 0 0
volume_proxy 1147 0.787480277 0.35909499 0.00683336082 0 0 0
volume_proxy 1151 0.539352045 -0.97639315 -0.00922888681 0 0 0
volume_proxy 1166 -1.12549619 0.630792423 -0.00460579565 0 0 0
volume_proxy 1168 -0.458799316 -0.932772992 -0.000861985123 0 0 0
volume_proxy 1169 1.45286928 -0.993714239 -0.00335461515 0 0 0
volume_proxy 1172 -0.224389538 0.241350817 0.0071278621 0 0 0
volume_proxy 1179 0.621477021 0.277412836 -0.0102331991 0 0 0
volume_proxy 1180 -0.707549904 0.403631362 -0.00279217938 0 0 0
volume_proxy 1182 0.0482743885 0.900103095 0.00014293401 0 0 0
volume_proxy 1186 -0.570731517 -0.181377549 0.00667915474 0 0 0
volume_proxy 1191 1.04488774 0.839716086 -0.0107555327 0 0 0
volume_proxy 1193 -1.02542184 0.126442131 0.00651337354 0 0 0
volume_proxy 1195 -1.47921144 -0.388503576 0.00561428308 0 0 0
volume_proxy 1197 -0.820062516 -0.607916574 -0.00796285465 0 0 0
volume_proxy 1198 -0.0329453985 0.55107411 0.0105868137 0 0 0
volume_proxy 1206 0.739607287 0.40854622 0.0047986497 0 0 0
volume_proxy 1208 -0.392216093 0.0475686964 0.00144533007 0 0 0
volume_proxy 1209 -1.47154342 0.253622739 -0.007030893 0 0 0
volume_proxy 1210 -1.43484741 0.963790361 0.00324176386 0 0 0
volume_proxy 1214 -0.541365797 0.468462859 0.00799618409 0 0 0
volume_proxy 1217 -0.596786734 0.347620504 -0.00650780867 0 0 0
volume_proxy 1219 -0.860064247 0.443290311 -0.0105884025 0 0 0
volume_proxy 1220 0.622824751 0.414918844 0.0102779423 0 0 0
volume_proxy 1223 1.47526647 0.474557455 0.00560513944 0 0 0
volume_proxy 1225 -0.21279452 -0.100847274 0.000747386252 0 0 0
volume_proxy 1229 1.38211493 0.895149385 -0.00914601915 0 0 0
volume_proxy 1230 1.22565441 -0.808278415 0.00139622866 0 0 0
volume_proxy 1231 -0.778513613 0.189867159 0.00550219456 0 0 0
volume_proxy 1237 0.609521734 0.662874559 0.00134168522 0 0 0
volume_proxy 1238 0.762965518 0.884996092 -6.2549517e-05 0 0 0
volume_proxy 1245 -1.49948761 0.951067607 0.00628054647 0 0 0
volume_proxy 1252 0.532878032 -0.536249799 0.00986469075 0 0 0
volume_proxy 1255 1.24312991 -0.325337375 -0.005164774 0 0 0
volume_proxy 1259 -1.17326534 0.89099182 0.00411086993 0 0 0
volume_proxy 1260 0.415858214 0.528061692 -0.00278335749 0 0 0
volume_proxy 1261 -0.355617398 0.917032434 -0.00307620763 0 0 0
volume_proxy 1262 1.21761899 0.390793721 -0.0098966984 0 0 0
volume_proxy 1263 0.576673101 -0.414060113 0.00303775244 0 0 0
volume_proxy 1264 0.422860165 -0.370059911 0.00838231622 0 0 0
volume_proxy 1270 0.409487683 -0.152092898 -0.000170672235 0 0 0
volume_proxy 1273 -0.761658686 0.807798938 0.00870408607 0 0 0
volume_proxy 1276 1.13968652 0.547067107 -0.00800777216 0 0 0
volume_proxy 1277 1.49311555 0.22220583 0.00790599804 0 0 0
volume_proxy 1280 -1.29524655 0.216084356 -0.0102126525 0 0 0
volume_proxy 1281 -0.547919345 -0.790584281 0.000681037971 0 0 0
volume_proxy 1285 -1.12080036 0.937019224 0.0042605216 0 0 0
volume_proxy 1289 0.536837205 -0.403138636 -0.00107156621 0 0 0
volume_proxy 1290 -1.43294722 -0.71568121 0.0069175074 0 0 0
volume_proxy 1291 -0.109509294 0.864875685 0.00974941894 0 0 0
volume_proxy 1292 -0.0839251003 0.22567447 -0.000205697372 0 0 0
volume_proxy 1293 -0.356061658 -0.691137101 0.00104290421 0 0 0
volume_proxy 1294 1.3425149 0.669942365 -0.00451467652 0 0 0
volume_proxy 1295 -1.12995319 0.387477966 -0.000736729961 0 0 0
volume_proxy 1296 -0.156669345 -0.240788367 -0.0106436985 0 0 0
volume_proxy 1297 -0.276063813 -0.495582619 -0.00932008182 0 0 0
volume_proxy 1298 -0.817551772 -0.84540284 -0.00161197024 0 0 0
volume_proxy 1300 -1.35936576 0.759324337 -0.00330878657 0 0 0
volume_proxy 1301 -1.09057236 0.832829334 -0.00546295307 0 0 0
volume_proxy 1303 -0.934636345 0.466516542 -0.00113617977 0 0 0
volume_proxy 1308 -0.57211789 -0.00875404297 -0.00970438919 0 0 0
volume_proxy 1309 0.0649631953 -0.493604761 -0.0103791121 0 0 0
volume_proxy 1312 0.877635654 -0.647515833 0.0107746879 0 0 0
volume_proxy 1314 0.190558427 0.313123328 -0.00819982532 0 0 0
volume_proxy 1315 -0.710888232 -0.7913243 -0.00654731604 0 0 0
volume_proxy 1317 1.49466922 0.411122625 0.00256168374 0 0 0
volume_proxy 1318 0.980059746 -0.662965723 -0.00398796 0 0 0
volume_proxy 1320 -0.40266863 -0.962919122 0.00520783098 0 0 0
volume_proxy 1321 -1.26781979 0.00518859689 -0.00513503001 0 0 0
volume_proxy 1322 0.821184015 -0.63023154 -0.000405746606 0 0 0
volume_proxy 1324 0.792223529 0.944379105 0.00660963899 0 0 0
volume_proxy 1325 -0.117853619 -0.167630099 -0.00595444841 0 0 0
volume_proxy 1326 -0.0215384934 -0.0194004668 -0.00599358377 0 0 0
volume_proxy 1328 -0.937296193 0.500433187 -0.00536048179 0 0 0
volume_proxy 1329 0.953914788 0.679970853 -0.00608545249 0 0 0
volume_proxy 1330 -0.108973983 0.261352368 0.0107668944 0 0 0
volume_proxy 1331 0.361017178 0.547222858 -0.00544136534 0 0 0
volume_proxy 1332 1.1592777 0.557363632 -0.00102195001 0 0 0
volume_proxy 1333 1.12241035 0.322276619 0.00257627974 0 0 0
volume_proxy 1334 -1.12962688 -0.508781684 0.00872071739 0 0 0
volume_proxy 1335 0.296292394 0.160068437 -0.00633756842 0 0 0
volume_proxy 1336 0.664910527 -0.0623224072 0.00595895321 0 0 0
volume_proxy 1337 -0.670606672 0.663080883 -0.00565836945 0 0 0
volume_proxy 1340 0.419380175 0.278665051 -0.00225133718 0 0 0
volume_proxy 1341 -1.07196948 -0.756239299 0.00567548077 0 0 0
volume_proxy 1342 -0.974879949 -0.512882133 -0.000600594078 0 0 0
volume_proxy 1345 0.57609742 -0.893543687 -0.0105674927 0 0 0
volume_proxy 1346 0.00621875301 0.878457937 0.000453728083 0 0 0
volume_proxy 1347 -0.198738619 0.581166421 -0.00790419467 0 0 0
volume_proxy 1348 0.536525807 -0.495715095 -0.00799575404 0 0 0
volume_proxy 1349 -1.22617724 -0.127210645 0.00313668859 0 0 0
volume_proxy 1350 0.649096562 -0.408533193 -0.00691592929 0 0 0
volume_proxy 1351 0.756792115 0.570257718 -0.00532805879 0 0 0
volume_proxy 1353 1.38217144 -0.0442923882 0.00918731056 0 0 0
volume_proxy 1354 -0.289556477 0.0211108723 0.00130253198 0 0 0
volume_proxy 1355 -0.276400542 -0.115567297 0.00491031866 0 0 0
volume_proxy 1356 0.295996244 0.429048154 -0.000750219148 0 0 0
volume_proxy 1357 -1.35418694 0.268752962 0.0100891705 0 0 0
volume_proxy 1358 -1.11950703 -0.349005171 -0.00826415799 0 0 0
volume_proxy 1359 -0.607156259 0.133064437 0.00572984694 0 0 0
