volume_proxy 0 1.2630919 -0.112476966 -0.00788693843 0 0 0
volume_proxy 4 1.16410184 0.616336185 -0.00257113946 0 0 0
volume_proxy 5 -0.429461427 0.160711699 0.00976881675 0 0 0
volume_proxy 6 1.49341906 0.463270076 0.00934087808 0 0 0
volume_proxy 11 -0.265265451 0.74201913 0.000288803761 0 0 0
volume_proxy 12 0.485174759 -0.178634159 -0.000524952494 0 0 0
volume_proxy 13 -1.29655515 -0.801017397 -0.0106061358 0 0 0
volume_proxy 14 0.378434974 0.517768688 -0.00817413777 0 0 0
volume_proxy 15 -0.351720344 -0.744805625 0.0023352356 0 0 0
volume_proxy 23 -0.568446969 -0.374324962 -0.00748757941 0 0 0
volume_proxy 36 0.559325604 0.879716283 -0.000869448117 0 0 0
volume_proxy 38 0.445230332 -0.0147345144 0.00458029888 0 0 0
volume_proxy 40 0.00153124842 -0.844758683 -0.00148560732 0 0 0
volume_proxy 47 1.11559064 -0.231841032 -0.00893491643 0 0 0
volume_proxy 49 0.124634513 -0.796923933 0.00274222619 0 0 0
volume_proxy 50 -0.251871909 -0.658787589 0.00367922241 0 0 0
volume_proxy 52 -0.972203714 -0.297104445 0.00574414494 0 0 0
volume_proxy 53 0.253825086 -0.292735875 0.00448622961 0 0 0
volume_proxy 57 -1.34057204 0.295877003 0.00915672775 0 0 0
volume_proxy 58 0.544776436 -0.691333441 0.00773502713 0 0 0
volume_proxy 60 -0.279017943 0.797674833 0.0102366617 0 0 0
volume_proxy 61 -1.4553243 -0.385298684 0.00277521463 0 0 0
volume_proxy 62 -0.0322732349 0.259874975 -0.00387182985 0 0 0
volume_proxy 69 -0.901527456 -0.0383640613 -0.00481503695 0 0 0
volume_proxy 72 0.387422339 -0.072719183 -0.00185820353 0 0 0
volume_proxy 81 -1.27021515 0.239633639 -0.00336949767 0 0 0
volume_proxy 85 -0.421255801 0.272507809 0.00526663296 0 0 0
volume_proxy 87 1.34326834 0.757993858 0.00133579356 0 0 0
volume_proxy 88 -0.957058904 0.134942291 -0.00915985313 0 0 0
volume_proxy 97 1.20207326 -0.00279879864 -0.0103743429 0 0 0
volume_proxy 101 -0.920667392 0.640872344 0.00590394429 0 0 0
volume_proxy 102 0.279415641 -0.422753768 0.00870558511 0 0 0
volume_proxy 105 -0.555404827 -0.636360096 0.00765947146 0 0 0
volume_proxy 106 -0.148011842 -0.663175715 0.00475089917 0 0 0
volume_proxy 107 0.388991953 0.360241397 0.00113923647 0 0 0
volume_proxy 108 1.30075924 -0.403108213 0.00652437501 0 0 0
volume_proxy 113 -0.469841837 -0.318948424 0.010230334 0 0 0
volume_proxy 125 -0.914592213 -0.0300064049 0.00783189857 0 0 0
volume_proxy 126 -0.207414775 -0.696833507 0.00877954118 0 0 0
volume_proxy 127 0.408997877 0.0427824275 -0.00852747891 0 0 0
volume_proxy 130 1.3583187 0.123009548 0.00968227615 0 0 0
volume_proxy 132 0.603323527 0.769161655 0.000828405237 0 0 0
volume_proxy 135 0.75011948 -0.874570177 -0.000477474578 0 0 0
volume_proxy 140 -0.751141111 0.798671372 -0.000571150322 0 0 0
volume_proxy 145 -0.737300706 -0.467036753 0.00788382359 0 0 0
volume_proxy 149 -1.03325322 0.795006796 0.00554017511 0 0 0
volume_proxy 157 0.694764623 0.502694084 -0.00860632038 0 0 0
volume_proxy 159 -0.941479158 -0.807718908 -0.00154680806 0 0 0
volume_proxy 161 -0.155799339 0.0250814937 -0.0106534991 0 0 0
volume_proxy 163 -1.46638022 0.0788013057 -0.00468472941 0 0 0
volume_proxy 169 1.15731738 0.213063717 0.00253672707 0 0 0
volume_proxy 176 0.124145763 0.067040078 0.00434101788 0 0 0
volume_proxy 178 -0.796635845 0.0174197826 0.00909801439 0 0 0
volume_proxy 186 -0.319873758 0.0683166991 -0.00513852542 0 0 0
volume_proxy 189 -0.820371518 0.294014833 -0.00736165566 0 0 0
volume_proxy 194 0.182457802 -0.843714891 0.00697615771 0 0 0
volume_proxy 195 -0.781757887 0.405167008 -0.0105706575 0 0 0
volume_proxy 196 0.736914327 0.424847156 0.00567514505 0 0 0
volume_proxy 198 1.12915635 -0.621797784 0.0100539014 0 0 0
volume_proxy 200 -0.9204458 -0.276817728 0.0044246118 0 0 0
volume_proxy 201 -1.30089609 0.245233419 0.0058793173 0 0 0
volume_proxy 202 -0.695906528 0.364588048 -0.00889197953 0 0 0
volume_proxy 208 -1.13581553 0.283783464 -0.00878458778 0 0 0
volume_proxy 209 -0.856404944 -0.289848225 -0.00809254969 0 0 0
volume_proxy 210 0.00736071133 -0.0068212287 0.00306213039 0 0 0
volume_proxy 213 0.158797198 0.0443269161 0.00157842926 0 0 0
volume_proxy 223 -1.13634098 0.23496973 -0.0051447414 0 0 0
volume_proxy 224 1.37797055 -0.838176637 0.000888620334 0 0 0
volume_proxy 226 -0.742467535 -0.823627402 -0.00179479388 0 0 0
volume_proxy 228 0.0324524371 0.182757459 0.00266004709 0 0 0
volume_proxy 230 0.637104574 0.917949882 0.00224544819 0 0 0
volume_proxy 232 0.563927402 0.364092949 0.00552938557 0 0 0
volume_proxy 236 0.808209544 -0.0614642001 0.00576619492 0 0 0
volume_proxy 237 0.40570135 0.933917717 0.000702386453 0 0 0
volume_proxy 242 0.992514164 0.57874284 -0.0099555146 0 0 0
volume_proxy 244 0.614986053 0.801551184 -0.00719843823 0 0 0
volume_proxy 247 1.22837402 -0.374103786 -0.00649645796 0 0 0
volume_proxy 251 0.517425601 0.624820486 -0.00543695121 0 0 0
volume_proxy 256 0.432780057 -0.695645839 -0.000560709843 0 0 0
volume_proxy 257 -0.220194358 0.359833643 -0.00515090857 0 0 0
volume_proxy 258 0.487360904 -0.10017064 0.00252016973 0 0 0
volume_proxy 259 0.573629833 0.488855098 -0.00849916692 0 0 0
volume_proxy 269 1.11113342 0.0628110009 0.00211090845 0 0 0
volume_proxy 271 -1.35541429 0.854435394 -0.00309747651 0 0 0
volume_proxy 273 1.49827676 0.340682748 -4.0954617e-05 0 0 0
volume_proxy 276 0.401168057 0.190976341 0.00818842915 0 0 0
volume_proxy 277 -0.241308803 -0.73345422 -0.00767142767 0 0 0
volume_proxy 279 -0.618969479 -0.493327321 -0.00436603797 0 0 0
volume_proxy 281 -1.46775585 0.903271594 0.00650731673 0 0 0
volume_proxy 284 -1.03384417 0.816389492 0.0101334414 0 0 0
volume_proxy 285 -0.680294398 -0.646996447 0.00613141701 0 0 0
volume_proxy 294 -0.0634213433 0.778525527 0.00785102202 0 0 0
volume_proxy 296 0.4616333 -0.483965392 0.00442042177 0 0 0
volume_proxy 297 1.12306326 0.0748336547 -0.00607782718 0 0 0
volume_proxy 298 1.04799275 -0.556442776 -2.22901239e-05 0 0 0
volume_proxy 305 -0.0525152248 -0.102769033 0.00945504465 0 0 0
volume_proxy 309 1.00460632 0.815135005 0.000511569208 0 0 0
volume_proxy 310 0.766162878 0.218801205 0.00772675674 0 0 0
volume_proxy 311 0.466300227 -0.987899546 0.00281790229 0 0 0
volume_proxy 314 -0.207634946 0.313435847 0.0105782369 0 0 0
volume_proxy 315 -0.198194909 0.0902884984 0.00465941417 0 0 0
volume_proxy 319 0.286283088 -0.719159004 0.00378023046 0 0 0
volume_proxy 321 -0.353191985 -0.913101148 -0.0101236828 0 0 0
volume_proxy 329 -0.240964646 0.796607829 -0.00403207824 0 0 0
volume_proxy 335 -1.18036638 -0.330961138 -0.00170464397 0 0 0
volume_proxy 337 -0.807291683 0.628437376 0.00432025471 0 0 0
volume_proxy 338 -0.458857264 -0.190515966 -0.00437862859 0 0 0
volume_proxy 339 -0.810530302 -0.51002896 0.00220491138 0 0 0
volume_proxy 343 -0.0344818945 0.882164192 0.00303863889 0 0 0
volume_proxy 344 0.650972772 0.311986837 0.00658185054 0 0 0
volume_proxy 345 -0.8822709 -0.171553789 0.00576561721 0 0 0
volume_proxy 347 0.0587192313 -0.233469807 -0.008335952 0 0 0
volume_proxy 349 0.590344509 0.248210076 -0.00458166027 0 0 0
volume_proxy 356 0.67772007 0.677365442 0.0093157431 0 0 0
volume_proxy 358 1.31484758 0.76899869 0.00168362849 0 0 0
volume_proxy 370 1.22530937 0.387931872 0.00370027876 0 0 0
volume_proxy 371 -1.08351499 0.140714029 0.00590306437 0 0 0
volume_proxy 375 0.831760143 0.224872742 0.00707809354 0 0 0
volume_proxy 377 0.533243015 0.286912055 0.0098396551 0 0 0
volume_proxy 380 -0.638380526 -0.597993662 -0.00643947071 0 0 0
volume_proxy 383 0.795183608 -0.778233006 -0.0105471631 0 0 0
volume_proxy 384 -0.24722611 0.963396235 -0.0019224787 0 0 0
volume_proxy 388 -1.38946274 -0.067312899 0.000758175846 0 0 0
volume_proxy 393 1.29592152 0.0569576781 -0.00119828547 0 0 0
volume_proxy 396 -0.96159724 0.699528251 0.0102126331 0 0 0
volume_proxy 397 0.956587363 0.11116354 -0.00506544358 0 0 0
volume_proxy 399 1.18949972 -0.98528476 0.00186185911 0 0 0
volume_proxy 400 0.0421491982 -0.521514831 0.00537889834 0 0 0
volume_proxy 402 -0.918137111 -0.712081528 -0.00359251747 0 0 0
volume_proxy 409 -0.581903972 -0.707264331 0.00406227116 0 0 0
volume_proxy 412 1.45591481 -0.739239313 -0.000441694589 0 0 0
volume_proxy 415 -0.685979818 -0.65474931 0.00629812626 0 0 0
volume_proxy 418 -0.788937691 -0.194611986 0.00484799942 0 0 0
volume_proxy 425 -0.0340456619 -0.193940226 0.00441537135 0 0 0
volume_proxy 431 -1.4977579 -0.830771952 0.00810068927 0 0 0
volume_proxy 435 -1.12734349 -0.946858538 0.00108776552 0 0 0
volume_proxy 442 -0.068665238 -0.340942211 -0.000854096358 0 0 0
volume_proxy 463 -0.0199926897 -0.584975348 -0.00677596897 0 0 0
volume_proxy 470 1.32046517 0.662377331 -0.00154744782 0 0 0
volume_proxy 497 -1.22307752 -0.928872238 0.00897633374 0 0 0
volume_proxy 502 1.22776365 -0.131207903 -0.00635300167 0 0 0
volume_proxy 512 0.307240889 -0.861508876 0.00936612461 0 0 0
volume_proxy 513 0.540301664 0.0103384091 -0.006984579 0 0 0
volume_proxy 518 1.35345551 -0.721546658 0.0103719528 0 0 0
volume_proxy 544 0.567669394 0.855763872 0.00316654236 0 0 0
volume_proxy 547 1.23847427 0.897321584 -0.00570932636 0 0 0
volume_proxy 549 0.31745832 -0.792508423 -0.000584089888 0 0 0
volume_proxy 559 1.29198908 0.832252876 -0.00235394358 0 0 0
volume_proxy 572 0.0757011346 -0.101082902 -0.00609769064 0 0 0
volume_proxy 578 -0.838226233 0.929005719 0.00330813062 0 0 0
volume_proxy 581 1.28640794 0.766434889 0.00154462568 0 0 0
volume_proxy 591 -0.829637889 0.599736533 0.0019878984 0 0 0
volume_proxy 594 -1.18182618 0.451377286 -0.0107725579 0 0 0
volume_proxy 608 -0.490672828 -0.426045315 0.00881594383 0 0 0
volume_proxy 615 0.925763752 -0.407026369 -0.00619906426 0 0 0
volume_proxy 616 1.46683389 0.119244893 -0.000856403151 0 0 0
volume_proxy 637 -1.3699152 -0.891887714 0.00864949704 0 0 0
volume_proxy 647 -0.107574337 0.777565526 0.00118390596 0 0 0
volume_proxy 669 1.12835567 -0.264928491 -0.00942477692 0 0 0
volume_proxy 682 -0.0659356852 0.80265307 -0.00740902449 0 0 0
volume_proxy 693 -0.593921046 0.671276794 -0.00236658566 0 0 0
volume_proxy 698 -0.0724461163 0.778094709 0.0092334284 0 0 0
volume_proxy 702 -0.163214291 -0.109444488 0.000180400776 0 0 0
volume_proxy 703 -0.789101503 0.0758738318 0.00999795654 0 0 0
volume_proxy 722 0.682816256 0.518953668 0.00712647856 0 0 0
volume_proxy 725 -1.37550975 -0.944286995 0.00144975473 0 0 0
volume_proxy 751 0.162503668 -0.707742426 0.00458375509 0 0 0
volume_proxy 757 0.00618127166 0.0784572303 0.00678475515 0 0 0
volume_proxy 781 -0.878928445 0.0858605225 0.0100901694 0 0 0
volume_proxy 795 0.60527057 -0.802010654 -0.00172413139 0 0 0
volume_proxy 797 -1.20511564 -0.336765592 -0.00636807151 0 0 0
volume_proxy 800 -1.26504426 0.894801584 -0.00690534003 0 0 0
volume_proxy 802 0.619966368 0.165171009 0.00691490237 0 0 0
volume_proxy 804 0.102903878 -0.077083379 -0.00487246148 0 0 0
volume_proxy 810 0.85510072 0.0975308279 -0.00683327858 0 0 0
volume_proxy 811 0.597483373 0.570759443 0.00924218112 0 0 0
volume_proxy 812 0.983673721 0.396663259 0.0049553725 0 0 0
volume_proxy 814 1.12131877 0.0134432999 -0.00470610879 0 0 0
volume_proxy 822 0.217674558 -0.842017508 0.0018633321 0 0 0
volume_proxy 825 1.37711994 0.656539184 -0.00109752602 0 0 0
volume_proxy 833 -0.425301408 0.0869602905 0.0044790781 0 0 0
volume_proxy 835 -0.0658464314 -0.909922245 -0.00469288242 0 0 0
volume_proxy 839 -0.196454423 -0.201683767 -0.00475759513 0 0 0
volume_proxy 846 1.40564779 0.0640896233 -0.0105253701 0 0 0
volume_proxy 848 -1.05891081 -0.235137785 -0.00141883538 0 0 0
volume_proxy 854 -0.534172147 0.945307122 0.00586537614 0 0 0
volume_proxy 856 1.15614283 0.463633909 0.00617907805 0 0 0
volume_proxy 869 1.19918028 0.66664788 0.010362386 0 0 0
volume_proxy 876 -0.112625973 -0.520316085 0.000957323586 0 0 0
volume_proxy 878 1.48166402 -0.577460132 0.0101737441 0 0 0
volume_proxy 883 -0.0235352227 0.898271554 -0.000801197146 0 0 0
volume_proxy 889 -1.47749738 0.583673688 -0.00440565649 0 0 0
volume_proxy 896 1.37822611 0.550077722 0.00216887469 0 0 0
volume_proxy 902 -0.0700811289 0.630666813 -0.0100795582 0 0 0
volume_proxy 903 0.460342405 0.739520463 -0.00279913966 0 0 0
volume_proxy 904 -0.944594052 0.57293566 0.00292520322 0 0 0
volume_proxy 906 0.970519155 0.590858099 -0.00264379643 0 0 0
volume_proxy 910 -1.44142856 0.717882554 0.00482469327 0 0 0
volume_proxy 912 1.34320201 0.151119583 -0.00269133413 0 0 0
volume_proxy 913 -1.13968549 -0.964105085 0.00597495182 0 0 0
volume_proxy 914 -0.0223910868 -0.917203405 0.00639672824 0 0 0
volume_proxy 915 -0.354596036 -0.379094837 0.00524492115 0 0 0
volume_proxy 924 -0.553686794 0.399800487 0.0106944626 0 0 0
volume_proxy 926 -0.0239772291 0.206497192 0.0066830424 0 0 0
volume_proxy 929 -0.589223306 -0.853328689 -0.0027953603 0 0 0
volume_proxy 931 0.064168025 -0.148733783 0.0040643916 0 0 0
volume_proxy 935 -1.4017839 0.275957945 0.00683729988 0 0 0
volume_proxy 939 0.988497538 0.923466684 0.00459359141 0 0 0
volume_proxy 944 0.594900249 -0.946923048 0.0100887782 0 0 0
volume_proxy 945 -0.588214891 0.482237653 -0.00328511701 0 0 0
volume_proxy 948 -0.188328652 -0.0229803602 0.00528256012 0 0 0
volume_proxy 949 -0.546902971 0.00616036368 -0.0103447523 0 0 0
volume_proxy 963 -0.706499322 0.598690068 0.000831694574 0 0 0
volume_proxy 966 -0.541584975 0.873039695 0.00836459644 0 0 0
volume_proxy 969 -0.97700933 -0.00241940888 5.58768955e-05 0 0 0
volume_proxy 973 -0.208716393 0.0439186502 -0.00503701404 0 0 0
volume_proxy 974 0.418516187 -0.760477151 0.00165296925 0 0 0
volume_proxy 977 -1.1538328 -0.237155326 0.00133177191 0 0 0
volume_proxy 979 -0.0804843533 0.826669098 0.0103217552 0 0 0
volume_proxy 981 -0.233136686 0.307281649 -0.00498242278 0 0 0
volume_proxy 983 1.2243088 -0.211173724 0.00418834887 0 0 0
volume_proxy 984 1.45507797 0.536201499 0.00662815747 0 0 0
volume_proxy 990 -1.21576223 0.393008324 0.00534320744 0 0 0
volume_proxy 991 -0.583990078 -0.245528349 0.00751190453 0 0 0
volume_proxy 992 -0.196697112 0.277208644 -0.00398403873 0 0 0
volume_proxy 997 1.1846459 0.0934300654 -0.00391740267 0 0 0
volume_proxy 999 -0.714401826 -0.330765827 0.00618294496 0 0 0
volume_proxy 1001 0.590993403 0.93180767 0.0026282032 0 0 0
volume_proxy 1007 -1.17703613 -0.592864657 -0.00627870183 0 0 0
volume_proxy 1008 0.236819906 -0.551138915 0.00897805862 0 0 0
volume_proxy 1012 0.918580313 0.0495159789 -0.00851191056 0 0 0
volume_proxy 1016 1.07192004 -0.863066307 0.0025417399 0 0 0
volume_proxy 1017 0.621956912 -0.724503479 -0.00985318661 0 0 0
volume_proxy 1018 -0.913145681 -0.621851915 -0.00163524466 0 0 0
volume_proxy 1019 -0.772127956 -0.737046601 0.00107051074 0 0 0
volume_proxy 1020 -0.848559402 0.505233114 -0.00394140663 0 0 0
volume_proxy 1021 -0.960021511 -0.505472124 0.00306441395 0 0 0
volume_proxy 1023 0.799719477 0.198844939 0.00346478014 0 0 0
volume_proxy 1024 1.16486837 0.846195816 0.00965601607 0 0 0
volume_proxy 1028 -1.44911187 -0.704216253 -0.00229297271 0 0 0
volume_proxy 1029 0.924209225 0.934932101 0.00465542745 0 0 0
volume_proxy 1030 0.58521484 0.481974098 0.00182503031 0 0 0
volume_proxy 1031 1.17316859 -0.511351066 0.00228177894 0 0 0
volume_proxy 1032 1.18866413 0.23765247 0.000784729109 0 0 0
volume_proxy 1033 0.904691823 0.919878658 -0.00441668271 0 0 0
volume_proxy 1035 0.318371432 -0.335485971 0.00981938723 0 0 0
volume_proxy 1036 0.890695046 -0.242142425 0.00723056712 0 0 0
volume_proxy 1040 -0.920178777 -0.831897286 -0.00501028228 0 0 0
volume_proxy 1041 0.244905664 0.313197511 -0.00398783302 0 0 0
volume_proxy 1042 0.780116124 0.244234714 -0.00697133059 0 0 0
volume_proxy 1046 0.0319523271 -0.234567161 0.0100030238 0 0 0
volume_proxy 1050 -0.699849139 -0.523777458 -0.00782326127 0 0 0
volume_proxy 1052 -0.603549465 0.119865768 0.00366423077 0 0 0
volume_proxy 1053 -0.433034187 -0.87906748 -0.0100785008 0 0 0
volume_proxy 1056 -1.31619424 0.9517557 0.00923578601 0 0 0
volume_proxy 1057 0.0912595842 -0.493525698 0.00914729348 0 0 0
volume_proxy 1061 -0.541291246 -0.389723892 -0.006799064 0 0 0
volume_proxy 1062 0.746719774 0.376877514 0.00355527761 0 0 0
volume_proxy 1065 -1.37655249 -0.561689211 0.00978949634 0 0 0
volume_proxy 1066 0.830040315 0.128600828 -0.00802919936 0 0 0
volume_proxy 1067 0.884588507 -0.275224382 -0.004082505 0 0 0
volume_proxy 1069 -0.840860673 0.363280161 0.00166659807 0 0 0
volume_proxy 1070 -1.30637702 0.493304754 0.00550939736 0 0 0
volume_proxy 1075 -0.316152284 0.276586097 -0.00502333231 0 0 0
volume_proxy 1077 -1.03317206 0.914028034 0.00350338849 0 0 0
volume_proxy 1078 -1.12826262 0.786478126 -0.000835288696 0 0 0
volume_proxy 1079 -0.0155145199 -0.106204755 -0.00221561967 0 0 0
volume_proxy 1085 0.0451904592 -0.275438865 -0.00747403263 0 0 0
volume_proxy 1086 0.947121544 -0.601103374 0.00867358591 0 0 0
volume_proxy 1089 -0.873301585 0.569617671 0.0080799222 0 0 0
volume_proxy 1091 0.247993114 0.123096664 -0.00253443439 0 0 0
volume_proxy 1092 0.0963190397 0.160738546 -0.00251784035 0 0 0
volume_proxy 1093 0.143166833 -0.764166835 0.00249802297 0 0 0
volume_proxy 1094 -1.42980672 0.824899042 -0.00415411709 0 0 0
volume_proxy 1096 0.334570108 0.362186146 -0.00141721445 0 0 0
volume_proxy 1098 0.591725983 0.583515505 -0.00411403606 0 0 0
volume_proxy 1102 1.18906456 0.625196465 -0.00880284849 0 0 0
volume_proxy 1106 0.878350711 -0.645099935 -0.00188516425 0 0 0
volume_proxy 1107 -0.210533563 0.226623985 0.00183894504 0 0 0
volume_proxy 1108 1.20986023 0.496708083 0.000512952619 0 0 0
volume_proxy 1109 1.05534795 -0.766924336 0.00454651542 0 0 0
volume_proxy 1110 0.829747669 -0.930879238 -0.000644926914 0 0 0
volume_proxy 1111 -0.429285934 -0.268638815 0.00443311349 0 0 0
volume_proxy 1112 -0.752986805 0.900205828 0.00334791573 0 0 0
volume_proxy 1113 1.17273691 0.158299908 -0.00884335089 0 0 0
volume_proxy 1114 -1.12690781 0.20090947 -0.00703923333 0 0 0
volume_proxy 1117 0.69097531 -0.170476625 -0.00193904443 0 0 0
volume_proxy 1118 0.425177828 -0.461463897 0.00747360123 0 0 0
volume_proxy 1119 -1.39442088 0.535013255 -0.00857334175 0 0 0
volume_proxy 1120 -0.0785559021 0.123387104 -0.00372205028 0 0 0
volume_proxy 1123 -1.30527975 0.842667606 0.0015956387 0 0 0
volume_proxy 1127 0.555478008 0.58458665 -0.00443211868 0 0 0
volume_proxy 1128 -0.568048512 0.0778586195 -0.00773819491 0 0 0
volume_proxy 1129 1.13389555 0.720568973 0.00471340795 0 0 0
volume_proxy 1130 -0.724671903 0.389660789 -0.00724345562 0 0 0
volume_proxy 1131 -0.992927427 0.0575361034 0.00989205272 0 0 0
volume_proxy 1132 0.549104713 0.14886741 0.00805061228 0 0 0
volume_proxy 1133 1.47987386 -0.632815816 0.00225712897 0 0 0
volume_proxy 1134 1.00530282 0.666834602 -0.00353210814 0 0 0
volume_proxy 1135 -0.945331595 -0.896262398 -0.00274703804 0 0 0
volume_proxy 1136 -0.959518062 -0.785361441 -0.00480823815 0 0 0
volume_proxy 1137 -0.676386819 -0.14794565 -0.00563208449 0 0 0
volume_proxy 1138 1.26661551 -0.669218892 -0.00288112153 0 0 0
volume_proxy 1139 1.35388396 -0.534460874 -0.000389119732 0 0 0
volume_proxy 1143 -0.403140949 0.0315736892 0.00140447064 0 0 0
volume_proxy 1144 0.458720651 -0.957810652 0.00615224658 0 0 0
volume_proxy 1145 -0.718067238 -0.969569198 0.0100566724 0 0 0
volume_proxy 1146 -0.248174744 0.319161255 0.00461912045 0 0 0
volume_proxy 1147 -0.135136832 0.0812385544 0.0106713737 0 0 0
volume_proxy 1148 -0.0793664644 -0.262185019 0.00477993768 0 0 0
volume_proxy 1149 -0.653871237 0.616532023 -0.00524841701 0 0 0
volume_proxy 1150 -0.400406569 -0.693889568 0.00401374792 0 0 0
volume_proxy 1151 0.729066791 -0.682092416 -0.00675872486 0 0 0
volume_proxy 1152 0.118069396 0.769109876 -0.00112333759 0 0 0
volume_proxy 1157 -0.250261017 0.285980227 -0.00218369369 0 0 0
volume_proxy 1159 -0.417617227 0.97460722 0.00990367622 0 0 0
volume_proxy 1160 -0.256980405 0.890362237 0.000166505085 0 0 0
volume_proxy 1161 0.695897874 -0.840475149 0.00264237349 0 0 0
volume_proxy 1163 1.32126229 0.310683155 -0.00790981469 0 0 0
volume_proxy 1164 1.37137771 0.559014141 0.000230415777 0 0 0
volume_proxy 1165 -0.213721479 -0.740264374 -0.00778980822 0 0 0
volume_proxy 1166 -1.39611088 0.323083274 -0.00466695388 0 0 0
volume_proxy 1167 -1.48986172 0.225548691 -0.00459729353 0 0 0
volume_proxy 1168 0.180862319 -0.297854356 -0.00421104061 0 0 0
volume_proxy 1169 1.49542888 -0.388422709 0.00155293348 0 0 0
volume_proxy 1170 -1.45615652 0.316846056 0.00866069044 0 0 0
volume_proxy 1171 -0.448905721 0.383666925 -0.00369656663 0 0 0
volume_proxy 1172 -0.171007454 0.271710646 -0.00050539085 0 0 0
volume_proxy 1174 0.561741649 -0.0235558868 -0.0033075437 0 0 0
volume_proxy 1175 -0.55398473 -0.794030453 0.00425668812 0 0 0
volume_proxy 1176 -0.902899051 -0.919869569 -0.00195522501 0 0 0
volume_proxy 1177 1.15420376 0.0881813047 0.0103720471 0 0 0
volume_proxy 1178 -0.587490445 0.869397833 -0.00634935217 0 0 0
volume_proxy 1179 0.578421842 0.472633334 -0.00148719083 0 0 0
volume_proxy 1180 -1.08811289 0.455002548 0.0033084478 0 0 0
volume_proxy 1181 -1.08482501 0.521180639 -0.00820808028 0 0 0
