volume_proxy 0 1.46601581 -0.48593608 0.00868598191 0 0 0
volume_proxy 5 1.01495335 0.260860154 -0.00597858291 0 0 0
volume_proxy 6 0.297911976 0.165307995 -0.0040866146 0 0 0
volume_proxy 11 0.774431793 -0.0259142082 0.0103551195 0 0 0
volume_proxy 12 1.41622117 -0.37327676 0.00292417358 0 0 0
volume_proxy 14 -0.371884387 -0.30313074 0.00812874283 0 0 0
volume_proxy 23 0.53650653 -0.737783224 0.00584738957 0 0 0
volume_proxy 38 0.709405357 0.193704466 -0.00209405391 0 0 0
volume_proxy 40 -0.0100141228 -0.521240992 -0.00564225457 0 0 0
volume_proxy 50 -0.386707298 -0.602178916 -0.000925035387 0 0 0
volume_proxy 53 -0.663657261 0.232053588 -0.0106092795 0 0 0
volume_proxy 58 1.22537517 -0.679313831 0.00649466989 0 0 0
volume_proxy 60 0.948827387 0.733727557 -0.00568455412 0 0 0
volume_proxy 61 0.125836579 -0.801654538 -0.00380367022 0 0 0
volume_proxy 72 0.0637304299 0.487512281 -0.00905300045 0 0 0
volume_proxy 85 -1.02376776 -0.251044751 0.00694089908 0 0 0
volume_proxy 88 -1.16714148 -0.549111298 -0.0102203998 0 0 0
volume_proxy 97 0.745884491 0.148374073 0.00280790605 0 0 0
volume_proxy 101 -0.9942687 0.908543868 0.00496858196 0 0 0
volume_proxy 105 0.348325498 -0.215550128 -0.00708220424 0 0 0
volume_proxy 107 1.18696164 0.465808389 0.00797127534 0 0 0
volume_proxy 127 -0.872653193 0.496047202 -0.00137043413 0 0 0
volume_proxy 130 1.43833056 0.42297779 0.00958253999 0 0 0
volume_proxy 140 -0.312094368 0.0474841534 -0.00226987384 0 0 0
volume_proxy 157 1.09630286 -0.379863201 0.00836164858 0 0 0
volume_proxy 159 0.278085451 -0.180856053 0.00972223949 0 0 0
volume_proxy 161 0.47684109 0.263971488 0.0100779215 0 0 0
volume_proxy 176 0.573187406 -0.49007774 0.00779769654 0 0 0
volume_proxy 186 -0.536963425 0.209706893 -0.00290817692 0 0 0
volume_proxy 189 -0.983525588 0.940849838 -0.0084156162 0 0 0
volume_proxy 195 -0.048684582 0.239573016 -0.000692892435 0 0 0
volume_proxy 196 0.231436981 -0.26457055 0.00488195311 0 0 0
volume_proxy 200 -0.621975869 -0.803638009 0.00760995491 0 0 0
volume_proxy 202 -1.07540709 0.93197297 0.00934111965 0 0 0
volume_proxy 209 -1.09146534 0.262173765 0.00599409947 0 0 0
volume_proxy 210 -0.72950738 0.535283238 0.00736826809 0 0 0
volume_proxy 226 -0.52928867 -0.539264517 -0.00404446945 0 0 0
volume_proxy 236 0.298970834 0.738238659 0.000889629201 0 0 0
volume_proxy 247 0.432865401 0.390785871 -0.000804107661 0 0 0
volume_proxy 256 -0.63952666 0.260639742 -0.00374638134 0 0 0
volume_proxy 259 0.33806868 0.159071019 -0.00699628859 0 0 0
volume_proxy 269 0.20540705 -0.140430138 -0.00510922614 0 0 0
volume_proxy 277 -1.14194849 -0.194765513 -0.00762416767 0 0 0
volume_proxy 296 0.0271499079 -0.0946716877 0.0107515178 0 0 0
volume_proxy 305 0.820198805 -0.809917304 -0.00202588819 0 0 0
volume_proxy 310 0.978029228 0.117307954 -0.00732521643 0 0 0
volume_proxy 329 -0.724257199 -0.832788513 0.00712944743 0 0 0
volume_proxy 337 -0.935776465 0.955822401 0.00282772591 0 0 0
volume_proxy 344 -0.800334827 0.743438889 -0.00469564149 0 0 0
volume_proxy 347 -0.477007337 -0.569420086 -0.00540037482 0 0 0
volume_proxy 349 -0.403874783 0.316603057 -0.00965463003 0 0 0
volume_proxy 356 0.257303378 0.82974744 -0.00192064921 0 0 0
volume_proxy 375 0.982054886 -0.234137451 0.00941260226 0 0 0
volume_proxy 388 -1.46800229 0.680873961 -0.0102483621 0 0 0
volume_proxy 431 -1.26353893 -0.17730397 0.010090388 0 0 0
volume_proxy 802 1.05114046 -0.353891988 -0.0105410917 0 0 0
volume_proxy 876 0.418996065 -0.905433943 0.00642421843 0 0 0
volume_proxy 1020 -1.43475248 0.991853011 0.00642348038 0 0 0
volume_proxy 1052 0.309227199 -0.972915592 -0.00464604796 0 0 0
volume_proxy 1066 0.77526104 0.212745543 -0.00103096139 0 0 0
volume_proxy 1093 -0.119219102 0.3156592 0.00285502506 0 0 0
volume_proxy 1120 -0.455407126 0.747622659 -0.00980884744 0 0 0
volume_proxy 1166 -0.621350249 0.668130454 0.0067146678 0 0 0
volume_proxy 1169 1.32075239 -0.792091526 -0.00456604949 0 0 0
volume_proxy 1172 -0.0470762702 0.709435517 0.00772385031 0 0 0
volume_proxy 1186 -0.700953131 -0.503518446 -0.00119901492 0 0 0
volume_proxy 1193 -0.4496856 0.0802778459 0.00464440898 0 0 0
volume_proxy 1210 -1.18131032 0.713631963 -0.00697902294 0 0 0
volume_proxy 1219 -0.891135228 0.966400991 0.00986083961 0 0 0
volume_proxy 1225 0.0493153977 -0.376322876 0.0107596622 0 0 0
volume_proxy 1245 -1.36526556 0.780319914 0.000142039251 0 0 0
volume_proxy 1270 0.0670787734 0.0239530655 -0.000256937814 0 0 0
volume_proxy 1280 -1.47619811 0.973889147 -0.00433579258 0 0 0
volume_proxy 1285 -1.27945746 0.884649289 -0.00325742763 0 0 0
volume_proxy 1292 0.633862996 0.386272859 -0.00601313666 0 0 0
volume_proxy 1295 -1.23568625 0.635359912 0.00858045265 0 0 0
volume_proxy 1296 0.0138719399 -0.159676571 -0.00760423295 0 0 0
volume_proxy 1301 -1.17843492 0.99873282 -0.00151702463 0 0 0
volume_proxy 1318 1.37403381 -0.502587106 -0.00775788614 0 0 0
volume_proxy 1326 0.631730021 -0.25115618 -0.00373932818 0 0 0
volume_proxy 1335 0.169854051 -0.532180601 -0.00882653425 0 0 0
volume_proxy 1340 0.859826365 0.555697543 0.00467384811 0 0 0
volume_proxy 1380 -0.311670947 0.574808113 0.00481431411 0 0 0
volume_proxy 1381 0.393608126 0.573167805 -0.00752587912 0 0 0
volume_proxy 1386 0.556272143 0.94228662 0.00750683344 0 0 0
volume_proxy 1388 0.694862795 0.37890933 0.00649032343 0 0 0
volume_proxy 1390 -1.42763997 0.946969503 0.0012525385 0 0 0
volume_proxy 1392 -0.0267275318 -0.598624126 0.0102925196 0 0 0
volume_proxy 1397 0.310241176 0.419387773 -0.00953255094 0 0 0
volume_proxy 1398 -1.46877211 0.704645657 0.00615624129 0 0 0
volume_proxy 1403 0.505714164 0.066973586 -0.00176087517 0 0 0
volume_proxy 1405 -0.0676494886 0.589566232 -0.00839563175 0 0 0
volume_proxy 1408 0.523777676 0.688831536 0.00214644223 0 0 0
volume_proxy 1409 1.10702502 0.37550846 -0.00180548369 0 0 0
volume_proxy 1413 0.576577894 0.929854495 0.000787263488 0 0 0
volume_proxy 1418 -1.27282547 -0.119516395 0.00256367415 0 0 0
volume_proxy 1420 -1.42346319 0.0730762612 -0.0106446734 0 0 0
volume_proxy 1421 -1.45065906 -0.193621628 -0.00372198521 0 0 0
volume_proxy 1422 0.901484723 -0.986217768 -0.00124453755 0 0 0
volume_proxy 1423 -0.503887654 0.664734798 -0.00182318156 0 0 0
volume_proxy 1425 -1.20239065 -0.767914927 0.00768024986 0 0 0
volume_proxy 1426 0.979560574 -0.536534422 -0.000874679587 0 0 0
volume_proxy 1428 -0.239495439 0.523004461 0.00373884087 0 0 0
volume_proxy 1429 0.954570625 -0.221016837 -0.0012165523 0 0 0
volume_proxy 1433 1.01671839 0.267660511 -0.00430417314 0 0 0
volume_proxy 1434 0.61008608 -0.415895596 0.00625772761 0 0 0
volume_proxy 1436 -0.803877331 -0.897004119 0.00645367543 0 0 0
volume_proxy 1437 -0.412706628 -0.542385766 -0.000528021164 0 0 0
volume_proxy 1439 -0.505727544 0.892973458 0.00759958746 0 0 0
volume_proxy 1440 0.450841921 -0.476888861 0.00444219965 0 0 0
volume_proxy 1444 -0.889695501 -0.555638665 -0.0102672365 0 0 0
volume_proxy 1445 0.442550558 -0.596690734 -0.000859244389 0 0 0
volume_proxy 1447 1.39925671 -0.636885629 0.00204937501 0 0 0
volume_proxy 1454 -1.02287119 -0.79645102 -0.00441485986 0 0 0
volume_proxy 1459 -0.849138132 0.921918691 0.000142222158 0 0 0
volume_proxy 1460 1.05004271 0.186092445 -0.0066564286 0 0 0
volume_proxy 1461 -1.29896102 0.410364559 -0.0102797088 0 0 0
volume_proxy 1462 -0.902441547 -0.609000672 0.00138684912 0 0 0
volume_proxy 1464 -0.96701855 -0.967733925 -0.00308590649 0 0 0
volume_proxy 1466 -1.13981458 -0.897897573 -0.00814122394 0 0 0
volume_proxy 1470 -1.31149817 -0.888119987 -0.00741379514 0 0 0
volume_proxy 1471 -0.247490765 0.995599335 -0.00658201065 0 0 0
volume_proxy 1472 -0.454025389 0.921640711 -0.00856836182 0 0 0
volume_proxy 1474 0.861390968 -0.897918937 0.00160329526 0 0 0
volume_proxy 1475 1.0302314 0.14144312 -0.00182668272 0 0 0
volume_proxy 1480 1.39126046 -0.447780418 -0.0050770899 0 0 0
volume_proxy 1481 1.13476388 0.508534194 0.00582996838 0 0 0
volume_proxy 1482 0.0774429427 -0.983568853 -0.00879340052 0 0 0
volume_proxy 1483 0.0879352234 -0.979585693 0.00224591863 0 0 0
volume_proxy 1485 0.0722533748 -0.239279786 0.00762188041 0 0 0
volume_proxy 1486 1.06986864 -0.652809342 0.00588796856 0 0 0
volume_proxy 1489 -0.579584793 0.881679431 0.00334916773 0 0 0
volume_proxy 1490 0.856618426 0.936160393 0.00150938264 0 0 0
volume_proxy 1491 -0.217332465 -0.268332453 0.00274874439 0 0 0
volume_proxy 1492 0.0596013698 0.20515955 -0.00202300735 0 0 0
