volume_proxy 0 -0.633354915 -0.793021801 0.0104620395 0 0 0
volume_proxy 6 -0.0219454891 0.555175073 9.76885657e-05 0 0 0
volume_proxy 11 1.35046676 0.735348058 0.00573436845 0 0 0
volume_proxy 12 0.91962554 -0.773790672 -0.0104831183 0 0 0
volume_proxy 14 -1.45445638 0.0342727182 0.00113149544 0 0 0
volume_proxy 23 0.455449525 -0.788897057 -0.00260058212 0 0 0
volume_proxy 38 -0.849206755 -0.889091555 -0.0104901366 0 0 0
volume_proxy 40 -0.83687356 -0.216760884 0.00954462388 0 0 0
volume_proxy 50 -0.486658041 -0.389771476 -0.000785723349 0 0 0
volume_proxy 53 -1.43082317 0.667572688 -0.00809310805 0 0 0
volume_proxy 58 1.45084525 -0.971833858 0.00237214793 0 0 0
volume_proxy 60 -0.584604992 0.717723068 -0.00222752862 0 0 0
volume_proxy 85 -1.38006802 0.657643089 0.00274005852 0 0 0
volume_proxy 97 0.559796454 0.694078831 0.00768889778 0 0 0
volume_proxy 107 0.303707274 0.161569583 0.00599596418 0 0 0
volume_proxy 127 -1.48886545 -0.572820027 -0.00925377284 0 0 0
volume_proxy 130 0.887160471 -0.714404984 -0.00774724852 0 0 0
volume_proxy 140 0.0260409111 0.176822788 0.00382484718 0 0 0
volume_proxy 157 0.453756959 -0.122622191 0.00823554952 0 0 0
volume_proxy 159 1.40203512 0.259475097 -0.00883219986 0 0 0
volume_proxy 161 -0.40280013 -0.28111234 -0.00123781315 0 0 0
volume_proxy 176 0.871297356 -0.0740735123 -0.00348357027 0 0 0
volume_proxy 186 -0.753127416 -0.292073776 -0.00676343249 0 0 0
volume_proxy 189 -0.271564654 -0.0692294342 -0.00587382738 0 0 0
volume_proxy 195 -1.13296739 0.000682549107 -0.00844590693 0 0 0
volume_proxy 196 0.184734762 0.437075342 0.00484630513 0 0 0
volume_proxy 200 -0.507297694 0.376943202 -0.00236182545 0 0 0
volume_proxy 202 -0.324403252 0.774725816 0.00573562232 0 0 0
volume_proxy 209 -1.06607693 -0.372813371 0.000114791294 0 0 0
volume_proxy 210 0.183361484 0.534794866 -0.0106249214 0 0 0
volume_proxy 226 0.909878377 -0.870224426 0.0102234567 0 0 0
volume_proxy 236 0.991692475 -0.553908299 0.00284282126 0 0 0
volume_proxy 247 0.876233513 -0.407437682 -0.00264712167 0 0 0
volume_proxy 256 -0.390119892 0.820630958 -0.00533094018 0 0 0
volume_proxy 259 0.571781997 0.557441464 -0.00619986535 0 0 0
volume_proxy 269 -0.445419718 0.102222303 0.00798519624 0 0 0
volume_proxy 277 -0.754040339 -0.785697115 0.00513125022 0 0 0
volume_proxy 296 -0.789417365 0.808158923 0.00425526154 0 0 0
volume_proxy 305 0.0976977041 -0.471606138 0.0075180817 0 0 0
volume_proxy 310 0.615988864 0.879771771 0.0107190602 0 0 0
volume_proxy 344 -1.33639581 -0.19071374 0.00962695247 0 0 0
volume_proxy 347 -0.206004318 0.72996803 0.00367976959 0 0 0
volume_proxy 356 0.241117493 0.232985044 -0.000390880162 0 0 0
volume_proxy 375 1.19689871 -0.548683912 0.00205379235 0 0 0
volume_proxy 388 1.09738934 -0.93772222 -0.00120649173 0 0 0
volume_proxy 802 0.379689249 0.596419269 0.0106911054 0 0 0
volume_proxy 1052 -0.872640888 -0.559718885 0.00372639127 0 0 0
volume_proxy 1066 -0.0318764295 0.765065614 -0.00882755737 0 0 0
volume_proxy 1120 -0.383873554 0.504199773 -0.00363586281 0 0 0
volume_proxy 1166 -1.25817177 -0.80864243 0.00102355471 0 0 0
volume_proxy 1193 -1.31308845 -0.52136461 0.00736444032 0 0 0
volume_proxy 1225 -1.19244435 -0.769415984 -0.0107085814 0 0 0
volume_proxy 1245 -1.45370394 0.0344446861 0.009926481 0 0 0
volume_proxy 1280 -0.906544783 0.700069304 0.00565314615 0 0 0
volume_proxy 1285 -1.41396218 0.452032562 0.00600097252 0 0 0
volume_proxy 1295 0.750041393 0.04772478 -0.000605842824 0 0 0
volume_proxy 1296 -0.132189547 -0.868611889 0.00276935612 0 0 0
volume_proxy 1340 1.10317613 -0.264904639 0.00816455484 0 0 0
volume_proxy 1380 -1.48625935 -0.404134423 0.00449060735 0 0 0
volume_proxy 1386 1.35785026 0.450734263 -0.0103878503 0 0 0
volume_proxy 1397 0.335893742 0.606948997 0.00438989404 0 0 0
volume_proxy 1409 -0.00839483914 0.531138685 0.00997871197 0 0 0
volume_proxy 1413 0.898667794 0.96647736 0.00297510281 0 0 0
volume_proxy 1422 0.259666047 -0.794472465 -0.0107658838 0 0 0
volume_proxy 1433 1.01025178 0.447239227 -0.00902605576 0 0 0
volume_proxy 1437 -0.134500253 -0.635777468 -0.00347114467 0 0 0
volume_proxy 1459 -0.676639314 -0.491514669 -0.000387129031 0 0 0
volume_proxy 1460 -0.0161867685 0.718049647 0.00254921852 0 0 0
volume_proxy 1461 -1.32350886 0.831446002 0.00105819906 0 0 0
volume_proxy 1466 -0.114307968 0.450040151 0.00618629476 0 0 0
volume_proxy 1472 -1.21927279 0.991359612 -0.00955166031 0 0 0
volume_proxy 1474 1.39094514 0.19706875 0.00461613926 0 0 0
volume_proxy 1481 0.161441348 0.891038702 0.00909658817 0 0 0
volume_proxy 1482 1.31696894 0.848670751 0.00420868058 0 0 0
volume_proxy 1485 0.666149406 -0.539214928 0.00192320676 0 0 0
volume_proxy 1489 0.313889473 -0.777045083 0.00965261606 0 0 0
volume_proxy 1490 0.557514665 0.990377396 9.94125552e-05 0 0 0
volume_proxy 1496 -1.19556817 0.729989206 -0.00558996781 0 0 0
volume_proxy 1498 -0.126273739 0.206749912 -0.00638074851 0 0 0
volume_proxy 1503 -1.32406784 -0.601485647 -0.0017050086 0 0 0
volume_proxy 1506 0.356967125 0.766962078 0.01054181 0 0 0
volume_proxy 1507 -1.23506677 -0.212736492 0.00630187359 0 0 0
volume_proxy 1508 -0.277322323 -0.0922477048 0.00154450508 0 0 0
volume_proxy 1509 -1.42785037 -0.0184455585 -0.0106891762 0 0 0
volume_proxy 1510 -0.00129015507 -0.837734251 -0.00418244723 0 0 0
volume_proxy 1511 1.0343908 0.213997245 0.00201250728 0 0 0
volume_proxy 1513 -1.29322917 0.437698779 0.00864392322 0 0 0
volume_proxy 1515 0.803137423 -0.839161223 0.00469178852 0 0 0
volume_proxy 1516 -0.235105612 -0.904568148 -0.00349855919 0 0 0
volume_proxy 1517 -1.39781522 -0.422021214 -0.00657310173 0 0 0
volume_proxy 1519 -0.0708182155 -0.763866474 -0.00698270221 0 0 0
volume_proxy 1520 0.13002088 -0.278740419 0.00795665715 0 0 0
volume_proxy 1521 -1.28394768 -0.673296215 0.00585003172 0 0 0
volume_proxy 1523 0.478490441 -0.311891289 -0.000123591817 0 0 0
volume_proxy 1525 -0.98787689 0.856105625 -0.00154357758 0 0 0
volume_proxy 1526 0.890434546 -0.652596333 0.00898252748 0 0 0
volume_proxy 1528 0.681016452 -0.671939391 0.00830715377 0 0 0
volume_proxy 1529 -1.30146492 0.0660298592 -0.00382199962 0 0 0
volume_proxy 1531 0.289565834 0.600066931 -0.000587651835 0 0 0
volume_proxy 1533 1.15240859 0.0899372301 -0.000718472872 0 0 0
volume_proxy 1534 -0.0259794149 0.799923305 -0.00407191467 0 0 0
volume_proxy 1535 0.876961177 0.657515895 -0.00485527672 0 0 0
volume_proxy 1536 -0.467917251 -0.534181008 -0.00553168864 0 0 0
volume_proxy 1537 -0.410919774 -0.763645537 3.77181392e-05 0 0 0
volume_proxy 1538 1.13476955 -0.176023528 0.00574658123 0 0 0
