volume_proxy 0 0.80761445 0.237292818 -0.00560232671 0 0 0
volume_proxy 1 -0.0143880878 -0.805325766 0.00321361364 0 0 0
volume_proxy 2 0.717621154 -0.0503937934 0.00699604972 0 0 0
volume_proxy 4 1.09338484 0.906782342 0.000516720798 0 0 0
volume_proxy 5 -0.409830997 0.301886172 -0.00359286246 0 0 0
volume_proxy 6 1.02659713 0.335798057 -0.000931208222 0 0 0
volume_proxy 7 -0.440447021 0.0514246731 -0.00438429688 0 0 0
volume_proxy 8 0.43807038 -0.582185346 -0.00630031649 0 0 0
volume_proxy 9 1.27152873 0.445225564 0.00150315816 0 0 0
volume_proxy 11 -1.10850622 0.854091306 -0.00904099329 0 0 0
volume_proxy 12 0.521395512 -0.481465158 0.00441806718 0 0 0
volume_proxy 13 -0.917813631 -0.92404785 -0.00566009802 0 0 0
volume_proxy 14 0.346902344 0.0890943866 -0.00205192419 0 0 0
volume_proxy 15 -0.0822754849 -0.706945111 0.00648309869 0 0 0
volume_proxy 16 -1.2086396 0.954110544 0.00972736374 0 0 0
volume_proxy 17 -0.754461996 -0.0212998135 -0.00765945115 0 0 0
volume_proxy 18 -1.39823934 -0.628665708 -0.00193762855 0 0 0
volume_proxy 19 -1.15855044 -0.53853794 -0.00103753455 0 0 0
volume_proxy 21 -0.537530578 0.537083479 0.00883788209 0 0 0
volume_proxy 22 1.0594604 0.298253229 -0.00675392325 0 0 0
volume_proxy 23 -0.439312344 -0.0888347759 0.00254446102 0 0 0
volume_proxy 24 -0.754938297 0.496983384 -0.00148264151 0 0 0
volume_proxy 25 -1.09545967 -0.088701252 0.00125227982 0 0 0
volume_proxy 26 -0.549172859 0.439689842 -0.00285001376 0 0 0
volume_proxy 31 -0.750575461 -0.12177116 0.00888644806 0 0 0
volume_proxy 32 -0.399215368 -0.707742913 -0.00584756031 0 0 0
volume_proxy 35 0.0866988237 0.781568885 -0.000908827121 0 0 0
volume_proxy 36 0.614692624 0.755770222 0.0054325161 0 0 0
volume_proxy 37 -1.06108297 -0.881182359 0.00645649018 0 0 0
volume_proxy 38 0.681830558 -0.132403646 0.00192055968 0 0 0
volume_proxy 40 -0.0399191935 -0.427797532 0.000692645016 0 0 0
volume_proxy 42 1.49565955 -0.366347008 0.00247446012 0 0 0
volume_proxy 43 -0.412765065 -0.436748508 -0.00969151165 0 0 0
volume_proxy 45 0.294960581 0.725486658 -0.00745128688 0 0 0
volume_proxy 46 0.53584425 -0.893536159 -0.00382884356 0 0 0
volume_proxy 47 1.46599002 0.529349613 -0.00709960975 0 0 0
volume_proxy 48 -0.317811342 -0.372147049 0.00769135372 0 0 0
volume_proxy 49 0.176969902 -0.400078274 -0.00369133014 0 0 0
volume_proxy 50 -0.241051087 -0.953204548 0.00367933363 0 0 0
volume_proxy 51 -1.34317499 0.880130923 -0.000299939886 0 0 0
volume_proxy 52 -1.40224399 -0.765354531 -5.98158981e-05 0 0 0
volume_proxy 53 0.163733986 -0.367529058 -0.00812744378 0 0 0
volume_proxy 54 -0.722958453 0.530790331 0.00692081451 0 0 0
volume_proxy 55 -1.02399188 -0.111712738 -0.0035875718 0 0 0
volume_proxy 56 -1.20165795 0.730232226 -0.00794662133 0 0 0
volume_proxy 57 -1.31991916 -0.327411683 0.000683419932 0 0 0
volume_proxy 58 0.25936885 -0.620113004 0.0017533482 0 0 0
volume_proxy 59 -0.373392348 0.224450836 -0.00587051971 0 0 0
volume_proxy 60 -0.0633860249 0.301334229 -0.00529260135 0 0 0
volume_proxy 61 -1.38669518 -0.227331907 -0.00845617269 0 0 0
volume_proxy 62 -0.0147732208 0.198798769 0.00500954161 0 0 0
volume_proxy 63 0.648547882 0.0968307034 -0.0106456597 0 0 0
volume_proxy 64 -0.36145035 -0.115723105 -0.010607199 0 0 0
volume_proxy 66 0.432429036 0.664487217 0.000874437884 0 0 0
volume_proxy 69 -0.407802829 -0.290597021 -0.00179958166 0 0 0
volume_proxy 71 0.705113521 0.778509985 0.00450712344 0 0 0
volume_proxy 72 0.613729051 -0.0594548004 0.00322955108 0 0 0
volume_proxy 73 0.937859127 -0.728397911 0.00653548146 0 0 0
volume_proxy 75 0.870687811 -0.763957762 0.00688129625 0 0 0
volume_proxy 77 1.2958615 -0.0527225306 0.0099763309 0 0 0
volume_proxy 78 1.43172192 0.0918038887 0.00324725345 0 0 0
volume_proxy 79 -0.750923879 0.193648505 -0.00713265648 0 0 0
volume_proxy 80 -0.686423149 0.736605056 0.0105271512 0 0 0
volume_proxy 81 -1.06749195 0.983158341 0.00280277362 0 0 0
volume_proxy 84 -0.636117182 -0.157965769 0.008588941 0 0 0
volume_proxy 85 -0.858857618 0.217842247 -0.00909065161 0 0 0
volume_proxy 86 0.281993077 -0.436293935 -0.00514498444 0 0 0
volume_proxy 87 0.923556026 0.422643655 0.00412335084 0 0 0
volume_proxy 88 -0.742415121 0.403918488 -0.00852461809 0 0 0
volume_proxy 90 0.656514375 -0.744056003 -0.00373395751 0 0 0
volume_proxy 91 0.94375202 -0.844051483 -0.0100019991 0 0 0
volume_proxy 93 0.0534860128 0.211681054 -0.00120622887 0 0 0
volume_proxy 94 -0.600152441 -0.648083867 -0.0101750508 0 0 0
volume_proxy 96 0.920713425 -0.599438037 -6.85268924e-05 0 0 0
volume_proxy 97 0.732879627 0.0147358435 -0.0097116891 0 0 0
volume_proxy 100 -0.239975166 -0.892129994 0.0040202957 0 0 0
volume_proxy 101 -0.828815621 -0.0367739975 -0.00980869972 0 0 0
volume_proxy 102 0.103963688 -0.818794705 -0.000184676404 0 0 0
volume_proxy 103 0.491311105 -0.534402194 -0.00773542194 0 0 0
volume_proxy 104 0.555824091 0.996737488 -0.00758396914 0 0 0
volume_proxy 105 -0.377508327 -0.361396237 -0.00718310648 0 0 0
volume_proxy 106 0.101136387 -0.907979174 0.000341102156 0 0 0
volume_proxy 107 0.407537176 0.227904069 -0.00141491308 0 0 0
volume_proxy 108 1.09766223 -0.29321721 2.86738034e-05 0 0 0
volume_proxy 111 0.605799347 0.343710303 0.0089632799 0 0 0
volume_proxy 112 0.952049662 0.148986447 0.00770564264 0 0 0
volume_proxy 113 -0.716509777 -0.0457188813 -0.00394812425 0 0 0
volume_proxy 114 -1.05490596 -0.208991973 -0.00614817261 0 0 0
volume_proxy 115 1.18031812 -0.362283371 -0.002145902 0 0 0
volume_proxy 116 -1.25373551 -0.993254555 0.00406524091 0 0 0
volume_proxy 121 0.567580928 0.734318333 0.00119998405 0 0 0
volume_proxy 123 0.530239683 -0.869465043 -0.00473529578 0 0 0
volume_proxy 124 -0.575330789 0.165657801 -0.00445280707 0 0 0
volume_proxy 125 -0.922267966 -0.723716489 -0.0094717972 0 0 0
volume_proxy 126 -0.434693722 -0.351029343 0.00326472135 0 0 0
volume_proxy 127 -0.0538412867 0.0346080954 -0.00544038591 0 0 0
volume_proxy 130 0.823250426 -0.419734057 0.00240321938 0 0 0
volume_proxy 131 0.750063364 -0.0401430063 -0.00189639737 0 0 0
volume_proxy 132 0.330888248 0.701632777 -0.00900253185 0 0 0
volume_proxy 135 0.588129141 -0.249126465 -0.00279601706 0 0 0
volume_proxy 138 0.362356237 -0.74571781 0.00557570763 0 0 0
volume_proxy 139 -0.273026517 0.373745256 -0.00523886479 0 0 0
volume_proxy 140 -0.687180002 0.712306195 -0.00143539555 0 0 0
volume_proxy 141 1.27880659 -0.577872407 -0.00465937886 0 0 0
volume_proxy 144 -1.32152229 0.24336699 0.00940361498 0 0 0
volume_proxy 145 -0.669333569 -0.78990594 -0.000443543681 0 0 0
volume_proxy 146 1.10070131 -0.663204359 0.00819889503 0 0 0
volume_proxy 147 0.698463172 0.0167464583 -0.0092300346 0 0 0
volume_proxy 149 -1.22469601 0.76605996 0.00768380528 0 0 0
volume_proxy 153 -0.938013168 -0.767386854 0.0037797384 0 0 0
volume_proxy 155 0.798826158 0.223990395 0.00951874531 0 0 0
volume_proxy 157 1.05407033 0.62424794 0.0104534973 0 0 0
volume_proxy 159 0.179887912 -0.1599432 0.000142933635 0 0 0
volume_proxy 160 -0.182539767 -0.386850865 -0.0105886629 0 0 0
volume_proxy 161 0.0681485862 -0.118710767 0.0104690379 0 0 0
volume_proxy 163 -1.46108286 0.734586065 0.00700756956 0 0 0
volume_proxy 164 -1.46250634 0.830270671 -0.00669377784 0 0 0
volume_proxy 165 0.902032094 0.248884701 -0.00159186065 0 0 0
volume_proxy 167 0.256230338 -0.0757729444 0.0105497041 0 0 0
volume_proxy 168 1.07470903 0.426073972 -0.00948911949 0 0 0
volume_proxy 169 0.879392363 -0.159033989 -0.00693462676 0 0 0
volume_proxy 170 1.06872171 -0.487568199 0.00864417816 0 0 0
volume_proxy 171 -0.738087551 0.63561152 0.00151752525 0 0 0
volume_proxy 172 -1.34290441 0.572924969 -0.00293042455 0 0 0
volume_proxy 173 0.139150231 0.515221883 0.0105882568 0 0 0
volume_proxy 174 0.814088813 -0.464742972 0.0100021162 0 0 0
volume_proxy 176 0.0599447722 -0.183166962 0.00577716598 0 0 0
volume_proxy 178 -0.709766201 0.0324655331 0.000711019434 0 0 0
volume_proxy 181 0.258239277 -0.505142638 -0.00556267542 0 0 0
volume_proxy 182 -0.29386886 0.91587474 0.0103032352 0 0 0
volume_proxy 183 1.01775691 -0.910328706 -0.00766912998 0 0 0
volume_proxy 186 -0.365303486 -0.641796048 -0.00517978176 0 0 0
volume_proxy 187 -0.497414905 0.467309055 -0.00959323297 0 0 0
volume_proxy 189 -1.05145613 0.20913605 -0.00491293129 0 0 0
volume_proxy 192 0.421777563 -0.254611866 0.0104004282 0 0 0
volume_proxy 194 -0.169365013 -0.78601528 -0.00977746309 0 0 0
volume_proxy 195 -1.37900345 0.597105274 0.00118024443 0 0 0
volume_proxy 196 0.628351549 0.699208411 -0.00605661844 0 0 0
volume_proxy 197 -0.381291409 -0.687791949 0.00285272106 0 0 0
volume_proxy 198 0.920911134 -0.931619646 -0.00681884074 0 0 0
volume_proxy 200 -0.860932126 0.202182043 0.00111082195 0 0 0
volume_proxy 201 -1.30177029 0.468961411 0.00593520696 0 0 0
volume_proxy 202 -0.189752236 0.96169417 -0.00571117143 0 0 0
volume_proxy 204 -1.27931978 -0.0446845031 -0.00116858401 0 0 0
volume_proxy 206 0.408224253 0.0646590577 0.00652312768 0 0 0
volume_proxy 208 -1.2988772 0.912436045 -0.00629089325 0 0 0
volume_proxy 209 -1.0885031 -0.87585524 -0.00831541855 0 0 0
volume_proxy 210 0.403090148 0.245537924 -0.00852217033 0 0 0
volume_proxy 211 -0.284929576 -0.815974258 0.00168116461 0 0 0
volume_proxy 212 1.27259326 -0.287715153 0.00284942011 0 0 0
volume_proxy 213 0.0564468506 -0.55881767 -0.0105779449 0 0 0
volume_proxy 218 -0.324052979 0.977439698 0.00678627025 0 0 0
volume_proxy 219 -0.189374891 0.169095446 0.0010242018 0 0 0
volume_proxy 220 1.37097704 0.304195313 -0.00665106257 0 0 0
volume_proxy 221 -0.203145113 0.560531972 -0.00337774203 0 0 0
volume_proxy 223 -1.40397855 0.381901202 0.00746660576 0 0 0
volume_proxy 224 0.556948463 -0.949305361 -0.000912129875 0 0 0
volume_proxy 225 -1.18154672 0.151443717 0.00915867391 0 0 0
volume_proxy 226 -0.77071572 -0.389847916 0.0106358824 0 0 0
volume_proxy 227 -0.59251601 -0.598745529 -0.00339225113 0 0 0
volume_proxy 228 -0.443132434 -0.12473304 -0.00160457965 0 0 0
volume_proxy 229 0.615139486 0.100397012 0.00442502015 0 0 0
volume_proxy 230 -0.144447845 0.894640811 -0.00339724626 0 0 0
volume_proxy 231 0.556354988 0.0947322895 -0.00181059785 0 0 0
volume_proxy 232 0.848514471 0.929781948 0.00980721265 0 0 0
volume_proxy 233 1.3805651 0.939797163 -0.00643943429 0 0 0
volume_proxy 235 -0.766436048 -0.8591679 -0.00366853033 0 0 0
volume_proxy 236 1.22319465 0.221942015 0.00509407186 0 0 0
volume_proxy 237 0.567442454 0.638314299 0.000362881556 0 0 0
volume_proxy 238 0.157385056 -0.357128752 -0.00635271925 0 0 0
volume_proxy 239 0.481337524 -0.0669569076 0.00519425146 0 0 0
volume_proxy 240 0.180643817 0.229415747 -0.00204070411 0 0 0
volume_proxy 242 1.47481017 0.180484534 0.00691257298 0 0 0
volume_proxy 244 -0.0192386272 0.314355335 -0.000127893365 0 0 0
volume_proxy 245 0.341869894 -0.390326618 0.000312083375 0 0 0
volume_proxy 246 -0.968714032 -0.074550433 -0.0107566084 0 0 0
volume_proxy 247 1.02328504 -0.701091666 -0.00757114542 0 0 0
volume_proxy 249 1.34191873 0.232770445 0.00467130463 0 0 0
volume_proxy 251 0.510003511 0.795742608 -0.00777649078 0 0 0
volume_proxy 252 -0.70455269 -0.897138768 -0.00410306486 0 0 0
volume_proxy 254 -1.30593068 0.65927494 -0.00259121457 0 0 0
volume_proxy 256 0.225086878 -0.116304985 -0.00438162664 0 0 0
volume_proxy 257 -0.339582166 0.639119715 0.00347942934 0 0 0
volume_proxy 258 0.127031917 -0.22052524 -0.00165726579 0 0 0
volume_proxy 259 -0.168244125 -0.0592687926 -0.00175404441 0 0 0
volume_proxy 260 -0.00989892282 0.871292015 0.00553114633 0 0 0
volume_proxy 261 1.27573138 0.816585942 -0.0101558606 0 0 0
volume_proxy 262 -1.13332352 -0.0436112404 -0.00723137285 0 0 0
volume_proxy 268 0.0879524664 0.133067888 -0.00569200245 0 0 0
volume_proxy 269 0.820319516 -0.265292715 -0.010243265 0 0 0
volume_proxy 270 1.14724597 -0.514645601 0.00290819374 0 0 0
volume_proxy 271 -1.27744449 -0.0653617003 -0.00707564736 0 0 0
volume_proxy 272 0.0785834272 -0.829917967 0.00425304877 0 0 0
volume_proxy 273 1.31820205 0.946180078 -0.00381752695 0 0 0
volume_proxy 274 -0.576983927 -0.180967338 -0.0075135706 0 0 0
volume_proxy 275 -1.09631043 0.982506371 -0.0069188528 0 0 0
volume_proxy 276 0.336740851 0.18211596 0.00127986897 0 0 0
volume_proxy 277 -0.670228786 -0.562797384 0.0100271058 0 0 0
volume_proxy 279 -0.913922725 -0.757378407 -0.00328315775 0 0 0
volume_proxy 281 -1.19559287 0.80976018 -0.00273973645 0 0 0
volume_proxy 282 0.293032533 -0.474657494 -0.00118782646 0 0 0
volume_proxy 283 -0.998095585 0.462629005 -0.00697459608 0 0 0
volume_proxy 284 -1.24425833 0.736368973 0.000736321195 0 0 0
volume_proxy 285 -0.768245818 -0.56245847 0.00699654444 0 0 0
volume_proxy 292 -0.867781027 -0.659186027 -0.00268761529 0 0 0
volume_proxy 293 1.44907557 0.358904467 -0.00480720202 0 0 0
volume_proxy 294 -0.741751587 0.883551091 0.00913030604 0 0 0
volume_proxy 295 0.0192983099 -0.568772713 0.000286008234 0 0 0
volume_proxy 296 0.337043763 -0.391325489 -0.00712259964 0 0 0
volume_proxy 297 0.811562714 0.195032 -0.00362283044 0 0 0
volume_proxy 298 0.513571389 -0.681867762 -0.00651953084 0 0 0
volume_proxy 299 -1.21321047 0.781431876 -0.00206669971 0 0 0
volume_proxy 303 -0.162675756 -0.306868808 0.00917555363 0 0 0
volume_proxy 304 -1.02571942 0.984302911 0.00938397935 0 0 0
volume_proxy 305 0.718250495 0.710103278 -0.00101960345 0 0 0
volume_proxy 307 -1.47912944 -0.302083494 -0.00311720895 0 0 0
volume_proxy 308 0.710647927 -0.806381405 0.00771687643 0 0 0
volume_proxy 309 0.562905522 0.625914925 0.00850359878 0 0 0
volume_proxy 310 0.924523948 -0.252220493 -0.00907399104 0 0 0
volume_proxy 311 -0.0719945555 -0.638282919 0.0103475402 0 0 0
volume_proxy 312 0.143639046 -0.174371699 0.00282218445 0 0 0
volume_proxy 313 0.806809827 0.759580627 0.00434851672 0 0 0
volume_proxy 314 -0.372407444 -0.347998109 0.00986282215 0 0 0
volume_proxy 315 -0.206570614 0.35699081 0.00863149687 0 0 0
volume_proxy 316 -0.137553267 -0.154143717 -0.0025040158 0 0 0
volume_proxy 318 -0.810364607 -0.0175695396 0.00502663503 0 0 0
volume_proxy 319 -0.217819801 -0.497169089 0.0035345252 0 0 0
volume_proxy 321 -0.404906156 -0.977781323 -0.0104268516 0 0 0
volume_proxy 322 0.517515839 0.661559991 0.000745261283 0 0 0
volume_proxy 324 -0.940065623 -0.956129755 -0.00875118508 0 0 0
volume_proxy 325 -0.238313536 0.77249234 0.00439262266 0 0 0
volume_proxy 326 -1.03227805 0.65575289 -0.00521142653 0 0 0
volume_proxy 327 1.38441763 -0.763540253 -0.00580255633 0 0 0
volume_proxy 328 0.608230683 0.539600364 -0.0059208677 0 0 0
volume_proxy 329 0.266655084 0.988462584 -0.00718745605 0 0 0
volume_proxy 330 0.598742151 -0.295196406 0.0039200584 0 0 0
volume_proxy 331 -1.37594856 0.580539496 -0.00455214049 0 0 0
volume_proxy 333 -1.40790328 -0.554639412 0.00992915958 0 0 0
volume_proxy 334 0.83440018 -0.763537329 -0.00943155948 0 0 0
volume_proxy 335 -0.891802501 -0.251822485 -0.00172323237 0 0 0
volume_proxy 337 -0.931373466 0.367904792 0.00186942945 0 0 0
volume_proxy 338 -0.388101675 0.0238935637 -0.000580512748 0 0 0
volume_proxy 339 -0.455369191 -0.179415278 0.00747291786 0 0 0
volume_proxy 340 0.216555333 0.861999108 -0.00253984931 0 0 0
volume_proxy 341 1.12055049 0.543987614 -0.00122540888 0 0 0
volume_proxy 342 -0.292200446 0.0268390996 0.00502274326 0 0 0
volume_proxy 343 -0.299271602 0.738180846 0.00445243258 0 0 0
volume_proxy 344 0.788570632 0.250007459 -0.00847861531 0 0 0
volume_proxy 345 -0.896547846 0.289125969 0.00581943026 0 0 0
volume_proxy 347 0.167167562 -0.11688321 0.00151856688 0 0 0
volume_proxy 349 0.0260337219 0.278657981 0.00820971276 0 0 0
volume_proxy 350 -0.664902639 0.585614588 0.0044583832 0 0 0
volume_proxy 351 -1.43931493 0.0362988039 -0.00831038058 0 0 0
volume_proxy 352 1.4525542 0.759434874 -0.0105565724 0 0 0
volume_proxy 353 0.000849444677 0.679492437 -0.00621866084 0 0 0
volume_proxy 355 0.929086876 0.172640635 -0.00882964188 0 0 0
volume_proxy 356 0.773965904 0.31306423 -0.00831073811 0 0 0
volume_proxy 357 -1.22141847 -0.958726384 -0.00172387256 0 0 0
volume_proxy 358 1.42612347 0.697363345 0.0062087399 0 0 0
volume_proxy 359 0.362948307 0.103858478 0.0103391028 0 0 0
volume_proxy 361 0.101974396 -0.510586916 0.0101014961 0 0 0
volume_proxy 363 1.49470364 0.601782483 0.00321238525 0 0 0
volume_proxy 364 1.2948318 -0.867562286 0.00150512358 0 0 0
volume_proxy 365 -0.722522098 0.771641474 -0.00581249232 0 0 0
volume_proxy 366 1.48040836 -0.387542459 0.000923278478 0 0 0
volume_proxy 370 1.45556752 0.339063928 -0.00862880126 0 0 0
volume_proxy 371 -1.09482074 0.510948761 -0.00616016235 0 0 0
volume_proxy 372 0.176355164 0.10464023 -0.00524691951 0 0 0
volume_proxy 373 1.25279224 0.175260222 0.002866293 0 0 0
volume_proxy 374 1.21038284 -0.901245393 -0.00335967402 0 0 0
volume_proxy 375 1.15133884 0.686315578 0.00737621126 0 0 0
volume_proxy 376 0.447847186 -0.134327609 0.00900140728 0 0 0
volume_proxy 377 0.611676146 -0.553137535 0.00346771381 0 0 0
volume_proxy 379 -1.45712649 0.254287582 0.00638903171 0 0 0
volume_proxy 380 -0.644814045 -0.440793578 0.00817380464 0 0 0
volume_proxy 382 -0.236373543 -0.513768636 -0.00650829493 0 0 0
volume_proxy 383 0.0943915006 -0.817828601 -0.00213266442 0 0 0
volume_proxy 384 -0.029386509 0.507019357 0.00910046958 0 0 0
volume_proxy 385 0.802613049 -0.333928122 0.00308116692 0 0 0
volume_proxy 387 -0.341130167 0.256304814 -0.00702627173 0 0 0
volume_proxy 388 -1.17546296 0.190628453 0.00650382964 0 0 0
volume_proxy 389 -0.170041815 0.344110699 -0.00550983112 0 0 0
volume_proxy 390 -1.45831809 -0.396231033 -0.0102922083 0 0 0
volume_proxy 391 -1.4514102 0.923421027 0.00190811048 0 0 0
volume_proxy 392 -0.453671144 0.946197485 0.00147318217 0 0 0
volume_proxy 393 1.25939754 -0.00684325995 -0.00873851532 0 0 0
volume_proxy 394 -0.729497425 0.916049332 0.00967420653 0 0 0
volume_proxy 395 -0.154139739 -0.730204339 0.00455656305 0 0 0
volume_proxy 396 -0.923772473 0.506195459 0.00301412978 0 0 0
volume_proxy 397 1.12097699 0.266358689 0.00172552079 0 0 0
volume_proxy 399 0.659024899 -0.87962266 -0.00102574208 0 0 0
volume_proxy 400 -0.648051238 -0.384962252 0.00116755456 0 0 0
volume_proxy 401 0.477011088 0.110118399 -0.00450428022 0 0 0
volume_proxy 402 -0.849793383 -0.414067342 -0.0078245142 0 0 0
volume_proxy 404 0.019920424 -0.793693549 -0.0032413328 0 0 0
volume_proxy 405 1.10109834 -0.0867349977 -0.00295484104 0 0 0
volume_proxy 406 0.925878254 -0.206207115 -0.00015441423 0 0 0
volume_proxy 408 0.325412503 -0.744896758 -0.00944798715 0 0 0
volume_proxy 409 0.229788036 -0.664332315 0.00668489643 0 0 0
volume_proxy 411 -0.215749593 0.375887739 -0.00809228363 0 0 0
volume_proxy 412 1.37942837 -0.0399845151 0.00509894998 0 0 0
volume_proxy 413 0.116563463 0.524034951 -0.00255281097 0 0 0
volume_proxy 414 1.30380332 0.578988008 0.00651111509 0 0 0
volume_proxy 415 -1.08933328 -0.713066777 -0.0044744254 0 0 0
volume_proxy 418 0.0489857578 -0.544479678 -0.00875368608 0 0 0
volume_proxy 419 -1.17753102 -0.57540939 0.0070638684 0 0 0
volume_proxy 420 1.18263718 -0.583032994 -0.0075914506 0 0 0
volume_proxy 421 -0.540860983 -0.823687903 0.000453569426 0 0 0
volume_proxy 422 -0.534103518 0.391562052 -0.0101383736 0 0 0
volume_proxy 424 0.925916598 0.752470304 -0.000272819429 0 0 0
volume_proxy 425 0.317285037 -0.45551724 -0.00951865077 0 0 0
volume_proxy 426 -0.692413508 0.741863598 -0.00556632654 0 0 0
volume_proxy 430 0.849172148 0.462768768 0.00779110884 0 0 0
volume_proxy 431 -1.43581311 -0.985868019 0.00594162566 0 0 0
volume_proxy 434 -0.55806804 -0.544416822 -0.00151455799 0 0 0
volume_proxy 435 -1.41263276 -0.9421983 -0.00317751663 0 0 0
volume_proxy 436 0.702207705 -0.135949943 -0.00750807949 0 0 0
volume_proxy 438 -0.309999936 0.0897038074 -0.00307304577 0 0 0
volume_proxy 440 0.210114765 -0.623012514 0.010042707 0 0 0
volume_proxy 442 -0.43142416 -0.84346842 5.79771299e-05 0 0 0
volume_proxy 443 0.98564615 -0.665656027 0.00362235228 0 0 0
volume_proxy 444 0.66182858 -0.928730744 0.010672554 0 0 0
volume_proxy 445 -1.21550599 -0.535455685 -0.00683314006 0 0 0
volume_proxy 448 -0.720945261 0.124224918 0.00785114925 0 0 0
volume_proxy 450 1.22984617 0.815870777 -0.00743886109 0 0 0
volume_proxy 451 0.524589682 -0.331095271 0.00892263229 0 0 0
volume_proxy 452 -0.20359335 0.991819897 -0.000824942599 0 0 0
volume_proxy 453 -1.49863189 0.503864133 -0.00197934004 0 0 0
volume_proxy 455 1.35077416 0.200494995 -0.000836330858 0 0 0
volume_proxy 456 0.504619961 -0.763969071 -0.00780292958 0 0 0
volume_proxy 457 -1.49347901 0.432208979 0.00330318611 0 0 0
volume_proxy 459 -0.916233982 0.389795415 0.00215582871 0 0 0
volume_proxy 462 -0.530585444 -0.543572178 0.00312460395 0 0 0
volume_proxy 463 0.714370955 -0.732825061 -0.0058273665 0 0 0
volume_proxy 465 -0.251846651 0.837786503 0.00624937491 0 0 0
volume_proxy 468 0.517339668 0.177027487 0.00911203387 0 0 0
volume_proxy 470 1.43359467 0.939727443 -0.00471887147 0 0 0
volume_proxy 471 0.633101431 -0.858024198 0.00311288058 0 0 0
volume_proxy 472 1.03930412 0.614568052 -0.00509409428 0 0 0
volume_proxy 474 -0.287330266 -0.873811977 -0.00310082172 0 0 0
volume_proxy 475 -0.270870281 0.48718341 1.29180942e-05 0 0 0
volume_proxy 481 0.302001863 -0.393907757 -0.00465909649 0 0 0
volume_proxy 484 0.204378472 -0.727975121 -0.00733862078 0 0 0
volume_proxy 485 -0.361258331 -0.760400681 0.00625600618 0 0 0
volume_proxy 486 -1.06127942 -0.140166534 0.00849647158 0 0 0
volume_proxy 487 -0.405157893 0.76505862 -0.00666335561 0 0 0
volume_proxy 488 -0.869721558 -0.951633529 0.00527356231 0 0 0
volume_proxy 489 -0.733630264 -0.514947064 0.000973548674 0 0 0
volume_proxy 490 -0.138105802 0.797408691 -0.000419817378 0 0 0
volume_proxy 492 1.22524189 -0.932947889 0.0076600535 0 0 0
volume_proxy 493 -1.06129353 -0.380295707 -0.00951401634 0 0 0
volume_proxy 494 -0.453131451 0.691714172 -0.0034076137 0 0 0
volume_proxy 495 -0.624599582 -0.298225324 0.000630733147 0 0 0
volume_proxy 497 -1.46425087 -0.816623672 0.00568940608 0 0 0
volume_proxy 499 1.27070747 -0.854105014 -0.00653401707 0 0 0
volume_proxy 500 -1.04060878 -0.365717543 0.00719983282 0 0 0
volume_proxy 501 -1.4050073 0.884176945 0.00493145031 0 0 0
volume_proxy 502 0.859084848 -0.254672679 -0.00530563322 0 0 0
volume_proxy 503 -0.287198253 0.394168889 0.000291345154 0 0 0
volume_proxy 504 1.36538887 0.506197132 0.00175901347 0 0 0
volume_proxy 506 0.853709232 -0.415523643 0.0021457461 0 0 0
volume_proxy 508 0.98154797 0.541823736 -0.00907152042 0 0 0
volume_proxy 510 -0.106261277 -0.438040294 0.00365854445 0 0 0
volume_proxy 512 0.349797645 -0.47248487 0.00147397355 0 0 0
volume_proxy 513 0.418431899 -0.0913719889 0.00296317226 0 0 0
volume_proxy 518 0.966696315 -0.448961689 -0.000773579054 0 0 0
volume_proxy 519 -0.876481767 0.939251009 -0.00997620078 0 0 0
volume_proxy 522 1.22970135 -0.623721297 -0.00236511542 0 0 0
volume_proxy 525 -0.0792854094 0.720352846 0.0103265964 0 0 0
volume_proxy 526 0.711192101 0.636627784 0.00176892446 0 0 0
volume_proxy 527 -0.506840034 -0.2939636 0.00387370498 0 0 0
volume_proxy 529 0.928073634 -0.842243306 -0.00978306484 0 0 0
volume_proxy 531 0.178351668 0.231778957 0.00483274255 0 0 0
volume_proxy 533 -1.01204353 -0.479769025 -0.000190478356 0 0 0
volume_proxy 534 -0.594933654 -0.942873978 -0.00468734947 0 0 0
volume_proxy 536 -0.852573399 -0.901239243 -0.00869005428 0 0 0
volume_proxy 537 -1.23479682 -0.122216555 0.00309108945 0 0 0
volume_proxy 540 0.401971378 -0.787427466 0.0025801077 0 0 0
volume_proxy 542 1.04178399 0.21728851 -0.000729853433 0 0 0
volume_proxy 544 0.585615957 0.755915467 0.00577840929 0 0 0
volume_proxy 545 -1.00125733 0.623659485 0.00239255241 0 0 0
volume_proxy 546 -1.08514888 -0.72203553 0.0015277494 0 0 0
volume_proxy 547 1.26691262 0.369483957 0.00102737124 0 0 0
volume_proxy 549 0.469862845 -0.808428041 -0.00581798732 0 0 0
volume_proxy 550 0.0287047521 0.107120006 0.00884845352 0 0 0
volume_proxy 552 -0.166260159 -0.638161952 0.00900796002 0 0 0
volume_proxy 553 1.12023339 -0.559134068 -0.010061195 0 0 0
volume_proxy 554 0.126642944 -0.303750131 -0.00263231903 0 0 0
volume_proxy 555 1.40944715 0.069291888 -0.0102011691 0 0 0
volume_proxy 558 0.411543447 -0.865600698 0.00995644671 0 0 0
volume_proxy 559 1.30692997 0.804128564 -0.000438441621 0 0 0
volume_proxy 561 1.20993035 0.948380723 -0.00368689644 0 0 0
volume_proxy 562 -0.853127582 0.665026894 0.00712324687 0 0 0
volume_proxy 563 -0.738405396 0.888421747 -0.00769316566 0 0 0
volume_proxy 564 -1.48726828 0.910827298 -0.000885910208 0 0 0
volume_proxy 565 -0.263903747 0.0866048669 0.00802139331 0 0 0
volume_proxy 567 -1.12284266 0.34764753 0.00129925881 0 0 0
volume_proxy 568 -0.262867088 0.40897774 0.00254068845 0 0 0
volume_proxy 569 -1.25078416 0.789606475 -0.00221376657 0 0 0
volume_proxy 571 0.93319036 0.98221135 0.00399735161 0 0 0
volume_proxy 572 0.0961074845 -0.737648786 0.00470245333 0 0 0
volume_proxy 574 0.114729244 -0.489976514 0.00308704909 0 0 0
volume_proxy 575 -1.4055597 0.808866462 -0.00536081779 0 0 0
volume_proxy 576 -0.217088149 0.647150493 -0.00590538249 0 0 0
volume_proxy 577 -0.964308659 0.391001526 0.00397127398 0 0 0
volume_proxy 578 -0.784483891 0.900561496 0.00660638631 0 0 0
volume_proxy 579 -1.01901237 0.517693384 -0.00831683428 0 0 0
volume_proxy 581 0.418052635 0.979175967 0.000245818815 0 0 0
volume_proxy 582 1.13588002 -0.439592436 0.00342658095 0 0 0
volume_proxy 583 0.359648017 -0.882120533 -0.0017180399 0 0 0
volume_proxy 584 -0.907333482 0.288203281 -0.0106899944 0 0 0
volume_proxy 585 0.314868813 -0.91384839 0.00564731629 0 0 0
volume_proxy 590 1.4883799 -0.0470138546 0.00646726523 0 0 0
volume_proxy 591 -0.392945448 -0.709684686 -0.00659755103 0 0 0
volume_proxy 594 -1.00506456 -0.102955099 0.00388533917 0 0 0
volume_proxy 595 0.720075379 0.998737079 -0.00273238806 0 0 0
volume_proxy 600 0.888735581 0.846774139 -0.00805227141 0 0 0
volume_proxy 602 -0.299401901 -0.445148868 0.0083509314 0 0 0
volume_proxy 603 -0.311551202 -0.339379579 0.00797691152 0 0 0
volume_proxy 604 -0.57220155 0.490263675 0.0042703345 0 0 0
volume_proxy 606 -0.409290101 0.631192612 0.000817037491 0 0 0
volume_proxy 608 -0.355654877 -0.825613842 0.0102897714 0 0 0
volume_proxy 610 -1.49965199 -0.0529284711 -0.00497725935 0 0 0
volume_proxy 612 -0.302060136 -0.230957784 0.000653971256 0 0 0
volume_proxy 613 -0.977415752 -0.946929045 -0.00577181254 0 0 0
volume_proxy 614 -0.84167277 -0.071882097 -0.000568488002 0 0 0
volume_proxy 615 1.19434628 -0.975359396 -0.00377079807 0 0 0
volume_proxy 616 1.45959037 -0.394937322 -0.00806253075 0 0 0
volume_proxy 620 -0.278545113 -0.407058371 0.000436971221 0 0 0
volume_proxy 621 0.221855474 -0.784498982 -0.00960493723 0 0 0
volume_proxy 623 -1.09928388 0.229501051 -0.0100655717 0 0 0
volume_proxy 624 0.67637543 0.428138266 0.00369902439 0 0 0
volume_proxy 625 -1.44149277 -0.0500636406 0.00237214013 0 0 0
volume_proxy 626 0.687341752 0.402325305 0.00424833585 0 0 0
volume_proxy 627 0.783416231 -0.598014229 0.00920319803 0 0 0
volume_proxy 628 -0.0607695016 -0.200269383 0.00304017169 0 0 0
volume_proxy 630 -1.06060339 -0.995326455 -0.00906477506 0 0 0
volume_proxy 631 -1.15859489 -0.458334938 -0.00656290469 0 0 0
volume_proxy 632 -0.0460146289 0.300928695 0.00878804677 0 0 0
volume_proxy 633 0.185670287 0.0630780898 -0.00311330843 0 0 0
volume_proxy 634 -1.04830209 0.236764295 0.0101585764 0 0 0
volume_proxy 636 1.27776477 -0.546033546 -0.00837067418 0 0 0
volume_proxy 637 -0.995173614 -0.989893103 0.00455227394 0 0 0
volume_proxy 638 -0.632046476 0.553958072 -0.00704259438 0 0 0
volume_proxy 639 -0.437910185 0.131903267 -9.09096479e-05 0 0 0
volume_proxy 641 -0.487727716 -0.315324816 0.0102379306 0 0 0
volume_proxy 642 0.988314855 -0.148893193 -0.00993492846 0 0 0
volume_proxy 644 -0.576848436 0.725684537 0.00885701225 0 0 0
volume_proxy 645 -0.367236282 0.450193379 -0.000946889209 0 0 0
volume_proxy 647 -0.17536599 0.22283686 0.00577340215 0 0 0
volume_proxy 650 0.764520051 -0.372602336 0.0063512773 0 0 0
volume_proxy 654 1.20260089 -0.671218578 -0.000268007882 0 0 0
volume_proxy 656 0.156989684 -0.397269532 -0.00698425111 0 0 0
volume_proxy 660 1.40571629 0.751569922 -0.0031037288 0 0 0
volume_proxy 663 0.454257196 -0.420502099 0.00453530262 0 0 0
volume_proxy 664 1.3789051 -0.722993296 0.000125611096 0 0 0
volume_proxy 665 -0.871975886 -0.706333298 -0.00633696828 0 0 0
volume_proxy 666 -0.200345789 0.0660740473 -0.00407315185 0 0 0
volume_proxy 668 -0.845739928 0.807130628 0.0104876705 0 0 0
volume_proxy 669 1.29213537 -0.307550747 0.010682637 0 0 0
volume_proxy 673 -0.916802465 0.459396646 0.00978877851 0 0 0
volume_proxy 674 -1.21695882 -0.890544505 0.00341673357 0 0 0
volume_proxy 675 -0.904006415 0.284666102 -0.00333815678 0 0 0
volume_proxy 677 0.090988575 0.569345847 0.00130508391 0 0 0
volume_proxy 678 -0.942501831 0.102636348 0.0035974222 0 0 0
volume_proxy 680 1.41965796 -0.145678285 0.00694986795 0 0 0
volume_proxy 682 -0.107772112 0.822732923 -0.000130411118 0 0 0
volume_proxy 683 0.152821572 0.379485639 0.00915143118 0 0 0
volume_proxy 684 -0.683197983 0.69704994 0.00342774129 0 0 0
volume_proxy 688 -0.436368303 0.321901142 0.00757857948 0 0 0
volume_proxy 689 -0.16481068 0.954010555 -0.00702234103 0 0 0
volume_proxy 691 1.15517158 0.0607587086 -0.0104816334 0 0 0
volume_proxy 692 -1.3904419 -0.822383295 -0.000989546348 0 0 0
volume_proxy 693 0.304499112 0.187989106 -0.00917791842 0 0 0
volume_proxy 696 0.731360162 -0.732583486 -0.00384299692 0 0 0
volume_proxy 698 -0.0660056076 0.66215739 0.00676844421 0 0 0
volume_proxy 699 0.327102487 0.940346713 0.00113545205 0 0 0
volume_proxy 700 0.636918927 -0.332644538 -0.00137722338 0 0 0
volume_proxy 701 -0.938604551 0.8637529 0.00471717646 0 0 0
volume_proxy 702 0.145707463 0.0617992054 -0.00523048894 0 0 0
volume_proxy 703 -1.37323874 -0.79187395 0.003615479 0 0 0
volume_proxy 704 1.23455445 0.0920895195 -0.00592674325 0 0 0
volume_proxy 707 -0.698708732 0.395310915 -0.00742964146 0 0 0
volume_proxy 708 -1.45373722 0.601667988 0.00895805373 0 0 0
volume_proxy 710 0.38182367 0.430539972 0.000984771942 0 0 0
volume_proxy 711 0.271194746 0.256068744 0.00816638367 0 0 0
volume_proxy 712 0.32791885 -0.656717759 0.00142437547 0 0 0
volume_proxy 717 0.771829324 -0.360734556 0.00373121668 0 0 0
volume_proxy 720 1.41949537 0.915964755 0.00393026755 0 0 0
volume_proxy 722 0.512989202 0.926359384 0.0102528312 0 0 0
volume_proxy 725 -0.890376362 -0.858501183 -0.00357105989 0 0 0
volume_proxy 726 -0.34186193 0.0498256005 0.00124333481 0 0 0
volume_proxy 728 -0.272229408 -0.973231601 0.00337762735 0 0 0
volume_proxy 730 -1.1729162 -0.79105539 -0.00257035597 0 0 0
volume_proxy 731 -0.745908011 -0.470026775 -0.000904766123 0 0 0
volume_proxy 732 1.45607226 -0.57386241 0.00642386426 0 0 0
volume_proxy 733 1.35463168 -0.497774116 -0.00133206306 0 0 0
volume_proxy 734 1.29460616 0.585999856 -0.00285067707 0 0 0
volume_proxy 735 -0.417195793 0.000741834645 0.000955031977 0 0 0
volume_proxy 737 0.030576226 -0.670256001 -0.00200768139 0 0 0
volume_proxy 738 -0.14788787 -0.9824925 -0.0059594641 0 0 0
volume_proxy 740 0.102305956 0.298378383 -0.00857265385 0 0 0
volume_proxy 745 -1.03661496 0.534618464 0.00194605893 0 0 0
volume_proxy 748 0.901129316 -0.701056919 0.00330472762 0 0 0
volume_proxy 749 1.17890087 -0.385540297 -0.0012181581 0 0 0
volume_proxy 750 -1.06032598 0.539760579 -0.00509555983 0 0 0
volume_proxy 751 0.227004108 -0.988307717 -0.00462513424 0 0 0
volume_proxy 752 -0.433168958 -0.318518399 -0.000601770148 0 0 0
volume_proxy 755 1.32717924 0.253290573 -0.00780973798 0 0 0
volume_proxy 756 0.292070788 -0.424161269 -0.0024521544 0 0 0
volume_proxy 757 0.0355340957 0.355533811 0.00773561791 0 0 0
volume_proxy 758 0.967223988 0.784608345 -0.00204680278 0 0 0
volume_proxy 759 0.702423647 -0.752586723 0.000596096616 0 0 0
volume_proxy 761 -0.0310879616 0.0893817677 -0.00560697016 0 0 0
volume_proxy 762 -1.11698491 0.949175187 0.00755432179 0 0 0
volume_proxy 764 -0.17821183 0.126985573 -0.00599939538 0 0 0
volume_proxy 765 0.400805682 0.754080152 -0.00454982374 0 0 0
volume_proxy 767 1.33465784 0.735675858 0.00230616773 0 0 0
volume_proxy 768 -1.12566415 -0.684241542 -0.00588332552 0 0 0
volume_proxy 769 -0.0868653832 -0.10468566 -0.0101886333 0 0 0
volume_proxy 770 1.34219086 -0.676817194 -0.000436938793 0 0 0
volume_proxy 774 1.35966889 -0.823661385 -0.00208264673 0 0 0
volume_proxy 776 1.38996362 0.0633443072 0.00968489361 0 0 0
volume_proxy 777 0.713494051 -0.944409768 0.00426150906 0 0 0
volume_proxy 779 -0.30251368 0.219296513 0.00275263888 0 0 0
volume_proxy 780 -0.62505277 0.339464151 0.00591820572 0 0 0
volume_proxy 781 -0.766328949 0.322062378 0.00711963672 0 0 0
volume_proxy 784 1.45393007 0.2646401 0.00589924675 0 0 0
volume_proxy 786 -0.123347198 0.903974728 0.00470648991 0 0 0
volume_proxy 788 -0.636601697 0.214749067 0.000645336106 0 0 0
volume_proxy 789 -0.625445092 0.12117989 -0.00153927696 0 0 0
volume_proxy 790 0.135747887 0.212268048 -0.00627668861 0 0 0
volume_proxy 791 0.460855949 -0.303363047 -0.00405906248 0 0 0
volume_proxy 793 1.48567715 -0.388873938 0.00160033628 0 0 0
volume_proxy 794 0.770189242 0.862113209 0.00172087502 0 0 0
volume_proxy 795 0.781313995 -0.991467073 0.0102739004 0 0 0
volume_proxy 796 -1.22939725 0.689216758 0.00904723609 0 0 0
volume_proxy 797 -1.18976905 -0.198180385 0.00528413358 0 0 0
volume_proxy 799 -1.39837455 0.12705123 0.00244368603 0 0 0
volume_proxy 800 -1.28775742 0.898033839 -0.00871131943 0 0 0
volume_proxy 802 0.226619715 0.0593527287 0.00518140376 0 0 0
volume_proxy 803 -0.733288232 0.847236118 0.00983651251 0 0 0
volume_proxy 804 0.607474682 0.408348597 0.0102281358 0 0 0
volume_proxy 808 0.679539989 0.580232417 -0.00781670968 0 0 0
volume_proxy 809 0.898792157 0.611638225 0.0035791888 0 0 0
volume_proxy 810 0.459490465 0.497524315 -0.00368384781 0 0 0
volume_proxy 811 0.704952684 0.673775446 0.00397820865 0 0 0
volume_proxy 812 1.03635006 0.771092736 -0.000896539772 0 0 0
volume_proxy 813 0.874573494 -0.719227472 -0.0043319868 0 0 0
volume_proxy 814 1.18265482 -0.10152876 -0.00752267607 0 0 0
volume_proxy 815 -0.876024058 -0.827995584 0.00214097486 0 0 0
volume_proxy 816 -0.942073481 -0.577240904 -0.00812310658 0 0 0
volume_proxy 817 -1.37063232 0.840524323 0.00639164995 0 0 0
volume_proxy 819 1.13919794 0.788101986 -0.00543140696 0 0 0
volume_proxy 820 -0.409019896 0.207077671 -0.00495135338 0 0 0
volume_proxy 821 0.884943867 0.896904563 0.00712113941 0 0 0
volume_proxy 822 0.0540790962 -0.320999986 0.00402997459 0 0 0
volume_proxy 823 -0.62810301 -0.849496855 -0.00513245504 0 0 0
volume_proxy 824 1.26757176 -0.727765409 0.00217938054 0 0 0
volume_proxy 825 1.00858803 0.93592985 0.00405066041 0 0 0
volume_proxy 826 -0.0420524348 0.618045132 -0.000614025443 0 0 0
volume_proxy 827 1.23504263 0.215126925 -0.00890267508 0 0 0
volume_proxy 828 -0.95839608 0.539421292 0.00779085722 0 0 0
volume_proxy 829 0.846587091 0.659418028 0.00485273534 0 0 0
volume_proxy 830 0.846207715 0.601262336 -0.00646984573 0 0 0
volume_proxy 831 -1.45136251 0.979373864 -0.0093378354 0 0 0
volume_proxy 832 -0.387908225 -0.192397591 0.000938705361 0 0 0
volume_proxy 833 -0.649101343 -0.250504375 0.0014600842 0 0 0
volume_proxy 834 -0.619532583 0.0528518564 -0.00506539916 0 0 0
volume_proxy 835 0.0560457439 -0.802271725 -0.00404358662 0 0 0
volume_proxy 836 -0.294952153 -0.371467548 0.00622900478 0 0 0
volume_proxy 837 -0.222817476 -0.262859884 -0.0021146267 0 0 0
volume_proxy 838 0.991216812 -0.00410131189 0.0056629456 0 0 0
volume_proxy 839 0.0102015878 -0.325237113 0.00451314829 0 0 0
volume_proxy 840 -1.38934466 0.640909908 0.00823140703 0 0 0
