volume_proxy 0 1.35208262 0.0149505003 -0.00261915263 0 0 0
volume_proxy 5 0.352458556 0.43445304 0.00304215203 0 0 0
volume_proxy 6 0.736158772 -0.0932080198 -0.00665735819 0 0 0
volume_proxy 11 0.499729868 0.434604551 0.0053687775 0 0 0
volume_proxy 12 1.39477901 -0.283693423 -0.010568195 0 0 0
volume_proxy 14 0.21391691 0.20004676 -0.00329742162 0 0 0
volume_proxy 23 -0.411239145 -0.023985195 -0.00936868846 0 0 0
volume_proxy 38 0.618782121 -0.105676131 0.00651171019 0 0 0
volume_proxy 40 0.0935978564 -0.971025103 0.00913104134 0 0 0
volume_proxy 50 -0.560678744 -0.636900504 -0.0107410106 0 0 0
volume_proxy 53 -0.165016278 -0.769850379 -0.000965591509 0 0 0
volume_proxy 58 1.34988411 -0.610376428 -0.0106403855 0 0 0
volume_proxy 60 0.242263493 0.634837318 -0.00756373151 0 0 0
volume_proxy 61 -0.0581393161 -0.910093753 -0.00848165264 0 0 0
volume_proxy 72 0.220800774 -0.380087066 0.00332323122 0 0 0
volume_proxy 81 -0.754346316 -0.921084978 0.00509686767 0 0 0
volume_proxy 85 -0.448379998 0.0929531098 -0.00386540848 0 0 0
volume_proxy 88 -0.87914267 -0.196064496 -0.00194554813 0 0 0
volume_proxy 97 1.44135888 -0.464196166 0.00750533663 0 0 0
volume_proxy 101 -1.07880994 0.89578389 -0.0105117486 0 0 0
volume_proxy 105 0.0434862857 -0.988407331 -0.00921576347 0 0 0
volume_proxy 106 -0.00244542044 -0.759568046 -0.00975459222 0 0 0
volume_proxy 107 0.975156935 0.190825197 0.00124744497 0 0 0
volume_proxy 108 1.40752772 0.223391861 -0.00466068755 0 0 0
volume_proxy 127 -0.801352256 0.346943362 -0.00231487196 0 0 0
volume_proxy 130 0.875091699 0.44641949 0.00705051534 0 0 0
volume_proxy 132 0.574533999 0.628435768 0.0101686336 0 0 0
volume_proxy 140 -0.587616458 0.404871177 -0.000582313201 0 0 0
volume_proxy 145 -1.05776171 -0.919429064 -0.00711222543 0 0 0
volume_proxy 157 0.431369101 0.277757229 0.00476171966 0 0 0
volume_proxy 159 -0.0588965387 -0.781240786 -0.0102405497 0 0 0
volume_proxy 161 -0.521919676 -0.0651019177 -0.000313838157 0 0 0
volume_proxy 176 0.310762967 -0.987717709 0.0103563508 0 0 0
volume_proxy 178 -1.33342355 0.789682026 0.00182734569 0 0 0
volume_proxy 186 0.0654911687 0.801640064 0.0100034736 0 0 0
volume_proxy 189 -1.29221291 0.605838605 -0.00814518177 0 0 0
volume_proxy 195 -0.34138962 -0.318381823 -0.00625397599 0 0 0
volume_proxy 196 0.566901264 0.482651877 -0.00800549595 0 0 0
volume_proxy 200 -0.0885953219 -0.712989442 0.0103404968 0 0 0
volume_proxy 202 -1.2137065 0.839017836 0.00774900347 0 0 0
volume_proxy 209 -0.799083742 -0.311818275 -0.00527522197 0 0 0
volume_proxy 210 -0.340540499 0.268574297 -0.0072564627 0 0 0
volume_proxy 224 0.63484092 -0.731179684 0.00556970554 0 0 0
volume_proxy 226 -0.552453311 -0.392684746 -0.0041894054 0 0 0
volume_proxy 236 0.456088353 0.169412428 0.00965320936 0 0 0
volume_proxy 244 1.48486293 0.542839372 0.00973766952 0 0 0
volume_proxy 247 0.68175437 0.296737635 -0.000658118003 0 0 0
volume_proxy 256 -0.318745566 -0.559221775 -0.0103324059 0 0 0
volume_proxy 259 0.18993821 -0.105498999 0.00108799562 0 0 0
volume_proxy 269 0.00416166142 -0.849167545 -0.0015236486 0 0 0
volume_proxy 276 0.883851437 -0.172327258 0.010615073 0 0 0
volume_proxy 277 -0.493653769 -0.251729144 0.00920834244 0 0 0
volume_proxy 294 0.836875312 0.392898449 0.00755816498 0 0 0
volume_proxy 296 0.176560788 -0.212075687 0.00655447361 0 0 0
volume_proxy 298 1.33048232 -0.451819239 -0.00651798475 0 0 0
volume_proxy 305 0.578849002 -0.170346795 -0.0020813299 0 0 0
volume_proxy 310 1.27650582 0.514032305 -0.00109204547 0 0 0
volume_proxy 311 1.2166091 -0.108372079 -0.00690942034 0 0 0
volume_proxy 329 -1.02008799 0.02923968 0.00248577506 0 0 0
volume_proxy 337 -0.804724308 0.36622731 0.00392855465 0 0 0
volume_proxy 344 0.442149788 0.389489633 0.00550407517 0 0 0
volume_proxy 347 -0.65029098 -0.599660971 0.00988459354 0 0 0
volume_proxy 349 0.544148548 -0.102245675 -0.00798114493 0 0 0
volume_proxy 356 0.567631232 0.331144755 -0.00556585104 0 0 0
volume_proxy 358 1.07619815 0.842649698 -0.00558700396 0 0 0
volume_proxy 375 1.14645204 -0.25484397 -0.00205613792 0 0 0
volume_proxy 388 -1.14895533 0.320916719 -0.00626405869 0 0 0
volume_proxy 399 0.642755978 -0.443585164 0.0101971676 0 0 0
volume_proxy 409 0.407191516 -0.708645449 0.00560385754 0 0 0
volume_proxy 412 1.45774065 0.19473724 0.00811660662 0 0 0
volume_proxy 431 -1.17246204 -0.897711402 0.00255218738 0 0 0
volume_proxy 512 0.230799737 -0.865432797 0.00136480627 0 0 0
volume_proxy 518 1.34663129 0.87341414 -0.00957228509 0 0 0
volume_proxy 591 -0.491255479 0.430345704 0.00319565553 0 0 0
volume_proxy 682 0.250432531 -0.398388622 0.00553810383 0 0 0
volume_proxy 725 -1.39340759 -0.882763863 0.00335805043 0 0 0
volume_proxy 751 -0.554589845 -0.878798816 0.00622501841 0 0 0
volume_proxy 802 0.938822802 -0.530696853 -0.000214238978 0 0 0
volume_proxy 814 0.315742762 0.267732055 0.0088686103 0 0 0
volume_proxy 876 -0.159851784 -0.467854214 0.00987178461 0 0 0
volume_proxy 904 -0.634527111 0.57234411 -0.00570986835 0 0 0
volume_proxy 914 0.152852705 -0.492034989 -0.0104857215 0 0 0
volume_proxy 929 -1.10491085 -0.304188538 -0.00210379898 0 0 0
volume_proxy 944 0.386470777 -0.743087625 -0.00298888681 0 0 0
volume_proxy 991 -1.09644178 -0.827444272 0.0079071446 0 0 0
volume_proxy 1020 -1.03503947 0.756627511 -0.00379860069 0 0 0
volume_proxy 1021 -0.699019452 -0.957014961 -0.00693621318 0 0 0
volume_proxy 1042 0.818662547 0.803887096 -0.00820434847 0 0 0
volume_proxy 1050 -1.48322567 -0.385157388 0.0098861469 0 0 0
volume_proxy 1052 -0.261263284 -0.000910863212 -0.00815436251 0 0 0
volume_proxy 1066 0.477723892 0.378937872 -0.00883647824 0 0 0
volume_proxy 1093 -0.160085717 -0.618376581 -0.00426904218 0 0 0
volume_proxy 1098 0.756990087 0.871559867 0.00234271993 0 0 0
volume_proxy 1118 -0.174049775 -0.62281081 0.00476897403 0 0 0
volume_proxy 1120 -0.360164471 0.514016343 0.00404082659 0 0 0
volume_proxy 1133 0.710578725 -0.604124656 -0.00346564463 0 0 0
volume_proxy 1137 -0.617027524 0.102891594 0.00375109124 0 0 0
volume_proxy 1138 1.39737482 -0.995098579 0.00475810438 0 0 0
volume_proxy 1151 0.757083632 -0.977422844 -0.00513555977 0 0 0
volume_proxy 1166 -0.990908175 0.666607357 0.00548040104 0 0 0
volume_proxy 1169 1.27983308 -0.85818297 -0.0103649838 0 0 0
volume_proxy 1172 0.145437973 0.491489256 0.00907530687 0 0 0
volume_proxy 1180 -0.881161057 0.210592357 -0.00357960729 0 0 0
volume_proxy 1186 -0.679664794 -0.935891146 -0.00492145548 0 0 0
volume_proxy 1193 -0.986453625 -0.21592565 0.0107937542 0 0 0
volume_proxy 1195 -1.3912012 -0.54716818 0.0036542064 0 0 0
volume_proxy 1197 -0.477732547 -0.521732883 0.000434996417 0 0 0
volume_proxy 1198 -0.0815864173 0.738211835 0.00952172026 0 0 0
volume_proxy 1208 -0.571748053 -0.344450188 0.00326468126 0 0 0
volume_proxy 1209 -1.22651777 0.405960291 -0.00188450751 0 0 0
volume_proxy 1210 -1.02176174 0.924670118 -0.00740643218 0 0 0
volume_proxy 1217 -0.383476879 0.243322301 -0.00655561 0 0 0
volume_proxy 1219 -0.881638642 0.486952963 -0.00132322537 0 0 0
volume_proxy 1223 1.47017796 0.359739655 -0.0087013074 0 0 0
volume_proxy 1225 0.201732191 -0.377741969 -0.00304018745 0 0 0
volume_proxy 1230 0.945479574 -0.306090435 -0.00455413052 0 0 0
volume_proxy 1231 -1.4595659 -0.0406326058 0.00888547657 0 0 0
volume_proxy 1237 -0.0401929072 0.912689022 0.00916482318 0 0 0
volume_proxy 1238 0.435880643 0.929892129 0.0057833684 0 0 0
volume_proxy 1245 -1.29589136 0.986095436 -0.00632962844 0 0 0
volume_proxy 1255 1.12214433 -0.509583719 -0.000771392491 0 0 0
volume_proxy 1259 -0.852018859 0.623743231 -0.00839894165 0 0 0
volume_proxy 1262 1.44325279 0.181483935 0.0100974428 0 0 0
volume_proxy 1264 0.178138192 -0.421060328 0.00470225012 0 0 0
volume_proxy 1270 0.29390192 0.0886472601 0.00568152867 0 0 0
volume_proxy 1273 -0.65272072 0.40100955 0.00567831468 0 0 0
volume_proxy 1280 -0.969357669 0.158027642 -0.00269183973 0 0 0
volume_proxy 1285 -1.34312934 0.816618901 -0.0006533648 0 0 0
volume_proxy 1292 0.12704208 0.189035871 -0.00418615297 0 0 0
volume_proxy 1293 -0.382568073 -0.945404994 -0.0086696853 0 0 0
volume_proxy 1294 0.991773303 0.671569538 0.0061932984 0 0 0
volume_proxy 1295 -1.36064621 0.727984855 0.00657681411 0 0 0
volume_proxy 1296 -0.00111897666 -0.0775262115 0.0106038792 0 0 0
volume_proxy 1297 -0.186610695 -0.826222441 -0.0105236454 0 0 0
volume_proxy 1298 -1.149703 -0.917146919 -0.00711305289 0 0 0
volume_proxy 1301 -0.447529016 0.69771768 -0.00817608971 0 0 0
volume_proxy 1303 -0.632660837 0.90350525 -0.0107349183 0 0 0
volume_proxy 1308 -0.263383356 0.270027114 -0.00846473693 0 0 0
volume_proxy 1315 -1.15717233 -0.698773595 0.00311891363 0 0 0
volume_proxy 1318 0.780382069 -0.56365823 0.00164998389 0 0 0
volume_proxy 1325 -0.20274325 -0.580416896 -0.0105972358 0 0 0
volume_proxy 1326 -0.205345422 0.227726913 0.000526537469 0 0 0
volume_proxy 1329 0.921903597 0.793741175 -0.00986223999 0 0 0
volume_proxy 1330 0.499177639 0.359880857 -0.00551969594 0 0 0
volume_proxy 1331 0.288410608 0.304523734 -0.00569821884 0 0 0
volume_proxy 1334 -1.4266458 -0.0470968317 0.00524155633 0 0 0
volume_proxy 1335 0.375961886 -0.227394581 -0.00638664126 0 0 0
volume_proxy 1336 0.585208259 -0.144740449 -0.00327793494 0 0 0
volume_proxy 1337 -0.033055355 0.468735512 -0.000348768304 0 0 0
volume_proxy 1340 0.356247215 0.72612299 0.00755657192 0 0 0
volume_proxy 1341 -0.642658543 -0.530652709 -0.00334004473 0 0 0
volume_proxy 1345 0.476377043 -0.920595409 -0.0104201521 0 0 0
volume_proxy 1347 -0.380205715 0.282776854 0.00839802683 0 0 0
volume_proxy 1348 0.861055573 -0.710082225 0.00740980673 0 0 0
volume_proxy 1349 -1.47386768 -0.238152597 -0.000795310683 0 0 0
volume_proxy 1353 1.23522434 -0.234447497 -0.00405015581 0 0 0
volume_proxy 1354 -0.362480996 -0.100835251 0.00621946398 0 0 0
volume_proxy 1357 -1.45683488 -0.00794872382 -0.00707886251 0 0 0
volume_proxy 1358 -0.467011637 -0.350713896 -0.00654835107 0 0 0
volume_proxy 1360 -1.47401804 -0.88697808 -0.00242585024 0 0 0
volume_proxy 1361 1.2838999 0.793990198 0.00390099671 0 0 0
volume_proxy 1366 0.930930711 0.692718403 0.00759089921 0 0 0
volume_proxy 1367 -0.434632844 -0.916215492 -0.00967396369 0 0 0
volume_proxy 1368 0.969262495 -0.9812868 0.00801315711 0 0 0
volume_proxy 1369 1.16360472 0.922451461 -0.00370682474 0 0 0
volume_proxy 1376 0.941637947 -0.395566361 0.0095414049 0 0 0
volume_proxy 1378 0.445887677 -0.516332784 -0.00904565641 0 0 0
volume_proxy 1379 0.644695789 0.434858482 -0.0106541108 0 0 0
volume_proxy 1380 -0.436306548 0.421391889 0.00831653844 0 0 0
volume_proxy 1381 0.776944089 0.562270039 0.000693251385 0 0 0
volume_proxy 1382 -0.438321309 -0.0895027969 0.00743627382 0 0 0
volume_proxy 1383 -1.3474725 0.645372042 -0.0105119392 0 0 0
volume_proxy 1384 0.544529989 0.350621949 -0.00279392281 0 0 0
volume_proxy 1385 1.05185834 0.627898539 -0.00301916521 0 0 0
volume_proxy 1386 0.551709281 0.635939564 0.00469390216 0 0 0
volume_proxy 1387 0.0454672838 0.666815003 0.00836671937 0 0 0
volume_proxy 1388 0.0757802311 0.244265023 0.00365915357 0 0 0
volume_proxy 1389 -0.0233100459 0.764025938 0.0051137419 0 0 0
volume_proxy 1390 -1.43366274 0.481627711 -0.0105611542 0 0 0
volume_proxy 1391 0.561558408 0.0432615929 1.53359575e-05 0 0 0
volume_proxy 1392 -0.419871535 -0.855856553 0.00570949042 0 0 0
volume_proxy 1394 1.03051987 0.662392649 0.00970736651 0 0 0
volume_proxy 1395 1.19660873 0.105600232 0.0107544678 0 0 0
volume_proxy 1396 -0.905488609 -0.549098579 0.00788708761 0 0 0
volume_proxy 1397 -0.617101153 0.414190609 0.00449804644 0 0 0
volume_proxy 1398 -0.843444036 0.396153226 0.00797682652 0 0 0
volume_proxy 1401 1.09444402 0.526606138 0.00751924804 0 0 0
volume_proxy 1403 0.818764522 0.104815116 -0.00768000711 0 0 0
volume_proxy 1404 0.969561504 0.687168107 -0.00443223626 0 0 0
volume_proxy 1405 0.769182049 0.161095233 -0.00829743556 0 0 0
volume_proxy 1406 -0.263300963 -0.338120659 -0.0101038538 0 0 0
