volume_proxy 0 1.32209712 -0.0206949343 0.00429586561 0 0 0
volume_proxy 4 1.27234826 0.824845406 -0.00433796562 0 0 0
volume_proxy 5 0.049756632 0.693001401 0.0090294251 0 0 0
volume_proxy 6 1.37042713 0.630454226 0.00871463987 0 0 0
volume_proxy 11 0.13864285 0.869511928 -0.00793836984 0 0 0
volume_proxy 12 0.727294788 -0.248776954 0.00155084266 0 0 0
volume_proxy 14 0.496815849 0.667083276 -0.0012128579 0 0 0
volume_proxy 23 -0.531587614 0.0736705127 -0.00401292768 0 0 0
volume_proxy 38 0.472270133 -0.450691981 0.0100463147 0 0 0
volume_proxy 40 -0.417040369 -0.33707264 0.0102281836 0 0 0
volume_proxy 50 -0.179202541 -0.822587436 -0.00525883716 0 0 0
volume_proxy 52 -1.46144221 -0.698449429 0.00751689291 0 0 0
volume_proxy 53 -0.180547641 -0.52914439 0.00509528285 0 0 0
volume_proxy 58 0.968902984 -0.428644894 -0.00111919524 0 0 0
volume_proxy 60 -0.455606785 0.626362409 0.00790854302 0 0 0
volume_proxy 61 -0.962712933 -0.910580822 0.00719910242 0 0 0
volume_proxy 69 -0.550560759 -0.0478748792 0.00175062995 0 0 0
volume_proxy 72 0.73923783 0.206578678 0.00355551669 0 0 0
volume_proxy 81 -1.09716192 0.00301167666 -0.00154459884 0 0 0
volume_proxy 85 -0.751240962 0.00884243316 -0.0062884696 0 0 0
volume_proxy 88 -0.973563182 0.213335441 -0.00318582039 0 0 0
volume_proxy 97 1.27210774 -0.309618606 0.00742370693 0 0 0
volume_proxy 101 -1.44688694 0.591113733 0.00795022905 0 0 0
volume_proxy 105 -0.278038337 -0.318001908 0.00432812654 0 0 0
volume_proxy 106 -0.839620367 -0.80425497 0.00024130156 0 0 0
volume_proxy 107 0.477687988 0.430581241 0.00276241851 0 0 0
volume_proxy 108 1.3168887 -0.0697952915 -0.00957744928 0 0 0
volume_proxy 126 -0.183673056 -0.921525119 0.00729312504 0 0 0
volume_proxy 127 -0.465686685 0.172308535 -0.00214197964 0 0 0
volume_proxy 130 1.36089026 0.432003347 -0.0101585844 0 0 0
volume_proxy 132 0.596329002 0.572371416 -0.000699833773 0 0 0
volume_proxy 135 -0.0487098402 -0.815403601 0.0020390385 0 0 0
volume_proxy 140 -0.739549747 0.945091483 0.00977920764 0 0 0
volume_proxy 145 -1.15036442 -0.560960242 0.0054509808 0 0 0
volume_proxy 157 0.638623592 -0.172939278 -0.00681846128 0 0 0
volume_proxy 159 -0.693781438 -0.687488291 -0.00948197262 0 0 0
volume_proxy 161 -0.266633892 0.265114915 -0.00693624477 0 0 0
volume_proxy 163 -0.835069996 -0.06957672 0.0014668674 0 0 0
volume_proxy 169 0.807411391 0.741388568 -0.0054749061 0 0 0
volume_proxy 176 0.231796185 -0.0736634674 -0.00154415309 0 0 0
volume_proxy 178 -1.1881743 0.550581768 -0.00481680455 0 0 0
volume_proxy 186 -0.458976961 0.175030583 0.00947752822 0 0 0
volume_proxy 189 -1.25703279 0.500736561 0.0102814169 0 0 0
volume_proxy 195 -0.512454875 0.201493738 0.00892040522 0 0 0
volume_proxy 196 0.522128974 0.14093947 0.00233157922 0 0 0
volume_proxy 198 1.32143872 -0.825408829 -0.00138495515 0 0 0
volume_proxy 200 -1.23978325 -0.278286396 0.0100837904 0 0 0
volume_proxy 202 -0.599612809 0.997488268 -0.00194952429 0 0 0
volume_proxy 209 -0.694599069 -0.7856982 0.0080755649 0 0 0
volume_proxy 210 0.0204108333 0.311628354 0.00465822674 0 0 0
volume_proxy 224 1.12114108 -0.778378531 0.00948767212 0 0 0
volume_proxy 226 -0.810093019 -0.943944669 0.00682125153 0 0 0
volume_proxy 228 -0.139633779 0.408248663 0.00822806412 0 0 0
volume_proxy 236 0.16444559 0.0405973181 0.00417060639 0 0 0
volume_proxy 237 0.47282743 0.801958755 0.0101622818 0 0 0
volume_proxy 244 1.0162354 0.0941300816 -0.00976123203 0 0 0
volume_proxy 247 1.22794826 -0.333424551 0.00945232417 0 0 0
volume_proxy 251 0.803142778 0.146289958 0.000952467054 0 0 0
volume_proxy 256 -0.247146176 -0.576750476 -0.0101740129 0 0 0
volume_proxy 257 -0.379972684 0.76603035 0.000735461689 0 0 0
volume_proxy 258 0.558716358 -0.193049561 0.00197095559 0 0 0
volume_proxy 259 0.819541121 0.510339698 0.00441239007 0 0 0
volume_proxy 269 1.03358256 0.214626799 -0.000527580474 0 0 0
volume_proxy 271 -1.40709357 0.93196363 0.00275389606 0 0 0
volume_proxy 273 1.28710572 0.184754428 0.00727873141 0 0 0
volume_proxy 276 0.637524606 -0.154409971 -0.00112910373 0 0 0
volume_proxy 277 -0.448676137 -0.871601423 -0.0103497265 0 0 0
volume_proxy 279 -0.00328563925 -0.390801734 -0.00183179283 0 0 0
volume_proxy 294 -0.124111338 0.496373991 0.00435725937 0 0 0
volume_proxy 296 0.0516098233 -0.649755723 0.00358942209 0 0 0
volume_proxy 298 1.05123874 -0.780938829 0.00248437034 0 0 0
volume_proxy 305 0.277603861 0.167226444 0.0075870213 0 0 0
volume_proxy 310 0.800858453 0.426853369 -0.00940447821 0 0 0
volume_proxy 311 0.763231919 -0.67723799 -0.00416526393 0 0 0
volume_proxy 314 -0.361785507 0.413319124 0.00971795177 0 0 0
volume_proxy 321 0.22975846 -0.63328394 0.00582767861 0 0 0
volume_proxy 329 -0.740494028 0.621601785 -0.001027853 0 0 0
volume_proxy 337 -1.49046379 0.617372273 -0.00740322722 0 0 0
volume_proxy 344 0.588456221 0.803965458 -0.00441839305 0 0 0
volume_proxy 345 -0.903659555 0.213160149 8.40988604e-05 0 0 0
volume_proxy 347 -0.169856364 -0.499581428 -0.00484051346 0 0 0
volume_proxy 349 0.497937257 -0.144425156 0.00604521225 0 0 0
volume_proxy 356 0.035953668 0.935022041 -0.00578743602 0 0 0
volume_proxy 358 1.4520887 0.860927649 -0.00503215207 0 0 0
volume_proxy 370 1.14415566 0.54185304 0.0107771157 0 0 0
volume_proxy 375 0.842539249 -0.0457693448 -0.00445482287 0 0 0
volume_proxy 377 0.499996443 0.619356295 0.00408337405 0 0 0
volume_proxy 388 -1.0527122 -0.124960685 0.000394778217 0 0 0
volume_proxy 393 1.44846739 -0.364884182 -0.000196643827 0 0 0
volume_proxy 396 -0.691440017 0.846599272 -0.00276989412 0 0 0
volume_proxy 397 0.414930882 -0.172076178 0.00334414749 0 0 0
volume_proxy 399 0.847782945 -0.666580514 -0.00807338459 0 0 0
volume_proxy 409 -0.22021982 -0.421853708 -0.00842614934 0 0 0
volume_proxy 412 1.23283423 -0.475107663 0.00199397017 0 0 0
volume_proxy 418 -0.978789722 -0.0764606728 -0.00108211041 0 0 0
volume_proxy 431 -1.09901935 -0.747056378 0.00502543303 0 0 0
volume_proxy 497 -0.971069951 -0.499291436 -0.00900782302 0 0 0
volume_proxy 502 0.981821283 -0.866093696 0.000544136596 0 0 0
volume_proxy 512 0.338028815 -0.776483708 -0.00360799275 0 0 0
volume_proxy 513 0.623426923 -0.158225538 0.00866308349 0 0 0
volume_proxy 518 1.40018882 -0.67543696 -0.00830727734 0 0 0
volume_proxy 591 -0.540939285 0.981796922 -0.00202935769 0 0 0
volume_proxy 615 1.23701871 0.192860742 -0.0103298462 0 0 0
volume_proxy 616 0.88261369 0.654877912 -0.00797992841 0 0 0
volume_proxy 637 -1.26383701 -0.81025828 0.00128922854 0 0 0
volume_proxy 647 -0.338294349 0.967626329 0.000526253183 0 0 0
volume_proxy 669 0.835769539 -0.397613115 0.0105077175 0 0 0
volume_proxy 682 0.158970842 0.222677791 0.00994085079 0 0 0
volume_proxy 702 -0.248936561 -0.392857871 0.00753129537 0 0 0
volume_proxy 725 -1.42371381 -0.831279803 0.00184213407 0 0 0
volume_proxy 751 0.162321146 -0.576530282 -0.00671344275 0 0 0
volume_proxy 797 -0.977828219 -0.514576887 0.010545139 0 0 0
volume_proxy 802 1.00840977 -0.29178895 -0.00236606831 0 0 0
volume_proxy 814 0.875420374 -0.408367459 -0.00939854979 0 0 0
volume_proxy 835 -0.290038035 -0.819739081 -0.00214820898 0 0 0
volume_proxy 848 -1.15439515 -0.41396318 0.00576508676 0 0 0
volume_proxy 856 1.30080692 0.176727699 -0.00409713919 0 0 0
volume_proxy 876 -0.325597993 -0.327311107 -0.00706989517 0 0 0
volume_proxy 883 0.281689626 0.71916219 -0.0094771411 0 0 0
volume_proxy 902 0.242456102 -0.00487162954 -0.00551076362 0 0 0
volume_proxy 903 0.30290012 0.429386724 0.00343928291 0 0 0
volume_proxy 904 -0.886390231 0.424556781 0.00919701367 0 0 0
volume_proxy 914 0.483206829 -0.881191837 -0.00437809492 0 0 0
volume_proxy 915 -0.873682015 0.051544734 0.0101640219 0 0 0
volume_proxy 926 -0.466599679 0.380147445 0.00924031998 0 0 0
volume_proxy 929 -0.782207009 -0.507690761 0.0035930712 0 0 0
volume_proxy 944 0.802763187 -0.83497415 0.00138265656 0 0 0
volume_proxy 969 -0.573567724 -0.126473797 0.00732019893 0 0 0
volume_proxy 974 -0.185242484 -0.603707141 -0.00938164611 0 0 0
volume_proxy 979 -0.0677485359 0.53250597 0.0018165495 0 0 0
volume_proxy 983 1.11591992 -0.242012345 -0.00358350343 0 0 0
volume_proxy 991 -0.726463565 -0.454897368 0.00262603948 0 0 0
volume_proxy 992 0.219823751 0.247443259 -0.000537592436 0 0 0
volume_proxy 997 1.36079417 -0.050191974 0.0047231787 0 0 0
volume_proxy 1001 0.266212692 0.752168126 -0.00416298648 0 0 0
volume_proxy 1020 -0.906209751 0.49002384 0.00107568175 0 0 0
volume_proxy 1021 -0.938409072 -0.833534091 0.00321371601 0 0 0
volume_proxy 1031 1.13310203 -0.535522096 0.00673834321 0 0 0
volume_proxy 1033 0.860811884 0.945193002 0.0077076231 0 0 0
volume_proxy 1035 0.684212221 -0.925876546 0.000386720526 0 0 0
volume_proxy 1036 0.51911755 0.375800301 -0.00102720938 0 0 0
volume_proxy 1040 -1.15292703 -0.764850674 -0.00726121354 0 0 0
volume_proxy 1042 1.02053583 0.942393932 -0.00015666023 0 0 0
volume_proxy 1050 -0.791429528 -0.366611522 0.00677307631 0 0 0
volume_proxy 1052 -0.618827695 0.239733812 -0.0047408007 0 0 0
volume_proxy 1062 0.298780959 0.367608767 -0.00514194408 0 0 0
volume_proxy 1066 0.795530223 0.318076368 0.00449434507 0 0 0
volume_proxy 1069 -0.820081318 -0.326584953 0.00157278298 0 0 0
volume_proxy 1078 -1.27054481 0.95342066 -0.00509167267 0 0 0
volume_proxy 1086 0.126840126 -0.269914692 -0.00440524142 0 0 0
volume_proxy 1093 -0.149780732 -0.400565107 0.00396299199 0 0 0
volume_proxy 1098 0.195467736 0.793886469 0.00211567802 0 0 0
volume_proxy 1102 1.19198562 0.407421279 0.0107393274 0 0 0
volume_proxy 1106 0.669829197 -0.747324586 0.00737519513 0 0 0
volume_proxy 1110 0.91620642 -0.622245932 0.00211686133 0 0 0
volume_proxy 1113 1.30816159 0.619440096 0.00191087791 0 0 0
volume_proxy 1114 -0.603327305 0.0636325761 -0.00463438637 0 0 0
volume_proxy 1117 0.751734388 0.0487682107 0.00147980855 0 0 0
volume_proxy 1118 0.168289879 -0.655075502 0.00395349456 0 0 0
volume_proxy 1120 -0.0504690386 0.366338359 0.0035126098 0 0 0
volume_proxy 1123 -1.36018303 0.913271833 0.00961163961 0 0 0
volume_proxy 1127 0.386242026 0.380034397 0.00589154896 0 0 0
volume_proxy 1130 -0.31070167 -0.088903819 0.00386682448 0 0 0
volume_proxy 1133 1.22363431 -0.9636981 -0.0051522383 0 0 0
volume_proxy 1134 0.578827289 0.425129649 0.00618132857 0 0 0
volume_proxy 1137 -0.846507446 0.0392214876 -0.00643314752 0 0 0
volume_proxy 1138 1.42490162 -0.686597151 -0.00792636943 0 0 0
volume_proxy 1143 -0.536668039 0.303061023 -0.00156235339 0 0 0
volume_proxy 1145 -0.906870751 -0.646808702 -0.0018169744 0 0 0
volume_proxy 1147 0.0650468706 0.133709958 0.00920220816 0 0 0
volume_proxy 1149 -0.575253683 -0.00577988209 -0.000226755357 0 0 0
volume_proxy 1150 -0.381984385 -0.717715543 -0.00803917755 0 0 0
volume_proxy 1151 0.513486147 -0.971371306 0.000273528871 0 0 0
volume_proxy 1157 0.0696333883 0.372043005 3.9694364e-05 0 0 0
volume_proxy 1161 0.693375926 -0.797504918 0.00850102548 0 0 0
volume_proxy 1165 -0.161272632 -0.879007759 0.00963196688 0 0 0
volume_proxy 1166 -1.42960964 0.346905865 -0.00605289685 0 0 0
volume_proxy 1167 -1.33224368 0.478226201 0.00790748485 0 0 0
volume_proxy 1168 -0.161213437 -0.846997768 -9.25195992e-05 0 0 0
volume_proxy 1169 1.48788846 -0.511821889 -0.00264000842 0 0 0
volume_proxy 1170 -1.21472367 -0.263885498 0.00175246579 0 0 0
volume_proxy 1171 -0.588670918 0.0949580038 -0.00652069291 0 0 0
volume_proxy 1172 -0.296152237 0.252938534 0.00741765864 0 0 0
volume_proxy 1174 0.0869571721 0.390426696 -0.00522392447 0 0 0
volume_proxy 1179 0.69859298 0.235866912 -0.000441014353 0 0 0
volume_proxy 1180 -0.764188272 0.524991973 0.0101197539 0 0 0
volume_proxy 1182 0.282531918 0.85497837 -0.006757519 0 0 0
volume_proxy 1186 -0.381282087 -0.22519741 -0.0019624467 0 0 0
volume_proxy 1191 1.43690621 0.935562485 0.00661129328 0 0 0
volume_proxy 1193 -1.09627029 0.165633407 -0.00368908724 0 0 0
volume_proxy 1195 -1.49364811 -0.480055608 0.00690845512 0 0 0
volume_proxy 1197 -1.00386936 -0.816468873 0.000683678077 0 0 0
volume_proxy 1198 0.140922992 0.461933563 -0.00270096229 0 0 0
volume_proxy 1199 0.107518939 -0.0879871193 -0.00735030811 0 0 0
volume_proxy 1204 0.175762094 -0.628641397 -0.00474233581 0 0 0
volume_proxy 1206 1.04706976 0.419289244 0.00818770322 0 0 0
volume_proxy 1208 -0.225272421 -0.0734109465 -0.00330666671 0 0 0
volume_proxy 1209 -1.2712162 0.295829656 -0.00234142701 0 0 0
volume_proxy 1210 -1.39125963 0.756674438 0.00267578577 0 0 0
volume_proxy 1214 -0.395835167 0.00852745551 0.0018059504 0 0 0
volume_proxy 1217 -0.505725691 0.620995623 0.00670690586 0 0 0
volume_proxy 1219 -0.788306418 0.0591505008 0.0107095684 0 0 0
volume_proxy 1220 0.544684148 0.235203242 0.00821468591 0 0 0
volume_proxy 1221 1.18942374 -0.212501933 -0.00155715481 0 0 0
volume_proxy 1223 1.28370364 0.526153162 -0.00508893299 0 0 0
volume_proxy 1224 -0.330097271 0.888778193 0.00336868316 0 0 0
volume_proxy 1225 -0.25857565 -0.0694844014 0.00431484367 0 0 0
volume_proxy 1227 -0.661044693 0.73997921 -0.00690022913 0 0 0
volume_proxy 1228 0.851620856 0.991593787 -0.00898391438 0 0 0
volume_proxy 1229 1.36322048 0.874436749 0.00646531602 0 0 0
volume_proxy 1230 1.2539151 -0.733302 0.00249830686 0 0 0
volume_proxy 1231 -0.863520847 -0.214119315 0.00279780053 0 0 0
volume_proxy 1236 -0.261379292 0.0383288503 0.00822555588 0 0 0
volume_proxy 1237 0.653576074 0.960332755 0.00858360064 0 0 0
volume_proxy 1238 0.547392166 0.79022845 0.00936467072 0 0 0
volume_proxy 1240 1.11542805 0.643357971 0.00808701676 0 0 0
volume_proxy 1241 -0.325769207 -0.10872126 -0.00960213613 0 0 0
volume_proxy 1243 -0.840557693 -0.942869666 -0.00538726522 0 0 0
volume_proxy 1245 -1.40314813 0.553458909 -0.00776051501 0 0 0
volume_proxy 1247 -1.06837427 0.58419805 -0.00132854155 0 0 0
volume_proxy 1248 0.974100879 0.200548468 -0.00182385571 0 0 0
volume_proxy 1249 -0.229995115 -0.357954849 0.00413175601 0 0 0
volume_proxy 1252 0.596906876 -0.804309046 -0.00789334215 0 0 0
volume_proxy 1253 -0.857298135 0.138456417 -0.00756768129 0 0 0
volume_proxy 1254 0.677354863 -0.857567311 0.0054728828 0 0 0
volume_proxy 1255 0.901091645 -0.665435767 0.00887622979 0 0 0
volume_proxy 1256 -0.700126958 -0.668329121 0.0100907048 0 0 0
volume_proxy 1257 0.238927977 -0.60672399 -0.000370196916 0 0 0
volume_proxy 1258 1.07193227 0.656555835 -0.000804388608 0 0 0
volume_proxy 1259 -0.8959533 0.969593066 -0.00498029935 0 0 0
volume_proxy 1260 0.773188698 0.611463711 -0.0105733345 0 0 0
volume_proxy 1261 -0.624830106 0.920730681 -0.00810032029 0 0 0
volume_proxy 1262 0.698307531 0.1028769 0.0056739823 0 0 0
volume_proxy 1263 0.737339819 -0.0147414168 -0.00471355412 0 0 0
volume_proxy 1264 0.0812951931 -0.375942733 -0.00164242123 0 0 0
volume_proxy 1265 0.250693435 0.306852509 -0.0028555592 0 0 0
volume_proxy 1267 -1.16781263 -0.427611002 -0.00882349482 0 0 0
volume_proxy 1269 0.196318451 -0.384523878 -0.00271345964 0 0 0
volume_proxy 1270 0.353219111 -0.349890322 0.010583204 0 0 0
volume_proxy 1271 -1.23678943 -0.457244515 0.00362306454 0 0 0
volume_proxy 1272 0.42731706 0.102760229 -0.00379615253 0 0 0
volume_proxy 1273 -0.79775685 0.955673178 0.000862936746 0 0 0
volume_proxy 1275 -1.3432604 0.743511591 -0.00476510593 0 0 0
volume_proxy 1276 0.877803689 0.100803161 0.00234239508 0 0 0
volume_proxy 1277 1.47330139 0.70673785 0.00985263091 0 0 0
volume_proxy 1278 1.12680372 0.0718444136 -0.00569070266 0 0 0
volume_proxy 1279 -0.692802998 0.631256011 -0.00834038286 0 0 0
volume_proxy 1280 -1.27616368 0.497380641 -0.00497578659 0 0 0
volume_proxy 1281 -0.454229047 -0.88769195 0.00432352629 0 0 0
volume_proxy 1282 -0.315257066 -0.734869743 -0.0037853934 0 0 0
volume_proxy 1284 -0.447163015 -0.974744667 0.00306156855 0 0 0
volume_proxy 1285 -0.814751568 0.792455862 0.00214183218 0 0 0
volume_proxy 1286 -1.36108256 0.46935893 -0.00157496029 0 0 0
volume_proxy 1289 0.684930578 -0.469062905 -0.00821195485 0 0 0
volume_proxy 1290 -1.29185928 -0.861654582 0.00383943497 0 0 0
volume_proxy 1291 -0.352458878 0.814538565 0.00420338915 0 0 0
volume_proxy 1292 -0.343427674 0.312194249 -0.00409850444 0 0 0
volume_proxy 1293 -0.485383456 -0.871113498 0.00966501362 0 0 0
volume_proxy 1294 1.4505088 0.935026804 -0.00853680484 0 0 0
