volume_proxy 0 1.02031723 0.603076886 -0.00043871515 0 0 0
volume_proxy 5 1.39508978 -0.870310218 -0.00373776652 0 0 0
volume_proxy 6 -0.592041253 0.691505281 0.00541248606 0 0 0
volume_proxy 11 1.49602469 0.734093956 0.000656471999 0 0 0
volume_proxy 12 0.264681044 -0.739669207 0.0093470613 0 0 0
volume_proxy 14 -0.878427928 0.583837243 0.00506958914 0 0 0
volume_proxy 23 1.32210512 -0.579588981 0.00871408066 0 0 0
volume_proxy 38 0.909956156 -0.115267603 -0.00665783914 0 0 0
volume_proxy 40 -0.542915308 -0.281265374 -0.00362706249 0 0 0
volume_proxy 50 -1.11441904 0.0461644828 0.00155647064 0 0 0
volume_proxy 53 -0.709471323 0.614745152 0.00700144806 0 0 0
volume_proxy 58 1.43940592 -0.9996027 0.00943859815 0 0 0
volume_proxy 60 0.268406379 0.267981757 0.000157106207 0 0 0
volume_proxy 85 -0.522394209 0.4165674 -0.00457114115 0 0 0
volume_proxy 97 1.07030931 0.695823779 0.00336210732 0 0 0
volume_proxy 107 0.897122097 0.318850615 0.00644192214 0 0 0
volume_proxy 127 -1.14765105 -0.0468054797 -0.00405040735 0 0 0
volume_proxy 130 0.414659796 0.801874193 0.00384191387 0 0 0
volume_proxy 140 -0.203767287 0.227555952 0.00900020261 0 0 0
volume_proxy 157 1.00137701 -0.164937422 -0.00777246309 0 0 0
volume_proxy 159 0.634095056 0.688407946 0.00839748045 0 0 0
volume_proxy 161 0.985009257 0.932742223 -0.00779974973 0 0 0
volume_proxy 176 0.694267486 -0.303953094 -0.00148703528 0 0 0
volume_proxy 186 -1.37032228 0.108059322 0.00195634409 0 0 0
volume_proxy 189 -0.89266173 0.896671216 0.00187936697 0 0 0
volume_proxy 195 0.163871032 -0.46025709 0.0079498318 0 0 0
volume_proxy 196 0.682279719 0.00517487915 0.00988040345 0 0 0
volume_proxy 200 -0.976099503 -0.632661206 -0.00623341965 0 0 0
volume_proxy 202 -0.0254053661 0.985736728 0.00162627994 0 0 0
volume_proxy 209 -1.39250885 0.108879587 0.0105230446 0 0 0
volume_proxy 210 -0.0799533811 0.365363301 0.00230200859 0 0 0
volume_proxy 226 0.0701993805 -0.632346281 0.00790775146 0 0 0
volume_proxy 236 0.847483487 0.64642357 -0.000204967222 0 0 0
volume_proxy 247 1.31705139 0.897584214 0.00793626684 0 0 0
volume_proxy 256 -1.28175033 0.838850873 -0.00380789334 0 0 0
volume_proxy 259 0.440822087 0.696985532 -0.00673508263 0 0 0
volume_proxy 269 -0.762146853 -0.298816376 0.00274220214 0 0 0
volume_proxy 277 -1.23588421 -0.262005211 0.00942224273 0 0 0
volume_proxy 296 -0.914990196 -0.72764545 -0.00869716874 0 0 0
volume_proxy 305 0.248292894 0.0818076569 -0.0067258754 0 0 0
volume_proxy 310 -0.241441951 -0.818416863 0.00709600727 0 0 0
volume_proxy 344 -1.37409863 0.548461233 0.0100240486 0 0 0
volume_proxy 347 0.215007425 -0.015261707 0.00207132194 0 0 0
volume_proxy 356 -0.167007574 0.904588172 -0.00210801493 0 0 0
volume_proxy 375 1.03151995 -0.911600177 0.00777824798 0 0 0
volume_proxy 388 0.473330613 -0.0590374575 0.00269825722 0 0 0
volume_proxy 802 1.45298664 -0.557686692 -0.00624112792 0 0 0
volume_proxy 1052 -0.713072317 -0.921618286 0.00344426663 0 0 0
volume_proxy 1066 -0.104280098 -0.067851065 -0.00644657575 0 0 0
volume_proxy 1120 -0.248965676 0.173856113 -0.00087818549 0 0 0
volume_proxy 1166 -0.730548126 0.303373752 0.00962232251 0 0 0
volume_proxy 1169 0.900600898 -0.88372855 -0.00559839879 0 0 0
volume_proxy 1193 -1.41434395 -0.433514155 0.00786022655 0 0 0
volume_proxy 1225 -0.0537062034 0.0525104823 0.00815917632 0 0 0
volume_proxy 1245 -1.36127872 0.133865502 0.00416937574 0 0 0
volume_proxy 1280 -1.34819833 0.3174441 0.00714864628 0 0 0
volume_proxy 1285 -1.16152501 -0.373315236 -0.00514528837 0 0 0
volume_proxy 1295 -0.660422016 0.0915428095 0.000654241956 0 0 0
volume_proxy 1296 0.715936611 -0.213260366 0.00293114734 0 0 0
volume_proxy 1335 0.44204063 -0.630968547 0.0050085486 0 0 0
volume_proxy 1340 1.28835769 0.481162501 0.00855423764 0 0 0
volume_proxy 1380 0.0268596313 0.590852345 0.00109331493 0 0 0
volume_proxy 1386 0.074046865 0.229548635 0.000794603896 0 0 0
volume_proxy 1397 0.868434878 0.556502701 -0.00923342843 0 0 0
volume_proxy 1409 0.240853544 0.990152337 -0.00625009104 0 0 0
volume_proxy 1413 1.37242218 0.597725723 0.0102982489 0 0 0
volume_proxy 1420 -0.991037857 -0.208459252 -0.00496907094 0 0 0
volume_proxy 1422 0.602089701 -0.632767522 -0.0101473045 0 0 0
volume_proxy 1429 0.827828398 -0.568528596 -0.00291830577 0 0 0
volume_proxy 1433 1.42903363 0.764084986 -0.00725301807 0 0 0
volume_proxy 1434 0.3553118 -0.939741068 -0.00809348004 0 0 0
volume_proxy 1437 0.0863374761 -0.103770904 0.00275208434 0 0 0
volume_proxy 1439 0.108842236 0.150598793 -0.00755803415 0 0 0
volume_proxy 1447 0.71388846 -0.992591852 -0.00112672589 0 0 0
volume_proxy 1459 -0.571193216 0.294278828 -0.000385226578 0 0 0
volume_proxy 1460 1.0611404 0.985728464 0.00969953598 0 0 0
volume_proxy 1461 -1.28189176 0.684814271 -0.00881734908 0 0 0
volume_proxy 1466 -0.882389003 -0.0905109801 -0.00313576854 0 0 0
volume_proxy 1470 -1.04564809 -0.41287724 3.61920171e-05 0 0 0
volume_proxy 1472 -1.16038313 0.604296571 0.0107809972 0 0 0
volume_proxy 1474 1.06726007 -0.921477472 0.00495075826 0 0 0
volume_proxy 1481 1.15747178 0.882281597 0.00454106429 0 0 0
volume_proxy 1482 0.995896756 -0.441177063 0.00467685405 0 0 0
volume_proxy 1485 0.234405337 -0.788565234 0.00649775898 0 0 0
volume_proxy 1489 0.261460369 -0.42695406 -0.00382302439 0 0 0
volume_proxy 1490 1.38794839 0.851534729 -0.0016469749 0 0 0
volume_proxy 1492 0.476778534 0.532350608 0.00261071857 0 0 0
volume_proxy 1493 0.221935635 -0.0150880297 -0.00927886563 0 0 0
volume_proxy 1494 1.10239258 -0.0082511184 -0.00686595622 0 0 0
volume_proxy 1496 -1.42081006 0.550974104 -0.00109201876 0 0 0
volume_proxy 1498 -0.863315987 0.321662553 0.00175607575 0 0 0
volume_proxy 1501 -0.580939854 -0.779039332 -0.00154524966 0 0 0
volume_proxy 1503 -0.502401021 0.442191549 -0.00853710637 0 0 0
volume_proxy 1506 0.321980143 0.888815389 0.00786004438 0 0 0
volume_proxy 1507 -1.0107504 -0.451693482 0.00705994885 0 0 0
volume_proxy 1508 -0.638072535 -0.893834232 0.00738022415 0 0 0
volume_proxy 1509 -1.027655 0.738396196 0.000134078394 0 0 0
volume_proxy 1510 0.254351507 -0.708227324 -0.00437384766 0 0 0
volume_proxy 1511 1.30477689 0.835563555 -0.00621671039 0 0 0
volume_proxy 1513 -1.04080056 0.949326429 0.0047260795 0 0 0
volume_proxy 1515 0.712619912 0.172770457 -0.00276478243 0 0 0
volume_proxy 1516 -0.466140663 -0.534938824 0.0100859374 0 0 0
volume_proxy 1517 -0.721215164 -0.768729598 -0.000255528386 0 0 0
volume_proxy 1518 -0.966794806 -0.00716778061 0.00134409338 0 0 0
volume_proxy 1519 0.0977292906 -0.152763872 -0.00832567836 0 0 0
volume_proxy 1520 0.0262411916 -0.432372709 0.00993652698 0 0 0
volume_proxy 1521 -0.687026205 0.0396497148 -0.00391850696 0 0 0
volume_proxy 1522 0.00726557562 0.668364 0.00662462528 0 0 0
volume_proxy 1523 1.06383428 -0.243956982 -0.00679488929 0 0 0
volume_proxy 1525 -1.07780988 0.631623888 0.0031680331 0 0 0
volume_proxy 1526 1.10355979 -0.45438872 0.0022890597 0 0 0
