volume_proxy 0 0.23454706 0.262128986 -0.00736048548 0 0 0
volume_proxy 5 0.68088291 -0.701090559 -0.00888958949 0 0 0
volume_proxy 6 -0.211036485 -0.134408725 0.00797441286 0 0 0
volume_proxy 11 1.29900089 0.415074445 -0.000880767038 0 0 0
volume_proxy 12 0.379668769 -0.561079637 0.00741235122 0 0 0
volume_proxy 14 -0.692459259 0.795500013 -0.00894102623 0 0 0
volume_proxy 23 1.27848228 -0.702083221 -0.000296547803 0 0 0
volume_proxy 38 -0.262261921 -0.530614885 0.00129962337 0 0 0
volume_proxy 40 -0.892886599 -0.355580665 -0.00391086746 0 0 0
volume_proxy 50 -0.81811258 -0.318765157 -0.0087483607 0 0 0
volume_proxy 53 -1.20905926 0.67979214 0.00630148281 0 0 0
volume_proxy 58 0.767137671 -0.749182521 -0.000145478118 0 0 0
volume_proxy 60 0.103648087 0.23103608 0.00769214384 0 0 0
volume_proxy 85 -1.25283886 0.776975182 0.00360301918 0 0 0
volume_proxy 97 0.728359981 0.702640307 0.0088324571 0 0 0
volume_proxy 107 1.47047559 -0.237063597 -0.000709485276 0 0 0
volume_proxy 127 -1.35231137 -0.498738866 0.0098433658 0 0 0
volume_proxy 130 0.734665519 0.900776739 0.00963091695 0 0 0
volume_proxy 140 -1.16010285 0.994802433 -0.00341585729 0 0 0
volume_proxy 157 1.0522606 0.432887733 -0.0081499455 0 0 0
volume_proxy 159 1.03110533 0.607025932 -0.00594436095 0 0 0
volume_proxy 161 0.611922126 0.671141937 0.000525585756 0 0 0
volume_proxy 176 0.77131106 -0.28955375 -0.0106516727 0 0 0
volume_proxy 186 -1.4169411 -0.529468137 0.00306621131 0 0 0
volume_proxy 189 -1.22871583 0.935974282 0.00184380841 0 0 0
volume_proxy 195 -0.841874391 -0.0607475813 -0.000614490845 0 0 0
volume_proxy 196 0.913623577 0.259771796 0.00584868862 0 0 0
volume_proxy 200 -0.623510468 -0.891178128 0.00694117622 0 0 0
volume_proxy 202 0.0722172185 0.727835871 0.00440818659 0 0 0
volume_proxy 209 -1.25860008 -0.405945061 0.000825793954 0 0 0
volume_proxy 210 -0.734780934 0.821433822 0.00195938762 0 0 0
volume_proxy 226 0.142663961 0.0966125399 0.0052550894 0 0 0
volume_proxy 236 1.19527369 0.254948706 -0.00690171565 0 0 0
volume_proxy 247 0.379460412 0.814909149 0.00155141861 0 0 0
volume_proxy 256 -1.06819185 0.812802694 -0.00577925583 0 0 0
volume_proxy 259 1.01496804 0.370553433 0.0042333881 0 0 0
volume_proxy 269 -0.91632036 0.143154834 -0.00574981834 0 0 0
volume_proxy 277 -1.12358059 -0.101172743 -0.00708371472 0 0 0
volume_proxy 296 -1.33626923 0.524413963 -0.000968209105 0 0 0
volume_proxy 305 1.24917849 -0.571456042 0.00692291544 0 0 0
volume_proxy 310 -0.327820076 -0.951257889 -0.00149204288 0 0 0
volume_proxy 344 -1.03677408 0.658136888 0.00132254727 0 0 0
volume_proxy 347 -0.0945939164 0.873187604 -0.000220457307 0 0 0
volume_proxy 356 -0.673849409 0.369259366 -0.00638370392 0 0 0
volume_proxy 375 1.00856933 -0.897132654 -0.00644168006 0 0 0
volume_proxy 388 0.938272291 -0.36149528 -0.00332440123 0 0 0
volume_proxy 802 1.41476394 -0.195540294 0.00945428792 0 0 0
volume_proxy 1052 -1.07684781 -0.676534857 0.0107986887 0 0 0
volume_proxy 1066 -0.763846042 0.224393707 0.00702528795 0 0 0
volume_proxy 1120 -0.404345713 0.341669826 0.00607755423 0 0 0
volume_proxy 1166 -0.66864608 0.504339131 0.0060164362 0 0 0
volume_proxy 1169 1.070098 -0.763180704 -0.00462385935 0 0 0
volume_proxy 1193 -1.4732545 -0.491215913 -8.28771782e-05 0 0 0
volume_proxy 1225 -0.409319704 -0.49908104 0.00261622806 0 0 0
volume_proxy 1245 -1.42047566 -0.337168018 -0.00517145902 0 0 0
volume_proxy 1280 -0.810917059 0.771870999 0.00632570777 0 0 0
volume_proxy 1285 -1.2749649 0.280973148 0.00398624529 0 0 0
volume_proxy 1295 -0.268354447 -0.291015325 0.000376401656 0 0 0
volume_proxy 1296 0.382791594 -0.485189559 0.0022509479 0 0 0
volume_proxy 1340 0.937264941 0.756202657 -0.00920953178 0 0 0
volume_proxy 1380 -0.164830616 0.792904961 0.0091036669 0 0 0
volume_proxy 1386 1.04215861 0.36842442 -0.000835100417 0 0 0
volume_proxy 1397 1.35580985 0.940409772 0.00831484994 0 0 0
volume_proxy 1409 0.139287467 0.937272179 -0.00375790355 0 0 0
volume_proxy 1413 0.87630091 0.825235679 -0.00886481356 0 0 0
volume_proxy 1422 0.632109447 -0.366416301 -0.00127761806 0 0 0
volume_proxy 1433 1.23839464 0.719108478 -0.00831908008 0 0 0
volume_proxy 1434 0.0369491917 -0.963772954 -0.00452182144 0 0 0
volume_proxy 1437 -0.153789136 -0.0353881961 0.000489867076 0 0 0
volume_proxy 1439 0.0971960991 0.868141257 -0.0046797254 0 0 0
volume_proxy 1447 0.785493967 -0.0844603079 0.00583632649 0 0 0
volume_proxy 1459 -1.00705272 0.591108527 -0.00862337029 0 0 0
volume_proxy 1460 0.228237524 0.462689381 0.000630752318 0 0 0
volume_proxy 1461 -0.683772961 0.617884978 -0.00272722894 0 0 0
volume_proxy 1466 -0.534105073 0.172794381 -0.0107783839 0 0 0
volume_proxy 1472 -0.604218063 0.461748986 -4.58415366e-05 0 0 0
volume_proxy 1474 0.834072611 -0.727964798 -8.55185773e-07 0 0 0
volume_proxy 1481 0.724929196 0.498174759 -0.00996390826 0 0 0
volume_proxy 1482 1.01197247 0.0465980665 0.00510972238 0 0 0
volume_proxy 1485 0.375846566 -0.587505406 0.00292838331 0 0 0
volume_proxy 1489 0.0940705527 -0.725909732 -0.00017140005 0 0 0
volume_proxy 1490 1.19965187 0.932608745 0.00196676314 0 0 0
volume_proxy 1494 1.24760294 -0.214944137 -0.00718327183 0 0 0
volume_proxy 1496 -0.88400789 0.537486375 -0.0017663049 0 0 0
volume_proxy 1498 -0.173358291 0.316888173 -0.00637592009 0 0 0
volume_proxy 1501 -0.457800026 -0.635119186 -0.00289700497 0 0 0
volume_proxy 1503 0.188528589 0.0944851436 -0.00747319966 0 0 0
volume_proxy 1506 0.301148667 0.924692363 0.00446588788 0 0 0
volume_proxy 1507 -1.26093493 -0.615426818 -0.00366572929 0 0 0
volume_proxy 1508 -0.855459513 -0.8695209 0.0031991456 0 0 0
volume_proxy 1509 -1.3483202 0.510610984 0.00922625025 0 0 0
volume_proxy 1510 0.241794704 -0.729192893 -0.000523341592 0 0 0
volume_proxy 1511 1.36850182 0.644570745 0.00910009474 0 0 0
volume_proxy 1513 -1.49757395 0.719203556 0.00720143542 0 0 0
volume_proxy 1515 0.776059874 0.224051406 0.00429581461 0 0 0
volume_proxy 1516 -0.258318341 -0.960437656 0.0101905776 0 0 0
volume_proxy 1517 -0.816792929 -0.488668736 0.00662513497 0 0 0
volume_proxy 1519 0.242909756 -0.284680433 0.000198274946 0 0 0
volume_proxy 1520 0.295856752 -0.112916672 0.00832022513 0 0 0
volume_proxy 1521 -0.55281327 -0.0883853063 -4.38750012e-05 0 0 0
volume_proxy 1522 0.495624896 0.51446348 -0.00662040486 0 0 0
volume_proxy 1523 1.46230901 -0.107260972 -0.0107320266 0 0 0
volume_proxy 1525 -1.05601254 0.94568175 -0.00444744944 0 0 0
volume_proxy 1526 1.12891625 -0.329782899 0.00399340887 0 0 0
volume_proxy 1528 0.7108066 -0.610358448 -0.00150040609 0 0 0
volume_proxy 1529 -0.822898652 -0.0300792506 -0.0101007607 0 0 0
volume_proxy 1530 -0.787537439 -0.432782446 0.000406689339 0 0 0
volume_proxy 1531 0.38839325 0.464243787 0.0028501632 0 0 0
