volume_proxy 0 0.927742542 0.307799215 -0.000216755242 0 0 0
volume_proxy 5 1.14143932 -0.819072636 0.00819330408 0 0 0
volume_proxy 6 -0.123756761 -0.0668552239 0.00493446977 0 0 0
volume_proxy 11 0.826499496 0.496232375 -0.00219332966 0 0 0
volume_proxy 12 0.502074949 -0.737524747 -0.00532135908 0 0 0
volume_proxy 14 -0.901762269 0.320456592 -0.00980889037 0 0 0
volume_proxy 23 0.983323364 -0.769021954 0.00846740846 0 0 0
volume_proxy 38 0.62780612 0.222558802 0.00547099147 0 0 0
volume_proxy 40 -0.228131207 -0.243192814 -0.000932710664 0 0 0
volume_proxy 50 -0.816226325 -0.584437934 -0.00075671375 0 0 0
volume_proxy 53 -0.35529156 0.877152256 0.0104021507 0 0 0
volume_proxy 58 0.598213486 -0.923195364 0.00152162484 0 0 0
volume_proxy 60 0.331918089 0.518276239 0.00290749023 0 0 0
volume_proxy 72 0.17535355 -0.313289676 0.00545527349 0 0 0
volume_proxy 85 -0.860783291 -0.129454468 0.00924492354 0 0 0
volume_proxy 97 0.808028144 0.494555644 0.00423757834 0 0 0
volume_proxy 107 1.20182872 0.925160881 0.00207138197 0 0 0
volume_proxy 127 -1.34330824 0.0560096047 -0.00802066417 0 0 0
volume_proxy 130 1.12819068 0.222996254 0.00171258357 0 0 0
volume_proxy 140 0.163089774 0.759083283 -0.00205310697 0 0 0
volume_proxy 157 0.991447517 0.0347583937 0.00299059028 0 0 0
volume_proxy 159 0.435520133 0.992772455 -0.00341846743 0 0 0
volume_proxy 161 0.751268208 0.444124799 0.00817437711 0 0 0
volume_proxy 176 0.330112367 0.278423388 0.00480117896 0 0 0
volume_proxy 186 -0.676578617 0.252789547 0.00811249463 0 0 0
volume_proxy 189 -1.02104959 0.930370557 0.0102171236 0 0 0
volume_proxy 195 0.223805739 -0.789204983 -0.00933672307 0 0 0
volume_proxy 196 0.851946345 -0.683642183 0.0043637409 0 0 0
volume_proxy 200 -0.460948317 -0.541171618 -0.00721435941 0 0 0
volume_proxy 202 -0.734546939 0.599585353 -0.00972029369 0 0 0
volume_proxy 209 -1.29986724 0.240347316 0.000504415023 0 0 0
volume_proxy 210 -0.987100746 0.533465683 -0.00992835627 0 0 0
volume_proxy 226 -0.161645588 -0.894146721 -0.00846668012 0 0 0
volume_proxy 236 0.957340114 0.541334457 -0.00267855637 0 0 0
volume_proxy 247 1.31262393 0.905330458 -0.00612823334 0 0 0
volume_proxy 256 -0.594061889 0.723267559 0.00123563278 0 0 0
volume_proxy 259 0.440545414 0.551163248 0.00208346201 0 0 0
volume_proxy 269 -0.0441652579 -0.49475024 -0.0050101307 0 0 0
volume_proxy 277 -1.43972612 0.128058324 0.00540531202 0 0 0
volume_proxy 296 -0.658785493 -0.54265705 -0.00794275341 0 0 0
volume_proxy 305 0.431042087 -0.59565744 -0.00828803654 0 0 0
volume_proxy 310 0.701758306 -0.615512923 -0.0068092441 0 0 0
volume_proxy 344 -1.09534847 0.770008051 -0.0061246552 0 0 0
volume_proxy 347 -0.485518672 0.232631841 -0.00165077663 0 0 0
volume_proxy 356 0.332925514 0.916163621 -0.000841551217 0 0 0
volume_proxy 375 0.648698354 -0.852869067 0.00225434494 0 0 0
volume_proxy 388 0.0362540552 0.392026652 0.00715292398 0 0 0
volume_proxy 802 1.41194314 0.451232466 -0.00904299677 0 0 0
volume_proxy 876 -0.0591709691 -0.421016586 0.00566606727 0 0 0
volume_proxy 1052 -0.659075768 -0.935920251 -0.00397549498 0 0 0
volume_proxy 1066 0.343697476 0.54355976 -0.000546427535 0 0 0
volume_proxy 1120 -0.884579976 0.591639696 0.00792659056 0 0 0
volume_proxy 1166 -0.509851766 0.538176472 -0.00989469315 0 0 0
volume_proxy 1169 0.969152207 -0.753640552 0.00209389165 0 0 0
volume_proxy 1186 -0.989553632 0.191269331 -0.0100428104 0 0 0
volume_proxy 1193 -0.969552774 -0.652899555 0.00507338 0 0 0
volume_proxy 1225 -0.24811767 -0.322013453 0.00600860946 0 0 0
volume_proxy 1245 -1.34050718 0.783415061 -0.00175217258 0 0 0
volume_proxy 1280 -1.14459347 0.512315193 0.00415188569 0 0 0
volume_proxy 1285 -0.828839796 0.506954318 -0.000600814257 0 0 0
volume_proxy 1295 -0.565497998 0.570183046 -0.00868319351 0 0 0
volume_proxy 1296 0.134753462 0.079166328 -0.00136610856 0 0 0
volume_proxy 1335 0.796015557 -0.71363175 0.00677615295 0 0 0
volume_proxy 1340 1.38499328 0.0344379825 0.00838355409 0 0 0
volume_proxy 1380 -0.232114764 0.0503162873 0.00887974301 0 0 0
volume_proxy 1386 0.217212861 0.663585626 0.00952616227 0 0 0
volume_proxy 1397 1.10699574 0.306649273 0.009868739 0 0 0
volume_proxy 1409 0.710852291 0.881076921 -0.00481281836 0 0 0
volume_proxy 1413 1.39436312 0.691706921 -0.00802691598 0 0 0
volume_proxy 1420 -1.4868221 -0.083926281 0.00351814548 0 0 0
volume_proxy 1422 1.23531801 -0.934401985 0.00707523777 0 0 0
volume_proxy 1426 0.887933588 0.0604027145 -0.00669844816 0 0 0
volume_proxy 1429 1.03988734 -0.207039558 0.00139712417 0 0 0
volume_proxy 1433 1.38711602 0.465436786 0.00558421362 0 0 0
volume_proxy 1434 -0.16792023 -0.708549462 0.0041018093 0 0 0
volume_proxy 1437 -0.333571135 -0.129620428 0.00984593928 0 0 0
volume_proxy 1439 -0.66879394 0.719308991 -0.00668105113 0 0 0
volume_proxy 1440 1.05122242 -0.545290926 -0.000204863425 0 0 0
volume_proxy 1445 -0.244755795 -0.948802566 -0.00969964942 0 0 0
volume_proxy 1447 0.886914792 -0.406781966 -0.00248085747 0 0 0
volume_proxy 1459 -1.08055984 0.113160167 -0.00937587785 0 0 0
volume_proxy 1460 1.20831596 0.399843105 0.00419678644 0 0 0
volume_proxy 1461 -1.47595153 0.583624208 -0.00375483994 0 0 0
volume_proxy 1462 -1.01148164 -0.0955795882 -0.00412472833 0 0 0
volume_proxy 1466 -0.972558427 -0.115055935 -0.000151476715 0 0 0
volume_proxy 1470 -1.42595191 -0.68964259 0.00307834879 0 0 0
volume_proxy 1471 -0.220974396 0.696301946 -0.00176302824 0 0 0
volume_proxy 1472 -1.12009119 0.688645932 0.0031615015 0 0 0
volume_proxy 1474 0.539013445 -0.584819292 -0.0071202413 0 0 0
volume_proxy 1481 1.20987567 0.719670635 -0.00706623786 0 0 0
volume_proxy 1482 0.533427416 -0.58452391 0.00968283137 0 0 0
volume_proxy 1485 0.280531808 -0.504762069 0.00659411469 0 0 0
volume_proxy 1486 0.988959329 -0.375962891 -0.000101736821 0 0 0
volume_proxy 1489 -0.652747361 0.296068832 -0.0061740046 0 0 0
volume_proxy 1490 1.21859621 0.880016441 0.010210421 0 0 0
volume_proxy 1492 0.537805711 0.539744305 0.00117653921 0 0 0
volume_proxy 1493 0.206060143 0.398056224 0.00341394696 0 0 0
volume_proxy 1494 1.14351727 0.581722009 0.00261564995 0 0 0
volume_proxy 1496 -1.25548928 0.211433215 0.000188813699 0 0 0
volume_proxy 1497 -0.0206457056 -0.134853509 0.00894123481 0 0 0
volume_proxy 1498 -1.34340987 0.45826976 -0.0020508772 0 0 0
volume_proxy 1501 -0.915702919 -0.72995429 -0.00251131249 0 0 0
volume_proxy 1503 -0.228965926 0.0287851178 0.00868668646 0 0 0
volume_proxy 1505 -0.193088075 0.842730707 0.00330803605 0 0 0
volume_proxy 1506 0.565137115 0.881865757 -0.00590913709 0 0 0
volume_proxy 1507 -1.36624104 -0.596238403 0.0105327912 0 0 0
volume_proxy 1508 -0.653061665 -0.978393214 0.0100143472 0 0 0
volume_proxy 1509 -1.47457311 0.518293376 0.00883535293 0 0 0
volume_proxy 1510 0.611810226 -0.529014019 -0.00131132405 0 0 0
volume_proxy 1511 1.11017197 0.507986886 0.00408606412 0 0 0
volume_proxy 1512 -1.22438862 0.487250175 0.00219939884 0 0 0
volume_proxy 1513 -0.849119257 0.831336141 -0.00646842029 0 0 0
volume_proxy 1514 -1.27186298 0.105539536 0.00674763198 0 0 0
volume_proxy 1515 0.439257436 0.541898692 -0.00875610627 0 0 0
volume_proxy 1516 -0.888568471 -0.791520305 -0.00802810094 0 0 0
volume_proxy 1517 -0.977841142 -0.375862982 -0.00716659541 0 0 0
