volume_proxy 0 1.03815005 0.307482544 0.00459873065 0 0 0
volume_proxy 5 1.11157428 -0.99465435 -0.0103161179 0 0 0
volume_proxy 6 -0.556288435 -0.0847099103 -0.00632327373 0 0 0
volume_proxy 11 0.577014698 0.525483655 -0.00990192906 0 0 0
volume_proxy 12 0.611079684 -0.87384483 -0.0102931131 0 0 0
volume_proxy 14 -1.10713144 0.541828952 -0.0056211019 0 0 0
volume_proxy 23 0.942339936 -0.863837361 -0.00886600857 0 0 0
volume_proxy 38 1.00496424 0.0323702575 0.00305363446 0 0 0
volume_proxy 40 -0.211217355 -0.211388661 0.00935404552 0 0 0
volume_proxy 50 -1.0047684 -0.440329354 0.0105787734 0 0 0
volume_proxy 53 -0.328633402 0.887715546 0.000880824919 0 0 0
volume_proxy 58 0.720381045 -0.948430286 -0.00637703996 0 0 0
volume_proxy 60 0.462937581 0.416748631 -0.00343340533 0 0 0
volume_proxy 72 -0.159226203 -0.519185195 -0.00273306497 0 0 0
volume_proxy 85 -0.797543968 -0.0651233476 -0.00666639134 0 0 0
volume_proxy 97 0.775353437 0.611279657 -0.00357250388 0 0 0
volume_proxy 107 1.4906176 0.98860853 0.00241153767 0 0 0
volume_proxy 127 -1.3025061 -0.00680436046 -0.0105199872 0 0 0
volume_proxy 130 0.822203589 0.0774445462 -0.00618877745 0 0 0
volume_proxy 140 0.148661597 0.71659772 -0.00326480382 0 0 0
volume_proxy 157 1.00616957 -0.21483111 -0.00266553595 0 0 0
volume_proxy 159 0.441221076 0.755127323 -0.00912729311 0 0 0
volume_proxy 161 0.873969963 0.372257215 -0.0063413129 0 0 0
volume_proxy 176 0.592534247 0.167227481 -0.0105758851 0 0 0
volume_proxy 186 -0.923215564 0.244126081 0.000107834388 0 0 0
volume_proxy 189 -1.01210819 0.975729163 -0.0107870551 0 0 0
volume_proxy 195 0.0788281846 -0.481860851 0.00831273647 0 0 0
volume_proxy 196 0.76473637 -0.608828614 -0.00369014808 0 0 0
volume_proxy 200 -0.443966453 -0.510724328 0.00870383953 0 0 0
volume_proxy 202 -0.478403058 0.455020253 -0.00355176954 0 0 0
volume_proxy 209 -1.48008062 0.234015918 0.00453261866 0 0 0
volume_proxy 210 -1.07581338 0.687396753 -0.00563696243 0 0 0
volume_proxy 226 0.250259264 -0.672011087 -0.00808252283 0 0 0
volume_proxy 236 0.868715702 0.884780226 0.000291553604 0 0 0
volume_proxy 247 1.39985793 0.881829856 0.00650609676 0 0 0
volume_proxy 256 -0.351902007 0.835308843 0.0096667981 0 0 0
volume_proxy 259 0.464717067 0.578395601 0.0091286433 0 0 0
volume_proxy 269 -0.157638615 -0.676346887 -0.00214951502 0 0 0
volume_proxy 277 -1.42538801 0.0599846353 0.00941000572 0 0 0
volume_proxy 296 -0.49094838 -0.540702587 0.00134350494 0 0 0
volume_proxy 305 0.375925738 -0.164218513 -0.00890805858 0 0 0
volume_proxy 310 0.734381857 -0.89571124 -0.00261015671 0 0 0
volume_proxy 344 -1.10748438 0.701936205 -0.00903556729 0 0 0
volume_proxy 347 -0.529349828 -0.14372043 -0.00404873423 0 0 0
volume_proxy 356 0.311025628 0.965438304 0.00733631561 0 0 0
volume_proxy 375 0.778412718 -0.953253161 -0.00211443495 0 0 0
volume_proxy 388 -0.121977746 0.682905988 0.0017027446 0 0 0
volume_proxy 802 1.30969566 0.129110191 -0.0105562137 0 0 0
volume_proxy 876 -0.114221954 -0.498396261 -0.000446770181 0 0 0
volume_proxy 1052 -0.57935689 -0.875807836 -0.00836275924 0 0 0
volume_proxy 1066 0.279404595 0.376141153 -0.0097705125 0 0 0
volume_proxy 1120 -0.662541602 0.46393923 0.00698932654 0 0 0
volume_proxy 1166 -0.614863491 0.722418054 0.000256054995 0 0 0
volume_proxy 1169 0.770519098 -0.956320589 0.00485441857 0 0 0
volume_proxy 1193 -1.10894507 -0.626568372 -0.00931732404 0 0 0
volume_proxy 1225 -0.306674736 -0.371925483 0.00497527058 0 0 0
volume_proxy 1245 -1.37187049 0.612551703 -0.00428105984 0 0 0
volume_proxy 1280 -1.25926013 0.252719891 0.00942495164 0 0 0
volume_proxy 1285 -0.983202304 0.492481003 0.00281084418 0 0 0
volume_proxy 1295 -0.782364704 0.633085168 0.00871700552 0 0 0
volume_proxy 1296 0.293482045 0.116968109 -0.00702479633 0 0 0
volume_proxy 1335 0.885557745 -0.604994654 -0.00682901616 0 0 0
volume_proxy 1340 1.21720316 0.0733179094 0.00468884255 0 0 0
volume_proxy 1380 -0.154748685 0.270655121 -0.00386475719 0 0 0
volume_proxy 1386 0.417446034 0.623466996 -0.0106934012 0 0 0
volume_proxy 1397 0.925657743 0.292319559 0.00440589763 0 0 0
volume_proxy 1409 0.654825062 0.806667897 0.00735556831 0 0 0
volume_proxy 1413 1.48556948 0.540512704 -0.000386054201 0 0 0
volume_proxy 1420 -1.43186652 -0.0673087402 -0.00809791575 0 0 0
volume_proxy 1422 1.43323254 -0.940027539 -0.00141115443 0 0 0
volume_proxy 1426 1.06232496 0.0642918049 -0.00589357747 0 0 0
volume_proxy 1429 1.08894318 -0.358146366 0.0016554592 0 0 0
volume_proxy 1433 1.39474267 0.711504953 0.00239100794 0 0 0
volume_proxy 1434 -0.310052314 -0.810455448 0.00304205408 0 0 0
volume_proxy 1437 -0.281131869 -0.13759471 0.00295061617 0 0 0
volume_proxy 1439 -0.483127327 0.960760987 -0.00990650977 0 0 0
volume_proxy 1440 0.989254391 -0.37687575 0.00889963459 0 0 0
volume_proxy 1445 -0.252666534 -0.989188169 -0.00839501855 0 0 0
volume_proxy 1447 0.912771249 -0.41455893 -0.0094813239 0 0 0
volume_proxy 1459 -0.874833205 0.0347759886 -0.00341441056 0 0 0
volume_proxy 1460 1.32326174 0.784578861 -0.0056583109 0 0 0
volume_proxy 1461 -1.23441961 0.563274917 -0.000524577476 0 0 0
volume_proxy 1466 -1.16387488 0.195830282 -0.00493616856 0 0 0
volume_proxy 1470 -1.4683155 -0.675217454 -0.00909244302 0 0 0
volume_proxy 1471 -0.106055774 0.731448863 9.45119287e-05 0 0 0
volume_proxy 1472 -1.49030347 0.368756639 -0.00519879953 0 0 0
volume_proxy 1474 0.771136728 -0.566332241 -0.0107980937 0 0 0
volume_proxy 1481 1.32026763 0.679305121 0.00690176385 0 0 0
volume_proxy 1482 0.517115042 -0.650648166 0.00283051838 0 0 0
volume_proxy 1485 0.204959522 -0.634402106 -0.00903671272 0 0 0
volume_proxy 1486 1.07417107 -0.341491102 -0.0105953753 0 0 0
volume_proxy 1489 -0.468082679 0.328267499 -0.00954851312 0 0 0
volume_proxy 1490 1.22815887 0.760724339 -0.00186757299 0 0 0
volume_proxy 1492 0.594471096 0.620312973 -0.00675333754 0 0 0
volume_proxy 1493 0.380709613 0.182534169 -0.00837431978 0 0 0
volume_proxy 1494 1.05746469 0.576119009 -0.00830666563 0 0 0
volume_proxy 1496 -1.02155541 0.0743068437 -0.00606521588 0 0 0
volume_proxy 1497 0.0938792588 -0.299751057 0.000678800268 0 0 0
volume_proxy 1498 -1.18624468 0.322366436 0.00667107661 0 0 0
volume_proxy 1501 -0.904484764 -0.809584778 0.00628455913 0 0 0
volume_proxy 1503 -0.158596034 0.0760139098 -0.0052015378 0 0 0
volume_proxy 1505 -0.170957037 0.837103283 -0.0105561394 0 0 0
volume_proxy 1506 0.554444458 0.877117659 -0.0105150228 0 0 0
volume_proxy 1507 -1.13935929 -0.484293344 -0.00207163638 0 0 0
volume_proxy 1508 -0.567209285 -0.952514354 -0.0060569299 0 0 0
volume_proxy 1509 -1.43662911 0.672840448 0.00120013382 0 0 0
volume_proxy 1510 0.576548218 -0.445391894 -0.00953882568 0 0 0
volume_proxy 1511 1.1257329 0.68313258 -0.00432024806 0 0 0
volume_proxy 1512 -1.15482677 0.560198764 -0.0102795367 0 0 0
volume_proxy 1513 -0.64833543 0.593774515 -0.0074835201 0 0 0
volume_proxy 1514 -1.30258863 0.349500579 -0.00016151668 0 0 0
volume_proxy 1515 0.487716001 0.402570613 -0.00505790688 0 0 0
volume_proxy 1516 -0.905072011 -0.616794656 0.00418942894 0 0 0
volume_proxy 1517 -0.879948795 -0.290700517 -0.00231771836 0 0 0
volume_proxy 1518 -1.04930016 -0.0518841021 0.00170334574 0 0 0
