volume_proxy 0 0.165428164 0.566950513 0.00579552277 0 0 0
volume_proxy 5 1.17590188 -0.459841572 -0.00304305288 0 0 0
volume_proxy 6 0.102041821 0.300372778 0.00551097461 0 0 0
volume_proxy 11 1.11733916 0.505836936 -0.00422408332 0 0 0
volume_proxy 12 0.38000172 -0.430108595 -0.00987581962 0 0 0
volume_proxy 14 -0.727005489 0.630690888 -0.00917016515 0 0 0
volume_proxy 23 1.21808871 -0.989790352 -0.00617931577 0 0 0
volume_proxy 38 -0.469342749 -0.962209853 -0.000253122791 0 0 0
volume_proxy 40 -1.06586757 -0.163650329 0.000934659933 0 0 0
volume_proxy 50 -0.804925409 -0.486984145 -0.00898391217 0 0 0
volume_proxy 53 -1.31352251 0.550004019 -0.00602940999 0 0 0
volume_proxy 58 0.786465983 -0.885684561 -0.00364025231 0 0 0
volume_proxy 60 0.187663475 0.201639044 0.00254435477 0 0 0
volume_proxy 85 -1.30717309 0.856342578 0.00918491497 0 0 0
volume_proxy 97 0.572309562 0.769697391 -0.00586873328 0 0 0
volume_proxy 107 1.38970377 -0.250872077 0.00879680633 0 0 0
volume_proxy 127 -1.495638 -0.881146103 0.00770849187 0 0 0
volume_proxy 130 0.481249817 0.779369296 0.00295726121 0 0 0
volume_proxy 140 -1.0097829 0.725053681 0.00262806117 0 0 0
volume_proxy 157 0.987364222 0.401079429 0.00552495877 0 0 0
volume_proxy 159 1.3334089 0.708526831 3.04312785e-05 0 0 0
volume_proxy 161 0.461875208 0.301118701 0.00779683673 0 0 0
volume_proxy 176 0.606749507 -0.0987369943 -0.00860997336 0 0 0
volume_proxy 186 -1.0782508 -0.454258343 0.0106781039 0 0 0
volume_proxy 189 -1.09802843 0.717734484 0.00395390382 0 0 0
volume_proxy 195 -0.90653615 -0.221425711 0.000773212997 0 0 0
volume_proxy 196 0.662783865 0.256678332 0.00747114827 0 0 0
volume_proxy 200 -1.11077635 -0.986973486 -0.00918045725 0 0 0
volume_proxy 202 0.103363275 0.63120448 0.00189355797 0 0 0
volume_proxy 209 -0.987062873 -0.585148247 0.00616475396 0 0 0
volume_proxy 210 -0.738019047 0.916384627 0.00679348575 0 0 0
volume_proxy 226 -0.4454811 -0.313012742 0.0103418842 0 0 0
volume_proxy 236 1.44651504 0.155975553 0.00864247191 0 0 0
volume_proxy 247 0.611584473 0.645577933 -0.00468325359 0 0 0
volume_proxy 256 -1.17542568 0.983452052 0.00607304032 0 0 0
volume_proxy 259 0.328863832 0.770104511 0.00336010167 0 0 0
volume_proxy 269 -0.796724778 0.233099768 0.00945026844 0 0 0
volume_proxy 277 -1.41310998 -0.250618155 -0.000455737868 0 0 0
volume_proxy 296 -1.27852839 0.287646183 0.0106220553 0 0 0
volume_proxy 305 1.10694797 -0.912153369 -0.00370588068 0 0 0
volume_proxy 310 -0.0987531081 -0.883554916 -0.00372651294 0 0 0
volume_proxy 344 -1.20215411 0.547070628 0.00766201822 0 0 0
volume_proxy 347 -0.0547457517 0.968234262 -0.00930565138 0 0 0
volume_proxy 356 -0.774191579 0.497823385 -0.00187660572 0 0 0
volume_proxy 375 0.859623654 -0.82161328 -0.00568009928 0 0 0
volume_proxy 388 1.1140484 -0.367940331 -0.00546837744 0 0 0
volume_proxy 802 1.47695273 -0.356690425 0.00101654309 0 0 0
volume_proxy 1052 -0.986094185 -0.769971947 0.00990742842 0 0 0
volume_proxy 1066 -0.700395197 8.51985264e-05 -0.008622885 0 0 0
volume_proxy 1120 -0.384437044 0.17477522 0.00471528227 0 0 0
volume_proxy 1166 -0.748995349 0.204834465 -0.00920423925 0 0 0
volume_proxy 1169 1.12659068 -0.708240176 -0.00424099484 0 0 0
volume_proxy 1193 -0.95299938 -0.725227712 0.00928136125 0 0 0
volume_proxy 1225 -0.000907992716 -0.460670445 2.51228301e-05 0 0 0
volume_proxy 1245 -1.38542618 -0.325705693 0.00403640292 0 0 0
volume_proxy 1280 -0.61648825 0.821343457 -0.00678061187 0 0 0
volume_proxy 1285 -1.48356251 0.41467781 0.00777160299 0 0 0
volume_proxy 1295 0.127934203 0.0314206397 0.00745015431 0 0 0
volume_proxy 1296 0.485272694 -0.518682208 -0.00309119791 0 0 0
volume_proxy 1340 1.11723616 0.850327502 -0.00180718272 0 0 0
volume_proxy 1380 -0.249401331 0.875427405 -0.000576997885 0 0 0
volume_proxy 1386 1.30352938 0.32509613 0.00914354298 0 0 0
volume_proxy 1397 1.11141354 0.758547753 0.00794553635 0 0 0
volume_proxy 1409 -0.178568963 0.720955827 0.0080140463 0 0 0
volume_proxy 1413 0.798605399 0.941988159 0.0103450253 0 0 0
volume_proxy 1422 0.465124979 0.0231715334 0.00980536474 0 0 0
volume_proxy 1433 1.26928123 0.908702145 -0.00251490954 0 0 0
volume_proxy 1434 -0.0045563756 -0.948562711 0.00469044055 0 0 0
volume_proxy 1437 -0.161928385 -0.123267798 -0.0038267631 0 0 0
volume_proxy 1439 0.0245943575 0.888769168 0.0073587725 0 0 0
volume_proxy 1447 0.951241189 0.000913217392 -0.00490841129 0 0 0
volume_proxy 1459 -1.29950133 0.604691051 0.0059542233 0 0 0
volume_proxy 1460 0.0208402817 0.633859449 -0.0101713331 0 0 0
volume_proxy 1461 -0.534155625 0.900596216 -0.00713993444 0 0 0
volume_proxy 1466 -0.740181309 -0.0708894413 0.0038016441 0 0 0
volume_proxy 1472 -0.852128327 0.590021716 0.00503580298 0 0 0
volume_proxy 1474 0.732079859 -0.746365487 -0.00756998917 0 0 0
volume_proxy 1481 0.91020482 0.39381113 -0.00816294394 0 0 0
volume_proxy 1482 1.07673011 0.0568287426 0.00794692052 0 0 0
volume_proxy 1485 0.484534654 -0.289809416 0.00756798557 0 0 0
volume_proxy 1489 0.258077972 -0.74334613 -0.00256250293 0 0 0
volume_proxy 1490 1.14413288 0.995323409 0.00834510071 0 0 0
volume_proxy 1494 1.3315265 0.0387122819 -0.00999338515 0 0 0
volume_proxy 1496 -1.21403561 0.39288549 0.00931081475 0 0 0
volume_proxy 1498 -0.16975751 0.370907917 -0.00503252439 0 0 0
volume_proxy 1501 -0.239643957 -0.659946631 0.00652162692 0 0 0
volume_proxy 1503 0.0366607324 0.221886247 0.000381355966 0 0 0
volume_proxy 1506 0.742866501 0.784181219 -0.00216307219 0 0 0
volume_proxy 1507 -1.18024197 -0.208428071 0.00443806951 0 0 0
volume_proxy 1508 -0.936020871 -0.672687683 0.00101805787 0 0 0
volume_proxy 1509 -1.37858531 0.500393751 -0.00915027234 0 0 0
volume_proxy 1510 -0.0692565384 -0.939327171 0.00945636105 0 0 0
volume_proxy 1511 1.47881658 0.774114418 0.000174724897 0 0 0
volume_proxy 1513 -1.26612582 0.797676593 0.0053060718 0 0 0
volume_proxy 1515 0.544541197 0.298573204 -0.0081167783 0 0 0
volume_proxy 1516 -0.313604093 -0.937739001 0.000667711138 0 0 0
volume_proxy 1517 -0.768417108 -0.512527474 0.0104216225 0 0 0
volume_proxy 1519 0.107709234 -0.361868667 0.0106585532 0 0 0
volume_proxy 1520 0.318149583 -0.1153516 0.00842480475 0 0 0
volume_proxy 1521 -0.820136581 -0.322576928 0.00630487641 0 0 0
volume_proxy 1522 0.492192411 0.798030553 0.00219988032 0 0 0
volume_proxy 1523 1.28441885 -0.11682926 0.00629032993 0 0 0
volume_proxy 1525 -0.847832107 0.966302492 -0.000660661827 0 0 0
volume_proxy 1526 1.1522705 -0.253099083 0.000227036577 0 0 0
volume_proxy 1528 0.753721636 -0.925319382 -0.00911795346 0 0 0
volume_proxy 1529 -0.982753221 0.0740345038 -0.0078319923 0 0 0
volume_proxy 1530 -1.04976288 -0.544486657 0.00474081487 0 0 0
volume_proxy 1531 0.446798565 0.594396627 -0.00576247792 0 0 0
