volume_proxy 0 0.601113592 0.451167845 -0.00263136482 0 0 0
volume_proxy 5 1.27185466 -0.641171657 -0.00432594506 0 0 0
volume_proxy 6 -0.479010012 0.335970487 -0.00352556649 0 0 0
volume_proxy 11 0.8203527 0.583016592 -0.0033476469 0 0 0
volume_proxy 12 0.02580705 -0.554455391 0.00833554055 0 0 0
volume_proxy 14 -1.31703774 0.940083946 0.00325715476 0 0 0
volume_proxy 23 1.32184164 -0.635388642 0.00322375382 0 0 0
volume_proxy 38 0.75792344 -0.195885807 0.00669060972 0 0 0
volume_proxy 40 -0.464153772 -0.281488793 -0.00458248851 0 0 0
volume_proxy 50 -0.947603145 -0.26065718 -0.00565810765 0 0 0
volume_proxy 53 -0.391966522 0.905903934 0.00942436991 0 0 0
volume_proxy 58 1.00542498 -0.855553508 0.00513140663 0 0 0
volume_proxy 60 0.605426231 0.717051406 0.00985138104 0 0 0
volume_proxy 85 -0.975375866 -0.140294126 0.00791765097 0 0 0
volume_proxy 97 1.0092146 0.415898072 0.00965364692 0 0 0
volume_proxy 107 1.24046124 0.798858401 -0.0103257205 0 0 0
volume_proxy 127 -1.43527939 -0.0734561005 0.00657105558 0 0 0
volume_proxy 130 0.60607299 0.144288174 0.00427153318 0 0 0
volume_proxy 140 0.503140068 0.622579391 -0.00763219944 0 0 0
volume_proxy 157 1.19973181 -0.206583284 0.0080788121 0 0 0
volume_proxy 159 0.715742066 0.319233016 0.00767246532 0 0 0
volume_proxy 161 0.852561126 0.349501746 -0.00187541897 0 0 0
volume_proxy 176 0.685522597 0.265358397 0.00973424402 0 0 0
volume_proxy 186 -0.848720595 0.399799882 0.00780856204 0 0 0
volume_proxy 189 -0.517065158 0.920634598 -0.00602608471 0 0 0
volume_proxy 195 -0.402990931 -0.524214885 0.0073760026 0 0 0
volume_proxy 196 0.837852555 -0.768446625 0.0041391155 0 0 0
volume_proxy 200 -0.47652209 -0.765143833 0.00105581761 0 0 0
volume_proxy 202 -0.347486175 0.448108765 0.0094881555 0 0 0
volume_proxy 209 -1.3222687 0.866663749 -0.00258596586 0 0 0
volume_proxy 210 -0.605649135 0.393107762 -0.0013929086 0 0 0
volume_proxy 226 0.335652608 -0.845286328 0.00336223747 0 0 0
volume_proxy 236 0.996427721 0.76110055 0.00268696373 0 0 0
volume_proxy 247 1.2085484 0.778632625 0.00121509347 0 0 0
volume_proxy 256 -0.436561022 0.924846803 0.00470166353 0 0 0
volume_proxy 259 0.329377885 0.529065462 0.00518456922 0 0 0
volume_proxy 269 -0.475351964 -0.72945025 0.00694011979 0 0 0
volume_proxy 277 -1.16760754 -0.201431441 0.0048021655 0 0 0
volume_proxy 296 -0.464234901 -0.80630297 0.0100182494 0 0 0
volume_proxy 305 0.226847964 -0.0337710256 -0.00953375595 0 0 0
volume_proxy 310 0.625525742 -0.786203968 0.000442714129 0 0 0
volume_proxy 344 -1.19444898 0.986759093 -0.0070084133 0 0 0
volume_proxy 347 -0.437578267 -0.183102405 -0.00913014561 0 0 0
volume_proxy 356 0.312569591 0.808283467 -0.0041623676 0 0 0
volume_proxy 375 1.02232494 -0.932031318 0.00874381952 0 0 0
volume_proxy 388 0.0475628599 0.338146845 -0.00817150882 0 0 0
volume_proxy 802 1.37624751 -0.356110711 0.0105290164 0 0 0
volume_proxy 1052 -0.75706833 -0.781605438 -0.007804999 0 0 0
volume_proxy 1066 0.0485491142 0.397700663 0.00394610602 0 0 0
volume_proxy 1120 -0.703223904 0.0485635891 -0.00297374946 0 0 0
volume_proxy 1166 -0.610405773 0.958287577 -0.00638981621 0 0 0
volume_proxy 1169 1.03658407 -0.861039775 -0.00627600483 0 0 0
volume_proxy 1193 -1.27129982 -0.485509843 0.0106859129 0 0 0
volume_proxy 1225 -0.533339977 -0.331612699 -0.0107547122 0 0 0
volume_proxy 1245 -1.49097088 0.823656807 0.0001488504 0 0 0
volume_proxy 1280 -1.27141917 0.200278535 -0.0095739262 0 0 0
volume_proxy 1285 -1.04181445 0.0978530863 0.00535277749 0 0 0
volume_proxy 1295 -0.515870257 0.708956258 0.00780328868 0 0 0
volume_proxy 1296 0.434691486 0.0215816091 0.00789491245 0 0 0
volume_proxy 1335 0.709569743 -0.758108297 0.00286290502 0 0 0
volume_proxy 1340 1.11411515 0.00317546129 -0.00513393998 0 0 0
volume_proxy 1380 0.224169971 0.318092543 0.0036472365 0 0 0
volume_proxy 1386 0.059171659 0.515273803 0.00412968041 0 0 0
volume_proxy 1397 1.09976816 0.124987857 0.00907706031 0 0 0
volume_proxy 1409 0.574712649 0.894327281 0.00517946687 0 0 0
volume_proxy 1413 1.363075 0.554475391 0.0106538834 0 0 0
volume_proxy 1420 -1.28434911 -0.049336834 0.00692460491 0 0 0
volume_proxy 1422 1.10138984 -0.76431458 -0.00704859163 0 0 0
volume_proxy 1426 1.1743373 -0.00908823045 -0.001462209 0 0 0
volume_proxy 1429 1.19141369 -0.353090148 -0.00259336916 0 0 0
volume_proxy 1433 1.3580455 0.476475128 -0.00701746467 0 0 0
volume_proxy 1434 -0.268332602 -0.987577481 -0.00237027913 0 0 0
volume_proxy 1437 0.0808515821 -0.0289710999 -0.00238062967 0 0 0
volume_proxy 1439 -0.247843736 0.699580695 0.00445228389 0 0 0
volume_proxy 1440 1.06984291 -0.435782 0.00321647948 0 0 0
volume_proxy 1447 0.845659629 -0.564845189 -0.00738386931 0 0 0
volume_proxy 1459 -0.677556034 0.0928430614 0.00242734401 0 0 0
volume_proxy 1460 1.13576157 0.899578871 -0.00733240845 0 0 0
volume_proxy 1461 -1.05293029 0.556248114 -0.00386616085 0 0 0
volume_proxy 1466 -1.46430659 0.20568058 -0.000412076702 0 0 0
volume_proxy 1470 -1.2948918 -0.42623028 -0.00821063173 0 0 0
volume_proxy 1471 -0.0210323422 0.819593017 0.00985294187 0 0 0
volume_proxy 1472 -1.08697681 0.360816922 0.00864300423 0 0 0
volume_proxy 1474 1.0123923 -0.826194443 -0.00630623043 0 0 0
volume_proxy 1481 0.896833668 0.844070575 -0.0067172313 0 0 0
volume_proxy 1482 0.537394544 -0.466899403 0.00285352707 0 0 0
volume_proxy 1485 0.223379976 -0.750399711 -0.000399875674 0 0 0
volume_proxy 1486 1.29361694 -0.676706732 -0.0014169285 0 0 0
volume_proxy 1489 -0.378663975 0.150974481 0.00456386267 0 0 0
volume_proxy 1490 1.41139825 0.968909316 0.00366377709 0 0 0
volume_proxy 1492 0.470295151 0.792163272 -0.00371054061 0 0 0
volume_proxy 1493 0.34017511 -0.0327332742 0.00699869905 0 0 0
volume_proxy 1494 0.985991764 0.685373913 0.00067398663 0 0 0
volume_proxy 1496 -1.14368433 0.0928102635 -0.00059838352 0 0 0
volume_proxy 1498 -1.16183826 0.154294648 0.00119215974 0 0 0
volume_proxy 1501 -0.795598074 -0.95236988 -0.00591726874 0 0 0
volume_proxy 1503 -0.0109976365 0.0246443578 -0.00575728568 0 0 0
volume_proxy 1505 -0.12182781 0.794999851 -0.00406963193 0 0 0
volume_proxy 1506 0.594597087 0.873062241 0.0105222468 0 0 0
volume_proxy 1507 -1.1094739 -0.524963972 0.000681017188 0 0 0
volume_proxy 1508 -0.565298769 -0.93446183 -0.00559691612 0 0 0
volume_proxy 1509 -1.22102042 0.722387684 0.00188750767 0 0 0
volume_proxy 1510 0.781042999 -0.21620537 0.0074242917 0 0 0
volume_proxy 1511 0.986723364 0.732813501 0.00485005051 0 0 0
volume_proxy 1512 -1.26403554 0.852497283 0.00306695097 0 0 0
volume_proxy 1513 -0.789714874 0.836698281 -0.000399256718 0 0 0
volume_proxy 1514 -1.41345975 0.52815039 0.00280368804 0 0 0
volume_proxy 1515 0.510740257 0.516350999 -0.00208725447 0 0 0
volume_proxy 1516 -0.830138917 -0.537084893 -0.000971108417 0 0 0
volume_proxy 1517 -0.907388467 -0.790482241 -0.00233943863 0 0 0
volume_proxy 1518 -1.18089782 -0.151954181 0.0072366185 0 0 0
volume_proxy 1519 -0.0858270587 -0.371892296 -0.0028981973 0 0 0
volume_proxy 1520 -0.171744213 -0.702213227 0.00433807836 0 0 0
