volume_proxy 0 0.0405244311 0.641079817 -0.00392247741 0 0 0
volume_proxy 5 1.35530401 -0.509982744 -0.0023509783 0 0 0
volume_proxy 6 0.0193713357 0.463541637 0.00976165666 0 0 0
volume_proxy 11 1.11320537 0.645490608 0.00989683408 0 0 0
volume_proxy 12 0.737721188 -0.302236228 0.00585264051 0 0 0
volume_proxy 14 -0.776954971 0.552602339 0.00332457563 0 0 0
volume_proxy 23 1.16031148 -0.943345315 0.00286200341 0 0 0
volume_proxy 38 -0.747565446 -0.899089481 0.00402353809 0 0 0
volume_proxy 40 -1.41088132 0.259544868 -0.00443523134 0 0 0
volume_proxy 50 -1.03412451 -0.515417397 -0.00482763808 0 0 0
volume_proxy 53 -1.11761064 0.59732353 0.00475521288 0 0 0
volume_proxy 58 0.886384086 -0.91497793 -0.0089207826 0 0 0
volume_proxy 60 -0.106133221 0.0751251224 -0.00559407577 0 0 0
volume_proxy 85 -0.895476209 0.807041214 -0.00505867696 0 0 0
volume_proxy 97 0.544635409 0.758992153 0.00976358897 0 0 0
volume_proxy 107 1.2742368 0.01776741 0.00856499753 0 0 0
volume_proxy 127 -1.30503625 -0.928974198 -0.00666401288 0 0 0
volume_proxy 130 0.537859122 0.838243325 -0.00771955352 0 0 0
volume_proxy 140 -1.09784317 0.818150053 0.00695757413 0 0 0
volume_proxy 157 0.733649532 0.115480923 0.00153785239 0 0 0
volume_proxy 159 1.2931365 0.336198085 0.00880196031 0 0 0
volume_proxy 161 0.187427098 0.468677889 0.00206834492 0 0 0
volume_proxy 176 0.939430935 -0.236180634 0.00942334227 0 0 0
volume_proxy 186 -0.870300294 -0.472706085 -0.00206056449 0 0 0
volume_proxy 189 -1.09469666 0.701841366 0.00615032163 0 0 0
volume_proxy 195 -1.07138868 -0.625094333 -0.010437446 0 0 0
volume_proxy 196 0.705831493 0.0683697761 -0.00511773435 0 0 0
volume_proxy 200 -0.708177786 -0.808129468 -0.00515914507 0 0 0
volume_proxy 202 0.394161394 0.697450578 0.00896077814 0 0 0
volume_proxy 209 -1.05709661 -0.109096983 -0.00273127364 0 0 0
volume_proxy 210 -0.650777924 0.820632181 0.0059147003 0 0 0
volume_proxy 226 -0.0975426585 -0.635343423 -0.000572593609 0 0 0
volume_proxy 236 1.38513492 -0.0697352481 0.00947939759 0 0 0
volume_proxy 247 0.882237636 0.849899038 0.00194827084 0 0 0
volume_proxy 256 -0.913763944 0.751350502 0.00716976382 0 0 0
volume_proxy 259 0.354573186 0.939461494 0.00604358532 0 0 0
volume_proxy 269 -0.621526367 0.261150183 -0.0024547994 0 0 0
volume_proxy 277 -1.40903903 -0.264913303 -0.00310379977 0 0 0
volume_proxy 296 -1.49735726 0.619088281 0.00215190251 0 0 0
volume_proxy 305 0.808771013 -0.712080633 -0.00300361571 0 0 0
volume_proxy 310 -0.164061928 -0.273695376 0.00362035786 0 0 0
volume_proxy 344 -1.20537659 0.397662016 -0.000485667065 0 0 0
volume_proxy 347 0.301388114 0.813825569 -0.00787884357 0 0 0
volume_proxy 356 -0.801483782 0.27193281 0.00815997851 0 0 0
volume_proxy 375 0.823744011 -0.788842278 0.00703246441 0 0 0
volume_proxy 388 1.39876965 -0.208600052 0.0101371928 0 0 0
volume_proxy 802 1.02252347 0.0447634716 0.00350577444 0 0 0
volume_proxy 1052 -0.739885078 -0.695373315 0.00945751734 0 0 0
volume_proxy 1066 -0.485298932 -0.165466872 -0.000900665357 0 0 0
volume_proxy 1120 -0.255429057 -0.0939834069 0.00656724709 0 0 0
volume_proxy 1166 -0.794212927 0.0672832556 -0.000724909785 0 0 0
volume_proxy 1169 1.24071966 -0.488513612 -0.0026171351 0 0 0
volume_proxy 1193 -1.07879799 -0.810945886 0.00217120927 0 0 0
volume_proxy 1225 -0.180074932 -0.267679597 -0.0088512417 0 0 0
volume_proxy 1245 -1.43498517 -0.350445527 -0.0102386242 0 0 0
volume_proxy 1280 -0.435540171 0.795160253 -0.00854830309 0 0 0
volume_proxy 1285 -1.15244908 0.289199953 0.00985509196 0 0 0
volume_proxy 1295 0.0631069127 0.235532413 -0.00247983031 0 0 0
volume_proxy 1296 0.328575511 -0.594036181 0.00661807138 0 0 0
volume_proxy 1340 1.18282569 0.908114914 0.00961538599 0 0 0
volume_proxy 1380 -0.208193784 0.70943306 -0.00910398831 0 0 0
volume_proxy 1386 1.37385686 0.258347864 -0.00273967026 0 0 0
volume_proxy 1397 0.984661815 0.664215117 0.00552578409 0 0 0
volume_proxy 1409 -0.277663913 0.380261971 -0.00659551035 0 0 0
volume_proxy 1413 0.590360665 0.976884621 0.00899554694 0 0 0
volume_proxy 1422 0.643936945 0.0137323753 0.00703124453 0 0 0
volume_proxy 1433 1.28783663 0.891234181 -0.00337463668 0 0 0
volume_proxy 1434 -0.143373514 -0.808504947 -0.00274785982 0 0 0
volume_proxy 1437 -0.0725495858 -0.108759984 0.00462970714 0 0 0
volume_proxy 1439 -0.0461795788 0.849987632 0.00150243068 0 0 0
volume_proxy 1447 0.885975219 0.0511154887 0.00727554449 0 0 0
volume_proxy 1459 -1.33809931 0.328056733 0.0023777429 0 0 0
volume_proxy 1460 -0.118564818 0.482213601 0.00983803336 0 0 0
volume_proxy 1461 -0.784028699 0.718297184 -0.0016114287 0 0 0
volume_proxy 1466 -0.887792479 -0.163431861 0.00909170811 0 0 0
volume_proxy 1472 -0.789295396 0.512846458 -0.00786454548 0 0 0
volume_proxy 1474 0.765643169 -0.827573119 -0.0083813862 0 0 0
volume_proxy 1481 0.788485166 0.584893295 0.0100770077 0 0 0
volume_proxy 1482 0.900496037 0.0426532748 0.00929179183 0 0 0
volume_proxy 1485 0.540702007 -0.119371133 -0.00243343972 0 0 0
volume_proxy 1489 0.412561644 -0.922780761 0.00641238683 0 0 0
volume_proxy 1490 0.946459371 0.711761593 0.00637828807 0 0 0
volume_proxy 1494 1.21198044 -0.165954357 0.00154474296 0 0 0
volume_proxy 1496 -1.10936221 0.157526696 0.00540383971 0 0 0
volume_proxy 1498 -0.21945771 0.242180654 0.00226360186 0 0 0
volume_proxy 1501 -0.360255856 -0.780823633 0.00652515101 0 0 0
volume_proxy 1503 0.0444491976 0.227025829 0.00967318548 0 0 0
volume_proxy 1506 0.396449653 0.89275815 0.0103756963 0 0 0
volume_proxy 1507 -1.09063286 -0.328835282 0.00591614223 0 0 0
volume_proxy 1508 -0.853135304 -0.680761931 0.00760607241 0 0 0
volume_proxy 1509 -1.4722798 0.466921904 -0.00584282149 0 0 0
volume_proxy 1510 -0.00669713593 -0.706017208 0.000674899898 0 0 0
volume_proxy 1511 1.45497338 0.693070005 0.00852737557 0 0 0
volume_proxy 1513 -1.34060484 0.655806123 0.00395456855 0 0 0
volume_proxy 1515 0.642315197 -0.0108614033 0.00588072348 0 0 0
volume_proxy 1516 -0.371685397 -0.848371907 -0.000249767703 0 0 0
volume_proxy 1517 -0.555135935 -0.833908409 -0.00484738598 0 0 0
volume_proxy 1519 0.0175220731 -0.139944655 -0.000692924337 0 0 0
volume_proxy 1520 0.166162685 -0.085259697 0.00860990097 0 0 0
volume_proxy 1521 -1.08045761 -0.412421112 0.0103417628 0 0 0
volume_proxy 1522 0.331921793 0.800720762 0.00316153749 0 0 0
volume_proxy 1523 1.31763261 -0.367180475 0.010386561 0 0 0
volume_proxy 1525 -0.926168071 0.969969334 0.00875049378 0 0 0
volume_proxy 1526 1.32624705 -0.368835408 -0.00877392959 0 0 0
volume_proxy 1528 0.69713938 -0.973823677 -0.00923388971 0 0 0
volume_proxy 1529 -0.881470969 -0.0241096359 0.0104982136 0 0 0
volume_proxy 1530 -1.10871374 -0.616179759 0.0105100334 0 0 0
volume_proxy 1531 0.614686339 0.563064472 -0.00505985812 0 0 0
