volume_proxy 0 0.397797316 -0.5097359 0.00776495502 0 0 0
volume_proxy 6 -0.0858558245 0.682872064 0.00622112079 0 0 0
volume_proxy 11 1.13510481 0.903526396 -0.00822059236 0 0 0
volume_proxy 12 1.47204097 -0.172798993 -0.00764048946 0 0 0
volume_proxy 14 -1.48036704 0.280559758 0.00616639609 0 0 0
volume_proxy 23 0.276601007 -0.246158369 -0.00524016033 0 0 0
volume_proxy 38 -0.940453737 -0.685803495 -0.0042029608 0 0 0
volume_proxy 40 -0.740425404 0.16117114 -0.000915951259 0 0 0
volume_proxy 50 -0.640820216 -0.0913992273 0.000444887192 0 0 0
volume_proxy 53 -1.40383811 0.990774824 -0.00336764273 0 0 0
volume_proxy 58 1.34799939 -0.68471604 0.00895057237 0 0 0
volume_proxy 60 -0.0664333526 0.653051084 -0.00126064895 0 0 0
volume_proxy 85 -0.93434396 0.653463408 0.00036126557 0 0 0
volume_proxy 97 0.757766814 0.930563488 0.00562439068 0 0 0
volume_proxy 107 0.664500391 -0.0280243774 -0.00893068486 0 0 0
volume_proxy 127 -1.02305026 -0.865992894 -0.00314781803 0 0 0
volume_proxy 130 0.764899505 -0.634140035 0.00927911174 0 0 0
volume_proxy 140 -0.733829014 0.356286149 0.00464672713 0 0 0
volume_proxy 157 0.173758393 -0.915896818 -0.00972242306 0 0 0
volume_proxy 159 1.3901478 0.816267862 -0.000410956879 0 0 0
volume_proxy 161 -0.462910949 0.264703817 -0.000259825225 0 0 0
volume_proxy 176 1.3317832 0.300416057 -0.00453119463 0 0 0
volume_proxy 186 -1.08616151 -0.28376473 0.00863033746 0 0 0
volume_proxy 189 -0.460472498 -0.344504944 -0.000276532447 0 0 0
volume_proxy 195 -1.38350667 -0.7447449 -0.00283838396 0 0 0
volume_proxy 196 0.432121121 0.690213527 0.0105703632 0 0 0
volume_proxy 200 -1.33403326 0.216410952 -0.00401500665 0 0 0
volume_proxy 202 -0.0725207718 0.853720407 0.00112361399 0 0 0
volume_proxy 209 -0.859103837 0.0670498478 -0.010624076 0 0 0
volume_proxy 210 0.0871489433 0.934940742 0.00704840107 0 0 0
volume_proxy 226 0.37192252 -0.706323472 0.00879539593 0 0 0
volume_proxy 236 1.09842946 -0.91610125 -0.00176223391 0 0 0
volume_proxy 247 1.23500848 0.787553784 -0.00540542547 0 0 0
volume_proxy 256 -0.741079683 0.894513604 -0.000806729206 0 0 0
volume_proxy 259 0.856699964 0.187036387 -0.0105050605 0 0 0
volume_proxy 269 -1.11765415 -0.11464045 0.00874382107 0 0 0
volume_proxy 277 -0.35246464 -0.193187164 -0.0032737867 0 0 0
volume_proxy 296 -1.21871233 0.288902936 0.00836758874 0 0 0
volume_proxy 305 0.655233484 -0.282329607 0.00624273833 0 0 0
volume_proxy 310 0.603380412 0.209489159 0.00578750175 0 0 0
volume_proxy 344 -1.39496981 -0.438186337 0.00531547343 0 0 0
volume_proxy 347 -0.326662447 0.581791367 -0.00963440239 0 0 0
volume_proxy 356 -0.582489442 -0.0897456086 0.00468263657 0 0 0
volume_proxy 375 0.719428569 -0.410875796 0.00666564746 0 0 0
volume_proxy 388 1.46690718 -0.396880512 0.0031779182 0 0 0
volume_proxy 802 0.992436737 0.395108137 -0.00670540394 0 0 0
volume_proxy 1052 -1.41242163 -0.678874622 -0.00589323791 0 0 0
volume_proxy 1066 0.116098162 0.683528124 0.010380755 0 0 0
volume_proxy 1120 -0.568292307 0.699179651 0.00976676888 0 0 0
volume_proxy 1166 -1.01204845 -0.565240146 0.00187337457 0 0 0
volume_proxy 1193 -1.49198332 -0.954329131 -0.00312814587 0 0 0
volume_proxy 1225 -0.989285555 -0.443144219 0.00739183781 0 0 0
volume_proxy 1245 -1.42754985 0.174770839 0.00825298531 0 0 0
volume_proxy 1280 -0.468237109 0.89676345 0.00076401489 0 0 0
volume_proxy 1285 -1.4090442 0.371703058 0.00819662651 0 0 0
volume_proxy 1295 0.844426556 -0.339900297 0.00149184992 0 0 0
volume_proxy 1296 -0.0231881622 -0.770731982 -0.00499958783 0 0 0
volume_proxy 1340 0.762379581 0.689447731 0.00220062325 0 0 0
volume_proxy 1380 -0.803472669 -0.20447838 0.00488910308 0 0 0
volume_proxy 1386 1.41348834 0.401808382 -0.00163885887 0 0 0
volume_proxy 1397 0.370330331 0.757853228 -0.00328487075 0 0 0
volume_proxy 1409 -0.140122647 0.456251617 -0.00368675102 0 0 0
volume_proxy 1413 1.41642977 0.989472684 0.000967261113 0 0 0
volume_proxy 1422 0.329534127 -0.400760134 -0.00669556954 0 0 0
volume_proxy 1433 1.16879924 0.428946456 -0.00352477982 0 0 0
volume_proxy 1437 0.0819075947 -0.0970489213 0.00173708286 0 0 0
volume_proxy 1459 -1.14344658 0.190898486 -0.00917099325 0 0 0
volume_proxy 1460 0.0443850215 0.976029766 0.00199418979 0 0 0
volume_proxy 1461 -1.24468238 0.868056728 -0.00782780923 0 0 0
volume_proxy 1466 -0.23765521 0.338270906 0.00670053095 0 0 0
volume_proxy 1472 -1.42860909 0.652881509 -0.00256015041 0 0 0
volume_proxy 1474 1.27280012 -0.201012366 0.00785539217 0 0 0
volume_proxy 1481 0.757432238 0.759331948 -0.00534460985 0 0 0
volume_proxy 1482 0.974335446 0.66194079 -0.00565202693 0 0 0
volume_proxy 1485 0.374488859 -0.308264703 -0.00869176398 0 0 0
volume_proxy 1489 0.273998101 -0.778788341 -0.00498018506 0 0 0
volume_proxy 1490 0.890953834 0.966938724 0.0084861928 0 0 0
volume_proxy 1496 -1.37566874 0.94296988 0.00954000902 0 0 0
volume_proxy 1498 -0.0434882477 0.324628944 0.00991769919 0 0 0
volume_proxy 1503 -1.28051424 -0.865981722 0.00696869074 0 0 0
volume_proxy 1506 0.334287699 0.581916687 0.0086790753 0 0 0
volume_proxy 1507 -1.39356965 -0.0380153667 0.00161883236 0 0 0
volume_proxy 1508 -0.458535301 -0.195201215 0.00670855246 0 0 0
volume_proxy 1509 -1.2595609 -0.0655526852 -0.00312872309 0 0 0
volume_proxy 1510 0.0382129543 -0.839631341 0.00737177965 0 0 0
volume_proxy 1511 1.46298432 0.423065359 0.00660196723 0 0 0
volume_proxy 1513 -1.24888201 0.941673508 -0.0100073793 0 0 0
volume_proxy 1515 0.794240907 -0.577493137 0.00646312125 0 0 0
volume_proxy 1516 0.0755752756 -0.877831403 0.00444585188 0 0 0
volume_proxy 1517 -1.2389098 -0.107790662 0.00478966273 0 0 0
volume_proxy 1519 -0.0589662156 -0.581634078 0.00839978938 0 0 0
volume_proxy 1520 0.196468745 -0.231417914 0.00395579746 0 0 0
volume_proxy 1521 -1.38459345 -0.494104366 -0.00331879453 0 0 0
volume_proxy 1523 0.205770336 -0.0693972036 0.00403920426 0 0 0
volume_proxy 1525 -0.869736448 0.995078656 -0.00552035915 0 0 0
volume_proxy 1526 0.968109146 -0.615092277 0.00941397572 0 0 0
volume_proxy 1528 0.656902677 -0.48163577 -0.00283233196 0 0 0
volume_proxy 1529 -1.2721406 0.239271314 0.00503378104 0 0 0
volume_proxy 1531 0.720908445 0.502313198 0.00284225491 0 0 0
volume_proxy 1533 1.39058264 -0.0679448656 0.00684731273 0 0 0
volume_proxy 1534 0.354406869 0.514165289 0.00297422361 0 0 0
volume_proxy 1535 0.93656428 0.661342946 0.00842281705 0 0 0
volume_proxy 1536 -0.545563654 -0.653852958 0.000608368541 0 0 0
volume_proxy 1537 -0.572799697 -0.766639051 0.00106152439 0 0 0
volume_proxy 1538 1.46675939 0.183908113 -0.00303027261 0 0 0
