volume_proxy 0 0.0325054103 0.481143262 -0.00905217197 0 0 0
volume_proxy 6 -0.312152119 0.670133869 0.00238196507 0 0 0
volume_proxy 11 1.1940134 0.758809156 -0.00289776205 0 0 0
volume_proxy 12 0.705014867 -0.423372024 -0.00654959381 0 0 0
volume_proxy 14 -0.916862915 0.533865303 -0.00497237107 0 0 0
volume_proxy 23 1.07081786 -0.862107786 0.00305610721 0 0 0
volume_proxy 38 -0.945413777 -0.983595793 0.00368823581 0 0 0
volume_proxy 40 -1.08602408 0.0210393904 0.00773688613 0 0 0
volume_proxy 50 -0.839248314 -0.455290349 0.00942603153 0 0 0
volume_proxy 53 -1.34759324 0.625124512 0.00359712493 0 0 0
volume_proxy 58 0.433140542 -0.928490565 -0.00533588581 0 0 0
volume_proxy 60 0.61387871 0.309879909 -0.0099741606 0 0 0
volume_proxy 85 -1.05579084 0.627926156 -0.000749634372 0 0 0
volume_proxy 97 0.85900183 0.676173736 -0.00024740853 0 0 0
volume_proxy 107 1.41095868 -0.0204980043 -0.0106728144 0 0 0
volume_proxy 127 -1.08847567 -0.891237764 -0.000770301208 0 0 0
volume_proxy 130 0.667529114 0.627049863 -0.0067502907 0 0 0
volume_proxy 140 -0.913946855 0.53371992 0.00326612339 0 0 0
volume_proxy 157 0.763220404 -0.214788494 0.0092385357 0 0 0
volume_proxy 159 1.10407314 0.214132016 0.00343506455 0 0 0
volume_proxy 161 0.159865024 0.711620005 0.00994427679 0 0 0
volume_proxy 176 1.23040036 -0.346725731 -0.0101497338 0 0 0
volume_proxy 186 -0.2081812 -0.128461693 0.00212266436 0 0 0
volume_proxy 189 -1.143679 -0.088055672 0.00450928646 0 0 0
volume_proxy 195 -1.19101269 -0.94805492 -0.00224651188 0 0 0
volume_proxy 196 0.629227893 0.333667335 -0.0106614177 0 0 0
volume_proxy 200 -0.807824441 -0.675236499 -0.00547707701 0 0 0
volume_proxy 202 0.523987287 0.867352166 0.010385502 0 0 0
volume_proxy 209 -0.80583511 0.155413521 -0.0103523805 0 0 0
volume_proxy 210 -0.186089113 0.678247928 0.00921148406 0 0 0
volume_proxy 226 -0.0707076691 -0.319566361 0.00337803404 0 0 0
volume_proxy 236 1.42797563 -0.648725388 -0.0066444764 0 0 0
volume_proxy 247 1.12682197 0.626240875 -0.00160750165 0 0 0
volume_proxy 256 -0.688562469 0.825196583 -0.0106641097 0 0 0
volume_proxy 259 0.588120068 0.704338772 -0.00976519071 0 0 0
volume_proxy 269 -0.527241491 0.305003271 -0.00427717933 0 0 0
volume_proxy 277 -1.05817569 -0.445727997 -0.00106824193 0 0 0
volume_proxy 296 -1.18338593 0.669598204 -0.00909415088 0 0 0
volume_proxy 305 0.580105981 -0.538200982 -0.00796071633 0 0 0
volume_proxy 310 -0.212415252 -0.371450115 0.00218666704 0 0 0
volume_proxy 344 -1.30556828 -0.13132921 -0.00556258138 0 0 0
volume_proxy 347 0.281190495 0.522998313 0.00662122795 0 0 0
volume_proxy 356 -0.663037972 0.422329266 -0.00979924079 0 0 0
volume_proxy 375 0.593538017 -0.263764098 -0.000639733869 0 0 0
volume_proxy 388 1.28521119 -0.102432419 0.00889946088 0 0 0
volume_proxy 802 0.928610291 0.000694971492 -0.00629968672 0 0 0
volume_proxy 1052 -0.943779022 -0.761631864 -0.00692864504 0 0 0
volume_proxy 1066 -0.17154853 -0.127298469 0.00696020057 0 0 0
volume_proxy 1120 -0.615266952 -0.149943431 0.0104159824 0 0 0
volume_proxy 1166 -0.684697955 -0.0974472959 -0.00381419737 0 0 0
volume_proxy 1193 -1.25754437 -0.838500301 -0.00537417576 0 0 0
volume_proxy 1225 -0.335344805 -0.0350135628 0.00558959191 0 0 0
volume_proxy 1245 -1.1886924 -0.148933259 0.000825552577 0 0 0
volume_proxy 1280 -0.544973954 0.709832228 -0.00125989918 0 0 0
volume_proxy 1285 -0.860442708 0.332893261 0.000981192586 0 0 0
volume_proxy 1295 0.145933566 -0.0313704755 -0.00892218508 0 0 0
volume_proxy 1296 0.172998809 -0.568870202 -0.0106087014 0 0 0
volume_proxy 1340 0.866944629 0.955407387 0.00684581373 0 0 0
volume_proxy 1380 -0.502382966 0.188869616 0.00905493892 0 0 0
volume_proxy 1386 1.41568811 0.425440651 -0.0056745653 0 0 0
volume_proxy 1397 0.942533318 0.696606837 -0.0102566413 0 0 0
volume_proxy 1409 -0.276850677 0.433949259 -0.00390953499 0 0 0
volume_proxy 1413 0.602892178 0.677158434 0.0014103949 0 0 0
volume_proxy 1422 0.587786864 -0.203772672 0.00425058385 0 0 0
volume_proxy 1433 1.3751989 0.697186802 -0.00718895696 0 0 0
volume_proxy 1437 0.0422880081 0.136650079 -0.00795481124 0 0 0
volume_proxy 1439 0.198820961 0.942509845 -0.00416653333 0 0 0
volume_proxy 1447 0.916606596 -0.296389531 -0.00878996551 0 0 0
volume_proxy 1459 -1.36429164 0.403908849 -0.00427920844 0 0 0
volume_proxy 1460 0.0407492249 0.352253991 -0.00167020823 0 0 0
volume_proxy 1461 -0.706009777 0.83244769 -0.00977876576 0 0 0
volume_proxy 1466 -0.797273089 -0.123156185 0.00125217943 0 0 0
volume_proxy 1472 -1.00597333 0.740495364 -0.00857678248 0 0 0
volume_proxy 1474 1.13483047 -0.650639457 0.00606699167 0 0 0
volume_proxy 1481 0.789368295 0.665705912 -0.000602027945 0 0 0
volume_proxy 1482 1.06178945 -0.140262382 -0.00977533523 0 0 0
volume_proxy 1485 0.448270134 0.00429261014 0.00246000179 0 0 0
volume_proxy 1489 0.113614705 -0.947833138 0.00740892923 0 0 0
volume_proxy 1490 0.913414909 0.993492516 -0.00278855761 0 0 0
volume_proxy 1494 1.30992288 -0.00073627738 -0.00476334497 0 0 0
volume_proxy 1496 -1.0539247 0.317757977 -0.00699186175 0 0 0
volume_proxy 1498 -0.174275232 0.259206343 0.00478072692 0 0 0
volume_proxy 1503 -0.532845432 -0.0654265504 -0.0105865743 0 0 0
volume_proxy 1506 0.466835449 0.841813209 0.00348536984 0 0 0
volume_proxy 1507 -1.16032062 -0.37568353 -0.00547305142 0 0 0
volume_proxy 1508 -0.736381849 -0.558491064 0.00669135704 0 0 0
volume_proxy 1509 -1.40117073 0.291148285 -0.00646931454 0 0 0
volume_proxy 1510 -0.0882045664 -0.816038705 -0.00309496773 0 0 0
volume_proxy 1511 1.42903947 0.851219225 -0.00731838367 0 0 0
volume_proxy 1513 -1.31857847 0.562205834 0.00792419064 0 0 0
volume_proxy 1515 0.583663867 -0.377835735 0.00899286962 0 0 0
volume_proxy 1516 -0.406769227 -0.920853675 -0.00456736755 0 0 0
volume_proxy 1517 -0.849499385 -0.417590816 0.0081600514 0 0 0
volume_proxy 1519 0.0977586815 -0.179907368 -0.00483919066 0 0 0
volume_proxy 1520 0.0269192561 0.113207361 0.00558656307 0 0 0
volume_proxy 1521 -1.19134413 -0.386073159 0.00780419428 0 0 0
volume_proxy 1522 0.0587076319 0.967516908 -0.00277987616 0 0 0
volume_proxy 1523 1.09089158 0.0746253944 0.00280761007 0 0 0
volume_proxy 1525 -0.81732571 0.742529487 -0.0033177559 0 0 0
volume_proxy 1526 1.3657465 -0.598263809 -0.00699018568 0 0 0
volume_proxy 1528 0.600946544 -0.823522214 -0.00385082349 0 0 0
volume_proxy 1529 -0.99078955 0.148224109 0.000205453823 0 0 0
volume_proxy 1530 -0.788843345 -0.832347104 -0.00225141533 0 0 0
volume_proxy 1531 0.828450156 0.557338855 0.00877298207 0 0 0
volume_proxy 1532 -0.32676599 -0.998469589 0.00949033254 0 0 0
volume_proxy 1533 1.37791512 -0.442798612 -0.00566381364 0 0 0
