volume_proxy 0 0.942347359 0.0208263078 -0.00432528571 0 0 0
volume_proxy 4 1.09283717 0.875366577 -0.00749325313 0 0 0
volume_proxy 5 -0.530964958 0.155263824 0.00674937326 0 0 0
volume_proxy 6 1.14197676 0.333822479 -0.00784493762 0 0 0
volume_proxy 11 -1.18355484 0.896951679 -0.00906104232 0 0 0
volume_proxy 12 0.378428166 -0.16211122 0.00809510125 0 0 0
volume_proxy 13 -1.35143279 -0.724909049 -0.00867891454 0 0 0
volume_proxy 14 0.79807811 0.109535723 0.00671316507 0 0 0
volume_proxy 15 -0.597260025 -0.90555306 -0.00254729149 0 0 0
volume_proxy 16 -1.32690567 0.565993962 0.0019757248 0 0 0
volume_proxy 17 -0.758302285 -0.0947961793 0.000680368665 0 0 0
volume_proxy 18 -1.44597593 -0.352708091 0.00274122621 0 0 0
volume_proxy 19 -1.00661164 -0.766752147 0.00227329006 0 0 0
volume_proxy 22 0.799080334 0.224693565 -0.0080155401 0 0 0
volume_proxy 23 -0.726124629 0.135517136 -0.00355655285 0 0 0
volume_proxy 31 -0.98822134 0.232819641 -0.00600332258 0 0 0
volume_proxy 36 0.689641865 0.932975359 -0.00430892956 0 0 0
volume_proxy 38 0.568056902 0.37689895 -0.00457975804 0 0 0
volume_proxy 40 -0.138079918 -0.854242204 -0.00298027903 0 0 0
volume_proxy 46 0.670683981 -0.600699323 -0.00289123756 0 0 0
volume_proxy 47 0.74607495 0.0992360295 0.00874934495 0 0 0
volume_proxy 49 0.0671320084 -0.447095613 -0.00390895005 0 0 0
volume_proxy 50 0.104781566 -0.782239961 0.00907906448 0 0 0
volume_proxy 52 -1.47269721 -0.821783409 0.00221275655 0 0 0
volume_proxy 53 0.446995794 -0.632231357 0.00216791502 0 0 0
volume_proxy 57 -1.29706412 -0.304757112 0.00932092527 0 0 0
volume_proxy 58 0.426740407 -0.339082129 0.00396898329 0 0 0
volume_proxy 59 -0.652786664 0.669443788 -0.00498684925 0 0 0
volume_proxy 60 -0.0710736782 0.423409079 -0.00417597907 0 0 0
volume_proxy 61 -1.30174836 -0.0945318654 -0.0105958613 0 0 0
volume_proxy 62 -0.104680023 0.124653174 0.0102623491 0 0 0
volume_proxy 63 0.571741304 0.263973808 0.00126122467 0 0 0
volume_proxy 64 -0.339896386 0.00484156788 0.00410027219 0 0 0
volume_proxy 66 0.485799637 0.78202061 0.00748782432 0 0 0
volume_proxy 69 -0.695072479 -0.345211808 0.00383439388 0 0 0
volume_proxy 72 0.593470009 0.0879734749 -0.00250341506 0 0 0
volume_proxy 81 -1.07774721 0.677715007 -0.00981942417 0 0 0
volume_proxy 85 -0.402507789 0.21311414 0.00849398899 0 0 0
volume_proxy 87 1.08660589 0.347810206 -0.00613241844 0 0 0
volume_proxy 88 -0.985581832 0.28435778 0.0102060061 0 0 0
volume_proxy 94 -0.0913201732 -0.604460353 0.00965061189 0 0 0
volume_proxy 97 1.02544229 -0.396932903 -0.00789580968 0 0 0
volume_proxy 100 0.315539568 -0.86721648 -0.000157569055 0 0 0
volume_proxy 101 -0.68032874 0.260228909 0.00514398777 0 0 0
volume_proxy 102 0.0637474042 -0.582687239 -0.00916797018 0 0 0
volume_proxy 103 0.815216652 -0.553339758 6.0336582e-05 0 0 0
volume_proxy 105 -0.510347968 -0.624032755 0.000665829152 0 0 0
volume_proxy 106 -0.480992423 -0.419589725 -0.00477243681 0 0 0
volume_proxy 107 -0.190501007 0.547449055 -0.0093883519 0 0 0
volume_proxy 108 1.10166162 -0.000303150223 0.00408581334 0 0 0
volume_proxy 113 -0.733530276 -0.171195715 -0.00619681165 0 0 0
volume_proxy 121 0.651018992 0.592377135 2.31048546e-05 0 0 0
volume_proxy 124 -0.587994623 0.384758869 0.00579997945 0 0 0
volume_proxy 125 -0.682086136 -0.280302501 0.00596520161 0 0 0
volume_proxy 126 -0.105767165 -0.687056455 -0.0045830151 0 0 0
volume_proxy 127 0.0531253423 0.0275722068 -0.0083190927 0 0 0
volume_proxy 130 0.915105236 -0.235934201 0.00798961999 0 0 0
volume_proxy 131 0.795242478 0.380087827 0.00214975062 0 0 0
volume_proxy 132 0.34486435 0.788162946 0.0103637991 0 0 0
volume_proxy 135 0.727840464 -0.583339741 -0.000637269954 0 0 0
volume_proxy 140 -0.660625621 0.441448112 0.000518593014 0 0 0
volume_proxy 145 -0.453914407 -0.145919098 0.00374198971 0 0 0
volume_proxy 146 1.3801265 -0.299264286 -0.00167076473 0 0 0
volume_proxy 149 -1.39062878 0.872578572 0.000204816719 0 0 0
volume_proxy 155 0.767052571 0.463992082 -0.00688434201 0 0 0
volume_proxy 157 0.851055914 0.451385299 -0.00221969779 0 0 0
volume_proxy 159 -0.588438027 -0.437030221 0.00479034317 0 0 0
volume_proxy 161 -0.250933641 0.0845733715 -0.00383478468 0 0 0
volume_proxy 163 -1.45767402 0.503463076 0.00141676117 0 0 0
volume_proxy 169 0.803088586 0.0855077992 0.00326020369 0 0 0
volume_proxy 173 -0.0154121146 0.352071463 -0.00671338263 0 0 0
volume_proxy 176 0.170140396 -0.0137973384 -0.00214104445 0 0 0
volume_proxy 178 -0.548376219 0.209717066 0.00239438566 0 0 0
volume_proxy 186 -0.537381997 -0.325574609 -0.00763116018 0 0 0
volume_proxy 189 -0.90861842 0.348547959 -0.00743201077 0 0 0
volume_proxy 194 0.00416997586 -0.725564721 -0.00963713149 0 0 0
volume_proxy 195 -0.822400888 0.678844717 0.00393454542 0 0 0
volume_proxy 196 0.651646208 0.293720134 -0.000600788377 0 0 0
volume_proxy 198 1.02652659 -0.933865892 -0.00869291154 0 0 0
volume_proxy 200 -1.12985439 0.0409883224 -0.00966283443 0 0 0
volume_proxy 201 -1.24457998 0.252974832 -0.00297261748 0 0 0
volume_proxy 202 -0.634686768 0.74633812 -0.0087042451 0 0 0
volume_proxy 206 0.63134713 -0.345925672 -0.00898051389 0 0 0
volume_proxy 208 -1.32847429 0.51441714 -0.00812855911 0 0 0
volume_proxy 209 -1.10912582 -0.368539535 -0.00599447851 0 0 0
volume_proxy 210 -0.0222871721 0.132750178 -0.00833625656 0 0 0
volume_proxy 212 1.25731818 -0.200806072 0.00668154013 0 0 0
volume_proxy 213 0.0614837794 -0.291910451 0.00185899859 0 0 0
volume_proxy 219 -0.240702674 0.509345268 0.00830196328 0 0 0
volume_proxy 223 -1.30811249 0.381763657 -0.00931969629 0 0 0
volume_proxy 224 0.99914741 -0.960276752 -0.00666236214 0 0 0
volume_proxy 225 -1.11975528 0.18124968 -0.00426810889 0 0 0
volume_proxy 226 -1.15833566 -0.706161494 0.00577697839 0 0 0
volume_proxy 228 -0.251944629 -0.123562699 0.00901139037 0 0 0
volume_proxy 230 0.0955908711 0.834072249 0.00112557472 0 0 0
volume_proxy 232 0.784696229 0.67345992 0.00938763348 0 0 0
volume_proxy 236 0.951350278 0.238721371 -0.00358064002 0 0 0
volume_proxy 237 0.274043421 0.584442162 0.0105550498 0 0 0
volume_proxy 238 -0.163635087 0.164230611 0.00053492991 0 0 0
volume_proxy 242 0.956661337 0.32912292 0.010299944 0 0 0
volume_proxy 244 0.490434351 0.281722192 0.00665296539 0 0 0
volume_proxy 247 1.02055431 -0.507236472 -0.00612434666 0 0 0
volume_proxy 251 0.493186477 0.949753415 0.00375999354 0 0 0
volume_proxy 254 -1.42648133 0.854574839 -0.00165086403 0 0 0
volume_proxy 256 0.263561664 -0.251172818 0.00942828277 0 0 0
volume_proxy 257 0.0948726963 0.362858879 0.0095631973 0 0 0
volume_proxy 258 0.394811422 -0.0569264965 0.0026408284 0 0 0
volume_proxy 259 0.20717323 0.0691843208 -0.0103010999 0 0 0
volume_proxy 260 -0.286852991 0.927316434 -0.0100981908 0 0 0
volume_proxy 262 -0.901152964 0.243918248 0.00237415667 0 0 0
volume_proxy 269 1.01863027 -0.183021638 -0.00497334307 0 0 0
volume_proxy 271 -1.42124552 0.512389295 0.00537025721 0 0 0
volume_proxy 273 1.49194655 0.598040936 -0.010065237 0 0 0
volume_proxy 276 0.439589091 0.283687905 -0.00749856157 0 0 0
volume_proxy 277 -0.741189917 -0.454913054 0.00064485709 0 0 0
volume_proxy 279 -0.72143092 -0.748706945 -0.00712299271 0 0 0
volume_proxy 281 -1.48815418 0.947045466 0.00240448484 0 0 0
volume_proxy 284 -1.10546069 0.805871942 -0.00960227034 0 0 0
volume_proxy 285 -0.450857304 -0.88535174 0.0104883667 0 0 0
volume_proxy 293 1.10547449 0.564140481 0.00909458371 0 0 0
volume_proxy 294 -0.506086182 0.819130543 -0.00994006351 0 0 0
volume_proxy 296 0.152805453 -0.173652168 -0.00603594649 0 0 0
volume_proxy 297 1.27148174 0.057384732 -0.00587667777 0 0 0
volume_proxy 298 1.14656058 -0.693913994 0.0105082245 0 0 0
volume_proxy 303 -0.174470627 -0.125729096 -0.00536141172 0 0 0
volume_proxy 305 0.484859508 0.208428394 -0.00610104281 0 0 0
volume_proxy 309 0.655403477 0.499367319 0.000986220575 0 0 0
volume_proxy 310 0.394913182 0.0201116933 -0.00655245871 0 0 0
volume_proxy 311 0.0518832103 -0.992440322 -0.00284932848 0 0 0
volume_proxy 312 0.283257786 -0.128290949 -0.00373217262 0 0 0
volume_proxy 314 -0.62613917 -0.122020977 -0.000688226238 0 0 0
volume_proxy 315 -0.221553352 0.286049265 0.00974308215 0 0 0
volume_proxy 316 -0.208549966 0.0206914238 0.0039847747 0 0 0
volume_proxy 318 -1.21758523 -0.0213831986 -0.00558045883 0 0 0
volume_proxy 319 0.041462005 -0.706049024 0.0056318424 0 0 0
volume_proxy 321 -0.296711854 -0.802651493 -0.00517246975 0 0 0
volume_proxy 322 0.844618798 0.59443651 0.00824978561 0 0 0
volume_proxy 324 -1.23721981 -0.864577375 -0.0098192461 0 0 0
volume_proxy 329 0.263636818 0.690467762 0.00740761687 0 0 0
volume_proxy 330 0.204037095 -0.538053738 0.0105026714 0 0 0
volume_proxy 334 0.744302911 -0.88538792 0.010032688 0 0 0
volume_proxy 335 -1.49029123 -0.222275837 0.00127162481 0 0 0
volume_proxy 337 -0.790614035 0.746060978 0.0053835741 0 0 0
volume_proxy 338 -0.231202166 -0.196275579 0.0020811775 0 0 0
volume_proxy 339 -0.562134121 -0.331507914 0.00351814529 0 0 0
volume_proxy 341 1.17669332 0.664582418 -0.00496197059 0 0 0
volume_proxy 342 -0.537232551 0.162917066 0.00471094006 0 0 0
volume_proxy 343 -0.074210253 0.889081224 -0.000754168044 0 0 0
volume_proxy 344 0.34620959 0.169091088 -0.00786643789 0 0 0
volume_proxy 345 -0.716063394 0.0906280832 -0.0011461978 0 0 0
volume_proxy 347 0.252692297 -0.335337613 -0.00587837077 0 0 0
volume_proxy 349 0.343025435 -0.00397293434 -0.00733245308 0 0 0
volume_proxy 350 -0.692121659 0.604831237 -0.00510209638 0 0 0
volume_proxy 353 -0.259666396 0.00458337893 -0.000661688865 0 0 0
volume_proxy 355 0.803198633 0.14211369 0.00877354608 0 0 0
volume_proxy 356 1.12365245 0.641969032 -0.00527294806 0 0 0
volume_proxy 358 1.31796785 0.925525994 0.000343381519 0 0 0
volume_proxy 370 1.43215993 0.278629259 -0.00820057961 0 0 0
volume_proxy 371 -1.26300669 0.408929844 -0.000345283181 0 0 0
volume_proxy 372 0.331537388 0.675421588 -0.00870784095 0 0 0
volume_proxy 373 0.759222975 0.210164364 0.010291518 0 0 0
volume_proxy 375 0.994516287 0.220964006 -0.00708751665 0 0 0
volume_proxy 377 0.835048115 0.193673155 -0.00790502777 0 0 0
volume_proxy 380 -0.531206178 -0.750435742 -0.00340365924 0 0 0
volume_proxy 382 -0.458832241 -0.605020931 -0.00580676591 0 0 0
volume_proxy 383 0.76810651 -0.915115164 -0.00758059722 0 0 0
volume_proxy 384 0.0768482191 0.841796636 -0.0014758901 0 0 0
volume_proxy 388 -1.18939659 0.168785328 -0.00121964696 0 0 0
volume_proxy 389 0.109063336 -0.00321417755 -0.00238955662 0 0 0
volume_proxy 391 -1.24244515 0.644402007 0.0025209949 0 0 0
volume_proxy 392 -0.339386563 0.928830216 0.00465075167 0 0 0
volume_proxy 393 0.860414245 0.230293284 0.00818759636 0 0 0
volume_proxy 396 -0.913897153 0.492978873 -0.00659251588 0 0 0
volume_proxy 397 0.848174219 0.170354485 -0.00791558931 0 0 0
volume_proxy 399 1.34121268 -0.77445408 0.00302839415 0 0 0
volume_proxy 400 -0.0472126002 -0.550746231 0.007429782 0 0 0
volume_proxy 402 -0.917687276 -0.59977788 0.00411854819 0 0 0
volume_proxy 409 -0.394162796 -0.829877913 0.009343556 0 0 0
volume_proxy 412 1.38582494 -0.146692724 0.00574044861 0 0 0
volume_proxy 413 0.660227904 0.149854572 -0.00556721309 0 0 0
volume_proxy 415 -0.802704291 -0.57544363 0.00694404035 0 0 0
volume_proxy 418 -0.62145027 -0.547303429 0.00218375144 0 0 0
volume_proxy 424 0.650412554 0.639983595 -0.0088404044 0 0 0
volume_proxy 425 -0.111937517 -0.255884865 -0.000758723226 0 0 0
volume_proxy 431 -1.46414954 -0.682348694 -0.0107949509 0 0 0
volume_proxy 434 -0.623516897 -0.234691509 0.00278687371 0 0 0
volume_proxy 435 -1.40355983 -0.570450683 -0.00633454781 0 0 0
volume_proxy 442 -0.225585546 -0.610745761 -0.010560053 0 0 0
volume_proxy 451 0.520979804 -0.667119612 0.00883159054 0 0 0
volume_proxy 459 -0.672907561 0.419198436 0.00293381913 0 0 0
volume_proxy 462 -0.645759187 -0.756215647 0.000463050115 0 0 0
volume_proxy 463 -0.0154328516 -0.329544596 0.00303391321 0 0 0
volume_proxy 470 1.15792724 0.742077676 0.0101476434 0 0 0
volume_proxy 492 0.588487711 -0.724559978 0.00353560763 0 0 0
volume_proxy 493 -0.6834379 -0.965128392 0.000450217323 0 0 0
volume_proxy 495 -0.906933488 -0.609525007 0.00585937214 0 0 0
volume_proxy 497 -1.187351 -0.917530417 0.00548693444 0 0 0
volume_proxy 499 1.42286853 -0.837292486 0.000275942612 0 0 0
volume_proxy 502 0.554443514 -0.160238954 -0.00273143152 0 0 0
volume_proxy 512 0.332618396 -0.674801127 -0.00114713591 0 0 0
volume_proxy 513 0.909416095 -0.160003646 -0.00381169722 0 0 0
volume_proxy 518 1.20579286 -0.43974556 -0.0086232956 0 0 0
volume_proxy 526 0.981936854 0.71578164 0.00888481569 0 0 0
volume_proxy 531 -0.0505321179 0.325442623 0.00052478699 0 0 0
volume_proxy 533 -0.773601182 -0.911278545 -0.00205856347 0 0 0
volume_proxy 544 0.968841971 0.797471995 0.00622250329 0 0 0
volume_proxy 547 1.36614044 0.858215597 -0.00797439702 0 0 0
volume_proxy 549 0.514282467 -0.76660418 0.00589773127 0 0 0
volume_proxy 559 1.00996332 0.603721027 -0.00819170866 0 0 0
volume_proxy 561 1.04628401 0.314207234 -0.00785180515 0 0 0
volume_proxy 563 -0.854009804 0.815959964 -0.00285674098 0 0 0
volume_proxy 568 -0.560260884 -0.0416433829 -0.00908174049 0 0 0
volume_proxy 572 0.114803456 -0.652829867 -0.00568995014 0 0 0
volume_proxy 578 -0.600746813 0.768447921 0.00226849906 0 0 0
volume_proxy 579 -0.446952475 0.171058028 -0.0093399582 0 0 0
volume_proxy 581 1.09990808 0.928557515 -0.00524691963 0 0 0
volume_proxy 582 0.882637636 -0.305305064 0.0102170928 0 0 0
volume_proxy 591 -0.993254105 0.0998702231 -0.00833690331 0 0 0
volume_proxy 594 -0.947037434 0.248176178 -0.00420795464 0 0 0
volume_proxy 595 0.938006419 0.189808116 0.00750202789 0 0 0
volume_proxy 603 0.199121372 -0.387919966 0.00777156475 0 0 0
volume_proxy 604 -0.959790971 0.456441421 -0.000384073841 0 0 0
volume_proxy 606 -0.796561266 0.215051773 -0.00223882927 0 0 0
volume_proxy 608 -0.778685105 -0.746712297 -0.00594756281 0 0 0
volume_proxy 615 1.10620967 -0.987618563 0.00132409146 0 0 0
volume_proxy 616 1.36734541 0.085281429 -0.00160336276 0 0 0
volume_proxy 626 1.2264004 -0.161100787 -0.000773968264 0 0 0
volume_proxy 630 -0.434168691 -0.999059178 -0.00323844322 0 0 0
volume_proxy 634 -0.808220525 0.544405348 0.00471294314 0 0 0
volume_proxy 637 -1.17749187 -0.614324289 0.00148135549 0 0 0
volume_proxy 642 0.945733302 -0.279583941 0.00249778369 0 0 0
volume_proxy 644 -0.499893767 0.89187533 0.00554893465 0 0 0
volume_proxy 647 -0.0772584216 0.781698376 -0.00496108342 0 0 0
volume_proxy 656 -0.162811387 0.213201246 0.00690389994 0 0 0
volume_proxy 664 1.48030517 -0.909123524 0.00413184412 0 0 0
volume_proxy 665 -0.751252062 -0.850456238 -0.00790713086 0 0 0
volume_proxy 666 -0.241298986 0.108589642 -0.00528829594 0 0 0
volume_proxy 669 1.21742665 0.0222755154 0.000178654989 0 0 0
volume_proxy 675 -1.46847617 0.685539707 0.000222939232 0 0 0
volume_proxy 682 0.146527475 0.918663076 0.00296922713 0 0 0
volume_proxy 691 1.10893448 -0.331015153 -0.0060939097 0 0 0
volume_proxy 693 0.116490689 0.26672667 0.00431163219 0 0 0
volume_proxy 698 -0.113044519 0.76621228 0.00210718877 0 0 0
volume_proxy 699 0.649904198 0.60238394 0.0106625161 0 0 0
volume_proxy 701 -1.18483283 0.812860045 -0.00671261144 0 0 0
volume_proxy 702 -0.104684726 -0.111635948 -0.0071624304 0 0 0
volume_proxy 703 -0.972860585 -0.303084689 -0.0100149916 0 0 0
volume_proxy 704 1.37616934 0.118293112 0.00554870855 0 0 0
volume_proxy 708 -1.28650294 0.271398046 -0.00650547419 0 0 0
volume_proxy 711 0.363255558 0.11393092 0.000917818146 0 0 0
volume_proxy 722 0.491841447 0.491811637 0.00311317959 0 0 0
volume_proxy 725 -1.15617181 -0.807810016 0.0101115644 0 0 0
volume_proxy 740 0.366234256 0.726445887 -0.00889227943 0 0 0
volume_proxy 751 0.277290919 -0.675862695 0.0107869825 0 0 0
volume_proxy 757 -0.22143848 0.53609132 -0.00763093643 0 0 0
volume_proxy 762 -1.14880657 0.978109056 0.0082976726 0 0 0
volume_proxy 780 -0.614255658 0.213346711 0.00908888077 0 0 0
volume_proxy 781 -1.05017324 0.38057532 0.00601728969 0 0 0
volume_proxy 784 1.42795417 0.614252335 -0.00262569249 0 0 0
volume_proxy 788 -0.523383462 -0.0225266602 -0.00961239619 0 0 0
volume_proxy 791 0.596209995 -0.680995367 0.0071769566 0 0 0
volume_proxy 794 0.551137583 0.687612911 0.0107996329 0 0 0
volume_proxy 795 0.886536984 -0.978901259 -0.00600266381 0 0 0
volume_proxy 796 -0.86222137 0.491879609 0.00166635285 0 0 0
volume_proxy 797 -1.37326131 -0.224105483 0.00248482069 0 0 0
volume_proxy 800 -1.23889034 0.841241394 0.0101366389 0 0 0
volume_proxy 802 0.0360498651 -0.0320743537 -0.00268152032 0 0 0
volume_proxy 804 0.404955785 0.375847666 -0.0103562953 0 0 0
volume_proxy 810 0.617461551 0.160825438 0.0043119936 0 0 0
volume_proxy 811 0.577248551 0.533382219 -0.00213206538 0 0 0
volume_proxy 812 0.901445788 0.49420244 -0.00917606203 0 0 0
volume_proxy 814 1.06784447 0.0935989972 -0.0049046416 0 0 0
volume_proxy 822 0.321935195 -0.681479313 -0.0102496364 0 0 0
volume_proxy 824 1.42998706 -0.571368833 -0.00892254683 0 0 0
volume_proxy 825 1.27595398 0.790367319 -0.0013094663 0 0 0
volume_proxy 827 1.4207509 0.457874817 0.00597274268 0 0 0
volume_proxy 833 -0.47433406 -0.0237895279 0.00969293642 0 0 0
volume_proxy 835 -0.199840191 -0.865556803 0.00402335114 0 0 0
volume_proxy 837 0.100760141 -0.0694310482 0.0036643516 0 0 0
volume_proxy 839 0.0964178272 -0.339549986 -0.00448639125 0 0 0
volume_proxy 846 1.44944799 0.13464405 0.00594195053 0 0 0
volume_proxy 848 -1.48065436 -0.151875329 0.0073818253 0 0 0
volume_proxy 854 -0.181851914 0.979086831 0.0103404118 0 0 0
volume_proxy 856 0.948950688 0.356302065 0.0019185625 0 0 0
volume_proxy 859 0.5866163 0.163197005 0.00409824678 0 0 0
volume_proxy 867 -1.02685921 0.122945289 0.00192926016 0 0 0
volume_proxy 868 0.578799649 0.161170733 0.0004757887 0 0 0
volume_proxy 869 1.23712756 0.932472512 -0.00306713404 0 0 0
volume_proxy 874 0.761247355 0.66805868 -0.00687734224 0 0 0
volume_proxy 875 -0.27358735 -0.954057724 -0.00265978623 0 0 0
volume_proxy 876 -0.0287846559 -0.821555013 0.0101397313 0 0 0
volume_proxy 878 1.33478271 -0.494388562 0.00821937883 0 0 0
volume_proxy 883 -0.126434745 0.938599942 -0.00885214711 0 0 0
volume_proxy 889 -1.42387233 0.836176254 0.00813374292 0 0 0
volume_proxy 890 0.955803255 0.977156848 -0.00175102374 0 0 0
volume_proxy 891 -0.492547332 -0.97750188 -0.00819216509 0 0 0
volume_proxy 894 1.40109683 -0.665364368 0.00431573125 0 0 0
volume_proxy 896 1.04907852 0.1882064 0.00540699094 0 0 0
volume_proxy 898 0.997357911 -0.149284926 0.00155378996 0 0 0
volume_proxy 902 0.257139226 0.896130217 0.00323672024 0 0 0
volume_proxy 903 0.00125928071 0.290893481 0.00453223309 0 0 0
volume_proxy 904 -1.09483655 0.458342197 -0.00455025248 0 0 0
volume_proxy 906 1.15006234 0.530106244 0.003883742 0 0 0
volume_proxy 908 0.117266577 0.219856334 -0.00592466105 0 0 0
volume_proxy 910 -1.44004749 0.255062426 -0.0095700666 0 0 0
volume_proxy 911 1.47150892 0.330165981 -0.00567509497 0 0 0
volume_proxy 912 1.45141133 0.0862883628 0.00941157791 0 0 0
volume_proxy 913 -1.24269454 -0.984812723 -0.00439051408 0 0 0
volume_proxy 914 0.287917347 -0.870795039 0.00829777855 0 0 0
volume_proxy 915 -0.323515131 -0.630452707 -0.0102436177 0 0 0
volume_proxy 916 -0.33696773 0.268649686 -0.00925228687 0 0 0
volume_proxy 917 -0.369931692 -0.0395663694 -0.00561512683 0 0 0
volume_proxy 918 -0.693104169 0.0174340945 0.000930587381 0 0 0
volume_proxy 924 -0.421948523 0.590693204 0.00146547893 0 0 0
volume_proxy 926 -0.244329025 0.713080754 0.00762490578 0 0 0
volume_proxy 929 -0.406224281 -0.605468665 -0.0106368679 0 0 0
volume_proxy 931 0.0207491686 0.109265867 -0.00851058543 0 0 0
volume_proxy 935 -1.40398643 0.469160517 -0.00677914511 0 0 0
volume_proxy 939 0.897803048 0.93608467 -0.00125604041 0 0 0
volume_proxy 940 0.170381288 0.076038672 -0.00912991223 0 0 0
volume_proxy 941 -1.22328739 0.918286622 -0.00786449319 0 0 0
volume_proxy 942 0.727244379 -0.53987577 0.000244194353 0 0 0
volume_proxy 943 -1.13288012 -0.75676059 -0.00224421138 0 0 0
volume_proxy 944 0.668467983 -0.922981001 -0.00656302262 0 0 0
volume_proxy 945 -0.923952388 0.357588229 -0.00988669086 0 0 0
volume_proxy 948 -0.395514984 -0.062338302 0.0075564236 0 0 0
volume_proxy 949 -0.701637295 -0.455049709 -0.00220568722 0 0 0
volume_proxy 950 -1.30638717 0.961421583 -0.00481920435 0 0 0
volume_proxy 953 -0.689984417 -0.97003659 0.0050957941 0 0 0
volume_proxy 958 -1.31876378 0.334119566 -0.00863428214 0 0 0
volume_proxy 959 0.905378439 0.597611362 0.00811453429 0 0 0
volume_proxy 961 -0.994787882 0.882587363 -0.00481986879 0 0 0
volume_proxy 963 -0.736486083 0.646485474 0.00844141685 0 0 0
volume_proxy 964 0.811020172 0.780108146 -0.00617018443 0 0 0
volume_proxy 965 0.933805049 -0.644998654 -0.00455468789 0 0 0
volume_proxy 966 -0.608960877 0.776670354 -0.00147387078 0 0 0
volume_proxy 969 -0.72794872 -0.133854992 0.00808324014 0 0 0
volume_proxy 971 0.901691366 0.387828063 -0.00183438849 0 0 0
volume_proxy 973 -0.0669224969 0.150470462 0.0102379195 0 0 0
volume_proxy 974 1.06285831 -0.755026889 -0.00308662681 0 0 0
volume_proxy 977 -1.00934928 -0.0341750212 0.00471952443 0 0 0
volume_proxy 979 0.0616326003 0.599503958 -0.00235635667 0 0 0
volume_proxy 980 -0.285225571 0.914857919 0.00161308829 0 0 0
volume_proxy 981 -0.00292414817 0.51564635 0.00247769699 0 0 0
volume_proxy 983 1.19651917 -0.389407622 -0.00583390281 0 0 0
volume_proxy 984 1.37635675 0.574744119 -0.0105149501 0 0 0
volume_proxy 985 -0.325773506 -0.959265428 0.00845125843 0 0 0
volume_proxy 986 -0.458441258 -0.751820844 -0.00693244499 0 0 0
volume_proxy 987 -1.46260724 0.949776402 -0.00721569389 0 0 0
volume_proxy 988 0.830867895 -0.999911266 -0.00514036741 0 0 0
volume_proxy 990 -1.02763386 0.185789231 -0.00588515602 0 0 0
volume_proxy 991 -0.222673767 -0.380523758 0.0100473348 0 0 0
volume_proxy 992 -0.232193585 0.252770348 0.00133256439 0 0 0
volume_proxy 993 -0.166391044 0.03904885 0.00619854612 0 0 0
volume_proxy 995 1.4886533 -0.651893 -0.00927535647 0 0 0
volume_proxy 996 -0.912935781 0.564027031 0.00187701513 0 0 0
volume_proxy 997 1.45532676 -0.00252027532 0.00904684487 0 0 0
volume_proxy 998 1.02147155 -0.269512085 0.00939745588 0 0 0
volume_proxy 999 -0.837010821 -0.236137669 -0.0034657019 0 0 0
volume_proxy 1000 1.40861575 -0.664835991 -0.00165929073 0 0 0
volume_proxy 1001 0.635047609 0.828617348 -0.00502076538 0 0 0
volume_proxy 1004 0.068595893 0.109850933 0.0106675457 0 0 0
volume_proxy 1005 1.12772149 -0.372013333 -0.0097099015 0 0 0
volume_proxy 1007 -1.17554644 -0.627613234 0.00322630416 0 0 0
volume_proxy 1008 0.355892941 -0.521031764 -0.00653120909 0 0 0
volume_proxy 1009 0.459411525 -0.694467579 0.00966920372 0 0 0
volume_proxy 1010 0.340635104 -0.313457159 -0.00749961048 0 0 0
volume_proxy 1011 0.399360487 -0.989909194 -0.00320679979 0 0 0
volume_proxy 1012 0.51954705 -0.201380305 0.0106563039 0 0 0
volume_proxy 1013 0.829253027 -0.930571742 -0.00639554186 0 0 0
volume_proxy 1014 -0.688652361 -0.0545118646 -0.0063151289 0 0 0
volume_proxy 1016 0.854823029 -0.937071431 0.0029159737 0 0 0
volume_proxy 1017 -0.0317254341 -0.601760188 0.00466822946 0 0 0
volume_proxy 1018 -0.795146876 -0.934253301 -0.00311353927 0 0 0
volume_proxy 1019 -0.575930427 -0.821230334 0.0104564396 0 0 0
volume_proxy 1020 -0.952780475 0.733724747 0.00602219803 0 0 0
volume_proxy 1021 -0.659120166 -0.452781212 0.00951073651 0 0 0
volume_proxy 1023 0.789844472 0.347518909 0.000679911234 0 0 0
volume_proxy 1024 1.25840647 0.947798906 -0.00832081514 0 0 0
volume_proxy 1025 0.666779842 0.263401541 -0.00553986634 0 0 0
volume_proxy 1028 -1.01509411 -0.576790252 -0.00408022535 0 0 0
volume_proxy 1029 0.946960358 0.811883425 -0.00625105778 0 0 0
volume_proxy 1030 0.529125801 0.00542919826 -0.00858313121 0 0 0
volume_proxy 1031 0.85915813 -0.818525557 0.000368898462 0 0 0
volume_proxy 1032 1.34974792 -0.0998536965 0.00690602929 0 0 0
volume_proxy 1033 0.716607158 0.787717577 0.0107818598 0 0 0
volume_proxy 1035 0.260403481 -0.220813849 0.00314508051 0 0 0
volume_proxy 1036 0.980043379 -0.516411953 -0.0091539276 0 0 0
volume_proxy 1037 0.413558432 -0.59809629 0.00968811281 0 0 0
volume_proxy 1038 1.01904984 0.712736021 -0.00588216838 0 0 0
volume_proxy 1039 -0.845405699 0.877437159 0.00933604443 0 0 0
volume_proxy 1040 -0.894880153 -0.788214723 -0.0026112106 0 0 0
volume_proxy 1041 0.142198843 -0.177336019 0.000819545914 0 0 0
volume_proxy 1042 1.15738345 -0.189315329 0.00181481451 0 0 0
volume_proxy 1043 1.21592706 -0.468672139 -0.000806198056 0 0 0
volume_proxy 1044 1.10729296 -0.576832374 -0.00070017471 0 0 0
volume_proxy 1046 0.125328016 -0.159158589 0.00486810503 0 0 0
volume_proxy 1047 -1.49544482 0.0656054118 -0.00801352748 0 0 0
volume_proxy 1048 -1.41242375 -0.03668554 -0.00405187068 0 0 0
volume_proxy 1049 -0.173416015 0.498406299 0.0042721044 0 0 0
volume_proxy 1050 -0.728772663 -0.274665977 0.00547584382 0 0 0
volume_proxy 1051 0.194233712 -0.341856766 -0.00738369266 0 0 0
volume_proxy 1052 -0.856933718 -0.0698470175 0.000478781436 0 0 0
volume_proxy 1053 -0.119713447 -0.859675391 -0.00799684163 0 0 0
volume_proxy 1054 -1.41478888 0.24269989 -0.0037822206 0 0 0
volume_proxy 1055 -1.41972986 0.90458022 0.00945125602 0 0 0
volume_proxy 1056 -1.37100669 0.870743841 0.00601699925 0 0 0
volume_proxy 1057 -0.452124515 -0.295646141 0.00542609817 0 0 0
volume_proxy 1058 -1.44715912 -0.428538162 -0.00432653167 0 0 0
volume_proxy 1059 -0.566096533 0.896318198 0.00811654662 0 0 0
volume_proxy 1060 -1.46290405 0.411755123 0.00631346772 0 0 0
volume_proxy 1061 -0.379156417 -0.103028519 0.010183957 0 0 0
