volume_proxy 0 1.3391401 0.0419629085 -0.0103108124 0 0 0
volume_proxy 5 0.66402414 0.212152155 0.00997355745 0 0 0
volume_proxy 6 0.56850408 -0.203325003 -0.00581174773 0 0 0
volume_proxy 11 0.76961018 0.408352705 0.00178884871 0 0 0
volume_proxy 12 1.19886405 -0.254579772 -0.000600049455 0 0 0
volume_proxy 14 -0.0250414089 -0.333576251 0.0104898077 0 0 0
volume_proxy 23 0.141335015 -0.150423874 0.00771352335 0 0 0
volume_proxy 38 0.653784066 -0.0407842618 -0.00762691747 0 0 0
volume_proxy 40 0.0539477529 -0.838522771 -0.00134298808 0 0 0
volume_proxy 50 -0.216990538 -0.112334433 0.00238325664 0 0 0
volume_proxy 53 -0.202799776 0.0279347937 0.00193027559 0 0 0
volume_proxy 58 1.24882445 -0.631059536 -0.00856642546 0 0 0
volume_proxy 60 0.525984224 0.476062958 0.00153073366 0 0 0
volume_proxy 61 0.195850787 -0.706806189 -0.00740077803 0 0 0
volume_proxy 72 0.370226305 0.073223967 -0.00267961579 0 0 0
volume_proxy 85 -1.20676498 -0.229181847 -0.00677964057 0 0 0
volume_proxy 88 -0.710718803 -0.464138569 0.00932976567 0 0 0
volume_proxy 97 1.23850707 -0.315230689 -0.00973280749 0 0 0
volume_proxy 101 -1.12539527 0.958254166 0.00172018764 0 0 0
volume_proxy 105 0.313798677 -0.253378355 0.0072962973 0 0 0
volume_proxy 107 1.44068556 0.256630772 0.00584267013 0 0 0
volume_proxy 108 1.07179469 0.394337512 0.00827063995 0 0 0
volume_proxy 127 -0.758235931 0.836025935 -0.000653522119 0 0 0
volume_proxy 130 1.46340304 0.483195464 -0.00624305821 0 0 0
volume_proxy 140 -0.51935995 0.205892036 0.00851366482 0 0 0
volume_proxy 157 0.811932759 -0.0522229708 0.00139814811 0 0 0
volume_proxy 159 0.131710921 -0.141227405 0.00741875095 0 0 0
volume_proxy 161 0.177002124 0.030465073 -0.00679273467 0 0 0
volume_proxy 176 0.529498252 -0.741979475 0.0013749055 0 0 0
volume_proxy 186 0.516218025 0.208883239 -0.00901633951 0 0 0
volume_proxy 189 -1.13082107 0.269032183 -0.00100515004 0 0 0
volume_proxy 195 0.209762879 -0.273495964 -0.00607926366 0 0 0
volume_proxy 196 0.272962827 0.233500319 0.0028030801 0 0 0
volume_proxy 200 -0.222983534 -0.902387047 0.000439587862 0 0 0
volume_proxy 202 -1.467941 0.819412736 0.00356920194 0 0 0
volume_proxy 209 -0.677265066 0.080193853 0.0069875681 0 0 0
volume_proxy 210 -0.41308655 0.18415236 0.0106762403 0 0 0
volume_proxy 226 -0.609757756 0.100509727 -0.00858665079 0 0 0
volume_proxy 236 0.212679301 0.514869769 0.0101483351 0 0 0
volume_proxy 244 1.19352579 0.65967399 0.000774169029 0 0 0
volume_proxy 247 0.997737033 0.198100618 0.00270630475 0 0 0
volume_proxy 256 -0.271175912 0.0696928904 0.00942141494 0 0 0
volume_proxy 259 0.133532387 -0.395351388 0.0102222875 0 0 0
volume_proxy 269 0.0210242175 -0.212362067 -0.00670754835 0 0 0
volume_proxy 277 -0.529559398 -0.235965379 0.009778719 0 0 0
volume_proxy 294 0.0689911381 0.0882143676 -0.00950505979 0 0 0
volume_proxy 296 -0.363840377 -0.244453149 0.00968785803 0 0 0
volume_proxy 298 1.4916084 -0.572189915 0.00726451371 0 0 0
volume_proxy 305 0.717527063 -0.0853303245 -0.00418625178 0 0 0
volume_proxy 310 1.00594934 0.432316286 0.00732288326 0 0 0
volume_proxy 311 1.07236427 -0.965244797 -0.000692628703 0 0 0
volume_proxy 329 -0.83010628 -0.409654235 0.00256624248 0 0 0
volume_proxy 337 -0.703451488 0.717850696 0.00565364609 0 0 0
volume_proxy 344 -0.430490925 0.240286567 -0.00447558292 0 0 0
volume_proxy 347 -0.357927792 -0.799104648 0.00883951453 0 0 0
volume_proxy 349 -0.0345450913 -0.0869497023 0.00780751811 0 0 0
volume_proxy 356 0.297404177 0.298681343 -0.00768146262 0 0 0
volume_proxy 375 1.21622258 -0.389033867 -0.00302237354 0 0 0
volume_proxy 388 -1.0858968 0.858864667 0.00164529404 0 0 0
volume_proxy 431 -1.21613832 -0.838537013 -0.00932304775 0 0 0
volume_proxy 518 0.919515013 0.84139659 5.40683515e-05 0 0 0
volume_proxy 802 1.14375864 -0.91777169 -0.0018335914 0 0 0
volume_proxy 876 0.179687586 -0.871576675 0.000258810322 0 0 0
volume_proxy 904 -0.224623702 0.328738988 -0.00139607824 0 0 0
volume_proxy 914 0.139170971 -0.872121261 0.00607060236 0 0 0
volume_proxy 1020 -1.34754848 0.964517093 0.00968995004 0 0 0
volume_proxy 1052 0.0748013899 -0.471186826 -0.00334179979 0 0 0
volume_proxy 1066 0.819276804 0.588404446 -0.0104838486 0 0 0
volume_proxy 1093 -0.129656952 -0.0095803768 0.00424122959 0 0 0
volume_proxy 1118 0.135782449 -0.429011236 0.00391553887 0 0 0
volume_proxy 1120 -0.499850922 0.906817136 -0.0106354415 0 0 0
volume_proxy 1138 1.49894127 -0.657048342 -0.00923315847 0 0 0
volume_proxy 1166 -0.793741688 0.570423367 0.00860297781 0 0 0
volume_proxy 1169 1.39694609 -0.950898286 -0.00513683807 0 0 0
volume_proxy 1172 -0.104201633 0.732996143 0.00550143895 0 0 0
volume_proxy 1180 -1.3314688 -0.359557684 0.00292459085 0 0 0
volume_proxy 1186 -0.678627483 -0.626447865 -0.00643051381 0 0 0
volume_proxy 1193 -0.851256204 -0.360727721 -0.00751340327 0 0 0
volume_proxy 1209 -1.43832218 0.757872462 -0.00533193853 0 0 0
volume_proxy 1210 -1.02059304 0.776888468 0.00482580164 0 0 0
volume_proxy 1217 -0.443546946 0.147823798 0.00968058693 0 0 0
volume_proxy 1219 -1.00769118 0.702273832 0.000276543715 0 0 0
volume_proxy 1225 0.107090268 -0.502501596 -0.00618108279 0 0 0
volume_proxy 1230 1.14600184 -0.134455646 -0.00351617545 0 0 0
volume_proxy 1237 0.200123787 0.886822903 0.00736406 0 0 0
volume_proxy 1238 0.640386659 0.754701983 -0.00164341798 0 0 0
volume_proxy 1245 -1.41245359 0.551511178 0.00787360828 0 0 0
volume_proxy 1255 1.20229764 -0.543952606 0.0106843648 0 0 0
volume_proxy 1259 -1.33908211 0.609793831 -0.00944196073 0 0 0
volume_proxy 1270 0.246441661 -0.194971305 0.00164563877 0 0 0
volume_proxy 1280 -1.07408208 0.505558247 0.00346492883 0 0 0
volume_proxy 1285 -1.36018939 0.712185925 -0.0071512358 0 0 0
volume_proxy 1292 0.462171837 0.0879550062 0.00287428727 0 0 0
volume_proxy 1295 -1.34713709 0.767176398 0.00417503738 0 0 0
volume_proxy 1296 -0.0826525535 -0.0579005268 -0.00410860913 0 0 0
volume_proxy 1297 -0.0507447282 -0.801223657 -0.00982482701 0 0 0
volume_proxy 1301 -0.662184457 0.638867281 0.00941074719 0 0 0
volume_proxy 1308 -0.491141661 0.986492027 0.00389369691 0 0 0
volume_proxy 1318 1.05750034 -0.533380666 -0.00921551595 0 0 0
volume_proxy 1326 0.0736377079 -0.303341019 -0.000367986301 0 0 0
volume_proxy 1334 -0.820924229 -0.690082815 -0.00242261081 0 0 0
volume_proxy 1335 0.117820351 -0.735116675 -0.00675392761 0 0 0
volume_proxy 1340 0.708754107 0.651643718 0.00912687247 0 0 0
volume_proxy 1347 -0.077307443 0.730555821 -0.00704492127 0 0 0
volume_proxy 1348 1.4445292 -0.955047606 0.00821522883 0 0 0
volume_proxy 1358 -0.23395234 0.0829502697 0.00575502144 0 0 0
volume_proxy 1361 1.40095585 0.810447396 -0.00274346426 0 0 0
volume_proxy 1366 1.32669076 0.865288456 -0.00146050064 0 0 0
volume_proxy 1379 0.539376742 0.486660741 -0.0104063389 0 0 0
volume_proxy 1380 -0.678399505 0.806556608 0.00859180191 0 0 0
volume_proxy 1381 0.733426361 0.607750707 -0.00710913757 0 0 0
volume_proxy 1384 0.322397155 -0.0417539565 0.00978696492 0 0 0
volume_proxy 1385 1.044385 0.544487758 -0.00499194607 0 0 0
volume_proxy 1386 0.860208968 0.858459081 -0.00260918308 0 0 0
volume_proxy 1388 0.489905217 0.325685735 -0.0022462305 0 0 0
volume_proxy 1389 -0.148723918 0.795916386 -0.00460701335 0 0 0
volume_proxy 1390 -1.24284686 0.962111462 0.00322583627 0 0 0
volume_proxy 1392 -0.0230415255 -0.972409585 0.00696100914 0 0 0
volume_proxy 1395 0.979327466 0.0743538262 0.00159816448 0 0 0
volume_proxy 1397 -0.0876506131 0.559563904 -0.0104768283 0 0 0
volume_proxy 1398 -0.987432335 0.494774046 -0.00963714116 0 0 0
volume_proxy 1403 0.678308782 0.18974252 -0.00185379135 0 0 0
volume_proxy 1405 0.436851761 0.391244939 -0.010623916 0 0 0
volume_proxy 1406 0.0386078412 -0.767227926 -7.04271838e-05 0 0 0
volume_proxy 1408 0.254537627 0.84406273 0.00210202811 0 0 0
volume_proxy 1409 1.26357033 0.342467758 0.0073007001 0 0 0
volume_proxy 1413 0.623857956 0.773862483 -0.004597367 0 0 0
volume_proxy 1414 1.31310069 0.483032981 -0.000165859926 0 0 0
volume_proxy 1415 1.27547935 -0.151976892 -0.00224673792 0 0 0
volume_proxy 1418 -1.41400724 -0.150932046 0.00519924822 0 0 0
volume_proxy 1419 -1.25452298 -0.924030626 -0.00550636908 0 0 0
volume_proxy 1420 -1.19628917 -0.335031939 0.00805613529 0 0 0
volume_proxy 1421 -1.19995167 0.0338206205 -0.00109815729 0 0 0
volume_proxy 1422 0.627399429 -0.835548868 -0.00230636844 0 0 0
volume_proxy 1423 -0.4044313 0.154791485 0.00504421181 0 0 0
volume_proxy 1425 -0.554200514 -0.586095414 0.00881248902 0 0 0
volume_proxy 1426 0.764065824 -0.0999879135 -0.00655815214 0 0 0
volume_proxy 1428 -0.0612542623 0.611664519 0.00186139402 0 0 0
volume_proxy 1429 1.28765237 -0.0823153064 0.00117245021 0 0 0
volume_proxy 1430 -0.963393067 -0.966187785 -0.00556742203 0 0 0
volume_proxy 1433 1.16440618 0.238853541 -0.00919585618 0 0 0
volume_proxy 1434 0.392458244 -0.436524245 -0.00157745472 0 0 0
volume_proxy 1436 -1.11426221 -0.751193093 -0.00428919765 0 0 0
volume_proxy 1437 -0.284556391 0.00820585413 -0.0107663007 0 0 0
volume_proxy 1439 -1.14912896 0.903791054 -0.00396993691 0 0 0
volume_proxy 1440 0.378405527 -0.712848878 0.00751090112 0 0 0
volume_proxy 1441 0.260719378 -0.744613328 0.00925213735 0 0 0
volume_proxy 1442 0.870228874 0.835392746 0.00349043481 0 0 0
volume_proxy 1443 -0.203727151 0.0342528106 0.00484970467 0 0 0
volume_proxy 1444 -0.294976176 -0.900350479 -0.00526333806 0 0 0
volume_proxy 1445 0.172053235 -0.935657466 -0.00561202934 0 0 0
volume_proxy 1446 -1.07795223 -0.528368289 -0.00745304254 0 0 0
volume_proxy 1447 1.12891172 -0.978387955 -0.0079887724 0 0 0
volume_proxy 1448 0.398798587 -0.503529857 0.0100888462 0 0 0
volume_proxy 1452 -1.37078853 0.355985757 -0.00686667316 0 0 0
volume_proxy 1453 -1.25490898 0.343223391 -0.00273790005 0 0 0
volume_proxy 1454 -0.982435752 -0.753606986 -0.00180170205 0 0 0
volume_proxy 1455 -1.04403337 -0.871300521 0.0107091023 0 0 0
