volume_proxy 0 0.189088637 0.557292293 0.00311021615 0 0 0
volume_proxy 5 1.1841255 -0.440163232 0.00805722213 0 0 0
volume_proxy 6 0.0916072774 0.306660552 0.00899332045 0 0 0
volume_proxy 11 1.13414372 0.533708537 -0.00805457715 0 0 0
volume_proxy 12 0.463778789 -0.36612576 -0.00880390105 0 0 0
volume_proxy 14 -0.846014223 0.58593783 0.00724413606 0 0 0
volume_proxy 23 1.16212899 -0.961984823 -0.00573238048 0 0 0
volume_proxy 38 -0.417482484 -0.939772263 -0.0019211938 0 0 0
volume_proxy 40 -1.05017105 -0.232851057 0.0103331688 0 0 0
volume_proxy 50 -0.777438844 -0.603333364 -0.00351373475 0 0 0
volume_proxy 53 -1.40175613 0.425278632 -0.00909390958 0 0 0
volume_proxy 58 0.830832345 -0.848795469 -0.00311759179 0 0 0
volume_proxy 60 -0.00898701225 0.0850314249 0.0104391095 0 0 0
volume_proxy 85 -1.16623494 0.826751992 0.00951607195 0 0 0
volume_proxy 97 0.56030262 0.60524021 -0.00709539364 0 0 0
volume_proxy 107 1.4848676 -0.245220131 -0.00166450901 0 0 0
volume_proxy 127 -1.44646364 -0.733838674 -0.0107015234 0 0 0
volume_proxy 130 0.657114112 0.752800942 0.00705822313 0 0 0
volume_proxy 140 -1.00271598 0.899494287 0.00915815333 0 0 0
volume_proxy 157 0.949376483 0.376127514 0.0082234499 0 0 0
volume_proxy 159 1.3180744 0.679405669 0.00533177397 0 0 0
volume_proxy 161 0.465285729 0.282576188 0.00134912086 0 0 0
volume_proxy 176 0.597763644 -0.0823904668 0.00903555071 0 0 0
volume_proxy 186 -1.18643574 -0.369061118 0.00578798286 0 0 0
volume_proxy 189 -1.12371501 0.788382362 0.00110808659 0 0 0
volume_proxy 195 -0.805047802 -0.243717038 0.0104567603 0 0 0
volume_proxy 196 0.69207258 0.354796482 0.0100292495 0 0 0
volume_proxy 200 -0.957928792 -0.91539888 0.000759685852 0 0 0
volume_proxy 202 0.165418271 0.644309832 -0.0011061456 0 0 0
volume_proxy 209 -1.02196596 -0.531747032 -0.00907098038 0 0 0
volume_proxy 210 -0.667080795 0.939750068 -0.00533696848 0 0 0
volume_proxy 226 -0.318767878 -0.454271692 -0.000432019101 0 0 0
volume_proxy 236 1.4618789 0.0167431656 -0.00512487696 0 0 0
volume_proxy 247 0.608139841 0.648424572 -0.00588805579 0 0 0
volume_proxy 256 -1.18798635 0.870158661 0.00502939934 0 0 0
volume_proxy 259 0.486597288 0.748026372 -0.000525175631 0 0 0
volume_proxy 269 -0.729828512 0.234380813 0.0011363643 0 0 0
volume_proxy 277 -1.49153273 -0.150063046 0.00613681348 0 0 0
volume_proxy 296 -1.30465146 0.272920386 -0.00250220194 0 0 0
volume_proxy 305 1.13836007 -0.869674563 -0.00547001599 0 0 0
volume_proxy 310 -0.0846378912 -0.992120431 -0.0069090229 0 0 0
volume_proxy 344 -1.17115927 0.57096747 -0.0028418763 0 0 0
volume_proxy 347 0.0107204199 0.936136663 -0.00359028878 0 0 0
volume_proxy 356 -0.795947682 0.519385585 0.00791351514 0 0 0
volume_proxy 375 1.01352652 -0.741778689 -0.00219122696 0 0 0
volume_proxy 388 1.06788956 -0.327335003 -0.00204786063 0 0 0
volume_proxy 802 1.31557563 -0.434173331 0.00244630042 0 0 0
volume_proxy 1052 -1.00880402 -0.774049981 -0.000192466407 0 0 0
volume_proxy 1066 -0.67034261 0.0733219974 -0.00912630211 0 0 0
volume_proxy 1120 -0.432543902 0.170813543 -0.0102462769 0 0 0
volume_proxy 1166 -0.761637171 0.217343987 -0.00265258855 0 0 0
volume_proxy 1169 1.15903405 -0.724725593 -0.00186850955 0 0 0
volume_proxy 1193 -0.946739473 -0.610191869 0.00188932209 0 0 0
volume_proxy 1225 0.0955173859 -0.437603892 0.00227999363 0 0 0
volume_proxy 1245 -1.4841826 -0.283029413 0.00175593958 0 0 0
volume_proxy 1280 -0.595798681 0.813056934 0.00101932898 0 0 0
volume_proxy 1285 -1.48656958 0.302937363 0.00474127813 0 0 0
volume_proxy 1295 0.110572215 -0.0193768993 -0.00358573554 0 0 0
volume_proxy 1296 0.432175229 -0.494347708 0.00877632729 0 0 0
volume_proxy 1340 1.19942481 0.849417503 0.00314888107 0 0 0
volume_proxy 1380 -0.262816269 0.913792398 0.000475829512 0 0 0
volume_proxy 1386 1.30380613 0.271385812 -0.0082904099 0 0 0
volume_proxy 1397 1.14144535 0.802424281 -0.00549102608 0 0 0
volume_proxy 1409 -0.150680911 0.754930506 -0.00695758266 0 0 0
volume_proxy 1413 0.837526092 0.906718612 -0.00993316817 0 0 0
volume_proxy 1422 0.572165007 0.035235146 0.0038796479 0 0 0
volume_proxy 1433 1.25848357 0.964564719 0.00903522588 0 0 0
volume_proxy 1434 -0.0781814661 -0.992969327 -0.0071710213 0 0 0
volume_proxy 1437 -0.15039474 -0.0974970222 0.000210734786 0 0 0
volume_proxy 1439 0.0403249552 0.879070177 0.00136075563 0 0 0
volume_proxy 1447 1.00175892 0.116420077 0.00181213033 0 0 0
volume_proxy 1459 -1.24620167 0.632035365 -0.00376451362 0 0 0
volume_proxy 1460 0.0116903387 0.715063063 0.00745504725 0 0 0
volume_proxy 1461 -0.559307207 0.830046985 -0.00875037418 0 0 0
volume_proxy 1466 -0.753959692 -0.00657812768 0.00415427229 0 0 0
volume_proxy 1472 -0.860261538 0.51265484 0.0031203528 0 0 0
volume_proxy 1474 0.677384724 -0.713935001 -0.00929270195 0 0 0
volume_proxy 1481 0.972803616 0.316280062 0.00176988476 0 0 0
volume_proxy 1482 1.05953284 0.151246065 -0.00503783969 0 0 0
volume_proxy 1485 0.431214471 -0.372248737 0.00674564995 0 0 0
volume_proxy 1489 0.24868426 -0.748509102 -0.000323194755 0 0 0
volume_proxy 1490 1.17534467 0.995314079 -0.00166535353 0 0 0
volume_proxy 1494 1.22777865 -0.0584374948 -0.00748862399 0 0 0
volume_proxy 1496 -1.17114468 0.376628242 -0.000968424479 0 0 0
volume_proxy 1498 -0.265882598 0.390116232 0.00592202178 0 0 0
volume_proxy 1501 -0.244374736 -0.687148121 0.00125311375 0 0 0
volume_proxy 1503 0.0418079317 0.158355626 0.000985080131 0 0 0
volume_proxy 1506 0.701566108 0.815183598 -0.0107070549 0 0 0
volume_proxy 1507 -1.24822908 -0.299094897 -0.000902334723 0 0 0
volume_proxy 1508 -0.992392582 -0.704790451 0.00422465762 0 0 0
volume_proxy 1509 -1.40396082 0.493512701 -0.00928326913 0 0 0
volume_proxy 1510 -0.0394259368 -0.936928554 0.00823570732 0 0 0
volume_proxy 1511 1.45922661 0.720538032 0.000133402633 0 0 0
volume_proxy 1513 -1.35713634 0.859502657 0.00943201535 0 0 0
volume_proxy 1515 0.61434317 0.259077947 0.0050907712 0 0 0
volume_proxy 1516 -0.34830967 -0.96449667 -0.00323670555 0 0 0
volume_proxy 1517 -0.756745161 -0.48582043 -0.00452135143 0 0 0
volume_proxy 1519 0.133650589 -0.321004414 -0.00446386404 0 0 0
volume_proxy 1520 0.300212765 -0.0932541718 -0.0104683856 0 0 0
volume_proxy 1521 -0.737240027 -0.314507672 -0.00216745529 0 0 0
volume_proxy 1522 0.567470108 0.741516864 0.00304443787 0 0 0
volume_proxy 1523 1.21040795 -0.113542001 0.00193679417 0 0 0
volume_proxy 1525 -0.888051595 0.910213273 -0.00919205459 0 0 0
volume_proxy 1526 1.19950448 -0.234543126 0.00367809917 0 0 0
volume_proxy 1528 0.747052517 -0.884163729 -0.00444197072 0 0 0
volume_proxy 1529 -0.955805038 0.116722584 0.00793532435 0 0 0
volume_proxy 1530 -0.995090303 -0.521910909 0.005794068 0 0 0
volume_proxy 1531 0.436650648 0.601412018 0.00550122107 0 0 0
