volume_proxy 0 -0.851864251 -0.605880964 0.00648858671 0 0 0
volume_proxy 6 0.0244225347 0.741991559 0.00672109618 0 0 0
volume_proxy 11 0.946473521 0.364982866 -0.00708052675 0 0 0
volume_proxy 12 1.10711039 -0.997816926 0.0035679194 0 0 0
volume_proxy 14 -1.1429375 0.854224997 -0.0105917824 0 0 0
volume_proxy 23 1.27311105 -0.659636229 -0.000288244366 0 0 0
volume_proxy 38 -0.926376357 -0.683583934 -0.00779725294 0 0 0
volume_proxy 40 -0.506614709 -0.147751964 -0.00992323901 0 0 0
volume_proxy 50 -0.988259495 -0.177097328 0.00944390933 0 0 0
volume_proxy 53 -1.13993422 0.509299476 0.00508032868 0 0 0
volume_proxy 58 1.26309997 -0.45128179 2.93846737e-05 0 0 0
volume_proxy 60 -0.439864088 0.990469003 0.00426709405 0 0 0
volume_proxy 85 -1.17239096 0.622224011 0.003006395 0 0 0
volume_proxy 97 0.837961976 0.696375976 0.000188818871 0 0 0
volume_proxy 107 0.470389262 0.0032439596 0.0049551292 0 0 0
volume_proxy 127 -1.4523556 -0.183235914 0.00482585994 0 0 0
volume_proxy 130 0.530726501 -0.738073679 0.00648446698 0 0 0
volume_proxy 140 0.331364103 0.0496981999 0.00550460546 0 0 0
volume_proxy 157 0.964879231 -0.960644598 0.00235207242 0 0 0
volume_proxy 159 0.874734671 0.528860846 0.00183816479 0 0 0
volume_proxy 161 -0.547830288 -0.860604658 0.0103522482 0 0 0
volume_proxy 176 0.919164104 0.167866157 0.00815417357 0 0 0
volume_proxy 186 -1.20778414 0.338196769 0.00776218915 0 0 0
volume_proxy 189 -0.614231924 -0.323015349 0.00664322974 0 0 0
volume_proxy 195 -1.34896426 -0.602730765 -0.00854939748 0 0 0
volume_proxy 196 -0.0461016808 0.242202782 0.00478016376 0 0 0
volume_proxy 200 -1.47843757 0.383183005 0.0105516492 0 0 0
volume_proxy 202 -0.500301633 0.216010903 -0.00789211715 0 0 0
volume_proxy 209 -1.11289793 0.362133974 -0.000321421998 0 0 0
volume_proxy 210 0.838891093 0.605693572 -0.00641572138 0 0 0
volume_proxy 226 1.415534 -0.445805519 -0.00290216572 0 0 0
volume_proxy 236 1.19801198 0.00687492424 0.0105217479 0 0 0
volume_proxy 247 0.356465769 -0.936329774 -0.00757600419 0 0 0
volume_proxy 256 -0.228971284 -0.0233158075 -0.00112525174 0 0 0
volume_proxy 259 0.645120816 0.112545542 -0.00161149704 0 0 0
volume_proxy 269 -0.612929334 0.184253594 -0.00436696939 0 0 0
volume_proxy 277 -0.398951991 -0.169923032 0.00796501165 0 0 0
volume_proxy 296 -0.838817152 0.726807 0.00569521608 0 0 0
volume_proxy 305 0.580004189 -0.668803603 0.00116802059 0 0 0
volume_proxy 310 1.35339448 0.888778018 -0.00772717045 0 0 0
volume_proxy 344 -0.700066501 -0.668216393 0.00585905699 0 0 0
volume_proxy 347 -0.309954094 0.622778511 -0.00838278616 0 0 0
volume_proxy 356 -0.441223498 -0.209974245 -0.0100475751 0 0 0
volume_proxy 375 1.31144387 0.131717615 -0.00990119942 0 0 0
volume_proxy 388 0.66647344 -0.942582363 0.00467901998 0 0 0
volume_proxy 1052 -0.847151784 -0.181260296 -0.00652469704 0 0 0
volume_proxy 1066 -0.495858115 0.735073415 -0.0010953131 0 0 0
volume_proxy 1120 -0.649578608 0.543245229 -0.00863141823 0 0 0
volume_proxy 1166 -0.787167192 -0.786612593 -0.00564817913 0 0 0
volume_proxy 1193 -1.0887596 -0.552336979 0.0102324385 0 0 0
volume_proxy 1225 -1.44202922 -0.666528511 -0.0102353983 0 0 0
volume_proxy 1245 -1.49956196 0.576758424 0.00594663896 0 0 0
volume_proxy 1280 -0.939217072 0.611597588 0.00698418419 0 0 0
volume_proxy 1285 -0.340353175 0.684791865 0.00974801633 0 0 0
volume_proxy 1295 0.730529724 -0.102048507 0.00529487712 0 0 0
volume_proxy 1296 -0.331954198 -0.865088563 0.00580764245 0 0 0
volume_proxy 1340 1.43455619 -0.175451846 0.00687786935 0 0 0
volume_proxy 1380 -1.2635711 -0.44949874 -0.00761656533 0 0 0
volume_proxy 1386 1.31416121 0.970737686 0.0102732709 0 0 0
volume_proxy 1397 0.455883534 0.655675278 -0.00848884255 0 0 0
volume_proxy 1409 0.450466864 0.367823982 0.00341656086 0 0 0
volume_proxy 1413 1.37590018 0.639316677 -0.00574397166 0 0 0
volume_proxy 1422 -0.0697408825 -0.836154662 0.00597671921 0 0 0
volume_proxy 1433 0.884467992 0.573417742 0.0048691946 0 0 0
volume_proxy 1437 0.161025368 -0.913977798 0.00619898785 0 0 0
volume_proxy 1459 -0.482705038 -0.673961372 0.00565001231 0 0 0
volume_proxy 1460 -0.125890116 0.651939724 0.00513913897 0 0 0
volume_proxy 1461 -1.47637498 0.72890271 -0.00449015445 0 0 0
volume_proxy 1472 -1.01999854 0.184744129 -0.00473173248 0 0 0
volume_proxy 1474 1.41072634 0.292451653 0.00455228581 0 0 0
volume_proxy 1481 0.0959843889 0.203744552 0.00837768115 0 0 0
volume_proxy 1482 1.28986898 0.717408223 0.000369627702 0 0 0
volume_proxy 1485 0.751399752 -0.56013432 -0.00901445556 0 0 0
volume_proxy 1489 0.535824604 -0.720456588 0.00626259011 0 0 0
volume_proxy 1490 0.750942399 0.912804992 0.00727578161 0 0 0
volume_proxy 1496 -1.20765201 0.878186159 0.00321345894 0 0 0
volume_proxy 1498 0.00196971922 0.00595636788 0.00847999341 0 0 0
volume_proxy 1503 -1.16805851 -0.923349407 -0.00132640192 0 0 0
volume_proxy 1506 0.446710606 0.988651504 -0.00721624155 0 0 0
volume_proxy 1507 -0.68683917 -0.603013987 -0.00437638462 0 0 0
volume_proxy 1508 -0.41742793 -0.0109457217 -0.00825404049 0 0 0
volume_proxy 1509 -1.359326 -0.0459180359 -0.00042934544 0 0 0
volume_proxy 1510 -0.722969222 -0.91207003 0.0100939473 0 0 0
volume_proxy 1513 -0.961901569 0.616080038 0.00518176806 0 0 0
volume_proxy 1515 0.376411528 -0.824784727 0.00423324339 0 0 0
volume_proxy 1516 -0.323504819 -0.491975519 0.00109533442 0 0 0
volume_proxy 1517 -1.26374195 -0.393717665 -0.00528984655 0 0 0
volume_proxy 1519 0.171973729 -0.552664389 0.00438147489 0 0 0
volume_proxy 1520 -0.19955203 -0.430107701 0.0101666274 0 0 0
volume_proxy 1521 -1.46131378 -0.810338882 0.00663312282 0 0 0
volume_proxy 1523 0.289090011 -0.0601161337 0.00115005562 0 0 0
volume_proxy 1525 -0.954554607 0.842048148 0.00274626053 0 0 0
volume_proxy 1526 1.40623921 -0.368051263 -0.00651807205 0 0 0
volume_proxy 1528 1.04621334 -0.891723728 0.00399812138 0 0 0
volume_proxy 1529 -0.942701618 -0.154788895 -0.00950813795 0 0 0
volume_proxy 1531 0.670590174 0.493271231 0.00676978969 0 0 0
volume_proxy 1533 1.33297948 0.368085685 0.0106075479 0 0 0
volume_proxy 1534 -0.1362157 0.662697941 0.00644281044 0 0 0
volume_proxy 1536 -0.640811719 -0.762364109 -0.00303487942 0 0 0
volume_proxy 1537 -0.591383848 -0.729954862 -0.00258092633 0 0 0
volume_proxy 1538 0.709647599 -0.22937064 -0.00079934306 0 0 0
volume_proxy 1539 0.187712596 0.698349741 0.00325890082 0 0 0
volume_proxy 1540 1.02323362 0.323374697 -0.0041725558 0 0 0
