volume_proxy 0 0.455389739 -0.012980842 -0.0017527576 0 0 0
volume_proxy 6 -0.809325074 0.951591356 -0.00773811329 0 0 0
volume_proxy 11 1.49231397 0.628332989 -0.00325760936 0 0 0
volume_proxy 12 1.03349927 -0.0665909698 0.0107499936 0 0 0
volume_proxy 14 -1.12112068 0.558335927 0.00808822389 0 0 0
volume_proxy 23 0.569574425 -0.406789447 -0.00332494569 0 0 0
volume_proxy 38 -1.05801838 -0.737255007 0.00804470293 0 0 0
volume_proxy 40 -0.922841512 0.316439539 0.00736936506 0 0 0
volume_proxy 50 -0.828175934 -0.640510852 -0.000635076995 0 0 0
volume_proxy 53 -1.22315943 0.0664842143 0.00359431144 0 0 0
volume_proxy 58 0.65443158 -0.901689901 -0.00573207043 0 0 0
volume_proxy 60 0.146975012 0.95858845 0.00388396449 0 0 0
volume_proxy 85 -1.42256327 0.791872133 0.00355664877 0 0 0
volume_proxy 97 1.07448161 0.914635888 -0.00758920001 0 0 0
volume_proxy 107 1.03297555 -0.0474904417 -0.00456485897 0 0 0
volume_proxy 127 -1.26310857 -0.53993104 -0.00272104971 0 0 0
volume_proxy 130 0.761982337 -0.297192845 0.00494737316 0 0 0
volume_proxy 140 -0.987105649 0.5445065 -0.00715126822 0 0 0
volume_proxy 157 0.689621515 -0.532026665 -0.00494908892 0 0 0
volume_proxy 159 1.31639708 0.549230431 -0.00363032415 0 0 0
volume_proxy 161 -0.166180142 0.709029425 0.00357159955 0 0 0
volume_proxy 176 1.17154609 -0.0128411541 -0.00806443691 0 0 0
volume_proxy 186 -0.555665336 -0.0337178837 0.000456027667 0 0 0
volume_proxy 189 -0.83790028 -0.448916609 -0.00354522691 0 0 0
volume_proxy 195 -1.38758157 -0.813516658 -0.00357489912 0 0 0
volume_proxy 196 0.598239085 0.28613469 -0.00889524686 0 0 0
volume_proxy 200 -1.19319652 -0.634948006 0.00553660429 0 0 0
volume_proxy 202 0.382275086 0.294761531 0.00588651518 0 0 0
volume_proxy 209 -0.978169507 0.230828816 0.00519457921 0 0 0
volume_proxy 210 0.135570807 0.980922421 0.00668278913 0 0 0
volume_proxy 226 0.546505965 -0.903074373 0.00433484141 0 0 0
volume_proxy 236 1.19056064 -0.527985762 -0.00427406649 0 0 0
volume_proxy 247 1.05462554 0.577235487 0.0104235211 0 0 0
volume_proxy 256 -0.932102233 0.556415366 0.00185894075 0 0 0
volume_proxy 259 0.523969148 0.783488246 -0.00496033434 0 0 0
volume_proxy 269 -0.884093971 0.544633856 -0.00298985866 0 0 0
volume_proxy 277 -0.698080241 -0.128094696 -0.000263789585 0 0 0
volume_proxy 296 -1.2280137 0.859915947 0.00613697061 0 0 0
volume_proxy 305 0.783366032 -0.375376696 0.0033892372 0 0 0
volume_proxy 310 0.189490598 -0.115955694 0.00927552086 0 0 0
volume_proxy 344 -1.06970063 -0.577065576 -0.00980382639 0 0 0
volume_proxy 347 -0.578198537 0.919813933 -0.00262459968 0 0 0
volume_proxy 356 -0.54499854 -0.228609967 -0.00949684552 0 0 0
volume_proxy 375 0.907917579 0.177530091 0.00720257158 0 0 0
volume_proxy 388 1.23049977 0.100463707 -0.00308576085 0 0 0
volume_proxy 802 1.09250703 0.267873281 -0.0020037 0 0 0
volume_proxy 1052 -0.89479645 -0.792589367 0.00264050357 0 0 0
volume_proxy 1066 0.135985958 0.304463746 0.0104253059 0 0 0
volume_proxy 1120 -0.860639071 0.359071324 -0.00486687108 0 0 0
volume_proxy 1166 -0.782594635 -0.19016143 0.00452942138 0 0 0
volume_proxy 1193 -1.02746861 -0.258971246 -0.00589988704 0 0 0
volume_proxy 1225 -0.647629319 -0.3325828 -0.00663065993 0 0 0
volume_proxy 1245 -1.13803729 -0.0624779999 -0.0102586847 0 0 0
volume_proxy 1280 -0.412048909 0.699701705 0.0100721662 0 0 0
volume_proxy 1285 -1.39199498 0.67929482 0.000770602707 0 0 0
volume_proxy 1295 0.407036219 0.113352793 0.00669264268 0 0 0
volume_proxy 1296 0.156663869 -0.592726968 0.00685702896 0 0 0
volume_proxy 1340 0.694786009 0.713479736 -0.000367979324 0 0 0
volume_proxy 1380 -0.785313781 0.0142086206 0.00447946436 0 0 0
volume_proxy 1386 1.1660873 0.682700355 -0.00860099729 0 0 0
volume_proxy 1397 0.818243071 0.771410799 0.00496649207 0 0 0
volume_proxy 1409 -0.334577898 0.999863518 0.0101998121 0 0 0
volume_proxy 1413 0.83571152 0.694339923 -0.0105939228 0 0 0
volume_proxy 1422 -0.0205109246 -0.542982561 0.00518864309 0 0 0
volume_proxy 1433 1.49118053 0.632646343 0.00171727386 0 0 0
volume_proxy 1437 0.087763853 -0.0921879422 0.00292071874 0 0 0
volume_proxy 1447 1.14555913 -0.273925445 0.00314198916 0 0 0
volume_proxy 1459 -1.09938824 -0.0518420813 0.00575358112 0 0 0
volume_proxy 1460 0.0705434882 0.673648849 -0.00212790309 0 0 0
volume_proxy 1461 -0.759519019 0.885030271 -0.00382118927 0 0 0
volume_proxy 1466 -0.885865914 0.350788063 0.00912333482 0 0 0
volume_proxy 1472 -1.41266126 0.710699924 0.0106136151 0 0 0
volume_proxy 1474 1.17915053 -0.557263605 0.00471108406 0 0 0
volume_proxy 1481 0.733004865 0.790448433 0.00302002932 0 0 0
volume_proxy 1482 0.620125521 0.148434171 -0.0106234621 0 0 0
volume_proxy 1485 0.376690529 -0.393792354 0.000714613339 0 0 0
volume_proxy 1489 0.0913231994 -0.634019951 0.009269461 0 0 0
volume_proxy 1490 0.906308569 0.920632851 0.00542274259 0 0 0
volume_proxy 1494 1.34569006 -0.182898657 -0.00787181607 0 0 0
volume_proxy 1496 -1.20974977 0.320842591 0.00405812149 0 0 0
volume_proxy 1498 -0.10667774 0.274618985 0.00845488271 0 0 0
volume_proxy 1503 -0.852926549 -0.0020166392 -0.0086714834 0 0 0
volume_proxy 1506 0.386197124 0.560003543 0.00561330165 0 0 0
volume_proxy 1507 -1.27298897 -0.114125063 0.00558154317 0 0 0
volume_proxy 1508 -0.559051656 -0.307410533 1.98686018e-05 0 0 0
volume_proxy 1509 -1.18834573 -0.0990303045 -0.00797379193 0 0 0
volume_proxy 1510 0.134060663 -0.659097443 0.00422107711 0 0 0
volume_proxy 1511 1.08433194 0.457987158 -0.00785143481 0 0 0
volume_proxy 1513 -1.23797352 0.601434485 -0.00122843804 0 0 0
volume_proxy 1515 0.693212874 -0.51295129 0.00881490173 0 0 0
volume_proxy 1516 -0.323318539 -0.901571268 -0.00677475003 0 0 0
volume_proxy 1517 -0.867985316 -0.484193989 -0.00752879953 0 0 0
volume_proxy 1519 0.0150042342 -0.695196915 -0.00232415525 0 0 0
volume_proxy 1520 0.338750091 -0.339506008 -0.00603211686 0 0 0
volume_proxy 1521 -1.29008683 -0.606768989 -0.0101111988 0 0 0
volume_proxy 1523 0.687180983 0.0146830442 0.00987619764 0 0 0
volume_proxy 1525 -0.791549477 0.856694576 -0.00325637837 0 0 0
volume_proxy 1526 0.989464363 -0.741130092 0.00878927903 0 0 0
volume_proxy 1528 0.561892375 -0.664950588 0.00733544098 0 0 0
volume_proxy 1529 -1.12809755 0.0955815161 7.01685834e-05 0 0 0
volume_proxy 1531 0.521700493 0.582880774 0.00950682355 0 0 0
volume_proxy 1533 1.00439532 -0.477644168 -0.00759410055 0 0 0
volume_proxy 1534 0.694565844 0.652814727 -0.00301896049 0 0 0
volume_proxy 1535 0.418569235 0.956289749 0.00618310773 0 0 0
volume_proxy 1536 -0.672449401 -0.769720825 0.0021997983 0 0 0
volume_proxy 1537 -0.60608122 -0.580636263 0.00440379585 0 0 0
