volume_proxy 0 -0.102740337 0.764841034 -0.00228417854 0 0 0
volume_proxy 5 1.45284206 -0.440699134 -0.00230703427 0 0 0
volume_proxy 6 -0.145672941 0.404972208 0.00338899008 0 0 0
volume_proxy 11 1.22523924 0.512284159 0.000810128694 0 0 0
volume_proxy 12 0.677845137 -0.210384328 0.00875841458 0 0 0
volume_proxy 14 -0.850779495 0.449382222 -0.00965701102 0 0 0
volume_proxy 23 1.20037828 -0.947678488 0.00315686612 0 0 0
volume_proxy 38 -0.519924421 -0.957207595 -0.00148828509 0 0 0
volume_proxy 40 -1.17502771 0.140653373 0.00970804828 0 0 0
volume_proxy 50 -0.844512998 -0.631263392 0.00572449678 0 0 0
volume_proxy 53 -1.33169584 0.429907198 0.00569600239 0 0 0
volume_proxy 58 1.05755745 -0.990378752 -0.00707620149 0 0 0
volume_proxy 60 0.0858272229 0.177441445 0.00871009809 0 0 0
volume_proxy 85 -0.945342022 0.964788969 0.000118140617 0 0 0
volume_proxy 97 0.640775044 0.953915764 0.00613149973 0 0 0
volume_proxy 107 1.34376719 -0.0919287513 0.00407641272 0 0 0
volume_proxy 127 -1.38209979 -0.969785914 0.0039977254 0 0 0
volume_proxy 130 0.654671692 0.767825999 0.00780489851 0 0 0
volume_proxy 140 -0.990499727 0.958830526 0.00649639398 0 0 0
volume_proxy 157 0.608836207 0.154085123 0.0021338764 0 0 0
volume_proxy 159 1.4265714 0.324566817 0.00797963452 0 0 0
volume_proxy 161 0.23906131 0.510924878 -0.000655406291 0 0 0
volume_proxy 176 0.687166636 -0.268642147 -0.00552601283 0 0 0
volume_proxy 186 -0.787154825 -0.440113216 -0.0098881673 0 0 0
volume_proxy 189 -1.31156661 0.542777557 -0.0106374301 0 0 0
volume_proxy 195 -0.929353183 -0.559681148 -0.010293654 0 0 0
volume_proxy 196 0.750365931 0.104412393 -0.00144205962 0 0 0
volume_proxy 200 -0.604785667 -0.700434247 0.00686289254 0 0 0
volume_proxy 202 0.417901648 0.497501769 -0.00560749799 0 0 0
volume_proxy 209 -0.927448831 -0.266123135 -0.0089967055 0 0 0
volume_proxy 210 -0.716074114 0.812478743 0.00703382334 0 0 0
volume_proxy 226 -0.381750921 -0.645465707 0.00272323444 0 0 0
volume_proxy 236 1.34271102 0.105829691 0.00510798679 0 0 0
volume_proxy 247 0.863296241 0.916069017 0.00626922228 0 0 0
volume_proxy 256 -1.11214351 0.805016977 8.4603868e-05 0 0 0
volume_proxy 259 0.413201721 0.91932187 -0.00835569585 0 0 0
volume_proxy 269 -0.675452162 0.307602656 -0.00516667796 0 0 0
volume_proxy 277 -1.4430479 -0.39432609 0.0100763403 0 0 0
volume_proxy 296 -1.41109078 0.463879382 0.00292948715 0 0 0
volume_proxy 305 0.972099455 -0.684604369 0.00173045328 0 0 0
volume_proxy 310 -0.213404708 -0.364801686 -0.00234142136 0 0 0
volume_proxy 344 -1.20117562 0.317833709 -0.0102398039 0 0 0
volume_proxy 347 0.0838059077 0.956485841 -0.000681051788 0 0 0
volume_proxy 356 -0.768564719 0.303758471 -0.000275402443 0 0 0
volume_proxy 375 0.656811398 -0.71357837 0.00518039789 0 0 0
volume_proxy 388 1.36215507 -0.416672272 -0.00807360345 0 0 0
volume_proxy 802 1.09618541 -0.12341891 -0.00258987565 0 0 0
volume_proxy 1052 -0.747846045 -0.541862701 -0.00817561002 0 0 0
volume_proxy 1066 -0.656736566 -0.0293744325 -0.00455363574 0 0 0
volume_proxy 1120 -0.212051766 -0.0576591052 -0.00259049298 0 0 0
volume_proxy 1166 -0.727460412 0.0892391379 -0.00308886486 0 0 0
volume_proxy 1169 1.38374874 -0.70354565 0.00492004899 0 0 0
volume_proxy 1193 -1.01617869 -0.943835284 -0.00327001957 0 0 0
volume_proxy 1225 -0.21688541 -0.444834486 0.00419289595 0 0 0
volume_proxy 1245 -1.47263024 -0.372827324 0.00497690934 0 0 0
volume_proxy 1280 -0.508544127 0.742329842 -0.00858740305 0 0 0
volume_proxy 1285 -1.2166392 0.173110659 -0.00647425294 0 0 0
volume_proxy 1295 0.132621192 0.245735062 0.00449256512 0 0 0
volume_proxy 1296 0.290472293 -0.450345424 -0.00739421527 0 0 0
volume_proxy 1340 1.21232131 0.923097473 0.00541350455 0 0 0
volume_proxy 1380 -0.131979 0.776983242 0.00339708197 0 0 0
volume_proxy 1386 1.3094677 0.285527461 0.00628266746 0 0 0
volume_proxy 1397 0.991557682 0.76183989 -0.00204381582 0 0 0
volume_proxy 1409 -0.0846955578 0.415623152 0.00995303966 0 0 0
volume_proxy 1413 0.375692361 0.949048678 -0.000231255992 0 0 0
volume_proxy 1422 0.485087809 -0.109481774 -0.00385932722 0 0 0
volume_proxy 1433 1.31894197 0.856101049 0.00333668455 0 0 0
volume_proxy 1434 -0.109209975 -0.905997377 0.0103177194 0 0 0
volume_proxy 1437 -0.0475218027 -0.075238087 -0.0038198191 0 0 0
volume_proxy 1439 -0.0396044284 0.688043774 -0.00382800699 0 0 0
volume_proxy 1447 0.973986012 0.114319703 0.00850203811 0 0 0
volume_proxy 1459 -1.30791006 0.478006479 0.0069832386 0 0 0
volume_proxy 1460 -0.193817983 0.467700519 0.00229581481 0 0 0
volume_proxy 1461 -0.793046818 0.731488366 -0.00841641516 0 0 0
volume_proxy 1466 -0.961865594 -0.101972032 0.00156694918 0 0 0
volume_proxy 1472 -0.861327588 0.767850807 0.000490619309 0 0 0
volume_proxy 1474 0.872734916 -0.679950649 0.00772997913 0 0 0
volume_proxy 1481 0.767480899 0.434887306 -0.00341977764 0 0 0
volume_proxy 1482 0.966873909 -0.0650577839 1.18394398e-05 0 0 0
volume_proxy 1485 0.561057276 -0.264023908 -0.00274450577 0 0 0
volume_proxy 1489 0.333395076 -0.923032118 0.000888341045 0 0 0
volume_proxy 1490 1.06619719 0.802677593 0.0048225489 0 0 0
volume_proxy 1494 1.18539209 -0.151455506 -0.000682988671 0 0 0
volume_proxy 1496 -1.26583605 0.212051117 -0.00480945084 0 0 0
volume_proxy 1498 -0.197402016 0.246644588 -0.00656260502 0 0 0
volume_proxy 1501 -0.499947815 -0.639571616 -0.000426682572 0 0 0
volume_proxy 1503 0.141583481 0.224126164 0.0073144745 0 0 0
volume_proxy 1506 0.450350086 0.794114636 0.00273561165 0 0 0
volume_proxy 1507 -1.08392519 -0.285899082 -0.00937539863 0 0 0
volume_proxy 1508 -0.809046575 -0.71766613 0.00816050516 0 0 0
volume_proxy 1509 -1.49124361 0.482512126 0.0102115593 0 0 0
volume_proxy 1510 0.0786643889 -0.830668016 0.00503164107 0 0 0
volume_proxy 1511 1.39803185 0.792017016 0.0075214268 0 0 0
volume_proxy 1513 -1.44563942 0.795154873 0.00287991363 0 0 0
volume_proxy 1515 0.571228596 0.0239616177 -0.00236345804 0 0 0
volume_proxy 1516 -0.345175552 -0.927734257 -0.00546244656 0 0 0
volume_proxy 1517 -0.712848176 -0.671303154 -0.00133932617 0 0 0
volume_proxy 1519 -0.0233994725 -0.229194691 0.00229839958 0 0 0
volume_proxy 1520 0.212339674 -0.0290397518 -0.00638883584 0 0 0
volume_proxy 1521 -1.05975215 -0.341762879 0.00816176613 0 0 0
volume_proxy 1522 0.382603224 0.725449372 -0.00640556235 0 0 0
volume_proxy 1523 1.34492382 -0.249116933 -0.00560137839 0 0 0
volume_proxy 1525 -0.968517239 0.919268169 -0.00229331164 0 0 0
volume_proxy 1526 1.33702836 -0.362141199 0.00628338727 0 0 0
volume_proxy 1528 0.596028071 -0.972240579 -0.000972937887 0 0 0
volume_proxy 1529 -0.795395596 0.0302025452 0.00261440942 0 0 0
volume_proxy 1530 -1.03562752 -0.606346627 -0.00070801463 0 0 0
volume_proxy 1531 0.577612835 0.577483391 0.000803188157 0 0 0
