volume_proxy 0 1.08663595 -0.230360278 -0.00567269874 0 0 0
volume_proxy 4 0.787851182 0.547727786 -0.00656396337 0 0 0
volume_proxy 5 -0.556361699 -0.0109730226 0.00933255558 0 0 0
volume_proxy 6 1.49197781 0.275913285 0.00303526914 0 0 0
volume_proxy 11 -0.610364828 0.954799261 -0.00217853981 0 0 0
volume_proxy 12 0.393979538 -0.369937585 0.00756203282 0 0 0
volume_proxy 13 -1.1957912 -0.895202191 -0.00981276343 0 0 0
volume_proxy 14 0.456187756 0.182397951 0.00566513233 0 0 0
volume_proxy 15 -0.521668575 -0.796393725 0.00301757717 0 0 0
volume_proxy 17 -0.546716916 -0.0923056343 -0.00922950849 0 0 0
volume_proxy 23 -0.683943202 -0.143364983 -0.00838572482 0 0 0
volume_proxy 31 -0.820484349 0.534737707 0.00154968725 0 0 0
volume_proxy 36 0.556293261 0.970758034 0.0067863913 0 0 0
volume_proxy 38 0.5788486 -0.104348972 -0.000531279238 0 0 0
volume_proxy 40 0.0847613351 -0.893407886 -0.00819354345 0 0 0
volume_proxy 46 0.672181226 -0.75615527 -0.00639101639 0 0 0
volume_proxy 47 0.927667609 0.00680746531 -0.0106558332 0 0 0
volume_proxy 49 0.0999525611 -0.518660243 0.0019605612 0 0 0
volume_proxy 50 0.00538360128 -0.749590086 0.00883346213 0 0 0
volume_proxy 52 -1.23232157 -0.515400083 0.00872585378 0 0 0
volume_proxy 53 0.379041194 -0.702016404 -0.00570540708 0 0 0
volume_proxy 57 -1.47260435 -0.143323198 -0.0105284902 0 0 0
volume_proxy 58 0.530271377 -0.711523501 0.0107798573 0 0 0
volume_proxy 59 -0.875982191 0.909690765 0.00366920768 0 0 0
volume_proxy 60 -0.244003097 0.690105535 0.00844815234 0 0 0
volume_proxy 61 -1.39756199 -0.360312718 0.00456595638 0 0 0
volume_proxy 62 -0.0478430533 0.370169209 0.00533064226 0 0 0
volume_proxy 69 -0.787606968 -0.167233546 -0.0021975497 0 0 0
volume_proxy 72 0.508718941 -0.151933422 0.00115562851 0 0 0
volume_proxy 81 -1.41298796 0.210712532 0.00392453985 0 0 0
volume_proxy 85 -0.36105872 0.404986171 0.00368936732 0 0 0
volume_proxy 87 1.08208964 0.97636766 -0.0107454149 0 0 0
volume_proxy 88 -1.06282496 0.117367509 0.00249583757 0 0 0
volume_proxy 94 -0.130513754 -0.700229824 0.00866299355 0 0 0
volume_proxy 97 1.16403497 -0.0916437459 -0.00544482087 0 0 0
volume_proxy 101 -0.868452606 0.639884515 -0.00720122788 0 0 0
volume_proxy 102 0.0909110288 -0.371595895 -0.00754277535 0 0 0
volume_proxy 105 -0.633019781 -0.718140475 -0.00505770938 0 0 0
volume_proxy 106 -0.226837105 -0.46204069 -0.00276943088 0 0 0
volume_proxy 107 0.339812738 0.41977899 -0.00543854425 0 0 0
volume_proxy 108 1.12219264 -0.182580319 0.00037268284 0 0 0
volume_proxy 113 -0.524409297 -0.000164205011 0.0107312024 0 0 0
volume_proxy 125 -0.843601247 -0.16040177 -0.00519717194 0 0 0
volume_proxy 126 -0.103326685 -0.55029824 0.00453254119 0 0 0
volume_proxy 127 0.190932026 0.117730424 -0.00348302208 0 0 0
volume_proxy 130 1.03171611 -0.110283345 -0.00309305998 0 0 0
volume_proxy 131 0.629113679 0.559193988 0.00589957097 0 0 0
volume_proxy 132 0.491796745 0.885179982 0.0105849934 0 0 0
volume_proxy 135 0.699395503 -0.994678557 0.00603790356 0 0 0
volume_proxy 140 -0.953723275 0.815488347 0.00909769479 0 0 0
volume_proxy 145 -0.669544051 -0.30281813 -0.00745863334 0 0 0
volume_proxy 146 1.46999114 -0.358073997 -0.00964772289 0 0 0
volume_proxy 149 -1.11761071 0.859555048 -0.00547031983 0 0 0
volume_proxy 157 0.807637258 0.398099948 -0.00760470597 0 0 0
volume_proxy 159 -0.875989612 -0.490878702 -0.0102158266 0 0 0
volume_proxy 161 -0.106311449 -0.108548915 -0.00985513933 0 0 0
volume_proxy 163 -1.49277357 0.148384005 0.000699031855 0 0 0
volume_proxy 169 1.06709612 0.172575482 0.00823623369 0 0 0
volume_proxy 176 0.146375699 -0.0440967699 0.00796831515 0 0 0
volume_proxy 178 -0.742111761 0.0869397127 0.00638562747 0 0 0
volume_proxy 186 -0.418352433 -0.317423694 0.00744149678 0 0 0
volume_proxy 189 -0.78979268 0.504029876 0.0100291537 0 0 0
volume_proxy 194 0.210907209 -0.99688914 -0.0107406706 0 0 0
volume_proxy 195 -0.944783998 0.32932504 -0.0103056843 0 0 0
volume_proxy 196 0.503926712 0.601298739 -0.00657337977 0 0 0
volume_proxy 198 1.21176928 -0.625806988 -0.00733091661 0 0 0
volume_proxy 200 -1.22429571 -0.140541558 -0.00336827322 0 0 0
volume_proxy 201 -1.09794806 0.34324831 -0.00370550288 0 0 0
volume_proxy 202 -0.719443444 0.669327313 0.0073461437 0 0 0
volume_proxy 206 0.362040852 -0.776971494 -0.0047875715 0 0 0
volume_proxy 208 -1.22934012 0.418830323 -0.00560612004 0 0 0
volume_proxy 209 -0.944619354 -0.267531625 -0.00116044114 0 0 0
volume_proxy 210 0.216265642 0.209034693 0.00826275158 0 0 0
volume_proxy 213 0.0930165324 -0.0479737633 -0.00374486891 0 0 0
volume_proxy 223 -1.11754366 0.076111296 -0.00746175602 0 0 0
volume_proxy 224 1.22955916 -0.892600357 0.00146776395 0 0 0
volume_proxy 226 -1.01654172 -0.78630568 -0.0089806377 0 0 0
volume_proxy 228 -0.0821142632 0.226195951 0.0076826021 0 0 0
volume_proxy 230 0.305865194 0.972954878 -0.0093219822 0 0 0
volume_proxy 232 0.627001667 0.497287005 -0.00172532415 0 0 0
volume_proxy 236 0.875883039 0.133904381 0.00213166467 0 0 0
volume_proxy 237 0.364076769 0.694245832 -0.00918240237 0 0 0
volume_proxy 242 1.13500918 0.428921513 0.00398655681 0 0 0
volume_proxy 244 0.570963404 0.749307246 0.00520997265 0 0 0
volume_proxy 247 1.19781207 -0.134982346 -0.00518436588 0 0 0
volume_proxy 251 0.634144999 0.770503916 -0.00811288247 0 0 0
volume_proxy 256 0.28396582 -0.583157774 0.0025114877 0 0 0
volume_proxy 257 0.00704247323 0.51125394 0.00729347651 0 0 0
volume_proxy 258 0.381276068 -0.193400387 0.00983330253 0 0 0
volume_proxy 259 0.563383825 0.389996162 -0.00412456929 0 0 0
volume_proxy 269 0.852035398 -0.0647840022 0.00917412895 0 0 0
volume_proxy 271 -1.46452604 0.728133009 0.000363504884 0 0 0
volume_proxy 273 1.36619853 0.415257511 -0.007229061 0 0 0
volume_proxy 276 0.478489826 0.0259239528 0.0105608224 0 0 0
volume_proxy 277 -0.529023965 -0.648424667 -0.0100755637 0 0 0
volume_proxy 279 -0.375718529 -0.682479979 -0.0101712429 0 0 0
volume_proxy 281 -1.25674173 0.868353351 0.00190232587 0 0 0
volume_proxy 284 -0.751598274 0.691919055 -0.0095949442 0 0 0
volume_proxy 285 -0.582102189 -0.758788847 -0.00977151993 0 0 0
volume_proxy 294 -0.173524783 0.850155475 -0.00630920194 0 0 0
volume_proxy 296 0.369740998 -0.370272331 -0.00473045362 0 0 0
volume_proxy 297 1.27393896 0.191172049 0.00903513049 0 0 0
volume_proxy 298 1.0884093 -0.803758928 0.00958217967 0 0 0
volume_proxy 305 0.330045098 -0.168115285 0.00986148725 0 0 0
volume_proxy 309 0.811356678 0.842191806 0.00357704084 0 0 0
volume_proxy 310 0.649897863 0.244567235 0.00567919175 0 0 0
volume_proxy 311 0.284392048 -0.947716183 -0.00181997914 0 0 0
volume_proxy 312 0.452297588 -0.0518476043 -0.0026245653 0 0 0
volume_proxy 314 -0.635314026 0.243020065 -0.00333240036 0 0 0
volume_proxy 315 -0.111314776 0.129140215 -0.00670762408 0 0 0
volume_proxy 316 -0.238951571 -0.0260870036 0.00809854619 0 0 0
volume_proxy 318 -1.48424551 0.00245316909 -0.00761376611 0 0 0
volume_proxy 319 0.145155035 -0.664525011 -0.000347893649 0 0 0
volume_proxy 321 -0.247931947 -0.97253511 -0.00926967669 0 0 0
volume_proxy 322 0.6621227 0.521462342 -0.000765449292 0 0 0
volume_proxy 324 -0.959666937 -0.949155572 0.00242448831 0 0 0
volume_proxy 329 0.165812554 0.944771311 -0.00696414556 0 0 0
volume_proxy 330 0.0622041375 -0.374690693 -0.00365151367 0 0 0
volume_proxy 335 -1.27156726 -0.0951901931 0.00126170105 0 0 0
volume_proxy 337 -0.701684907 0.594396847 -0.00155801579 0 0 0
volume_proxy 338 -0.474645254 -0.16901491 -0.00583612847 0 0 0
volume_proxy 339 -0.731588657 -0.3730575 0.00940970141 0 0 0
volume_proxy 343 -0.230902246 0.84071105 -0.0105273935 0 0 0
volume_proxy 344 0.595870959 0.279289449 0.000255843228 0 0 0
volume_proxy 345 -0.710119264 -0.10356531 0.000396277646 0 0 0
volume_proxy 347 0.0985953197 -0.148877971 0.0107292902 0 0 0
volume_proxy 349 0.510521084 0.105287052 0.00602686856 0 0 0
volume_proxy 350 -0.616085634 0.696416667 0.00858222366 0 0 0
volume_proxy 356 0.803737745 0.571642618 -0.00916402245 0 0 0
volume_proxy 358 1.28853904 0.666799821 0.00433021691 0 0 0
volume_proxy 370 1.02406084 0.406411569 0.00465089028 0 0 0
volume_proxy 371 -1.36218637 0.319956223 0.00275041279 0 0 0
volume_proxy 375 0.871745838 0.271351086 -0.00297781638 0 0 0
volume_proxy 377 0.648236325 0.459215134 -0.00565383319 0 0 0
volume_proxy 380 -0.361055643 -0.728318285 0.0021791214 0 0 0
volume_proxy 382 -0.415989763 -0.982331778 -0.00923821613 0 0 0
volume_proxy 383 0.739501748 -0.964893695 -0.00223303244 0 0 0
volume_proxy 384 -0.260845677 0.807290219 -0.00986751167 0 0 0
volume_proxy 388 -1.46766383 -0.11726471 -0.00646110872 0 0 0
volume_proxy 392 -0.0472582939 0.882840712 0.00079263131 0 0 0
volume_proxy 393 1.35519657 0.115778449 0.00743611176 0 0 0
volume_proxy 396 -0.873093234 0.815359696 0.00309692365 0 0 0
volume_proxy 397 1.06364663 0.469283015 -0.00129213903 0 0 0
volume_proxy 399 1.35438362 -0.882833188 -0.00823663115 0 0 0
volume_proxy 400 0.0351582996 -0.544390175 -0.00859758378 0 0 0
volume_proxy 402 -0.89582434 -0.592464134 -0.00940220495 0 0 0
volume_proxy 409 -0.573686506 -0.788931739 0.00557094479 0 0 0
volume_proxy 412 1.31131088 -0.53196343 -0.00728072977 0 0 0
volume_proxy 415 -0.72712943 -0.867905637 0.00665335807 0 0 0
volume_proxy 418 -0.578499944 -0.411973955 0.0105753617 0 0 0
volume_proxy 425 -0.131339625 -0.298957383 0.00826905426 0 0 0
volume_proxy 431 -1.48053843 -0.851051602 0.005362511 0 0 0
volume_proxy 435 -1.11534475 -0.673728478 -0.00456388815 0 0 0
volume_proxy 442 -0.025313522 -0.494254738 0.00244796986 0 0 0
volume_proxy 463 0.149819289 -0.44654114 0.00830526198 0 0 0
volume_proxy 470 1.23298504 0.473285321 -0.0104589589 0 0 0
volume_proxy 493 -0.587696058 -0.878178677 -0.00805334111 0 0 0
volume_proxy 497 -1.31401235 -0.937881627 -0.00658117507 0 0 0
volume_proxy 502 0.774893829 0.00605994389 0.00482009955 0 0 0
volume_proxy 512 0.305502415 -0.909683036 0.00701408973 0 0 0
volume_proxy 513 0.830254155 0.0490153297 -0.00224169526 0 0 0
volume_proxy 518 1.13017123 -0.571059815 0.00869243059 0 0 0
volume_proxy 544 0.789171326 0.720572399 -0.00155162495 0 0 0
volume_proxy 547 1.05552965 0.768933701 0.00684232595 0 0 0
volume_proxy 549 0.284009729 -0.929850067 -0.000170665283 0 0 0
volume_proxy 559 1.25976363 0.661284015 -0.00970691669 0 0 0
volume_proxy 561 1.48265425 0.469581055 0.00254676067 0 0 0
volume_proxy 572 0.150857206 -0.217597514 -0.00329179585 0 0 0
volume_proxy 578 -0.750525678 0.845089588 -0.00765102085 0 0 0
volume_proxy 581 1.49015844 0.667465087 -0.00417900931 0 0 0
volume_proxy 591 -0.881411193 0.444318458 -0.00333964592 0 0 0
volume_proxy 594 -1.16838207 0.532749889 0.00154526768 0 0 0
volume_proxy 603 0.369829249 -0.265296266 0.0106762324 0 0 0
volume_proxy 608 -0.486924076 -0.522405276 -4.12231874e-05 0 0 0
volume_proxy 615 0.916841802 -0.580404274 0.00667778185 0 0 0
volume_proxy 616 1.4281277 0.177727713 0.00242223927 0 0 0
volume_proxy 626 0.9786995 -0.0640233742 0.00333988155 0 0 0
volume_proxy 634 -0.622644815 0.58631592 -0.00319804087 0 0 0
volume_proxy 637 -1.23563239 -0.958024537 -0.0100174992 0 0 0
volume_proxy 647 -0.149293275 0.794721489 0.00719613397 0 0 0
volume_proxy 656 -0.239004781 0.188068092 0.000457359784 0 0 0
volume_proxy 665 -0.996535456 -0.83068625 -0.00623442685 0 0 0
volume_proxy 669 1.2535902 -0.042538745 0.00521477458 0 0 0
volume_proxy 682 0.220283764 0.828448096 -0.0104114113 0 0 0
volume_proxy 693 -0.264237033 0.676900574 0.0101548859 0 0 0
volume_proxy 698 -0.243435979 0.712875507 0.00633747293 0 0 0
volume_proxy 702 -0.202738788 -0.109322345 -0.00351906922 0 0 0
volume_proxy 703 -0.94469951 -0.00884857361 -0.00158576203 0 0 0
volume_proxy 704 1.23806367 0.117665745 0.0106987902 0 0 0
volume_proxy 708 -1.2793448 0.4854113 -0.000664865524 0 0 0
volume_proxy 722 0.738872799 0.626961748 0.00982086691 0 0 0
volume_proxy 725 -1.38899853 -0.79223411 -1.25895842e-05 0 0 0
volume_proxy 740 0.112310524 0.77749462 -0.00217199513 0 0 0
volume_proxy 751 0.150223003 -0.763346321 0.00693790761 0 0 0
volume_proxy 757 0.116510091 0.239683104 -0.00118185171 0 0 0
volume_proxy 781 -0.92820589 0.188794599 -0.00427733104 0 0 0
volume_proxy 788 -0.282039138 -0.133173149 -0.00912292532 0 0 0
volume_proxy 795 0.757885252 -0.757952361 -0.00518345822 0 0 0
volume_proxy 797 -1.45485345 -0.109339058 -0.00642765453 0 0 0
volume_proxy 800 -1.11076795 0.967140093 0.00329826361 0 0 0
volume_proxy 802 0.351225616 0.0539605466 -0.00842101085 0 0 0
volume_proxy 804 0.262996734 0.0338823682 0.0049780113 0 0 0
volume_proxy 810 0.665293669 0.219156422 -0.00775350172 0 0 0
volume_proxy 811 0.611509793 0.717335605 -0.00195086004 0 0 0
volume_proxy 812 0.945927426 0.578102175 -0.00537526916 0 0 0
volume_proxy 814 1.0678957 0.0465176996 -0.00310874346 0 0 0
volume_proxy 822 0.281998437 -0.666536933 0.00133980766 0 0 0
volume_proxy 825 1.46062901 0.604277622 -0.00821898761 0 0 0
volume_proxy 833 -0.215069706 0.232273482 0.00186373787 0 0 0
volume_proxy 835 -0.0756683257 -0.937849653 0.00210751024 0 0 0
volume_proxy 839 -0.0970072353 -0.17231351 -0.00101803744 0 0 0
volume_proxy 846 1.43479539 0.137726996 -0.0100084276 0 0 0
volume_proxy 848 -1.23657278 -0.181463733 -0.00236965456 0 0 0
volume_proxy 854 -0.296147848 0.973792709 -0.00849855067 0 0 0
volume_proxy 856 1.0217341 0.463015019 0.00336470112 0 0 0
volume_proxy 869 1.4680634 0.828455808 0.00421457734 0 0 0
volume_proxy 875 -0.287647602 -0.841928619 -0.00814238593 0 0 0
volume_proxy 876 0.0958518529 -0.615454355 0.0069572573 0 0 0
volume_proxy 878 1.25567276 -0.535918847 -0.00608602144 0 0 0
volume_proxy 883 0.00389525173 0.959436487 0.00718901826 0 0 0
volume_proxy 889 -1.24202821 0.673851586 -0.000768757891 0 0 0
volume_proxy 896 1.34159722 0.357796901 -0.00187101704 0 0 0
volume_proxy 898 0.543789225 0.111324687 6.84229541e-05 0 0 0
volume_proxy 902 0.00198912333 0.665450357 -0.00216034973 0 0 0
volume_proxy 903 0.194190532 0.443639186 -0.00495016503 0 0 0
volume_proxy 904 -1.06235192 0.752155231 0.00898790177 0 0 0
volume_proxy 906 1.13945254 0.66554136 0.00153505577 0 0 0
volume_proxy 910 -1.43300626 0.450631831 0.01069329 0 0 0
volume_proxy 911 1.44926195 0.397302503 -0.00650265005 0 0 0
volume_proxy 912 1.49120121 0.279679607 -0.00439546726 0 0 0
volume_proxy 913 -1.34045707 -0.992730593 -0.00311700696 0 0 0
volume_proxy 914 0.118912416 -0.614989227 0.0091308076 0 0 0
volume_proxy 915 -0.418475205 -0.420397009 -0.00971969424 0 0 0
volume_proxy 916 -0.256105279 0.350553228 -0.0075939112 0 0 0
volume_proxy 917 -0.512270694 -0.0555572508 0.00686235817 0 0 0
volume_proxy 924 -0.472804383 0.314324399 -0.00475521856 0 0 0
volume_proxy 926 -0.153025105 0.379546603 -0.00790698149 0 0 0
volume_proxy 929 -0.567275548 -0.693091543 -0.00215595633 0 0 0
volume_proxy 931 0.0333126725 -0.14556548 0.00191275724 0 0 0
volume_proxy 935 -1.40578715 0.351875154 0.00423480283 0 0 0
volume_proxy 939 0.866275349 0.962164679 -0.00393246912 0 0 0
volume_proxy 940 -0.0863540855 0.305752539 -0.00898230035 0 0 0
volume_proxy 944 0.545984756 -0.892433145 0.00393650679 0 0 0
volume_proxy 945 -0.738523949 0.377349101 0.000799440657 0 0 0
volume_proxy 948 -0.447819411 0.0481768895 -0.00356505089 0 0 0
volume_proxy 949 -0.631213868 -0.309476687 -0.00164467588 0 0 0
volume_proxy 953 -0.677959777 -0.942994001 -0.006250366 0 0 0
volume_proxy 958 -1.44959198 0.275733615 0.000783771414 0 0 0
volume_proxy 963 -0.72646262 0.673012368 -0.00955664103 0 0 0
volume_proxy 964 0.606569135 0.641012209 0.0058549062 0 0 0
volume_proxy 966 -0.59727479 0.837443647 0.0034783813 0 0 0
volume_proxy 969 -0.76241023 0.125088375 -0.00830985788 0 0 0
volume_proxy 973 -0.133002317 0.0834219328 0.000102111965 0 0 0
volume_proxy 974 0.792104677 -0.674333262 0.00791231211 0 0 0
volume_proxy 977 -1.1161304 -0.189150337 0.00225354022 0 0 0
volume_proxy 979 0.104493344 0.795041783 -0.00979511359 0 0 0
volume_proxy 981 0.012655611 0.172561293 -0.000758578178 0 0 0
volume_proxy 983 1.21247505 -0.36681015 0.00527303674 0 0 0
volume_proxy 984 1.35140841 0.613021026 0.00913018587 0 0 0
volume_proxy 985 -0.479610228 -0.863595741 -0.00010251905 0 0 0
volume_proxy 986 -0.273364718 -0.646176769 -0.00582974452 0 0 0
volume_proxy 988 0.958442927 -0.824227296 0.00428909098 0 0 0
volume_proxy 990 -1.30258925 0.269291091 0.00550892441 0 0 0
volume_proxy 991 -0.34979315 -0.45275619 0.00332134894 0 0 0
volume_proxy 992 -0.0298185491 0.391919375 -0.00374471913 0 0 0
volume_proxy 996 -1.08132214 0.497240407 0.00373405021 0 0 0
volume_proxy 997 1.31469867 -0.0836790462 0.00563189844 0 0 0
volume_proxy 999 -0.827055776 -0.305660016 -0.00811259723 0 0 0
volume_proxy 1001 0.633839805 0.935387048 -0.00889747467 0 0 0
volume_proxy 1007 -1.24999861 -0.641872157 0.00710293496 0 0 0
volume_proxy 1008 0.433498328 -0.440198489 -0.00613183397 0 0 0
volume_proxy 1011 0.345581279 -0.781065218 -0.00481102106 0 0 0
volume_proxy 1012 0.78188143 -0.194183635 -0.00161191729 0 0 0
volume_proxy 1016 0.912441119 -0.962472744 0.00506962365 0 0 0
volume_proxy 1017 0.34637047 -0.867703434 0.00781414732 0 0 0
volume_proxy 1018 -0.986934627 -0.799916392 0.0105610251 0 0 0
volume_proxy 1019 -0.82995183 -0.949473266 -0.00948725964 0 0 0
volume_proxy 1020 -0.910688445 0.56083245 0.00250138719 0 0 0
volume_proxy 1021 -0.998945497 -0.364788858 0.00903127494 0 0 0
volume_proxy 1023 0.818330826 0.387950772 -0.000793902365 0 0 0
volume_proxy 1024 1.11313105 0.839569394 0.00583186342 0 0 0
volume_proxy 1028 -1.20675205 -0.578504601 -0.000941785433 0 0 0
volume_proxy 1029 1.07187075 0.98460552 -0.00387207453 0 0 0
volume_proxy 1030 0.355421572 0.507453024 -0.00821563249 0 0 0
volume_proxy 1031 1.10267023 -0.729193902 0.00665778629 0 0 0
volume_proxy 1032 1.3535998 0.186549852 -0.000449706195 0 0 0
volume_proxy 1033 0.681785232 0.739115111 -0.0077983863 0 0 0
volume_proxy 1035 0.223591607 -0.644836826 0.00593099354 0 0 0
volume_proxy 1036 0.811045922 -0.365834153 0.00181431877 0 0 0
volume_proxy 1040 -1.01345411 -0.738798914 -0.000742307293 0 0 0
volume_proxy 1041 0.157537593 0.229134596 0.00634201502 0 0 0
volume_proxy 1042 0.896173293 0.0665423159 -0.000975856117 0 0 0
volume_proxy 1046 0.206044207 -0.271170362 -0.00624395126 0 0 0
volume_proxy 1047 -1.45378426 0.107595517 -0.0101503786 0 0 0
volume_proxy 1048 -1.45161717 0.278463773 -0.00989320376 0 0 0
volume_proxy 1049 -0.207109435 0.310809203 0.00233818516 0 0 0
volume_proxy 1050 -0.751765482 -0.377838092 0.0047121772 0 0 0
volume_proxy 1052 -0.605394358 -0.0189022114 0.00648976775 0 0 0
volume_proxy 1053 -0.419120232 -0.772298437 0.00427101524 0 0 0
volume_proxy 1054 -1.4425115 0.10352143 0.00525262833 0 0 0
volume_proxy 1056 -1.3822372 0.877537761 0.0107931331 0 0 0
volume_proxy 1057 -0.266369036 -0.395403395 0.00797303467 0 0 0
volume_proxy 1059 -0.430311128 0.96688663 0.0066295098 0 0 0
volume_proxy 1060 -1.47685055 0.223139568 -0.00273944576 0 0 0
volume_proxy 1061 -0.515642243 -0.338333678 -0.00772677173 0 0 0
volume_proxy 1062 0.630679392 0.429212735 0.00985049871 0 0 0
volume_proxy 1064 -0.580963667 -0.982397316 -0.00878173135 0 0 0
volume_proxy 1065 -1.4166408 -0.412460223 0.00935600821 0 0 0
volume_proxy 1066 1.01224016 0.292812606 -0.0093805675 0 0 0
volume_proxy 1067 0.902063517 -0.476343268 -0.00512559953 0 0 0
volume_proxy 1069 -0.748397679 0.691386088 -0.000989846283 0 0 0
volume_proxy 1070 -1.05286209 0.260544317 0.00349824261 0 0 0
volume_proxy 1072 -0.375106757 0.801855893 -0.000659342659 0 0 0
volume_proxy 1075 -0.177923578 0.320951109 0.0012312436 0 0 0
volume_proxy 1076 1.47386152 -0.454061302 0.00422953549 0 0 0
volume_proxy 1077 -1.0950872 0.792884493 -0.00579936045 0 0 0
volume_proxy 1078 -0.970769579 0.982551041 -0.00612119155 0 0 0
volume_proxy 1079 0.27726702 -0.00511745985 0.00420962588 0 0 0
volume_proxy 1080 -0.105462134 0.0915632232 -0.00396958147 0 0 0
volume_proxy 1083 1.45074847 0.421487172 0.0027469928 0 0 0
volume_proxy 1085 0.113323144 0.0314688961 -0.00781792249 0 0 0
volume_proxy 1086 1.22366401 -0.690674737 -0.00966472667 0 0 0
volume_proxy 1088 -0.44683604 0.840188157 0.00445209186 0 0 0
volume_proxy 1089 -0.829577066 0.863616313 -0.0104311769 0 0 0
volume_proxy 1091 0.250376502 0.290515933 -0.00278635354 0 0 0
volume_proxy 1092 0.077462562 0.0646511585 -0.000151224904 0 0 0
volume_proxy 1093 0.294483634 -0.780231192 -0.00299401739 0 0 0
volume_proxy 1094 -1.41043906 0.779662841 0.00433045874 0 0 0
volume_proxy 1096 0.313484764 0.246091983 0.00400314766 0 0 0
volume_proxy 1098 0.31065562 0.500340577 0.0040524569 0 0 0
volume_proxy 1102 1.27432177 0.618247468 0.00118674692 0 0 0
volume_proxy 1106 0.948769088 -0.90494166 0.00612303885 0 0 0
volume_proxy 1107 -0.231599318 0.320968362 0.00355778035 0 0 0
volume_proxy 1108 1.09830669 0.651146189 0.00801672364 0 0 0
volume_proxy 1109 0.807574236 -0.834806444 0.0101388443 0 0 0
volume_proxy 1110 0.875121574 -0.875211464 0.00142018163 0 0 0
volume_proxy 1111 -0.358017116 -0.269271153 -0.00274101384 0 0 0
volume_proxy 1112 -0.77119129 0.930082443 -0.00559743523 0 0 0
volume_proxy 1113 1.0832298 0.27660061 0.000585700313 0 0 0
volume_proxy 1114 -0.884152774 0.0612260989 0.000712908457 0 0 0
volume_proxy 1115 0.6070486 -0.827635091 -0.00754639639 0 0 0
volume_proxy 1117 0.752438857 -0.31965327 -0.00865458796 0 0 0
volume_proxy 1118 0.336751438 -0.603471754 0.00632753657 0 0 0
volume_proxy 1119 -1.42270077 0.479428505 -0.00192161009 0 0 0
volume_proxy 1120 -0.00281324948 0.183108748 0.010112185 0 0 0
volume_proxy 1123 -1.49291069 0.973256085 -0.00183718495 0 0 0
volume_proxy 1126 0.909545296 -0.581606272 0.0043779259 0 0 0
volume_proxy 1127 0.485051027 0.675045915 -0.00801451653 0 0 0
volume_proxy 1128 -0.63969713 -0.0721252893 0.00775711816 0 0 0
volume_proxy 1129 1.08977357 0.616889753 0.00894470252 0 0 0
volume_proxy 1130 -0.765118115 0.197275909 -0.00547395877 0 0 0
volume_proxy 1131 -0.730402129 0.236694675 0.00106346798 0 0 0
volume_proxy 1132 0.643661876 0.177132358 0.00516781845 0 0 0
volume_proxy 1133 1.22166047 -0.809188067 -0.000700564847 0 0 0
volume_proxy 1134 1.01351365 0.729917601 0.00792654293 0 0 0
volume_proxy 1135 -0.752930955 -0.933587771 -0.00995410129 0 0 0
volume_proxy 1136 -0.903932283 -0.88022438 0.0025439092 0 0 0
volume_proxy 1137 -0.597472066 -0.133812557 0.00685232916 0 0 0
volume_proxy 1138 1.43722682 -0.718763336 0.00764772548 0 0 0
volume_proxy 1139 1.44658201 -0.672286333 -1.46098665e-05 0 0 0
