volume_proxy 0 0.219216728 0.535745568 -0.00969226417 0 0 0
volume_proxy 5 0.756275489 -0.468257164 0.00159542745 0 0 0
volume_proxy 6 -0.0737615889 -0.138469817 -0.000337499657 0 0 0
volume_proxy 11 1.25704677 0.624060955 -0.000789297453 0 0 0
volume_proxy 12 0.579330402 -0.547588608 -0.00112407966 0 0 0
volume_proxy 14 -0.753611614 0.746865911 -0.00908632053 0 0 0
volume_proxy 23 1.41046194 -0.926970866 -0.00063500944 0 0 0
volume_proxy 38 -0.182249782 -0.518836591 0.00293064268 0 0 0
volume_proxy 40 -0.94320619 -0.540961825 -0.00808028466 0 0 0
volume_proxy 50 -0.721336749 -0.243370058 -0.00901179828 0 0 0
volume_proxy 53 -1.17833461 0.63250383 0.00279635716 0 0 0
volume_proxy 58 0.883855905 -0.873739138 0.00285298032 0 0 0
volume_proxy 60 0.222380086 0.301839606 -0.00244519828 0 0 0
volume_proxy 85 -0.933295371 0.607299087 0.000318671635 0 0 0
volume_proxy 97 0.839521336 0.636910812 0.00326981615 0 0 0
volume_proxy 107 1.30002596 -0.333641356 -0.0094573503 0 0 0
volume_proxy 127 -1.18946581 -0.540988923 -0.000143304259 0 0 0
volume_proxy 130 0.846566026 0.956534879 -0.00481272721 0 0 0
volume_proxy 140 -0.906806899 0.932497399 -0.0088264312 0 0 0
volume_proxy 157 0.865118747 0.641496527 0.00794750415 0 0 0
volume_proxy 159 0.919245611 0.299426617 0.00983024388 0 0 0
volume_proxy 161 0.840190241 0.578202583 0.0051591518 0 0 0
volume_proxy 176 0.71613246 -0.0955736768 0.0105498129 0 0 0
volume_proxy 186 -1.311043 -0.374596507 -0.00849649385 0 0 0
volume_proxy 189 -1.01395934 0.799944987 0.0105019981 0 0 0
volume_proxy 195 -0.714561559 -0.136111822 0.00804142254 0 0 0
volume_proxy 196 1.00324649 0.0359158472 0.00575726714 0 0 0
volume_proxy 200 -0.439412684 -0.787333144 0.00246670448 0 0 0
volume_proxy 202 -0.042024194 0.743507434 0.00321568105 0 0 0
volume_proxy 209 -1.18639554 -0.302994735 0.00637604234 0 0 0
volume_proxy 210 -0.654710182 0.809762793 0.00689719338 0 0 0
volume_proxy 226 0.401550088 0.00448937178 -0.00910047993 0 0 0
volume_proxy 236 1.01422307 0.262577815 -0.00680720458 0 0 0
volume_proxy 247 0.229338849 0.927661008 -0.00730176284 0 0 0
volume_proxy 256 -1.42731597 0.784465629 0.00249158533 0 0 0
volume_proxy 259 0.93137245 0.432992806 -0.00571351485 0 0 0
volume_proxy 269 -0.982108346 -0.0609807392 0.00669302886 0 0 0
volume_proxy 277 -0.866642525 0.133289024 0.00657045586 0 0 0
volume_proxy 296 -1.48375904 0.49452705 -0.00597834266 0 0 0
volume_proxy 305 1.11715091 -0.465069631 0.00872696209 0 0 0
volume_proxy 310 -0.14778013 -0.845647493 -0.00894645672 0 0 0
volume_proxy 344 -1.11020195 0.821003675 -0.0103803416 0 0 0
volume_proxy 347 0.00248826047 0.889763459 0.00933372013 0 0 0
volume_proxy 356 -0.778631836 0.358279566 -0.00849490978 0 0 0
volume_proxy 375 0.84223312 -0.850605407 0.0035484474 0 0 0
volume_proxy 388 0.871849055 -0.345794004 -0.00590019119 0 0 0
volume_proxy 802 1.36519757 -0.263827818 -0.00175785754 0 0 0
volume_proxy 1052 -1.29078298 -0.780934678 -0.0067751558 0 0 0
volume_proxy 1066 -0.672414759 0.134120402 0.00251368099 0 0 0
volume_proxy 1120 -0.351387637 0.377600128 0.01000393 0 0 0
volume_proxy 1166 -0.640495227 0.327613381 0.00897943854 0 0 0
volume_proxy 1169 0.998591635 -0.954724586 -0.000772318477 0 0 0
volume_proxy 1193 -1.36278281 -0.462822698 0.00260175612 0 0 0
volume_proxy 1225 -0.335449308 -0.403095591 -0.00629582784 0 0 0
volume_proxy 1245 -1.37286972 -0.269314328 0.004404492 0 0 0
volume_proxy 1280 -0.84247472 0.770654128 -0.00140473211 0 0 0
volume_proxy 1285 -1.26582415 0.0326713714 0.000925389796 0 0 0
volume_proxy 1295 -0.340259091 -0.256650859 0.00888028647 0 0 0
volume_proxy 1296 0.300858584 -0.515961219 0.00513160365 0 0 0
volume_proxy 1340 0.867732902 0.758289881 -0.00667359327 0 0 0
volume_proxy 1380 -0.219617563 0.881354284 0.00657923709 0 0 0
volume_proxy 1386 0.79427268 0.459125718 0.00256638037 0 0 0
volume_proxy 1397 1.46263795 0.813168768 0.00662579947 0 0 0
volume_proxy 1409 0.266224069 0.910451782 -0.00736874793 0 0 0
volume_proxy 1413 0.988080411 0.742093133 -0.000820174876 0 0 0
volume_proxy 1422 0.4705354 -0.378348738 -0.00909601627 0 0 0
volume_proxy 1433 1.06244433 0.737135011 0.00601059564 0 0 0
volume_proxy 1434 -0.104276563 -0.925842704 -0.0100559432 0 0 0
volume_proxy 1437 -0.2114807 -0.00997070391 -0.00387114742 0 0 0
volume_proxy 1439 0.109690986 0.737549774 -0.00714641543 0 0 0
volume_proxy 1447 0.807084404 -0.225510381 0.000184626961 0 0 0
volume_proxy 1459 -1.00082116 0.507378966 -0.00846576069 0 0 0
volume_proxy 1460 0.248773402 0.283823793 -0.000778614826 0 0 0
volume_proxy 1461 -0.879176734 0.629539463 0.010164256 0 0 0
volume_proxy 1466 -0.607888734 0.115843286 -0.0103461303 0 0 0
volume_proxy 1472 -0.610093621 0.327999691 -0.00751860417 0 0 0
volume_proxy 1474 0.677106805 -0.59811468 -0.000748976024 0 0 0
volume_proxy 1481 0.603107174 0.374807701 -0.00285133435 0 0 0
volume_proxy 1482 1.11031447 0.279980798 -0.00014480051 0 0 0
volume_proxy 1485 0.46654844 -0.544710944 0.000994559023 0 0 0
volume_proxy 1489 -0.0747723007 -0.420236389 0.00342956255 0 0 0
volume_proxy 1490 1.4236608 0.962852038 -0.00782521639 0 0 0
volume_proxy 1494 1.19980461 -0.166887946 -0.000278402892 0 0 0
volume_proxy 1496 -1.03328243 0.48752515 -0.00761244823 0 0 0
volume_proxy 1498 -0.173164234 0.332644802 0.00304016849 0 0 0
volume_proxy 1501 -0.521854903 -0.687907166 0.00984052503 0 0 0
volume_proxy 1503 0.383929488 -0.0375331165 -0.00514942898 0 0 0
volume_proxy 1506 0.26352477 0.968363283 -0.00492004205 0 0 0
volume_proxy 1507 -1.27692344 -0.464158959 0.00429054593 0 0 0
volume_proxy 1508 -0.75575137 -0.663849578 0.00590532416 0 0 0
volume_proxy 1509 -1.43508149 0.626885251 -0.00646335614 0 0 0
volume_proxy 1510 0.1588493 -0.802454131 -0.00717712234 0 0 0
volume_proxy 1511 1.48590434 0.36113416 0.00338217968 0 0 0
volume_proxy 1513 -1.48110669 0.700348946 0.00158635385 0 0 0
volume_proxy 1515 0.767590685 0.0401778753 -0.008989229 0 0 0
volume_proxy 1516 -0.131481263 -0.922510529 -0.00691690482 0 0 0
volume_proxy 1517 -0.819545549 -0.485578675 -0.00981609293 0 0 0
volume_proxy 1519 0.315087554 -0.291358743 0.000739573038 0 0 0
volume_proxy 1520 0.376426853 -0.178181326 0.00928938031 0 0 0
volume_proxy 1521 -0.515707524 -0.144993901 -0.00335834699 0 0 0
volume_proxy 1522 0.66219634 0.557215427 2.3373108e-05 0 0 0
volume_proxy 1523 1.31542997 -0.148541255 -0.0100440478 0 0 0
volume_proxy 1525 -0.954055453 0.893031735 -0.000227984268 0 0 0
volume_proxy 1526 1.06985231 -0.323256189 0.0039748845 0 0 0
volume_proxy 1528 0.535949157 -0.548642598 -0.00810712824 0 0 0
volume_proxy 1529 -0.974045024 -0.029990201 -0.00126273613 0 0 0
volume_proxy 1530 -0.782601475 -0.228066717 0.00511907934 0 0 0
volume_proxy 1531 0.473073587 0.489971788 0.00342174447 0 0 0
