volume_proxy 0 -0.95485726 -0.191959341 -0.00265823656 0 0 0
volume_proxy 6 0.0600037301 0.279090715 -0.00728159037 0 0 0
volume_proxy 11 0.984579347 0.740619774 -0.00328175544 0 0 0
volume_proxy 12 1.38921402 -0.426867824 -0.000152871298 0 0 0
volume_proxy 14 -1.42737523 0.800428858 0.00486464991 0 0 0
volume_proxy 23 1.2140765 0.056954557 -0.00684122745 0 0 0
volume_proxy 38 -0.668081536 -0.866659199 0.00466188443 0 0 0
volume_proxy 40 -1.25274601 0.0363009869 0.00993824427 0 0 0
volume_proxy 50 -1.05429796 -0.800968669 -0.00749169248 0 0 0
volume_proxy 53 -1.37608927 0.493017263 -0.00090526773 0 0 0
volume_proxy 58 0.528797906 -0.434413177 -0.00385155904 0 0 0
volume_proxy 60 -0.579876012 0.802824647 0.00595856748 0 0 0
volume_proxy 85 -0.944848294 0.940848875 -0.00280898488 0 0 0
volume_proxy 97 0.291181529 0.989862458 0.00550563694 0 0 0
volume_proxy 107 0.00839511802 0.255691367 -0.00457315311 0 0 0
volume_proxy 127 -1.36944676 -0.644267766 -0.000272763367 0 0 0
volume_proxy 130 0.0799882402 -0.675644955 0.00771276718 0 0 0
volume_proxy 140 0.684713758 0.178386262 0.00352015343 0 0 0
volume_proxy 157 0.280886595 0.130126493 1.47547082e-06 0 0 0
volume_proxy 159 -0.143540798 0.659824274 0.00719245816 0 0 0
volume_proxy 161 -0.290339786 0.0146885215 -0.00463256245 0 0 0
volume_proxy 176 1.07375532 0.461596212 0.00118263465 0 0 0
volume_proxy 186 -1.09353475 0.223328914 -0.00820701426 0 0 0
volume_proxy 189 -0.911033809 -0.922899597 0.00466726747 0 0 0
volume_proxy 195 -1.36629275 -0.992984769 0.00854509581 0 0 0
volume_proxy 196 -1.03234747 -0.00584270873 -0.00371711303 0 0 0
volume_proxy 200 -1.15884835 0.767248012 0.00142804577 0 0 0
volume_proxy 202 -0.631350831 -0.497426065 0.00321588577 0 0 0
volume_proxy 209 -1.18036761 0.148224845 -0.00634875854 0 0 0
volume_proxy 210 0.437099326 0.0582130125 -0.00698034474 0 0 0
volume_proxy 226 1.17118903 0.180662999 0.00547289826 0 0 0
volume_proxy 236 0.462304515 0.533486405 -0.00976200575 0 0 0
volume_proxy 247 -0.131320324 -0.897936 0.0103790861 0 0 0
volume_proxy 256 0.686198431 -0.878197221 0.00123444915 0 0 0
volume_proxy 259 0.913299957 -0.00256524628 -0.0056423466 0 0 0
volume_proxy 269 -1.49912474 0.788540784 0.00959393623 0 0 0
volume_proxy 277 -1.03084323 0.0771539179 -0.00305775143 0 0 0
volume_proxy 296 -0.680057415 -0.0799004353 0.00468947919 0 0 0
volume_proxy 305 0.487024163 -0.35148025 -0.00566803245 0 0 0
volume_proxy 310 1.42597617 0.583410536 -0.00692118727 0 0 0
volume_proxy 344 -0.263323284 -0.414592864 -0.00933128636 0 0 0
volume_proxy 347 -0.685060645 0.746493237 0.00323349054 0 0 0
volume_proxy 356 -0.73046245 0.223214276 0.00750461493 0 0 0
volume_proxy 375 1.48485026 -0.0263427516 0.00916372307 0 0 0
volume_proxy 388 1.43899072 -0.387425966 0.00857523396 0 0 0
volume_proxy 1052 -1.41391993 -0.437935886 -0.0087912182 0 0 0
volume_proxy 1066 -0.0572750486 -0.0268257552 -0.00661983895 0 0 0
volume_proxy 1120 -0.840734797 0.842363482 0.00972953377 0 0 0
volume_proxy 1166 -0.869129333 -0.820712909 -0.00343271475 0 0 0
volume_proxy 1193 -1.00876275 -0.0998542395 0.00963244482 0 0 0
volume_proxy 1225 -1.28330528 -0.918725871 -0.00757949393 0 0 0
volume_proxy 1245 -1.11326769 0.6918509 0.0100645199 0 0 0
volume_proxy 1280 -1.35688175 0.872909577 -0.00330802346 0 0 0
volume_proxy 1285 -0.521753119 0.922530218 0.00262209684 0 0 0
volume_proxy 1295 0.71104154 0.430527406 0.0100756964 0 0 0
volume_proxy 1296 -0.512783654 -0.446942442 -0.0106981241 0 0 0
volume_proxy 1340 1.39329239 -0.0571797707 -0.00989615561 0 0 0
volume_proxy 1380 -1.39769435 -0.670018777 -0.00312279108 0 0 0
volume_proxy 1386 1.19373895 0.515203003 -0.00132255296 0 0 0
volume_proxy 1397 -0.000343843872 0.751728912 -0.00213314848 0 0 0
volume_proxy 1409 0.509744684 0.339560049 0.00739858409 0 0 0
volume_proxy 1413 0.576216729 0.504595285 0.00326145825 0 0 0
volume_proxy 1422 1.41425697 -0.816648052 0.00167855011 0 0 0
volume_proxy 1433 1.46395416 0.7392472 0.00704374547 0 0 0
volume_proxy 1437 -0.372804802 -0.991397716 -0.00246340439 0 0 0
volume_proxy 1459 -0.939709345 -0.341126469 -0.00987487984 0 0 0
volume_proxy 1460 -1.08158177 0.066579403 -0.00454449058 0 0 0
volume_proxy 1461 -1.09175155 0.236507635 0.00831322586 0 0 0
volume_proxy 1472 -1.17367996 -0.181085967 0.000522928355 0 0 0
volume_proxy 1474 1.34493127 -0.091551507 -0.00991259853 0 0 0
volume_proxy 1481 -0.445774155 0.1907613 -0.00679792622 0 0 0
volume_proxy 1482 0.706179121 0.372410535 -0.00865836388 0 0 0
volume_proxy 1485 0.684476471 -0.194322578 0.00321767472 0 0 0
volume_proxy 1489 0.212360203 -0.82331876 -0.00740976867 0 0 0
volume_proxy 1490 0.548814484 0.546390649 0.00993454736 0 0 0
volume_proxy 1496 -1.35018145 0.62306601 -0.00570758105 0 0 0
volume_proxy 1498 -0.371303217 -0.171881793 0.00577452871 0 0 0
volume_proxy 1503 -1.30069386 -0.939400125 0.0107272384 0 0 0
volume_proxy 1506 0.314038275 0.807071941 0.00815530008 0 0 0
volume_proxy 1507 -0.116943494 -0.216152039 0.00891290873 0 0 0
volume_proxy 1508 -0.902396133 0.289696373 0.00790012567 0 0 0
volume_proxy 1509 -1.04762439 -0.273862841 0.00401796998 0 0 0
volume_proxy 1513 -1.26028836 0.090812879 -0.00491888927 0 0 0
volume_proxy 1515 0.209224896 -0.937189371 0.00156713589 0 0 0
volume_proxy 1516 -0.160213887 -0.738785607 0.00702528949 0 0 0
volume_proxy 1517 -1.21746557 -0.595674204 -0.0106750751 0 0 0
volume_proxy 1519 0.386916857 0.540070152 0.00897505282 0 0 0
volume_proxy 1520 0.0324476646 -0.353498247 -0.00108985759 0 0 0
volume_proxy 1521 -0.951606516 -0.558191517 -0.000964006416 0 0 0
volume_proxy 1523 -0.115765128 -0.294593398 0.00705151244 0 0 0
volume_proxy 1525 -0.546032053 0.867133162 -0.00935596238 0 0 0
volume_proxy 1526 1.44591243 -0.182337134 -0.00625766426 0 0 0
volume_proxy 1528 0.857987696 -0.746746124 0.00778632015 0 0 0
volume_proxy 1529 -0.756191961 -0.136946732 -0.0106026016 0 0 0
volume_proxy 1531 0.396691217 0.810453984 -0.00926408834 0 0 0
volume_proxy 1533 0.878823235 -0.0343931111 0.007911533 0 0 0
volume_proxy 1534 -0.563930634 0.0276861324 -0.0013674616 0 0 0
volume_proxy 1537 -1.04248965 -0.556694192 -0.000187534535 0 0 0
volume_proxy 1538 1.16851216 -0.322632937 -0.00389657259 0 0 0
volume_proxy 1539 0.244976047 0.730577931 -0.00920426295 0 0 0
volume_proxy 1540 1.38800775 0.0913916598 -0.00244509181 0 0 0
volume_proxy 1541 -0.415189198 -0.96296753 -0.00966667048 0 0 0
