volume_proxy 0 -0.517877895 -0.685676811 0.00810740394 0 0 0
volume_proxy 6 -0.493911732 0.0958309831 -0.0105321586 0 0 0
volume_proxy 11 0.818698905 0.369258983 0.00317025189 0 0 0
volume_proxy 12 1.12080851 -0.728743529 -0.00995417172 0 0 0
volume_proxy 14 -1.40648161 0.869067281 0.0091288594 0 0 0
volume_proxy 23 1.40651666 -0.300274883 0.00490567188 0 0 0
volume_proxy 38 -0.770167973 -0.989850382 0.00171908075 0 0 0
volume_proxy 40 -1.42409615 -0.097148731 0.0106188317 0 0 0
volume_proxy 50 -1.31301382 -0.526315315 -0.00334899001 0 0 0
volume_proxy 53 -1.32855153 0.90809112 0.00556786277 0 0 0
volume_proxy 58 0.652075118 -0.351542179 0.000825387935 0 0 0
volume_proxy 60 -0.427287341 0.782560274 -0.00414627565 0 0 0
volume_proxy 85 -0.815265801 0.740095438 -0.00288301485 0 0 0
volume_proxy 97 0.546748828 0.611743403 0.0025911278 0 0 0
volume_proxy 107 0.0231874067 0.102969852 -0.00256667796 0 0 0
volume_proxy 127 -1.15074451 -0.85651874 0.00203108688 0 0 0
volume_proxy 130 0.00267603563 -0.63192061 0.00828782527 0 0 0
volume_proxy 140 0.472906411 -0.272089902 0.00920901003 0 0 0
volume_proxy 157 0.604918872 0.0858771792 -0.00243999739 0 0 0
volume_proxy 159 0.0321212989 0.500423649 0.00215343035 0 0 0
volume_proxy 161 -0.235119161 -0.350129885 -0.00190634742 0 0 0
volume_proxy 176 0.934125517 0.270785242 0.000833348379 0 0 0
volume_proxy 186 -0.832310028 0.303437914 -0.00700069253 0 0 0
volume_proxy 189 -0.524628073 -0.828092763 -0.00900499348 0 0 0
volume_proxy 195 -1.22719708 -0.890930779 -0.00874987777 0 0 0
volume_proxy 196 -1.08993864 -0.138443806 -0.0039816995 0 0 0
volume_proxy 200 -1.40027402 0.725573497 -0.00580739793 0 0 0
volume_proxy 202 -0.534146543 -0.236616007 -0.00657964512 0 0 0
volume_proxy 209 -0.928806159 0.168734601 0.000287295485 0 0 0
volume_proxy 210 0.400333057 0.453295828 -0.00781964196 0 0 0
volume_proxy 226 1.24071055 0.309255697 0.00382113703 0 0 0
volume_proxy 236 0.739784143 -0.331988436 0.00810487252 0 0 0
volume_proxy 247 0.0230895586 -0.794538802 -0.00358226654 0 0 0
volume_proxy 256 0.73809668 -0.794678027 -0.000330527395 0 0 0
volume_proxy 259 0.787996248 -0.346291152 0.00155988664 0 0 0
volume_proxy 269 -1.31814113 0.719748743 0.00537157646 0 0 0
volume_proxy 277 -1.09422579 -0.26470644 -0.00855845774 0 0 0
volume_proxy 296 -0.916701811 0.133755601 -0.00560192418 0 0 0
volume_proxy 305 0.457471035 -0.901010401 0.00664097018 0 0 0
volume_proxy 310 1.2417544 0.793961886 0.00723394236 0 0 0
volume_proxy 344 -0.805094171 -0.377661108 -0.00932946026 0 0 0
volume_proxy 347 -0.804646722 0.938921508 -0.00725074436 0 0 0
volume_proxy 356 -0.492009847 0.257775593 0.00519873238 0 0 0
volume_proxy 375 0.798602597 -0.392668816 0.00523376215 0 0 0
volume_proxy 388 1.24202201 -0.921817512 -0.00244905513 0 0 0
volume_proxy 1052 -0.709728075 -0.113274449 -0.0105489408 0 0 0
volume_proxy 1066 -0.172093582 0.314884519 0.00191761289 0 0 0
volume_proxy 1120 -0.538137999 0.850219086 -0.00889209151 0 0 0
volume_proxy 1166 -0.819830804 -0.912583573 -0.00604547857 0 0 0
volume_proxy 1193 -1.12665684 -0.0734640885 -0.0103943675 0 0 0
volume_proxy 1225 -1.30873633 -0.817108454 -0.00656033611 0 0 0
volume_proxy 1245 -1.23144334 0.85871382 -0.0027007845 0 0 0
volume_proxy 1280 -1.48110081 0.950385988 0.00181226916 0 0 0
volume_proxy 1285 -0.679074068 0.649385589 0.0100610146 0 0 0
volume_proxy 1295 0.567164679 0.572443306 -0.00425071995 0 0 0
volume_proxy 1296 -0.358480495 -0.427708852 -0.000277096891 0 0 0
volume_proxy 1340 1.1035761 -0.127176197 -0.00848702641 0 0 0
volume_proxy 1380 -1.34872981 -0.137294731 0.00739520164 0 0 0
volume_proxy 1386 1.13882995 0.860386647 -0.00647070063 0 0 0
volume_proxy 1397 0.0193756332 0.570310085 -0.00260683783 0 0 0
volume_proxy 1409 0.3154371 0.404655515 0.004739863 0 0 0
volume_proxy 1413 0.794874852 0.444763625 0.000822400532 0 0 0
volume_proxy 1422 0.933935871 -0.682922767 0.00651805927 0 0 0
volume_proxy 1433 1.33895403 0.69084619 0.0106965381 0 0 0
volume_proxy 1437 -0.33871341 -0.856673715 -0.00306605843 0 0 0
volume_proxy 1459 -0.707071975 -0.414472433 0.010352504 0 0 0
volume_proxy 1460 -0.770144358 0.381417999 -0.000573843243 0 0 0
volume_proxy 1461 -1.13455572 0.491978324 0.00449464844 0 0 0
volume_proxy 1472 -1.07128678 -0.247545116 -0.0101518182 0 0 0
volume_proxy 1474 1.09594589 0.0894141269 0.00226722358 0 0 0
volume_proxy 1481 -0.130221576 0.253426845 0.00268693611 0 0 0
volume_proxy 1482 0.652187351 0.436409531 -0.00041353491 0 0 0
volume_proxy 1485 0.887953958 -0.599226154 0.00274039953 0 0 0
volume_proxy 1489 0.211378131 -0.914781048 0.000377626597 0 0 0
volume_proxy 1490 0.876364407 0.510394112 -0.00655932586 0 0 0
volume_proxy 1496 -1.23837314 0.303315947 0.00331029203 0 0 0
volume_proxy 1498 -0.272776419 -0.358862595 0.00158002148 0 0 0
volume_proxy 1503 -1.38166823 -0.624622854 0.0031725218 0 0 0
volume_proxy 1506 0.452974279 0.598759378 0.00299886285 0 0 0
volume_proxy 1507 -0.407347271 -0.656255808 -0.00135361846 0 0 0
volume_proxy 1508 -0.81646211 -0.0270644538 0.00605370138 0 0 0
volume_proxy 1509 -1.28346019 -0.0161893052 -0.00740972289 0 0 0
volume_proxy 1513 -1.46625439 0.265905257 -0.0102828371 0 0 0
volume_proxy 1515 0.204281756 -0.728370696 0.00701823862 0 0 0
volume_proxy 1516 -0.185075833 -0.819081794 -0.0069901607 0 0 0
volume_proxy 1517 -1.16847949 -0.345123203 0.00719502131 0 0 0
volume_proxy 1519 0.477249759 0.234129655 -0.00216051517 0 0 0
volume_proxy 1520 0.0421598936 -0.574496741 -0.00205716141 0 0 0
volume_proxy 1521 -1.49231008 -0.91482503 7.73341911e-05 0 0 0
volume_proxy 1523 -0.251476601 -0.283687887 0.00737600218 0 0 0
volume_proxy 1525 -0.654512942 0.732421755 0.00775778411 0 0 0
volume_proxy 1526 1.47328061 -0.0451836376 -0.0102837669 0 0 0
volume_proxy 1528 1.20273924 -0.702843257 -0.000676347566 0 0 0
volume_proxy 1529 -0.950701081 0.0248109497 -0.0017403684 0 0 0
volume_proxy 1531 0.395601073 0.919646871 0.000851217401 0 0 0
volume_proxy 1533 0.865979059 0.19751417 -0.00154061415 0 0 0
volume_proxy 1534 -0.815317013 0.120149505 -0.00153363453 0 0 0
volume_proxy 1537 -0.736920661 -0.567483316 -0.00026315068 0 0 0
volume_proxy 1538 1.21649252 -0.306159261 -0.00390119281 0 0 0
volume_proxy 1539 0.374192867 0.830719705 -0.00992203147 0 0 0
volume_proxy 1540 1.36421113 0.103235356 -0.0104368357 0 0 0
volume_proxy 1541 -0.561482584 -0.865947764 -0.00165273149 0 0 0
