volume_proxy 0 1.09586145 0.0629201988 -0.000148732172 0 0 0
volume_proxy 4 1.33411592 0.666729975 0.00465746358 0 0 0
volume_proxy 5 -0.103861396 0.517595272 0.00182382982 0 0 0
volume_proxy 6 1.19364103 0.612019956 -0.00595802118 0 0 0
volume_proxy 11 -0.148394288 0.784533003 -0.00579827881 0 0 0
volume_proxy 12 0.654308274 -0.186576551 -0.00020485545 0 0 0
volume_proxy 14 0.679401259 0.437951286 0.0033156299 0 0 0
volume_proxy 15 -0.372006083 -0.866439219 -0.00459665167 0 0 0
volume_proxy 23 -0.641273814 0.0668203388 0.00908324484 0 0 0
volume_proxy 38 0.0884795779 0.0100352757 0.00515176172 0 0 0
volume_proxy 40 -0.147633013 -0.821319421 0.00737814791 0 0 0
volume_proxy 47 1.26045677 -0.342424687 -0.00145119433 0 0 0
volume_proxy 49 0.400287791 -0.837645364 0.00664816513 0 0 0
volume_proxy 50 -0.142273823 -0.669818408 0.00719580955 0 0 0
volume_proxy 52 -0.965549263 -0.390459759 0.00479982063 0 0 0
volume_proxy 53 0.129737112 -0.177392193 -0.00167978187 0 0 0
volume_proxy 57 -1.25805744 0.0531395848 -0.000695320053 0 0 0
volume_proxy 58 0.852323058 -0.859799844 -0.00221559856 0 0 0
volume_proxy 60 -0.325679397 0.748610112 0.0100833718 0 0 0
volume_proxy 61 -1.42588576 -0.338677835 0.0106740817 0 0 0
volume_proxy 69 -0.856812576 -0.214483419 0.00649133758 0 0 0
volume_proxy 72 0.466770416 0.0792362107 0.010252518 0 0 0
volume_proxy 81 -1.25643804 0.0545100935 0.00448326784 0 0 0
volume_proxy 85 -0.534259771 0.492081871 -0.00687169077 0 0 0
volume_proxy 88 -0.939198485 -0.147651539 0.000667239699 0 0 0
volume_proxy 97 1.27051865 -0.0368698824 -0.00379852499 0 0 0
volume_proxy 101 -0.924732375 0.580447954 0.00310464092 0 0 0
volume_proxy 102 0.334457504 -0.631219811 -0.00385980488 0 0 0
volume_proxy 105 -0.399948927 -0.741529894 0.00803796314 0 0 0
volume_proxy 106 -0.304147959 -0.771626525 -0.009090982 0 0 0
volume_proxy 107 0.387449846 0.629089228 -0.0105849519 0 0 0
volume_proxy 108 1.36103566 -0.607750016 -0.00824889276 0 0 0
volume_proxy 125 -0.955421026 -0.258612333 0.00325461111 0 0 0
volume_proxy 126 -0.110307577 -0.468725617 -0.00790850373 0 0 0
volume_proxy 127 0.223282117 0.318851841 -0.00445492938 0 0 0
volume_proxy 130 1.45698872 0.279146112 0.00231978983 0 0 0
volume_proxy 132 0.789307698 0.91230225 -0.00917402559 0 0 0
volume_proxy 135 0.741166883 -0.911963298 -0.00959122738 0 0 0
volume_proxy 140 -0.996144586 0.722135737 0.00801245602 0 0 0
volume_proxy 145 -0.614222518 -0.510467824 -0.0033019384 0 0 0
volume_proxy 149 -1.34219156 0.879335526 -0.00205635539 0 0 0
volume_proxy 157 0.869573777 0.490973505 -0.00435531951 0 0 0
volume_proxy 159 -1.06584179 -0.981333017 -0.00607278364 0 0 0
volume_proxy 161 -0.0516738863 0.44134368 -0.00868892179 0 0 0
volume_proxy 163 -1.42629761 -0.00997953985 -0.00501001178 0 0 0
volume_proxy 169 1.05693515 0.102477189 0.0082437331 0 0 0
volume_proxy 176 0.173928886 -0.14432726 0.00218800095 0 0 0
volume_proxy 178 -0.858785736 0.0322642868 -0.0107617946 0 0 0
volume_proxy 186 -0.388800473 0.23301764 -0.00273835784 0 0 0
volume_proxy 189 -0.756758092 0.124219604 0.00292068508 0 0 0
volume_proxy 194 0.0442333206 -0.610197967 -0.00443501791 0 0 0
volume_proxy 195 -0.580123584 0.435850609 0.00894881273 0 0 0
volume_proxy 196 0.660713376 0.355408927 -0.00552063213 0 0 0
volume_proxy 198 1.20711856 -0.733339598 0.000768387345 0 0 0
volume_proxy 200 -1.09128786 -0.221840483 0.00961834579 0 0 0
volume_proxy 201 -1.31617993 0.434015218 -0.00968822086 0 0 0
volume_proxy 202 -0.594871637 0.357381292 -0.00310346192 0 0 0
volume_proxy 208 -1.17153622 0.386194135 -0.00654358708 0 0 0
volume_proxy 209 -0.828694361 -0.189185098 0.00899163368 0 0 0
volume_proxy 210 -0.0747939353 -0.043847751 0.00949936799 0 0 0
volume_proxy 213 -0.506524183 0.1593038 -0.00122968198 0 0 0
volume_proxy 223 -1.17150173 0.473829958 0.00593347606 0 0 0
volume_proxy 224 1.39066286 -0.823434679 -0.00593644881 0 0 0
volume_proxy 226 -0.727260539 -0.854734918 -0.00433312485 0 0 0
volume_proxy 228 -0.052573436 0.513406304 0.00422807827 0 0 0
volume_proxy 230 0.691143248 0.740492672 0.00900420381 0 0 0
volume_proxy 232 0.606676014 0.246145355 0.0035255545 0 0 0
volume_proxy 236 0.6971144 -0.0343914038 0.00612859853 0 0 0
volume_proxy 237 0.368450157 0.85360996 0.00968717395 0 0 0
volume_proxy 242 1.08038332 0.492141855 -0.00854681109 0 0 0
volume_proxy 244 0.804683621 0.707868221 0.00021337804 0 0 0
volume_proxy 247 0.913905726 -0.287188107 0.00249463263 0 0 0
volume_proxy 251 0.412899686 0.437905891 -0.00249942415 0 0 0
volume_proxy 256 0.662754699 -0.363467295 0.00651913876 0 0 0
volume_proxy 257 -0.151903344 0.362660172 -0.00763085796 0 0 0
volume_proxy 258 0.467420221 -0.0707509207 0.00931798719 0 0 0
volume_proxy 259 0.55663901 0.446519919 -0.00785318428 0 0 0
volume_proxy 269 1.12109442 0.367887128 0.00115814369 0 0 0
volume_proxy 271 -1.30752166 0.789416416 -0.0105831964 0 0 0
volume_proxy 273 1.4976103 0.509528656 -0.00945001659 0 0 0
volume_proxy 276 0.289543377 0.432118268 -0.00517314714 0 0 0
volume_proxy 277 -0.475781063 -0.71796305 0.00491453045 0 0 0
volume_proxy 279 -0.244558599 -0.485457573 -0.00679938865 0 0 0
volume_proxy 281 -1.37871176 0.845715243 0.00797125415 0 0 0
volume_proxy 284 -0.70300239 0.636152025 -0.00831884095 0 0 0
volume_proxy 285 -0.685397586 -0.63483188 0.00884588126 0 0 0
volume_proxy 294 0.0677643593 0.654929712 -0.00333145846 0 0 0
volume_proxy 296 0.328045838 -0.530727134 0.00846514593 0 0 0
volume_proxy 297 1.20304538 0.136859152 0.00288908512 0 0 0
volume_proxy 298 0.988129782 -0.668411028 0.00771783614 0 0 0
volume_proxy 305 0.0218668854 -0.0997028417 -0.00377193219 0 0 0
volume_proxy 309 1.17200973 0.514098716 -0.00947619166 0 0 0
volume_proxy 310 0.855146486 0.242937074 -0.00645799021 0 0 0
volume_proxy 311 0.433594499 -0.972873188 0.00377579098 0 0 0
volume_proxy 314 -0.183196294 0.242283192 0.0080863404 0 0 0
volume_proxy 315 -0.148488519 0.0796608254 -0.00305568883 0 0 0
volume_proxy 319 0.110277556 -0.865181166 -0.00818862898 0 0 0
volume_proxy 321 -0.00750680482 -0.880445289 -0.00814282327 0 0 0
volume_proxy 329 -0.403462672 0.720931697 -0.00411429543 0 0 0
volume_proxy 335 -1.38191243 -0.295388983 0.0045105371 0 0 0
volume_proxy 337 -0.777010678 0.304154403 0.00172620776 0 0 0
volume_proxy 339 -0.354113751 -0.473980346 -0.00761011893 0 0 0
volume_proxy 343 -0.195168765 0.620058511 0.00396301257 0 0 0
volume_proxy 344 0.668837521 0.621423701 -0.00587334925 0 0 0
volume_proxy 345 -0.698478793 -0.0759471418 0.00654640159 0 0 0
volume_proxy 347 -0.000161182748 -0.183476528 0.00939788878 0 0 0
volume_proxy 349 0.440986139 -0.0557777232 0.00502835417 0 0 0
volume_proxy 356 0.521577443 0.802919055 0.0104396594 0 0 0
volume_proxy 358 1.35134028 0.763769522 0.00595508333 0 0 0
volume_proxy 370 1.38847043 0.575897454 -0.00643245605 0 0 0
volume_proxy 375 0.650950861 0.0119711336 0.00856439337 0 0 0
volume_proxy 377 0.401996703 0.237041581 -0.00574203264 0 0 0
volume_proxy 380 -0.629712337 -0.412145997 -0.00520097312 0 0 0
volume_proxy 383 0.890404174 -0.870397958 0.00209401284 0 0 0
volume_proxy 384 -0.372680159 0.884896892 0.00877653937 0 0 0
volume_proxy 388 -1.41993959 -0.118345733 0.000680091826 0 0 0
volume_proxy 393 1.20801196 0.0940154387 0.00885088386 0 0 0
volume_proxy 396 -0.722763326 0.934554983 -0.000279317875 0 0 0
volume_proxy 397 0.723328658 0.0979695052 -0.0072482368 0 0 0
volume_proxy 399 1.08513685 -0.8899204 0.00817821433 0 0 0
volume_proxy 402 -0.538593393 -0.767982675 -0.00329954186 0 0 0
volume_proxy 409 -0.610723662 -0.600713535 0.00738335615 0 0 0
volume_proxy 412 1.27832382 -0.693289345 -0.00427046723 0 0 0
volume_proxy 418 -0.762161854 0.0785979443 0.0102789538 0 0 0
volume_proxy 431 -1.1790012 -0.618604677 -0.00503297796 0 0 0
volume_proxy 463 -0.144542162 -0.884875771 -0.00166810789 0 0 0
volume_proxy 497 -1.02579258 -0.875319445 0.010470329 0 0 0
volume_proxy 502 1.4958295 -0.498419589 -0.00523304366 0 0 0
volume_proxy 512 0.152026706 -0.85187303 0.00257587474 0 0 0
volume_proxy 513 0.583676364 -0.00938454156 0.00695373537 0 0 0
volume_proxy 518 1.48174601 -0.725973541 0.00943877796 0 0 0
volume_proxy 547 1.15251979 0.884184248 0.00399464912 0 0 0
volume_proxy 549 0.105707539 -0.594681739 0.00566889602 0 0 0
volume_proxy 572 0.1991251 -0.322748116 0.00212354685 0 0 0
volume_proxy 578 -0.896081829 0.94112613 -0.00982451593 0 0 0
volume_proxy 581 1.36160249 0.808283339 -0.00979757886 0 0 0
volume_proxy 591 -0.73382835 0.436372091 0.0101374619 0 0 0
volume_proxy 594 -1.02131225 0.365619293 -0.00959159427 0 0 0
volume_proxy 615 0.963062855 -0.237010834 0.0102883793 0 0 0
volume_proxy 616 1.39095432 0.283123321 -0.00586604754 0 0 0
volume_proxy 637 -1.42582409 -0.934747405 -0.00309123337 0 0 0
volume_proxy 647 -0.148939824 0.995834247 0.0104781398 0 0 0
volume_proxy 669 1.41838349 -0.271404505 0.00197157463 0 0 0
volume_proxy 682 -0.10437001 0.456866741 0.00864247777 0 0 0
volume_proxy 698 -0.53271965 0.794825186 -0.00123266243 0 0 0
volume_proxy 702 -0.126952825 -0.0321701509 0.00704743886 0 0 0
volume_proxy 703 -0.891143574 -0.0834359406 0.0100981407 0 0 0
volume_proxy 722 0.52351053 0.51844461 0.0033425437 0 0 0
volume_proxy 725 -1.47564682 -0.873832819 0.00435355052 0 0 0
volume_proxy 751 0.123756603 -0.345194582 0.0101236124 0 0 0
volume_proxy 757 0.0886167679 0.332000779 0.00473444074 0 0 0
volume_proxy 797 -1.23428298 -0.340333605 -0.00746988608 0 0 0
volume_proxy 800 -0.914939845 0.861003189 0.00575701563 0 0 0
volume_proxy 802 0.855144799 0.098031056 0.0068691639 0 0 0
volume_proxy 810 1.09336308 -0.0732802875 0.00942340633 0 0 0
volume_proxy 811 0.641152626 0.565608376 -0.00610715642 0 0 0
volume_proxy 812 0.873141418 0.538981804 -0.00966697188 0 0 0
volume_proxy 814 1.07294791 -0.306157101 0.00985112527 0 0 0
volume_proxy 822 -0.119348539 -0.982108293 -0.00900759585 0 0 0
volume_proxy 833 -0.313206574 0.162104468 -0.00901137739 0 0 0
volume_proxy 835 -0.351128742 -0.929757994 -0.000683563674 0 0 0
volume_proxy 846 1.30495765 0.0894535233 0.00942508608 0 0 0
volume_proxy 848 -1.03663969 -0.199235408 -0.00593984555 0 0 0
volume_proxy 854 -0.643737333 0.980773351 -0.00331021448 0 0 0
volume_proxy 856 1.26642887 0.409567501 0.00148810916 0 0 0
volume_proxy 869 1.35999689 0.72381397 -0.0104512733 0 0 0
volume_proxy 876 -0.0199264531 -0.721124337 -0.00153175694 0 0 0
volume_proxy 878 1.43818506 -0.50141928 0.0104300876 0 0 0
volume_proxy 883 0.327629174 0.857479873 0.00260393458 0 0 0
volume_proxy 889 -1.38202043 0.592767129 0.00354188039 0 0 0
volume_proxy 896 1.38837258 0.722628824 0.0045324544 0 0 0
volume_proxy 902 0.0678514275 0.331797372 0.00159802443 0 0 0
volume_proxy 903 0.353515024 0.764045993 -0.000303142093 0 0 0
volume_proxy 904 -0.944920308 0.377899411 0.0031050766 0 0 0
volume_proxy 906 0.813427861 0.722178429 0.00389248447 0 0 0
volume_proxy 912 1.3239228 -0.00947344351 0.0070725012 0 0 0
volume_proxy 914 0.0406191017 -0.943948707 0.00267429611 0 0 0
volume_proxy 915 -0.506378934 0.00809248117 -0.000228935113 0 0 0
volume_proxy 926 -0.185598735 0.273960263 0.00372761618 0 0 0
volume_proxy 929 -0.632691424 -0.789649837 -0.0092751794 0 0 0
volume_proxy 935 -1.33364524 0.372344033 -0.00317957274 0 0 0
volume_proxy 944 0.666818909 -0.990146219 -0.000597036874 0 0 0
volume_proxy 945 -0.495211804 0.947854281 -0.0107809527 0 0 0
volume_proxy 948 -0.19539191 -0.0522824396 0.00381872208 0 0 0
volume_proxy 963 -0.572841579 0.675346415 -0.00915959679 0 0 0
volume_proxy 966 -0.415769394 0.801177015 -0.00263059402 0 0 0
volume_proxy 969 -0.6551126 -0.134288793 0.00439216826 0 0 0
volume_proxy 974 0.408366689 -0.670180363 0.00422810279 0 0 0
volume_proxy 977 -1.21839613 -0.365120236 0.0103129305 0 0 0
volume_proxy 979 -0.224660088 0.725974852 0.00981313671 0 0 0
volume_proxy 981 -0.352896873 -0.0806573758 -0.00684792169 0 0 0
volume_proxy 983 1.11086257 -0.24804031 0.00682710596 0 0 0
volume_proxy 991 -0.586320528 -0.321346303 0.0105045532 0 0 0
volume_proxy 992 0.0900739787 0.192449174 -0.00914075235 0 0 0
volume_proxy 997 1.12737071 -0.0247711402 0.00707956708 0 0 0
volume_proxy 1001 0.598105837 0.915597192 0.00194915921 0 0 0
volume_proxy 1007 -1.18246308 -0.659481998 -0.00231794315 0 0 0
volume_proxy 1008 0.271008922 -0.483769882 -0.00586024701 0 0 0
volume_proxy 1012 0.746951244 -0.135060897 -0.00564459685 0 0 0
volume_proxy 1016 0.998638131 -0.960728605 0.00675978605 0 0 0
volume_proxy 1018 -1.12626028 -0.733774197 -0.0074261904 0 0 0
volume_proxy 1019 -0.764801237 -0.967799448 -0.00288590189 0 0 0
volume_proxy 1020 -0.990293755 0.654783882 -0.00958383318 0 0 0
volume_proxy 1021 -1.02962052 -0.729031478 -0.00784294814 0 0 0
volume_proxy 1023 0.867407151 0.182360593 0.00342956845 0 0 0
volume_proxy 1024 0.926244168 0.742760809 -0.00546755544 0 0 0
volume_proxy 1028 -1.44337552 -0.873976002 -0.00545712312 0 0 0
volume_proxy 1030 0.520218136 0.322023444 -0.0012870632 0 0 0
volume_proxy 1031 1.14946941 -0.528271455 0.00369298437 0 0 0
volume_proxy 1032 1.43573397 0.386919184 -0.00175556152 0 0 0
volume_proxy 1033 1.1027231 0.961772387 -0.000460784001 0 0 0
volume_proxy 1035 0.475883718 -0.572297845 0.00120386445 0 0 0
volume_proxy 1036 0.877501549 -0.0684698431 -0.00601456527 0 0 0
volume_proxy 1040 -0.79867067 -0.991909518 0.00496349848 0 0 0
volume_proxy 1042 0.955218925 0.377613885 0.00829012657 0 0 0
volume_proxy 1050 -0.705576482 -0.604709334 -0.00763580459 0 0 0
volume_proxy 1052 -0.714711824 -0.0103723185 0.00645023932 0 0 0
volume_proxy 1053 -0.415287801 -0.880762218 -0.00529888642 0 0 0
volume_proxy 1056 -1.48642263 0.998684286 0.00101019406 0 0 0
volume_proxy 1057 0.0946760195 -0.609096761 0.00230246089 0 0 0
volume_proxy 1061 -0.558076201 -0.308408398 0.00694294673 0 0 0
volume_proxy 1062 0.6143173 0.382117799 -0.000337295486 0 0 0
volume_proxy 1065 -1.42052753 -0.609334512 0.00584482694 0 0 0
volume_proxy 1066 0.853859251 0.130645205 0.008098653 0 0 0
volume_proxy 1067 0.852167194 -0.354819223 0.00103597438 0 0 0
volume_proxy 1069 -0.846156989 0.0270493801 -0.00475221648 0 0 0
volume_proxy 1070 -1.27529883 0.585968115 -0.0105584526 0 0 0
volume_proxy 1075 -0.532413515 0.220584426 0.00364490554 0 0 0
volume_proxy 1077 -1.03222841 0.879630183 -0.00628406532 0 0 0
volume_proxy 1078 -1.19476328 0.858009884 -0.00879822839 0 0 0
volume_proxy 1079 0.000712865907 -0.247908934 -0.0102265606 0 0 0
volume_proxy 1085 0.123706296 -0.307360801 0.000110645108 0 0 0
volume_proxy 1086 0.842120356 -0.64297431 -0.00172204798 0 0 0
volume_proxy 1089 -0.7976563 0.691219145 -0.00509299648 0 0 0
volume_proxy 1091 0.234638841 0.165448876 0.0017979909 0 0 0
volume_proxy 1093 0.00424462606 -0.721334196 -0.0104629163 0 0 0
volume_proxy 1094 -1.41909463 0.736654086 0.00100438382 0 0 0
volume_proxy 1096 0.352554097 0.50066625 -0.00615746383 0 0 0
volume_proxy 1098 0.500466697 0.410034802 0.00563205247 0 0 0
volume_proxy 1102 1.17125129 0.556021968 -0.0105873141 0 0 0
volume_proxy 1106 0.722438415 -0.607294706 0.00230787927 0 0 0
volume_proxy 1108 1.21525514 0.581980515 -0.00487103792 0 0 0
volume_proxy 1109 1.16853062 -0.971639357 0.00739973829 0 0 0
volume_proxy 1110 0.858773364 -0.941287709 0.000475173921 0 0 0
volume_proxy 1112 -0.697039444 0.947739695 0.00305538997 0 0 0
volume_proxy 1113 1.16931256 0.237940031 0.00437088497 0 0 0
volume_proxy 1114 -1.01446317 0.33042016 -0.00111449842 0 0 0
volume_proxy 1117 0.644211719 -0.296851613 -0.00339925643 0 0 0
volume_proxy 1118 0.263716926 -0.486280646 0.00233109034 0 0 0
volume_proxy 1119 -1.23385002 0.287065813 -0.00763693281 0 0 0
volume_proxy 1120 -0.0973071672 0.234512359 0.00412358095 0 0 0
volume_proxy 1123 -1.39515616 0.828892428 0.00718929391 0 0 0
volume_proxy 1127 0.469233568 0.563776328 -0.00346689074 0 0 0
volume_proxy 1129 0.978016292 0.789067352 0.00250644113 0 0 0
volume_proxy 1130 -0.581868166 0.208824825 -0.00950251185 0 0 0
volume_proxy 1131 -1.11922562 0.317678217 0.00902612973 0 0 0
volume_proxy 1132 0.522118561 0.233432912 -0.00313394816 0 0 0
volume_proxy 1133 1.32684042 -0.626315918 0.00898395269 0 0 0
volume_proxy 1134 0.942698218 0.74660958 0.0086381239 0 0 0
volume_proxy 1137 -0.80333681 0.0355151684 0.00676662111 0 0 0
volume_proxy 1138 1.34418585 -0.559947532 0.0107909974 0 0 0
volume_proxy 1139 1.25414786 -0.992191972 0.00876108654 0 0 0
volume_proxy 1143 -0.471624142 0.0614832735 0.00424938504 0 0 0
volume_proxy 1144 0.191113138 -0.887386675 -0.00506845711 0 0 0
volume_proxy 1145 -0.751493037 -0.927223455 0.0010157801 0 0 0
volume_proxy 1146 -0.158761347 0.303108083 0.00444389175 0 0 0
volume_proxy 1147 0.0218157093 0.344923181 0.00802319031 0 0 0
volume_proxy 1148 -0.175083734 -0.219906118 -0.00456644119 0 0 0
volume_proxy 1149 -0.666880821 0.454164687 -0.00210214086 0 0 0
volume_proxy 1150 -0.270637473 -0.656487688 -0.0107251356 0 0 0
volume_proxy 1151 0.805936462 -0.797654764 0.00960300939 0 0 0
volume_proxy 1152 0.0556775827 0.484512576 0.00690676991 0 0 0
volume_proxy 1157 -0.329464111 0.192983983 -0.00556267244 0 0 0
volume_proxy 1159 -0.445796175 0.977523932 0.00941885958 0 0 0
volume_proxy 1160 -0.270922992 0.672519257 0.00949687449 0 0 0
volume_proxy 1161 0.74759883 -0.878472123 -0.00999246143 0 0 0
volume_proxy 1163 1.06329105 0.0683940425 -0.0059038745 0 0 0
volume_proxy 1165 -0.495516619 -0.987147676 -0.00781389289 0 0 0
volume_proxy 1166 -1.46263364 0.37983774 -0.0101522155 0 0 0
volume_proxy 1167 -1.42671652 0.326135758 0.00178310545 0 0 0
volume_proxy 1168 0.0696473055 -0.195595844 0.00320626574 0 0 0
volume_proxy 1169 1.48272183 -0.454416745 0.00246086507 0 0 0
volume_proxy 1170 -1.34742854 0.0465885855 0.00616062947 0 0 0
volume_proxy 1171 -0.519982535 0.16644678 0.0071816092 0 0 0
volume_proxy 1172 -0.372837088 0.316453406 -0.0028940463 0 0 0
volume_proxy 1174 0.330359987 -0.0888519868 -0.000646168505 0 0 0
volume_proxy 1175 -0.420204665 -0.756192511 0.00682779702 0 0 0
volume_proxy 1177 0.994249163 -0.0223650257 0.00845800954 0 0 0
volume_proxy 1178 -0.420371606 0.655950528 0.00559076349 0 0 0
volume_proxy 1179 0.494292314 0.567696306 0.00123395256 0 0 0
volume_proxy 1180 -1.10221919 0.440341196 0.00697734794 0 0 0
volume_proxy 1181 -1.13439865 0.77182155 0.00951692927 0 0 0
volume_proxy 1182 0.545389222 0.92433424 -0.00185424362 0 0 0
volume_proxy 1183 0.729729808 -0.685778772 -0.00895346745 0 0 0
volume_proxy 1184 1.4831558 0.57960653 -0.00885180765 0 0 0
volume_proxy 1185 -0.0856061562 0.0733504243 0.00303569944 0 0 0
volume_proxy 1186 -0.378415968 -0.459771852 0.00394939838 0 0 0
volume_proxy 1187 0.900491162 0.767985491 0.000855604764 0 0 0
volume_proxy 1188 -0.178772278 0.0909320222 0.00414724141 0 0 0
volume_proxy 1191 1.36048955 0.815112864 -0.0017942455 0 0 0
volume_proxy 1193 -0.804216177 0.127291568 -0.00402443061 0 0 0
volume_proxy 1194 -1.02279811 -0.658585235 0.00512900876 0 0 0
volume_proxy 1195 -1.13281542 -0.57923188 -0.00387142912 0 0 0
volume_proxy 1196 -0.776607373 -0.409940909 0.00674163086 0 0 0
volume_proxy 1197 -1.08219788 -0.890117441 0.00223021646 0 0 0
volume_proxy 1198 0.0266038191 0.217631819 0.00335704341 0 0 0
volume_proxy 1199 0.0983343985 0.121770424 -0.00825173193 0 0 0
volume_proxy 1201 -0.653883685 0.446988596 8.89268102e-05 0 0 0
volume_proxy 1202 -1.14818718 -0.916116903 -0.00164083075 0 0 0
volume_proxy 1204 0.0667825277 -0.323302905 -0.0060428226 0 0 0
volume_proxy 1205 1.38440633 0.5643673 0.00499898915 0 0 0
volume_proxy 1206 1.2698461 0.492356624 -0.0020394708 0 0 0
volume_proxy 1208 -0.0765604103 -0.0935471661 0.0089772179 0 0 0
volume_proxy 1209 -1.48923564 0.470054719 0.00477572991 0 0 0
volume_proxy 1210 -1.48301303 0.462427729 -0.00128679746 0 0 0
volume_proxy 1213 -0.533850947 -0.178659423 -0.00492203874 0 0 0
