volume_proxy 0 -0.0150902309 0.414826052 0.00408700193 0 0 0
volume_proxy 5 0.906853518 -0.559707459 0.00648611061 0 0 0
volume_proxy 6 -0.0645014405 -0.240316669 0.000686303172 0 0 0
volume_proxy 11 1.39918353 0.630212812 0.0040318538 0 0 0
volume_proxy 12 0.600719676 -0.396470611 -0.00441554804 0 0 0
volume_proxy 14 -0.663437528 0.905121034 -0.00987300568 0 0 0
volume_proxy 23 1.34423166 -0.975212191 -0.00829564986 0 0 0
volume_proxy 38 0.141467278 -0.47616802 -0.00678038661 0 0 0
volume_proxy 40 -0.810416863 -0.283147507 -0.00153376925 0 0 0
volume_proxy 50 -0.572894152 -0.416614933 -0.0045211919 0 0 0
volume_proxy 53 -1.15217859 0.617069272 0.00449148741 0 0 0
volume_proxy 58 0.982685655 -0.876581889 0.00497471266 0 0 0
volume_proxy 60 0.1606105 0.451155246 -0.00925660781 0 0 0
volume_proxy 85 -0.871280449 0.603586494 -0.00695066227 0 0 0
volume_proxy 97 1.00117226 0.736509874 -0.00482742056 0 0 0
volume_proxy 107 1.47466392 -0.147916657 -0.00527836106 0 0 0
volume_proxy 127 -1.27037277 -0.437257967 0.00806490041 0 0 0
volume_proxy 130 0.68298644 0.838213556 -0.00445868867 0 0 0
volume_proxy 140 -0.790425793 0.979307403 -0.0104479546 0 0 0
volume_proxy 157 0.83893285 0.720960802 0.00367635362 0 0 0
volume_proxy 159 1.12000031 0.108257839 -0.00882643364 0 0 0
volume_proxy 161 0.898517724 0.933637584 -0.00289728881 0 0 0
volume_proxy 176 0.831526223 -0.0742706719 -0.000276947238 0 0 0
volume_proxy 186 -1.33987644 -0.200755985 0.00792416845 0 0 0
volume_proxy 189 -0.95215935 0.8372307 0.00497545118 0 0 0
volume_proxy 195 -0.570857298 -0.0881684552 -0.00704033297 0 0 0
volume_proxy 196 0.92406598 0.0679419419 0.00734856322 0 0 0
volume_proxy 200 -0.20935253 -0.697692227 -0.00900137758 0 0 0
volume_proxy 202 0.136108901 0.703884644 0.00514055755 0 0 0
volume_proxy 209 -1.23189843 -0.399275793 -0.00796134881 0 0 0
volume_proxy 210 -0.419625079 0.729230891 -0.00629135464 0 0 0
volume_proxy 226 0.411678755 -0.315594431 -0.00687100399 0 0 0
volume_proxy 236 0.79471042 0.218583859 -0.00309207193 0 0 0
volume_proxy 247 0.629540266 0.732944222 0.00423459539 0 0 0
volume_proxy 256 -1.23976967 0.75004936 -0.00726622484 0 0 0
volume_proxy 259 0.967951753 0.265452706 -0.00468170992 0 0 0
volume_proxy 269 -0.981194723 -0.171480452 -0.00320764974 0 0 0
volume_proxy 277 -0.964519354 0.172608629 0.00945762062 0 0 0
volume_proxy 296 -1.16934174 0.351623811 0.00507469522 0 0 0
volume_proxy 305 1.25821791 -0.459841894 -0.00387421878 0 0 0
volume_proxy 310 -0.039306651 -0.895501535 -0.00483952921 0 0 0
volume_proxy 344 -1.11884328 0.662436185 -0.00206391441 0 0 0
volume_proxy 347 -0.0344422904 0.989249341 -0.0047863399 0 0 0
volume_proxy 356 -0.820946772 0.455059614 -0.00403936415 0 0 0
volume_proxy 375 0.964742164 -0.967702325 -0.00567571453 0 0 0
volume_proxy 388 0.776831365 -0.324685158 -0.00866430686 0 0 0
volume_proxy 802 1.46765463 -0.226331521 -0.00244961603 0 0 0
volume_proxy 1052 -1.1526414 -0.602883581 -0.00335326309 0 0 0
volume_proxy 1066 -0.72073744 0.240556955 0.000731478088 0 0 0
volume_proxy 1120 -0.281648622 0.506737893 -0.00489581 0 0 0
volume_proxy 1166 -0.788633827 0.392405678 0.00835878658 0 0 0
volume_proxy 1169 1.08166156 -0.939860784 -0.00996349402 0 0 0
volume_proxy 1193 -1.28822067 -0.480235972 -0.00215166924 0 0 0
volume_proxy 1225 -0.466834072 -0.419912296 -0.00521762112 0 0 0
volume_proxy 1245 -1.35750669 -0.279820252 -6.92621063e-05 0 0 0
volume_proxy 1280 -0.771381559 0.904510927 0.00595256499 0 0 0
volume_proxy 1285 -1.32208163 0.115985479 -0.00156102066 0 0 0
volume_proxy 1295 -0.351950932 0.0271691698 0.00498770896 0 0 0
volume_proxy 1296 0.364865391 -0.592342934 -0.0106318218 0 0 0
volume_proxy 1340 0.677702607 0.731033528 0.00232699009 0 0 0
volume_proxy 1380 -0.2643515 0.742679247 -0.0101113163 0 0 0
volume_proxy 1386 0.821331044 0.287242026 0.00245167127 0 0 0
volume_proxy 1397 1.31036567 0.830056656 0.0039542408 0 0 0
volume_proxy 1409 0.28427974 0.997945084 -0.0076758863 0 0 0
volume_proxy 1413 1.11514467 0.712368933 0.00689489307 0 0 0
volume_proxy 1422 0.356609007 -0.351118395 0.00435108058 0 0 0
volume_proxy 1433 0.93012011 0.868285763 0.00302635468 0 0 0
volume_proxy 1434 -0.0555117975 -0.973343872 -0.00853162024 0 0 0
volume_proxy 1437 0.0193986356 -0.0387876236 0.00714870233 0 0 0
volume_proxy 1439 0.197082742 0.829761685 -0.00625607418 0 0 0
volume_proxy 1447 0.935672345 -0.377814742 -0.00135618466 0 0 0
volume_proxy 1459 -0.901996668 0.454523539 -0.00836595272 0 0 0
volume_proxy 1460 0.290865743 0.217606941 -0.00667995016 0 0 0
volume_proxy 1461 -0.9954065 0.719895915 -0.00895966254 0 0 0
volume_proxy 1466 -0.430561965 -0.0313220435 0.00989847626 0 0 0
volume_proxy 1472 -0.765207533 0.432831626 0.0106774022 0 0 0
volume_proxy 1474 0.73531019 -0.795429496 0.00806666418 0 0 0
volume_proxy 1481 0.834448122 0.50999067 -0.00660171277 0 0 0
volume_proxy 1482 1.15987442 0.170963368 -0.00245581223 0 0 0
volume_proxy 1485 0.476868292 -0.567797509 0.0106434003 0 0 0
volume_proxy 1489 -0.0126259099 -0.500406396 -0.000367193995 0 0 0
volume_proxy 1490 1.31008904 0.903342261 0.0060202678 0 0 0
volume_proxy 1492 0.475755843 0.368938694 0.00827397375 0 0 0
volume_proxy 1493 0.668226695 0.486844581 -0.00778467677 0 0 0
volume_proxy 1494 1.13761481 -0.140151518 0.00852122831 0 0 0
volume_proxy 1496 -0.986182472 0.45360663 0.00367061014 0 0 0
volume_proxy 1498 -0.25638718 0.258891888 0.00729389819 0 0 0
volume_proxy 1501 -0.501230204 -0.749034556 -0.00157821106 0 0 0
volume_proxy 1503 0.235243058 0.0474787184 -0.00119700273 0 0 0
volume_proxy 1506 0.193313843 0.894392128 -0.00820227582 0 0 0
volume_proxy 1507 -1.05820747 -0.427026003 0.00598244784 0 0 0
volume_proxy 1508 -0.748463386 -0.627839564 0.00939970803 0 0 0
volume_proxy 1509 -1.46826209 0.741039242 0.00924921415 0 0 0
volume_proxy 1510 0.197659467 -0.833487355 0.00361889603 0 0 0
volume_proxy 1511 1.41541939 0.320326731 0.00660747576 0 0 0
volume_proxy 1513 -1.40899243 0.47852592 -0.00244814395 0 0 0
volume_proxy 1515 0.896348986 0.0135396673 0.00643592158 0 0 0
volume_proxy 1516 -0.270299946 -0.967892906 -0.00912716625 0 0 0
volume_proxy 1517 -0.897740813 -0.490892471 -0.000575527195 0 0 0
volume_proxy 1519 0.345798148 -0.365520786 -0.00240724449 0 0 0
volume_proxy 1520 0.412787506 -0.179942119 0.00631951948 0 0 0
volume_proxy 1521 -0.450185455 -0.0562897625 0.00399796649 0 0 0
volume_proxy 1522 0.530589608 0.543783755 -0.00109334018 0 0 0
volume_proxy 1523 1.38491149 -0.130478339 -0.00199733327 0 0 0
volume_proxy 1525 -1.04159581 0.857783697 -0.00234244412 0 0 0
volume_proxy 1526 1.07773496 -0.24518423 -0.00779029577 0 0 0
volume_proxy 1528 0.488427253 -0.454703251 0.00187928691 0 0 0
volume_proxy 1529 -0.945097399 0.00872944583 0.00702740159 0 0 0
volume_proxy 1530 -0.787955469 -0.186288382 -0.00925119885 0 0 0
