volume_proxy 0 0.496853601 0.562818999 0.0100760647 0 0 0
volume_proxy 5 1.20085256 -0.490952582 -0.00694245837 0 0 0
volume_proxy 6 -0.414839257 0.372459214 0.00528438381 0 0 0
volume_proxy 11 1.33480365 0.714474862 0.00371108085 0 0 0
volume_proxy 12 0.316793868 -0.722417569 0.00654950709 0 0 0
volume_proxy 14 -0.923215846 0.633056757 -0.00330661928 0 0 0
volume_proxy 23 1.48697374 -0.939410922 -0.00679427202 0 0 0
volume_proxy 38 0.461651137 0.0295811494 -0.00605913399 0 0 0
volume_proxy 40 -0.0188433712 -0.821086089 -0.0068903982 0 0 0
volume_proxy 50 -0.910205965 0.008275972 0.00796713652 0 0 0
volume_proxy 53 -0.472752501 0.533016575 0.00472142297 0 0 0
volume_proxy 58 1.07675611 -0.896091541 0.0101106344 0 0 0
volume_proxy 60 0.775222859 0.790158257 -0.00306892444 0 0 0
volume_proxy 85 -0.721166755 0.498827993 0.00623688049 0 0 0
volume_proxy 97 1.09419153 0.460101469 -0.000648229393 0 0 0
volume_proxy 107 0.899589141 -0.173681548 0.00526386713 0 0 0
volume_proxy 127 -1.41109089 -0.272290607 -0.00305574818 0 0 0
volume_proxy 130 0.756716072 0.693876973 -0.0057283804 0 0 0
volume_proxy 140 -0.663694674 0.959148487 -0.00591566973 0 0 0
volume_proxy 157 0.98413651 0.506208513 0.00248630275 0 0 0
volume_proxy 159 0.657259655 0.922042482 0.00784924075 0 0 0
volume_proxy 161 0.574360619 0.652647609 0.00545279119 0 0 0
volume_proxy 176 1.01214657 -0.447200987 -0.000359722343 0 0 0
volume_proxy 186 -1.15850934 -0.214983114 -0.00239246351 0 0 0
volume_proxy 189 -0.782091584 0.581418707 0.00194881672 0 0 0
volume_proxy 195 -0.0378919647 -0.0700557888 -0.00552111165 0 0 0
volume_proxy 196 0.635199072 0.315055747 0.00660473118 0 0 0
volume_proxy 200 -0.393086733 -0.767419446 0.00638755704 0 0 0
volume_proxy 202 0.22599378 0.810807378 -0.00234930287 0 0 0
volume_proxy 209 -0.850694453 -0.0905513223 0.00652308324 0 0 0
volume_proxy 210 -0.0544202559 0.519756582 0.000373898004 0 0 0
volume_proxy 226 0.45414719 -0.413768374 0.00349434205 0 0 0
volume_proxy 236 0.544723579 0.485708373 0.00658990865 0 0 0
volume_proxy 247 1.12430969 0.992778715 0.00443403957 0 0 0
volume_proxy 256 -1.39584959 0.703134181 -0.00821577385 0 0 0
volume_proxy 259 0.310390204 0.531414284 0.002759835 0 0 0
volume_proxy 269 -0.976708033 -0.395020623 0.00433634962 0 0 0
volume_proxy 277 -1.32213813 -0.281991325 0.00298663142 0 0 0
volume_proxy 296 -1.24283062 -0.370027573 0.00195084824 0 0 0
volume_proxy 305 1.0453869 -0.301837298 0.00983090826 0 0 0
volume_proxy 310 -0.549821029 -0.823623184 -0.00121817853 0 0 0
volume_proxy 344 -1.43417295 0.363628164 0.00635111083 0 0 0
volume_proxy 347 0.0601589024 0.32086511 -0.010416348 0 0 0
volume_proxy 356 -0.419968382 0.921168092 0.0038066514 0 0 0
volume_proxy 375 0.832200856 -0.647619648 -0.00271688783 0 0 0
volume_proxy 388 0.489264461 0.103669539 0.0013034681 0 0 0
volume_proxy 802 1.24306518 -0.526524879 0.00671993275 0 0 0
volume_proxy 1052 -0.966533134 -0.667822576 -0.00513975601 0 0 0
volume_proxy 1066 -0.270927335 -0.117917434 0.000928418502 0 0 0
volume_proxy 1120 -0.139984151 -0.096380976 -0.0077543335 0 0 0
volume_proxy 1166 -0.442456993 0.113286052 -0.00837012568 0 0 0
volume_proxy 1169 1.07399681 -0.904511864 -0.0066177417 0 0 0
volume_proxy 1193 -1.22549652 -0.393742352 0.00432208616 0 0 0
volume_proxy 1225 -0.432612557 -0.07886879 -0.00200446276 0 0 0
volume_proxy 1245 -1.35891932 0.0616001168 -0.00760441171 0 0 0
volume_proxy 1280 -0.96865133 0.726424975 -0.0100472454 0 0 0
volume_proxy 1285 -1.14523549 -0.428078122 0.00804105217 0 0 0
volume_proxy 1295 -0.627594511 0.232616559 -0.00582671009 0 0 0
volume_proxy 1296 0.348245146 -0.340567975 -0.000264843452 0 0 0
volume_proxy 1340 1.17515605 0.612604898 -0.0038543405 0 0 0
volume_proxy 1380 0.28665828 0.927532936 -0.00592696853 0 0 0
volume_proxy 1386 0.411094416 0.166613162 0.00299002062 0 0 0
volume_proxy 1397 0.906114264 0.809287346 0.00838391956 0 0 0
volume_proxy 1409 0.000740756802 0.959918624 0.00399695441 0 0 0
volume_proxy 1413 0.923549483 0.765876509 -0.00222595458 0 0 0
volume_proxy 1422 0.586111284 -0.47383508 0.000983275334 0 0 0
volume_proxy 1433 1.2424436 0.97375708 -0.00926017585 0 0 0
volume_proxy 1434 0.031836315 -0.966040405 0.00372763223 0 0 0
volume_proxy 1437 -0.136230198 0.0325033253 -0.0058846185 0 0 0
volume_proxy 1439 0.166454095 0.274627101 -0.00380193189 0 0 0
volume_proxy 1447 0.675744103 -0.905804745 0.00663336797 0 0 0
volume_proxy 1459 -0.735655064 0.459175111 0.00497210275 0 0 0
volume_proxy 1460 1.00165324 0.426899662 -0.00265917112 0 0 0
volume_proxy 1461 -1.21931207 0.644437674 0.00977967139 0 0 0
volume_proxy 1466 -0.634103704 -0.18650562 0.00436958683 0 0 0
volume_proxy 1472 -1.16131731 0.579723817 -0.00941657002 0 0 0
volume_proxy 1474 0.420865806 -0.902911233 0.00513972715 0 0 0
volume_proxy 1481 0.95163954 0.802352835 0.00457599389 0 0 0
volume_proxy 1482 1.31919664 -0.145118074 -0.002396799 0 0 0
volume_proxy 1485 0.620759252 -0.552908913 -0.00488194795 0 0 0
volume_proxy 1489 0.113129254 -0.270957013 -0.0079841833 0 0 0
volume_proxy 1490 1.43643399 0.98089868 0.00803576769 0 0 0
volume_proxy 1492 0.7370758 0.488163658 -0.00254771891 0 0 0
volume_proxy 1493 0.350486332 0.333116477 -0.00523595257 0 0 0
volume_proxy 1494 1.12274292 0.0183631804 0.0076984422 0 0 0
volume_proxy 1496 -0.972178246 0.931555372 -0.00808938431 0 0 0
volume_proxy 1498 -0.749647665 0.310955512 0.00737907498 0 0 0
volume_proxy 1501 -0.419954819 -0.755011506 0.000246988657 0 0 0
volume_proxy 1503 -0.00530536326 0.41915775 0.000739228648 0 0 0
volume_proxy 1506 0.469195565 0.977785589 -0.000576888577 0 0 0
volume_proxy 1507 -1.0132941 -0.378068542 -0.00365041915 0 0 0
volume_proxy 1508 -0.607347181 -0.823010239 -0.00319778135 0 0 0
volume_proxy 1509 -1.09381428 0.78859281 -0.00352074199 0 0 0
volume_proxy 1510 0.238572456 -0.556256511 0.00981233702 0 0 0
volume_proxy 1511 1.33493313 0.710330127 -0.00540201672 0 0 0
volume_proxy 1513 -1.17583334 0.890073821 0.00503959091 0 0 0
volume_proxy 1515 0.372195107 -0.13821729 0.00928466267 0 0 0
volume_proxy 1516 -0.212454921 -0.912547395 0.00345008904 0 0 0
volume_proxy 1517 -0.748639725 -0.375598434 0.00873711272 0 0 0
volume_proxy 1519 0.22030261 -0.159073847 -0.000472981566 0 0 0
volume_proxy 1520 0.628230491 -0.499879699 -0.00327336163 0 0 0
volume_proxy 1521 -0.533017482 -0.0473861056 -0.0101084861 0 0 0
volume_proxy 1522 0.179831096 0.77677683 0.00717179663 0 0 0
volume_proxy 1523 1.46765742 -0.239458823 -0.00420624419 0 0 0
volume_proxy 1525 -0.823204531 0.758175258 0.00021321516 0 0 0
volume_proxy 1526 1.08549357 -0.324449394 0.00409610547 0 0 0
volume_proxy 1528 0.444911593 -0.633925278 0.00257572699 0 0 0
volume_proxy 1529 -0.952891299 -0.00497503695 -0.00453257981 0 0 0
volume_proxy 1530 -0.91308191 -0.0324504477 -0.00187325502 0 0 0
