volume_proxy 0 0.827159233 0.339880303 0.00714807609 0 0 0
volume_proxy 5 1.08015788 -0.873848252 0.00605861315 0 0 0
volume_proxy 6 -0.424637746 0.119021451 0.00907205571 0 0 0
volume_proxy 11 0.546815397 0.640977991 -0.0065955309 0 0 0
volume_proxy 12 0.44554864 -0.87614766 0.00363615582 0 0 0
volume_proxy 14 -0.962163049 0.585459536 0.00699953263 0 0 0
volume_proxy 23 1.14556987 -0.96143553 -0.00974745719 0 0 0
volume_proxy 38 0.963266041 -0.209844274 0.000909876666 0 0 0
volume_proxy 40 -0.316668391 -0.185505271 -0.000438016468 0 0 0
volume_proxy 50 -1.10248043 -0.342196018 -0.00903291498 0 0 0
volume_proxy 53 -0.27548398 0.822103419 0.00174762808 0 0 0
volume_proxy 58 0.737603081 -0.916126143 -0.000432520499 0 0 0
volume_proxy 60 0.603452367 0.511008743 -0.00818988195 0 0 0
volume_proxy 72 -0.256485121 -0.537763052 -0.00135826245 0 0 0
volume_proxy 85 -0.718683307 -0.117680511 0.010765803 0 0 0
volume_proxy 97 0.870792593 0.546556592 -0.0069474932 0 0 0
volume_proxy 107 1.29811535 0.871058178 -0.0096113631 0 0 0
volume_proxy 127 -1.15542844 -0.201780488 0.00617395245 0 0 0
volume_proxy 130 0.917614636 0.115192773 -0.0102591789 0 0 0
volume_proxy 140 0.199903973 0.751184183 0.00489275151 0 0 0
volume_proxy 157 1.14549643 -0.241941805 0.000742715599 0 0 0
volume_proxy 159 0.560412908 0.589495357 0.00653359956 0 0 0
volume_proxy 161 0.835839434 0.488520866 -0.00478070326 0 0 0
volume_proxy 176 0.742597183 -0.00530186754 0.0101551937 0 0 0
volume_proxy 186 -0.986167368 0.276394593 0.00662905916 0 0 0
volume_proxy 189 -0.606426736 0.821137889 0.00779786391 0 0 0
volume_proxy 195 -0.175718172 -0.287696227 0.00833556553 0 0 0
volume_proxy 196 0.607561123 -0.553396697 -0.00307039267 0 0 0
volume_proxy 200 -0.365833712 -0.52815788 -0.000107002158 0 0 0
volume_proxy 202 -0.358979935 0.403206632 -0.0071183478 0 0 0
volume_proxy 209 -1.49376136 0.457255648 0.00667794366 0 0 0
volume_proxy 210 -1.07014385 0.678761145 -0.0034543957 0 0 0
volume_proxy 226 0.198041575 -0.783906316 -0.00214396969 0 0 0
volume_proxy 236 0.993771194 0.965422336 -0.00238607525 0 0 0
volume_proxy 247 1.31669585 0.966061266 0.00117190517 0 0 0
volume_proxy 256 -0.216173554 0.920694413 -0.00824154388 0 0 0
volume_proxy 259 0.253171993 0.486813972 -0.00540984526 0 0 0
volume_proxy 269 -0.194760339 -0.770887552 0.0095042397 0 0 0
volume_proxy 277 -1.44057303 0.179491203 -0.0103730972 0 0 0
volume_proxy 296 -0.363769958 -0.539559965 -0.00595461902 0 0 0
volume_proxy 305 0.256873272 -0.153432746 0.00349935094 0 0 0
volume_proxy 310 0.818819509 -0.977640098 -0.00723740063 0 0 0
volume_proxy 344 -1.01876515 0.712955519 0.000724374264 0 0 0
volume_proxy 347 -0.349644903 -0.278339377 0.00290119032 0 0 0
volume_proxy 356 0.275755134 0.972090771 0.00760392663 0 0 0
volume_proxy 375 0.67031166 -0.865712904 -0.00520688513 0 0 0
volume_proxy 388 -0.0576196941 0.610327463 -0.0103001227 0 0 0
volume_proxy 802 1.42062728 -0.179463971 0.00536957459 0 0 0
volume_proxy 1052 -0.533962869 -0.643852259 -0.00228211571 0 0 0
volume_proxy 1066 0.302662159 0.496636999 0.00240853895 0 0 0
volume_proxy 1120 -0.701179552 0.452999378 3.5101414e-05 0 0 0
volume_proxy 1166 -0.480084573 0.841463272 0.00217089755 0 0 0
volume_proxy 1169 0.751866148 -0.965862128 0.00320787274 0 0 0
volume_proxy 1193 -1.33152526 -0.622816394 -0.00886497792 0 0 0
volume_proxy 1225 -0.273428061 -0.370670208 -0.00135316868 0 0 0
volume_proxy 1245 -1.25111797 0.684628794 0.00802495879 0 0 0
volume_proxy 1280 -1.27818861 0.20246272 -0.00303479382 0 0 0
volume_proxy 1285 -1.07354107 0.382071235 0.00995714327 0 0 0
volume_proxy 1295 -0.69214306 0.58062609 -0.00394840827 0 0 0
volume_proxy 1296 0.285368981 0.122774507 -0.00541569084 0 0 0
volume_proxy 1335 0.794835272 -0.681782443 -0.00398767501 0 0 0
volume_proxy 1340 1.16970046 0.0509060486 0.00327661064 0 0 0
volume_proxy 1380 0.117102337 0.26624899 -0.00137275829 0 0 0
volume_proxy 1386 0.324768735 0.562236731 -0.00389951087 0 0 0
volume_proxy 1397 0.869523133 0.0132067508 -0.000335322065 0 0 0
volume_proxy 1409 0.725641894 0.873088529 0.00515702308 0 0 0
volume_proxy 1413 1.46454963 0.589534744 -0.0021236018 0 0 0
volume_proxy 1420 -1.37332752 -0.0469499794 0.00336877129 0 0 0
volume_proxy 1422 1.42094926 -0.791822814 -0.000970830196 0 0 0
volume_proxy 1426 1.10361763 -0.0584481152 0.00735146655 0 0 0
volume_proxy 1429 1.15040847 -0.443136177 0.00627764575 0 0 0
volume_proxy 1433 1.37577994 0.669153957 0.00869811864 0 0 0
volume_proxy 1434 -0.291682369 -0.877681269 0.00183764089 0 0 0
volume_proxy 1437 -0.188633357 -0.182268696 0.00962807747 0 0 0
volume_proxy 1439 -0.330330548 0.851265188 0.00973941062 0 0 0
volume_proxy 1440 1.00916546 -0.29580846 -0.00892955924 0 0 0
volume_proxy 1445 -0.238001626 -0.946170295 -0.00715009039 0 0 0
volume_proxy 1447 0.884635449 -0.435190957 0.00838802007 0 0 0
volume_proxy 1459 -0.840283518 -0.00620906655 -0.0100852315 0 0 0
volume_proxy 1460 1.35777485 0.831937349 -0.000382791448 0 0 0
volume_proxy 1461 -1.14607164 0.626901566 0.0040094815 0 0 0
volume_proxy 1466 -1.25691963 0.0391228707 0.00342904994 0 0 0
volume_proxy 1470 -1.46153993 -0.492155968 -0.00431948408 0 0 0
volume_proxy 1471 0.0717427076 0.79368303 0.00322580775 0 0 0
volume_proxy 1472 -1.20291459 0.431250514 0.00256480413 0 0 0
volume_proxy 1474 0.981161291 -0.766885131 -0.00300226196 0 0 0
volume_proxy 1481 1.06034269 0.799664588 -0.0055737597 0 0 0
volume_proxy 1482 0.59024111 -0.466195277 0.00478633893 0 0 0
volume_proxy 1485 0.210768296 -0.679636417 -0.0015163762 0 0 0
volume_proxy 1486 1.13046927 -0.408351984 -0.0046774778 0 0 0
volume_proxy 1489 -0.366786279 0.149449768 0.00523155904 0 0 0
volume_proxy 1490 1.31562097 0.806189575 -0.00655860361 0 0 0
volume_proxy 1492 0.544254743 0.678252093 0.00181646026 0 0 0
volume_proxy 1493 0.428875877 0.132815368 0.00746315012 0 0 0
volume_proxy 1494 1.07831318 0.618581052 -0.00532491846 0 0 0
volume_proxy 1496 -1.04721998 0.259483265 0.000435974631 0 0 0
volume_proxy 1498 -1.18091518 0.206387695 0.00582200908 0 0 0
volume_proxy 1501 -0.927701799 -0.905200529 0.00506861724 0 0 0
volume_proxy 1503 -0.0553348375 0.118822435 0.010051779 0 0 0
volume_proxy 1505 -0.229898601 0.864356751 -0.00377787809 0 0 0
volume_proxy 1506 0.532348239 0.924438197 0.00277878512 0 0 0
volume_proxy 1507 -1.20657577 -0.406936873 -0.00644194605 0 0 0
volume_proxy 1508 -0.583199774 -0.954955586 -0.00631693565 0 0 0
volume_proxy 1509 -1.38992423 0.677602772 -0.00143468362 0 0 0
volume_proxy 1510 0.447742803 -0.232352212 0.00465464241 0 0 0
volume_proxy 1511 1.04898886 0.717831078 0.00360408255 0 0 0
volume_proxy 1512 -1.09647452 0.60332844 -0.00369866988 0 0 0
volume_proxy 1513 -0.550652143 0.673398249 -0.00703639495 0 0 0
volume_proxy 1514 -1.48975781 0.259439626 -0.00427114436 0 0 0
volume_proxy 1515 0.328181011 0.413902443 0.00785750969 0 0 0
volume_proxy 1516 -0.840072653 -0.587923876 -0.0101843086 0 0 0
volume_proxy 1517 -0.951495535 -0.556793143 0.00339868653 0 0 0
volume_proxy 1518 -1.10482609 -0.0903838737 0.0101224584 0 0 0
volume_proxy 1519 0.0993533491 -0.278081306 -0.000580820042 0 0 0
