volume_proxy 0 0.834177542 0.197477269 0.00690739344 0 0 0
volume_proxy 1 -0.140841289 -0.899128763 -0.00133972487 0 0 0
volume_proxy 2 0.699558239 0.104028807 0.00901179323 0 0 0
volume_proxy 4 1.16028947 0.805830291 -0.00387050406 0 0 0
volume_proxy 5 -0.62955848 0.387593155 -0.00403406376 0 0 0
volume_proxy 6 0.869526804 0.226835986 0.00242829499 0 0 0
volume_proxy 7 -0.424422491 -0.0240038421 -0.00672687475 0 0 0
volume_proxy 8 0.402159543 -0.586306146 -0.00314363193 0 0 0
volume_proxy 9 1.21982067 0.372523093 -0.00951378103 0 0 0
volume_proxy 11 -1.13769208 0.517423756 -0.00247202612 0 0 0
volume_proxy 12 0.440313224 -0.312172958 0.00483555999 0 0 0
volume_proxy 13 -1.09876376 -0.948366498 -0.00509824527 0 0 0
volume_proxy 14 0.226732547 0.181900764 0.00947917563 0 0 0
volume_proxy 15 0.0485306384 -0.743651221 0.00875685863 0 0 0
volume_proxy 16 -1.13196353 0.838264254 -0.00598314271 0 0 0
volume_proxy 17 -0.832270036 0.0996399074 -0.000123033893 0 0 0
volume_proxy 18 -1.49164262 -0.610323758 0.0094532467 0 0 0
volume_proxy 19 -1.21831747 -0.405962567 -0.00556363072 0 0 0
volume_proxy 21 -0.489328266 0.446886806 -0.000265492433 0 0 0
volume_proxy 22 1.01760487 0.386030236 0.00125994197 0 0 0
volume_proxy 23 -0.57328344 -0.0777430359 -0.00155011297 0 0 0
volume_proxy 24 -0.706607978 0.295921083 0.0037171033 0 0 0
volume_proxy 25 -1.15885262 -0.0800078811 -0.00180503985 0 0 0
volume_proxy 26 -0.59634096 0.369689819 0.00207564194 0 0 0
volume_proxy 29 -1.0014122 0.520454923 -0.0069022011 0 0 0
volume_proxy 31 -0.63865378 -0.256948105 0.0106039232 0 0 0
volume_proxy 32 -0.41289487 -0.693313902 0.00634816944 0 0 0
volume_proxy 33 0.10396389 -0.0697180388 -0.00623848514 0 0 0
volume_proxy 35 0.113694175 0.518908804 0.00269210377 0 0 0
volume_proxy 36 0.783916754 0.938001041 -0.00786575454 0 0 0
volume_proxy 37 -0.833280585 -0.75993146 0.00571630327 0 0 0
volume_proxy 38 0.600265823 -0.256995633 -0.0035974377 0 0 0
volume_proxy 40 -0.314856156 -0.442848225 -0.00043076492 0 0 0
volume_proxy 42 1.29471214 -0.182698742 -0.00158603806 0 0 0
volume_proxy 43 -0.452858713 -0.356433275 0.00662371766 0 0 0
volume_proxy 45 0.289359477 0.673028791 -4.09006056e-05 0 0 0
volume_proxy 46 0.454054795 -0.550908401 -0.00712214441 0 0 0
volume_proxy 47 1.42026398 0.556562051 -0.00397476573 0 0 0
volume_proxy 48 -0.447056004 -0.409560258 -0.00316045657 0 0 0
volume_proxy 49 0.18910872 -0.471883934 -0.00226801596 0 0 0
volume_proxy 50 -0.24161012 -0.831669888 -0.00875523465 0 0 0
volume_proxy 51 -1.45898098 0.952917136 -0.000379148469 0 0 0
volume_proxy 52 -1.26012875 -0.812788099 -0.00656585264 0 0 0
volume_proxy 53 0.270817166 -0.503620266 0.0074141593 0 0 0
volume_proxy 54 -0.677031821 0.488640218 -0.00589911446 0 0 0
volume_proxy 55 -0.767942275 -0.168656879 0.00305007395 0 0 0
volume_proxy 56 -1.22420158 0.683319826 0.00902388193 0 0 0
volume_proxy 57 -1.22425963 -0.303000389 0.00377231351 0 0 0
volume_proxy 58 0.372072276 -0.52173488 -0.00838693085 0 0 0
volume_proxy 59 -0.416885229 0.223893243 -0.00772623874 0 0 0
volume_proxy 60 -0.0508384192 0.306635074 0.00766791097 0 0 0
volume_proxy 61 -1.24486982 -0.117985937 0.000811543727 0 0 0
volume_proxy 62 -0.0899215388 0.0710010945 -0.000850214029 0 0 0
volume_proxy 63 0.706863381 0.277718503 0.0025789439 0 0 0
volume_proxy 64 -0.474776901 -0.255045728 0.00742001805 0 0 0
volume_proxy 66 0.424753165 0.628421971 -0.00746784439 0 0 0
volume_proxy 67 -0.144196961 -0.170130835 0.000429826947 0 0 0
volume_proxy 69 -0.202827831 -0.250301114 -0.00730025577 0 0 0
volume_proxy 70 1.03234091 0.807135084 0.00317345791 0 0 0
volume_proxy 71 0.831238081 0.645427217 0.00551606109 0 0 0
volume_proxy 72 0.723898287 -0.424066381 -0.009466774 0 0 0
volume_proxy 73 0.98167276 -0.664707392 -0.0060170032 0 0 0
volume_proxy 75 0.803967267 -0.835795077 -0.00542357822 0 0 0
volume_proxy 77 1.38897584 -0.0339142974 -0.00409003013 0 0 0
volume_proxy 78 1.44762877 0.0497473806 0.0106026534 0 0 0
volume_proxy 79 -0.653796126 0.245078182 0.00304817417 0 0 0
volume_proxy 80 -0.702469787 0.693429838 -0.00780092096 0 0 0
volume_proxy 81 -0.874701119 0.947607258 0.00500325949 0 0 0
volume_proxy 83 -0.486981312 0.0206347621 0.00992193173 0 0 0
volume_proxy 84 -0.791925291 0.0133381948 -0.000105065387 0 0 0
volume_proxy 85 -0.630556669 0.29439738 -0.00379041136 0 0 0
volume_proxy 86 0.444262917 -0.4835724 0.00103287482 0 0 0
volume_proxy 87 1.08984615 0.384490443 0.0080004872 0 0 0
volume_proxy 88 -0.87258697 0.446216462 0.0018973835 0 0 0
volume_proxy 89 0.517253997 0.403881921 0.00523198323 0 0 0
volume_proxy 90 0.702616321 -0.629985023 -0.00628452681 0 0 0
volume_proxy 91 0.915145013 -0.993086948 -0.00799815453 0 0 0
volume_proxy 92 -1.1075218 0.615062694 -0.00450597273 0 0 0
volume_proxy 93 0.408135846 0.160700991 -0.00476245939 0 0 0
volume_proxy 94 -0.659651889 -0.668128841 -0.00498077286 0 0 0
volume_proxy 96 0.680463434 -0.385043965 0.00785474645 0 0 0
volume_proxy 97 0.780703665 0.279273765 0.0022788287 0 0 0
volume_proxy 100 -0.187840871 -0.919610844 -0.0107155072 0 0 0
volume_proxy 101 -0.65047132 -0.00740171793 0.00711347501 0 0 0
volume_proxy 102 -0.0748042602 -0.72825932 -0.00456912056 0 0 0
volume_proxy 103 0.282810151 -0.545653676 0.00820589 0 0 0
volume_proxy 104 0.658291885 0.913684987 -6.40223753e-05 0 0 0
volume_proxy 105 -0.408985557 -0.291779214 -0.00287675613 0 0 0
volume_proxy 106 0.072820148 -0.973581224 -0.00463953115 0 0 0
volume_proxy 107 0.479978875 0.211597206 -0.00131044725 0 0 0
volume_proxy 108 0.99312004 -0.14627165 -0.00865501804 0 0 0
volume_proxy 111 0.592793548 0.141266307 -0.00844211737 0 0 0
volume_proxy 112 0.882841494 0.037054772 -0.00243663552 0 0 0
volume_proxy 113 -0.865307919 -0.0474746359 0.0104404233 0 0 0
volume_proxy 114 -1.02776025 -0.214755703 0.00650561689 0 0 0
volume_proxy 115 1.13725143 -0.517841803 -0.00292283476 0 0 0
volume_proxy 116 -1.30310464 -0.965655697 0.00177043613 0 0 0
volume_proxy 117 -0.912750987 -0.503067467 -0.00890036961 0 0 0
volume_proxy 121 0.424003544 0.889779712 -0.00673120288 0 0 0
volume_proxy 123 0.579408434 -0.764525796 -0.000364530284 0 0 0
volume_proxy 124 -0.488492543 0.118543909 0.00588733621 0 0 0
volume_proxy 125 -0.854198857 -0.777854188 -0.00258154311 0 0 0
volume_proxy 126 -0.657696575 -0.380747349 -0.00932965829 0 0 0
volume_proxy 127 -0.0198060575 0.0206064637 -0.00198474225 0 0 0
volume_proxy 130 0.989272711 -0.549001371 -0.00961029495 0 0 0
volume_proxy 131 0.951924342 0.128317018 -0.00102572096 0 0 0
volume_proxy 132 0.268359683 0.629403519 0.000242168929 0 0 0
volume_proxy 135 0.479179681 -0.084656106 0.00271356934 0 0 0
volume_proxy 138 0.50830823 -0.709181458 0.00465949655 0 0 0
volume_proxy 139 -0.309984042 0.355666415 -0.00485263519 0 0 0
volume_proxy 140 -0.925653697 0.801405133 0.00206243199 0 0 0
volume_proxy 141 1.27778975 -0.417508048 0.00446100335 0 0 0
volume_proxy 144 -1.16655394 0.0532789253 -0.000101575127 0 0 0
volume_proxy 145 -0.818456827 -0.97672381 0.00544756638 0 0 0
volume_proxy 146 1.1728635 -0.544991246 0.0040494131 0 0 0
volume_proxy 147 0.604444873 0.0875742733 -0.000890475145 0 0 0
volume_proxy 149 -1.11546244 0.612460515 0.00275266682 0 0 0
volume_proxy 153 -0.79500298 -0.757113472 -0.00559527926 0 0 0
volume_proxy 155 0.910419639 0.143176145 0.0024074715 0 0 0
volume_proxy 156 0.249943552 0.093909402 0.00358704947 0 0 0
volume_proxy 157 1.19508955 0.590069736 -0.00400627362 0 0 0
volume_proxy 159 0.0792175904 -0.296401705 -0.00382681891 0 0 0
volume_proxy 160 -0.200426451 -0.436991432 0.00963059454 0 0 0
volume_proxy 161 -0.076308927 -0.237213897 -0.00493537857 0 0 0
volume_proxy 162 -0.467670815 -0.401616978 0.00103510807 0 0 0
volume_proxy 163 -1.38817573 0.854212282 0.00482817769 0 0 0
volume_proxy 164 -1.12232874 0.619715914 0.00854854907 0 0 0
volume_proxy 165 0.952500417 0.32385568 -0.00840251511 0 0 0
volume_proxy 166 0.743391431 0.611188129 0.00202901441 0 0 0
volume_proxy 167 0.233348937 0.0788738907 -0.00710190876 0 0 0
volume_proxy 168 1.02490689 0.342953336 -0.000475279625 0 0 0
volume_proxy 169 0.668986149 -0.147949374 0.00240906559 0 0 0
volume_proxy 170 0.978269568 -0.423636414 0.00389589169 0 0 0
volume_proxy 171 -0.695166232 0.582371122 0.00271124587 0 0 0
volume_proxy 172 -1.15050006 0.413974537 -0.0067955154 0 0 0
volume_proxy 173 0.0215122109 0.479924351 0.0021990224 0 0 0
volume_proxy 174 0.676678962 -0.495996007 0.0102332266 0 0 0
volume_proxy 176 0.448597023 -0.28090389 0.00291352779 0 0 0
volume_proxy 177 -1.36151988 0.890185494 0.00863535977 0 0 0
volume_proxy 178 -0.864840383 0.127735356 0.0061068665 0 0 0
volume_proxy 181 0.303468561 -0.555901879 -0.00132432479 0 0 0
volume_proxy 182 -0.407156614 0.826590359 -0.00908254196 0 0 0
volume_proxy 183 0.929745902 -0.983876737 -0.00724766371 0 0 0
volume_proxy 184 -0.716038097 -0.966023006 0.0032678241 0 0 0
volume_proxy 185 -0.614772337 0.102257217 -0.0081669858 0 0 0
volume_proxy 186 -0.260328238 -0.829607261 -0.00501875739 0 0 0
volume_proxy 187 -0.551897666 0.625869414 -0.00642798283 0 0 0
volume_proxy 189 -1.17207702 0.0282492469 -0.00125439517 0 0 0
volume_proxy 191 -0.0623410666 0.911252692 0.00143341019 0 0 0
volume_proxy 192 0.405912807 -0.30654704 -0.00479267735 0 0 0
volume_proxy 193 -0.709573001 0.913514544 -0.00073505769 0 0 0
volume_proxy 194 -0.146957024 -0.75946792 0.00678723361 0 0 0
volume_proxy 195 -1.49074034 0.356741491 -0.00974320151 0 0 0
volume_proxy 196 0.796973732 0.953340917 0.00732151187 0 0 0
volume_proxy 197 -0.417093883 -0.782787938 0.00220859334 0 0 0
volume_proxy 198 0.890397556 -0.895979668 0.00571378866 0 0 0
volume_proxy 199 -0.548646608 -0.120811301 0.0102456393 0 0 0
volume_proxy 200 -0.977199911 0.409943863 -0.00388989764 0 0 0
volume_proxy 201 -1.24671125 0.531818739 -0.00981942688 0 0 0
volume_proxy 202 -0.457104446 0.899782467 -0.00159051866 0 0 0
volume_proxy 204 -1.22231532 -0.0376629084 0.000298401478 0 0 0
volume_proxy 205 -0.0756933521 0.415913589 -0.00488135196 0 0 0
volume_proxy 206 0.624175806 0.0908693529 -0.00161468357 0 0 0
volume_proxy 208 -1.22559146 0.974048596 0.00584475601 0 0 0
volume_proxy 209 -1.1529109 -0.599155581 -0.00654762327 0 0 0
volume_proxy 210 0.382083281 0.149890054 0.00745090075 0 0 0
volume_proxy 211 -0.289983409 -0.629583535 -0.00315355182 0 0 0
volume_proxy 212 1.16400949 -0.413452356 -0.0104397899 0 0 0
volume_proxy 213 0.0937251797 -0.621351089 -0.00876237834 0 0 0
volume_proxy 214 -0.572349438 -0.110511637 -0.00817043549 0 0 0
volume_proxy 215 0.257747231 -0.656291795 -0.00262929547 0 0 0
volume_proxy 217 -1.29828854 0.991554052 0.00819800641 0 0 0
volume_proxy 218 -0.379635635 0.795640939 0.00692510926 0 0 0
volume_proxy 219 -0.0265252897 0.296312543 -0.00115303549 0 0 0
volume_proxy 220 1.23328292 0.313059404 -0.00931472699 0 0 0
volume_proxy 221 -0.460635527 0.800790481 -0.000149812994 0 0 0
volume_proxy 222 1.01124912 0.727945693 0.00859210714 0 0 0
volume_proxy 223 -1.34830839 0.556033065 -0.00344855521 0 0 0
volume_proxy 224 0.541329352 -0.889990506 -0.00867537649 0 0 0
volume_proxy 225 -1.41370669 0.27179936 -0.00350283379 0 0 0
volume_proxy 226 -0.846505759 -0.282701708 -0.00292043675 0 0 0
volume_proxy 227 -0.746380369 -0.577177812 -0.00678175072 0 0 0
volume_proxy 228 -0.394036756 -0.217001902 -0.00770189678 0 0 0
volume_proxy 229 0.366592883 -0.0631303936 -0.00377624893 0 0 0
volume_proxy 230 -0.132128956 0.846358455 -0.00564501188 0 0 0
volume_proxy 231 0.609573661 0.0441263152 -0.0031060291 0 0 0
volume_proxy 232 0.98342061 0.958736045 0.0096370231 0 0 0
volume_proxy 233 1.40046044 0.998947607 -0.0101056952 0 0 0
volume_proxy 234 1.33067035 -0.642166711 0.00524537512 0 0 0
volume_proxy 235 -0.846212272 -0.942047982 -0.00151367982 0 0 0
volume_proxy 236 1.24861449 0.147442477 -0.00855695256 0 0 0
volume_proxy 237 0.565684913 0.472652354 0.00816342855 0 0 0
volume_proxy 238 0.231806599 -0.535973385 -0.0079108351 0 0 0
volume_proxy 239 0.247084174 -0.138615004 -0.00649976763 0 0 0
volume_proxy 240 0.171178181 0.149370195 -0.00592040264 0 0 0
volume_proxy 241 0.00185106698 -0.293401 0.00221770147 0 0 0
volume_proxy 242 1.26346254 0.168188142 -0.00463845139 0 0 0
volume_proxy 243 0.6125029 0.345462513 0.00118343566 0 0 0
volume_proxy 244 -0.17839181 0.426519429 -0.00261797303 0 0 0
volume_proxy 245 0.535434675 -0.564098895 -0.000613641196 0 0 0
volume_proxy 246 -0.968701815 -0.10100872 -0.0041332066 0 0 0
volume_proxy 247 1.18696541 -0.537907349 -0.00731614136 0 0 0
volume_proxy 249 1.17465532 0.221213475 -0.00680347334 0 0 0
volume_proxy 251 0.582104763 0.793793942 -0.00862969293 0 0 0
volume_proxy 252 -0.541486965 -0.896602319 -0.00859240139 0 0 0
volume_proxy 253 -1.13606143 0.78742149 0.0107687992 0 0 0
volume_proxy 254 -1.43471089 0.724508087 -0.00913824273 0 0 0
volume_proxy 256 0.135138916 0.0444381348 0.00107463267 0 0 0
volume_proxy 257 -0.634507985 0.561398449 0.00937639108 0 0 0
volume_proxy 258 -0.0558328022 -0.257341321 -0.00758081139 0 0 0
volume_proxy 259 -0.146300756 -0.00197627312 0.00483009266 0 0 0
volume_proxy 260 0.0334168631 0.922875272 0.00226710585 0 0 0
volume_proxy 261 1.13682113 0.72385882 0.00177569477 0 0 0
volume_proxy 262 -1.15093671 0.0230786407 0.00442975845 0 0 0
volume_proxy 263 0.51545084 -0.335067186 0.00838947545 0 0 0
volume_proxy 265 -0.227749541 -0.191037681 0.00510328533 0 0 0
volume_proxy 266 -0.61279004 -0.0861568974 0.00939916386 0 0 0
volume_proxy 268 -0.02160866 0.294341974 0.000997439232 0 0 0
volume_proxy 269 0.760269674 -0.223516093 0.00662020359 0 0 0
volume_proxy 270 0.908327085 -0.567436618 0.00620968986 0 0 0
volume_proxy 271 -1.40070858 0.109353595 -0.00251973176 0 0 0
volume_proxy 272 0.00574221634 -0.6963457 0.00358679212 0 0 0
volume_proxy 273 1.48931668 0.858367458 0.00389904655 0 0 0
volume_proxy 274 -0.499358102 -0.361751401 -5.44356103e-05 0 0 0
volume_proxy 275 -1.16070944 0.957778854 0.00379459893 0 0 0
volume_proxy 276 0.549687049 0.334983313 -0.00163160592 0 0 0
volume_proxy 277 -0.634059013 -0.473218149 0.00598348112 0 0 0
volume_proxy 279 -1.05712293 -0.593999196 -0.00268350372 0 0 0
volume_proxy 281 -1.12588754 0.970164388 0.00560488436 0 0 0
volume_proxy 282 0.0590310194 -0.515097959 0.00101565117 0 0 0
volume_proxy 283 -1.02648678 0.49498308 -0.00389885001 0 0 0
volume_proxy 284 -1.39364773 0.805649113 0.00189393912 0 0 0
volume_proxy 285 -0.749062291 -0.358209112 -0.000202083643 0 0 0
volume_proxy 286 0.859509466 -0.766295921 -0.00635485351 0 0 0
volume_proxy 291 1.01540227 0.827430364 -0.000951904529 0 0 0
volume_proxy 292 -0.854529242 -0.78778849 -0.00753143245 0 0 0
volume_proxy 293 1.44482175 0.0282978022 -0.00668697938 0 0 0
volume_proxy 294 -0.852286621 0.788857102 0.00200353855 0 0 0
volume_proxy 295 0.168559987 -0.542745371 -0.00414968935 0 0 0
volume_proxy 296 0.359460091 -0.407543754 -0.00500566736 0 0 0
volume_proxy 297 0.927587304 0.194771756 -0.0102592119 0 0 0
volume_proxy 298 0.451532084 -0.581535084 0.00276492483 0 0 0
volume_proxy 299 -1.40270505 0.671331883 0.00463080866 0 0 0
volume_proxy 301 1.02816486 0.0788865168 0.00476813181 0 0 0
volume_proxy 303 -0.0522013958 -0.499749151 0.00926024607 0 0 0
volume_proxy 304 -1.09558909 0.947652515 -0.00402344034 0 0 0
volume_proxy 305 0.897058823 0.839806442 -0.00906918157 0 0 0
volume_proxy 307 -1.49004769 -0.387829293 -0.00588340425 0 0 0
volume_proxy 308 0.558328824 -0.83253722 -0.00193344298 0 0 0
volume_proxy 309 0.631635096 0.527851385 -0.00185709475 0 0 0
volume_proxy 310 0.93543666 -0.366024357 -0.00557707693 0 0 0
volume_proxy 311 -0.196192392 -0.711358057 -0.0040463172 0 0 0
volume_proxy 312 0.273339882 -0.244845969 -0.00857566332 0 0 0
volume_proxy 313 0.8741914 0.56321409 -0.00853023118 0 0 0
volume_proxy 314 -0.514265771 -0.33920549 0.00530846945 0 0 0
volume_proxy 315 -0.11518931 0.316725395 -0.00360308675 0 0 0
volume_proxy 316 -0.173388586 -0.31872053 -0.000612537468 0 0 0
volume_proxy 317 0.194619719 0.38854292 0.00139198327 0 0 0
volume_proxy 318 -0.872280388 0.18213512 -0.00376941026 0 0 0
volume_proxy 319 -0.0278579637 -0.669344972 0.00736834099 0 0 0
volume_proxy 321 -0.392892507 -0.847096009 0.00822605238 0 0 0
volume_proxy 322 0.616650259 0.626832936 -0.00460874841 0 0 0
volume_proxy 324 -1.01492118 -0.926044314 -0.00209481324 0 0 0
volume_proxy 325 -0.279826062 0.839628045 -0.00705142375 0 0 0
volume_proxy 326 -0.847343083 0.67600292 -0.00955407037 0 0 0
volume_proxy 327 1.44407485 -0.758758107 0.00691145029 0 0 0
volume_proxy 328 0.670238575 0.494284041 -0.00564107138 0 0 0
volume_proxy 329 0.333181004 0.872498539 0.00361827615 0 0 0
volume_proxy 330 0.585674554 -0.466399454 -0.00864242804 0 0 0
volume_proxy 331 -1.4296009 0.705603727 0.00133933334 0 0 0
volume_proxy 333 -1.24091194 -0.440569159 -0.00809353564 0 0 0
volume_proxy 334 0.916119118 -0.73239174 -0.00633798977 0 0 0
volume_proxy 335 -0.70728675 -0.214903806 -0.00163862932 0 0 0
volume_proxy 336 0.725036344 0.508866371 -0.0106005406 0 0 0
volume_proxy 337 -0.77187554 0.278915764 0.0105402542 0 0 0
volume_proxy 338 -0.553184334 0.0415287145 -0.00722126147 0 0 0
volume_proxy 339 -0.546718443 0.0130299561 0.00562406174 0 0 0
volume_proxy 340 0.180058317 0.872277776 0.00307640771 0 0 0
volume_proxy 341 1.13811988 0.537082421 0.00698422522 0 0 0
volume_proxy 342 -0.174482549 0.183514421 -0.00492494525 0 0 0
volume_proxy 343 -0.476653817 0.717007754 -0.00981973138 0 0 0
volume_proxy 344 0.78470992 0.281873153 -0.00580294107 0 0 0
volume_proxy 345 -0.976620603 0.380166093 0.00369202513 0 0 0
volume_proxy 347 0.353133683 -0.0296192176 -0.00632886219 0 0 0
volume_proxy 349 -0.0561144853 0.34897694 0.00637110037 0 0 0
volume_proxy 350 -0.603300934 0.508768613 0.00177932095 0 0 0
volume_proxy 351 -1.38782169 0.0831584699 0.000468676091 0 0 0
volume_proxy 352 1.40214122 0.776713865 0.0106617139 0 0 0
volume_proxy 353 -0.200592197 0.798259203 0.0020403119 0 0 0
volume_proxy 355 0.977922296 0.265443157 0.00528245833 0 0 0
volume_proxy 356 0.693358285 0.4365345 -0.00421591833 0 0 0
volume_proxy 357 -1.20719151 -0.851477712 0.0104779864 0 0 0
volume_proxy 358 1.48762785 0.727563938 -0.0091459165 0 0 0
volume_proxy 359 0.412748513 0.155276872 -0.00996027096 0 0 0
volume_proxy 360 1.07263986 -0.256942315 -0.00161322332 0 0 0
volume_proxy 361 0.212111144 -0.352357765 -0.00811382164 0 0 0
volume_proxy 363 1.48580008 0.685078917 -0.00403774531 0 0 0
volume_proxy 364 1.43494661 -0.888413555 -0.00671401687 0 0 0
volume_proxy 365 -0.68576667 0.583644994 8.70450533e-05 0 0 0
volume_proxy 366 1.35559947 -0.311155881 0.0057026963 0 0 0
volume_proxy 367 -1.46560333 0.660092153 -0.00365605708 0 0 0
volume_proxy 368 0.997868703 0.0491922148 0.0069846169 0 0 0
volume_proxy 370 1.44973208 0.0970846853 0.0023030424 0 0 0
volume_proxy 371 -0.897604948 0.705903623 0.00863128124 0 0 0
volume_proxy 372 -0.113081394 0.290056917 -0.00976821582 0 0 0
volume_proxy 373 1.19407319 0.235733799 0.00278813292 0 0 0
volume_proxy 374 1.0233224 -0.939288 -0.00681058929 0 0 0
volume_proxy 375 1.12014445 0.737861152 -0.0102908199 0 0 0
volume_proxy 376 0.510627338 0.0210263039 -0.00375904245 0 0 0
volume_proxy 377 0.608336996 -0.459985327 0.00966119347 0 0 0
volume_proxy 379 -1.37734171 0.254077539 -0.00860023853 0 0 0
volume_proxy 380 -0.586596527 -0.582303533 -0.00843744163 0 0 0
volume_proxy 382 -0.353345178 -0.638740722 0.00498436848 0 0 0
volume_proxy 383 -0.0313130536 -0.836316267 -0.000795861988 0 0 0
volume_proxy 384 -0.0641876627 0.490654547 0.00518814997 0 0 0
volume_proxy 385 0.719071313 -0.446775331 0.0106527216 0 0 0
volume_proxy 386 0.694581895 0.781140837 0.00675027361 0 0 0
volume_proxy 387 -0.48795061 0.336762355 -5.94788232e-05 0 0 0
volume_proxy 388 -1.24440345 0.0263529097 0.00710123637 0 0 0
volume_proxy 389 -0.0786077972 0.362502367 0.00224188495 0 0 0
volume_proxy 390 -1.24496574 -0.467818965 0.00571368636 0 0 0
volume_proxy 391 -1.41834164 0.67319661 -0.00237863515 0 0 0
volume_proxy 392 -0.438431822 0.921538606 -0.00062263918 0 0 0
volume_proxy 393 1.37514718 -0.172163815 -0.000702981692 0 0 0
volume_proxy 394 -0.443638731 0.859316792 -0.00373426674 0 0 0
volume_proxy 395 -0.307931302 -0.835744574 7.88601935e-05 0 0 0
volume_proxy 396 -0.766139925 0.626294403 0.0021173215 0 0 0
volume_proxy 397 0.859912044 0.291628044 0.00734200189 0 0 0
volume_proxy 398 -1.46386879 -0.0901882934 0.00742920542 0 0 0
volume_proxy 399 0.66165932 -0.825458609 0.0105763943 0 0 0
volume_proxy 400 -0.635888468 -0.600886413 0.00478228936 0 0 0
volume_proxy 401 0.523881762 0.0664414176 0.00748027755 0 0 0
volume_proxy 402 -0.753663826 -0.586701371 0.00303754868 0 0 0
volume_proxy 404 0.00714831345 -0.957551819 -0.00438223223 0 0 0
volume_proxy 405 0.916951963 -0.132007482 0.00524786509 0 0 0
volume_proxy 406 1.0960872 -0.188875965 -0.00991727836 0 0 0
volume_proxy 407 0.869671692 -0.753960033 0.00704059306 0 0 0
volume_proxy 408 0.311604851 -0.697442737 0.0102308426 0 0 0
volume_proxy 409 0.0754816327 -0.652653393 0.00903698755 0 0 0
volume_proxy 410 1.18526492 0.90731314 -0.00566486049 0 0 0
volume_proxy 411 -0.200239864 0.199203192 -0.00666121088 0 0 0
volume_proxy 412 1.34886923 -0.170338975 -0.00587207038 0 0 0
volume_proxy 413 0.2155485 0.602854089 -0.00909472052 0 0 0
volume_proxy 414 1.38651683 0.44478291 0.00327602925 0 0 0
volume_proxy 415 -1.00980892 -0.66501022 0.00863711367 0 0 0
volume_proxy 416 -0.633359977 0.146364261 0.000849670008 0 0 0
volume_proxy 418 0.00202225374 -0.418510715 -0.00103201175 0 0 0
volume_proxy 419 -1.36493731 -0.481742204 0.00363662551 0 0 0
volume_proxy 420 1.18751529 -0.719438914 0.00170690285 0 0 0
volume_proxy 421 -0.42754582 -0.795898787 0.007390997 0 0 0
volume_proxy 422 -0.395645477 0.491901818 -0.00175068217 0 0 0
volume_proxy 424 0.978337154 0.794412328 -0.00102167066 0 0 0
volume_proxy 425 0.503094817 -0.465788859 -0.00112125316 0 0 0
volume_proxy 426 -0.570680398 0.877714651 0.00142634665 0 0 0
volume_proxy 429 -0.639156293 -0.0476794542 -0.00742065473 0 0 0
volume_proxy 430 0.671414849 0.688654735 -0.00654525197 0 0 0
volume_proxy 431 -1.32529533 -0.957564462 -0.000759806329 0 0 0
volume_proxy 432 -0.927257372 0.372271045 0.00108913665 0 0 0
volume_proxy 433 -1.32588832 0.922734924 -0.00695488105 0 0 0
volume_proxy 434 -0.663830919 -0.775798153 -0.00294716728 0 0 0
volume_proxy 435 -1.40495987 -0.960703594 -0.00913869742 0 0 0
volume_proxy 436 0.720607961 -0.163588021 0.010026984 0 0 0
volume_proxy 438 -0.184887621 0.0634995722 0.0087478028 0 0 0
volume_proxy 439 -0.625952198 0.177602568 0.00878963649 0 0 0
volume_proxy 440 0.229865318 -0.769726852 -0.000243973516 0 0 0
volume_proxy 442 -0.694136529 -0.838203998 -0.00869490804 0 0 0
volume_proxy 443 1.17252791 -0.506481769 -0.00867428458 0 0 0
volume_proxy 444 0.754912781 -0.841201179 0.0101581944 0 0 0
volume_proxy 445 -1.4347617 -0.643160188 0.00240947353 0 0 0
volume_proxy 448 -0.634522243 0.206495255 -0.00825085901 0 0 0
volume_proxy 450 1.30077922 0.785693132 -0.00795430183 0 0 0
volume_proxy 451 0.38225975 -0.247272794 -0.00379347901 0 0 0
volume_proxy 452 -0.273671994 0.935042148 -0.00760030136 0 0 0
volume_proxy 453 -1.45771988 0.566930615 -0.00645823631 0 0 0
volume_proxy 455 1.38365612 0.416602914 -0.00975306208 0 0 0
volume_proxy 456 0.391181603 -0.765623674 -0.00724135975 0 0 0
volume_proxy 457 -1.43118186 0.4746393 -0.00254109988 0 0 0
volume_proxy 459 -0.888107037 0.424377828 0.00613031213 0 0 0
volume_proxy 462 -0.604739437 -0.599938255 -0.00781281771 0 0 0
volume_proxy 463 0.641554629 -0.728530612 0.00902722922 0 0 0
volume_proxy 465 -0.321283043 0.998840684 -0.00482126023 0 0 0
volume_proxy 468 0.60860392 0.146795154 -0.00610967531 0 0 0
volume_proxy 469 1.38792361 -0.646379495 -0.00210932861 0 0 0
volume_proxy 470 1.37401678 0.869971582 0.0100971777 0 0 0
volume_proxy 471 0.48712383 -0.938022095 0.00430865176 0 0 0
volume_proxy 472 0.877517 0.618856975 0.0104902844 0 0 0
volume_proxy 474 -0.251704095 -0.926265572 -0.00845070731 0 0 0
volume_proxy 475 -0.549210231 0.248776355 0.000494852808 0 0 0
volume_proxy 479 0.674912546 0.810518967 -0.00356572063 0 0 0
volume_proxy 480 0.557584199 0.381348465 0.00021137402 0 0 0
volume_proxy 481 0.0676829327 -0.498734684 0.000764176729 0 0 0
volume_proxy 482 -0.373988854 -0.0527465583 0.010056556 0 0 0
volume_proxy 484 0.3026848 -0.693394247 -0.00450091106 0 0 0
volume_proxy 485 -0.534015108 -0.696356334 -0.00577412482 0 0 0
volume_proxy 486 -1.02882052 -0.151158304 -0.0011343808 0 0 0
volume_proxy 487 -0.304683988 0.778886624 -0.0038957554 0 0 0
volume_proxy 488 -0.674124244 -0.914548089 -0.0100550317 0 0 0
volume_proxy 489 -0.818105089 -0.550269266 -0.00994259848 0 0 0
volume_proxy 490 -0.117087649 0.823877706 0.00189136041 0 0 0
volume_proxy 492 1.32098569 -0.735382978 -0.00398317366 0 0 0
volume_proxy 493 -1.22005481 -0.384140156 0.00676936796 0 0 0
volume_proxy 494 -0.353546547 0.756342636 -0.00464416236 0 0 0
volume_proxy 495 -0.569244959 -0.210535841 0.00206488055 0 0 0
volume_proxy 496 0.998233396 0.807898686 -0.00763238216 0 0 0
volume_proxy 497 -1.41035828 -0.817532577 -0.00794214487 0 0 0
volume_proxy 499 1.27552026 -0.742402109 -0.00417662991 0 0 0
volume_proxy 500 -1.01590105 -0.492499133 0.00572728872 0 0 0
volume_proxy 501 -1.41019677 0.835219494 -0.00496209683 0 0 0
volume_proxy 502 0.889410619 -0.366071328 -0.0030392789 0 0 0
volume_proxy 503 -0.446979034 0.318740399 0.00662695603 0 0 0
volume_proxy 504 1.31705717 0.332496416 0.00534511583 0 0 0
volume_proxy 506 0.776762025 -0.26607394 0.00972999081 0 0 0
volume_proxy 508 0.929030207 0.807215928 -0.00484234494 0 0 0
volume_proxy 510 -0.0755407076 -0.310829393 -0.00144726003 0 0 0
volume_proxy 512 0.306505067 -0.53241384 -0.00837364429 0 0 0
volume_proxy 513 0.372560438 -0.26075033 -0.000826450292 0 0 0
volume_proxy 518 1.10631686 -0.501564554 0.00582843828 0 0 0
volume_proxy 519 -0.94719628 0.92864044 -0.00706022018 0 0 0
volume_proxy 522 1.20311894 -0.742103626 -0.00386253807 0 0 0
volume_proxy 523 -0.155657616 0.0337292268 0.00994356768 0 0 0
volume_proxy 525 -0.115101532 0.584960208 0.0040816866 0 0 0
volume_proxy 526 0.751175396 0.555608062 0.0102084316 0 0 0
volume_proxy 527 -0.475890169 -0.259836688 -0.00660876471 0 0 0
volume_proxy 529 0.79329779 -0.75319721 0.000174222439 0 0 0
volume_proxy 530 0.257045257 0.313205483 -0.00650786976 0 0 0
volume_proxy 531 0.276937022 0.322967017 -0.00213081931 0 0 0
volume_proxy 532 -1.09045107 0.595077229 0.00408223316 0 0 0
volume_proxy 533 -1.09835421 -0.320983471 0.00351124116 0 0 0
volume_proxy 534 -0.758259537 -0.698341596 -0.00492269807 0 0 0
volume_proxy 535 0.940870816 0.178378124 -0.00436427253 0 0 0
volume_proxy 536 -0.899314924 -0.979388493 0.000997934991 0 0 0
volume_proxy 537 -1.16647099 -0.0218222788 -0.00210776223 0 0 0
volume_proxy 539 -0.247710697 -0.232757376 0.00947297705 0 0 0
volume_proxy 540 0.240444107 -0.783347765 -0.000815050711 0 0 0
volume_proxy 542 0.808978494 0.346938194 0.00775557681 0 0 0
volume_proxy 544 0.574225147 0.663947759 -0.00847448948 0 0 0
volume_proxy 545 -1.09148242 0.573669926 0.000985284354 0 0 0
volume_proxy 546 -1.06895037 -0.812062248 -0.010351681 0 0 0
volume_proxy 547 1.29106491 0.659854 -0.00226656976 0 0 0
volume_proxy 549 0.391649097 -0.850399715 -0.00116622587 0 0 0
volume_proxy 550 0.137180757 0.184229996 0.0100711904 0 0 0
volume_proxy 552 -0.312253981 -0.759496851 -0.00225817613 0 0 0
volume_proxy 553 1.10125281 -0.380735389 0.00242291564 0 0 0
volume_proxy 554 0.297762146 -0.378015775 0.000476677944 0 0 0
volume_proxy 555 1.4044195 0.209308009 -0.00956649961 0 0 0
volume_proxy 557 -0.335048169 -0.460355854 0.00572111768 0 0 0
volume_proxy 558 0.390683413 -0.999192692 -0.00981772253 0 0 0
volume_proxy 559 1.24146889 0.694969478 0.00408467228 0 0 0
volume_proxy 561 1.07692233 0.94922132 0.00152749017 0 0 0
volume_proxy 562 -0.763964898 0.66386846 -0.00337796673 0 0 0
volume_proxy 563 -0.991063203 0.980033767 -0.00723458322 0 0 0
volume_proxy 564 -1.39624487 0.747963679 0.00688068542 0 0 0
volume_proxy 565 -0.414117363 0.0748257396 0.00202534674 0 0 0
volume_proxy 567 -1.15426425 0.0942634138 0.000179058365 0 0 0
volume_proxy 568 -0.30810371 0.331080081 -0.00492834998 0 0 0
volume_proxy 569 -1.29602343 0.605481433 -0.00664169772 0 0 0
volume_proxy 571 1.12390758 0.952764092 -0.00183561692 0 0 0
volume_proxy 572 0.144083169 -0.65888756 0.00553474505 0 0 0
volume_proxy 574 0.0111930076 -0.605436306 0.00438409017 0 0 0
volume_proxy 575 -1.38241922 0.615965124 0.00088449975 0 0 0
volume_proxy 576 -0.332803062 0.711214415 -0.00328222537 0 0 0
volume_proxy 577 -1.07276621 0.440279624 0.00695465026 0 0 0
volume_proxy 578 -0.846794993 0.687999944 -0.00306757635 0 0 0
volume_proxy 579 -1.02718966 0.757860474 0.00724992467 0 0 0
volume_proxy 581 0.59677427 0.959952435 0.00700282446 0 0 0
volume_proxy 582 1.13928248 -0.441695864 -0.00375128139 0 0 0
volume_proxy 583 0.216413217 -0.755327301 -0.0081844142 0 0 0
volume_proxy 584 -1.00787785 0.307564215 0.0106537848 0 0 0
volume_proxy 585 0.268793564 -0.67856759 -0.00631627881 0 0 0
volume_proxy 586 0.943800638 0.61385624 -0.0012472998 0 0 0
volume_proxy 588 -1.30129633 0.816239629 0.00397025863 0 0 0
volume_proxy 590 1.44801849 0.128022476 0.00129223523 0 0 0
volume_proxy 591 -0.420651802 -0.646288247 -0.00174689533 0 0 0
volume_proxy 592 0.770109651 -0.987379362 -0.000638996096 0 0 0
volume_proxy 594 -0.841327474 -0.144772667 0.0102040512 0 0 0
volume_proxy 595 0.963813218 0.972168372 0.00150326439 0 0 0
volume_proxy 596 -1.35485068 0.00906804114 0.00368633873 0 0 0
volume_proxy 600 0.854815123 0.826775164 -0.00308375682 0 0 0
volume_proxy 602 -0.325670084 -0.688745776 -0.00739241574 0 0 0
volume_proxy 603 -0.199266377 -0.309548647 0.0078974914 0 0 0
volume_proxy 604 -0.668113175 0.519846791 -0.00428702533 0 0 0
volume_proxy 605 0.886561678 0.546599733 -0.009794597 0 0 0
volume_proxy 606 -0.599140457 0.603057908 0.000595581874 0 0 0
volume_proxy 607 1.03574721 -0.277016769 -0.00789914125 0 0 0
volume_proxy 608 -0.185686356 -0.94753821 0.00786233365 0 0 0
volume_proxy 610 -1.44748324 0.0711977908 0.000955661574 0 0 0
volume_proxy 611 -0.123345159 0.597553929 0.00565273206 0 0 0
volume_proxy 612 -0.275925252 -0.153963413 -0.00544095069 0 0 0
volume_proxy 613 -1.13268267 -0.988492489 0.00604747952 0 0 0
volume_proxy 614 -0.824432436 -0.141591667 0.0105000549 0 0 0
volume_proxy 615 1.14032522 -0.959152231 0.00761501602 0 0 0
volume_proxy 616 1.36705591 -0.278836744 0.0107570988 0 0 0
volume_proxy 617 -0.80087247 -0.743686983 -0.000948220907 0 0 0
volume_proxy 620 -0.26938628 -0.333246993 0.0029420474 0 0 0
volume_proxy 621 0.166954171 -0.663458727 -0.00885145357 0 0 0
volume_proxy 623 -1.07627663 0.238469398 -0.00156179786 0 0 0
volume_proxy 624 0.693137847 0.57342003 0.00316727958 0 0 0
volume_proxy 625 -1.32036614 -0.111895166 0.00996468031 0 0 0
volume_proxy 626 0.595612823 0.326154561 -0.00202142766 0 0 0
volume_proxy 627 0.622062744 -0.402899959 -0.00151622709 0 0 0
volume_proxy 628 0.0959806849 -0.240336961 -0.0100106767 0 0 0
volume_proxy 629 -1.47427734 0.703321193 0.00588793678 0 0 0
volume_proxy 630 -1.0479118 -0.791837602 0.0105443738 0 0 0
volume_proxy 631 -1.34741299 -0.336947416 0.010521595 0 0 0
volume_proxy 632 0.079569962 0.327485312 -0.00227533429 0 0 0
volume_proxy 633 0.12185683 -0.0195752252 -0.00219404696 0 0 0
volume_proxy 634 -1.11341844 -0.0399044492 0.00973688452 0 0 0
volume_proxy 635 0.527600462 -0.348423115 -0.00467386533 0 0 0
volume_proxy 636 1.47713025 -0.386320328 0.00559805241 0 0 0
volume_proxy 637 -1.19819101 -0.910430424 -0.00854649997 0 0 0
volume_proxy 638 -0.8693225 0.676516515 0.00986944179 0 0 0
volume_proxy 639 -0.651168731 0.0750719182 -0.00820248987 0 0 0
volume_proxy 641 -0.52651115 -0.614942949 0.00954834231 0 0 0
volume_proxy 642 1.04694112 -0.226665716 0.000133286739 0 0 0
volume_proxy 644 -0.489777301 0.650205857 -0.0105943446 0 0 0
volume_proxy 645 -0.353679872 0.434328449 0.00379900475 0 0 0
volume_proxy 647 -0.311209379 0.227573172 -0.00794714242 0 0 0
volume_proxy 649 -0.698852465 -0.990392046 0.00792449786 0 0 0
volume_proxy 650 0.761178738 -0.269924641 -0.00639175896 0 0 0
volume_proxy 652 0.192858166 0.0304792422 -0.00425345719 0 0 0
volume_proxy 654 1.20411772 -0.67377794 -0.00351368221 0 0 0
volume_proxy 656 0.18256231 -0.382240849 0.0106006947 0 0 0
volume_proxy 658 -1.34387406 0.998634591 0.0049224397 0 0 0
volume_proxy 659 -0.754383917 -0.82947781 -0.00918003028 0 0 0
volume_proxy 660 1.37661707 0.850670763 -0.00824277466 0 0 0
volume_proxy 663 0.477280119 -0.300999106 -0.000774109282 0 0 0
volume_proxy 664 1.33252735 -0.791953279 -0.004050973 0 0 0
volume_proxy 665 -0.981877725 -0.689225898 -0.00488682311 0 0 0
volume_proxy 666 -0.232064888 0.0737796131 0.00664186603 0 0 0
volume_proxy 668 -0.797372598 0.85393199 -0.00685247018 0 0 0
volume_proxy 669 1.20196641 -0.236653123 -0.00552387017 0 0 0
volume_proxy 673 -0.765007972 0.490698642 -0.00865431574 0 0 0
volume_proxy 674 -1.20869889 -0.858943054 -0.000937772677 0 0 0
volume_proxy 675 -0.882166334 0.43862603 -0.00655596876 0 0 0
volume_proxy 676 0.788412279 0.501825297 0.00350958632 0 0 0
volume_proxy 677 -0.0340082263 0.870652431 -0.00469948569 0 0 0
volume_proxy 678 -0.937161368 0.026165819 -0.00688675071 0 0 0
volume_proxy 680 1.32911387 -0.0327634194 -0.00532880434 0 0 0
volume_proxy 682 -0.202408134 0.992383429 -0.00502568871 0 0 0
volume_proxy 683 0.169914354 0.522160856 0.010277685 0 0 0
volume_proxy 684 -0.740848473 0.686650086 0.00179169385 0 0 0
volume_proxy 685 0.0691554012 -0.824116323 0.00159561253 0 0 0
volume_proxy 686 0.159431041 -0.275014374 -0.0067157817 0 0 0
volume_proxy 687 0.991068225 0.827073232 0.0102647239 0 0 0
volume_proxy 688 -0.483283709 0.348870774 0.0100510615 0 0 0
volume_proxy 689 0.111505092 0.953460759 -3.08927456e-05 0 0 0
volume_proxy 690 -0.661833547 0.96706709 -0.00211445343 0 0 0
volume_proxy 691 1.18532937 0.122062576 0.00758107178 0 0 0
volume_proxy 692 -1.46616938 -0.734785345 0.000160439367 0 0 0
volume_proxy 693 0.235890778 0.10741846 0.00238917426 0 0 0
volume_proxy 694 -0.69805544 -0.240286932 -0.000818090609 0 0 0
volume_proxy 695 1.23845452 -0.652205731 0.00403798266 0 0 0
volume_proxy 696 0.712293592 -0.603795796 0.000919429939 0 0 0
volume_proxy 698 -0.226884896 0.673695666 0.00865823986 0 0 0
volume_proxy 699 0.227821641 0.759340156 -0.00482179765 0 0 0
volume_proxy 700 0.761498661 -0.155009806 -0.0100743898 0 0 0
volume_proxy 701 -1.0046003 0.971054444 -0.0107243193 0 0 0
volume_proxy 702 0.170236074 0.150353138 0.0106599603 0 0 0
volume_proxy 703 -1.35030749 -0.899963868 -0.00517642412 0 0 0
volume_proxy 704 1.04008784 0.0304562118 0.00719182704 0 0 0
volume_proxy 707 -0.8510719 0.545192911 0.00911115297 0 0 0
volume_proxy 708 -1.38456164 0.516748595 0.00184514346 0 0 0
volume_proxy 710 0.133191631 0.581738989 0.0098278967 0 0 0
volume_proxy 711 0.198062492 0.289653813 -0.00288927924 0 0 0
volume_proxy 712 0.265928779 -0.773617633 0.00154406717 0 0 0
volume_proxy 716 -0.0240394822 0.972980362 -0.00753168556 0 0 0
volume_proxy 717 0.823066694 -0.195296749 0.00671481622 0 0 0
volume_proxy 720 1.45839909 0.982192188 0.00381836595 0 0 0
volume_proxy 721 -1.07710778 -0.566319979 -0.000667038239 0 0 0
volume_proxy 722 0.413821039 0.890381853 -0.00444106425 0 0 0
volume_proxy 725 -0.864502225 -0.739180889 -0.010432993 0 0 0
volume_proxy 726 -0.311685693 0.0163200391 -0.00587502387 0 0 0
volume_proxy 727 -0.771475258 -0.884869998 -0.00395783061 0 0 0
volume_proxy 728 -0.27897334 -0.96060585 0.00461640238 0 0 0
volume_proxy 730 -1.27578124 -0.857660525 -0.0102424386 0 0 0
volume_proxy 731 -0.963453204 -0.781237943 0.0031602242 0 0 0
volume_proxy 732 1.47385685 -0.701159539 0.00447722817 0 0 0
volume_proxy 733 1.34917142 -0.554853688 0.00530382896 0 0 0
volume_proxy 734 1.32980463 0.709269956 0.00700255756 0 0 0
volume_proxy 735 -0.444596668 -0.0255241137 -0.00379645656 0 0 0
volume_proxy 737 0.037100248 -0.611205628 -0.00849923897 0 0 0
volume_proxy 738 -0.168494794 -0.959818534 0.00955782461 0 0 0
volume_proxy 739 -1.31024157 0.285409094 -0.00214958345 0 0 0
volume_proxy 740 -0.0880668941 0.161641594 0.00150583261 0 0 0
volume_proxy 741 0.783601236 0.682074869 0.00108668124 0 0 0
volume_proxy 745 -1.0058757 0.57050601 -0.00602509179 0 0 0
volume_proxy 746 0.798080488 0.931918743 0.00727999357 0 0 0
volume_proxy 747 1.43965446 -0.464750191 0.00783288111 0 0 0
volume_proxy 748 1.08889893 -0.58479949 -0.00229661898 0 0 0
volume_proxy 749 1.1244932 -0.357371038 0.00138699254 0 0 0
volume_proxy 750 -1.00649369 0.585298413 0.00473137498 0 0 0
volume_proxy 751 0.124096316 -0.935213819 0.00984409018 0 0 0
volume_proxy 752 -0.367100951 -0.333264581 0.0101511918 0 0 0
volume_proxy 755 1.15389361 0.120331896 -0.0099220492 0 0 0
volume_proxy 756 0.411079597 -0.572731077 0.00202264005 0 0 0
volume_proxy 757 -0.0704630423 0.362630184 -0.00329672231 0 0 0
volume_proxy 758 0.896625762 0.821225505 0.00100685286 0 0 0
volume_proxy 759 0.684193908 -0.855680532 0.000879226717 0 0 0
volume_proxy 760 0.596891246 0.438962371 -0.00906419791 0 0 0
volume_proxy 761 -0.117349172 0.160967203 -0.00948145941 0 0 0
volume_proxy 762 -1.30839476 0.759849248 0.00536405051 0 0 0
volume_proxy 764 -0.00226678801 0.255782281 -0.00960176612 0 0 0
volume_proxy 765 0.349891665 0.744048068 0.00542478309 0 0 0
volume_proxy 766 1.18684885 0.268514001 0.00497164649 0 0 0
volume_proxy 767 1.40177093 0.577315466 -0.00541303262 0 0 0
volume_proxy 768 -0.963563397 -0.517469498 -0.00180507211 0 0 0
volume_proxy 769 -0.0834957049 -0.10038339 -0.00749024824 0 0 0
volume_proxy 770 1.26464126 -0.478736702 -0.00012469214 0 0 0
volume_proxy 771 -1.30172802 0.200173932 0.000685097547 0 0 0
volume_proxy 772 0.664922621 0.694450376 -0.000710951805 0 0 0
volume_proxy 773 0.69658823 0.637196784 -0.00539148841 0 0 0
volume_proxy 774 1.38063618 -0.7856302 -0.00802245028 0 0 0
volume_proxy 775 0.776718135 -0.955676087 0.00450112712 0 0 0
volume_proxy 776 1.47363292 -0.0455855825 0.000841287144 0 0 0
volume_proxy 777 0.640854132 -0.860190719 -0.00416897802 0 0 0
volume_proxy 779 -0.185117785 0.0320380829 0.00854016934 0 0 0
volume_proxy 780 -0.808200329 0.215849608 -0.00888428025 0 0 0
volume_proxy 781 -0.742921952 0.227167766 0.0063212259 0 0 0
volume_proxy 782 1.3738327 -0.411387184 0.00473499277 0 0 0
volume_proxy 783 -0.601652493 0.150481206 -0.00108664715 0 0 0
volume_proxy 784 1.49787977 0.197582238 0.00896748504 0 0 0
