volume_proxy 0 1.01893733 -0.151053451 -0.0087452787 0 0 0
volume_proxy 4 1.39885014 0.933265509 -0.000938563707 0 0 0
volume_proxy 5 0.343091773 0.960941619 -0.00969813642 0 0 0
volume_proxy 6 1.33796585 0.00703773353 -0.00792591837 0 0 0
volume_proxy 11 0.398679183 0.815850697 0.00200520984 0 0 0
volume_proxy 12 0.979086657 -0.107595817 0.0067742871 0 0 0
volume_proxy 14 0.648840165 0.613246197 -0.00887169839 0 0 0
volume_proxy 23 -0.940088519 -0.163967434 -0.0100498539 0 0 0
volume_proxy 38 0.139680414 -0.576204338 -0.0100247725 0 0 0
volume_proxy 40 0.0144844929 -0.195178854 -0.00269463944 0 0 0
volume_proxy 50 -0.233789006 -0.726524115 0.00594161951 0 0 0
volume_proxy 53 -0.185965759 -0.757800784 0.00747722876 0 0 0
volume_proxy 58 1.08198578 -0.407830044 0.00455661289 0 0 0
volume_proxy 60 -0.336079581 0.385676022 0.00722209388 0 0 0
volume_proxy 61 -0.325538664 -0.821584906 -0.0013565875 0 0 0
volume_proxy 72 0.698762989 -0.127816536 0.000683536754 0 0 0
volume_proxy 81 -1.19644298 -0.053350186 -0.00440921837 0 0 0
volume_proxy 85 -0.556887097 0.138689216 -0.0063632508 0 0 0
volume_proxy 88 -0.52438705 0.0194067173 0.00947417734 0 0 0
volume_proxy 97 1.20230045 -0.207582406 -0.00234244557 0 0 0
volume_proxy 101 -1.38392064 0.531921046 -0.0102684884 0 0 0
volume_proxy 105 -0.0953976368 -0.786600006 -0.000819390275 0 0 0
volume_proxy 106 -0.632781716 -0.872408544 -0.00665005676 0 0 0
volume_proxy 107 0.552417818 0.478173452 -0.00815564239 0 0 0
volume_proxy 108 1.46809366 0.201834238 0.00242869588 0 0 0
volume_proxy 126 -0.318550258 -0.980841555 -0.00754017581 0 0 0
volume_proxy 127 -0.555225981 0.00686511478 -0.00411133813 0 0 0
volume_proxy 130 1.2239938 0.663479431 -0.00177404115 0 0 0
volume_proxy 132 0.849635099 0.780959956 0.00536512491 0 0 0
volume_proxy 135 -0.357867723 -0.946194182 0.00387314214 0 0 0
volume_proxy 140 -0.930052012 0.854753754 0.00363369015 0 0 0
volume_proxy 145 -0.910936318 -0.539529256 0.00230846203 0 0 0
volume_proxy 157 0.516313967 0.105824134 -0.00447864195 0 0 0
volume_proxy 159 -0.861121205 -0.639344359 -0.00922478448 0 0 0
volume_proxy 161 -0.686615128 0.606157797 0.00489025484 0 0 0
volume_proxy 169 0.848668731 0.794508246 -0.00806726888 0 0 0
volume_proxy 176 0.28575097 -0.413749698 0.000132727883 0 0 0
volume_proxy 178 -1.4843413 0.58786588 -0.00513334588 0 0 0
volume_proxy 186 -0.0907486354 0.715390883 -0.000487043235 0 0 0
volume_proxy 189 -1.4251613 0.546319586 -0.0013958845 0 0 0
volume_proxy 195 -0.5127418 0.23659025 0.00173782237 0 0 0
volume_proxy 196 0.917845738 0.555999087 0.00119351225 0 0 0
volume_proxy 198 1.16999977 -0.859670558 0.00199827665 0 0 0
volume_proxy 200 -0.603237325 -0.48988471 -0.00831939959 0 0 0
volume_proxy 202 -0.885138017 0.971714723 0.00850038615 0 0 0
volume_proxy 209 -1.05422141 -0.39700441 -0.00607326639 0 0 0
volume_proxy 210 0.156481011 0.593622472 0.0105247427 0 0 0
volume_proxy 224 0.517072068 -0.854329146 -0.00522223999 0 0 0
volume_proxy 226 -0.633918788 -0.952197069 0.00550109848 0 0 0
volume_proxy 236 0.351608898 0.261740909 -0.00614943192 0 0 0
volume_proxy 237 0.35777437 0.448977106 -0.000400272417 0 0 0
volume_proxy 244 1.06320338 0.60684197 -0.00664620136 0 0 0
volume_proxy 247 1.29020846 -0.380153403 0.00429814237 0 0 0
volume_proxy 256 0.18424886 -0.618250561 -0.00669236055 0 0 0
volume_proxy 258 0.830707345 0.201930931 -0.0104485802 0 0 0
volume_proxy 259 0.677672452 0.395171851 -0.00904706111 0 0 0
volume_proxy 269 0.256736904 -0.448086571 -0.00798605016 0 0 0
volume_proxy 276 0.637612414 -0.515900547 0.00670089459 0 0 0
volume_proxy 277 -0.504263389 -0.702029781 -0.00628055302 0 0 0
volume_proxy 279 0.524801626 0.33057728 0.00663694986 0 0 0
volume_proxy 294 0.447055272 0.751992735 0.0035243189 0 0 0
volume_proxy 296 0.306234353 -0.309660833 -0.00901517589 0 0 0
volume_proxy 298 0.497771565 -0.52112409 0.00696200385 0 0 0
volume_proxy 305 0.0679990189 -0.0400801865 0.00722092478 0 0 0
volume_proxy 310 0.895792556 0.584058848 0.00500028486 0 0 0
volume_proxy 311 1.08178014 -0.211865217 0.00545602315 0 0 0
volume_proxy 314 -0.210535162 0.440620142 0.00271461761 0 0 0
volume_proxy 329 -0.58042917 0.656500657 0.00960969612 0 0 0
volume_proxy 337 -1.19942614 0.391515404 0.00893286587 0 0 0
volume_proxy 344 0.673990745 0.565273268 0.00214265307 0 0 0
volume_proxy 345 -1.12659511 0.696361021 0.00362665382 0 0 0
volume_proxy 347 -0.449070482 -0.734087094 0.00336286353 0 0 0
volume_proxy 349 0.278321083 -0.0251720489 -0.00878038812 0 0 0
volume_proxy 356 0.114523885 0.732899738 0.010767835 0 0 0
volume_proxy 358 1.31796792 0.849064178 -0.0103017559 0 0 0
volume_proxy 375 0.953175666 -0.295586413 -0.0106534424 0 0 0
volume_proxy 388 -1.36038223 0.063281377 -0.00297929345 0 0 0
volume_proxy 399 0.583213299 -0.521533895 -0.00714764059 0 0 0
volume_proxy 409 -0.0242041825 -0.827455007 -0.00704603589 0 0 0
volume_proxy 412 0.952894233 -0.840664609 0.00117186691 0 0 0
volume_proxy 431 -1.22208384 -0.753834758 -0.00397946963 0 0 0
volume_proxy 512 0.158767592 -0.853807192 0.0106294545 0 0 0
volume_proxy 518 1.3991722 0.0124247647 0.00139373614 0 0 0
volume_proxy 591 0.0211352147 0.431542209 0.00477361502 0 0 0
volume_proxy 637 -0.991339559 -0.535408985 -0.00540975019 0 0 0
volume_proxy 669 1.25404188 -0.918164919 0.000713598136 0 0 0
volume_proxy 682 0.183014494 -0.301457841 0.00593636505 0 0 0
volume_proxy 725 -1.28998373 -0.41880923 -0.00504500121 0 0 0
volume_proxy 751 -0.314857277 -0.856786332 0.00713167159 0 0 0
volume_proxy 802 1.15092148 -0.140517597 -0.00302392171 0 0 0
volume_proxy 814 0.836650732 -0.355720984 0.00177157246 0 0 0
volume_proxy 876 -0.476553462 -0.445383123 -0.00227558464 0 0 0
volume_proxy 883 0.450975243 0.387085137 0.00241733094 0 0 0
volume_proxy 902 -0.0962550467 0.208736076 -0.004047461 0 0 0
volume_proxy 904 -0.87025075 0.694236807 -0.00238791346 0 0 0
volume_proxy 914 0.596234345 -0.649819626 -0.00691593996 0 0 0
volume_proxy 915 -0.564013468 -0.108824046 -6.19075816e-06 0 0 0
volume_proxy 929 -0.898303668 -0.585735665 -0.00455167505 0 0 0
volume_proxy 944 0.370978791 -0.285769677 -0.00437338161 0 0 0
volume_proxy 991 -1.06330764 -0.796719779 -0.00804453574 0 0 0
volume_proxy 1001 -0.288959226 0.992685476 0.00454298821 0 0 0
volume_proxy 1020 -1.00482086 0.259013181 -0.0103336735 0 0 0
volume_proxy 1021 -0.853178736 -0.827519622 -0.00566864971 0 0 0
volume_proxy 1042 0.961496636 0.702779241 -0.00951941108 0 0 0
volume_proxy 1050 -1.02420342 -0.324463007 0.00187365853 0 0 0
volume_proxy 1052 -0.586061281 0.0786056484 -0.00760013181 0 0 0
volume_proxy 1062 0.454630309 0.404960029 0.00202330959 0 0 0
volume_proxy 1066 0.749776155 0.616657684 -0.00133336205 0 0 0
volume_proxy 1093 -0.174365873 -0.773509784 -0.00257400714 0 0 0
volume_proxy 1098 0.249279041 0.941164031 -0.00953385959 0 0 0
volume_proxy 1102 1.21672497 0.904832515 -0.00607764408 0 0 0
volume_proxy 1113 0.983915689 0.769690551 -0.00211481887 0 0 0
volume_proxy 1117 0.882015512 0.251211843 0.00569683104 0 0 0
volume_proxy 1118 -0.368809188 -0.397785092 -0.00614469443 0 0 0
volume_proxy 1120 -0.166098205 0.465284397 0.00180432773 0 0 0
volume_proxy 1133 0.799930158 -0.905553244 0.0076319243 0 0 0
volume_proxy 1137 -0.611850342 0.380711189 0.00973531215 0 0 0
volume_proxy 1138 1.37220561 -0.7119704 0.00573149294 0 0 0
volume_proxy 1147 0.764181581 0.385321567 0.00098739398 0 0 0
volume_proxy 1151 0.568422527 -0.941903023 -0.00676728739 0 0 0
volume_proxy 1166 -1.10924617 0.58893531 -0.00216472356 0 0 0
volume_proxy 1168 -0.454050671 -0.963995014 -0.00492503594 0 0 0
volume_proxy 1169 1.48700041 -0.987318437 0.0057418436 0 0 0
volume_proxy 1172 -0.171643954 0.379265042 0.00305960309 0 0 0
volume_proxy 1179 0.654818423 0.379746209 0.00774147976 0 0 0
volume_proxy 1180 -0.666121695 0.391811426 0.00527171249 0 0 0
volume_proxy 1182 0.0251046575 0.884388386 -0.00589902761 0 0 0
volume_proxy 1186 -0.574476709 -0.0877571586 0.00144331838 0 0 0
volume_proxy 1191 1.00490543 0.821920585 0.000888861827 0 0 0
volume_proxy 1193 -1.04121186 0.0531792492 0.00144692162 0 0 0
volume_proxy 1195 -1.37722263 -0.467161402 0.0102088759 0 0 0
volume_proxy 1197 -0.80658136 -0.571304634 -0.003926995 0 0 0
volume_proxy 1198 0.0330148537 0.54215887 0.000312287244 0 0 0
volume_proxy 1206 0.760046786 0.349316609 0.00620875723 0 0 0
volume_proxy 1208 -0.370379223 0.0498250974 0.00523483285 0 0 0
volume_proxy 1209 -1.4535053 0.268063111 0.00220356307 0 0 0
volume_proxy 1210 -1.41405371 0.983955267 -0.0102758389 0 0 0
volume_proxy 1214 -0.562932129 0.534000739 -0.00678430158 0 0 0
volume_proxy 1217 -0.616176083 0.363555115 0.00468434842 0 0 0
volume_proxy 1219 -0.967364874 0.576657799 -0.00600976946 0 0 0
volume_proxy 1220 0.58356131 0.397373208 0.0101617069 0 0 0
volume_proxy 1223 1.43140928 0.409350631 -0.00733962446 0 0 0
volume_proxy 1225 -0.11841665 -0.145264813 -4.18762279e-05 0 0 0
volume_proxy 1229 1.36065179 0.951107993 0.0107293292 0 0 0
volume_proxy 1230 1.20741545 -0.723954797 0.00372566672 0 0 0
volume_proxy 1231 -0.730459888 0.164706573 -0.00809115374 0 0 0
volume_proxy 1237 0.450075709 0.693876358 0.00439629497 0 0 0
volume_proxy 1238 0.786363615 0.807053218 0.00747830393 0 0 0
volume_proxy 1245 -1.48920067 0.947273579 0.0056388227 0 0 0
volume_proxy 1252 0.536856329 -0.690200101 -0.00662598523 0 0 0
volume_proxy 1255 1.35984592 -0.4567468 0.000622834971 0 0 0
volume_proxy 1259 -1.15105712 0.879575394 -0.0096925124 0 0 0
volume_proxy 1260 0.416532132 0.517651681 -0.00225016191 0 0 0
volume_proxy 1261 -0.291374302 0.878397915 -0.000507109842 0 0 0
volume_proxy 1262 1.14677209 0.438322711 -0.00858127829 0 0 0
volume_proxy 1263 0.596984363 -0.451207555 -0.00486554065 0 0 0
volume_proxy 1264 0.378641525 -0.385477715 0.00250922944 0 0 0
volume_proxy 1270 0.339360497 -0.0596300045 0.00501658322 0 0 0
volume_proxy 1273 -0.839185181 0.872710928 0.00721279216 0 0 0
volume_proxy 1276 1.12052286 0.529811493 0.000941623417 0 0 0
volume_proxy 1277 1.38567117 0.278792476 -0.00260512735 0 0 0
volume_proxy 1280 -1.28286555 0.252311272 0.00400607021 0 0 0
volume_proxy 1281 -0.597933602 -0.810294457 -0.00389846399 0 0 0
volume_proxy 1285 -1.11368526 0.962414192 -0.00448003488 0 0 0
volume_proxy 1289 0.471180267 -0.401402621 0.0048337771 0 0 0
volume_proxy 1291 -0.177369223 0.829066932 0.00855784844 0 0 0
volume_proxy 1292 -0.103070841 0.258956474 0.00332395686 0 0 0
volume_proxy 1293 -0.368829114 -0.760738129 -0.00267987678 0 0 0
volume_proxy 1294 1.27760984 0.689662698 -0.00730177484 0 0 0
volume_proxy 1295 -1.27355178 0.40226667 -0.00306239538 0 0 0
volume_proxy 1296 -0.102826155 -0.273196252 -0.00870179161 0 0 0
volume_proxy 1297 -0.235222658 -0.662496444 0.00468030249 0 0 0
volume_proxy 1298 -0.945606439 -0.789780826 -0.00976510393 0 0 0
volume_proxy 1300 -1.35516425 0.732500949 -0.00989182854 0 0 0
volume_proxy 1301 -1.08491515 0.714007406 -0.00895718193 0 0 0
volume_proxy 1303 -0.909480637 0.561304504 -0.00587696648 0 0 0
volume_proxy 1308 -0.535055034 -0.000944078573 0.00820007887 0 0 0
volume_proxy 1309 0.0494709434 -0.497757059 0.00966117155 0 0 0
volume_proxy 1312 0.894964191 -0.642114604 0.00921324524 0 0 0
volume_proxy 1314 0.162967503 0.33978041 -0.00678757269 0 0 0
volume_proxy 1315 -0.748702469 -0.79247529 0.0106215714 0 0 0
volume_proxy 1317 1.39126106 0.433735679 -0.00766108606 0 0 0
volume_proxy 1318 0.89781778 -0.65950103 -0.00166837104 0 0 0
volume_proxy 1320 -0.407008794 -0.946511933 0.000923696221 0 0 0
volume_proxy 1321 -1.28066504 -0.0101122699 -0.00585350698 0 0 0
volume_proxy 1322 0.759697313 -0.584997222 -0.010512845 0 0 0
volume_proxy 1324 0.825890354 0.932059436 0.000755899771 0 0 0
volume_proxy 1325 -0.0329470266 -0.303431987 -0.0062119929 0 0 0
volume_proxy 1326 -0.00455496253 0.0308385481 -0.00158677608 0 0 0
volume_proxy 1328 -0.946302766 0.447425628 -0.00352117066 0 0 0
volume_proxy 1329 0.967791241 0.697144486 -0.00753499554 0 0 0
volume_proxy 1330 -0.022880046 0.274886657 -0.00108023871 0 0 0
volume_proxy 1331 0.437144212 0.536410549 -0.00677512303 0 0 0
volume_proxy 1332 1.18465057 0.608648913 -0.0104729783 0 0 0
volume_proxy 1333 1.17540537 0.450203936 0.0041430067 0 0 0
volume_proxy 1334 -1.16127894 -0.517813022 0.00103353935 0 0 0
volume_proxy 1335 0.304214843 0.17193732 -0.00390243439 0 0 0
volume_proxy 1336 0.69016571 -0.0817903924 0.00106982893 0 0 0
volume_proxy 1337 -0.567323952 0.757685908 -0.00924403282 0 0 0
volume_proxy 1340 0.410157729 0.293338108 -0.000139442424 0 0 0
volume_proxy 1341 -1.02309951 -0.718869201 -0.00664518105 0 0 0
volume_proxy 1342 -1.04542626 -0.52118529 0.00907952142 0 0 0
volume_proxy 1345 0.653428076 -0.842149193 -0.00385024804 0 0 0
volume_proxy 1346 0.0473841807 0.853364199 0.00316194871 0 0 0
volume_proxy 1347 -0.218397834 0.586226872 0.00215621315 0 0 0
volume_proxy 1348 0.48979647 -0.421762706 0.0083217587 0 0 0
volume_proxy 1349 -1.23573927 -0.21916917 0.0054602636 0 0 0
volume_proxy 1350 0.62638295 -0.426430959 0.00933866106 0 0 0
volume_proxy 1351 0.821737142 0.452683875 0.00037073811 0 0 0
volume_proxy 1353 1.35390639 -0.0248199577 0.00398039167 0 0 0
volume_proxy 1354 -0.259081467 0.0362671481 0.0104877468 0 0 0
volume_proxy 1355 -0.200267775 -0.118254424 0.00526303031 0 0 0
volume_proxy 1356 0.212245511 0.4288153 -0.0048077171 0 0 0
volume_proxy 1357 -1.28395184 0.266306652 0.00605300367 0 0 0
volume_proxy 1358 -1.09680631 -0.393008469 0.0106343222 0 0 0
volume_proxy 1359 -0.584447281 0.122567126 0.00637107506 0 0 0
volume_proxy 1360 -1.44675381 -0.734444606 -0.00311756126 0 0 0
volume_proxy 1361 0.866034797 0.849406054 0.00699803181 0 0 0
