volume_proxy 0 -0.696528878 -0.469372633 -0.00718460899 0 0 0
volume_proxy 6 -0.0068823033 0.326624387 0.00315821515 0 0 0
volume_proxy 11 0.75796516 0.40065796 -0.00828786641 0 0 0
volume_proxy 12 0.829137282 -0.828330339 -0.0102002709 0 0 0
volume_proxy 14 -1.43783275 0.576820093 -0.00960708889 0 0 0
volume_proxy 23 1.03032559 -0.803752499 -0.00611671407 0 0 0
volume_proxy 38 -0.75323449 -0.909263664 -0.00198034891 0 0 0
volume_proxy 40 -0.520755534 -0.429119858 -0.010162746 0 0 0
volume_proxy 50 -0.973075534 -0.400064512 0.000918658483 0 0 0
volume_proxy 53 -1.44354233 0.500389241 -0.00597326012 0 0 0
volume_proxy 58 1.20983171 -0.769973491 -0.0105059134 0 0 0
volume_proxy 60 -0.386333583 0.977915055 0.00120322851 0 0 0
volume_proxy 85 -1.01239974 0.860490465 0.00318819387 0 0 0
volume_proxy 97 0.335165354 0.682449839 0.00987711538 0 0 0
volume_proxy 107 0.089736639 -0.0174319241 0.00200977286 0 0 0
volume_proxy 127 -1.08088003 -0.746523963 -0.00815101671 0 0 0
volume_proxy 130 0.703420523 -0.738810219 0.00578698399 0 0 0
volume_proxy 140 0.0878032516 -0.101358368 -0.000654724807 0 0 0
volume_proxy 157 0.278677529 -0.742852326 -0.00666076989 0 0 0
volume_proxy 159 1.12303149 0.432586776 -0.00956698836 0 0 0
volume_proxy 161 -0.693464987 -0.44190579 0.00282417286 0 0 0
volume_proxy 176 0.831857923 0.00764441083 0.00376731955 0 0 0
volume_proxy 186 -1.13365582 0.319200128 0.00899090208 0 0 0
volume_proxy 189 -0.202804549 -0.0495772224 -0.00814253489 0 0 0
volume_proxy 195 -1.4366074 -0.291308504 -0.00811376579 0 0 0
volume_proxy 196 -0.0255203731 0.556203947 0.00763990052 0 0 0
volume_proxy 200 -1.22418574 0.30355262 -0.000183943007 0 0 0
volume_proxy 202 -0.520727085 0.156032523 0.000203569938 0 0 0
volume_proxy 209 -1.38515507 0.045384725 -0.00652423435 0 0 0
volume_proxy 210 0.695987726 0.550607746 -0.00921360362 0 0 0
volume_proxy 226 1.22290116 -0.957582558 0.00902074475 0 0 0
volume_proxy 236 1.35325253 -0.379530543 0.00154276436 0 0 0
volume_proxy 247 0.30042375 -0.641962256 -0.000767155022 0 0 0
volume_proxy 256 -0.602957891 -0.0686510125 -0.00147652227 0 0 0
volume_proxy 259 0.233571071 0.69520651 -0.00541343156 0 0 0
volume_proxy 269 -0.310896675 0.153289328 -0.00942731429 0 0 0
volume_proxy 277 -0.37324214 -0.242326421 -0.0107712796 0 0 0
volume_proxy 296 -0.623172998 0.819966118 -0.00735680254 0 0 0
volume_proxy 305 0.631797822 -0.836227205 -0.00271482063 0 0 0
volume_proxy 310 1.24822521 0.722804867 0.00314676809 0 0 0
volume_proxy 344 -1.35304628 -0.684461709 0.00385628523 0 0 0
volume_proxy 347 -0.214955429 0.846697489 0.00231934624 0 0 0
volume_proxy 356 -0.0761061163 -0.0349750638 -0.00307401177 0 0 0
volume_proxy 375 1.26884613 -0.288203194 -0.00219821459 0 0 0
volume_proxy 388 0.738455872 -0.642776139 0.00636343775 0 0 0
volume_proxy 802 0.117382944 0.445990753 -0.00864546354 0 0 0
volume_proxy 1052 -0.998078616 -0.329987615 -0.0107208959 0 0 0
volume_proxy 1066 -0.341623018 0.894420512 -0.00907762149 0 0 0
volume_proxy 1120 -0.582063155 0.732830713 6.50859726e-05 0 0 0
volume_proxy 1166 -1.14295264 -0.847513131 -0.00535329153 0 0 0
volume_proxy 1193 -1.11983072 -0.343260414 0.00998581997 0 0 0
volume_proxy 1225 -1.26017685 -0.62432676 0.00623156456 0 0 0
volume_proxy 1245 -1.19789379 0.473778962 -5.64317967e-05 0 0 0
volume_proxy 1280 -1.1705332 0.740544336 0.00464531552 0 0 0
volume_proxy 1285 -0.730501546 0.753975036 0.0003124041 0 0 0
volume_proxy 1295 0.596852803 0.216915504 -0.000459506616 0 0 0
volume_proxy 1296 -0.0930217151 -0.757093296 -0.00816720539 0 0 0
volume_proxy 1340 1.2248121 -0.0417988692 0.00548303682 0 0 0
volume_proxy 1380 -1.47992201 -0.276153109 0.00824564138 0 0 0
volume_proxy 1386 1.28071731 0.707928536 0.00245382019 0 0 0
volume_proxy 1397 0.362452847 0.583807131 0.00804522536 0 0 0
volume_proxy 1409 0.187949631 0.219147064 -0.00278271576 0 0 0
volume_proxy 1413 1.34015336 0.751681337 -0.00399503109 0 0 0
volume_proxy 1422 0.349391174 -0.889702851 -0.00236070949 0 0 0
volume_proxy 1433 0.780717307 0.626333049 -0.00514296699 0 0 0
volume_proxy 1437 -0.157772807 -0.830794993 -0.00874735408 0 0 0
volume_proxy 1459 -0.85470103 -0.530344237 0.0106822314 0 0 0
volume_proxy 1460 -0.207366211 0.351006208 -0.00812616969 0 0 0
volume_proxy 1461 -1.36845984 0.436701286 -0.00310450161 0 0 0
volume_proxy 1466 0.206838912 0.361335028 -0.00318487385 0 0 0
volume_proxy 1472 -0.939233565 0.560697989 0.000257717054 0 0 0
volume_proxy 1474 1.28234802 0.0542402477 0.0107131937 0 0 0
volume_proxy 1481 0.422816008 0.311211583 -0.00648939094 0 0 0
volume_proxy 1482 1.27533221 0.969770459 -0.00985924627 0 0 0
volume_proxy 1485 0.536140352 -0.622263707 0.00869466998 0 0 0
volume_proxy 1489 0.494231716 -0.818701342 -0.00604617402 0 0 0
volume_proxy 1490 0.446487027 0.735225919 0.00061088249 0 0 0
volume_proxy 1496 -1.19780297 0.791751063 0.00182631499 0 0 0
volume_proxy 1498 -0.280021098 0.0979107791 0.00762107913 0 0 0
volume_proxy 1503 -1.36336596 -0.954629173 -0.00987098289 0 0 0
volume_proxy 1506 0.237262925 0.848600992 0.00392274102 0 0 0
volume_proxy 1507 -0.954374448 -0.491114845 -0.00650387393 0 0 0
volume_proxy 1508 -0.263019896 0.0295172433 0.00772420779 0 0 0
volume_proxy 1509 -1.40160113 0.0605864789 0.00859145998 0 0 0
volume_proxy 1510 -0.686268978 -0.954852147 -0.0038623374 0 0 0
volume_proxy 1511 1.08706678 0.267004271 0.00185497594 0 0 0
volume_proxy 1513 -1.22330593 0.584651881 0.00718799161 0 0 0
volume_proxy 1515 0.639381077 -0.730170273 0.00863298781 0 0 0
volume_proxy 1516 -0.221097506 -0.538760262 -0.00976402856 0 0 0
volume_proxy 1517 -1.47142623 -0.581272358 0.00307963626 0 0 0
volume_proxy 1519 0.281913783 -0.807350146 -6.72863855e-05 0 0 0
volume_proxy 1520 0.142491925 -0.326678389 0.00137015256 0 0 0
volume_proxy 1521 -1.29419431 -0.846134096 -0.00352842957 0 0 0
volume_proxy 1523 0.466200623 -0.218249209 -0.00289222089 0 0 0
volume_proxy 1525 -1.05189616 0.774352525 0.000272421526 0 0 0
volume_proxy 1526 1.16715087 -0.458812393 -0.00469316348 0 0 0
volume_proxy 1528 1.18362348 -0.714304876 0.00136732789 0 0 0
volume_proxy 1529 -1.13312242 0.0872329663 0.00681929325 0 0 0
volume_proxy 1531 0.363000479 0.382985724 -0.000373096858 0 0 0
volume_proxy 1533 1.43909842 0.283119652 0.00592476349 0 0 0
volume_proxy 1534 -0.266120367 0.964316528 0.00800941414 0 0 0
volume_proxy 1535 0.987387523 0.416826107 0.0033405586 0 0 0
volume_proxy 1536 -0.529440953 -0.622704952 0.0025243899 0 0 0
volume_proxy 1537 -0.451079456 -0.853445935 0.00241877021 0 0 0
volume_proxy 1538 1.03046851 -0.306175747 -0.00403921334 0 0 0
