volume_proxy 0 0.131458844 0.522829797 -0.00703165208 0 0 0
volume_proxy 5 1.13485891 -0.488052238 0.00468071406 0 0 0
volume_proxy 6 0.0528534198 0.117371464 -0.00446628506 0 0 0
volume_proxy 11 1.11080661 0.520411186 0.00154854512 0 0 0
volume_proxy 12 0.480039389 -0.265175047 -0.00205091462 0 0 0
volume_proxy 14 -0.726799714 0.659610285 -0.00108785862 0 0 0
volume_proxy 23 1.14088454 -0.970415249 -0.00120193293 0 0 0
volume_proxy 38 -0.429506379 -0.890531578 -0.00772131642 0 0 0
volume_proxy 40 -1.00682688 -0.299013787 -0.0103547287 0 0 0
volume_proxy 50 -0.774335249 -0.498700082 -0.000547333283 0 0 0
volume_proxy 53 -1.48066563 0.287737068 -0.00618502779 0 0 0
volume_proxy 58 0.852203389 -0.997751239 -0.00243954194 0 0 0
volume_proxy 60 -0.0241554285 0.127247698 -0.00505104448 0 0 0
volume_proxy 85 -1.28453221 0.884488214 0.00294518736 0 0 0
volume_proxy 97 0.66777264 0.548110017 -0.000684972738 0 0 0
volume_proxy 107 1.45525479 -0.307009514 -0.00568491336 0 0 0
volume_proxy 127 -1.37383449 -0.76261345 -0.0022172421 0 0 0
volume_proxy 130 0.813554739 0.782591902 0.00640892799 0 0 0
volume_proxy 140 -1.08044165 0.823198399 -0.00219156491 0 0 0
volume_proxy 157 1.02712214 0.489211262 -0.0081130967 0 0 0
volume_proxy 159 1.22930798 0.671992203 0.0105677197 0 0 0
volume_proxy 161 0.436056854 0.312514909 -0.00703124346 0 0 0
volume_proxy 176 0.731299478 -0.179642305 -0.00148686857 0 0 0
volume_proxy 186 -1.17520578 -0.464902182 -0.00470651945 0 0 0
volume_proxy 189 -1.15365939 0.750988872 -0.0100594491 0 0 0
volume_proxy 195 -0.734435263 -0.151547261 -0.0017574605 0 0 0
volume_proxy 196 0.635959435 0.341907106 0.00942806321 0 0 0
volume_proxy 200 -1.04974162 -0.84471118 0.000182368101 0 0 0
volume_proxy 202 0.165553225 0.703145297 -0.0067925142 0 0 0
volume_proxy 209 -0.978423122 -0.515955647 -0.00857680176 0 0 0
volume_proxy 210 -0.682192638 0.9492536 0.00531174944 0 0 0
volume_proxy 226 -0.311464037 -0.37609169 -0.00975866293 0 0 0
volume_proxy 236 1.46171261 -0.0112371302 -0.00956490066 0 0 0
volume_proxy 247 0.609990126 0.745241946 0.00279641381 0 0 0
volume_proxy 256 -1.21308583 0.929842229 0.000342780879 0 0 0
volume_proxy 259 0.549964917 0.777070848 -0.00596210989 0 0 0
volume_proxy 269 -0.586491081 0.208262565 0.00291502233 0 0 0
volume_proxy 277 -1.46268718 -0.100264623 0.00234896146 0 0 0
volume_proxy 296 -1.32866168 0.320491248 -0.0107235759 0 0 0
volume_proxy 305 1.13164351 -0.863572764 -0.00423484711 0 0 0
volume_proxy 310 -0.0972098082 -0.94518434 -0.00764669423 0 0 0
volume_proxy 344 -1.10496955 0.553345156 0.00783222082 0 0 0
volume_proxy 347 0.0396393294 0.997709427 -0.00612543359 0 0 0
volume_proxy 356 -0.833790049 0.532088928 -0.00790073147 0 0 0
volume_proxy 375 1.07545631 -0.733290645 0.00709762445 0 0 0
volume_proxy 388 1.02650994 -0.328648507 0.0107534301 0 0 0
volume_proxy 802 1.27015879 -0.471211137 0.00968051312 0 0 0
volume_proxy 1052 -1.02693045 -0.712900306 -0.00879433058 0 0 0
volume_proxy 1066 -0.742483656 0.0699393089 0.00678078246 0 0 0
volume_proxy 1120 -0.419699297 0.183834582 -0.000172192061 0 0 0
volume_proxy 1166 -0.755639359 0.295535092 0.0069191209 0 0 0
volume_proxy 1169 1.16076049 -0.742914146 -9.56370287e-05 0 0 0
volume_proxy 1193 -0.946655368 -0.632855195 -0.00875837133 0 0 0
volume_proxy 1225 -0.0403462519 -0.382940599 0.00644002932 0 0 0
volume_proxy 1245 -1.46452765 -0.308267431 -0.00478778933 0 0 0
volume_proxy 1280 -0.598687484 0.805874205 -0.00986640962 0 0 0
volume_proxy 1285 -1.47373449 0.281017897 -0.00125085282 0 0 0
volume_proxy 1295 0.0716897723 -0.13150819 -0.00813032955 0 0 0
volume_proxy 1296 0.415848445 -0.546763971 0.000556988777 0 0 0
volume_proxy 1340 1.18624178 0.88014454 0.00958452145 0 0 0
volume_proxy 1380 -0.236571178 0.982745617 0.00873061999 0 0 0
volume_proxy 1386 1.3220222 0.260412509 -0.00804812058 0 0 0
volume_proxy 1397 1.1604513 0.805799409 0.00645650003 0 0 0
volume_proxy 1409 -0.0159211481 0.783163518 -0.00319743047 0 0 0
volume_proxy 1413 0.86441086 0.912159974 0.00938324467 0 0 0
volume_proxy 1422 0.543452088 0.106712606 -0.0060776085 0 0 0
volume_proxy 1433 1.23122379 0.941516386 -0.00664904281 0 0 0
volume_proxy 1434 -0.0906441601 -0.986575316 0.00604348822 0 0 0
volume_proxy 1437 -0.190756069 -0.0873146109 -0.0107440327 0 0 0
volume_proxy 1439 0.00683173257 0.877324328 0.000525693762 0 0 0
volume_proxy 1447 1.00433617 0.0736212256 -0.00255746696 0 0 0
volume_proxy 1459 -1.23648188 0.615800347 -0.00747040762 0 0 0
volume_proxy 1460 -0.0446839663 0.658529986 0.0051888932 0 0 0
volume_proxy 1461 -0.597577193 0.807681258 -0.00216574914 0 0 0
volume_proxy 1466 -0.809503523 -0.00490566942 0.00606276117 0 0 0
volume_proxy 1472 -0.847470161 0.490143565 0.00301766203 0 0 0
volume_proxy 1474 0.700783541 -0.691299896 -0.0086311557 0 0 0
volume_proxy 1481 1.00177402 0.416644357 -0.0105967837 0 0 0
volume_proxy 1482 1.11635661 0.151743236 0.00025698365 0 0 0
volume_proxy 1485 0.412959588 -0.407555978 0.00236141146 0 0 0
volume_proxy 1489 0.198594874 -0.704798018 0.00535383151 0 0 0
volume_proxy 1490 1.22362594 0.978239503 -0.00425750419 0 0 0
volume_proxy 1494 1.27988035 -0.139400187 -0.00915319758 0 0 0
volume_proxy 1496 -1.18982363 0.386472119 0.00986588449 0 0 0
volume_proxy 1498 -0.212576598 0.356752336 0.00645686401 0 0 0
volume_proxy 1501 -0.349979769 -0.706225412 0.00227779701 0 0 0
volume_proxy 1503 0.094387787 0.0688420485 -0.00287319894 0 0 0
volume_proxy 1506 0.604857006 0.774348226 -0.00689414465 0 0 0
volume_proxy 1507 -1.22933642 -0.375254235 0.00801448089 0 0 0
volume_proxy 1508 -0.993804339 -0.690358274 0.00511125333 0 0 0
volume_proxy 1509 -1.33637674 0.493874646 0.0103162309 0 0 0
volume_proxy 1510 -0.0506752229 -0.895630914 0.00598794791 0 0 0
volume_proxy 1511 1.41214575 0.759979959 -0.00518617644 0 0 0
volume_proxy 1513 -1.34245327 0.779793829 3.14596192e-05 0 0 0
volume_proxy 1515 0.628499965 0.211941805 -0.00897691813 0 0 0
volume_proxy 1516 -0.362897064 -0.896608606 0.00741164699 0 0 0
volume_proxy 1517 -0.758849836 -0.530127153 0.00040111593 0 0 0
volume_proxy 1519 0.0909697908 -0.314285492 -0.000650464027 0 0 0
volume_proxy 1520 0.272234318 -0.203212754 3.21175889e-05 0 0 0
volume_proxy 1521 -0.753934735 -0.285551081 -0.0100774995 0 0 0
volume_proxy 1522 0.496431268 0.798899851 -0.00350442411 0 0 0
volume_proxy 1523 1.27865809 -0.165315377 0.0107413118 0 0 0
volume_proxy 1525 -0.909485916 0.925129624 0.00902547245 0 0 0
volume_proxy 1526 1.18420354 -0.324592568 0.00987312702 0 0 0
volume_proxy 1528 0.788948219 -0.887132508 0.00839571134 0 0 0
volume_proxy 1529 -0.940661393 0.143459262 -0.00313764905 0 0 0
volume_proxy 1530 -0.99675496 -0.548656699 0.00183314512 0 0 0
volume_proxy 1531 0.470935802 0.574519583 0.0032765483 0 0 0
