volume_proxy 0 1.44723717 -0.0260664668 0.00291207552 0 0 0
volume_proxy 5 0.696877022 0.159988102 0.00506611793 0 0 0
volume_proxy 6 0.418116381 -0.0747391337 0.00101018468 0 0 0
volume_proxy 11 0.957573885 0.232149507 0.00190992904 0 0 0
volume_proxy 12 1.23500367 -0.412380958 -0.000476915944 0 0 0
volume_proxy 14 0.141929097 -0.273160081 -0.00734613035 0 0 0
volume_proxy 23 0.197389654 -0.222996484 0.00367570106 0 0 0
volume_proxy 38 0.489669696 0.0392370116 0.005490633 0 0 0
volume_proxy 40 0.243105499 -0.969305153 0.00417851441 0 0 0
volume_proxy 50 -0.105232119 -0.157712979 0.000164458994 0 0 0
volume_proxy 53 -0.470176492 -0.213079711 0.00774932047 0 0 0
volume_proxy 58 1.01301516 -0.442666991 -0.00855303558 0 0 0
volume_proxy 60 0.854817105 0.77393984 -0.00508746687 0 0 0
volume_proxy 61 0.0896387008 -0.638935398 -0.00541152076 0 0 0
volume_proxy 72 0.249158028 0.254531548 0.000897177933 0 0 0
volume_proxy 85 -1.3642667 -0.359658569 0.00429476309 0 0 0
volume_proxy 88 -0.860550134 -0.595866399 -0.00863696277 0 0 0
volume_proxy 97 1.42070924 -0.517111745 0.00992489689 0 0 0
volume_proxy 101 -0.857908103 0.87212456 0.0104016103 0 0 0
volume_proxy 105 0.235036634 -0.191357454 0.00337948787 0 0 0
volume_proxy 107 1.356483 0.00807508743 -0.00364728742 0 0 0
volume_proxy 108 1.13422825 0.461460341 0.00562925852 0 0 0
volume_proxy 127 -0.610894553 0.983280881 0.00194806678 0 0 0
volume_proxy 130 1.36723061 0.477622768 0.000787550996 0 0 0
volume_proxy 140 -0.57740818 0.175238431 -0.00325274417 0 0 0
volume_proxy 157 0.776287714 -0.226113131 0.0074938178 0 0 0
volume_proxy 159 0.483467589 -0.406082535 0.00992957062 0 0 0
volume_proxy 161 0.366116226 0.218568912 -0.00613870747 0 0 0
volume_proxy 176 0.587596837 -0.845207275 -0.00225862466 0 0 0
volume_proxy 186 0.424352719 0.198298304 0.00146512158 0 0 0
volume_proxy 189 -1.41102459 0.339749493 -0.00604439956 0 0 0
volume_proxy 195 -0.0648755052 -0.212736742 0.00618155826 0 0 0
volume_proxy 196 0.372281809 0.239305725 0.000761273759 0 0 0
volume_proxy 200 -0.34744298 -0.899410922 -0.0103046928 0 0 0
volume_proxy 202 -1.46175344 0.745889911 0.0078560114 0 0 0
volume_proxy 209 -0.937624027 0.0061208008 0.00504015694 0 0 0
volume_proxy 210 -0.636789757 -0.0266462416 -0.00238484085 0 0 0
volume_proxy 226 -0.930955683 -0.13985564 -0.00268491047 0 0 0
volume_proxy 236 0.234084424 0.776054009 0.0093013228 0 0 0
volume_proxy 247 0.77390954 0.396282567 0.00067553156 0 0 0
volume_proxy 256 -0.624813192 0.202409666 -0.00169930245 0 0 0
volume_proxy 259 -0.0548937653 0.0151708424 -0.00297637453 0 0 0
volume_proxy 269 0.351218536 -0.0951232551 0.000746450321 0 0 0
volume_proxy 277 -0.928445339 -0.471655873 -0.00992220812 0 0 0
volume_proxy 294 -0.0735536736 0.163851525 -0.00997530299 0 0 0
volume_proxy 296 -0.180062633 -0.102947587 -0.00586707837 0 0 0
volume_proxy 298 1.37388791 -0.343694642 0.00687894561 0 0 0
volume_proxy 305 0.926602194 -0.450363258 -0.00127577217 0 0 0
volume_proxy 310 0.978688884 0.210318188 -0.00565124696 0 0 0
volume_proxy 311 1.13609223 -0.912964639 -0.00810993779 0 0 0
volume_proxy 329 -0.883799008 -0.693974385 -0.00762328836 0 0 0
volume_proxy 337 -0.796596537 0.864926129 -0.00476609795 0 0 0
volume_proxy 344 -0.46128856 0.195202821 0.0061706477 0 0 0
volume_proxy 347 -0.104479541 -0.632645989 -0.00839632607 0 0 0
volume_proxy 349 -0.357159679 0.358180877 0.000459925776 0 0 0
volume_proxy 356 0.407789189 0.715628435 -0.00650949441 0 0 0
volume_proxy 375 1.33158858 -0.225853392 0.00552040125 0 0 0
volume_proxy 388 -1.36794408 0.878460271 -0.00589837862 0 0 0
volume_proxy 431 -1.28236989 -0.745904607 -0.00108910194 0 0 0
volume_proxy 802 1.12226076 -0.807126658 -0.00504498477 0 0 0
volume_proxy 876 0.107823358 -0.963028574 -0.0103125161 0 0 0
volume_proxy 904 -0.167467719 0.183720286 -0.0105008563 0 0 0
volume_proxy 1020 -1.37846093 0.932642234 -0.00101508953 0 0 0
volume_proxy 1052 0.0718712285 -0.673443938 -0.00017605949 0 0 0
volume_proxy 1066 0.712808665 0.827540776 -0.00785502111 0 0 0
volume_proxy 1093 -0.322419362 0.0810741459 -0.00503883245 0 0 0
volume_proxy 1118 0.161632872 -0.310955343 0.00787526003 0 0 0
volume_proxy 1120 -0.63282528 0.965340023 -0.00209720399 0 0 0
volume_proxy 1138 1.11699319 -0.766076926 -0.000199497303 0 0 0
volume_proxy 1166 -0.758516126 0.556768972 -0.000198180059 0 0 0
volume_proxy 1169 1.43571881 -0.916345648 -0.00203545768 0 0 0
volume_proxy 1172 0.0628600037 0.719356881 0.000837708369 0 0 0
volume_proxy 1180 -1.3758812 -0.374233787 -0.00271201244 0 0 0
volume_proxy 1186 -0.578761522 -0.575819358 0.0107542891 0 0 0
volume_proxy 1193 -0.781619517 -0.243958928 0.000491053199 0 0 0
volume_proxy 1210 -1.18231847 0.871348728 -0.0038164815 0 0 0
volume_proxy 1217 -0.501580316 0.148666443 0.00280569882 0 0 0
volume_proxy 1219 -0.976425606 0.897027555 -0.00927704633 0 0 0
volume_proxy 1225 -0.0836591879 -0.665948027 -0.00965227323 0 0 0
volume_proxy 1230 1.3191963 -0.141837764 -0.00733377055 0 0 0
volume_proxy 1237 0.416315011 0.948837573 -0.00964043575 0 0 0
volume_proxy 1238 0.375472753 0.987677012 -0.00832098986 0 0 0
volume_proxy 1245 -1.38522098 0.847434634 0.00148129017 0 0 0
volume_proxy 1255 1.26820263 -0.489005649 0.00148433924 0 0 0
volume_proxy 1270 0.588874519 -0.328143613 0.00654539196 0 0 0
volume_proxy 1280 -1.13854878 0.453004838 0.00848769207 0 0 0
volume_proxy 1285 -1.46182785 0.758411682 -0.00338784228 0 0 0
volume_proxy 1292 0.578839924 0.277141824 -0.00120411443 0 0 0
volume_proxy 1295 -1.19440945 0.843015391 -0.00174860941 0 0 0
volume_proxy 1296 -0.0902664343 0.0191739169 -0.00192745683 0 0 0
volume_proxy 1297 0.122190705 -0.74870635 0.00809879811 0 0 0
volume_proxy 1301 -0.776461631 0.666359896 -0.00413778577 0 0 0
volume_proxy 1308 -0.495449375 0.877167861 -0.000306057325 0 0 0
volume_proxy 1318 1.28173821 -0.538158909 -0.00764728515 0 0 0
volume_proxy 1326 0.0959156002 -0.250473848 -0.00644766488 0 0 0
volume_proxy 1334 -0.817025881 -0.977490002 -0.00607967703 0 0 0
volume_proxy 1335 0.00139276014 -0.654995717 0.00293173801 0 0 0
volume_proxy 1340 0.510573261 0.51892514 0.00286748198 0 0 0
volume_proxy 1347 -0.237956835 0.732783191 0.00251340658 0 0 0
volume_proxy 1348 1.46385627 -0.719714232 0.00168538192 0 0 0
volume_proxy 1361 1.14380565 0.609580674 -0.0107089511 0 0 0
volume_proxy 1366 0.864703236 0.997996288 0.00907163839 0 0 0
volume_proxy 1379 0.721441473 0.44651235 -0.00112090092 0 0 0
volume_proxy 1380 -0.467241808 0.575464543 -0.00138986212 0 0 0
volume_proxy 1381 0.546176253 0.671307721 -0.0103319085 0 0 0
volume_proxy 1384 0.297623162 0.111759382 -0.00467804305 0 0 0
volume_proxy 1386 0.945140539 0.921476643 0.00214345695 0 0 0
volume_proxy 1388 0.436679688 0.249240904 -0.00973762252 0 0 0
volume_proxy 1389 -0.235741806 0.897731378 -0.00743910167 0 0 0
volume_proxy 1390 -1.29674831 0.950277876 0.00462495346 0 0 0
volume_proxy 1392 -0.0718418818 -0.990389449 0.00500454569 0 0 0
volume_proxy 1395 0.924756668 0.180789001 -0.00641487709 0 0 0
volume_proxy 1397 0.246998961 0.588394004 -0.00950010112 0 0 0
volume_proxy 1398 -1.33314069 0.507722477 0.00770905827 0 0 0
volume_proxy 1403 0.650215692 0.200960393 -0.00353535119 0 0 0
volume_proxy 1405 0.356292248 0.340733459 0.00437888138 0 0 0
volume_proxy 1408 0.48151421 0.771301503 -0.00886567363 0 0 0
volume_proxy 1409 1.34389665 0.13340174 0.00257449993 0 0 0
volume_proxy 1413 0.468659678 0.976447702 -0.00433969116 0 0 0
volume_proxy 1414 0.99240069 0.414895819 -0.00711551128 0 0 0
volume_proxy 1415 1.20270768 -0.438348314 -0.00909176418 0 0 0
volume_proxy 1418 -1.46242347 -0.0813287135 -0.00599368967 0 0 0
volume_proxy 1419 -1.33783516 -0.636688032 0.000897175875 0 0 0
volume_proxy 1420 -1.23374252 -0.179881111 -0.00211484084 0 0 0
volume_proxy 1421 -1.05606706 -0.0867423795 0.00719469997 0 0 0
volume_proxy 1422 0.799902197 -0.598124453 0.00397672675 0 0 0
volume_proxy 1423 -0.428888385 0.456405648 0.00293634849 0 0 0
volume_proxy 1425 -0.774371142 -0.923114299 -0.000678799728 0 0 0
volume_proxy 1426 0.961492397 -0.141639942 -0.0017501833 0 0 0
volume_proxy 1428 -0.119948175 0.594566272 0.00998562819 0 0 0
volume_proxy 1429 1.49938345 -0.144755712 -0.00249688479 0 0 0
volume_proxy 1433 1.1901297 0.171119561 -0.00827150311 0 0 0
volume_proxy 1434 0.424539788 -0.437026671 -0.00680849681 0 0 0
volume_proxy 1436 -1.05232929 -0.912397017 0.00426969883 0 0 0
volume_proxy 1437 -0.27450636 -0.230296398 -0.000381729104 0 0 0
volume_proxy 1439 -1.16708011 0.850385864 0.00780201932 0 0 0
volume_proxy 1440 0.0521808938 -0.437757235 -0.00455526924 0 0 0
volume_proxy 1441 0.0649311944 -0.951975264 -0.00254333424 0 0 0
volume_proxy 1444 -0.719794874 -0.69136757 0.00926713135 0 0 0
volume_proxy 1445 0.409527448 -0.885958553 -0.00121641276 0 0 0
volume_proxy 1446 -1.26792024 -0.743227458 -0.00229980574 0 0 0
volume_proxy 1447 1.24159572 -0.809025056 0.00297690907 0 0 0
volume_proxy 1448 0.38370086 -0.35846131 -0.00196028423 0 0 0
volume_proxy 1454 -1.03514901 -0.846740328 0.00963396095 0 0 0
volume_proxy 1456 -0.0959609963 -0.0822441939 -0.00739514685 0 0 0
volume_proxy 1457 1.03838383 0.953430302 -0.0032393453 0 0 0
volume_proxy 1458 0.0893156395 -0.815678631 0.0021475012 0 0 0
volume_proxy 1459 -1.10632025 0.730986964 0.00940038899 0 0 0
volume_proxy 1460 1.0343602 0.587497027 -0.00533285996 0 0 0
volume_proxy 1461 -1.42743438 0.384966374 -0.0002240562 0 0 0
volume_proxy 1462 -0.860017672 -0.983819965 -0.0103254415 0 0 0
volume_proxy 1463 -0.825238513 -0.943905858 0.00801460177 0 0 0
