volume_proxy 0 -0.128336441 -0.515682429 0.0102446726 0 0 0
volume_proxy 6 -0.388310475 0.0979369298 -0.00777281106 0 0 0
volume_proxy 11 0.896586688 0.276300962 0.00570639758 0 0 0
volume_proxy 12 1.25450796 -0.471747594 0.00787270546 0 0 0
volume_proxy 14 -1.31399463 0.85938913 -0.00244234271 0 0 0
volume_proxy 23 1.13809749 -0.404387737 -0.00138649313 0 0 0
volume_proxy 38 -0.956942907 -0.978880641 -0.000314662814 0 0 0
volume_proxy 40 -1.07859328 -0.385695994 0.00737719041 0 0 0
volume_proxy 50 -1.14822267 -0.651207633 0.00877324508 0 0 0
volume_proxy 53 -1.46666545 0.990932512 0.0067074579 0 0 0
volume_proxy 58 0.691542579 -0.349521095 0.0021640859 0 0 0
volume_proxy 60 -0.416264179 0.627364288 0.00115342466 0 0 0
volume_proxy 85 -0.93648772 0.473882097 0.00240790799 0 0 0
volume_proxy 97 0.623542593 0.516699106 -0.00830725517 0 0 0
volume_proxy 107 0.210143791 -0.045742901 -0.00623203912 0 0 0
volume_proxy 127 -1.38978683 -0.729270305 -0.000459431894 0 0 0
volume_proxy 130 0.0526509774 -0.954227195 0.00664941484 0 0 0
volume_proxy 140 0.160650709 -0.122060729 0.00666376206 0 0 0
volume_proxy 157 0.729807085 0.205314732 -0.00344884123 0 0 0
volume_proxy 159 0.373979743 0.776110159 -0.00622237906 0 0 0
volume_proxy 161 -0.466085617 -0.163282252 0.00994605999 0 0 0
volume_proxy 176 0.773213361 0.564427885 -0.000419251846 0 0 0
volume_proxy 186 -0.812435026 0.0683655182 0.00458924078 0 0 0
volume_proxy 189 -0.971274802 -0.675074481 -0.00128553025 0 0 0
volume_proxy 195 -1.33046916 -0.639691758 0.00331385146 0 0 0
volume_proxy 196 -0.955800693 0.368988087 0.000571273164 0 0 0
volume_proxy 200 -1.38512691 0.865983987 -0.0063170217 0 0 0
volume_proxy 202 -0.837821806 -0.0592336838 -0.00156912059 0 0 0
volume_proxy 209 -0.821325084 -0.0189057886 0.00391570234 0 0 0
volume_proxy 210 0.446739223 0.549291924 -0.00805101494 0 0 0
volume_proxy 226 1.14193054 0.241282767 -0.00426680852 0 0 0
volume_proxy 236 0.754074682 -0.0929536693 -0.00545414375 0 0 0
volume_proxy 247 -0.138176182 -0.836427797 0.00924557765 0 0 0
volume_proxy 256 0.728452641 -0.801272296 0.00777273933 0 0 0
volume_proxy 259 0.750552585 -0.0441231439 -0.00198630765 0 0 0
volume_proxy 269 -1.28325519 0.797240879 0.0102745362 0 0 0
volume_proxy 277 -1.18481586 -0.71416029 -0.00930750472 0 0 0
volume_proxy 296 -0.896041126 -0.0232841438 -0.00230671265 0 0 0
volume_proxy 305 0.452560453 -0.737264376 0.00152843515 0 0 0
volume_proxy 310 0.950881737 0.620383977 -0.00791238198 0 0 0
volume_proxy 344 -0.982819709 -0.32443183 0.010282158 0 0 0
volume_proxy 347 -0.438632074 0.862468078 0.000955129284 0 0 0
volume_proxy 356 -0.214264801 0.379316441 0.00535452907 0 0 0
volume_proxy 375 0.811488977 -0.476838074 -0.000752310264 0 0 0
volume_proxy 388 1.4040359 -0.701655441 -0.00937939231 0 0 0
volume_proxy 1052 -0.790292085 -0.194391656 0.00506465166 0 0 0
volume_proxy 1066 -0.446561737 0.188996366 0.00976071356 0 0 0
volume_proxy 1120 -0.562738157 0.74664555 -0.00664410771 0 0 0
volume_proxy 1166 -0.711333187 -0.980251203 -0.00703946501 0 0 0
volume_proxy 1193 -0.928407838 -0.26060681 -0.0060583224 0 0 0
volume_proxy 1225 -1.13905716 -0.908658442 -0.0106019342 0 0 0
volume_proxy 1245 -1.47331685 0.865218254 0.0015481893 0 0 0
volume_proxy 1280 -1.44888404 0.834768003 -0.00201216571 0 0 0
volume_proxy 1285 -0.720204468 0.457253096 0.00472069841 0 0 0
volume_proxy 1295 0.442272372 0.279870941 0.000870339952 0 0 0
volume_proxy 1296 -0.51549882 -0.448445158 0.000119819485 0 0 0
volume_proxy 1340 1.18066559 -0.153536979 0.00884949958 0 0 0
volume_proxy 1380 -1.44368353 -0.152869089 0.000382468966 0 0 0
volume_proxy 1386 1.07522154 0.929133654 -0.000906953151 0 0 0
volume_proxy 1397 0.246157792 0.589809767 0.00450582968 0 0 0
volume_proxy 1409 0.485073682 0.320304145 -0.00677238007 0 0 0
volume_proxy 1413 0.731412505 0.373087138 -0.00695851103 0 0 0
volume_proxy 1422 0.756118356 -0.853208213 0.00308697645 0 0 0
volume_proxy 1433 1.33452598 0.927865604 0.00801617535 0 0 0
volume_proxy 1437 -0.210005363 -0.971142294 -0.00397746004 0 0 0
volume_proxy 1459 -0.631279479 -0.268481705 0.000995142333 0 0 0
volume_proxy 1460 -0.925391256 0.408627674 0.00977758044 0 0 0
volume_proxy 1461 -1.01734912 0.593454377 -0.00151814341 0 0 0
volume_proxy 1472 -1.06346107 -0.384452175 -0.0067287652 0 0 0
volume_proxy 1474 1.18980585 0.172980825 0.00483452915 0 0 0
volume_proxy 1481 -0.0612934665 0.312646793 -0.0105410831 0 0 0
volume_proxy 1482 0.681482926 0.622580272 0.00559340808 0 0 0
volume_proxy 1485 0.791235906 -0.614462748 0.0103271726 0 0 0
volume_proxy 1489 0.153409863 -0.970737835 -0.00280134656 0 0 0
volume_proxy 1490 1.02789834 0.616458989 -0.00971837547 0 0 0
volume_proxy 1496 -1.42410099 0.463037109 0.00481370172 0 0 0
volume_proxy 1498 0.11874357 -0.3341239 -0.00513096775 0 0 0
volume_proxy 1503 -1.10339558 -0.60879772 0.00864087521 0 0 0
volume_proxy 1506 0.505313957 0.803948893 -0.000854548679 0 0 0
volume_proxy 1507 -0.501668193 -0.727657559 0.0084207107 0 0 0
volume_proxy 1508 -0.807030281 -0.14698305 -0.00941428783 0 0 0
volume_proxy 1509 -0.986673796 -0.109608152 -0.00292973232 0 0 0
volume_proxy 1510 -0.658371963 -0.969242537 -0.0073494394 0 0 0
volume_proxy 1513 -1.27999848 0.329248435 0.000514173553 0 0 0
volume_proxy 1515 0.468976719 -0.802871383 -0.00656330009 0 0 0
volume_proxy 1516 -0.182258591 -0.736693485 0.00178536072 0 0 0
volume_proxy 1517 -1.20876182 -0.45636665 -0.00505284154 0 0 0
volume_proxy 1519 0.359702397 0.02324036 0.00370308318 0 0 0
volume_proxy 1520 0.136562418 -0.564967203 0.0068227143 0 0 0
volume_proxy 1521 -1.26725475 -0.975781007 -0.00735305114 0 0 0
volume_proxy 1523 0.0966708357 -0.0750366933 -0.00956631358 0 0 0
volume_proxy 1525 -0.570299458 0.852940367 0.00889501443 0 0 0
volume_proxy 1526 1.46447057 -0.210113994 -0.00879176719 0 0 0
volume_proxy 1528 1.12639783 -0.919737241 0.00981504087 0 0 0
volume_proxy 1529 -1.01067144 -0.0131207125 0.00701378972 0 0 0
volume_proxy 1531 0.348353837 0.911110934 -0.00867528121 0 0 0
volume_proxy 1533 1.01881829 0.551041945 0.000453399563 0 0 0
volume_proxy 1534 -0.847341666 0.271989182 -0.000890070012 0 0 0
volume_proxy 1536 -0.547350107 -0.690538026 -0.00332536363 0 0 0
volume_proxy 1537 -0.454550685 -0.780411461 -0.00471661881 0 0 0
volume_proxy 1538 1.21659133 -0.12495227 -0.00486113186 0 0 0
volume_proxy 1539 0.330900714 0.72334712 -0.00875131107 0 0 0
volume_proxy 1540 1.39985026 0.0842877475 0.00126858829 0 0 0
