volume_proxy 0 0.374457747 -0.116650154 0.0074619867 0 0 0
volume_proxy 6 -0.530019453 0.911683717 -8.46185888e-05 0 0 0
volume_proxy 11 1.38968756 0.770622352 -0.00111324718 0 0 0
volume_proxy 12 1.0984699 0.193963243 0.00143898847 0 0 0
volume_proxy 14 -1.06251853 0.564789436 0.00293904798 0 0 0
volume_proxy 23 0.458091606 -0.403591497 -0.00943831044 0 0 0
volume_proxy 38 -1.29135707 -0.62405524 -0.0096447813 0 0 0
volume_proxy 40 -0.990666573 0.0434707869 0.00999848771 0 0 0
volume_proxy 50 -1.07180373 -0.462184977 -0.000554286343 0 0 0
volume_proxy 53 -1.04729452 0.367714982 -0.00282505957 0 0 0
volume_proxy 58 1.05269379 -0.757889109 0.00906502487 0 0 0
volume_proxy 60 0.18598427 0.950717467 -0.00715975275 0 0 0
volume_proxy 85 -1.39093843 0.6164426 0.00669393037 0 0 0
volume_proxy 97 1.01813498 0.869935927 -0.00628421001 0 0 0
volume_proxy 107 1.04637141 0.0287839669 0.00378819464 0 0 0
volume_proxy 127 -1.34198457 -0.581722989 0.0106880084 0 0 0
volume_proxy 130 0.731405657 -0.35473261 -0.00892674743 0 0 0
volume_proxy 140 -0.85793061 0.5245213 -0.00974363544 0 0 0
volume_proxy 157 0.786309897 -0.949011884 -0.00767656595 0 0 0
volume_proxy 159 1.42529409 0.386273341 0.00858288106 0 0 0
volume_proxy 161 -0.22968177 0.779636351 0.0106676609 0 0 0
volume_proxy 176 1.22255224 -0.101518672 -0.00808442225 0 0 0
volume_proxy 186 -1.02686844 -0.203286869 -0.00257699289 0 0 0
volume_proxy 189 -0.538929876 -0.383243434 0.00999845364 0 0 0
volume_proxy 195 -1.31854856 -0.98039268 0.00412373857 0 0 0
volume_proxy 196 0.585798918 0.113805297 0.00687091485 0 0 0
volume_proxy 200 -1.33178824 -0.364209213 0.00919150209 0 0 0
volume_proxy 202 0.400754265 0.291944959 0.00826856346 0 0 0
volume_proxy 209 -0.958288525 0.205839893 0.00915170977 0 0 0
volume_proxy 210 0.137912698 0.891637295 0.00629287696 0 0 0
volume_proxy 226 0.494790457 -0.784992933 0.00434711031 0 0 0
volume_proxy 236 1.2867468 -0.737640997 0.00995519772 0 0 0
volume_proxy 247 0.912854943 0.658475684 0.00474318732 0 0 0
volume_proxy 256 -0.844572764 0.680528116 -0.000798039629 0 0 0
volume_proxy 259 0.914920076 0.561379781 0.00483272462 0 0 0
volume_proxy 269 -1.20320917 0.0169856979 -0.00693978276 0 0 0
volume_proxy 277 -0.656098224 -0.0900010869 0.0105609614 0 0 0
volume_proxy 296 -1.36841023 0.869556455 0.00363250265 0 0 0
volume_proxy 305 1.06163028 -0.490695113 -0.00237437679 0 0 0
volume_proxy 310 0.342548816 -0.0567020274 -0.00911847427 0 0 0
volume_proxy 344 -1.27541707 -0.417835793 -0.0107731603 0 0 0
volume_proxy 347 -0.616886817 0.982744356 -0.0067040379 0 0 0
volume_proxy 356 -0.390733227 0.0290601162 -0.00687605023 0 0 0
volume_proxy 375 0.895337659 -0.0963625315 -0.000228797114 0 0 0
volume_proxy 388 1.27327926 -0.0653824318 0.00717783843 0 0 0
volume_proxy 802 1.15746073 0.432652826 -0.0101728503 0 0 0
volume_proxy 1052 -1.00514432 -0.679301555 -0.0072166677 0 0 0
volume_proxy 1066 0.131274322 0.582593536 0.00949088584 0 0 0
volume_proxy 1120 -0.902750755 0.28992157 0.00443633646 0 0 0
volume_proxy 1166 -0.890966707 -0.300811929 -0.00659025664 0 0 0
volume_proxy 1193 -1.08669056 -0.316140411 -0.00396488877 0 0 0
volume_proxy 1225 -0.648468429 -0.416317906 -0.00929154265 0 0 0
volume_proxy 1245 -1.47777224 0.0237382144 -0.00318392974 0 0 0
volume_proxy 1280 -0.306488458 0.863181891 -0.00744088559 0 0 0
volume_proxy 1285 -1.46759348 0.716017357 0.00733919138 0 0 0
volume_proxy 1295 0.400529549 -0.0279372343 0.0095641215 0 0 0
volume_proxy 1296 0.0820792554 -0.784130903 0.0106738912 0 0 0
volume_proxy 1340 0.809157503 0.747795982 0.00804228975 0 0 0
volume_proxy 1380 -0.811796282 0.018439026 -0.010496556 0 0 0
volume_proxy 1386 1.10834996 0.59055132 -0.0046589519 0 0 0
volume_proxy 1397 0.724281297 0.980719022 -0.0102553078 0 0 0
volume_proxy 1409 -0.243010349 0.739350902 0.00863807366 0 0 0
volume_proxy 1413 1.08275968 0.735100528 -0.00130017653 0 0 0
volume_proxy 1422 -0.232895197 -0.59327423 -0.00841172775 0 0 0
volume_proxy 1433 1.24587988 0.509019241 -0.00462666884 0 0 0
volume_proxy 1437 0.0519973226 -0.239844317 0.00299958726 0 0 0
volume_proxy 1447 1.36214162 0.00649793718 0.0107115194 0 0 0
volume_proxy 1459 -1.20368211 -0.172903558 0.00965151374 0 0 0
volume_proxy 1460 0.262319083 0.928353141 -0.00423925369 0 0 0
volume_proxy 1461 -0.855194066 0.825510089 0.00623174117 0 0 0
volume_proxy 1466 -0.606679293 0.356542114 -0.00508513005 0 0 0
volume_proxy 1472 -1.40877661 0.729092317 0.00259012714 0 0 0
volume_proxy 1474 1.12341396 -0.801424595 0.00138741932 0 0 0
volume_proxy 1481 0.803260005 0.55907596 0.00143318686 0 0 0
volume_proxy 1482 0.727029891 0.103129921 0.00626534858 0 0 0
volume_proxy 1485 0.345350733 -0.3008314 -0.00736547201 0 0 0
volume_proxy 1489 0.202504696 -0.839941381 0.0067377839 0 0 0
volume_proxy 1490 1.03584666 0.950848097 -0.0043511552 0 0 0
volume_proxy 1494 1.31371342 -0.111106721 0.00592477889 0 0 0
volume_proxy 1496 -1.22264224 0.4578888 -0.00562519489 0 0 0
volume_proxy 1498 -0.236295564 0.0835573132 -0.00813418105 0 0 0
volume_proxy 1503 -0.90847312 -0.467431084 0.00203965986 0 0 0
volume_proxy 1506 0.117787923 0.42362373 0.00513543191 0 0 0
volume_proxy 1507 -1.20872468 0.0808679595 -0.00112847167 0 0 0
volume_proxy 1508 -0.504575269 -0.360343833 -0.00377645393 0 0 0
volume_proxy 1509 -1.31866168 0.151344068 -0.00405337247 0 0 0
volume_proxy 1510 0.233029497 -0.600994255 -0.00144988683 0 0 0
volume_proxy 1511 1.16613304 0.393647343 -0.00564204298 0 0 0
volume_proxy 1513 -1.43991614 0.65195242 0.00850066812 0 0 0
volume_proxy 1515 0.774814395 -0.745018269 0.00338745028 0 0 0
volume_proxy 1516 -0.223453305 -0.976288451 0.00607661316 0 0 0
volume_proxy 1517 -0.90497923 -0.46852284 -0.0105652035 0 0 0
volume_proxy 1519 -0.0752749265 -0.56887759 0.0103473656 0 0 0
volume_proxy 1520 0.330764059 -0.372521106 -0.00212318377 0 0 0
volume_proxy 1521 -1.12838631 -0.833388208 0.00755744863 0 0 0
volume_proxy 1523 0.523974988 -0.200852442 -0.000490109964 0 0 0
volume_proxy 1525 -0.737074438 0.863411346 -2.80905284e-05 0 0 0
volume_proxy 1526 0.848033281 -0.805071641 -0.00379153331 0 0 0
volume_proxy 1528 0.627795772 -0.703916243 -0.00866316757 0 0 0
volume_proxy 1529 -1.18409186 0.326660513 0.00922352195 0 0 0
volume_proxy 1531 0.475581478 0.477049378 0.00283753997 0 0 0
volume_proxy 1533 1.04138583 -0.231874311 0.00668044224 0 0 0
volume_proxy 1534 0.540525186 0.812607553 -0.00805935403 0 0 0
volume_proxy 1535 0.52333346 0.852539631 -0.0104901473 0 0 0
volume_proxy 1536 -0.729083329 -0.760254618 -0.00737414988 0 0 0
volume_proxy 1537 -0.58611913 -0.661745169 -0.00385918927 0 0 0
