volume_proxy 0 0.187859869 0.541135654 0.00697445624 0 0 0
volume_proxy 5 0.772934701 -0.550597242 0.00461187617 0 0 0
volume_proxy 6 -0.0394537975 -0.15761349 -0.00649613671 0 0 0
volume_proxy 11 1.38865628 0.606046719 0.00576185598 0 0 0
volume_proxy 12 0.58794845 -0.512404466 0.000671687362 0 0 0
volume_proxy 14 -0.805274385 0.816971435 0.00805544553 0 0 0
volume_proxy 23 1.44553803 -0.955666352 0.00615532903 0 0 0
volume_proxy 38 -0.183421085 -0.448627842 0.00770961379 0 0 0
volume_proxy 40 -0.903348946 -0.478588069 -0.00898859858 0 0 0
volume_proxy 50 -0.677047355 -0.269345813 0.00757133292 0 0 0
volume_proxy 53 -1.1526114 0.624613033 -0.00437982886 0 0 0
volume_proxy 58 0.92793176 -0.933818403 -0.000197025047 0 0 0
volume_proxy 60 0.203154372 0.340448386 -0.00593264836 0 0 0
volume_proxy 85 -0.927639751 0.55258055 -0.0076272571 0 0 0
volume_proxy 97 0.874896999 0.607273961 -0.00107910212 0 0 0
volume_proxy 107 1.39534621 -0.346265808 0.00309609597 0 0 0
volume_proxy 127 -1.20167986 -0.533920092 0.00057080555 0 0 0
volume_proxy 130 0.809565127 0.901289793 0.0083445653 0 0 0
volume_proxy 140 -0.90290203 0.960914977 0.00884150427 0 0 0
volume_proxy 157 0.863848053 0.646221995 0.00580287948 0 0 0
volume_proxy 159 0.90814699 0.189914969 -0.000359947416 0 0 0
volume_proxy 161 0.881578617 0.635244619 0.0106707963 0 0 0
volume_proxy 176 0.771499683 -0.136066436 -0.000436498733 0 0 0
volume_proxy 186 -1.32525293 -0.388991732 0.00563209961 0 0 0
volume_proxy 189 -1.05376595 0.803971018 -0.00175070638 0 0 0
volume_proxy 195 -0.693719526 -0.0482754339 0.00219712164 0 0 0
volume_proxy 196 1.02369551 0.120476328 0.00472331677 0 0 0
volume_proxy 200 -0.492574409 -0.731374739 -0.00222628788 0 0 0
volume_proxy 202 0.0549809485 0.71902468 -0.00212859821 0 0 0
volume_proxy 209 -1.18910192 -0.284816938 -0.00423903047 0 0 0
volume_proxy 210 -0.641856207 0.813940926 0.0104707323 0 0 0
volume_proxy 226 0.363370188 -0.0134575277 -0.00542907476 0 0 0
volume_proxy 236 1.05659016 0.238582438 -0.00525608961 0 0 0
volume_proxy 247 0.223405242 0.912758515 -0.00781225638 0 0 0
volume_proxy 256 -1.43482459 0.807251896 0.00211776037 0 0 0
volume_proxy 259 0.950498013 0.399441384 0.00594123546 0 0 0
volume_proxy 269 -1.03043556 -0.0840297963 -0.000278132865 0 0 0
volume_proxy 277 -0.847131332 0.118154328 0.00504902185 0 0 0
volume_proxy 296 -1.48160122 0.538118553 0.00925704782 0 0 0
volume_proxy 305 1.10672918 -0.387315668 0.000448952155 0 0 0
volume_proxy 310 -0.147143967 -0.762406648 -0.00298478769 0 0 0
volume_proxy 344 -1.04850395 0.851882522 0.00880560402 0 0 0
volume_proxy 347 -0.0116103633 0.98259282 0.00409153601 0 0 0
volume_proxy 356 -0.742107391 0.433490084 -0.00335283312 0 0 0
volume_proxy 375 0.831323269 -0.804031368 0.00464061637 0 0 0
volume_proxy 388 0.864595759 -0.324449924 -0.0101127585 0 0 0
volume_proxy 802 1.36822765 -0.325687286 0.00833056124 0 0 0
volume_proxy 1052 -1.25130583 -0.768941344 -0.00152600361 0 0 0
volume_proxy 1066 -0.624308907 0.188182314 -0.0069690734 0 0 0
volume_proxy 1120 -0.327501779 0.369647287 -0.00790002728 0 0 0
volume_proxy 1166 -0.668390871 0.318074624 -0.00636559277 0 0 0
volume_proxy 1169 0.982725094 -0.936490268 -0.00304004141 0 0 0
volume_proxy 1193 -1.37301232 -0.476746175 -0.00848928861 0 0 0
volume_proxy 1225 -0.401285761 -0.388106108 -0.000636578511 0 0 0
volume_proxy 1245 -1.38813744 -0.23988888 -0.00310943655 0 0 0
volume_proxy 1280 -0.789982785 0.787289863 -0.00304117518 0 0 0
volume_proxy 1285 -1.2715643 0.0380666181 -0.0049769113 0 0 0
volume_proxy 1295 -0.346643696 -0.202032484 -0.00948020567 0 0 0
volume_proxy 1296 0.303285648 -0.538867987 0.00896584982 0 0 0
volume_proxy 1340 0.809215939 0.705954893 0.00752413268 0 0 0
volume_proxy 1380 -0.149830114 0.850601952 0.00176355701 0 0 0
volume_proxy 1386 0.83189935 0.474668779 0.0049494561 0 0 0
volume_proxy 1397 1.45680588 0.828357292 0.00196527055 0 0 0
volume_proxy 1409 0.252418563 0.917546235 0.0104625239 0 0 0
volume_proxy 1413 1.00384692 0.751270846 -0.00850717966 0 0 0
volume_proxy 1422 0.471503171 -0.374234141 -0.00702656467 0 0 0
volume_proxy 1433 1.06199897 0.807387281 -0.00983106599 0 0 0
volume_proxy 1434 -0.100470907 -0.958679317 0.00104682513 0 0 0
volume_proxy 1437 -0.172091149 -0.0278808879 -0.00838298969 0 0 0
volume_proxy 1439 0.179712448 0.784805088 -0.0022979896 0 0 0
volume_proxy 1447 0.803395991 -0.232183792 0.00148353201 0 0 0
volume_proxy 1459 -0.984335995 0.469082724 0.00447464445 0 0 0
volume_proxy 1460 0.267905652 0.266002712 0.0101828678 0 0 0
volume_proxy 1461 -0.925952549 0.62052382 -0.00312396357 0 0 0
volume_proxy 1466 -0.543112563 0.0898355976 -0.00142436478 0 0 0
volume_proxy 1472 -0.647794813 0.358843821 0.00353398464 0 0 0
volume_proxy 1474 0.731285796 -0.629668251 0.00876040157 0 0 0
volume_proxy 1481 0.638166793 0.376691134 0.00981670291 0 0 0
volume_proxy 1482 1.14334613 0.24258522 0.00782743964 0 0 0
volume_proxy 1485 0.446704844 -0.55103757 0.00473354976 0 0 0
volume_proxy 1489 -0.0568485116 -0.385753747 0.00412785857 0 0 0
volume_proxy 1490 1.4354092 0.974905724 0.00460696416 0 0 0
volume_proxy 1494 1.21585274 -0.15861546 0.00767148355 0 0 0
volume_proxy 1496 -1.01956291 0.460474142 -0.0030089605 0 0 0
volume_proxy 1498 -0.161956166 0.370822145 0.00423492876 0 0 0
volume_proxy 1501 -0.496843251 -0.648894264 -0.00784751684 0 0 0
volume_proxy 1503 0.358167755 -0.0489662621 -0.00468539617 0 0 0
volume_proxy 1506 0.253969279 0.960519296 -0.00843611862 0 0 0
volume_proxy 1507 -1.31269206 -0.459523757 -0.00280939825 0 0 0
volume_proxy 1508 -0.782465833 -0.659785873 -0.00934741596 0 0 0
volume_proxy 1509 -1.46331685 0.638130141 -0.000585571555 0 0 0
volume_proxy 1510 0.14981498 -0.824785124 -0.00364454995 0 0 0
volume_proxy 1511 1.47543663 0.352431949 0.000261254897 0 0 0
volume_proxy 1513 -1.43698481 0.682634035 0.00441536702 0 0 0
volume_proxy 1515 0.819336866 0.0535628213 0.00854711395 0 0 0
volume_proxy 1516 -0.182318115 -0.90865088 -0.00871198852 0 0 0
volume_proxy 1517 -0.828497423 -0.52436691 0.00879260349 0 0 0
volume_proxy 1519 0.378070788 -0.291229352 0.00303812628 0 0 0
volume_proxy 1520 0.393152942 -0.177149448 -0.00597622816 0 0 0
volume_proxy 1521 -0.528145574 -0.122925422 -0.000490129335 0 0 0
volume_proxy 1522 0.689124165 0.575128323 -0.00661147693 0 0 0
volume_proxy 1523 1.3147941 -0.166922411 0.00164729345 0 0 0
volume_proxy 1525 -0.942070812 0.889071332 0.00659238806 0 0 0
volume_proxy 1526 1.09164355 -0.325364785 0.00143084829 0 0 0
volume_proxy 1528 0.493799608 -0.510028122 -0.00274631417 0 0 0
volume_proxy 1529 -0.938906177 -0.0375899615 0.00647913111 0 0 0
volume_proxy 1530 -0.766378999 -0.213977988 -0.0045058923 0 0 0
volume_proxy 1531 0.465224587 0.453599168 0.00888715457 0 0 0
