volume_proxy 0 0.981450547 0.0568051577 0.00997790978 0 0 0
volume_proxy 4 1.05897827 0.972294028 0.00695547093 0 0 0
volume_proxy 5 -0.394259436 0.293603031 -0.00948143166 0 0 0
volume_proxy 6 1.32384015 0.568618475 0.0107781112 0 0 0
volume_proxy 11 -1.28311939 0.876817073 -0.006201092 0 0 0
volume_proxy 12 0.408164713 -0.189427365 -0.00440662108 0 0 0
volume_proxy 13 -1.13365564 -0.7793695 0.0054576111 0 0 0
volume_proxy 14 0.648567962 0.108576646 -0.00250029141 0 0 0
volume_proxy 15 -0.556839877 -0.799149592 -0.00171293811 0 0 0
volume_proxy 16 -1.47417794 0.627682628 0.0107570705 0 0 0
volume_proxy 17 -0.68087234 -0.140045728 -0.00544767858 0 0 0
volume_proxy 18 -1.26854597 -0.303169198 -0.0015786659 0 0 0
volume_proxy 19 -1.11466109 -0.671228465 0.00137354654 0 0 0
volume_proxy 22 0.834093793 0.0814310349 0.00400576729 0 0 0
volume_proxy 23 -0.848416298 0.106995839 -0.00867609422 0 0 0
volume_proxy 31 -0.875787909 0.351049967 -0.00961815205 0 0 0
volume_proxy 36 0.517029816 0.804054625 -0.00722835721 0 0 0
volume_proxy 38 0.430760061 0.27223671 0.00597155149 0 0 0
volume_proxy 40 -0.0156963099 -0.734109494 0.00767262595 0 0 0
volume_proxy 45 -0.276735021 0.540004028 -0.00208445315 0 0 0
volume_proxy 46 0.643106364 -0.57214203 -0.010739678 0 0 0
volume_proxy 47 0.846850249 0.117279149 -0.0103266145 0 0 0
volume_proxy 48 -0.471220059 -0.378813028 -0.0041503608 0 0 0
volume_proxy 49 0.247245061 -0.416893605 0.00388624583 0 0 0
volume_proxy 50 0.0188319942 -0.677105197 0.00263398186 0 0 0
volume_proxy 52 -1.46461773 -0.900135719 -0.00496421133 0 0 0
volume_proxy 53 0.550738957 -0.52219246 0.00213435461 0 0 0
volume_proxy 57 -1.25108792 -0.131893159 -0.00119958206 0 0 0
volume_proxy 58 0.46506453 -0.287911339 -0.00565679435 0 0 0
volume_proxy 59 -0.575806052 0.387444798 -0.000315402738 0 0 0
volume_proxy 60 -0.0852052215 0.446662358 0.00998088935 0 0 0
volume_proxy 61 -1.16547833 -0.096242517 -0.0100903921 0 0 0
volume_proxy 62 0.0489839315 0.151155957 -0.00690813871 0 0 0
volume_proxy 63 0.564402825 0.304165346 0.00408881793 0 0 0
volume_proxy 64 -0.30763972 -0.147547222 0.00355569634 0 0 0
volume_proxy 66 0.588814994 0.827351873 -0.00509165222 0 0 0
volume_proxy 69 -0.960826095 -0.227052139 -0.00488671991 0 0 0
volume_proxy 72 0.695551634 -0.0344778122 -0.000940263996 0 0 0
volume_proxy 78 1.458855 -0.0689877861 0.00277634283 0 0 0
volume_proxy 81 -1.1400075 0.780189837 0.000595136102 0 0 0
volume_proxy 84 -0.752265736 -0.509060666 -0.000234887063 0 0 0
volume_proxy 85 -0.46195744 0.268164881 -0.00448503912 0 0 0
volume_proxy 87 1.10789922 0.282263354 0.0103302527 0 0 0
volume_proxy 88 -1.10068732 0.264716694 -0.00459720048 0 0 0
volume_proxy 91 0.910219405 -0.499756203 0.00904214041 0 0 0
volume_proxy 94 -0.0743438016 -0.486586493 0.000681879276 0 0 0
volume_proxy 96 1.06475292 -0.208046836 0.00568451679 0 0 0
volume_proxy 97 1.13444891 -0.420835612 -0.00655927052 0 0 0
volume_proxy 100 0.380950049 -0.954298177 0.00923864377 0 0 0
volume_proxy 101 -0.713478801 0.285789274 -0.0066721945 0 0 0
volume_proxy 102 -0.027289496 -0.592635769 -0.00850573268 0 0 0
volume_proxy 103 0.815956034 -0.501122125 -0.00201623787 0 0 0
volume_proxy 105 -0.362559971 -0.662473127 0.0019921349 0 0 0
volume_proxy 106 -0.195782836 -0.508267984 2.67183211e-05 0 0 0
volume_proxy 107 -0.00472773331 0.582638484 0.00861839077 0 0 0
volume_proxy 108 1.17017353 -0.0097642142 0.00991494956 0 0 0
volume_proxy 113 -0.830298249 -0.178562769 -0.00506809442 0 0 0
volume_proxy 121 0.707452218 0.603930017 -0.00279076389 0 0 0
volume_proxy 124 -0.780272974 0.380140824 0.0088971346 0 0 0
volume_proxy 125 -0.951891351 -0.256314252 0.0052119189 0 0 0
volume_proxy 126 -0.321764275 -0.656940173 0.0104319749 0 0 0
volume_proxy 127 0.150493306 -0.0432353083 6.32469886e-06 0 0 0
volume_proxy 130 0.84958357 -0.326144881 0.00425539329 0 0 0
volume_proxy 131 0.643875082 0.143598554 0.000149689366 0 0 0
volume_proxy 132 0.382732797 0.481019508 -0.0053009634 0 0 0
volume_proxy 135 0.665845761 -0.5255102 0.00142549775 0 0 0
volume_proxy 138 0.353766037 -0.576194496 0.00146193534 0 0 0
volume_proxy 140 -0.778344405 0.387191767 0.00242227344 0 0 0
volume_proxy 144 -1.45866394 0.374204221 0.00289665935 0 0 0
volume_proxy 145 -0.528892516 -0.16661988 0.00987244028 0 0 0
volume_proxy 146 1.47407517 -0.220716135 0.00647779896 0 0 0
volume_proxy 149 -1.26931234 0.965349034 -0.00298298062 0 0 0
volume_proxy 155 0.746622268 0.43815395 0.00932131578 0 0 0
volume_proxy 157 0.87435584 0.157306604 0.00048575405 0 0 0
volume_proxy 159 -0.441749631 -0.182310202 1.25790092e-05 0 0 0
volume_proxy 161 -0.337716377 0.0375521439 0.00354564761 0 0 0
volume_proxy 163 -1.34365619 0.480509766 -0.00652111836 0 0 0
volume_proxy 168 1.04024416 0.914413837 -0.00547575277 0 0 0
volume_proxy 169 0.819449087 0.0830086195 0.010066521 0 0 0
volume_proxy 173 0.0961137221 0.198096067 -0.00204069076 0 0 0
volume_proxy 176 0.174216265 -0.141539174 -0.00487255722 0 0 0
volume_proxy 178 -0.561960708 0.280456708 0.00942235546 0 0 0
volume_proxy 186 -0.528635999 -0.469655068 -0.00365247873 0 0 0
volume_proxy 189 -0.959989623 0.113491745 0.00101243074 0 0 0
volume_proxy 192 0.113579236 -0.176054953 0.00571251557 0 0 0
volume_proxy 194 -0.108135566 -0.672368045 -0.00462969404 0 0 0
volume_proxy 195 -0.881227641 0.797889654 -0.00435317243 0 0 0
volume_proxy 196 0.577081442 0.328406546 0.00282640964 0 0 0
volume_proxy 198 0.979818787 -0.922990547 -0.00766736474 0 0 0
volume_proxy 200 -1.15954395 -0.065239841 0.00576415948 0 0 0
volume_proxy 201 -1.22391579 0.098197209 -0.0057299636 0 0 0
volume_proxy 202 -0.470179827 0.753530668 0.00235078119 0 0 0
volume_proxy 206 0.766613239 -0.106271449 -0.00995197972 0 0 0
volume_proxy 208 -1.47408695 0.569996992 0.00955062083 0 0 0
volume_proxy 209 -1.18924685 -0.432640277 0.00627107407 0 0 0
volume_proxy 210 0.252318652 0.13549102 -0.00911275784 0 0 0
volume_proxy 212 1.16526562 -0.191199436 0.00321411895 0 0 0
volume_proxy 213 0.0728774261 -0.425331443 0.00334875825 0 0 0
volume_proxy 219 -0.228579352 0.34334012 0.0100748237 0 0 0
volume_proxy 223 -1.2229709 0.299827565 0.00346385836 0 0 0
volume_proxy 224 0.897270755 -0.881425398 -0.00597587514 0 0 0
volume_proxy 225 -0.992224022 0.248590212 -0.00799755475 0 0 0
volume_proxy 226 -1.02851425 -0.599209357 -0.0079560414 0 0 0
volume_proxy 227 -0.845065487 -0.811814702 -0.00101478627 0 0 0
volume_proxy 228 -0.309013411 0.0890937923 -0.00412696021 0 0 0
volume_proxy 229 0.26558131 -0.356734552 0.00569056516 0 0 0
volume_proxy 230 0.1665854 0.690581051 -0.00999551417 0 0 0
volume_proxy 232 0.77959766 0.68498534 -0.00218489574 0 0 0
volume_proxy 236 1.09826849 0.212850114 0.00999591289 0 0 0
volume_proxy 237 0.259930708 0.475356745 -0.00710277201 0 0 0
volume_proxy 238 0.0456209128 0.0531618765 0.00222218191 0 0 0
volume_proxy 240 0.218724117 -0.261498882 0.00638468349 0 0 0
volume_proxy 242 0.978657984 0.39248695 0.00733457484 0 0 0
volume_proxy 244 0.397409571 0.356708624 0.000466272765 0 0 0
volume_proxy 247 0.931247941 -0.697727553 0.00663685046 0 0 0
volume_proxy 251 0.575554808 0.988045407 -0.00490623233 0 0 0
volume_proxy 254 -1.49106169 0.721864647 -0.00897051334 0 0 0
volume_proxy 256 0.342947529 -0.273586465 0.00497469979 0 0 0
volume_proxy 257 -0.00960336299 0.299195494 0.00631833215 0 0 0
volume_proxy 258 0.571280354 -0.118066537 0.0028836314 0 0 0
volume_proxy 259 0.0418922324 0.0220233291 -0.00540227964 0 0 0
volume_proxy 260 -0.166803829 0.94046954 -0.00531823058 0 0 0
volume_proxy 262 -0.961181013 0.202600158 -0.00822851874 0 0 0
volume_proxy 269 1.04058125 -0.200311734 0.00567544578 0 0 0
volume_proxy 271 -1.29093375 0.343742804 0.00480327335 0 0 0
volume_proxy 273 1.46766192 0.556723003 -0.0102234681 0 0 0
volume_proxy 276 0.461900438 0.241574722 0.00188319165 0 0 0
volume_proxy 277 -0.960845827 -0.481038284 -0.00738968576 0 0 0
volume_proxy 279 -0.704478849 -0.645933101 -0.0107400609 0 0 0
volume_proxy 281 -1.436903 0.998191361 -0.00661988594 0 0 0
volume_proxy 284 -1.19259393 0.627431917 -0.00324739104 0 0 0
volume_proxy 285 -0.43731865 -0.796233641 -0.00243983276 0 0 0
volume_proxy 293 1.18738261 0.585521592 -0.00466541927 0 0 0
volume_proxy 294 -0.423647078 0.778291042 -0.000741275662 0 0 0
volume_proxy 296 -0.00810031172 -0.317691287 0.00344586524 0 0 0
volume_proxy 297 1.23226004 0.0271805307 0.00601039909 0 0 0
volume_proxy 298 1.0704724 -0.594732593 -0.00155127071 0 0 0
volume_proxy 303 -0.157678333 -0.14398433 -0.00355195201 0 0 0
volume_proxy 305 0.373407928 0.267869145 0.00451995842 0 0 0
volume_proxy 307 -0.935888043 -0.216594716 -0.00423134723 0 0 0
volume_proxy 309 0.68336592 0.523981268 -0.00494767211 0 0 0
volume_proxy 310 0.4611901 0.00983551359 0.00411810613 0 0 0
volume_proxy 311 0.153288223 -0.985335724 0.00310507181 0 0 0
volume_proxy 312 0.216075836 -0.294727121 -0.00910820032 0 0 0
volume_proxy 314 -0.55159381 -0.110236243 -0.00104513222 0 0 0
volume_proxy 315 -0.113328953 0.289859262 -0.00602474541 0 0 0
volume_proxy 316 -0.0254949595 -0.00656480962 0.00412028009 0 0 0
volume_proxy 318 -1.1083843 -0.0921506347 0.00259095073 0 0 0
volume_proxy 319 0.0898994952 -0.623000278 -0.00024414842 0 0 0
volume_proxy 321 -0.397727247 -0.847899185 0.000291385079 0 0 0
volume_proxy 322 0.690352926 0.615221553 -0.00172097306 0 0 0
volume_proxy 324 -1.17680632 -0.93089795 -0.00512188351 0 0 0
volume_proxy 329 0.0805823896 0.825022337 -0.00152525574 0 0 0
volume_proxy 330 0.25616032 -0.328093213 0.00866781229 0 0 0
volume_proxy 334 0.697798443 -0.781166845 0.00666888812 0 0 0
volume_proxy 335 -1.28432344 -0.414805529 0.00972063102 0 0 0
volume_proxy 337 -0.733849564 0.554046843 -0.0087355279 0 0 0
volume_proxy 338 -0.294542686 -0.218968477 0.00747014703 0 0 0
volume_proxy 339 -0.719443918 -0.26070388 -0.00527783955 0 0 0
volume_proxy 341 1.26578662 0.690211767 0.00188948108 0 0 0
volume_proxy 342 -0.49783676 0.239030937 0.00470818582 0 0 0
volume_proxy 343 -0.258490526 0.976041715 -0.00357845552 0 0 0
volume_proxy 344 0.516176409 0.0959699863 0.00135018981 0 0 0
volume_proxy 345 -0.718111456 -0.0357978009 0.00828536599 0 0 0
volume_proxy 347 0.424169861 -0.339586289 0.00976726553 0 0 0
volume_proxy 349 0.270091401 0.0746843975 0.00499392738 0 0 0
volume_proxy 350 -0.702818398 0.577599841 -0.000756187081 0 0 0
volume_proxy 353 -0.224710248 0.189645927 0.00603353149 0 0 0
volume_proxy 355 0.868994161 -0.0463648992 0.00951746927 0 0 0
volume_proxy 356 0.858787586 0.493903823 -0.00702926211 0 0 0
volume_proxy 358 1.11947426 0.909788433 -0.00100883027 0 0 0
volume_proxy 359 0.41497877 -0.00287502568 0.00863857872 0 0 0
volume_proxy 363 1.18769191 0.711825172 0.0088933259 0 0 0
volume_proxy 370 1.40258067 0.198126585 0.00291044003 0 0 0
volume_proxy 371 -1.33443183 0.235984978 0.00632279061 0 0 0
volume_proxy 372 0.243453778 0.725462401 -0.000603208878 0 0 0
volume_proxy 373 0.912269194 0.239984696 0.000794520194 0 0 0
volume_proxy 375 0.891886301 0.227127088 -0.00201238764 0 0 0
volume_proxy 377 0.980887614 0.0696901864 0.000876454544 0 0 0
volume_proxy 379 -1.35313257 0.381347212 0.00627918947 0 0 0
volume_proxy 380 -0.501014202 -0.683176029 -0.00298480846 0 0 0
volume_proxy 382 -0.475886911 -0.569354066 0.00588671663 0 0 0
volume_proxy 383 0.673539797 -0.878447482 0.0100931313 0 0 0
volume_proxy 384 0.133412549 0.774086387 0.00952423137 0 0 0
volume_proxy 388 -1.30104208 0.0601902565 -0.0019779464 0 0 0
volume_proxy 389 0.0649120399 0.156278384 0.00952300512 0 0 0
volume_proxy 390 -1.48227994 -0.478849744 0.00772604217 0 0 0
volume_proxy 391 -1.18547521 0.870076707 -0.0065596136 0 0 0
volume_proxy 392 -0.480456384 0.88059805 -0.00799819266 0 0 0
volume_proxy 393 1.07357579 0.205644176 0.00320708266 0 0 0
volume_proxy 396 -0.911720518 0.659584121 0.0056825234 0 0 0
volume_proxy 397 0.93859453 0.228848286 0.00573773058 0 0 0
volume_proxy 399 1.10570088 -0.722795146 0.00171961315 0 0 0
volume_proxy 400 0.0582864855 -0.500336471 -0.00142180103 0 0 0
volume_proxy 402 -0.872615456 -0.662864577 0.00309703343 0 0 0
volume_proxy 404 -0.215532963 -0.771845922 0.00849969558 0 0 0
volume_proxy 405 1.06193596 -0.169434126 0.00428214516 0 0 0
volume_proxy 409 -0.396372596 -0.837330931 -0.00553987062 0 0 0
volume_proxy 411 -0.121649895 0.550408841 0.00834628561 0 0 0
volume_proxy 412 1.31562711 -0.0829728315 0.00991035167 0 0 0
volume_proxy 413 0.523332297 0.213449816 -0.00817477896 0 0 0
volume_proxy 414 1.09136133 0.770400842 -0.00658495907 0 0 0
volume_proxy 415 -0.885463585 -0.616879383 -0.00268455423 0 0 0
volume_proxy 418 -0.279804898 -0.531476128 0.00320800928 0 0 0
volume_proxy 419 -1.33987392 -0.300695535 0.00893219984 0 0 0
volume_proxy 424 0.666137705 0.656027428 -0.0078548925 0 0 0
volume_proxy 425 -0.00624145338 -0.238245167 -0.0029128307 0 0 0
volume_proxy 431 -1.38500915 -0.883682203 -0.00833052049 0 0 0
volume_proxy 434 -0.480952722 -0.341534704 -0.00729709954 0 0 0
volume_proxy 435 -1.39554399 -0.741159379 -0.00273502844 0 0 0
volume_proxy 442 -0.344619049 -0.746557729 -0.00269230156 0 0 0
volume_proxy 451 0.484377851 -0.691461156 -0.000949819325 0 0 0
volume_proxy 459 -0.716671433 0.436503712 -0.00346971548 0 0 0
volume_proxy 462 -0.7353592 -0.654341145 -0.000867389799 0 0 0
volume_proxy 463 0.0140559186 -0.331440802 -0.0107125788 0 0 0
volume_proxy 470 1.21443707 0.898192589 0.0017838788 0 0 0
volume_proxy 471 0.87434985 -0.611550096 -0.00631712486 0 0 0
volume_proxy 487 -0.559463974 0.85207196 0.00509412247 0 0 0
volume_proxy 492 0.71716661 -0.913673733 -0.00299847028 0 0 0
volume_proxy 493 -0.893524787 -0.968941986 0.00603431439 0 0 0
volume_proxy 495 -0.859440172 -0.546826489 0.00486618289 0 0 0
volume_proxy 497 -1.24291613 -0.909875947 -0.0101591519 0 0 0
volume_proxy 499 1.31823574 -0.888555433 0.00659965319 0 0 0
volume_proxy 502 0.829982033 -0.377100853 0.00574103621 0 0 0
volume_proxy 512 0.314781488 -0.669238467 -0.00733940113 0 0 0
volume_proxy 513 0.67292999 -0.15282893 0.00870204456 0 0 0
volume_proxy 518 1.22814553 -0.429992665 -0.00684188142 0 0 0
volume_proxy 526 1.00610063 0.942712422 -0.00150581886 0 0 0
volume_proxy 531 0.000149835373 0.530223901 0.00298884313 0 0 0
volume_proxy 533 -0.790134499 -0.702948681 -0.0087941297 0 0 0
volume_proxy 537 -1.41428339 0.227191943 0.00936882771 0 0 0
volume_proxy 544 0.873458042 0.87848789 0.00288354512 0 0 0
volume_proxy 546 -0.780438923 -0.281624566 -0.00253687128 0 0 0
volume_proxy 547 1.34678164 0.939253948 -0.00647460007 0 0 0
volume_proxy 549 0.724798122 -0.808312844 0.00661673408 0 0 0
volume_proxy 550 0.383724287 -0.0987050601 0.00606972705 0 0 0
volume_proxy 559 1.05268462 0.632633914 -0.00141702809 0 0 0
volume_proxy 561 0.994640199 0.513860503 0.00380032357 0 0 0
volume_proxy 563 -0.964331863 0.837730317 -0.00355200966 0 0 0
volume_proxy 565 -0.434228101 0.0360082668 -0.00966151475 0 0 0
volume_proxy 568 -0.546484019 0.152845207 0.00163329956 0 0 0
volume_proxy 572 0.0871103007 -0.652471354 -0.000661927481 0 0 0
volume_proxy 575 -1.35579486 0.813351577 -0.00557918795 0 0 0
volume_proxy 578 -0.635170255 0.820437481 0.00513291669 0 0 0
volume_proxy 579 -0.493176217 0.346433947 -0.00907285941 0 0 0
volume_proxy 581 0.991551642 0.827803124 0.00391509424 0 0 0
volume_proxy 582 0.932392713 -0.430653417 -0.00765263658 0 0 0
volume_proxy 590 1.34187832 -0.0792393821 0.0037219289 0 0 0
volume_proxy 591 -0.753861677 0.084863405 0.0102855428 0 0 0
volume_proxy 594 -1.0385942 0.203634013 0.00806509466 0 0 0
volume_proxy 595 1.09527007 0.393892005 -0.0085093622 0 0 0
volume_proxy 602 0.289005176 -0.238353265 -0.0083121844 0 0 0
volume_proxy 603 0.262001805 -0.391794142 0.00522662823 0 0 0
volume_proxy 604 -1.02759009 0.210514944 -0.00278050413 0 0 0
volume_proxy 606 -0.745035273 0.322181621 -0.00819397729 0 0 0
volume_proxy 608 -0.693199433 -0.818254703 0.00313679754 0 0 0
volume_proxy 610 -1.29493275 -0.156193944 0.00320840673 0 0 0
volume_proxy 615 1.18216306 -0.852609461 -0.00894244293 0 0 0
volume_proxy 616 1.30222299 0.0393152354 -0.00895910244 0 0 0
volume_proxy 624 0.756330409 0.97736122 0.00952976746 0 0 0
volume_proxy 626 1.22921766 0.0771586505 0.00746550932 0 0 0
volume_proxy 628 -0.228806829 -0.241291667 0.00933417154 0 0 0
volume_proxy 630 -0.740303747 -0.925123455 0.000805975111 0 0 0
volume_proxy 634 -0.953437266 0.406956119 -0.000848421085 0 0 0
volume_proxy 637 -0.952180305 -0.855571118 0.00330628288 0 0 0
volume_proxy 638 -0.681716804 0.753542598 0.00221715076 0 0 0
volume_proxy 642 0.942537196 -0.286745594 0.00401907587 0 0 0
volume_proxy 644 -0.245070377 0.814376864 0.00133336405 0 0 0
volume_proxy 647 -0.119414672 0.715791685 0.00555700201 0 0 0
volume_proxy 656 -0.0390732958 0.118296474 -0.000704445282 0 0 0
volume_proxy 664 1.31039242 -0.745470477 -0.00567097993 0 0 0
volume_proxy 665 -0.767843873 -0.932323835 -0.00997407687 0 0 0
volume_proxy 666 -0.396981227 0.0144190645 -0.0103245914 0 0 0
volume_proxy 669 1.25732187 -0.108543577 -0.00207817978 0 0 0
volume_proxy 675 -1.37409357 0.602106447 -0.00158556749 0 0 0
volume_proxy 682 0.186828091 0.832338008 0.00409606788 0 0 0
volume_proxy 691 1.29139033 -0.16211839 -0.00501455653 0 0 0
volume_proxy 693 0.249458237 0.450126259 -0.0103963814 0 0 0
volume_proxy 696 1.20919371 -0.684830806 0.000775354973 0 0 0
volume_proxy 698 -0.138663279 0.809082435 0.0106149745 0 0 0
volume_proxy 699 0.623580297 0.728119766 -0.00572689115 0 0 0
volume_proxy 701 -1.13232879 0.850354089 -0.000400410137 0 0 0
volume_proxy 702 -0.105737478 -0.146213568 0.00651274285 0 0 0
volume_proxy 703 -1.12177816 -0.305822958 -0.000448636824 0 0 0
volume_proxy 704 1.48384655 -0.0528228965 0.00756534679 0 0 0
volume_proxy 708 -1.413146 0.163420459 -0.00569425102 0 0 0
volume_proxy 711 0.343884308 0.17362751 -0.0104518169 0 0 0
volume_proxy 712 0.295569628 -0.322811032 -0.00467019383 0 0 0
volume_proxy 722 0.415294624 0.53018249 0.00868913964 0 0 0
volume_proxy 725 -1.07428351 -0.875357609 -0.0085914152 0 0 0
volume_proxy 740 0.210484083 0.557965474 -0.00839152249 0 0 0
volume_proxy 751 0.154064835 -0.800320005 0.00949869259 0 0 0
volume_proxy 756 0.264257931 -0.246059267 0.00624790597 0 0 0
volume_proxy 757 -0.0985297884 0.516664651 0.000866273481 0 0 0
volume_proxy 762 -1.2105888 0.933966742 -0.00461156786 0 0 0
volume_proxy 765 0.673750718 0.964402949 0.0104019306 0 0 0
volume_proxy 780 -0.520107563 0.233103004 -0.00968697262 0 0 0
volume_proxy 781 -0.955288235 0.460002631 -0.010488184 0 0 0
volume_proxy 784 1.42660389 0.454637118 -0.00598978832 0 0 0
volume_proxy 788 -0.499808498 -0.0898422517 0.0028343519 0 0 0
volume_proxy 790 0.251276973 -0.23698394 0.00251784186 0 0 0
volume_proxy 791 0.689091583 -0.646929197 0.00197076092 0 0 0
volume_proxy 794 0.596717542 0.729311198 -0.00412994133 0 0 0
volume_proxy 795 0.801499009 -0.792604049 0.00611465126 0 0 0
volume_proxy 796 -0.863553845 0.651435857 -0.00769839883 0 0 0
volume_proxy 797 -1.45214589 -0.136710891 0.00638056799 0 0 0
volume_proxy 799 -1.41519531 -0.097809149 0.0106054456 0 0 0
volume_proxy 800 -1.28225365 0.847297685 -0.00621124206 0 0 0
volume_proxy 802 -0.0142729652 0.058597271 -0.0105107913 0 0 0
volume_proxy 804 0.389499151 0.756406103 -0.00164195496 0 0 0
volume_proxy 810 0.697585216 0.0966910752 0.0101636949 0 0 0
volume_proxy 811 0.602614665 0.494690676 -0.00400157371 0 0 0
volume_proxy 812 0.91087262 0.58172602 -0.00911546731 0 0 0
volume_proxy 814 1.14457666 -0.0320203922 -0.0043543887 0 0 0
volume_proxy 822 0.416812023 -0.704395225 -0.00348684502 0 0 0
volume_proxy 824 1.43369667 -0.652801133 -0.00205102476 0 0 0
volume_proxy 825 1.39357113 0.989102844 -0.0106992563 0 0 0
volume_proxy 827 1.40025211 0.370518844 0.00857783931 0 0 0
volume_proxy 829 1.01738721 0.916215004 -0.00259579288 0 0 0
volume_proxy 833 -0.540195171 0.0972394867 -0.00845389 0 0 0
volume_proxy 835 -0.251407775 -0.984914151 0.00570741224 0 0 0
volume_proxy 837 0.0962121315 -0.0694847538 0.000851102768 0 0 0
volume_proxy 839 -0.0483803796 -0.364614904 0.00281372855 0 0 0
volume_proxy 843 -1.31188584 0.875271224 0.00476367814 0 0 0
volume_proxy 846 1.42557383 0.0995641504 0.00131338853 0 0 0
volume_proxy 848 -1.47307293 -0.216103624 -0.00548465772 0 0 0
volume_proxy 854 -0.237377013 0.827397366 -0.00555572557 0 0 0
volume_proxy 855 -0.797035355 0.87456116 -0.00930335641 0 0 0
volume_proxy 856 1.09362999 0.294500279 -0.00393947115 0 0 0
volume_proxy 859 0.524464499 0.302009645 -0.00183527609 0 0 0
volume_proxy 862 -0.393197668 -0.216876355 -0.00715694403 0 0 0
volume_proxy 864 -0.51945487 0.834707069 -0.00834746893 0 0 0
volume_proxy 867 -1.10927271 0.134403988 -0.0060987539 0 0 0
volume_proxy 868 0.575910747 0.237434381 0.00847845957 0 0 0
volume_proxy 869 1.14148336 0.990538742 0.00753411877 0 0 0
volume_proxy 874 0.694939 0.779345696 -0.0089127308 0 0 0
volume_proxy 875 -0.293064294 -0.944558371 -0.00922941274 0 0 0
volume_proxy 876 -0.193870644 -0.716983704 -0.00653278518 0 0 0
volume_proxy 878 1.47783996 -0.535571122 0.00874439221 0 0 0
volume_proxy 883 -0.127881434 0.9486622 0.00910088469 0 0 0
volume_proxy 889 -1.44038599 0.858586812 -0.00723701753 0 0 0
volume_proxy 890 0.983390223 0.847164436 0.00169311319 0 0 0
volume_proxy 891 -0.558928153 -0.795715778 0.00980058392 0 0 0
volume_proxy 894 1.46537349 -0.599126831 0.00327672583 0 0 0
volume_proxy 896 1.11854628 0.226132087 -0.00202788663 0 0 0
volume_proxy 898 1.04948404 -0.192286717 -0.0105228025 0 0 0
volume_proxy 902 0.184813438 0.979287793 -0.00981174647 0 0 0
volume_proxy 903 0.0466332087 0.343383051 0.010448258 0 0 0
volume_proxy 904 -1.03152898 0.425274879 0.00221581467 0 0 0
volume_proxy 906 1.11113058 0.500481659 -0.00597414879 0 0 0
volume_proxy 908 0.0436131488 0.244705495 0.00584605633 0 0 0
volume_proxy 910 -1.31696278 0.426235782 0.00265206438 0 0 0
volume_proxy 911 1.49910544 0.353027384 -0.00661900841 0 0 0
volume_proxy 912 1.44610875 0.0870119499 -0.00257970438 0 0 0
volume_proxy 913 -1.13401843 -0.985161427 -0.00756166291 0 0 0
volume_proxy 914 0.169553883 -0.793881485 -0.00925194742 0 0 0
volume_proxy 915 -0.313514678 -0.702797246 0.00392838745 0 0 0
volume_proxy 916 -0.33760598 0.163870261 0.00910042168 0 0 0
volume_proxy 917 -0.233957617 0.0922176775 -0.00930407371 0 0 0
volume_proxy 918 -0.652345148 0.0846996754 0.00179334319 0 0 0
volume_proxy 924 -0.478472429 0.546219052 -0.00419345174 0 0 0
volume_proxy 926 -0.401491377 0.824545834 -0.00371988125 0 0 0
volume_proxy 929 -0.344321633 -0.460098294 -0.000911375861 0 0 0
volume_proxy 931 0.0122644545 0.139358033 -0.00054944578 0 0 0
volume_proxy 935 -1.49482968 0.402850365 -0.00168258454 0 0 0
volume_proxy 939 0.829775553 0.935661592 0.00944483299 0 0 0
volume_proxy 940 0.0750025253 0.159809539 0.00651034078 0 0 0
volume_proxy 941 -1.18477166 0.886793114 0.0091499739 0 0 0
volume_proxy 942 0.720321552 -0.669642809 0.00450545589 0 0 0
volume_proxy 943 -1.11864102 -0.731507925 0.00286984869 0 0 0
volume_proxy 944 0.726335259 -0.955106317 0.0041127888 0 0 0
volume_proxy 945 -0.928990485 0.387494494 -0.00693164816 0 0 0
volume_proxy 948 -0.42699842 -0.0772260001 -0.00431872754 0 0 0
volume_proxy 949 -0.709860288 -0.498949348 0.000633535053 0 0 0
volume_proxy 950 -1.38979299 0.972034563 0.00770299045 0 0 0
volume_proxy 952 -0.774844203 -0.771963755 0.00463799474 0 0 0
volume_proxy 953 -0.710470679 -0.994357536 0.0017673091 0 0 0
volume_proxy 958 -1.35339542 0.444548193 -0.0081751832 0 0 0
volume_proxy 959 0.989462114 0.598043955 0.00649999142 0 0 0
volume_proxy 961 -0.935219924 0.863740444 -0.000737699636 0 0 0
volume_proxy 963 -0.508746125 0.567070622 0.00751909786 0 0 0
volume_proxy 964 0.734274599 0.66322897 0.00818267206 0 0 0
volume_proxy 965 1.00399028 -0.724866957 -0.000277427244 0 0 0
volume_proxy 966 -0.675694725 0.770518378 -0.00716987294 0 0 0
volume_proxy 968 0.323658234 -0.566522674 0.0105656792 0 0 0
volume_proxy 969 -0.803953945 -0.144207561 -0.00544311095 0 0 0
volume_proxy 971 0.873116701 0.396901796 -0.00748799035 0 0 0
volume_proxy 973 0.0262307452 0.179272771 0.00852620601 0 0 0
volume_proxy 974 0.979949551 -0.659452528 0.00266760983 0 0 0
volume_proxy 977 -0.936263158 0.0404158146 0.0047638207 0 0 0
volume_proxy 978 -0.793897928 0.0429456369 0.00512521986 0 0 0
volume_proxy 979 0.0450974647 0.708951704 -0.00632908941 0 0 0
volume_proxy 980 -0.257279367 0.935913814 0.00208377584 0 0 0
volume_proxy 981 0.0917079128 0.64016773 0.000348203923 0 0 0
volume_proxy 983 1.12102485 -0.374223589 0.00217558259 0 0 0
volume_proxy 984 1.44029957 0.463846282 -0.00513931218 0 0 0
volume_proxy 985 -0.299547049 -0.960377585 0.010784275 0 0 0
volume_proxy 986 -0.482690201 -0.800858363 -0.00193091518 0 0 0
volume_proxy 987 -1.39741951 0.98993733 -0.0045576214 0 0 0
volume_proxy 988 0.446578219 -0.879313126 0.00950463195 0 0 0
volume_proxy 990 -0.959630926 0.08998057 0.010506862 0 0 0
volume_proxy 991 -0.155926335 -0.328630746 -0.00660335342 0 0 0
volume_proxy 992 -0.0808462503 0.238446246 -0.00617475788 0 0 0
volume_proxy 993 -0.242694939 -0.00288552674 0.00628994144 0 0 0
volume_proxy 994 1.12254589 -0.573752036 0.00227151869 0 0 0
volume_proxy 995 1.33998436 -0.541801706 0.00508697779 0 0 0
volume_proxy 996 -0.814974599 0.583534232 0.00499785096 0 0 0
volume_proxy 997 1.44547542 -0.153223642 -0.00429559321 0 0 0
volume_proxy 998 1.25573062 -0.317863101 0.00791211677 0 0 0
volume_proxy 999 -0.873495369 0.0151832416 0.0100781233 0 0 0
volume_proxy 1000 1.49340331 -0.694631573 -0.00340210696 0 0 0
volume_proxy 1001 0.589319707 0.864579234 -0.00197449053 0 0 0
volume_proxy 1002 -1.36064157 0.534773476 -0.0044791464 0 0 0
volume_proxy 1003 -0.397612107 -0.437506483 -0.00741032817 0 0 0
volume_proxy 1004 -0.0843049999 0.0485001783 -0.00791478432 0 0 0
volume_proxy 1005 1.2156151 -0.246668876 -0.00434926229 0 0 0
volume_proxy 1006 -0.0763459818 -0.944774384 -0.00854642918 0 0 0
volume_proxy 1007 -1.12397893 -0.708508609 0.00518415539 0 0 0
volume_proxy 1008 0.605539506 -0.607668688 -0.0107566738 0 0 0
volume_proxy 1009 0.308934855 -0.732463933 0.00219384986 0 0 0
volume_proxy 1010 0.370251705 -0.356870603 -0.00872102275 0 0 0
volume_proxy 1011 0.406507005 -0.943970821 -0.00584922844 0 0 0
volume_proxy 1012 0.562875109 -0.363476261 -0.00574746504 0 0 0
volume_proxy 1013 0.812043396 -0.996684807 -0.00678676624 0 0 0
volume_proxy 1014 -0.684208772 -0.112131504 -0.0025334048 0 0 0
volume_proxy 1016 0.864679269 -0.914304411 -0.000383616669 0 0 0
volume_proxy 1017 -0.182687885 -0.605780271 -0.00646306577 0 0 0
volume_proxy 1018 -0.751500327 -0.820244358 0.000291605504 0 0 0
volume_proxy 1019 -0.751382207 -0.846967269 -0.00197173027 0 0 0
volume_proxy 1020 -0.895767078 0.595409135 -0.00531758197 0 0 0
volume_proxy 1021 -0.743128808 -0.547660999 -0.00828221788 0 0 0
volume_proxy 1023 0.705891952 0.391485555 0.00403998443 0 0 0
volume_proxy 1024 1.32707999 0.98550007 -0.00868520457 0 0 0
volume_proxy 1025 0.679151187 0.287425038 0.00629500151 0 0 0
volume_proxy 1026 0.930216478 -0.86240754 -0.0031486595 0 0 0
volume_proxy 1027 0.904615421 -0.836724576 -0.00194261287 0 0 0
volume_proxy 1028 -1.06405215 -0.58844677 0.0103438913 0 0 0
