volume_proxy 0 0.567988178 -0.0517733598 0.00140824597 0 0 0
volume_proxy 5 0.972290543 -0.68931386 0.00302156133 0 0 0
volume_proxy 6 0.0367767301 -0.545790531 -0.000349079566 0 0 0
volume_proxy 11 0.68469825 0.282300871 -0.00408757968 0 0 0
volume_proxy 12 0.0816597689 -0.666166282 -0.00614973995 0 0 0
volume_proxy 14 -0.432159823 0.204786308 0.0071997768 0 0 0
volume_proxy 23 0.996760439 -0.802016033 0.00585701386 0 0 0
volume_proxy 38 0.509593129 0.98375287 -0.00874949417 0 0 0
volume_proxy 40 -0.0570406952 -0.0554554072 -0.000173179886 0 0 0
volume_proxy 50 -0.6816916 -0.914977428 -0.00925582735 0 0 0
volume_proxy 53 -0.751997268 0.85665276 -0.00220325632 0 0 0
volume_proxy 58 1.38748495 -0.618537423 0.00898685432 0 0 0
volume_proxy 60 0.91262205 0.203390193 -0.000717015592 0 0 0
volume_proxy 72 0.0576718357 0.100307555 0.000162613701 0 0 0
volume_proxy 85 -1.3040174 0.423937625 0.00186139646 0 0 0
volume_proxy 97 1.09522413 0.229965309 0.00787710117 0 0 0
volume_proxy 107 1.09169995 0.965606692 -0.000487491427 0 0 0
volume_proxy 127 -1.25331692 0.351844856 -0.00143550755 0 0 0
volume_proxy 130 1.08609288 0.047753732 -0.000433284428 0 0 0
volume_proxy 140 -0.350627437 0.88952233 0.0101064884 0 0 0
volume_proxy 157 1.26763889 -0.0108211177 -0.00277177619 0 0 0
volume_proxy 159 -0.114761766 0.549345831 -0.00714532532 0 0 0
volume_proxy 161 0.816599795 0.145695795 0.000694531417 0 0 0
volume_proxy 176 0.261079893 0.0448920422 0.00638153296 0 0 0
volume_proxy 186 -0.924170189 0.53650635 -0.00127516652 0 0 0
volume_proxy 189 -1.49133618 0.703186719 -0.00782490946 0 0 0
volume_proxy 195 -0.526484614 -0.610385522 0.00644609618 0 0 0
volume_proxy 196 0.596764627 -0.607859684 0.00557064718 0 0 0
volume_proxy 200 -0.497729006 -0.933001771 0.0100304661 0 0 0
volume_proxy 202 -1.14987631 0.72664019 0.000537428302 0 0 0
volume_proxy 209 -1.05494833 0.25824715 0.00936150792 0 0 0
volume_proxy 210 -0.674098463 0.721017903 0.00858541993 0 0 0
volume_proxy 226 0.595253947 -0.70269945 -0.00244937536 0 0 0
volume_proxy 236 1.18279282 0.639555595 -0.00977554096 0 0 0
volume_proxy 247 1.27672331 0.670920362 -0.00892526015 0 0 0
volume_proxy 256 -0.0794109597 0.645993496 0.00039141163 0 0 0
volume_proxy 259 0.468430229 0.252300055 -0.0047606574 0 0 0
volume_proxy 269 0.253031869 -0.745218227 -0.00262802123 0 0 0
volume_proxy 277 -1.46248856 -0.057482271 0.0105434792 0 0 0
volume_proxy 296 0.259600976 -0.913525166 0.000686939538 0 0 0
volume_proxy 305 0.318278968 -0.0943231132 0.00600025779 0 0 0
volume_proxy 310 1.48130031 -0.469981964 -0.00412318712 0 0 0
volume_proxy 329 -1.41989104 0.0432372085 -0.000149393307 0 0 0
volume_proxy 344 -1.41509709 0.681092169 -0.0056275566 0 0 0
volume_proxy 347 -0.480380279 0.271706837 0.00858253926 0 0 0
volume_proxy 349 -1.00974466 -0.184252878 -0.00959034385 0 0 0
volume_proxy 356 -0.0614613987 0.921448533 -0.00397142338 0 0 0
volume_proxy 375 0.103858191 -0.954957506 -0.00924178687 0 0 0
volume_proxy 388 -0.32245967 0.359709086 0.00566564818 0 0 0
volume_proxy 431 -1.4650384 0.16663103 0.00415160982 0 0 0
volume_proxy 802 1.16822606 0.729292145 0.00707633161 0 0 0
volume_proxy 876 0.206067695 -0.417165853 -0.00885687808 0 0 0
volume_proxy 1052 -0.144005955 -0.522264134 0.000699555406 0 0 0
volume_proxy 1066 0.416861125 0.968757324 0.0101348035 0 0 0
volume_proxy 1120 -0.555911187 0.515813665 0.0071124708 0 0 0
volume_proxy 1166 -0.501195318 0.838888414 0.00891374945 0 0 0
volume_proxy 1169 1.25890125 -0.891201422 -0.00552115849 0 0 0
volume_proxy 1172 0.0916193999 0.326947917 0.0051127437 0 0 0
volume_proxy 1186 -0.859578719 -0.460942231 -0.00117386707 0 0 0
volume_proxy 1193 -0.77622821 0.0647727748 -0.0006962936 0 0 0
volume_proxy 1225 -0.0515685832 -0.353769774 -0.00612176404 0 0 0
volume_proxy 1245 -1.25481521 0.799269932 -0.00635088036 0 0 0
volume_proxy 1280 -1.10811122 0.594787941 0.00939492174 0 0 0
volume_proxy 1285 -1.04833623 0.733893105 0.00467273581 0 0 0
volume_proxy 1295 -0.652170302 0.625964151 0.00470743745 0 0 0
volume_proxy 1296 0.290107585 -0.0898591206 0.0064658311 0 0 0
volume_proxy 1335 0.562073697 -0.820916832 0.0078252692 0 0 0
volume_proxy 1340 1.16047973 0.105966078 0.00185356679 0 0 0
volume_proxy 1380 -0.354377077 -0.033166675 -0.00248032338 0 0 0
volume_proxy 1386 0.0454789591 0.961373862 -0.00910590968 0 0 0
volume_proxy 1397 1.01291939 0.953830192 0.00971231357 0 0 0
volume_proxy 1403 0.319895741 0.372760412 0.00564841877 0 0 0
volume_proxy 1409 0.765753066 0.931208442 0.00391126356 0 0 0
volume_proxy 1413 1.06824612 0.502440326 0.0073774947 0 0 0
volume_proxy 1420 -1.28497897 0.00512361722 0.00377632071 0 0 0
volume_proxy 1421 -1.4115156 -0.0979303847 -0.00968098899 0 0 0
volume_proxy 1422 1.04542775 -0.902145907 -0.00246409837 0 0 0
volume_proxy 1426 0.771336514 -0.385613255 -0.00172142805 0 0 0
volume_proxy 1429 1.09168344 -0.040445347 0.00175787088 0 0 0
volume_proxy 1433 1.23266769 0.473143 -0.00697063939 0 0 0
volume_proxy 1434 -0.0337103379 -0.698556551 0.00864552594 0 0 0
volume_proxy 1437 0.134819488 -0.32549325 0.0103075038 0 0 0
volume_proxy 1439 -0.608655793 0.84118889 0.0102169301 0 0 0
volume_proxy 1440 0.639816105 -0.253178506 0.00607052408 0 0 0
volume_proxy 1444 -0.835000566 -0.810364763 -0.00116546609 0 0 0
volume_proxy 1445 0.00888769042 -0.858806625 0.00481797709 0 0 0
volume_proxy 1447 0.934491081 -0.485286137 0.0104978898 0 0 0
volume_proxy 1459 -0.869245128 0.689888251 0.00778828667 0 0 0
volume_proxy 1460 1.01958109 0.0368959514 0.00514642386 0 0 0
volume_proxy 1461 -1.27280403 0.814473744 -0.000284918893 0 0 0
volume_proxy 1462 -1.0160129 0.0156048376 -0.00485238882 0 0 0
volume_proxy 1466 -0.497768558 -0.799503314 0.00327200045 0 0 0
volume_proxy 1470 -1.34352182 -0.769100668 -0.00256651571 0 0 0
volume_proxy 1471 0.322148091 0.636761894 -0.00455540113 0 0 0
volume_proxy 1472 -0.919041617 0.515031399 0.00363164591 0 0 0
volume_proxy 1474 0.794849099 -0.469443243 -0.00252488116 0 0 0
volume_proxy 1481 1.28329616 0.485442029 0.00217606934 0 0 0
volume_proxy 1482 0.503971555 -0.937882243 -0.00960167943 0 0 0
volume_proxy 1485 0.314403937 -0.537247706 -0.00419398736 0 0 0
volume_proxy 1486 1.16578664 -0.579296761 0.000736477862 0 0 0
volume_proxy 1489 -0.478982476 0.447262706 -0.00168904902 0 0 0
volume_proxy 1490 1.14029329 0.787048297 0.00797428362 0 0 0
volume_proxy 1492 0.067247912 0.661692116 -0.00669431913 0 0 0
volume_proxy 1493 0.360469107 0.358038256 0.00964088916 0 0 0
volume_proxy 1494 0.974847253 0.778040318 0.00993089431 0 0 0
volume_proxy 1496 -1.09136338 0.297624076 -0.00643035368 0 0 0
volume_proxy 1497 0.0765797283 0.149767446 0.00267760786 0 0 0
volume_proxy 1498 -1.15610164 0.361386779 0.00970298526 0 0 0
volume_proxy 1501 -0.941392432 -0.748237284 0.00542546254 0 0 0
volume_proxy 1502 -0.867556807 -0.731385932 -0.0082716065 0 0 0
volume_proxy 1503 -0.495099531 0.167473146 -0.0012374207 0 0 0
volume_proxy 1505 0.30319832 0.977818861 -0.00616745221 0 0 0
volume_proxy 1506 0.394292122 0.304682337 -0.00242950076 0 0 0
volume_proxy 1507 -0.908145042 -0.471390777 0.00628779795 0 0 0
volume_proxy 1508 -0.350907736 -0.920694625 0.00984439242 0 0 0
volume_proxy 1509 -1.4431079 0.89237524 0.00297906067 0 0 0
volume_proxy 1510 0.649915766 -0.633148022 0.00924237024 0 0 0
volume_proxy 1511 1.26520035 0.369941713 -0.00925328086 0 0 0
volume_proxy 1512 -0.963206097 0.213792815 -0.00745982551 0 0 0
volume_proxy 1513 -0.64865955 0.622187859 0.00517964872 0 0 0
