volume_proxy 0 0.637727743 0.0209115445 -0.000838068486 0 0 0
volume_proxy 5 1.09577152 -0.720214501 -0.00731266097 0 0 0
volume_proxy 6 -0.114768631 -0.678330793 0.00914880798 0 0 0
volume_proxy 11 0.878996689 0.139957271 0.00948839839 0 0 0
volume_proxy 12 0.12918707 -0.827866209 0.00162524547 0 0 0
volume_proxy 14 -0.647602769 0.303579672 -0.00981705492 0 0 0
volume_proxy 23 0.842910543 -0.569736251 0.0101562132 0 0 0
volume_proxy 38 0.664379319 0.935631117 -0.00835021592 0 0 0
volume_proxy 40 -0.258506022 -0.192583115 0.00178237761 0 0 0
volume_proxy 50 -0.722959015 -0.811837914 0.0069832292 0 0 0
volume_proxy 53 -0.41957641 0.751727223 0.00288608903 0 0 0
volume_proxy 58 1.11258113 -0.919593456 0.00821875225 0 0 0
volume_proxy 60 0.869284756 0.249854565 -0.00351781654 0 0 0
volume_proxy 72 0.015012309 -0.23944013 0.00873072148 0 0 0
volume_proxy 85 -1.25407694 0.373886861 -0.0101351208 0 0 0
volume_proxy 97 0.949914803 0.00542742022 -0.00967150566 0 0 0
volume_proxy 107 1.10998628 0.82822319 0.00431727007 0 0 0
volume_proxy 127 -1.33287326 0.257808141 -0.00446923162 0 0 0
volume_proxy 130 0.988032377 0.282811917 -0.00384241615 0 0 0
volume_proxy 140 -0.334970628 0.690423244 0.000617889197 0 0 0
volume_proxy 157 1.23228725 0.0168413754 -0.00439863646 0 0 0
volume_proxy 159 -0.0396457641 0.879553378 0.00705164838 0 0 0
volume_proxy 161 0.806528938 0.19603198 0.00974077868 0 0 0
volume_proxy 176 0.235426306 0.132493847 0.00927288781 0 0 0
volume_proxy 186 -1.1013534 0.472765823 -0.00446179694 0 0 0
volume_proxy 189 -1.42653913 0.721644689 0.0067197585 0 0 0
volume_proxy 195 -0.638499752 -0.77393243 -0.00525011027 0 0 0
volume_proxy 196 0.75200941 -0.575990302 0.00830166647 0 0 0
volume_proxy 200 -0.569990047 -0.884966538 -0.00943990722 0 0 0
volume_proxy 202 -1.00477648 0.676081539 0.000851084874 0 0 0
volume_proxy 209 -0.956841491 0.28876363 -0.0037579152 0 0 0
volume_proxy 210 -0.498057118 0.785663328 -0.00461447718 0 0 0
volume_proxy 226 0.485846377 -0.785786332 0.0057819435 0 0 0
volume_proxy 236 1.34570147 0.558621928 0.0100929966 0 0 0
volume_proxy 247 1.22155443 0.808743898 0.00346305849 0 0 0
volume_proxy 256 -0.201982935 0.556133133 0.00513845398 0 0 0
volume_proxy 259 0.565421482 0.437325741 -0.00996392512 0 0 0
volume_proxy 269 0.183165547 -0.74479046 0.00831912108 0 0 0
volume_proxy 277 -1.44895065 -0.0606507105 0.0011388906 0 0 0
volume_proxy 296 -0.0650947448 -0.910647616 -0.00473370712 0 0 0
volume_proxy 305 0.381930199 -0.430743838 0.00826774488 0 0 0
volume_proxy 310 1.33050186 -0.359903453 -0.00715799468 0 0 0
volume_proxy 329 -1.29718057 0.287487336 0.00790278281 0 0 0
volume_proxy 344 -1.46453724 0.651729208 0.00208449274 0 0 0
volume_proxy 347 -0.474499487 0.200584438 -0.00515590328 0 0 0
volume_proxy 349 -1.06909719 -0.116594266 0.00377990301 0 0 0
volume_proxy 356 -0.182945401 0.895728258 0.00667041327 0 0 0
volume_proxy 375 0.252627459 -0.77716087 -0.00418378309 0 0 0
volume_proxy 388 -0.224832438 0.285347079 -0.00222423149 0 0 0
volume_proxy 431 -1.21077078 0.309844185 2.32583893e-06 0 0 0
volume_proxy 802 1.0283556 0.606699747 -0.0106833881 0 0 0
volume_proxy 876 0.223070529 -0.434651025 -0.00542821655 0 0 0
volume_proxy 1052 -0.317004538 -0.719092396 0.00322072082 0 0 0
volume_proxy 1066 0.466818348 0.914144781 -0.0091448349 0 0 0
volume_proxy 1120 -0.529076474 0.629671811 0.00613762125 0 0 0
volume_proxy 1166 -0.488439713 0.803239917 0.00781633963 0 0 0
volume_proxy 1169 1.14620563 -0.937527323 0.00332237906 0 0 0
volume_proxy 1172 0.093196786 0.548093062 -0.00987932675 0 0 0
volume_proxy 1186 -0.658051776 -0.334178121 0.0100941655 0 0 0
volume_proxy 1193 -0.480514743 -0.158999143 -0.00340361649 0 0 0
volume_proxy 1225 -0.0489435528 -0.442472713 -0.00923030058 0 0 0
volume_proxy 1245 -1.37977611 0.748862277 0.00969938677 0 0 0
volume_proxy 1280 -1.0710734 0.528062052 0.00162555782 0 0 0
volume_proxy 1285 -1.03305734 0.71646428 -0.00376778679 0 0 0
volume_proxy 1295 -0.536187475 0.506784237 0.00158433519 0 0 0
volume_proxy 1296 0.163495129 0.0987631359 -0.00343409373 0 0 0
volume_proxy 1335 0.630326344 -0.792719712 -0.00942112797 0 0 0
volume_proxy 1340 1.10733622 0.196479613 -0.00246588174 0 0 0
volume_proxy 1380 -0.281252099 0.211028949 0.00853220443 0 0 0
volume_proxy 1386 0.00906044522 0.866594241 0.00634212051 0 0 0
volume_proxy 1397 0.84465159 0.813920852 0.00197767191 0 0 0
volume_proxy 1403 0.388028231 0.336419815 0.00491194776 0 0 0
volume_proxy 1409 0.801912774 0.983363965 0.00466474926 0 0 0
volume_proxy 1413 0.98805369 0.493835223 -0.00625863284 0 0 0
volume_proxy 1420 -1.22741798 -0.0929748956 -0.00740391616 0 0 0
volume_proxy 1421 -1.42421987 -0.187167778 0.00148053663 0 0 0
volume_proxy 1422 1.29590551 -0.929434044 -0.0103067396 0 0 0
volume_proxy 1426 0.835126023 -0.2919767 -0.00169897138 0 0 0
volume_proxy 1429 1.03319737 0.0317890745 -0.00240494271 0 0 0
volume_proxy 1433 1.36278815 0.484093131 0.00730969781 0 0 0
volume_proxy 1434 0.0803089696 -0.600686687 0.00180180291 0 0 0
volume_proxy 1437 0.160404019 -0.214523211 -0.00127104731 0 0 0
volume_proxy 1439 -0.436772374 0.960492144 0.00735519716 0 0 0
volume_proxy 1440 0.803623342 -0.471375382 -0.00967144497 0 0 0
volume_proxy 1444 -0.676091154 -0.83085881 0.00467329498 0 0 0
volume_proxy 1445 0.0556611694 -0.988413767 -0.00208972385 0 0 0
volume_proxy 1447 0.794474965 -0.610368882 0.00548996614 0 0 0
volume_proxy 1459 -0.837535999 0.488400437 -0.0066923466 0 0 0
volume_proxy 1460 0.915130401 0.132965005 0.00632697688 0 0 0
volume_proxy 1461 -1.21908281 0.696484663 0.00369037328 0 0 0
volume_proxy 1462 -1.01342462 0.0433082242 0.00941782796 0 0 0
volume_proxy 1466 -0.39696426 -0.617833289 0.00893519823 0 0 0
volume_proxy 1470 -1.47637678 -0.764844325 -0.00696631309 0 0 0
volume_proxy 1471 0.257424142 0.658596504 0.00358654678 0 0 0
volume_proxy 1472 -0.950948814 0.404756693 -0.00878612215 0 0 0
volume_proxy 1474 0.707101417 -0.528383438 -0.00352121738 0 0 0
volume_proxy 1481 1.48667803 0.419176692 -0.000902917286 0 0 0
volume_proxy 1482 0.710887577 -0.902615517 0.00684204281 0 0 0
volume_proxy 1485 0.411450609 -0.530925471 -0.00994756319 0 0 0
volume_proxy 1486 1.15530706 -0.540165257 -0.00928797623 0 0 0
volume_proxy 1489 -0.588047501 0.503688095 -0.00278789048 0 0 0
volume_proxy 1490 1.11113281 0.646886769 -0.000893658979 0 0 0
volume_proxy 1492 0.18548309 0.594622 -0.00934219123 0 0 0
volume_proxy 1493 0.170261149 0.444024084 -0.00753122356 0 0 0
volume_proxy 1494 1.05023967 0.711250204 0.00733425001 0 0 0
volume_proxy 1496 -1.07654701 0.452118662 0.00401629026 0 0 0
volume_proxy 1497 0.2076925 -0.0180950248 0.0105348083 0 0 0
volume_proxy 1498 -1.18067687 0.476366363 0.00380809454 0 0 0
volume_proxy 1501 -0.917102151 -0.728792545 0.00846201134 0 0 0
volume_proxy 1502 -0.97969334 -0.837371213 -0.0101425816 0 0 0
volume_proxy 1503 -0.554367591 -0.0422463866 0.00149509357 0 0 0
volume_proxy 1505 0.167909698 0.869606267 0.00660413818 0 0 0
volume_proxy 1506 0.307359128 0.398282914 0.00144047699 0 0 0
volume_proxy 1507 -0.955027793 -0.575570083 -0.00927097244 0 0 0
volume_proxy 1508 -0.502815283 -0.998513596 -0.00080384407 0 0 0
volume_proxy 1509 -1.49873618 0.79099696 -0.00254394488 0 0 0
volume_proxy 1510 0.675361113 -0.677122895 0.00793183097 0 0 0
volume_proxy 1511 1.09560272 0.235281467 -0.00521910339 0 0 0
volume_proxy 1512 -0.953623284 0.223112286 0.000809407942 0 0 0
volume_proxy 1513 -0.803551273 0.751376797 -0.00569793268 0 0 0
