volume_proxy 0 1.42130738 -0.196211966 0.000963253848 0 0 0
volume_proxy 5 0.614117272 0.222392837 -0.00140178359 0 0 0
volume_proxy 6 0.203543713 -0.129760484 -0.00285531306 0 0 0
volume_proxy 11 0.875944685 0.281084638 0.00391947938 0 0 0
volume_proxy 12 1.28753338 -0.369970447 0.00368009659 0 0 0
volume_proxy 14 0.172473066 -0.379815994 -0.00351362836 0 0 0
volume_proxy 23 0.427980434 -0.472072461 -0.0103427026 0 0 0
volume_proxy 38 0.612088905 -0.0128805341 0.0107757686 0 0 0
volume_proxy 40 0.206283428 -0.780715391 0.0102442848 0 0 0
volume_proxy 50 -0.329654111 -0.292001517 0.000561085946 0 0 0
volume_proxy 53 -0.192289311 -0.4221001 0.00408765411 0 0 0
volume_proxy 58 0.901844217 -0.56401257 -0.0100722593 0 0 0
volume_proxy 60 0.891189552 0.615852183 0.00623347085 0 0 0
volume_proxy 61 0.164265179 -0.691649982 -0.00682538486 0 0 0
volume_proxy 72 0.139909087 0.349613402 0.00838325381 0 0 0
volume_proxy 85 -1.26660775 -0.41148839 0.00561714603 0 0 0
volume_proxy 88 -0.967771586 -0.694797118 -0.00658707627 0 0 0
volume_proxy 97 1.44848502 -0.47677261 0.00873421899 0 0 0
volume_proxy 101 -0.654130283 0.858530446 -0.00540005231 0 0 0
volume_proxy 105 0.243045695 -0.281355569 -0.00433663801 0 0 0
volume_proxy 107 1.10806999 0.160129108 -0.00987913464 0 0 0
volume_proxy 108 1.42549642 0.599322854 0.00248212582 0 0 0
volume_proxy 127 -0.804362379 0.986596644 0.00177692 0 0 0
volume_proxy 130 1.42497612 0.531346618 -0.00213542838 0 0 0
volume_proxy 140 -0.483461495 0.142832582 0.00863324573 0 0 0
volume_proxy 157 0.983393959 -0.223628424 0.00284434284 0 0 0
volume_proxy 159 0.454100969 -0.482018353 -0.0104331476 0 0 0
volume_proxy 161 0.516470575 0.0768392464 -0.000544781215 0 0 0
volume_proxy 176 0.745418353 -0.998609484 -0.00362700384 0 0 0
volume_proxy 186 0.257527473 0.177728823 -0.00506153594 0 0 0
volume_proxy 189 -1.39377792 0.400436479 0.000337205018 0 0 0
volume_proxy 195 0.00980014282 -0.332414257 0.00965692361 0 0 0
volume_proxy 196 0.283999362 0.331740355 0.00903212223 0 0 0
volume_proxy 200 -0.333835877 -0.965934733 0.00741189262 0 0 0
volume_proxy 202 -1.34212293 0.653035832 0.0086001865 0 0 0
volume_proxy 209 -0.903153791 -0.0846464882 0.00671694752 0 0 0
volume_proxy 210 -0.752573586 0.0910448474 -0.00102241564 0 0 0
volume_proxy 226 -0.773359926 -0.0757733357 0.00711155197 0 0 0
volume_proxy 236 0.231622929 0.90418877 -0.00816459961 0 0 0
volume_proxy 247 0.721232606 0.0720811843 -0.00376899349 0 0 0
volume_proxy 256 -0.517792408 0.22897045 -0.00807961792 0 0 0
volume_proxy 259 0.113214942 -0.155044842 0.00127904054 0 0 0
volume_proxy 269 0.419241927 -0.260143499 -0.00247313999 0 0 0
volume_proxy 277 -0.901264864 -0.534752679 -0.00942150009 0 0 0
volume_proxy 294 -0.129088585 0.249261904 -0.00760884345 0 0 0
volume_proxy 296 -0.00996361237 -0.0347017744 0.00478748159 0 0 0
volume_proxy 298 1.32080262 -0.41730126 -0.0070533453 0 0 0
volume_proxy 305 0.976823827 -0.871211663 -0.000405191739 0 0 0
volume_proxy 310 1.04464578 0.322326132 0.00402814763 0 0 0
volume_proxy 311 1.23984355 -0.808877288 -0.00829715976 0 0 0
volume_proxy 329 -0.951455423 -0.857729825 -0.00452170038 0 0 0
volume_proxy 337 -0.817109792 0.7953971 0.00284054768 0 0 0
volume_proxy 344 -0.619517976 0.484459453 0.00218293744 0 0 0
volume_proxy 347 -0.463966704 -0.541330205 0.00162183616 0 0 0
volume_proxy 349 -0.412147179 0.383080062 -0.00136844221 0 0 0
volume_proxy 356 0.481654081 0.472517667 -0.00989486785 0 0 0
volume_proxy 375 1.42605515 -0.301076707 0.000710892143 0 0 0
volume_proxy 388 -1.10794753 0.881554565 0.00786988223 0 0 0
volume_proxy 431 -1.29523164 -0.724763159 -0.00952951991 0 0 0
volume_proxy 802 0.98629828 -0.593694246 -0.000694885531 0 0 0
volume_proxy 876 0.208915488 -0.890443584 0.010362596 0 0 0
volume_proxy 904 -0.187774907 0.30151414 0.00176399318 0 0 0
volume_proxy 1020 -1.32587462 0.984000848 -0.00793693835 0 0 0
volume_proxy 1052 0.207220037 -0.715361521 -0.000876349073 0 0 0
volume_proxy 1066 0.78409228 0.720290985 -0.0105131037 0 0 0
volume_proxy 1093 -0.227900197 0.0473073021 0.00875329489 0 0 0
volume_proxy 1118 -0.045461806 -0.313110305 0.00722040985 0 0 0
volume_proxy 1120 -0.59327398 0.846174414 -0.00730191279 0 0 0
volume_proxy 1138 1.17494795 -0.703507328 -0.0103167447 0 0 0
volume_proxy 1166 -0.538912817 0.665811721 0.00261720984 0 0 0
volume_proxy 1169 1.40256617 -0.985277023 0.00478819233 0 0 0
volume_proxy 1172 -0.0249827361 0.697830206 0.00429783151 0 0 0
volume_proxy 1186 -0.475324963 -0.293904068 -0.00760061045 0 0 0
volume_proxy 1193 -0.859264918 -0.152934422 -0.00687120301 0 0 0
volume_proxy 1210 -1.19313658 0.728054893 0.00895875066 0 0 0
volume_proxy 1217 -0.419781415 0.0538428139 -0.00475373221 0 0 0
volume_proxy 1219 -0.997250991 0.924414586 -0.0100839379 0 0 0
volume_proxy 1225 0.0220742222 -0.759269581 -0.00270661323 0 0 0
volume_proxy 1230 1.35591503 -0.219342839 0.00520490662 0 0 0
volume_proxy 1245 -1.39320115 0.985403017 0.00287318666 0 0 0
volume_proxy 1270 0.39607311 -0.315439729 0.00158939647 0 0 0
volume_proxy 1280 -1.2480134 0.598356022 0.0044012104 0 0 0
volume_proxy 1285 -1.47838468 0.850369715 0.00927380419 0 0 0
volume_proxy 1292 0.520282139 0.248714967 -0.00338478118 0 0 0
volume_proxy 1295 -1.31726258 0.980892971 -0.0036761699 0 0 0
volume_proxy 1296 -0.00751854502 0.00441556577 0.000437067278 0 0 0
volume_proxy 1297 -0.0555518221 -0.92575842 0.00730421416 0 0 0
volume_proxy 1301 -0.918610332 0.562952093 0.00880995885 0 0 0
volume_proxy 1308 -0.537489521 0.951152971 -0.00467759695 0 0 0
volume_proxy 1318 1.40359695 -0.32602477 -0.0107849422 0 0 0
volume_proxy 1326 0.133993833 -0.148120958 -0.00736850072 0 0 0
volume_proxy 1335 0.175448985 -0.532428954 0.00713593456 0 0 0
volume_proxy 1340 0.721054836 0.459962103 -0.0105564398 0 0 0
volume_proxy 1347 -0.269688116 0.801292892 0.00379217493 0 0 0
volume_proxy 1348 1.43167706 -0.544421275 -0.00558533224 0 0 0
volume_proxy 1361 1.18527283 0.579626013 0.00353693797 0 0 0
volume_proxy 1366 0.818493628 0.86713563 0.0045856809 0 0 0
volume_proxy 1379 0.731458066 0.851094137 0.00144438957 0 0 0
volume_proxy 1380 -0.71336926 0.469696955 0.00740026878 0 0 0
volume_proxy 1381 0.530841167 0.723061524 0.00407319482 0 0 0
volume_proxy 1384 0.517018386 0.25845224 -0.00348855792 0 0 0
volume_proxy 1386 0.946444903 0.858357031 0.00689494434 0 0 0
volume_proxy 1388 0.417476835 0.150099066 -0.00207520494 0 0 0
volume_proxy 1389 -0.29185095 0.806328878 -0.00716153766 0 0 0
volume_proxy 1390 -1.34619327 0.956435579 0.00974208084 0 0 0
volume_proxy 1392 0.0422054782 -0.985431562 0.00463764734 0 0 0
volume_proxy 1395 0.953090198 0.429947589 -0.000616058397 0 0 0
volume_proxy 1397 0.32954985 0.574481131 0.00886914799 0 0 0
volume_proxy 1398 -1.3090074 0.52780915 0.00349944341 0 0 0
volume_proxy 1403 0.845194931 0.246076656 -0.00763651081 0 0 0
volume_proxy 1405 0.152302121 0.393541844 0.00796358247 0 0 0
volume_proxy 1408 0.497205578 0.76552221 -0.00523020979 0 0 0
volume_proxy 1409 1.33767169 0.187566264 -0.00757992512 0 0 0
volume_proxy 1413 0.509945175 0.918777661 0.00839715394 0 0 0
volume_proxy 1414 1.10587697 0.246255671 -0.00812158177 0 0 0
volume_proxy 1418 -1.36959925 -0.111051922 0.00635192859 0 0 0
volume_proxy 1420 -1.25252924 0.0410910407 -0.00892281498 0 0 0
volume_proxy 1421 -1.15403788 -0.0632032391 -0.00588394182 0 0 0
volume_proxy 1422 0.884397977 -0.634055251 -0.00626233457 0 0 0
volume_proxy 1423 -0.367473136 0.534234844 -0.0107913843 0 0 0
volume_proxy 1425 -0.639090914 -0.963424998 -0.00461742574 0 0 0
volume_proxy 1426 0.749827853 -0.200256945 0.000292118934 0 0 0
volume_proxy 1428 -0.230903714 0.465323894 -0.00884851195 0 0 0
volume_proxy 1429 1.29835034 -0.181358531 0.00068288013 0 0 0
volume_proxy 1433 1.06208563 0.191721568 0.0038788117 0 0 0
volume_proxy 1434 0.571995389 -0.445616316 -0.00723603738 0 0 0
volume_proxy 1436 -0.929162803 -0.976869729 -0.0071457445 0 0 0
volume_proxy 1437 -0.129866474 -0.31604419 -0.00660241373 0 0 0
volume_proxy 1439 -1.04214555 0.83504222 0.00193747765 0 0 0
volume_proxy 1440 0.024043723 -0.51158347 0.00128464814 0 0 0
volume_proxy 1441 0.0706745571 -0.997787895 -0.00797088504 0 0 0
volume_proxy 1444 -0.909567462 -0.800054728 0.00814055295 0 0 0
volume_proxy 1445 0.46404654 -0.819022608 0.00281489142 0 0 0
volume_proxy 1447 1.31075884 -0.69564111 0.00753097344 0 0 0
volume_proxy 1448 0.340193468 -0.416856337 -0.000991557625 0 0 0
volume_proxy 1454 -0.991155916 -0.970156551 0.00992685445 0 0 0
volume_proxy 1456 -0.146466535 -0.086430597 0.00867903292 0 0 0
volume_proxy 1457 0.928466387 0.935036092 0.00503159058 0 0 0
volume_proxy 1458 0.22204845 -0.96547986 -0.00600933515 0 0 0
volume_proxy 1459 -1.14967437 0.999470017 0.0107920552 0 0 0
volume_proxy 1460 0.922333888 0.412121924 0.000983465782 0 0 0
volume_proxy 1461 -1.48473662 0.294098955 0.0103381312 0 0 0
volume_proxy 1462 -0.856972002 -0.910931269 0.00891353829 0 0 0
volume_proxy 1464 -0.761302981 -0.983260531 -0.00653406003 0 0 0
volume_proxy 1465 1.34635891 -0.613807686 0.00483211302 0 0 0
volume_proxy 1466 -1.24219543 -0.59006631 0.00881512866 0 0 0
volume_proxy 1470 -1.42976486 -0.631005133 0.0088430672 0 0 0
volume_proxy 1471 0.257810354 0.969765868 -0.00970621768 0 0 0
