volume_proxy 0 0.67100533 0.998197739 -0.00102090611 0 0 0
volume_proxy 5 1.38864184 -0.804215265 0.000133903342 0 0 0
volume_proxy 6 -0.340196588 0.620775464 -0.00432002553 0 0 0
volume_proxy 11 1.10647002 0.326469457 -0.00778863677 0 0 0
volume_proxy 12 0.532847092 -0.413063176 0.00306762735 0 0 0
volume_proxy 14 -1.07640089 0.93492523 -0.00874864821 0 0 0
volume_proxy 23 1.37335224 -0.68255883 -0.00276904277 0 0 0
volume_proxy 38 0.922734524 -0.385394546 -0.00166001918 0 0 0
volume_proxy 40 -0.535801753 -0.302719087 0.00433931768 0 0 0
volume_proxy 50 -0.832266473 -0.312530019 0.0102197375 0 0 0
volume_proxy 53 -0.464490132 0.847020955 -0.00268873176 0 0 0
volume_proxy 58 0.672857288 -0.965329662 -0.00932270874 0 0 0
volume_proxy 60 0.576484893 0.500260622 0.00348820075 0 0 0
volume_proxy 85 -0.867600279 0.185241639 0.00450422912 0 0 0
volume_proxy 97 1.06295905 0.871761854 -0.000418452948 0 0 0
volume_proxy 107 1.29748813 0.926579613 0.00663332126 0 0 0
volume_proxy 127 -1.15620563 -0.0418961355 -0.00345653516 0 0 0
volume_proxy 130 0.833418924 0.323983375 0.00509656172 0 0 0
volume_proxy 140 0.311547771 0.522524529 -0.00279455633 0 0 0
volume_proxy 157 1.16025967 -0.168779192 0.00211439072 0 0 0
volume_proxy 159 0.856430497 0.579367533 0.00544424245 0 0 0
volume_proxy 161 0.650839248 0.884025563 -0.00354384628 0 0 0
volume_proxy 176 0.334503755 0.10681169 0.00931985687 0 0 0
volume_proxy 186 -0.902397879 0.0864715619 -0.0060473467 0 0 0
volume_proxy 189 -0.690811019 0.925991834 -0.00513196078 0 0 0
volume_proxy 195 -0.331404384 -0.479372499 0.0034658211 0 0 0
volume_proxy 196 0.917216279 -0.49711865 -0.0100724037 0 0 0
volume_proxy 200 -0.108345776 -0.794808421 0.00115470865 0 0 0
volume_proxy 202 -0.687768365 0.757566531 -0.00793290231 0 0 0
volume_proxy 209 -1.16861143 0.689351202 0.00900285266 0 0 0
volume_proxy 210 -0.189246093 0.468852047 -0.00624589919 0 0 0
volume_proxy 226 0.393521524 -0.877503827 0.00970051375 0 0 0
volume_proxy 236 1.12134018 0.916966801 0.00941147981 0 0 0
volume_proxy 247 1.41948812 0.808175911 -0.0101149293 0 0 0
volume_proxy 256 -0.665288104 0.968237924 -0.00239963892 0 0 0
volume_proxy 259 0.597368232 0.491552924 0.00458804981 0 0 0
volume_proxy 269 -0.672702972 -0.521431637 0.00906660708 0 0 0
volume_proxy 277 -1.0276856 -0.452457678 0.0107963985 0 0 0
volume_proxy 296 -0.732795736 -0.689961802 -0.0105809837 0 0 0
volume_proxy 305 0.215268262 0.0177301686 -0.0010991302 0 0 0
volume_proxy 310 0.317519349 -0.985035417 -0.00621703712 0 0 0
volume_proxy 344 -1.01592719 0.989805705 -0.00159281426 0 0 0
volume_proxy 347 -0.114780585 -0.112440886 0.00599781305 0 0 0
volume_proxy 356 0.268377158 0.907036478 0.00177881554 0 0 0
volume_proxy 375 1.06292171 -0.362476201 -0.00871115203 0 0 0
volume_proxy 388 0.408206398 -0.0319790638 0.00694349141 0 0 0
volume_proxy 802 1.44216545 -0.358603842 -0.00624549919 0 0 0
volume_proxy 1052 -0.883114237 -0.847874903 0.00630314812 0 0 0
volume_proxy 1066 -0.141355823 0.359691255 -0.00655185544 0 0 0
volume_proxy 1120 -0.327062603 0.0298267303 -0.00951334835 0 0 0
volume_proxy 1166 -0.791166338 0.645937986 0.00509060444 0 0 0
volume_proxy 1169 1.02531397 -0.915274988 0.00402701226 0 0 0
volume_proxy 1193 -1.29285778 -0.38876982 -0.00252086202 0 0 0
volume_proxy 1225 -0.573370555 -0.293949145 -0.00216570564 0 0 0
volume_proxy 1245 -1.42229145 0.457779419 -0.00877196609 0 0 0
volume_proxy 1280 -1.20530847 0.179750259 0.00633082365 0 0 0
volume_proxy 1285 -1.34904911 0.151341559 0.00826567531 0 0 0
volume_proxy 1295 -0.183543038 0.579731277 -0.00198949909 0 0 0
volume_proxy 1296 0.350010612 -0.0430068041 0.00584866157 0 0 0
volume_proxy 1335 0.300095261 -0.756075796 -0.00346795721 0 0 0
volume_proxy 1340 0.923542609 0.42628343 0.00943870171 0 0 0
volume_proxy 1380 0.288803895 0.339909149 -0.00615204031 0 0 0
volume_proxy 1386 0.154477992 0.178700434 0.010416123 0 0 0
volume_proxy 1397 1.12354954 0.414271041 0.00282616333 0 0 0
volume_proxy 1409 0.264161229 0.945095926 0.00437550639 0 0 0
volume_proxy 1413 1.28837906 0.656651845 0.00575447899 0 0 0
volume_proxy 1420 -1.03765734 0.0683190069 0.0103200033 0 0 0
volume_proxy 1422 0.848945723 -0.936393693 0.00267168343 0 0 0
volume_proxy 1429 1.14406283 -0.508723807 0.00217494785 0 0 0
volume_proxy 1433 1.4095848 0.336665402 0.00732868331 0 0 0
volume_proxy 1434 0.052708625 -0.982681718 -9.97441331e-05 0 0 0
volume_proxy 1437 0.0594446804 0.0263645396 0.00182482321 0 0 0
volume_proxy 1439 -0.343151394 0.351469104 0.00489394227 0 0 0
volume_proxy 1447 0.773159808 -0.808878713 -0.00855052286 0 0 0
volume_proxy 1459 -0.604211241 0.152155236 0.00244558275 0 0 0
volume_proxy 1460 1.49134666 0.85670612 0.0029664573 0 0 0
volume_proxy 1461 -1.03638182 0.699312922 -0.010410014 0 0 0
volume_proxy 1466 -1.22542535 0.235828529 -0.0097453109 0 0 0
volume_proxy 1470 -1.08222098 -0.560551415 0.00755475927 0 0 0
volume_proxy 1472 -1.30456178 0.278735003 0.000951927303 0 0 0
volume_proxy 1474 1.07313284 -0.958561071 0.00183756191 0 0 0
volume_proxy 1481 1.16430651 0.859166788 0.00855615428 0 0 0
volume_proxy 1482 0.793806167 -0.594014531 0.00500105776 0 0 0
volume_proxy 1485 0.463912569 -0.877886601 0.00732872016 0 0 0
volume_proxy 1486 1.04512489 -0.632140428 0.00524482799 0 0 0
volume_proxy 1489 0.0988943603 -0.200682679 0.00210492738 0 0 0
volume_proxy 1490 1.36330106 0.784126351 -0.0064335053 0 0 0
volume_proxy 1492 0.339720837 0.583156945 0.00552932535 0 0 0
volume_proxy 1493 0.12450523 0.0626771285 -0.00931935131 0 0 0
volume_proxy 1494 0.852047384 0.448805069 -0.0106914943 0 0 0
volume_proxy 1496 -1.31268267 0.205372645 -0.00292028437 0 0 0
volume_proxy 1498 -1.16143013 0.35963303 -0.0060754848 0 0 0
volume_proxy 1501 -0.977529322 -0.875439063 0.00767710536 0 0 0
volume_proxy 1503 0.222827733 0.0782662546 -0.0010284929 0 0 0
volume_proxy 1506 0.697849705 0.880347157 0.000791577263 0 0 0
volume_proxy 1507 -1.00843442 -0.223915688 -0.00732161159 0 0 0
volume_proxy 1508 -0.432411708 -0.643814088 -0.00981384227 0 0 0
volume_proxy 1509 -1.49631429 0.406849512 0.007098897 0 0 0
volume_proxy 1510 0.632617735 -0.413413924 -0.00995474142 0 0 0
volume_proxy 1511 1.11367829 0.902149872 -0.00533184291 0 0 0
volume_proxy 1513 -0.802292094 0.975756363 0.00318874431 0 0 0
volume_proxy 1515 0.688067755 0.483955651 -0.00520745433 0 0 0
volume_proxy 1516 -0.642600586 -0.515020303 -0.00506637142 0 0 0
volume_proxy 1517 -0.794917377 -0.981621802 -0.00393574903 0 0 0
volume_proxy 1518 -1.23277793 -0.133318429 0.00487645602 0 0 0
volume_proxy 1519 0.192696582 -0.102600938 -0.00865607062 0 0 0
volume_proxy 1520 0.0222767016 -0.579429724 0.00453869428 0 0 0
volume_proxy 1521 -0.237071261 0.819378144 0.000882067843 0 0 0
volume_proxy 1522 0.20512778 0.558182399 -0.00801090343 0 0 0
volume_proxy 1523 1.10589228 -0.144190446 0.00249251656 0 0 0
volume_proxy 1524 1.10590079 -0.0982226269 -0.00259882146 0 0 0
volume_proxy 1525 -1.21484767 0.685529232 0.00510243675 0 0 0
