volume_proxy 0 1.32776986 0.00120068321 0.00612140972 0 0 0
volume_proxy 5 0.295070069 0.640374883 0.010265849 0 0 0
volume_proxy 6 1.00544502 -0.166270841 0.00167001496 0 0 0
volume_proxy 11 0.327892062 0.54703942 0.00452081792 0 0 0
volume_proxy 12 1.36208115 -0.144505714 -0.00444736146 0 0 0
volume_proxy 14 0.523313133 0.253945498 0.000972096784 0 0 0
volume_proxy 23 -0.37252172 -0.182482305 -0.00236923284 0 0 0
volume_proxy 38 0.638084443 0.0378835363 0.00446197564 0 0 0
volume_proxy 40 0.0373485004 -0.799303195 0.00533287873 0 0 0
volume_proxy 50 -0.624333357 -0.551511552 -0.00780709452 0 0 0
volume_proxy 53 -0.22014899 -0.832661123 0.00595990116 0 0 0
volume_proxy 58 1.34252333 -0.426055036 -0.00533018938 0 0 0
volume_proxy 60 0.0557341727 0.490256586 0.00911202708 0 0 0
volume_proxy 61 0.0892093146 -0.957601619 -0.00104189472 0 0 0
volume_proxy 72 0.0526674826 -0.240137579 0.00228080829 0 0 0
volume_proxy 81 -0.669343366 -0.372643777 0.00457361564 0 0 0
volume_proxy 85 -0.448761421 0.172496298 0.00721909457 0 0 0
volume_proxy 88 -0.90713264 -0.304473413 0.0101926882 0 0 0
volume_proxy 97 1.39510712 -0.481842721 -0.000716960512 0 0 0
volume_proxy 101 -1.05874116 0.973624144 0.00778114201 0 0 0
volume_proxy 105 0.00199191678 -0.920680563 -0.00898948901 0 0 0
volume_proxy 106 0.0292255626 -0.983247922 0.00286719391 0 0 0
volume_proxy 107 0.763291045 0.195400531 0.00199200026 0 0 0
volume_proxy 108 1.49416257 0.244814616 -0.00617192591 0 0 0
volume_proxy 126 -0.271085561 -0.439244965 -0.00683347839 0 0 0
volume_proxy 127 -0.54421619 0.333204832 0.00545626934 0 0 0
volume_proxy 130 0.978757208 0.586610486 -0.00543835739 0 0 0
volume_proxy 132 0.712470608 0.781643821 -0.000667863042 0 0 0
volume_proxy 140 -0.673204852 0.532726064 0.00444346915 0 0 0
volume_proxy 145 -0.980019826 -0.786640443 0.00494960198 0 0 0
volume_proxy 157 0.232295921 0.192429013 -0.00962599709 0 0 0
volume_proxy 159 -0.214840391 -0.541855613 0.00791630886 0 0 0
volume_proxy 161 -0.400686145 -0.0190050971 0.000707169079 0 0 0
volume_proxy 176 0.3822277 -0.746742858 -0.00517131138 0 0 0
volume_proxy 178 -1.27991686 0.839209644 -0.00705763757 0 0 0
volume_proxy 186 -0.0834732725 0.858717411 -0.00200411156 0 0 0
volume_proxy 189 -1.20593892 0.299631777 -0.00824290905 0 0 0
volume_proxy 195 -0.380534156 -0.258427581 0.00105372278 0 0 0
volume_proxy 196 0.549346676 0.388030592 -0.0092115279 0 0 0
volume_proxy 200 -0.100839571 -0.721980094 0.000958792624 0 0 0
volume_proxy 202 -0.900585503 0.911582893 -0.0056407005 0 0 0
volume_proxy 209 -0.740557951 -0.341473109 0.00678472052 0 0 0
volume_proxy 210 -0.384176453 0.142706108 0.00653029366 0 0 0
volume_proxy 224 0.613961958 -0.620532368 0.00245958222 0 0 0
volume_proxy 226 -0.706269578 -0.331131934 -0.00132576755 0 0 0
volume_proxy 236 0.447389127 0.292397745 -0.00605136012 0 0 0
volume_proxy 244 1.45232837 0.374305026 0.00736832693 0 0 0
volume_proxy 247 0.703408984 0.0184659372 -0.00110075588 0 0 0
volume_proxy 256 -0.352421159 -0.710619307 0.00591250508 0 0 0
volume_proxy 259 0.24679311 -0.0290857708 0.0062456181 0 0 0
volume_proxy 269 -0.226854603 -0.747019859 -0.00394400317 0 0 0
volume_proxy 276 0.565812425 -0.168638313 -0.00201437654 0 0 0
volume_proxy 277 -0.716444831 -0.362994567 -0.00271857497 0 0 0
volume_proxy 294 0.654504092 0.607260289 -0.0094599519 0 0 0
volume_proxy 296 0.355235656 -0.164287757 -0.000566498497 0 0 0
volume_proxy 298 1.03643841 -0.509996427 -0.00627738222 0 0 0
volume_proxy 305 0.432805021 -0.239429966 -0.0025635681 0 0 0
volume_proxy 310 1.10355691 0.488167449 -0.000347314794 0 0 0
volume_proxy 311 1.24747132 -0.334301134 -0.00105159373 0 0 0
volume_proxy 329 -0.800021469 -0.0477363274 -0.00428824416 0 0 0
volume_proxy 337 -0.967345386 0.405905579 0.010097209 0 0 0
volume_proxy 344 0.585338018 0.443315469 0.00574525745 0 0 0
volume_proxy 347 -0.590877234 -0.760248062 -0.010453069 0 0 0
volume_proxy 349 0.591849859 0.0827740456 -0.00985771676 0 0 0
volume_proxy 356 0.661436719 0.48916561 0.005661796 0 0 0
volume_proxy 358 1.09067979 0.726292498 0.010589073 0 0 0
volume_proxy 375 1.23984159 -0.339933313 0.010502406 0 0 0
volume_proxy 388 -1.02722861 0.06484262 0.00553845744 0 0 0
volume_proxy 399 0.676302088 -0.437804827 0.00666995402 0 0 0
volume_proxy 409 0.46772383 -0.654480884 0.0095122046 0 0 0
volume_proxy 412 1.46477531 -0.113637111 -0.00748256187 0 0 0
volume_proxy 431 -1.2887083 -0.972996503 -0.00838123429 0 0 0
volume_proxy 512 0.326975662 -0.884943468 0.00607403566 0 0 0
volume_proxy 518 1.41070143 0.814696039 0.00768628363 0 0 0
volume_proxy 591 -0.187862431 0.356714419 0.00822083453 0 0 0
volume_proxy 682 0.420259473 -0.257338877 0.0097970691 0 0 0
volume_proxy 725 -1.13987219 -0.70224662 -0.00598213146 0 0 0
volume_proxy 751 -0.302400913 -0.994635495 0.00553726368 0 0 0
volume_proxy 802 1.01713517 -0.497556399 0.0105482222 0 0 0
volume_proxy 814 0.253105067 0.0849561862 -0.00309652038 0 0 0
volume_proxy 876 -0.312968591 -0.37160539 0.00298371386 0 0 0
volume_proxy 904 -0.613145747 0.712511604 -0.00797992678 0 0 0
volume_proxy 914 0.258500134 -0.702807228 0.00117465087 0 0 0
volume_proxy 929 -1.11589446 -0.589445797 0.00272324913 0 0 0
volume_proxy 944 0.29634379 -0.624971522 0.00321379561 0 0 0
volume_proxy 991 -1.29759262 -0.872960559 -0.000644841117 0 0 0
volume_proxy 1020 -1.04928619 0.540462738 -0.00403590054 0 0 0
volume_proxy 1021 -0.653624051 -0.94518982 -0.00469951284 0 0 0
volume_proxy 1042 0.861979058 0.911581109 -0.00313284495 0 0 0
volume_proxy 1050 -1.34769982 -0.227912179 -0.0081182656 0 0 0
volume_proxy 1052 -0.301278924 -0.0870533999 0.00953644935 0 0 0
volume_proxy 1062 0.871916026 0.224571843 0.0062309916 0 0 0
volume_proxy 1066 0.574637007 0.430559412 0.00892809599 0 0 0
volume_proxy 1093 -0.332558796 -0.568381636 0.00116709553 0 0 0
volume_proxy 1098 0.602542997 0.953821198 -0.00438112793 0 0 0
volume_proxy 1118 -0.295129002 -0.348798458 0.00291763701 0 0 0
volume_proxy 1120 -0.274064568 0.601076955 0.00896233987 0 0 0
volume_proxy 1133 0.703079617 -0.776843735 0.00711147557 0 0 0
volume_proxy 1137 -0.843257636 -0.0600889839 -0.00136781879 0 0 0
volume_proxy 1138 1.29061278 -0.990941342 0.00118040653 0 0 0
volume_proxy 1151 0.566274833 -0.906914333 -0.00534268829 0 0 0
volume_proxy 1166 -0.903027666 0.556282359 -0.00405478279 0 0 0
volume_proxy 1169 1.36205858 -0.764832941 0.00660338273 0 0 0
volume_proxy 1172 0.0964930998 0.585219801 -0.00144486874 0 0 0
volume_proxy 1180 -1.07752144 0.0986833594 0.000224811101 0 0 0
volume_proxy 1186 -0.526807156 -0.776643331 0.00683475487 0 0 0
volume_proxy 1193 -1.02573168 -0.186168125 0.0105753266 0 0 0
volume_proxy 1195 -1.20816902 -0.368529745 -0.00434730594 0 0 0
volume_proxy 1197 -0.330871 -0.451585426 0.00386596111 0 0 0
volume_proxy 1198 -0.146399603 0.767936857 0.00474763571 0 0 0
volume_proxy 1208 -0.561342849 -0.297600387 0.0045651627 0 0 0
volume_proxy 1209 -1.0221804 0.444041036 0.00930900493 0 0 0
volume_proxy 1210 -1.01815892 0.848148941 0.00288522576 0 0 0
volume_proxy 1217 -0.546555791 0.326027958 0.0105281165 0 0 0
volume_proxy 1219 -0.712882946 0.556820499 0.00922632497 0 0 0
volume_proxy 1223 1.25857699 0.247044453 0.00415715685 0 0 0
volume_proxy 1225 -0.0116910073 -0.270726118 -0.000351143839 0 0 0
volume_proxy 1230 1.07716473 -0.226556356 -0.00387612301 0 0 0
volume_proxy 1231 -1.37820544 0.0366854436 0.0086562383 0 0 0
volume_proxy 1237 0.300157323 0.782973769 0.00931426147 0 0 0
volume_proxy 1238 0.659835252 0.900522248 0.00911523488 0 0 0
volume_proxy 1245 -1.27285477 0.839456151 -0.00306161728 0 0 0
volume_proxy 1255 1.20831541 -0.396242274 0.00169092429 0 0 0
volume_proxy 1259 -0.84094018 0.684427565 0.00816114862 0 0 0
volume_proxy 1262 1.46674729 0.335624005 0.0042705402 0 0 0
volume_proxy 1264 0.113341001 -0.388776193 0.00554508553 0 0 0
volume_proxy 1270 0.479906125 -0.0267390311 -0.00265890689 0 0 0
volume_proxy 1273 -0.800100963 0.532449292 0.000615842377 0 0 0
volume_proxy 1280 -1.0876676 0.254192112 0.0101521065 0 0 0
volume_proxy 1285 -1.27694357 0.918403044 0.0058983939 0 0 0
volume_proxy 1292 0.1135369 0.329129257 -0.00625644832 0 0 0
volume_proxy 1293 -0.347006877 -0.878561887 -0.00203138017 0 0 0
volume_proxy 1294 1.08542014 0.641645109 -0.00262385257 0 0 0
volume_proxy 1295 -1.40879902 0.67724309 -0.00300495168 0 0 0
volume_proxy 1296 -0.0588376558 -0.112192148 -0.00468410305 0 0 0
volume_proxy 1297 -0.333984623 -0.735398068 -0.0028027659 0 0 0
volume_proxy 1298 -1.12276519 -0.802291155 -0.00678915857 0 0 0
volume_proxy 1301 -0.895903089 0.823351788 -0.00200109971 0 0 0
volume_proxy 1303 -0.704332989 0.94561747 -0.00245319014 0 0 0
volume_proxy 1308 -0.380679291 0.13889956 0.00182453301 0 0 0
volume_proxy 1309 -0.27793348 -0.224841408 -0.00543404091 0 0 0
volume_proxy 1315 -1.02053149 -0.788939375 0.00464327009 0 0 0
volume_proxy 1318 0.832547003 -0.395604411 -0.00452431112 0 0 0
volume_proxy 1325 -0.130262657 -0.519450335 -0.0060058082 0 0 0
volume_proxy 1326 -0.0509624701 -0.0115361583 -0.00639988106 0 0 0
volume_proxy 1329 1.01617514 0.776568833 -0.0029499411 0 0 0
volume_proxy 1330 0.409464181 0.385176497 0.00642855573 0 0 0
volume_proxy 1331 0.356306513 0.263826814 -0.000384415117 0 0 0
volume_proxy 1334 -1.34565567 -0.128398595 -0.00643430238 0 0 0
volume_proxy 1335 0.409774643 -0.19587484 0.0104238741 0 0 0
volume_proxy 1336 0.682060707 -0.0356998802 0.000486837619 0 0 0
volume_proxy 1337 -0.177815014 0.547065259 0.00142774728 0 0 0
volume_proxy 1340 0.304315255 0.863998025 0.0099127282 0 0 0
volume_proxy 1341 -0.446136935 -0.528674277 0.00777440948 0 0 0
volume_proxy 1345 0.484701271 -0.970475276 0.00757763565 0 0 0
volume_proxy 1347 -0.437793359 0.341518724 0.00386181552 0 0 0
volume_proxy 1348 0.7182687 -0.673523376 -0.00697022691 0 0 0
volume_proxy 1349 -1.40439732 -0.116828786 0.00614333691 0 0 0
volume_proxy 1353 1.09770734 -0.0510987601 0.00579917839 0 0 0
volume_proxy 1354 -0.520368853 -0.308460984 0.000294774956 0 0 0
volume_proxy 1357 -1.43292919 0.134543974 0.00962592442 0 0 0
volume_proxy 1358 -0.606121573 -0.438282881 -0.00292132537 0 0 0
volume_proxy 1360 -1.3849685 -0.891636964 -0.00453776213 0 0 0
volume_proxy 1361 1.06803014 0.858259836 0.00605377895 0 0 0
volume_proxy 1366 1.0907771 0.899268327 -0.00476609278 0 0 0
volume_proxy 1367 -0.603901899 -0.902629403 0.00893662888 0 0 0
volume_proxy 1368 0.984773869 -0.875799391 0.0022713242 0 0 0
volume_proxy 1369 1.00873441 0.865427861 -0.00944262954 0 0 0
volume_proxy 1376 0.843134021 -0.425996626 -0.00789312163 0 0 0
volume_proxy 1378 0.504749723 -0.575877932 0.00772989917 0 0 0
volume_proxy 1379 0.548884791 0.282757613 0.00730936061 0 0 0
volume_proxy 1380 -0.307948577 0.395507214 -0.00259552335 0 0 0
volume_proxy 1381 0.705397502 0.590727737 -0.00553750222 0 0 0
volume_proxy 1382 -0.444790288 -0.119282338 -0.00709174404 0 0 0
volume_proxy 1383 -1.33246366 0.669657778 0.00782076174 0 0 0
volume_proxy 1384 0.606506484 0.4726479 -0.00970213844 0 0 0
volume_proxy 1385 1.13892695 0.552666215 0.00692388261 0 0 0
volume_proxy 1386 0.515363347 0.504272256 0.00874402877 0 0 0
volume_proxy 1387 0.15895545 0.743662551 -0.010280919 0 0 0
volume_proxy 1388 0.159879503 0.19301675 -0.00871875431 0 0 0
volume_proxy 1389 -0.182575638 0.8494716 0.00973714864 0 0 0
volume_proxy 1390 -1.27645014 0.358768498 -0.00358282103 0 0 0
volume_proxy 1391 0.630735467 0.0629970607 0.0103428847 0 0 0
volume_proxy 1392 -0.483335925 -0.886427746 0.00783317947 0 0 0
volume_proxy 1393 0.875418805 0.215095447 -0.00918258318 0 0 0
volume_proxy 1394 1.38434602 0.67510038 -0.00602869466 0 0 0
volume_proxy 1395 1.39560947 0.307440347 0.00752892081 0 0 0
volume_proxy 1396 -0.877728903 -0.426913594 -0.00498057583 0 0 0
volume_proxy 1397 -0.703688796 0.288186939 0.00641529516 0 0 0
volume_proxy 1398 -0.792473855 0.454222661 0.000575260026 0 0 0
volume_proxy 1401 1.08316744 0.365588778 0.00630832765 0 0 0
volume_proxy 1403 0.865075205 0.0856203489 -0.000288304575 0 0 0
volume_proxy 1404 1.01240869 0.505782116 0.00206730506 0 0 0
