volume_proxy 0 0.967646873 0.584120288 -0.00189725703 0 0 0
volume_proxy 5 1.40623475 -0.820397071 0.00298211231 0 0 0
volume_proxy 6 -0.397780793 0.616165841 -0.00191635689 0 0 0
volume_proxy 11 1.3579166 0.764609872 -0.00843111079 0 0 0
volume_proxy 12 0.283820449 -0.659113274 0.00963156445 0 0 0
volume_proxy 14 -0.763321067 0.816531009 0.00198296775 0 0 0
volume_proxy 23 1.46260896 -0.884462915 -0.000198304102 0 0 0
volume_proxy 38 1.00512597 -0.248595487 -0.00979662238 0 0 0
volume_proxy 40 -0.269985962 -0.159474912 0.000344084052 0 0 0
volume_proxy 50 -1.05079697 -0.103171699 -0.00344162405 0 0 0
volume_proxy 53 -0.587122016 0.344673669 -0.0106387452 0 0 0
volume_proxy 58 1.14314639 -0.716323287 -0.0043496369 0 0 0
volume_proxy 60 0.266007732 0.377857358 0.00863441746 0 0 0
volume_proxy 85 -0.716099647 0.209587195 -0.00417534216 0 0 0
volume_proxy 97 1.08863067 0.577377781 -0.0102968025 0 0 0
volume_proxy 107 1.15570013 0.382815064 0.00104825936 0 0 0
volume_proxy 127 -1.22264911 -0.0471858523 -0.0015787961 0 0 0
volume_proxy 130 0.60267504 0.686702199 0.000322892538 0 0 0
volume_proxy 140 -0.10215996 0.0810458926 -0.00926149488 0 0 0
volume_proxy 157 0.881240265 -0.421170526 -0.00474169849 0 0 0
volume_proxy 159 0.766920532 0.492253922 0.00738084976 0 0 0
volume_proxy 161 0.728964905 0.86774411 0.00496089719 0 0 0
volume_proxy 176 0.498285257 -0.427917482 0.00667673419 0 0 0
volume_proxy 186 -1.14409826 0.175099713 -0.00663370179 0 0 0
volume_proxy 189 -0.850209422 0.895761077 0.00413547614 0 0 0
volume_proxy 195 0.219051634 -0.632973638 -0.00918369296 0 0 0
volume_proxy 196 0.589061637 0.00393970492 0.00925134479 0 0 0
volume_proxy 200 -0.777040802 -0.832770697 0.0101294608 0 0 0
volume_proxy 202 -0.0518342382 0.912370243 -0.00221075653 0 0 0
volume_proxy 209 -1.36208876 -0.0470526326 0.0039359251 0 0 0
volume_proxy 210 -0.231174309 0.36870863 -0.00381251402 0 0 0
volume_proxy 226 0.194043482 -0.790277164 -0.00702144472 0 0 0
volume_proxy 236 1.02632384 0.892189813 0.000997092235 0 0 0
volume_proxy 247 1.47722882 0.811029698 0.00691308763 0 0 0
volume_proxy 256 -1.18398566 0.924216826 0.00510095917 0 0 0
volume_proxy 259 0.414024235 0.814634198 0.00415137795 0 0 0
volume_proxy 269 -0.872762067 -0.271851416 0.00501496765 0 0 0
volume_proxy 277 -1.27321087 -0.285450318 0.007504869 0 0 0
volume_proxy 296 -0.836130029 -0.714028103 -0.0028684421 0 0 0
volume_proxy 305 0.0979563433 -0.0473108662 0.00334733184 0 0 0
volume_proxy 310 -0.123329437 -0.610074573 0.00531602566 0 0 0
volume_proxy 344 -1.24817946 0.632583994 -0.00512105019 0 0 0
volume_proxy 347 0.381263126 0.0168171275 -0.0100020966 0 0 0
volume_proxy 356 0.0328473541 0.666386261 0.00232457971 0 0 0
volume_proxy 375 0.865602291 -0.758711039 0.00180142739 0 0 0
volume_proxy 388 0.687521847 -0.0152308493 -0.00537839778 0 0 0
volume_proxy 802 1.45881823 -0.433430253 -0.000938307712 0 0 0
volume_proxy 1052 -0.723229135 -0.868913546 0.00912214932 0 0 0
volume_proxy 1066 -0.00681924653 0.0722243048 0.00709530991 0 0 0
volume_proxy 1120 -0.462865087 0.189810119 -0.00945712325 0 0 0
volume_proxy 1166 -0.61254096 0.290968069 -0.00778385272 0 0 0
volume_proxy 1169 0.785261296 -0.771066127 0.00434799294 0 0 0
volume_proxy 1193 -1.29939692 -0.373970481 0.00687465266 0 0 0
volume_proxy 1225 -0.0996559015 0.0885103355 -0.0105257946 0 0 0
volume_proxy 1245 -1.27661596 0.101548193 0.000814504244 0 0 0
volume_proxy 1280 -1.31986174 0.377426201 -0.00138449897 0 0 0
volume_proxy 1285 -0.901542246 -0.060531064 -0.00955308104 0 0 0
volume_proxy 1295 -0.626480515 0.0525274601 0.00280875229 0 0 0
volume_proxy 1296 0.603191033 -0.197747306 0.00074397847 0 0 0
volume_proxy 1335 0.385430707 -0.69091365 0.00949484698 0 0 0
volume_proxy 1340 1.08106029 0.593548408 -8.41354651e-05 0 0 0
volume_proxy 1380 0.175014774 0.599795816 0.00353438358 0 0 0
volume_proxy 1386 0.306228384 0.147137591 0.00116493876 0 0 0
volume_proxy 1397 0.843349785 0.370719526 0.00414253767 0 0 0
volume_proxy 1409 0.148546963 0.984225982 -0.00484523834 0 0 0
volume_proxy 1413 1.3802935 0.42774969 -0.00579401757 0 0 0
volume_proxy 1420 -0.93960837 -0.43533943 0.00608140866 0 0 0
volume_proxy 1422 0.611834127 -0.66188829 -0.00176357081 0 0 0
volume_proxy 1429 0.816228455 -0.523082947 0.00813776539 0 0 0
volume_proxy 1433 1.3965063 0.604162546 0.00435421374 0 0 0
volume_proxy 1434 0.194878657 -0.903756457 -0.00997007235 0 0 0
volume_proxy 1437 0.0443225678 -0.154072022 0.010216992 0 0 0
volume_proxy 1439 0.18890681 0.17174747 -0.00052739993 0 0 0
volume_proxy 1447 0.638586708 -0.958744161 -0.00733456259 0 0 0
volume_proxy 1459 -0.441987372 0.263955168 -0.00211276602 0 0 0
volume_proxy 1460 1.19693473 0.959727137 0.000862241576 0 0 0
volume_proxy 1461 -1.10904279 0.644771105 -0.00425154175 0 0 0
volume_proxy 1466 -0.978408435 -0.0751043493 -0.00772920448 0 0 0
volume_proxy 1470 -1.02428665 -0.426787666 -0.00889021685 0 0 0
volume_proxy 1472 -1.44147264 0.433495249 -0.0103341804 0 0 0
volume_proxy 1474 1.16219796 -0.789799408 0.00816021045 0 0 0
volume_proxy 1481 1.00035408 0.976046794 0.00818816251 0 0 0
volume_proxy 1482 0.952234562 -0.46888557 0.0103610757 0 0 0
volume_proxy 1485 0.237552802 -0.8094469 -0.0102200828 0 0 0
volume_proxy 1486 1.00058687 -0.434114076 -0.0106832509 0 0 0
volume_proxy 1489 0.432134385 -0.298235247 -4.66549441e-05 0 0 0
volume_proxy 1490 1.41698697 0.837411986 0.00844681618 0 0 0
volume_proxy 1492 0.410351633 0.430508793 0.00256155902 0 0 0
volume_proxy 1493 0.240679588 -0.0153003692 -0.00789032997 0 0 0
volume_proxy 1494 1.03156156 0.138702269 -0.00610205612 0 0 0
volume_proxy 1496 -1.43132266 0.540493167 0.0103888062 0 0 0
volume_proxy 1498 -0.855082048 0.319871384 0.00903581485 0 0 0
volume_proxy 1501 -0.602395552 -0.666124539 -0.00480264583 0 0 0
volume_proxy 1503 -0.245832059 0.321164086 -0.00856673596 0 0 0
volume_proxy 1506 0.287876187 0.97753218 0.00703804946 0 0 0
volume_proxy 1507 -1.12655939 -0.344559299 0.00406001235 0 0 0
volume_proxy 1508 -0.503996919 -0.973993851 -0.00131116246 0 0 0
volume_proxy 1509 -1.23809562 0.772193396 -0.0105584072 0 0 0
volume_proxy 1510 0.255487803 -0.741313809 0.00474748307 0 0 0
volume_proxy 1511 1.18169095 0.849257253 -0.00867579774 0 0 0
volume_proxy 1513 -0.930614776 0.947429675 -0.0073697232 0 0 0
volume_proxy 1515 1.03778671 0.143374436 -0.00148507287 0 0 0
volume_proxy 1516 -0.441584187 -0.433311367 -0.00782276989 0 0 0
volume_proxy 1517 -0.626365991 -0.83334974 0.00375680672 0 0 0
volume_proxy 1518 -0.938193184 0.0443989563 -0.000972422121 0 0 0
volume_proxy 1519 0.0731913553 -0.11046072 -0.0107357048 0 0 0
volume_proxy 1520 -0.0614427421 -0.524895536 0.00190447894 0 0 0
volume_proxy 1521 -0.653129597 0.116991966 -0.00326813618 0 0 0
volume_proxy 1522 0.105854712 0.619065671 -0.00150529215 0 0 0
volume_proxy 1523 0.997239515 -0.230608421 -0.00567437936 0 0 0
volume_proxy 1524 1.02120003 -0.467560387 0.00648164909 0 0 0
volume_proxy 1525 -1.17179032 0.586905926 0.00663038359 0 0 0
