volume_proxy 0 0.423408464 -0.473783027 0.00221019042 0 0 0
volume_proxy 6 -0.0167085156 0.672950843 -0.00261779321 0 0 0
volume_proxy 11 1.37731989 0.810864033 -0.00961851111 0 0 0
volume_proxy 12 1.04314051 -0.0911769555 -0.00740299068 0 0 0
volume_proxy 14 -1.35852422 0.535077152 0.00060171519 0 0 0
volume_proxy 23 0.422185717 -0.239220725 -0.00865492124 0 0 0
volume_proxy 38 -1.28758777 -0.891017902 0.00215549913 0 0 0
volume_proxy 40 -0.920283224 0.227043007 0.00840144084 0 0 0
volume_proxy 50 -0.625557394 -0.431031207 -4.9355424e-05 0 0 0
volume_proxy 53 -1.08741882 0.531354594 -0.00352663955 0 0 0
volume_proxy 58 1.31860925 -0.752012375 -0.000322262616 0 0 0
volume_proxy 60 0.185612546 0.784041317 -0.00373678385 0 0 0
volume_proxy 85 -1.30841987 0.46235915 0.00985102561 0 0 0
volume_proxy 97 1.11424694 0.853591251 0.00783718017 0 0 0
volume_proxy 107 1.00302839 0.100842898 -0.00100514844 0 0 0
volume_proxy 127 -1.05896354 -0.775395508 -0.00655157223 0 0 0
volume_proxy 130 0.411327925 -0.354526895 0.00400069074 0 0 0
volume_proxy 140 -0.914470412 0.721224746 0.00151807046 0 0 0
volume_proxy 157 0.577032708 -0.910045062 -0.00351305334 0 0 0
volume_proxy 159 1.4074458 0.918277025 0.00670107031 0 0 0
volume_proxy 161 -0.417600378 0.511419468 0.00672716481 0 0 0
volume_proxy 176 1.40575056 -0.0393247081 0.0104640334 0 0 0
volume_proxy 186 -1.19802354 -0.308331663 -0.0106813746 0 0 0
volume_proxy 189 -0.366257352 -0.281122773 0.00973313725 0 0 0
volume_proxy 195 -1.37365515 -0.969849304 0.00145997852 0 0 0
volume_proxy 196 0.427775621 0.507410448 -0.0105568018 0 0 0
volume_proxy 200 -1.28413547 -0.237980568 0.0041011766 0 0 0
volume_proxy 202 0.160681425 0.896193248 -0.00368515386 0 0 0
volume_proxy 209 -1.00055803 0.117821737 -0.0062639856 0 0 0
volume_proxy 210 0.0915570582 0.959486493 -0.00735831565 0 0 0
volume_proxy 226 0.634977725 -0.766844424 0.00340967656 0 0 0
volume_proxy 236 1.21302584 -0.745055337 -0.0060826366 0 0 0
volume_proxy 247 1.23743443 0.558003004 0.010192793 0 0 0
volume_proxy 256 -0.894383641 0.977971577 -0.000908137874 0 0 0
volume_proxy 259 0.874729302 0.470928789 -0.00982018786 0 0 0
volume_proxy 269 -1.46939621 -0.0216926134 -0.00673455245 0 0 0
volume_proxy 277 -0.454661914 -0.0184600447 0.00444235185 0 0 0
volume_proxy 296 -1.28361647 0.953407963 -0.00987174438 0 0 0
volume_proxy 305 0.828727407 -0.386380175 -0.00783868128 0 0 0
volume_proxy 310 0.301920155 0.209697047 0.00568444232 0 0 0
volume_proxy 344 -1.45970684 -0.395959403 0.010728714 0 0 0
volume_proxy 347 -0.597003147 0.829794467 -0.00518174107 0 0 0
volume_proxy 356 -0.329817701 0.252359096 8.89175431e-05 0 0 0
volume_proxy 375 0.659041287 -0.317716584 0.00293417907 0 0 0
volume_proxy 388 1.4965994 -0.105971276 -0.00571593122 0 0 0
volume_proxy 802 1.06775714 0.312037829 -0.00923684819 0 0 0
volume_proxy 1052 -1.24601317 -0.61426055 -0.00233472212 0 0 0
volume_proxy 1066 -0.0207533114 0.534719134 -0.00770173817 0 0 0
volume_proxy 1120 -0.817984188 0.466476329 -0.00648329698 0 0 0
volume_proxy 1166 -0.847955475 -0.164650282 0.00685879156 0 0 0
volume_proxy 1193 -1.16572597 -0.359362406 0.00113769186 0 0 0
volume_proxy 1225 -1.00538467 -0.498266901 0.00738325118 0 0 0
volume_proxy 1245 -1.33065714 0.0634872635 0.00938770782 0 0 0
volume_proxy 1280 -0.380775124 0.894238132 0.00392482251 0 0 0
volume_proxy 1285 -1.15710087 0.63075508 0.00276000254 0 0 0
volume_proxy 1295 0.688090208 -0.0529436887 0.00550340079 0 0 0
volume_proxy 1296 0.0346397421 -0.735441831 -0.00777673102 0 0 0
volume_proxy 1340 0.576279298 0.385128061 -0.00156112472 0 0 0
volume_proxy 1380 -0.935802176 -0.154576555 -0.00744295281 0 0 0
volume_proxy 1386 1.46381252 0.579613517 0.00278971242 0 0 0
volume_proxy 1397 0.696542022 0.807253098 0.00197609461 0 0 0
volume_proxy 1409 -0.222223755 0.730059469 0.00326914548 0 0 0
volume_proxy 1413 1.38458712 0.638985763 0.00949996987 0 0 0
volume_proxy 1422 0.0941213854 -0.718047406 -0.00079134065 0 0 0
volume_proxy 1433 1.13377971 0.548947044 0.0107656264 0 0 0
volume_proxy 1437 0.14856031 -0.128643415 -0.0020825688 0 0 0
volume_proxy 1447 1.40524848 -0.0122192033 -0.000359784196 0 0 0
volume_proxy 1459 -1.2621931 0.0375807442 0.00949744608 0 0 0
volume_proxy 1460 0.110822778 0.883109957 0.00974311107 0 0 0
volume_proxy 1461 -0.968421883 0.737814697 -0.00304020128 0 0 0
volume_proxy 1466 -0.490970864 0.310735734 -0.00361413793 0 0 0
volume_proxy 1472 -1.25090856 0.690022388 0.004118493 0 0 0
volume_proxy 1474 1.44355779 -0.638524294 0.00139475816 0 0 0
volume_proxy 1481 0.720756173 0.647336278 -0.00913059011 0 0 0
volume_proxy 1482 0.917256165 0.427555001 -0.0011814299 0 0 0
volume_proxy 1485 0.409201708 -0.293593312 -0.0104396687 0 0 0
volume_proxy 1489 0.179646231 -0.9966576 0.00189830396 0 0 0
volume_proxy 1490 1.14305271 0.981369386 -0.00684374423 0 0 0
volume_proxy 1494 1.3802939 -0.00246521221 0.00439993693 0 0 0
volume_proxy 1496 -1.46570401 0.600047666 -0.000243581772 0 0 0
volume_proxy 1498 0.056634904 0.167094542 -0.00695380026 0 0 0
volume_proxy 1503 -0.953808937 -0.5323395 0.00485548449 0 0 0
volume_proxy 1506 -0.025213518 0.742422074 0.00209846761 0 0 0
volume_proxy 1507 -1.32110215 0.157945103 -0.00830178989 0 0 0
volume_proxy 1508 -0.407880144 -0.422765877 0.01048464 0 0 0
volume_proxy 1509 -1.22691781 0.192905338 0.00895028795 0 0 0
volume_proxy 1510 0.136290889 -0.647461708 0.00301837021 0 0 0
volume_proxy 1511 1.07233349 0.327982981 -0.00955808589 0 0 0
volume_proxy 1513 -1.45216122 0.63559312 0.00698288114 0 0 0
volume_proxy 1515 0.829229565 -0.546396673 0.00167083333 0 0 0
volume_proxy 1516 -0.0817173669 -0.952168214 0.00347712888 0 0 0
volume_proxy 1517 -0.916516854 -0.321199033 0.0073706849 0 0 0
volume_proxy 1519 -0.0778673429 -0.553538357 0.00864115264 0 0 0
volume_proxy 1520 0.244146682 -0.306599099 -0.00621193445 0 0 0
volume_proxy 1521 -1.05500848 -0.578700876 0.00843231108 0 0 0
volume_proxy 1523 0.529044814 0.00948706768 0.00360993826 0 0 0
volume_proxy 1525 -0.734118537 0.961484508 0.00213120982 0 0 0
volume_proxy 1526 0.90841612 -0.640463029 0.00889673944 0 0 0
volume_proxy 1528 0.649647378 -0.643721693 0.00901852675 0 0 0
volume_proxy 1529 -1.04613476 0.402129842 -0.000333105973 0 0 0
volume_proxy 1531 0.297182403 0.364850541 -0.00342904232 0 0 0
volume_proxy 1533 1.16758197 -0.219796278 0.00486351576 0 0 0
volume_proxy 1534 0.445348512 0.997586411 0.00132736143 0 0 0
volume_proxy 1535 0.6975853 0.677163807 -0.00184531177 0 0 0
volume_proxy 1536 -0.776270926 -0.752178349 0.000613834892 0 0 0
volume_proxy 1537 -0.57163139 -0.739748004 -0.00409660116 0 0 0
