volume_proxy 0 0.268661714 -0.260484711 -0.00568185846 0 0 0
volume_proxy 6 -0.657607861 0.80802683 -0.00155805137 0 0 0
volume_proxy 11 1.48748066 0.72523272 0.00347286575 0 0 0
volume_proxy 12 0.954935279 0.0761483263 -0.006518985 0 0 0
volume_proxy 14 -1.08281598 0.712541782 0.00791252943 0 0 0
volume_proxy 23 0.738847886 -0.330959711 -0.0106158802 0 0 0
volume_proxy 38 -0.907660366 -0.934289722 -0.00189760788 0 0 0
volume_proxy 40 -0.881455261 0.330536091 0.0081625716 0 0 0
volume_proxy 50 -0.799131692 -0.48982547 0.00934600847 0 0 0
volume_proxy 53 -1.20851252 0.068285082 0.00145921038 0 0 0
volume_proxy 58 0.666301047 -0.917671483 0.00959129231 0 0 0
volume_proxy 60 0.34750488 0.878848287 -0.00596090879 0 0 0
volume_proxy 85 -1.30758775 0.781482355 -0.00347882363 0 0 0
volume_proxy 97 1.1557681 0.652901204 -0.00404514039 0 0 0
volume_proxy 107 1.01534515 0.0428423618 -0.0101294795 0 0 0
volume_proxy 127 -1.30648029 -0.754017332 0.0104213148 0 0 0
volume_proxy 130 0.62612497 0.189353624 0.00954315441 0 0 0
volume_proxy 140 -1.01484578 0.608411777 -0.0102314959 0 0 0
volume_proxy 157 0.693155304 -0.622305827 -0.00283101766 0 0 0
volume_proxy 159 1.30060676 0.431136534 -0.00288470772 0 0 0
volume_proxy 161 -0.155258526 0.700610837 -0.00457184114 0 0 0
volume_proxy 176 1.36191705 0.0352398965 0.0091457681 0 0 0
volume_proxy 186 -0.241945025 0.0120566787 -0.0107320949 0 0 0
volume_proxy 189 -0.821876163 -0.654108151 -0.00662638789 0 0 0
volume_proxy 195 -1.35100188 -0.790743514 -0.00397096836 0 0 0
volume_proxy 196 0.722866441 0.267224068 0.00857240584 0 0 0
volume_proxy 200 -1.22798471 -0.515176029 0.00908925357 0 0 0
volume_proxy 202 0.291997034 0.628234294 0.00354195799 0 0 0
volume_proxy 209 -0.773417121 0.522744681 -0.00888510687 0 0 0
volume_proxy 210 0.0762193779 0.769561377 -0.00231980307 0 0 0
volume_proxy 226 0.278038817 -0.637977237 0.00840652906 0 0 0
volume_proxy 236 1.23393919 -0.62615715 -0.00885312461 0 0 0
volume_proxy 247 1.01445264 0.721714219 -0.00610576944 0 0 0
volume_proxy 256 -0.861094306 0.497868251 0.000119589848 0 0 0
volume_proxy 259 0.481786222 0.975383878 0.0100712145 0 0 0
volume_proxy 269 -0.764562129 0.416349515 0.00234407941 0 0 0
volume_proxy 277 -0.881135049 -0.0267625412 -0.00819550959 0 0 0
volume_proxy 296 -1.40849522 0.886162416 -0.0052345787 0 0 0
volume_proxy 305 0.750102545 -0.228316504 -0.00965708032 0 0 0
volume_proxy 310 0.254321466 -0.0525227318 -0.00351069467 0 0 0
volume_proxy 344 -1.27283242 -0.384996457 0.00521709515 0 0 0
volume_proxy 347 -0.491525223 0.931231212 0.0029667494 0 0 0
volume_proxy 356 -0.376039496 -0.0461291717 -0.00946610006 0 0 0
volume_proxy 375 0.852564633 0.334765761 0.0100359667 0 0 0
volume_proxy 388 1.02493734 0.149028354 -0.00757870469 0 0 0
volume_proxy 802 0.885831741 0.149958721 -0.00632375194 0 0 0
volume_proxy 1052 -0.784812006 -0.895384577 -0.00412243682 0 0 0
volume_proxy 1066 0.00103581146 0.23281012 0.00629803879 0 0 0
volume_proxy 1120 -0.769452857 0.445844052 0.000858253531 0 0 0
volume_proxy 1166 -0.726993629 -0.123875429 0.0012747828 0 0 0
volume_proxy 1193 -1.04716678 -0.340254884 0.00796617238 0 0 0
volume_proxy 1225 -0.678156154 -0.351348562 -0.000694571647 0 0 0
volume_proxy 1245 -1.26894049 -0.0501370288 -0.00432525071 0 0 0
volume_proxy 1280 -0.31313731 0.614584418 0.00937513855 0 0 0
volume_proxy 1285 -1.26980455 0.50466848 -0.00397612326 0 0 0
volume_proxy 1295 0.397713437 -0.0732432752 0.007008583 0 0 0
volume_proxy 1296 0.308205879 -0.693461494 0.00531243382 0 0 0
volume_proxy 1340 0.67297913 0.650035913 0.00714368902 0 0 0
volume_proxy 1380 -0.419379477 -0.0865978159 -0.00189112689 0 0 0
volume_proxy 1386 1.32115173 0.60776274 3.00890543e-05 0 0 0
volume_proxy 1397 0.998444497 0.782078488 -0.00104048079 0 0 0
volume_proxy 1409 -0.246209768 0.820421677 -0.00169883122 0 0 0
volume_proxy 1413 0.773430602 0.965619266 -0.00831557944 0 0 0
volume_proxy 1422 0.220150628 -0.463140045 0.00310647511 0 0 0
volume_proxy 1433 1.48066375 0.734602879 -0.00228769723 0 0 0
volume_proxy 1437 0.173356402 -0.000933204903 -0.00989520367 0 0 0
volume_proxy 1447 1.08706574 -0.20825486 -0.00924800355 0 0 0
volume_proxy 1459 -1.2638579 0.13430008 0.00904345233 0 0 0
volume_proxy 1460 -0.0694184725 0.587420522 -0.00167379403 0 0 0
volume_proxy 1461 -0.704493547 0.954363241 7.58137004e-05 0 0 0
volume_proxy 1466 -0.874137402 0.159444931 0.0106746067 0 0 0
volume_proxy 1472 -1.22232352 0.634743341 0.0104350439 0 0 0
volume_proxy 1474 1.23450923 -0.570849419 0.00531829751 0 0 0
volume_proxy 1481 0.511828133 0.970615984 -0.00841083985 0 0 0
volume_proxy 1482 0.793762372 0.0805126147 -0.00628753803 0 0 0
volume_proxy 1485 0.354683038 -0.284911615 0.000647632513 0 0 0
volume_proxy 1489 0.098074513 -0.630055167 -0.00751857544 0 0 0
volume_proxy 1490 1.0389396 0.94910068 0.00658316179 0 0 0
volume_proxy 1494 1.26813493 -0.0703442329 0.0097676772 0 0 0
volume_proxy 1496 -1.16666452 0.421220182 -0.00186158498 0 0 0
volume_proxy 1498 -0.0753731053 0.461638984 0.0061880204 0 0 0
volume_proxy 1503 -0.789950224 -0.027452816 0.00654199679 0 0 0
volume_proxy 1506 0.412583879 0.722190032 -0.000907507674 0 0 0
volume_proxy 1507 -1.21706616 -0.00643608578 0.00913242216 0 0 0
volume_proxy 1508 -0.619298592 -0.284736319 0.00477458738 0 0 0
volume_proxy 1509 -1.02309278 0.00526130661 0.0102463104 0 0 0
volume_proxy 1510 0.043868187 -0.702176099 0.00829162011 0 0 0
volume_proxy 1511 1.03522109 0.344362095 -0.00682355782 0 0 0
volume_proxy 1513 -1.23611942 0.614874538 -0.000924007166 0 0 0
volume_proxy 1515 0.701394933 -0.514717909 0.00189119046 0 0 0
volume_proxy 1516 -0.313276015 -0.902786156 -0.00573992278 0 0 0
volume_proxy 1517 -0.693986828 -0.33752849 -0.00154956921 0 0 0
volume_proxy 1519 0.0724520526 -0.789951816 0.00605333624 0 0 0
volume_proxy 1520 0.207533391 -0.299489483 -0.00597862766 0 0 0
volume_proxy 1521 -1.27738989 -0.563086758 -0.00310968588 0 0 0
volume_proxy 1523 0.744566082 0.0587429429 0.00212579815 0 0 0
volume_proxy 1525 -0.785372191 0.981686263 0.00240560905 0 0 0
volume_proxy 1526 1.00024368 -0.707070954 0.00755741597 0 0 0
volume_proxy 1528 0.51031504 -0.692486076 -0.0100225591 0 0 0
volume_proxy 1529 -1.07626385 0.115710954 -0.000675205869 0 0 0
volume_proxy 1531 0.583877212 0.571944989 0.00316997214 0 0 0
volume_proxy 1533 0.952329477 -0.327508987 0.00893347921 0 0 0
volume_proxy 1534 0.559860879 0.766686003 0.00215423812 0 0 0
volume_proxy 1535 0.283343832 0.974161163 -0.00492696896 0 0 0
volume_proxy 1536 -0.617217929 -0.796210807 0.00938385763 0 0 0
volume_proxy 1537 -0.532673084 -0.590011703 -0.00684008275 0 0 0
