volume_proxy 0 0.269631618 -0.283955761 -0.0085741559 0 0 0
volume_proxy 6 -0.198638284 0.657768121 -0.00501136977 0 0 0
volume_proxy 11 1.07543243 0.849463189 0.00596698716 0 0 0
volume_proxy 12 1.36943452 -0.0962264678 -0.00790506371 0 0 0
volume_proxy 14 -1.40503706 0.248741291 0.00552887291 0 0 0
volume_proxy 23 0.158859934 -0.27909565 -0.0029201413 0 0 0
volume_proxy 38 -1.16535096 -0.666800676 0.00924666648 0 0 0
volume_proxy 40 -0.772975521 0.197642399 -0.00534311117 0 0 0
volume_proxy 50 -0.543558783 -0.0385429431 -0.00315859322 0 0 0
volume_proxy 53 -1.46013371 0.976108229 0.00797383319 0 0 0
volume_proxy 58 1.45042211 -0.527513343 0.00351598007 0 0 0
volume_proxy 60 0.00559167593 0.699650684 -0.00102421367 0 0 0
volume_proxy 85 -0.752165488 0.681520464 7.32150582e-05 0 0 0
volume_proxy 97 0.907147074 0.923201444 -0.00567995406 0 0 0
volume_proxy 107 0.703809875 -0.0266741765 0.00586400088 0 0 0
volume_proxy 127 -1.15808433 -0.872470826 -0.00521961791 0 0 0
volume_proxy 130 0.941943753 -0.622881399 -0.00289684431 0 0 0
volume_proxy 140 -0.631569002 0.19677315 -0.00826926621 0 0 0
volume_proxy 157 0.0304849752 -0.94332005 0.00679878578 0 0 0
volume_proxy 159 1.44813711 0.69303759 0.00650602256 0 0 0
volume_proxy 161 -0.275915264 0.126917456 0.00803619987 0 0 0
volume_proxy 176 1.28620056 0.250093891 0.000206441638 0 0 0
volume_proxy 186 -0.999523339 -0.410145412 -0.00477573442 0 0 0
volume_proxy 189 -0.165307261 -0.174546725 -0.00430011287 0 0 0
volume_proxy 195 -1.3479215 -0.762313482 -0.00516384775 0 0 0
volume_proxy 196 0.383729295 0.667402987 -0.00647680553 0 0 0
volume_proxy 200 -1.20743226 0.453348647 0.0054759495 0 0 0
volume_proxy 202 -0.0751245314 0.868238838 -0.0087381073 0 0 0
volume_proxy 209 -0.815074422 0.0705564989 0.00384695154 0 0 0
volume_proxy 210 0.0508677967 0.995664527 0.000105325203 0 0 0
volume_proxy 226 0.409562526 -0.698200222 0.000964149166 0 0 0
volume_proxy 236 1.14840806 -0.949029171 0.00386615749 0 0 0
volume_proxy 247 1.25212955 0.804354274 -0.00536056492 0 0 0
volume_proxy 256 -0.779568576 0.964584643 -0.000845009233 0 0 0
volume_proxy 259 0.825861152 0.325296212 0.00646458122 0 0 0
volume_proxy 269 -1.01857885 -0.0088683978 0.00768199088 0 0 0
volume_proxy 277 -0.259738086 -0.095624683 0.00113865395 0 0 0
volume_proxy 296 -1.33732253 0.473938413 0.00385281793 0 0 0
volume_proxy 305 0.714501743 -0.139728159 0.0107100026 0 0 0
volume_proxy 310 0.545453875 0.243871144 -0.00138598963 0 0 0
volume_proxy 344 -1.44835227 -0.310836693 0.00794769441 0 0 0
volume_proxy 347 -0.316302776 0.543640378 0.000971688155 0 0 0
volume_proxy 356 -0.610252566 0.0918405718 0.00240258726 0 0 0
volume_proxy 375 0.654992323 -0.537498171 -0.00237526937 0 0 0
volume_proxy 388 1.32884444 -0.335906395 0.00455239671 0 0 0
volume_proxy 802 1.03026388 0.302463454 -0.00406342963 0 0 0
volume_proxy 1052 -1.48112139 -0.646112623 -0.00478496224 0 0 0
volume_proxy 1066 -0.0244932516 0.626764382 -0.00237486088 0 0 0
volume_proxy 1120 -0.616011109 0.574851881 -0.000886219258 0 0 0
volume_proxy 1166 -0.995253934 -0.642215306 0.000207413273 0 0 0
volume_proxy 1193 -1.47962559 -0.84134535 -0.00125793668 0 0 0
volume_proxy 1225 -0.989811797 -0.535218345 0.00636741057 0 0 0
volume_proxy 1245 -1.4666781 0.152146631 -0.0059067461 0 0 0
volume_proxy 1280 -0.498154289 0.936331021 -0.00483499776 0 0 0
volume_proxy 1285 -1.38308077 0.438216993 -0.00316287068 0 0 0
volume_proxy 1295 0.827928661 -0.251086042 -0.00465956144 0 0 0
volume_proxy 1296 -0.0310978711 -0.85638171 -0.00247721316 0 0 0
volume_proxy 1340 0.7050932 0.519849476 0.00715575278 0 0 0
volume_proxy 1380 -0.784374957 -0.0836094971 -0.000820915384 0 0 0
volume_proxy 1386 1.3084492 0.389089319 0.00831367815 0 0 0
volume_proxy 1397 0.415819868 0.694134531 0.00403509247 0 0 0
volume_proxy 1409 0.00286104239 0.392379968 0.00635762337 0 0 0
volume_proxy 1413 1.48521278 0.941154101 -0.00738986361 0 0 0
volume_proxy 1422 0.354990647 -0.36051806 -0.0080086272 0 0 0
volume_proxy 1433 1.23900403 0.524919339 0.00452378749 0 0 0
volume_proxy 1437 0.0977182032 -0.242138392 0.00790245057 0 0 0
volume_proxy 1459 -1.21050622 0.218736249 -0.00832456081 0 0 0
volume_proxy 1460 0.0336031025 0.844230019 -0.00472989192 0 0 0
volume_proxy 1461 -1.28026218 0.938472216 0.00255747012 0 0 0
volume_proxy 1466 -0.39745296 0.508563839 0.000179494458 0 0 0
volume_proxy 1472 -1.39360676 0.613764967 -0.00445525303 0 0 0
volume_proxy 1474 1.34519268 -0.169352577 -0.00205495959 0 0 0
volume_proxy 1481 0.738307415 0.639466459 -0.00309712589 0 0 0
volume_proxy 1482 1.10433197 0.653799436 -8.22661684e-05 0 0 0
volume_proxy 1485 0.394882586 -0.338932509 -0.00280423732 0 0 0
volume_proxy 1489 0.340465906 -0.703039604 -0.00827979114 0 0 0
volume_proxy 1490 0.73413358 0.952828667 0.00474681715 0 0 0
volume_proxy 1496 -1.45866696 0.9323806 0.000953473269 0 0 0
volume_proxy 1498 -0.0158496529 0.138395274 -0.0101169363 0 0 0
volume_proxy 1503 -1.19787467 -0.869352586 -0.000800020627 0 0 0
volume_proxy 1506 0.345216378 0.596178084 0.00157106185 0 0 0
volume_proxy 1507 -1.38627935 0.0539533747 0.00836871758 0 0 0
volume_proxy 1508 -0.395979436 -0.121240552 0.0100793194 0 0 0
volume_proxy 1509 -1.2190752 -0.138129061 0.00704892153 0 0 0
volume_proxy 1510 0.0312449818 -0.888595495 0.00913776707 0 0 0
volume_proxy 1511 1.35624102 0.309683378 -0.0078461241 0 0 0
volume_proxy 1513 -1.20802284 0.764287258 -0.00656764935 0 0 0
volume_proxy 1515 0.661735486 -0.610365197 0.0034364166 0 0 0
volume_proxy 1516 0.0354710005 -0.99440672 -0.00728053793 0 0 0
volume_proxy 1517 -1.17998464 -0.0913304427 0.00644250646 0 0 0
volume_proxy 1519 -0.00524019711 -0.655703823 -0.0105691149 0 0 0
volume_proxy 1520 0.204841372 -0.220297552 -0.00157461866 0 0 0
volume_proxy 1521 -1.35125809 -0.435289648 -0.00453124185 0 0 0
volume_proxy 1523 0.307715054 -0.140931289 -0.00848248552 0 0 0
volume_proxy 1525 -0.955139415 0.9710125 0.00740134852 0 0 0
volume_proxy 1526 0.91617034 -0.525530834 -0.00120242712 0 0 0
volume_proxy 1528 0.636094791 -0.516514703 0.00619123646 0 0 0
volume_proxy 1529 -1.23595272 0.201896555 -0.00753501436 0 0 0
volume_proxy 1531 0.639212505 0.543199567 -0.00508064657 0 0 0
volume_proxy 1533 1.22239687 0.0189793792 0.00777795971 0 0 0
volume_proxy 1534 0.369883592 0.412966162 -0.00499099148 0 0 0
volume_proxy 1535 0.867116846 0.676348591 0.00790510285 0 0 0
volume_proxy 1536 -0.520360988 -0.621896366 0.00388798502 0 0 0
volume_proxy 1537 -0.427904605 -0.741252499 0.00145626802 0 0 0
volume_proxy 1538 1.4034675 0.0572274379 0.00964249476 0 0 0
