volume_proxy 0 0.0964593372 0.235611073 0.00211401579 0 0 0
volume_proxy 5 0.967908834 -0.527283524 -0.00501449037 0 0 0
volume_proxy 6 -0.267388559 -0.0613937336 -0.00925888173 0 0 0
volume_proxy 11 1.43548885 0.584015684 0.00746044873 0 0 0
volume_proxy 12 0.443604335 -0.480193765 -0.00741157004 0 0 0
volume_proxy 14 -0.776560988 0.945982017 -0.0044723712 0 0 0
volume_proxy 23 1.40406385 -0.951278953 -0.0082756257 0 0 0
volume_proxy 38 0.464601048 -0.400122649 -0.00677865279 0 0 0
volume_proxy 40 -0.53716534 -0.627270964 2.58621822e-05 0 0 0
volume_proxy 50 -0.63199639 -0.270852452 -0.0106585036 0 0 0
volume_proxy 53 -0.798287404 0.649018455 -0.0101423936 0 0 0
volume_proxy 58 0.663024868 -0.940631043 -0.00427399683 0 0 0
volume_proxy 60 0.458761651 0.494009345 -0.00835406564 0 0 0
volume_proxy 85 -0.850404376 0.975310459 0.00995697973 0 0 0
volume_proxy 97 1.16561366 0.956893933 -0.00499814096 0 0 0
volume_proxy 107 1.36840138 -0.628976446 -0.00511867325 0 0 0
volume_proxy 127 -0.907620826 -0.286257615 -0.00276291495 0 0 0
volume_proxy 130 0.427004609 0.999712193 -0.00712842388 0 0 0
volume_proxy 140 -0.841117994 0.908702606 -0.00323950919 0 0 0
volume_proxy 157 1.18585342 0.720735441 0.00395035952 0 0 0
volume_proxy 159 1.00144732 0.483486559 -0.00511760064 0 0 0
volume_proxy 161 0.885745629 0.425204697 -0.00885750689 0 0 0
volume_proxy 176 0.962543429 -0.172527732 -0.00702604997 0 0 0
volume_proxy 186 -1.45610505 -0.497389729 0.00456200017 0 0 0
volume_proxy 189 -1.03721987 0.577545922 -0.00976030652 0 0 0
volume_proxy 195 -0.428365542 -0.366808407 -0.00165682221 0 0 0
volume_proxy 196 0.645009755 0.453480781 0.00703827097 0 0 0
volume_proxy 200 -0.219793894 -0.963760939 -0.00692287962 0 0 0
volume_proxy 202 -0.0104341059 0.74674264 0.0039838454 0 0 0
volume_proxy 209 -1.15194667 -0.549231268 -0.00807655416 0 0 0
volume_proxy 210 0.0303173263 0.67362462 -0.00192847746 0 0 0
volume_proxy 226 0.489520184 -0.323174112 -0.00079819738 0 0 0
volume_proxy 236 0.435504521 0.285054904 -0.00883930319 0 0 0
volume_proxy 247 0.808954477 0.753327262 -0.00818656524 0 0 0
volume_proxy 256 -1.49062871 0.72267823 0.00401107819 0 0 0
volume_proxy 259 0.770170196 0.154180241 -0.0107223984 0 0 0
volume_proxy 269 -1.01397454 -0.117872722 0.00491784612 0 0 0
volume_proxy 277 -1.11316967 -0.374935649 -0.00158733115 0 0 0
volume_proxy 296 -1.24040044 -0.0527819172 -0.00260633093 0 0 0
volume_proxy 305 1.2930999 -0.397623181 0.00716933127 0 0 0
volume_proxy 310 -0.557832176 -0.9138375 -0.00149850705 0 0 0
volume_proxy 344 -1.31007679 0.596766656 0.00595571563 0 0 0
volume_proxy 347 -0.409105349 0.910870281 0.010189911 0 0 0
volume_proxy 356 -0.799993576 0.452678468 0.0106656081 0 0 0
volume_proxy 375 0.826827703 -0.697647187 0.00140949284 0 0 0
volume_proxy 388 0.512847723 0.048661444 0.00497830086 0 0 0
volume_proxy 802 1.4350231 -0.246311928 -0.00615156331 0 0 0
volume_proxy 1052 -0.966711393 -0.816378701 -0.0103316915 0 0 0
volume_proxy 1066 -0.544590589 0.115133281 0.00397819948 0 0 0
volume_proxy 1120 -0.25202178 0.256747927 -0.0069893895 0 0 0
volume_proxy 1166 -0.513790849 0.318131152 0.00948429962 0 0 0
volume_proxy 1169 1.08027566 -0.782192348 0.00658358395 0 0 0
volume_proxy 1193 -1.37027974 -0.607999641 0.00112918654 0 0 0
volume_proxy 1225 -0.110061576 -0.360906277 0.00941603196 0 0 0
volume_proxy 1245 -1.10493238 0.0337986898 -0.00731195596 0 0 0
volume_proxy 1280 -0.747657451 0.750663298 -0.00314333578 0 0 0
volume_proxy 1285 -1.38053145 -0.124317254 0.00296389718 0 0 0
volume_proxy 1295 -0.455864524 0.00930332887 -0.00431729433 0 0 0
volume_proxy 1296 0.161177763 -0.59137507 0.00321897119 0 0 0
volume_proxy 1340 1.0065671 0.873404583 -0.00533686144 0 0 0
volume_proxy 1380 -0.189668035 0.942435245 0.00118018254 0 0 0
volume_proxy 1386 0.880852468 0.236057186 0.010054248 0 0 0
volume_proxy 1397 1.2942354 0.909049315 -0.00679582973 0 0 0
volume_proxy 1409 0.07796774 0.899699624 -0.000158165326 0 0 0
volume_proxy 1413 1.04705461 0.877046387 0.00955861697 0 0 0
volume_proxy 1422 0.515577042 -0.82160645 0.00669562988 0 0 0
volume_proxy 1433 1.03709658 0.99960886 -0.00912182765 0 0 0
volume_proxy 1434 -0.16903508 -0.982699199 0.00308804457 0 0 0
volume_proxy 1437 -0.0654364003 -0.027066128 -0.000852473794 0 0 0
volume_proxy 1439 -0.0580151224 0.61050261 -0.00338633333 0 0 0
volume_proxy 1447 0.704613869 -0.535167763 0.00149827597 0 0 0
volume_proxy 1459 -0.685142834 0.475116286 -0.00416054831 0 0 0
volume_proxy 1460 0.61602782 0.431923992 -0.00718059523 0 0 0
volume_proxy 1461 -1.04153999 0.663516773 -0.00346852304 0 0 0
volume_proxy 1466 -0.352143197 -0.0966511736 -0.00180629655 0 0 0
volume_proxy 1472 -1.06251165 0.518762391 0.000245063489 0 0 0
volume_proxy 1474 0.552971497 -0.81619227 -0.00207458617 0 0 0
volume_proxy 1481 1.19360853 0.454518732 0.00642202178 0 0 0
volume_proxy 1482 1.1053423 0.0911926503 0.00130367825 0 0 0
volume_proxy 1485 0.451480178 -0.616085477 -0.00745894147 0 0 0
volume_proxy 1489 -0.08337649 -0.413162391 0.00586139757 0 0 0
volume_proxy 1490 1.29685832 0.965022841 0.0100704347 0 0 0
volume_proxy 1492 0.436230799 0.631582444 -0.00971826467 0 0 0
volume_proxy 1493 0.566328772 0.287374826 -0.0099463824 0 0 0
volume_proxy 1494 0.99037406 -0.180459365 -0.00773860972 0 0 0
volume_proxy 1496 -1.22684883 0.566393981 -0.00864789885 0 0 0
volume_proxy 1498 -0.364097632 0.660723932 -0.00792285721 0 0 0
volume_proxy 1501 -0.489361199 -0.796291572 -0.00249727212 0 0 0
volume_proxy 1503 0.144485431 -0.0124680233 0.000761588984 0 0 0
volume_proxy 1506 0.312014782 0.92191291 -0.00445208706 0 0 0
volume_proxy 1507 -1.21743513 -0.472138513 -0.00216425486 0 0 0
volume_proxy 1508 -0.608170858 -0.629190519 0.00819610362 0 0 0
volume_proxy 1509 -1.15023186 0.693331675 -0.00434313267 0 0 0
volume_proxy 1510 0.278058452 -0.654338134 0.00959535666 0 0 0
volume_proxy 1511 1.34796487 0.483521512 -0.0102658927 0 0 0
volume_proxy 1513 -1.29416604 0.444877269 -0.0102392642 0 0 0
volume_proxy 1515 0.728397253 -0.0539870635 -0.0107638615 0 0 0
volume_proxy 1516 -0.421953095 -0.945577124 0.00115766184 0 0 0
volume_proxy 1517 -1.12026831 -0.497076341 0.00896300655 0 0 0
volume_proxy 1519 0.216318233 -0.31871454 0.00531387626 0 0 0
volume_proxy 1520 0.643729371 -0.447196921 0.0028606642 0 0 0
volume_proxy 1521 -0.588189363 -0.144482373 0.00533868408 0 0 0
volume_proxy 1522 0.258952469 0.679846882 0.0095964974 0 0 0
volume_proxy 1523 1.45728629 -0.272951353 -0.00198761018 0 0 0
volume_proxy 1525 -0.921408929 0.924294751 -0.00307118255 0 0 0
volume_proxy 1526 1.15251309 -0.211280809 0.00128795184 0 0 0
volume_proxy 1528 0.493914425 -0.657943963 0.00237071427 0 0 0
volume_proxy 1529 -0.830916167 0.00181386483 0.00717690928 0 0 0
volume_proxy 1530 -0.703461184 -0.308706905 -0.00605547203 0 0 0
