volume_proxy 0 1.31205416 -0.158133152 0.00365843236 0 0 0
volume_proxy 5 0.630219942 -0.110822182 0.0065507213 0 0 0
volume_proxy 6 0.170165785 0.126761143 -0.00409934249 0 0 0
volume_proxy 11 1.19361815 0.135958153 -0.0019305406 0 0 0
volume_proxy 12 0.859209885 -0.0844914815 -0.000188653567 0 0 0
volume_proxy 14 -0.317959475 0.346068499 -0.00602968429 0 0 0
volume_proxy 23 1.26743293 -0.672384353 -0.00414695626 0 0 0
volume_proxy 38 0.614126361 0.393579078 -0.00799668346 0 0 0
volume_proxy 40 0.128430572 -0.208706104 -0.0102727087 0 0 0
volume_proxy 50 -0.45594121 -0.643475618 0.00254659636 0 0 0
volume_proxy 53 -0.86996142 0.431590551 -0.00593593025 0 0 0
volume_proxy 58 1.36636486 -0.352391321 0.000941080351 0 0 0
volume_proxy 60 1.22328994 0.545872728 0.00586086174 0 0 0
volume_proxy 72 -0.214332226 0.041410249 -0.00637462191 0 0 0
volume_proxy 85 -0.965494998 -0.191592834 0.00205049357 0 0 0
volume_proxy 97 0.901774443 0.411887292 -0.0018078728 0 0 0
volume_proxy 105 0.802530543 -0.0823579371 0.000389413738 0 0 0
volume_proxy 107 1.4194462 0.878319415 0.00243167152 0 0 0
volume_proxy 127 -1.45761122 0.589033387 -0.0106169916 0 0 0
volume_proxy 130 1.16048222 -0.00908062715 0.00529973253 0 0 0
volume_proxy 140 -0.797473472 0.571571113 0.00202841162 0 0 0
volume_proxy 157 1.44107356 -0.0549280716 -0.000622164499 0 0 0
volume_proxy 159 0.0224141997 0.688676343 -0.0049246901 0 0 0
volume_proxy 161 0.704664645 0.0870453869 -3.08329326e-05 0 0 0
volume_proxy 176 0.361064641 -0.320367241 0.00770471711 0 0 0
volume_proxy 186 -1.04388775 0.428525258 0.00514036104 0 0 0
volume_proxy 189 -0.933374174 0.971598947 0.00811408911 0 0 0
volume_proxy 195 -0.21802394 0.0167298958 -0.00028754087 0 0 0
volume_proxy 196 0.246194603 -0.280830566 0.00923809483 0 0 0
volume_proxy 200 -0.118466106 -0.903977434 -0.00849910152 0 0 0
volume_proxy 202 -1.21373027 0.497452074 -0.00341066381 0 0 0
volume_proxy 209 -1.47791025 0.271244521 -0.00957889123 0 0 0
volume_proxy 210 -1.08760905 0.817445693 0.00600264065 0 0 0
volume_proxy 226 -0.139139315 -0.915852048 -0.00657895173 0 0 0
volume_proxy 236 0.791105687 0.454748287 -0.00615647408 0 0 0
volume_proxy 247 0.511197759 0.932882017 -0.00889674543 0 0 0
volume_proxy 256 -0.857827229 0.562576057 -0.00149187651 0 0 0
volume_proxy 259 0.412550204 -0.13338859 0.0106102739 0 0 0
volume_proxy 269 0.110229641 -0.138963008 0.00930197439 0 0 0
volume_proxy 277 -1.20758271 -0.302376706 -0.00526489041 0 0 0
volume_proxy 296 0.29477654 -0.438139684 -0.00322709977 0 0 0
volume_proxy 305 -0.0134175429 -0.8447566 0.00636492139 0 0 0
volume_proxy 310 1.40820909 -0.0776412779 0.00595241079 0 0 0
volume_proxy 329 -1.05274088 -0.984951534 0.010082566 0 0 0
volume_proxy 337 -0.821577669 0.846801099 -0.00534907934 0 0 0
volume_proxy 344 -0.855283375 0.785917341 0.00087837908 0 0 0
volume_proxy 347 -0.863264567 -0.0282723871 0.003567041 0 0 0
volume_proxy 349 -0.596086664 0.115003565 -0.00934353364 0 0 0
volume_proxy 356 0.109152747 0.996676842 0.00676372119 0 0 0
volume_proxy 375 0.640403575 -0.344049255 -0.00947636337 0 0 0
volume_proxy 388 -1.22385412 0.598721006 -0.0105718381 0 0 0
volume_proxy 431 -0.849550594 0.0281259311 0.00468683447 0 0 0
volume_proxy 802 1.00915607 0.801619309 0.00599228717 0 0 0
volume_proxy 876 0.578357431 -0.945798951 -0.0102389217 0 0 0
volume_proxy 1052 0.0449577437 -0.550586734 0.00852433559 0 0 0
volume_proxy 1066 0.571093392 0.775261525 0.0018398072 0 0 0
volume_proxy 1120 -0.142740603 0.432530159 -0.00975366084 0 0 0
volume_proxy 1166 -0.680160722 0.831273598 0.00269419402 0 0 0
volume_proxy 1169 1.33789522 -0.86038952 0.00545972955 0 0 0
volume_proxy 1172 0.201668506 0.666064204 -0.00016196361 0 0 0
volume_proxy 1186 -0.693888616 -0.335821602 -0.00400057013 0 0 0
volume_proxy 1193 -0.784155633 0.348318028 0.00579857465 0 0 0
volume_proxy 1219 -0.646832161 0.925879427 -0.0101023965 0 0 0
volume_proxy 1225 0.163902137 -0.123063937 0.00398384219 0 0 0
volume_proxy 1245 -1.16185806 0.952712244 -0.00779473661 0 0 0
volume_proxy 1280 -1.26819668 0.660101385 -0.00651070733 0 0 0
volume_proxy 1285 -1.17882004 0.922111741 -0.0027169447 0 0 0
volume_proxy 1295 -1.16276176 0.941137589 0.00149959385 0 0 0
volume_proxy 1296 0.123940763 0.142986555 0.00721556164 0 0 0
volume_proxy 1326 0.884060406 -0.426001795 -0.00440611597 0 0 0
volume_proxy 1335 0.274862922 -0.998885516 0.0105708482 0 0 0
volume_proxy 1340 1.13904814 0.303520412 0.00686542449 0 0 0
volume_proxy 1380 -0.0823699872 0.366612864 0.00075884191 0 0 0
volume_proxy 1386 0.252101476 0.863302004 0.00307501868 0 0 0
volume_proxy 1397 0.700874124 0.995223346 -0.00337590155 0 0 0
volume_proxy 1403 0.714586608 -0.0351200814 0.00104484805 0 0 0
volume_proxy 1409 1.29907183 0.605414089 0.0104736803 0 0 0
volume_proxy 1413 0.411429828 0.910532543 -0.00138215705 0 0 0
volume_proxy 1418 -1.45519481 0.206874583 0.003148586 0 0 0
volume_proxy 1420 -1.32226524 -0.201358467 -0.0041373691 0 0 0
volume_proxy 1421 -1.31506358 -0.0473383989 0.00978648418 0 0 0
volume_proxy 1422 1.11164596 -0.955252718 -0.0068804509 0 0 0
volume_proxy 1423 -0.491208938 0.656392789 -0.00894416584 0 0 0
volume_proxy 1426 0.796911286 -0.703116479 0.00609285209 0 0 0
volume_proxy 1429 1.0755412 -0.159515161 -0.00326862974 0 0 0
volume_proxy 1433 0.970902192 0.619902821 0.00851801601 0 0 0
volume_proxy 1434 0.371096367 -0.576690348 -0.00794990056 0 0 0
volume_proxy 1437 -0.360253614 -0.367126024 -0.00152569088 0 0 0
volume_proxy 1439 -0.339150044 0.772987883 0.00562211373 0 0 0
volume_proxy 1440 0.599063508 -0.196455933 -0.00442580937 0 0 0
volume_proxy 1444 -1.47971532 -0.799071257 -0.000248106764 0 0 0
volume_proxy 1445 0.17772616 -0.692400277 0.00248918846 0 0 0
volume_proxy 1447 1.14607693 -0.547586577 0.00578899091 0 0 0
volume_proxy 1459 -0.826430627 0.992310114 0.00178967865 0 0 0
volume_proxy 1460 0.662185315 0.109130991 -0.00926511295 0 0 0
volume_proxy 1461 -0.947437145 0.452701031 -0.00139090673 0 0 0
volume_proxy 1462 -1.06663735 -0.468053005 0.00925029956 0 0 0
volume_proxy 1466 -0.58310309 -0.874621195 0.00711313531 0 0 0
volume_proxy 1470 -1.40782347 -0.683057292 0.00107762027 0 0 0
volume_proxy 1471 -0.0865360017 0.983678463 0.00971902185 0 0 0
volume_proxy 1472 -0.872108688 0.616264711 -0.00585363866 0 0 0
volume_proxy 1474 1.0890725 -0.925323656 -0.010166921 0 0 0
volume_proxy 1475 1.14393785 -0.199858943 -0.00130239339 0 0 0
volume_proxy 1481 1.30852635 0.881516397 0.00686634462 0 0 0
volume_proxy 1482 0.383275334 -0.961747675 -0.00306517793 0 0 0
volume_proxy 1485 -0.0531205624 -0.507907621 0.00527387673 0 0 0
volume_proxy 1486 1.13298251 -0.617175725 -0.00124403122 0 0 0
volume_proxy 1489 -0.546448054 0.438645157 -0.000752903645 0 0 0
volume_proxy 1490 1.23147389 0.8601464 0.00964385703 0 0 0
volume_proxy 1492 0.195601224 0.385610182 0.00383961434 0 0 0
volume_proxy 1493 0.47746714 0.334556642 -0.00265729134 0 0 0
volume_proxy 1494 0.756078898 0.539903111 0.00439738008 0 0 0
volume_proxy 1495 0.841414667 -0.639014098 0.00935865486 0 0 0
volume_proxy 1496 -0.783254173 0.403653221 0.00254192707 0 0 0
volume_proxy 1497 0.227431228 0.452148382 0.00547326998 0 0 0
volume_proxy 1498 -1.34775675 0.636575616 -0.00992995723 0 0 0
volume_proxy 1501 -0.605835316 -0.959084063 -0.000541012269 0 0 0
volume_proxy 1502 -0.949176406 -0.596969217 -0.00260089906 0 0 0
volume_proxy 1503 -0.580735115 0.286406878 0.00441113367 0 0 0
volume_proxy 1505 -0.205876735 0.836711298 -0.00188180577 0 0 0
volume_proxy 1506 -0.034508606 0.581400613 -0.00887019429 0 0 0
volume_proxy 1507 -0.813978692 -0.413011157 0.00945157067 0 0 0
volume_proxy 1508 0.0333014118 -0.776634959 -0.00246071496 0 0 0
volume_proxy 1509 -1.47792985 0.982486423 0.00447940978 0 0 0
