volume_proxy 0 -0.807449253 -0.661445554 0.0045709075 0 0 0
volume_proxy 6 -0.109610284 0.206533348 -0.00536227642 0 0 0
volume_proxy 11 0.819386762 0.460373288 -0.0104677332 0 0 0
volume_proxy 12 1.08466134 -0.662792396 -0.00771102393 0 0 0
volume_proxy 14 -1.46234688 0.900988365 0.00875055464 0 0 0
volume_proxy 23 1.41572557 -0.0358884005 0.00588024795 0 0 0
volume_proxy 38 -0.678697645 -0.983654848 0.00745071163 0 0 0
volume_proxy 40 -1.46545016 -0.256198138 -0.00851039251 0 0 0
volume_proxy 50 -1.12664469 -0.584747271 -0.00928071948 0 0 0
volume_proxy 53 -1.15485969 0.596404662 -0.00424122097 0 0 0
volume_proxy 58 0.464435539 -0.389784265 0.00387475428 0 0 0
volume_proxy 60 -0.500569951 0.654474601 -0.00812065081 0 0 0
volume_proxy 85 -0.852055551 0.875023673 0.00621729705 0 0 0
volume_proxy 97 0.278206888 0.682153522 0.00116623931 0 0 0
volume_proxy 107 -0.157916394 0.227411253 -0.000619275137 0 0 0
volume_proxy 127 -1.24387073 -0.824337828 0.00342011971 0 0 0
volume_proxy 130 0.0961546988 -0.800973642 0.00625466189 0 0 0
volume_proxy 140 0.653245433 -0.0189126602 0.000733385865 0 0 0
volume_proxy 157 0.440764335 0.211567523 -0.00672255093 0 0 0
volume_proxy 159 -0.227566132 0.420452498 0.00229500778 0 0 0
volume_proxy 161 -0.213510716 -0.20003308 0.0107918999 0 0 0
volume_proxy 176 1.12753683 0.323328148 0.0029221431 0 0 0
volume_proxy 186 -1.02846305 0.388789108 0.00170972576 0 0 0
volume_proxy 189 -0.627838322 -0.660213512 0.00907257256 0 0 0
volume_proxy 195 -1.39133327 -0.907873641 -0.00632031072 0 0 0
volume_proxy 196 -1.02312726 -0.0371590739 -0.00544722672 0 0 0
volume_proxy 200 -1.40376674 0.616454534 -0.0103319624 0 0 0
volume_proxy 202 -0.365054217 -0.208082301 -0.000599312977 0 0 0
volume_proxy 209 -1.07861167 0.141581856 0.00630694309 0 0 0
volume_proxy 210 0.284093777 0.389185778 0.00989929803 0 0 0
volume_proxy 226 1.34055407 0.249068567 -0.00240594738 0 0 0
volume_proxy 236 0.674073813 -0.0611107614 -0.00268551191 0 0 0
volume_proxy 247 0.0310159182 -0.985799985 0.00322345578 0 0 0
volume_proxy 256 0.569254383 -0.798722618 -0.00410827694 0 0 0
volume_proxy 259 0.766755874 -0.16099646 -0.00385022809 0 0 0
volume_proxy 269 -1.35010196 0.6557077 -0.00683774319 0 0 0
volume_proxy 277 -1.01054979 0.00206655628 0.00711408184 0 0 0
volume_proxy 296 -0.894773232 0.016850433 -0.0026366547 0 0 0
volume_proxy 305 0.394250866 -0.809715153 0.00845816087 0 0 0
volume_proxy 310 1.30946358 0.729021787 -0.0103047078 0 0 0
volume_proxy 344 -0.569824556 -0.338436919 0.00475979353 0 0 0
volume_proxy 347 -0.537887053 0.853115781 0.00920734939 0 0 0
volume_proxy 356 -0.740586569 0.379778021 0.00823039119 0 0 0
volume_proxy 375 1.20736639 -0.297227748 -0.00880409787 0 0 0
volume_proxy 388 1.16676267 -0.891448452 -0.00449541709 0 0 0
volume_proxy 1052 -1.21554007 -0.275911984 -0.00383509246 0 0 0
volume_proxy 1066 -0.120489892 0.148155265 0.00528941268 0 0 0
volume_proxy 1120 -0.695841639 0.799871937 -0.00906672271 0 0 0
volume_proxy 1166 -0.756467101 -0.951535369 0.0026304219 0 0 0
volume_proxy 1193 -1.08002932 -0.133365193 -0.00733668616 0 0 0
volume_proxy 1225 -1.35205577 -0.948889495 -0.00146685567 0 0 0
volume_proxy 1245 -1.13244534 0.763941674 0.00481921515 0 0 0
volume_proxy 1280 -1.4917001 0.878464644 0.00527404618 0 0 0
volume_proxy 1285 -0.730261601 0.708049801 -0.000309442313 0 0 0
volume_proxy 1295 0.579165398 0.536106738 -0.00938450404 0 0 0
volume_proxy 1296 -0.522583657 -0.282394146 0.00164976307 0 0 0
volume_proxy 1340 1.35672341 -0.102218274 0.000260320655 0 0 0
volume_proxy 1380 -1.20907939 -0.400146946 -0.00609728781 0 0 0
volume_proxy 1386 1.10769186 0.527526968 0.00693253757 0 0 0
volume_proxy 1397 -0.0379477283 0.830050815 0.00418875544 0 0 0
volume_proxy 1409 0.62484771 0.383034168 -0.00253260803 0 0 0
volume_proxy 1413 0.617291477 0.539596727 -0.0066269204 0 0 0
volume_proxy 1422 1.27801005 -0.916105371 0.0085110343 0 0 0
volume_proxy 1433 1.43265739 0.723182952 0.00106408083 0 0 0
volume_proxy 1437 -0.337753916 -0.974194309 -0.00628097606 0 0 0
volume_proxy 1459 -0.844469433 -0.510594602 -0.00340370775 0 0 0
volume_proxy 1460 -0.920026889 0.154786377 0.0103846126 0 0 0
volume_proxy 1461 -1.07996871 0.321601944 0.00911303121 0 0 0
volume_proxy 1472 -1.1939311 -0.185954949 -0.0021565944 0 0 0
volume_proxy 1474 1.28754754 -0.00190651899 -0.00430339291 0 0 0
volume_proxy 1481 -0.357234415 0.238170542 -0.000796198721 0 0 0
volume_proxy 1482 0.689459345 0.268847391 0.00228665318 0 0 0
volume_proxy 1485 0.776672164 -0.427115487 -0.00950368942 0 0 0
volume_proxy 1489 0.218360073 -0.995265894 0.00535103194 0 0 0
volume_proxy 1490 0.731829586 0.497111514 0.00714030128 0 0 0
volume_proxy 1496 -1.21456358 0.465006007 0.00960335109 0 0 0
volume_proxy 1498 -0.305954516 -0.479621326 0.00669026495 0 0 0
volume_proxy 1503 -1.4350589 -0.73214958 0.00843646297 0 0 0
volume_proxy 1506 0.380562204 0.80138708 0.000216053156 0 0 0
volume_proxy 1507 -0.24249448 -0.652944152 -0.0106812484 0 0 0
volume_proxy 1508 -0.852489668 0.00322686282 0.003731086 0 0 0
volume_proxy 1509 -1.08946132 -0.0785390019 0.00997095975 0 0 0
volume_proxy 1513 -1.19098803 0.160714118 -0.00211397371 0 0 0
volume_proxy 1515 0.195987801 -0.944715717 0.00933285574 0 0 0
volume_proxy 1516 -0.327397368 -0.633657626 -0.00892621573 0 0 0
volume_proxy 1517 -1.17357158 -0.247828911 0.0107231553 0 0 0
volume_proxy 1519 0.430638321 0.403314194 7.20833482e-05 0 0 0
volume_proxy 1520 -0.0545203323 -0.569152037 0.00138411018 0 0 0
volume_proxy 1521 -1.22642777 -0.641618188 0.00113360582 0 0 0
volume_proxy 1523 -0.229388008 -0.297800325 0.00203108665 0 0 0
volume_proxy 1525 -0.545481503 0.744128059 0.00264320604 0 0 0
volume_proxy 1526 1.35277418 -0.0594245887 -0.00811153541 0 0 0
volume_proxy 1528 0.949061759 -0.795855725 0.00255807702 0 0 0
volume_proxy 1529 -0.922032868 -0.0601120969 0.00179105235 0 0 0
volume_proxy 1531 0.27626359 0.965571609 0.00695313265 0 0 0
volume_proxy 1533 0.85125427 0.0349997699 -0.00720367162 0 0 0
volume_proxy 1534 -0.540356932 -0.00662777703 -0.00675157408 0 0 0
volume_proxy 1537 -0.813688194 -0.523259841 0.000272668103 0 0 0
volume_proxy 1538 1.19694951 -0.53779562 0.00277337013 0 0 0
volume_proxy 1539 0.198591749 0.767270408 -0.00828258699 0 0 0
volume_proxy 1540 1.38780008 0.215303847 0.00791270134 0 0 0
volume_proxy 1541 -0.457230543 -0.804322001 0.0055332512 0 0 0
