volume_proxy 0 0.527864532 -0.0380469442 -0.00510312535 0 0 0
volume_proxy 6 -0.772095298 0.916988229 0.00254806719 0 0 0
volume_proxy 11 1.48152291 0.651802457 -0.00273386016 0 0 0
volume_proxy 12 0.998908466 -0.0337654797 0.00434763468 0 0 0
volume_proxy 14 -1.13664451 0.570656061 -0.00389368529 0 0 0
volume_proxy 23 0.61188373 -0.438622488 -0.00700325919 0 0 0
volume_proxy 38 -1.0649942 -0.85651697 -0.00286506611 0 0 0
volume_proxy 40 -0.894395388 0.294787293 -0.00586582039 0 0 0
volume_proxy 50 -0.867184204 -0.63221593 -0.00304892609 0 0 0
volume_proxy 53 -1.22298554 0.115362989 -0.00982175138 0 0 0
volume_proxy 58 0.614037772 -0.888981856 0.0100743821 0 0 0
volume_proxy 60 0.0779661522 0.920066318 0.00529605786 0 0 0
volume_proxy 85 -1.34689744 0.768001545 0.00790867913 0 0 0
volume_proxy 97 1.09906274 0.891530156 0.00671180648 0 0 0
volume_proxy 107 1.00932675 -0.0629931417 -0.00900325147 0 0 0
volume_proxy 127 -1.3446183 -0.616439431 -0.0100060484 0 0 0
volume_proxy 130 0.761346456 -0.240348182 -0.00748048342 0 0 0
volume_proxy 140 -1.12313038 0.564328231 -0.00709670069 0 0 0
volume_proxy 157 0.757349183 -0.552332022 -0.000228240523 0 0 0
volume_proxy 159 1.22365119 0.475658961 -0.000797957407 0 0 0
volume_proxy 161 -0.191430109 0.665994361 -0.00365491175 0 0 0
volume_proxy 176 1.22349125 -0.0690403369 -0.00125810999 0 0 0
volume_proxy 186 -0.56559856 -0.0288827008 0.00353340163 0 0 0
volume_proxy 189 -0.90669153 -0.513740235 -0.00933797493 0 0 0
volume_proxy 195 -1.39404669 -0.879509715 -0.000199904353 0 0 0
volume_proxy 196 0.597366888 0.28014909 -0.00102838288 0 0 0
volume_proxy 200 -1.26856939 -0.524045539 0.00718800485 0 0 0
volume_proxy 202 0.462180481 0.35935669 -0.000659555078 0 0 0
volume_proxy 209 -1.02523621 0.288855673 -0.00968771745 0 0 0
volume_proxy 210 0.184876085 0.938704081 0.00929740034 0 0 0
volume_proxy 226 0.46801684 -0.860905683 -0.00597551026 0 0 0
volume_proxy 236 1.12047134 -0.46588763 -0.0086503461 0 0 0
volume_proxy 247 1.08537038 0.712756896 -0.00822432175 0 0 0
volume_proxy 256 -0.901540862 0.55108296 0.00994441431 0 0 0
volume_proxy 259 0.564998883 0.78308366 -0.00840473692 0 0 0
volume_proxy 269 -0.897191901 0.546317985 0.00200295359 0 0 0
volume_proxy 277 -0.873544657 -0.102994291 0.00612170525 0 0 0
volume_proxy 296 -1.28808676 0.880547061 0.00624097033 0 0 0
volume_proxy 305 0.716594708 -0.370271393 -0.00856145379 0 0 0
volume_proxy 310 0.13228017 -0.152147161 -0.000907774418 0 0 0
volume_proxy 344 -1.15895494 -0.57467072 -0.00968697666 0 0 0
volume_proxy 347 -0.61090811 0.901411779 -0.00704539953 0 0 0
volume_proxy 356 -0.566185889 -0.230749117 -0.0102145511 0 0 0
volume_proxy 375 0.827052431 0.127678325 -0.00427308489 0 0 0
volume_proxy 388 1.26994056 0.0324502442 0.00489551092 0 0 0
volume_proxy 802 1.05774089 0.287353773 0.00252145021 0 0 0
volume_proxy 1052 -0.889480976 -0.766946981 0.00142875007 0 0 0
volume_proxy 1066 0.144494758 0.289213461 0.00392879047 0 0 0
volume_proxy 1120 -0.815452717 0.325497589 0.000657989345 0 0 0
volume_proxy 1166 -0.789097588 -0.215086863 0.00141708785 0 0 0
volume_proxy 1193 -1.03030432 -0.246357366 0.00132232351 0 0 0
volume_proxy 1225 -0.621131539 -0.310919467 0.00497916287 0 0 0
volume_proxy 1245 -1.11227842 -0.0970300066 -0.000744544702 0 0 0
volume_proxy 1280 -0.423458442 0.704176548 -0.00283726849 0 0 0
volume_proxy 1285 -1.42651043 0.753476144 0.00375159931 0 0 0
volume_proxy 1295 0.42997063 0.101014591 0.00233166552 0 0 0
volume_proxy 1296 0.129597666 -0.57194125 -0.00489821333 0 0 0
volume_proxy 1340 0.717451099 0.727493803 0.0107507773 0 0 0
volume_proxy 1380 -0.753762625 -0.0520867318 0.00647320029 0 0 0
volume_proxy 1386 1.17648615 0.648956967 -0.00750035286 0 0 0
volume_proxy 1397 0.757594216 0.80873141 -0.00548923395 0 0 0
volume_proxy 1409 -0.357864073 0.967601015 -0.00484502494 0 0 0
volume_proxy 1413 0.862096461 0.670049315 0.00396981607 0 0 0
volume_proxy 1422 -0.00270035184 -0.537470393 0.00202861886 0 0 0
volume_proxy 1433 1.4636622 0.613458941 -0.00580548599 0 0 0
volume_proxy 1437 0.119146952 -0.088933087 -0.0104660059 0 0 0
volume_proxy 1447 1.12529733 -0.26730287 -0.00753800045 0 0 0
volume_proxy 1459 -1.09558085 -0.0290424576 0.00887719227 0 0 0
volume_proxy 1460 0.0630324465 0.693258472 -0.00263845279 0 0 0
volume_proxy 1461 -0.728264279 0.905948677 -0.00663694976 0 0 0
volume_proxy 1466 -0.903411358 0.327118714 0.00125657403 0 0 0
volume_proxy 1472 -1.42677023 0.683390067 0.00632125364 0 0 0
volume_proxy 1474 1.23117327 -0.549698612 0.000622943117 0 0 0
volume_proxy 1481 0.761539251 0.755128113 0.00548165085 0 0 0
volume_proxy 1482 0.646267773 0.161869546 0.0078032898 0 0 0
volume_proxy 1485 0.39037432 -0.395408271 -0.00699936972 0 0 0
volume_proxy 1489 0.162897511 -0.583569686 -0.002638615 0 0 0
volume_proxy 1490 0.934567996 0.882902301 -0.00867985392 0 0 0
volume_proxy 1494 1.34179151 -0.134421539 -0.00843788604 0 0 0
volume_proxy 1496 -1.24623364 0.348707064 0.000289768662 0 0 0
volume_proxy 1498 -0.131741405 0.330347368 0.00898420716 0 0 0
volume_proxy 1503 -0.825115557 0.0800986652 0.00924153403 0 0 0
volume_proxy 1506 0.393825441 0.60084328 0.00749217337 0 0 0
volume_proxy 1507 -1.24543292 -0.0906684233 -0.00516201601 0 0 0
volume_proxy 1508 -0.5662386 -0.27404665 0.00028390103 0 0 0
volume_proxy 1509 -1.13748979 -0.0672062428 -0.00648482765 0 0 0
volume_proxy 1510 0.111968841 -0.705154259 0.00854383426 0 0 0
volume_proxy 1511 1.10828298 0.392101204 0.000570375029 0 0 0
volume_proxy 1513 -1.21515513 0.630278268 0.01026507 0 0 0
volume_proxy 1515 0.710275182 -0.530446299 0.00473483213 0 0 0
volume_proxy 1516 -0.312549853 -0.95167143 0.00759309117 0 0 0
volume_proxy 1517 -0.801417275 -0.52104978 0.0100717475 0 0 0
volume_proxy 1519 -0.010535762 -0.732611891 -0.00984141681 0 0 0
volume_proxy 1520 0.351328008 -0.348360664 0.00978518686 0 0 0
volume_proxy 1521 -1.33014063 -0.603431712 0.00705794216 0 0 0
volume_proxy 1523 0.682920095 -0.0298313217 0.00607970189 0 0 0
volume_proxy 1525 -0.842617995 0.855608315 -0.00171319533 0 0 0
volume_proxy 1526 0.955898798 -0.740537964 -0.000739065256 0 0 0
volume_proxy 1528 0.566174588 -0.703806594 0.00885414426 0 0 0
volume_proxy 1529 -1.13297364 0.130479293 0.00565318046 0 0 0
volume_proxy 1531 0.503808318 0.542148769 -0.00193894928 0 0 0
volume_proxy 1533 0.965512389 -0.544905022 0.00598412484 0 0 0
volume_proxy 1534 0.626319304 0.651750664 -0.00379966794 0 0 0
volume_proxy 1535 0.430077715 0.956802515 -0.00666288724 0 0 0
volume_proxy 1536 -0.663799671 -0.752148348 -0.00189490011 0 0 0
volume_proxy 1537 -0.61718214 -0.576987786 0.00813405293 0 0 0
