volume_proxy 0 -0.79208658 -0.0635959867 -0.0019377075 0 0 0
volume_proxy 6 -0.213632096 -0.135428559 0.00253150317 0 0 0
volume_proxy 11 1.01744395 0.743790401 -0.00926887005 0 0 0
volume_proxy 12 1.49572206 -0.351077396 -0.00389920407 0 0 0
volume_proxy 14 -1.24807822 0.561088967 -0.000901708272 0 0 0
volume_proxy 23 1.00727838 0.13499421 0.00629939051 0 0 0
volume_proxy 38 -0.986708834 -0.695121452 -0.0101622327 0 0 0
volume_proxy 40 -1.10867009 -0.222658243 0.00383290514 0 0 0
volume_proxy 50 -1.48690683 -0.715350889 0.0104958216 0 0 0
volume_proxy 53 -1.22700735 -0.0730615929 -0.00705968717 0 0 0
volume_proxy 58 0.373516288 -0.567929808 0.00372206523 0 0 0
volume_proxy 60 -0.205148555 0.41921709 0.00606413359 0 0 0
volume_proxy 85 -1.07128721 0.999721501 0.00636123379 0 0 0
volume_proxy 97 0.781534697 0.957055421 -0.00976474536 0 0 0
volume_proxy 107 -0.0241491382 0.72732992 -0.00918619186 0 0 0
volume_proxy 127 -1.47957168 -0.722265093 -0.00797542206 0 0 0
volume_proxy 130 0.0862847652 -0.517677277 -0.00478205947 0 0 0
volume_proxy 140 1.20255031 0.194615844 -0.00988368931 0 0 0
volume_proxy 157 0.217160319 0.017289622 -0.00128651216 0 0 0
volume_proxy 159 0.457325169 0.885649119 0.00264975802 0 0 0
volume_proxy 161 -0.455875592 -0.0423981248 -0.000665990408 0 0 0
volume_proxy 176 1.12216276 0.626553429 0.00784079306 0 0 0
volume_proxy 186 -1.06303654 0.36507805 -0.0073410717 0 0 0
volume_proxy 189 -0.767543736 -0.634409013 0.00268488357 0 0 0
volume_proxy 195 -0.74580413 -0.702336342 -0.0102396217 0 0 0
volume_proxy 196 -1.46373391 0.00330709642 0.00469030831 0 0 0
volume_proxy 200 -1.45491084 0.983469472 0.00477368674 0 0 0
volume_proxy 202 -0.623891665 -0.208259188 0.00855318287 0 0 0
volume_proxy 209 -1.32843537 -0.0329688543 0.0027588726 0 0 0
volume_proxy 210 0.435826001 0.30201148 -0.00880411625 0 0 0
volume_proxy 226 1.05647575 0.0573018418 0.000636125418 0 0 0
volume_proxy 236 0.0323954405 0.752273482 -0.00278386512 0 0 0
volume_proxy 247 0.229861231 -0.747643858 0.00726750347 0 0 0
volume_proxy 256 0.889298929 -0.548700531 -0.00794920175 0 0 0
volume_proxy 259 0.978185683 0.353354336 -0.00843273927 0 0 0
volume_proxy 269 -1.40158153 0.797298188 0.00156503775 0 0 0
volume_proxy 277 -1.47639098 0.14228498 -0.00318557669 0 0 0
volume_proxy 296 -0.438508943 -0.258907327 0.00926296674 0 0 0
volume_proxy 305 0.158265289 -0.0255049261 -0.00799704755 0 0 0
volume_proxy 310 1.48589049 0.186577046 -0.00443179865 0 0 0
volume_proxy 344 -0.235785257 -0.935107657 0.000995656236 0 0 0
volume_proxy 347 -1.23735226 0.708546035 -0.000702215511 0 0 0
volume_proxy 356 -0.834410894 -0.0144632982 -0.0070986111 0 0 0
volume_proxy 375 1.22431352 -0.250679541 0.000797430463 0 0 0
volume_proxy 388 1.28826698 -0.270343702 -0.00305016116 0 0 0
volume_proxy 1052 -1.25294057 -0.393684407 -0.0023000433 0 0 0
volume_proxy 1066 -0.508423935 0.0262222826 -0.0107336777 0 0 0
volume_proxy 1120 -1.29724287 0.557835399 0.00348674187 0 0 0
volume_proxy 1166 -0.978343469 -0.758980245 0.00181720795 0 0 0
volume_proxy 1193 -1.01702492 -0.168384106 -0.000498690258 0 0 0
volume_proxy 1225 -1.10912265 -0.708296822 -0.00887065689 0 0 0
volume_proxy 1245 -1.26890822 0.906701191 -0.00197993626 0 0 0
volume_proxy 1280 -1.43322609 0.806362376 0.00367662117 0 0 0
volume_proxy 1285 -0.699124118 0.607793669 -0.00889708886 0 0 0
volume_proxy 1295 0.286281057 0.691168966 -0.00175910544 0 0 0
volume_proxy 1296 -0.251064527 -0.266800213 -0.00255502769 0 0 0
volume_proxy 1340 1.25750013 -0.145729021 -0.00986617143 0 0 0
volume_proxy 1380 -1.43543279 -0.338037688 -0.00136093135 0 0 0
volume_proxy 1386 1.10197746 0.473342122 0.00718943063 0 0 0
volume_proxy 1397 0.550657482 0.898534414 -0.00352366522 0 0 0
volume_proxy 1409 0.629746742 0.41540911 -0.00562817521 0 0 0
volume_proxy 1413 0.507153579 0.611431955 0.00533472599 0 0 0
volume_proxy 1422 1.33240831 -0.849556476 0.00800603913 0 0 0
volume_proxy 1433 1.14562542 0.68482687 -0.00644397935 0 0 0
volume_proxy 1459 -1.16349277 -0.739815608 0.0071702311 0 0 0
volume_proxy 1460 -1.30690151 0.35678942 0.00614535895 0 0 0
volume_proxy 1461 -1.26184094 0.476228332 0.00426198469 0 0 0
volume_proxy 1472 -1.16594367 -0.442087765 0.00950772312 0 0 0
volume_proxy 1474 1.35527478 0.0485411299 -0.00908602318 0 0 0
volume_proxy 1481 -0.586731367 0.436420646 -0.00131913297 0 0 0
volume_proxy 1482 0.577475522 0.249461863 -0.00486617173 0 0 0
volume_proxy 1485 0.544207042 -0.221213171 0.00530723966 0 0 0
volume_proxy 1489 -0.0959178319 -0.827328303 -0.00093875876 0 0 0
volume_proxy 1490 0.459362337 0.606536938 0.00429796747 0 0 0
volume_proxy 1496 -1.36413836 0.43935581 -0.0107733432 0 0 0
volume_proxy 1498 -0.378433828 -0.440798765 0.00223955694 0 0 0
volume_proxy 1503 -1.36629095 -0.969448026 -0.00428123252 0 0 0
volume_proxy 1506 0.169196828 0.944324234 0.00193617213 0 0 0
volume_proxy 1507 -0.116880683 -0.258035859 -0.00332948327 0 0 0
volume_proxy 1508 -1.00805031 0.127705406 0.00533287948 0 0 0
volume_proxy 1509 -1.20741892 -0.138368675 -0.00383293635 0 0 0
volume_proxy 1513 -1.18506482 0.00570889447 0.00616238485 0 0 0
volume_proxy 1515 0.193979261 -0.844975572 -0.00733676254 0 0 0
volume_proxy 1516 -0.150690615 -0.687951313 -0.00681532711 0 0 0
volume_proxy 1517 -1.29525888 -0.35845252 0.00499467481 0 0 0
volume_proxy 1519 0.358633131 0.555187944 0.00914297437 0 0 0
volume_proxy 1520 -0.176889231 -0.586514103 0.00645971434 0 0 0
volume_proxy 1521 -1.32639007 -0.388941376 -0.000702946164 0 0 0
volume_proxy 1523 0.0790584941 -0.170416949 -0.00470541808 0 0 0
volume_proxy 1525 -0.461489273 0.909479558 -0.00988771682 0 0 0
volume_proxy 1526 1.43678781 -0.208840364 0.00289306514 0 0 0
volume_proxy 1528 0.983560707 -0.770205264 0.00572689586 0 0 0
volume_proxy 1529 -1.08908482 -0.0813678405 -0.000290555525 0 0 0
volume_proxy 1531 0.479241638 0.667405246 -0.00905148353 0 0 0
volume_proxy 1533 1.06933082 0.114415269 -0.00374262688 0 0 0
volume_proxy 1534 -0.425597534 -0.100975018 0.00240964048 0 0 0
volume_proxy 1537 -1.01047873 -0.886535144 -0.00472083295 0 0 0
volume_proxy 1538 1.04462885 -0.177335594 0.0086400224 0 0 0
volume_proxy 1539 0.0552665593 0.6706172 0.00874833498 0 0 0
volume_proxy 1540 1.31908219 0.0874029073 -0.00154688668 0 0 0
volume_proxy 1542 -0.480962521 -0.888362879 0.00940771281 0 0 0
volume_proxy 1543 -0.385971659 -0.875751554 -0.00353010668 0 0 0
