volume_proxy 0 -0.758769005 0.166423415 0.00325919795 0 0 0
volume_proxy 6 -0.233573695 -0.0599303409 0.00549423971 0 0 0
volume_proxy 11 1.00883599 0.831429768 -0.00423735629 0 0 0
volume_proxy 12 1.43042627 -0.438788583 -0.00511780354 0 0 0
volume_proxy 14 -1.34957749 0.51625112 -0.00172422945 0 0 0
volume_proxy 23 0.897918766 0.0946639467 0.00809055711 0 0 0
volume_proxy 38 -1.02934727 -0.731736198 -0.00558792738 0 0 0
volume_proxy 40 -1.27738618 -0.198337921 -0.000195262407 0 0 0
volume_proxy 50 -1.36070929 -0.661510692 0.00414277697 0 0 0
volume_proxy 53 -1.24294058 -0.00912624761 -0.00240750144 0 0 0
volume_proxy 58 0.38870424 -0.622722516 0.00484419332 0 0 0
volume_proxy 60 -0.344488396 0.452490354 0.00817631276 0 0 0
volume_proxy 85 -1.23298144 0.997963531 0.00426273427 0 0 0
volume_proxy 97 0.658058653 0.898068915 -0.00779869522 0 0 0
volume_proxy 107 0.078817426 0.696044536 -0.000107821897 0 0 0
volume_proxy 127 -1.32418246 -0.528046729 0.00703078475 0 0 0
volume_proxy 130 0.341729812 -0.571998628 -0.00167643173 0 0 0
volume_proxy 140 1.24372032 0.0668846022 0.0102553926 0 0 0
volume_proxy 157 0.379731359 0.142897363 -0.00862923074 0 0 0
volume_proxy 159 0.29888706 0.816606727 -0.00710470333 0 0 0
volume_proxy 161 -0.358474443 -0.125328337 0.00786718073 0 0 0
volume_proxy 176 1.03348209 0.707690208 -0.00714512036 0 0 0
volume_proxy 186 -1.0218155 0.423168696 0.00429648125 0 0 0
volume_proxy 189 -0.752955323 -0.613312661 0.00326747744 0 0 0
volume_proxy 195 -0.792851573 -0.688158251 0.0105980918 0 0 0
volume_proxy 196 -1.42814946 0.0604137991 0.00302564125 0 0 0
volume_proxy 200 -1.48042045 0.972916859 -0.00898220517 0 0 0
volume_proxy 202 -0.629129599 -0.388779187 0.00450354237 0 0 0
volume_proxy 209 -1.2022973 0.0153560487 0.00839838544 0 0 0
volume_proxy 210 0.380970736 0.426818174 0.00939703004 0 0 0
volume_proxy 226 1.166274 0.00960012347 -0.00420758678 0 0 0
volume_proxy 236 0.172961152 0.74072008 -0.00173475713 0 0 0
volume_proxy 247 0.163014659 -0.682890824 2.79433972e-05 0 0 0
volume_proxy 256 0.917910865 -0.574568373 -0.0014146949 0 0 0
volume_proxy 259 0.848535033 0.307876297 0.00425297166 0 0 0
volume_proxy 269 -1.4438366 0.690575368 0.00105847621 0 0 0
volume_proxy 277 -1.25010197 0.14763712 -0.00815269896 0 0 0
volume_proxy 296 -0.44722825 -0.317473617 0.0037098652 0 0 0
volume_proxy 305 0.0752772993 -0.183185516 0.00237641227 0 0 0
volume_proxy 310 1.42254258 0.214266033 -0.00271914879 0 0 0
volume_proxy 344 -0.509428504 -0.68670504 0.00382290185 0 0 0
volume_proxy 347 -1.06456136 0.755987806 -0.00899660687 0 0 0
volume_proxy 356 -0.919648349 0.267102101 -0.00504301178 0 0 0
volume_proxy 375 1.24534559 -0.274464669 -0.00069256756 0 0 0
volume_proxy 388 1.28209027 -0.154008046 -0.000844579116 0 0 0
volume_proxy 1052 -1.24233865 -0.385021242 0.00313472567 0 0 0
volume_proxy 1066 -0.481899921 -0.0291158767 -0.00333328355 0 0 0
volume_proxy 1120 -1.23987289 0.517093976 -0.00459092161 0 0 0
volume_proxy 1166 -0.912520777 -0.830046188 0.00341630688 0 0 0
volume_proxy 1193 -1.01017587 -0.147166762 -0.00854914553 0 0 0
volume_proxy 1225 -1.16830858 -0.696686946 0.00774983274 0 0 0
volume_proxy 1245 -1.39229657 0.912906827 0.000355616522 0 0 0
volume_proxy 1280 -1.36623556 0.720936478 -0.0092955642 0 0 0
volume_proxy 1285 -0.626316853 0.595487919 0.00462154682 0 0 0
volume_proxy 1295 0.325523794 0.647852786 0.00853747027 0 0 0
volume_proxy 1296 -0.347462232 -0.295085553 0.00855465119 0 0 0
volume_proxy 1340 1.44151868 -0.0524347421 -0.00597058402 0 0 0
volume_proxy 1380 -1.37326983 -0.421224939 0.00761563341 0 0 0
volume_proxy 1386 1.01074968 0.418542844 -0.00810786266 0 0 0
volume_proxy 1397 0.401936105 0.756664945 0.00828663714 0 0 0
volume_proxy 1409 0.579450857 0.258165359 -0.00568237643 0 0 0
volume_proxy 1413 0.593364078 0.446640631 -0.00294313991 0 0 0
volume_proxy 1422 1.48295522 -0.908635923 -0.00375775837 0 0 0
volume_proxy 1433 1.23859951 0.729117975 -0.00888029925 0 0 0
volume_proxy 1459 -1.10978809 -0.642429914 -0.0101653594 0 0 0
volume_proxy 1460 -1.27201334 0.194304067 -0.00155762237 0 0 0
volume_proxy 1461 -1.27134343 0.450873147 -0.00515450969 0 0 0
volume_proxy 1472 -1.01177407 -0.492191752 -0.0104420014 0 0 0
volume_proxy 1474 1.2914333 -0.0778448215 -0.0044758928 0 0 0
volume_proxy 1481 -0.529404934 0.468820641 0.00733355366 0 0 0
volume_proxy 1482 0.552205318 0.237963865 -0.00673676979 0 0 0
volume_proxy 1485 0.586525069 -0.120535162 0.0100859494 0 0 0
volume_proxy 1489 -0.0555353944 -0.798719969 -0.00544836377 0 0 0
volume_proxy 1490 0.540805821 0.650240784 0.00941855254 0 0 0
volume_proxy 1496 -1.46238723 0.527973711 0.0059237197 0 0 0
volume_proxy 1498 -0.348581765 -0.323873758 0.00702221558 0 0 0
volume_proxy 1503 -1.45251317 -0.975455058 -0.00666302187 0 0 0
volume_proxy 1506 0.124342628 0.932889441 0.00411324829 0 0 0
volume_proxy 1507 -0.16239055 -0.227273952 0.00340363532 0 0 0
volume_proxy 1508 -1.01795131 0.244526093 -0.00200284789 0 0 0
volume_proxy 1509 -1.30775129 -0.0764373009 -0.00494257142 0 0 0
volume_proxy 1513 -1.1495426 0.0311724234 -0.00912706165 0 0 0
volume_proxy 1515 0.143806495 -0.831300612 -0.00943690789 0 0 0
volume_proxy 1516 -0.0946573638 -0.624432848 0.00500919238 0 0 0
volume_proxy 1517 -1.27459612 -0.443146546 -0.00247418319 0 0 0
volume_proxy 1519 0.359314225 0.598541035 0.00723635351 0 0 0
volume_proxy 1520 -0.203110286 -0.611519651 0.00891900722 0 0 0
volume_proxy 1521 -1.38019635 -0.297228938 0.00326569575 0 0 0
volume_proxy 1523 0.0810142409 -0.15029072 0.00129841475 0 0 0
volume_proxy 1525 -0.511592533 0.845900814 -0.00331510937 0 0 0
volume_proxy 1526 1.38188035 -0.157364875 0.00252059123 0 0 0
volume_proxy 1528 0.918288186 -0.7458516 0.00207688021 0 0 0
volume_proxy 1529 -1.03614196 -0.120933634 2.46399552e-05 0 0 0
volume_proxy 1531 0.384000612 0.62790146 -0.00500095418 0 0 0
volume_proxy 1533 1.07462777 0.140457804 0.00944301505 0 0 0
volume_proxy 1534 -0.403781074 -0.0822830134 -0.0028597766 0 0 0
volume_proxy 1537 -1.10259185 -0.810440041 -0.00940872036 0 0 0
volume_proxy 1538 1.03748583 -0.0808729593 0.00256266145 0 0 0
volume_proxy 1539 0.0626173969 0.814109685 -0.010426303 0 0 0
volume_proxy 1540 1.25597967 0.0685651989 -0.00922622036 0 0 0
volume_proxy 1542 -0.516113918 -0.865972945 0.0104580798 0 0 0
volume_proxy 1543 -0.369896752 -0.942696724 -0.00591574232 0 0 0
