volume_proxy 0 1.48463178 -0.561177015 -0.000375004989 0 0 0
volume_proxy 5 0.996859818 0.197713369 0.00552228215 0 0 0
volume_proxy 6 0.391990303 0.236518289 -0.000722426786 0 0 0
volume_proxy 11 0.904999795 0.0109361718 0.0083372229 0 0 0
volume_proxy 12 1.44084509 -0.38177367 0.00598432114 0 0 0
volume_proxy 14 -0.459604897 -0.33480166 0.00297045695 0 0 0
volume_proxy 23 0.504529835 -0.671764707 -0.00798129723 0 0 0
volume_proxy 38 0.695623024 0.285500765 -0.00389894847 0 0 0
volume_proxy 40 0.0132050122 -0.530005226 -0.0086282685 0 0 0
volume_proxy 50 -0.466335863 -0.618252324 0.00778340965 0 0 0
volume_proxy 53 -0.591424592 0.229393763 0.00657526354 0 0 0
volume_proxy 58 1.20600002 -0.645093881 0.00985224108 0 0 0
volume_proxy 60 0.915896761 0.692489578 -0.00428685483 0 0 0
volume_proxy 61 0.152184882 -0.743792487 0.00486578042 0 0 0
volume_proxy 72 0.0475410617 0.472554579 0.000591503274 0 0 0
volume_proxy 85 -1.11528788 -0.218329818 0.00554217866 0 0 0
volume_proxy 88 -1.10111671 -0.50138982 0.000535014301 0 0 0
volume_proxy 97 0.735982129 0.14722521 0.00196243406 0 0 0
volume_proxy 101 -1.16062433 0.893622114 0.0106810296 0 0 0
volume_proxy 105 0.339471018 -0.235846888 -0.00987162766 0 0 0
volume_proxy 107 1.28130134 0.512020333 0.00181811016 0 0 0
volume_proxy 127 -0.994669895 0.379816821 -0.00783061784 0 0 0
volume_proxy 130 1.41655944 0.462453035 0.00336618442 0 0 0
volume_proxy 140 -0.359343159 0.0946584121 -0.00887156261 0 0 0
volume_proxy 157 1.28583877 -0.477335781 0.000106749662 0 0 0
volume_proxy 159 0.255225687 -0.188570054 -0.00887446226 0 0 0
volume_proxy 161 0.536117003 0.289613095 0.00865626189 0 0 0
volume_proxy 176 0.571120793 -0.541322284 0.00406399129 0 0 0
volume_proxy 186 -0.455174601 0.197170395 -0.0106263014 0 0 0
volume_proxy 189 -0.942933258 0.938932146 0.00986476665 0 0 0
volume_proxy 195 -0.162881948 0.200061105 -0.00359937763 0 0 0
volume_proxy 196 0.370322856 -0.324268118 -0.00820660577 0 0 0
volume_proxy 200 -0.687486729 -0.783217562 0.00513588952 0 0 0
volume_proxy 202 -0.950291348 0.806435893 0.00341112119 0 0 0
volume_proxy 209 -1.12040994 0.226274756 -0.00514992249 0 0 0
volume_proxy 210 -0.827683504 0.493046844 0.000348351016 0 0 0
volume_proxy 226 -0.431443265 -0.548597738 0.010103337 0 0 0
volume_proxy 236 0.349165351 0.838388156 7.32733801e-05 0 0 0
volume_proxy 247 0.525345234 0.475521862 0.0042783848 0 0 0
volume_proxy 256 -0.606862333 0.284545926 0.00478179841 0 0 0
volume_proxy 259 0.344310948 0.147713319 0.00193489437 0 0 0
volume_proxy 269 0.168731397 -0.108538643 -0.00580836839 0 0 0
volume_proxy 277 -1.2021293 -0.373302941 -0.00548525033 0 0 0
volume_proxy 296 -0.0905720882 -0.129923852 0.00219416393 0 0 0
volume_proxy 305 0.838882981 -0.797381229 -0.00310810045 0 0 0
volume_proxy 310 1.01356945 0.0126865973 0.000961871965 0 0 0
volume_proxy 329 -0.640602298 -0.792119476 0.00884655885 0 0 0
volume_proxy 337 -0.954203406 0.910528343 0.00472879056 0 0 0
volume_proxy 344 -0.803193205 0.773479303 -0.00429966398 0 0 0
volume_proxy 347 -0.479508413 -0.659116417 -0.0102325034 0 0 0
volume_proxy 349 -0.44715211 0.364550359 -0.00948332743 0 0 0
volume_proxy 356 0.243329297 0.931654961 0.00405837825 0 0 0
volume_proxy 375 1.11544195 -0.329626141 0.0105802681 0 0 0
volume_proxy 388 -1.43426005 0.664522845 0.00763671585 0 0 0
volume_proxy 431 -1.28868411 -0.208873964 0.00643116728 0 0 0
volume_proxy 802 1.09536799 -0.36542987 -0.00202773235 0 0 0
volume_proxy 876 0.401526174 -0.918613996 -0.00827091361 0 0 0
volume_proxy 1020 -1.40716695 0.959532524 0.000290081034 0 0 0
volume_proxy 1052 0.283691348 -0.957387334 0.00481118182 0 0 0
volume_proxy 1066 0.789873986 0.26127937 0.00247904996 0 0 0
volume_proxy 1093 -0.0968194831 0.251829387 0.00892672949 0 0 0
volume_proxy 1120 -0.513823163 0.689371981 -0.00455755559 0 0 0
volume_proxy 1166 -0.603993436 0.735866355 0.00928662367 0 0 0
volume_proxy 1169 1.34744976 -0.768064424 0.00456870471 0 0 0
volume_proxy 1172 -0.0136462843 0.768236935 0.00424934302 0 0 0
volume_proxy 1186 -0.700586589 -0.58578406 0.00428308613 0 0 0
volume_proxy 1193 -0.531906823 0.0596518913 -0.00059973626 0 0 0
volume_proxy 1210 -1.15589223 0.783904228 -0.00838293521 0 0 0
volume_proxy 1219 -0.895258279 0.975261705 -0.00512236566 0 0 0
volume_proxy 1225 0.039830652 -0.364642557 0.00113627788 0 0 0
volume_proxy 1245 -1.44110422 0.779035703 -0.00764482432 0 0 0
volume_proxy 1270 0.0405434699 -0.0612083155 -0.00895220064 0 0 0
volume_proxy 1280 -1.42428196 0.998756187 -0.0056821821 0 0 0
volume_proxy 1285 -1.2277154 0.912537812 0.0078013229 0 0 0
volume_proxy 1292 0.648028216 0.403754833 0.0025902512 0 0 0
volume_proxy 1295 -1.2942376 0.622932623 0.00927334555 0 0 0
volume_proxy 1296 -0.0343372577 -0.188850059 -0.0102846372 0 0 0
volume_proxy 1301 -1.27111865 0.913098957 0.00474789283 0 0 0
volume_proxy 1318 1.28885676 -0.503430492 -0.00428684633 0 0 0
volume_proxy 1326 0.588359643 -0.230907556 -0.00303047243 0 0 0
volume_proxy 1335 0.167489248 -0.481653811 0.0104550619 0 0 0
volume_proxy 1340 0.806942403 0.599202365 -0.00841621289 0 0 0
volume_proxy 1380 -0.363987086 0.612046389 0.00260538955 0 0 0
volume_proxy 1381 0.359787519 0.576200729 -0.00527065938 0 0 0
volume_proxy 1386 0.5663594 0.980148285 0.00072316691 0 0 0
volume_proxy 1388 0.650475931 0.411862014 0.00836641703 0 0 0
volume_proxy 1390 -1.46160967 0.866845861 -0.000990651302 0 0 0
volume_proxy 1392 -0.0245278176 -0.559197211 -0.000698376993 0 0 0
volume_proxy 1397 0.327900875 0.356276227 0.0016771444 0 0 0
volume_proxy 1398 -1.4534816 0.694345152 -0.0037500641 0 0 0
volume_proxy 1403 0.503460456 -0.0336961319 0.00500237836 0 0 0
volume_proxy 1405 -0.0581918061 0.558375712 -0.00326095696 0 0 0
volume_proxy 1408 0.457504648 0.678838161 -0.0036980705 0 0 0
volume_proxy 1409 1.12511034 0.426057007 -0.0078787386 0 0 0
volume_proxy 1413 0.593533159 0.960743446 -0.00935281621 0 0 0
volume_proxy 1418 -1.21240708 -0.119078594 0.00735249502 0 0 0
volume_proxy 1420 -1.48839115 0.137593165 0.00416141744 0 0 0
volume_proxy 1421 -1.43638649 -0.21681996 0.00241802283 0 0 0
volume_proxy 1422 0.935813222 -0.997619663 0.00559708353 0 0 0
volume_proxy 1423 -0.529062731 0.746731815 -0.00756599737 0 0 0
volume_proxy 1425 -1.24982754 -0.781680731 0.00212746081 0 0 0
volume_proxy 1426 1.01183633 -0.553223518 0.00613486336 0 0 0
volume_proxy 1428 -0.2755839 0.526643962 -0.00563568315 0 0 0
volume_proxy 1429 0.966311391 -0.238606979 -0.000411883387 0 0 0
volume_proxy 1433 0.978854058 0.180910031 -0.0010314732 0 0 0
volume_proxy 1434 0.60779126 -0.45884072 -0.000593312214 0 0 0
volume_proxy 1436 -0.763097148 -0.922547292 0.00623209999 0 0 0
volume_proxy 1437 -0.339644392 -0.558651444 0.00681521839 0 0 0
volume_proxy 1439 -0.524300424 0.861261612 0.00534473648 0 0 0
volume_proxy 1440 0.517716738 -0.510653085 0.00672118319 0 0 0
volume_proxy 1444 -0.841016472 -0.457448756 0.0100825007 0 0 0
volume_proxy 1445 0.50296404 -0.572588397 0.0100728173 0 0 0
volume_proxy 1447 1.3412494 -0.611298635 0.0106520526 0 0 0
volume_proxy 1454 -1.00673161 -0.728988641 -0.00933285508 0 0 0
volume_proxy 1459 -0.904595441 0.851450708 0.00327929986 0 0 0
volume_proxy 1460 1.01003545 0.199684896 0.00544668526 0 0 0
volume_proxy 1461 -1.21808657 0.409990914 -0.00776843389 0 0 0
volume_proxy 1462 -0.825002456 -0.617775763 -0.00435042081 0 0 0
volume_proxy 1464 -0.898242251 -0.901230689 0.00745699806 0 0 0
volume_proxy 1466 -1.15980153 -0.864545699 0.00304708561 0 0 0
volume_proxy 1470 -1.29420994 -0.866632951 -0.00484244516 0 0 0
volume_proxy 1471 -0.252090281 0.983045143 0.000290286783 0 0 0
volume_proxy 1472 -0.487846771 0.887891993 0.00605528707 0 0 0
volume_proxy 1474 0.902538881 -0.951498788 0.00481668545 0 0 0
volume_proxy 1475 0.94923451 0.0864805103 -0.00791646257 0 0 0
volume_proxy 1480 1.31480181 -0.492833282 -0.00158591794 0 0 0
volume_proxy 1481 1.15889537 0.626395851 -0.00365220846 0 0 0
volume_proxy 1482 0.123161886 -0.875348171 0.00813922689 0 0 0
volume_proxy 1483 0.0682215339 -0.974365905 0.00376315002 0 0 0
volume_proxy 1485 0.149901266 -0.227108274 0.000158362856 0 0 0
volume_proxy 1486 1.0776219 -0.66582542 0.00517040992 0 0 0
volume_proxy 1489 -0.566359104 0.806229381 -0.00515743644 0 0 0
volume_proxy 1490 0.882480266 0.935230535 -0.00631017074 0 0 0
volume_proxy 1491 -0.292344037 -0.328648534 0.00167166189 0 0 0
volume_proxy 1492 0.0515596951 0.224584618 0.00946746175 0 0 0
