volume_proxy 0 1.32363201 -0.16675465 0.00914358786 0 0 0
volume_proxy 4 1.20590451 0.836897626 -8.81380614e-05 0 0 0
volume_proxy 5 -0.106748109 0.511712885 0.00542795362 0 0 0
volume_proxy 6 1.22530646 0.806243888 0.00550445079 0 0 0
volume_proxy 11 -0.127009372 0.833616921 0.00291894797 0 0 0
volume_proxy 12 0.551442509 -0.261123835 0.00679387393 0 0 0
volume_proxy 14 0.813107241 0.470757843 0.00020189125 0 0 0
volume_proxy 15 -0.518319153 -0.739233003 0.00922892802 0 0 0
volume_proxy 23 -0.651180655 -0.217631076 0.00319367171 0 0 0
volume_proxy 38 0.329864501 0.0422391288 0.00347497091 0 0 0
volume_proxy 40 -0.255423149 -0.887920779 0.00158132681 0 0 0
volume_proxy 47 0.997402504 -0.3134133 0.00917596543 0 0 0
volume_proxy 49 0.369638205 -0.821146231 0.000450874769 0 0 0
volume_proxy 50 -0.170396623 -0.543618529 -0.000309710685 0 0 0
volume_proxy 52 -1.26540238 -0.568231564 -0.0103160385 0 0 0
volume_proxy 53 0.108603676 -0.403128396 -9.68724375e-05 0 0 0
volume_proxy 57 -1.29075778 0.115688413 -0.00453070409 0 0 0
volume_proxy 58 1.08767343 -0.723557869 0.00490101911 0 0 0
volume_proxy 60 -0.49209447 0.915943915 -0.00385323273 0 0 0
volume_proxy 61 -1.35933921 -0.449090315 0.00240655708 0 0 0
volume_proxy 69 -0.706484968 -0.142584471 0.00509884648 0 0 0
volume_proxy 72 0.746058975 0.050019097 0.00984111092 0 0 0
volume_proxy 81 -1.18385255 0.0338157821 -0.00542444282 0 0 0
volume_proxy 85 -0.553000956 0.556822527 -0.00683412942 0 0 0
volume_proxy 88 -0.825874964 -0.0708117236 -0.00920152521 0 0 0
volume_proxy 97 1.04628132 -0.127489339 -0.00157470277 0 0 0
volume_proxy 101 -1.07219151 0.686939154 -0.00292262706 0 0 0
volume_proxy 105 -0.469150391 -0.709858947 0.00755564524 0 0 0
volume_proxy 106 -0.291198003 -0.902600201 0.00776226217 0 0 0
volume_proxy 107 0.374895362 0.61501162 -0.00283678657 0 0 0
volume_proxy 108 1.46155156 -0.597865554 -0.000380449559 0 0 0
volume_proxy 126 -0.00825258291 -0.49917188 -0.00913663339 0 0 0
volume_proxy 127 0.133509883 0.367166863 -0.000290441601 0 0 0
volume_proxy 130 1.47798355 0.235718825 -0.00260705154 0 0 0
volume_proxy 132 0.796076588 0.851936064 -0.00760533161 0 0 0
volume_proxy 135 0.483850921 -0.847901835 -0.00789884446 0 0 0
volume_proxy 140 -0.748625566 0.811355488 -0.00443563811 0 0 0
volume_proxy 145 -0.580909337 -0.652276039 -0.00274277002 0 0 0
volume_proxy 149 -1.3934332 0.899953484 -0.00282465829 0 0 0
volume_proxy 157 0.820720317 0.564165515 -0.00433002871 0 0 0
volume_proxy 159 -0.994319983 -0.964764939 0.00213152063 0 0 0
volume_proxy 161 0.250184406 0.696504771 -0.00172430431 0 0 0
volume_proxy 163 -1.46215357 0.0545099346 -0.00026069685 0 0 0
volume_proxy 169 0.965357568 0.0188461421 0.00503713696 0 0 0
volume_proxy 176 0.358426797 -0.323450744 0.00495085253 0 0 0
volume_proxy 178 -0.867130388 0.317768777 -0.00360956157 0 0 0
volume_proxy 186 -0.495518816 0.259640753 0.00583196805 0 0 0
volume_proxy 189 -0.768033307 0.257810616 -0.00275355326 0 0 0
volume_proxy 195 -0.61431084 0.335293255 -0.0100143863 0 0 0
volume_proxy 196 0.793047435 0.378080995 0.00554451136 0 0 0
volume_proxy 198 1.49441532 -0.763376422 -0.0078166086 0 0 0
volume_proxy 200 -1.06568104 -0.252322814 0.00394093945 0 0 0
volume_proxy 201 -1.07820451 0.462526851 -0.00896558153 0 0 0
volume_proxy 202 -0.635825824 0.414524295 -0.0107192217 0 0 0
volume_proxy 208 -1.2088849 0.40916886 -0.00882607901 0 0 0
volume_proxy 209 -0.973991872 -0.370779148 0.0095270541 0 0 0
volume_proxy 210 -0.0675939415 -0.033577167 0.00647861171 0 0 0
volume_proxy 213 -0.45352895 -0.124916801 0.00719169703 0 0 0
volume_proxy 223 -1.19190985 0.53424999 0.00269988342 0 0 0
volume_proxy 224 1.17236982 -0.850992997 -0.00395156406 0 0 0
volume_proxy 226 -0.650235508 -0.933796158 -0.00392635459 0 0 0
volume_proxy 228 0.00783473021 0.520275131 1.93952258e-05 0 0 0
volume_proxy 230 0.838238876 0.60008803 0.00701833681 0 0 0
volume_proxy 236 0.39669881 -0.0515495288 0.0107030182 0 0 0
volume_proxy 237 0.325960793 0.723413516 -0.00540594562 0 0 0
volume_proxy 242 1.15308428 0.546505596 0.00470697713 0 0 0
volume_proxy 244 0.751785096 0.725031233 -0.00871756039 0 0 0
volume_proxy 247 1.23477946 -0.463585073 0.00228325248 0 0 0
volume_proxy 251 0.415381148 0.332827606 -0.00269686388 0 0 0
volume_proxy 256 0.442448769 -0.389751711 0.00614935826 0 0 0
volume_proxy 257 -0.171588182 0.413229015 -0.00251405368 0 0 0
volume_proxy 258 0.484548368 -0.156134886 0.00415748602 0 0 0
volume_proxy 259 0.305344069 0.463631711 0.0102808908 0 0 0
volume_proxy 269 1.27343899 0.32789211 -0.00830831327 0 0 0
volume_proxy 271 -1.23560592 0.973039996 0.00553454336 0 0 0
volume_proxy 273 1.25040209 0.377229883 -0.00223524237 0 0 0
volume_proxy 276 0.381794864 0.276904456 0.0018075171 0 0 0
volume_proxy 277 -0.407963441 -0.773047751 0.0105734948 0 0 0
volume_proxy 279 -0.202184968 -0.52999252 0.0015928582 0 0 0
volume_proxy 281 -1.27305223 0.857962401 0.00635151534 0 0 0
volume_proxy 284 -0.74342875 0.830690032 0.00237972828 0 0 0
volume_proxy 285 -0.584489348 -0.673129186 0.00917499919 0 0 0
volume_proxy 294 0.122946647 0.531290418 0.00483928349 0 0 0
volume_proxy 296 0.0705480124 -0.547792295 -0.00840630466 0 0 0
volume_proxy 297 1.07532718 0.171528627 0.00330562426 0 0 0
volume_proxy 298 1.08789742 -0.648677932 -0.000530057622 0 0 0
volume_proxy 305 0.0720240433 0.0511355782 -0.00823480522 0 0 0
volume_proxy 309 1.1422746 0.482681513 -0.00825817894 0 0 0
volume_proxy 310 0.847264421 0.325930976 0.000284589891 0 0 0
volume_proxy 311 0.306455161 -0.872528603 0.0106705441 0 0 0
volume_proxy 314 -0.133979447 0.148071839 -0.00789163033 0 0 0
volume_proxy 319 -0.167309484 -0.781143341 0.00842488788 0 0 0
volume_proxy 321 0.0194781968 -0.832216735 0.00324396561 0 0 0
volume_proxy 329 -0.352264237 0.857793454 -0.00585854082 0 0 0
volume_proxy 335 -1.41840721 -0.429969522 -0.00998938954 0 0 0
volume_proxy 337 -0.732642948 0.258859758 -0.00973275342 0 0 0
volume_proxy 339 -0.344164023 -0.539610973 0.00254976936 0 0 0
volume_proxy 344 0.524799093 0.739161457 0.0103378238 0 0 0
volume_proxy 345 -0.792048493 -0.0423271989 -0.00265867431 0 0 0
volume_proxy 347 -0.0384822525 -0.111975376 0.00702961301 0 0 0
volume_proxy 349 0.324012023 -0.0878765453 -0.00725287219 0 0 0
volume_proxy 356 0.577552844 0.874767274 -0.0107637715 0 0 0
volume_proxy 358 1.49728143 0.784712871 -0.00382609143 0 0 0
volume_proxy 370 1.47416183 0.69276387 -0.00971219343 0 0 0
volume_proxy 375 0.507388202 -0.0112754778 0.0092849664 0 0 0
volume_proxy 377 0.677905766 0.146051479 -0.000964293924 0 0 0
volume_proxy 383 0.927493604 -0.995540519 0.00940990849 0 0 0
volume_proxy 384 -0.519131784 0.805513337 -0.00753177355 0 0 0
volume_proxy 388 -1.45944496 -0.0891985021 0.0018823457 0 0 0
volume_proxy 393 1.21358489 -0.0513500876 -0.00476600414 0 0 0
volume_proxy 396 -0.914036929 0.813100928 -0.00919917646 0 0 0
volume_proxy 397 0.557871128 0.204640089 0.00195959806 0 0 0
volume_proxy 399 0.946660489 -0.705175881 0.00840570678 0 0 0
volume_proxy 402 -0.683927499 -0.769888632 -0.00190296846 0 0 0
volume_proxy 409 -0.581525077 -0.441952748 0.00182579184 0 0 0
volume_proxy 412 1.29363887 -0.860331668 0.00222017525 0 0 0
volume_proxy 418 -0.774371574 -0.020705031 0.00231114965 0 0 0
volume_proxy 431 -0.998224123 -0.76449307 -0.0106098717 0 0 0
volume_proxy 463 0.00206482192 -0.925249328 -0.00262476093 0 0 0
volume_proxy 497 -1.0665772 -0.757882904 0.00895431106 0 0 0
volume_proxy 502 1.27104523 -0.534139861 0.00499230684 0 0 0
volume_proxy 512 0.160288526 -0.78796064 0.0084021846 0 0 0
volume_proxy 513 0.634728962 -0.112414182 -0.00991017542 0 0 0
volume_proxy 518 1.48941929 -0.518120392 -0.000901698098 0 0 0
volume_proxy 572 0.221423074 -0.367646107 -0.00795222928 0 0 0
volume_proxy 578 -0.947312753 0.703931226 0.0025544401 0 0 0
volume_proxy 581 1.4332401 0.604721683 -0.000363368797 0 0 0
volume_proxy 591 -0.676073743 0.655378255 0.00592075813 0 0 0
volume_proxy 594 -1.07654333 0.562122088 -0.00455658433 0 0 0
volume_proxy 615 0.978789696 -0.108642156 -0.0065856898 0 0 0
volume_proxy 616 1.28926225 0.243598241 -0.00190793802 0 0 0
volume_proxy 637 -1.47526183 -0.924902204 -0.00880719733 0 0 0
volume_proxy 647 -0.172323059 0.956045655 -0.00766298225 0 0 0
volume_proxy 669 1.33314957 -0.34640829 0.00935716272 0 0 0
volume_proxy 682 -0.0324801074 0.423497747 0.00159082148 0 0 0
volume_proxy 702 -0.105667193 -0.152527253 0.00482753737 0 0 0
volume_proxy 722 0.574468373 0.712572022 0.00453624252 0 0 0
volume_proxy 725 -1.29105829 -0.818817651 0.00804178586 0 0 0
volume_proxy 751 0.124102307 -0.289358955 0.00665524748 0 0 0
volume_proxy 757 0.0429620677 0.353930321 0.00911978847 0 0 0
volume_proxy 797 -1.29775256 -0.234409143 0.00567837202 0 0 0
volume_proxy 800 -1.02580458 0.652873442 -0.00533834301 0 0 0
volume_proxy 802 0.876595709 -0.0189143337 -0.00533129311 0 0 0
volume_proxy 811 0.735875153 0.461167281 0.00879031721 0 0 0
volume_proxy 812 1.02838228 0.428999123 0.0066595504 0 0 0
volume_proxy 814 0.880838973 -0.438590131 -0.0083385894 0 0 0
volume_proxy 822 -0.262385317 -0.964659433 0.00292775818 0 0 0
volume_proxy 833 -0.265726699 0.139117158 0.00284160639 0 0 0
volume_proxy 835 -0.357893875 -0.905473384 -0.0107031332 0 0 0
volume_proxy 848 -1.04006221 -0.352251315 -0.00755902564 0 0 0
volume_proxy 854 -0.753790152 0.948415991 0.00643683246 0 0 0
volume_proxy 856 1.20461124 0.380660474 -0.00626198557 0 0 0
volume_proxy 869 1.38556176 0.768539304 0.00414492692 0 0 0
volume_proxy 876 0.0806936385 -0.566382527 -0.00916423411 0 0 0
volume_proxy 878 1.20044858 -0.578289652 -0.00826952887 0 0 0
volume_proxy 883 0.266177943 0.91289492 -0.010258134 0 0 0
volume_proxy 889 -1.32547569 0.578856043 0.00806622032 0 0 0
volume_proxy 902 0.0667869764 0.209111976 0.00369279151 0 0 0
volume_proxy 903 0.331686058 0.777832461 0.0104861681 0 0 0
volume_proxy 904 -0.983627723 0.290283455 -0.00583002812 0 0 0
volume_proxy 906 0.697463422 0.73783882 -0.00263307015 0 0 0
volume_proxy 914 0.183844466 -0.830048403 -0.000573069074 0 0 0
volume_proxy 915 -0.445141832 -0.0636312475 0.00157201082 0 0 0
volume_proxy 926 -0.28416298 0.494410225 0.00723168552 0 0 0
volume_proxy 929 -0.744452553 -0.731596331 0.0101480285 0 0 0
volume_proxy 935 -1.28543515 0.383291817 0.0100709405 0 0 0
volume_proxy 944 0.710845563 -0.935718884 -0.00717392536 0 0 0
volume_proxy 963 -0.514120417 0.833518664 0.0050260205 0 0 0
volume_proxy 966 -0.492576511 0.984072731 0.0102081816 0 0 0
volume_proxy 969 -0.640230924 -0.113716854 0.00697618469 0 0 0
volume_proxy 974 0.227527059 -0.64637232 0.00598603958 0 0 0
volume_proxy 977 -1.13753144 -0.418233023 0.0087242253 0 0 0
volume_proxy 979 -0.220076607 0.640201875 -0.00689800916 0 0 0
volume_proxy 981 -0.259891586 0.0169541079 -0.00631321331 0 0 0
volume_proxy 983 1.01477295 -0.235271407 0.00236033808 0 0 0
volume_proxy 991 -0.550955744 -0.512325172 -0.00541785953 0 0 0
volume_proxy 992 0.0456477823 0.229245194 -0.00331471873 0 0 0
volume_proxy 997 1.16467516 -0.00420932191 -0.0077290463 0 0 0
volume_proxy 1001 0.593546692 0.979041117 -0.0075299908 0 0 0
volume_proxy 1008 0.604236484 -0.605069015 -0.00769803141 0 0 0
volume_proxy 1012 0.763877756 0.0439353101 0.00428356474 0 0 0
volume_proxy 1016 0.9357092 -0.897926422 -0.00182198948 0 0 0
volume_proxy 1018 -1.02667433 -0.858505406 -0.000378710815 0 0 0
volume_proxy 1019 -0.771375464 -0.953182925 0.00018492412 0 0 0
volume_proxy 1020 -0.991975819 0.48711895 0.00630027558 0 0 0
volume_proxy 1021 -1.00838276 -0.900456769 -0.0105387611 0 0 0
volume_proxy 1023 0.951718775 0.161183181 0.00211259476 0 0 0
volume_proxy 1024 0.76626857 0.65023728 0.0061022906 0 0 0
volume_proxy 1028 -1.27311665 -0.814361473 0.000894172792 0 0 0
volume_proxy 1031 0.979114132 -0.479709403 0.00430458369 0 0 0
volume_proxy 1032 1.40997504 0.406686278 -0.0100921838 0 0 0
volume_proxy 1033 1.13181193 0.82339438 -0.00701556621 0 0 0
volume_proxy 1035 0.6452436 -0.654441575 -0.00302104916 0 0 0
volume_proxy 1036 0.823271688 -0.0908746068 -0.00933655847 0 0 0
volume_proxy 1040 -0.979712544 -0.842811438 0.000706939214 0 0 0
volume_proxy 1042 0.755162749 0.458071786 -0.00811443875 0 0 0
volume_proxy 1050 -0.724127465 -0.585932081 -0.0105108814 0 0 0
volume_proxy 1052 -0.695150236 0.0230108853 -0.00120813767 0 0 0
volume_proxy 1053 -0.629138435 -0.9254142 0.00777594711 0 0 0
volume_proxy 1056 -1.18785884 0.9578313 0.0073775465 0 0 0
volume_proxy 1062 0.504655564 0.30856519 0.000636780937 0 0 0
volume_proxy 1066 0.716955279 -0.0934195277 0.00498209205 0 0 0
volume_proxy 1067 0.793382331 -0.42917192 0.0075056394 0 0 0
volume_proxy 1069 -1.12455214 0.100778348 0.00296179407 0 0 0
volume_proxy 1070 -1.14379373 0.565579683 0.000804434469 0 0 0
volume_proxy 1075 -0.633671378 0.358543063 0.000403957613 0 0 0
volume_proxy 1077 -1.0670834 0.854091651 0.00233346917 0 0 0
volume_proxy 1078 -1.29408506 0.865962064 -0.00809340862 0 0 0
volume_proxy 1079 -0.120450877 -0.118298302 0.00704644069 0 0 0
volume_proxy 1085 0.132890663 -0.403816119 -0.00776577915 0 0 0
volume_proxy 1086 0.66791128 -0.498705032 0.0022708152 0 0 0
volume_proxy 1089 -0.674371823 0.658997847 -0.00863146279 0 0 0
volume_proxy 1091 0.256881608 0.154220575 -0.00733082696 0 0 0
volume_proxy 1093 0.00106891523 -0.741081108 -0.00821196213 0 0 0
volume_proxy 1094 -1.28878976 0.626694471 0.00825491585 0 0 0
volume_proxy 1096 0.358293423 0.450846802 -0.00361444502 0 0 0
volume_proxy 1098 0.408479077 0.440240162 -0.00435358872 0 0 0
volume_proxy 1102 1.03871443 0.666903635 -0.0101204123 0 0 0
volume_proxy 1106 0.744120278 -0.496660622 -0.00697197887 0 0 0
volume_proxy 1108 1.2805593 0.635321018 -0.00223916605 0 0 0
volume_proxy 1110 0.842466531 -0.734819564 -0.00671716379 0 0 0
volume_proxy 1113 1.19358843 0.284748152 -0.00223351988 0 0 0
volume_proxy 1114 -1.04991942 0.299548544 0.0028347013 0 0 0
volume_proxy 1117 0.688891136 -0.137932995 0.00364729968 0 0 0
volume_proxy 1118 0.423986033 -0.400139642 -0.00442001582 0 0 0
volume_proxy 1119 -1.30373215 0.479604668 0.00517082523 0 0 0
volume_proxy 1120 -0.118393526 0.0379749314 -0.00867428196 0 0 0
volume_proxy 1123 -1.38450909 0.988961633 0.00184109488 0 0 0
volume_proxy 1127 0.693095049 0.432885201 -0.00388761769 0 0 0
volume_proxy 1130 -0.515222798 0.289671122 0.00320240614 0 0 0
volume_proxy 1131 -1.37359888 0.338730147 -0.00675936147 0 0 0
volume_proxy 1132 0.456022278 0.381827722 -0.00808619002 0 0 0
volume_proxy 1133 1.16836488 -0.786031784 0.00796537347 0 0 0
volume_proxy 1134 0.790058723 0.886881361 0.000947166099 0 0 0
volume_proxy 1137 -0.879918606 -0.0807881725 0.00857803635 0 0 0
volume_proxy 1138 1.40442415 -0.678762093 -0.00441693143 0 0 0
volume_proxy 1143 -0.375777019 0.128046709 -0.00369755364 0 0 0
volume_proxy 1144 0.200893698 -0.806538438 0.0035343548 0 0 0
volume_proxy 1145 -0.806242367 -0.834820806 0.00381386424 0 0 0
volume_proxy 1146 -0.126217082 0.296672764 0.00377292653 0 0 0
volume_proxy 1147 0.249246392 0.424671881 -0.00797180209 0 0 0
volume_proxy 1148 -0.161007993 -0.214163499 0.00780683067 0 0 0
volume_proxy 1149 -0.696764703 0.3397964 -0.00125906927 0 0 0
volume_proxy 1150 -0.519894177 -0.678792626 0.0020304947 0 0 0
volume_proxy 1151 0.878797165 -0.883029291 0.00820693905 0 0 0
volume_proxy 1152 0.0189949911 0.316293823 -0.00210495918 0 0 0
volume_proxy 1157 -0.247903305 0.0675162541 0.00861475692 0 0 0
volume_proxy 1161 0.610651779 -0.890495802 -0.00057210534 0 0 0
volume_proxy 1163 0.908737205 -0.0297317707 0.0101282794 0 0 0
volume_proxy 1165 -0.271242865 -0.895558201 0.00408248686 0 0 0
volume_proxy 1166 -1.46880946 0.424241218 0.00562574869 0 0 0
volume_proxy 1167 -1.20867859 0.351758642 0.00310989827 0 0 0
volume_proxy 1168 0.0130555931 -0.356411135 -0.00277388771 0 0 0
volume_proxy 1169 1.38189779 -0.352723634 0.00260799818 0 0 0
volume_proxy 1170 -1.47537801 -0.0987946975 0.0103153542 0 0 0
volume_proxy 1171 -0.600464784 0.445043157 -0.00729995814 0 0 0
volume_proxy 1172 -0.361549752 0.175777717 -0.00682251723 0 0 0
volume_proxy 1174 0.275557712 0.0543280642 -0.00307580376 0 0 0
volume_proxy 1175 -0.26744963 -0.648169184 0.0104445609 0 0 0
volume_proxy 1178 -0.36500683 0.641396613 -0.00160633021 0 0 0
volume_proxy 1179 0.634433938 0.517533283 -0.00687421578 0 0 0
volume_proxy 1180 -1.08535119 0.490906703 -0.00153519946 0 0 0
volume_proxy 1181 -0.988687003 0.945131496 -0.005586329 0 0 0
volume_proxy 1182 0.546190326 0.946529656 0.00987871454 0 0 0
volume_proxy 1183 0.637322952 -0.631806689 -0.00989275405 0 0 0
volume_proxy 1186 -0.606436492 -0.420280791 -0.00935853222 0 0 0
volume_proxy 1187 0.799612461 0.74556324 -0.00609953071 0 0 0
volume_proxy 1191 1.34621761 0.812969174 0.00327709302 0 0 0
volume_proxy 1193 -0.728723942 0.132081982 -0.00592460041 0 0 0
volume_proxy 1194 -1.03479976 -0.503071005 0.00809620397 0 0 0
volume_proxy 1195 -1.22221987 -0.587054095 0.00819917725 0 0 0
volume_proxy 1196 -0.814860379 -0.333403711 0.00641941532 0 0 0
volume_proxy 1197 -1.19446671 -0.982744288 0.00884772917 0 0 0
volume_proxy 1198 0.119456141 0.17863693 0.00430839174 0 0 0
volume_proxy 1199 0.142318002 0.195135469 0.00804969968 0 0 0
volume_proxy 1201 -0.798513381 0.384843195 0.00993492438 0 0 0
volume_proxy 1202 -1.18501224 -0.971264566 -0.0107927911 0 0 0
volume_proxy 1204 0.0105841817 -0.447153735 0.0088833171 0 0 0
volume_proxy 1205 1.38187517 0.61546677 -0.00405582661 0 0 0
volume_proxy 1206 1.22976177 0.393224117 0.000880442999 0 0 0
volume_proxy 1208 -0.0619110655 -0.0817821387 0.00489671226 0 0 0
volume_proxy 1209 -1.46758367 0.584846298 0.00517323744 0 0 0
volume_proxy 1210 -1.37186886 0.540481901 -0.00745695734 0 0 0
volume_proxy 1213 -0.452107408 -0.0696754711 0.00931221541 0 0 0
volume_proxy 1214 -0.297034221 -0.149712853 -0.00312677436 0 0 0
volume_proxy 1215 -0.122231373 0.0747882015 0.00176686592 0 0 0
volume_proxy 1216 1.14210221 0.0626057737 0.00426054802 0 0 0
volume_proxy 1217 -0.318721764 0.606439075 -0.00436833913 0 0 0
volume_proxy 1218 -0.0778626641 -0.709829431 0.00226662792 0 0 0
volume_proxy 1219 -0.942409711 0.0137288511 -0.00487292311 0 0 0
volume_proxy 1220 0.386000848 0.429780301 0.0080024657 0 0 0
volume_proxy 1221 1.27324221 -0.0626270008 -0.00291988816 0 0 0
volume_proxy 1222 0.094271453 -0.620591073 0.00822675762 0 0 0
volume_proxy 1223 1.28176322 0.700178974 -0.00257785943 0 0 0
volume_proxy 1224 -0.557530305 0.886417085 -0.0040602938 0 0 0
volume_proxy 1225 -0.194334274 0.0788837701 0.00925700616 0 0 0
volume_proxy 1226 -0.633329237 0.943608573 0.00826329694 0 0 0
volume_proxy 1227 -0.675947289 0.927310637 0.00455547378 0 0 0
volume_proxy 1228 0.848422937 0.914123563 -0.00454071602 0 0 0
volume_proxy 1229 0.962166187 0.989238529 0.00847607291 0 0 0
volume_proxy 1230 1.29456617 -0.982517028 0.00911964915 0 0 0
volume_proxy 1231 -0.654502369 -0.507918503 0.00995634854 0 0 0
volume_proxy 1232 -1.39330546 -0.712393404 0.00177944645 0 0 0
