volume_proxy 0 -0.84158023 -0.580476663 0.00171486075 0 0 0
volume_proxy 6 -0.0579680659 0.812603883 -0.00666937375 0 0 0
volume_proxy 11 0.902449795 0.407924783 0.00634688235 0 0 0
volume_proxy 12 0.915415609 -0.892715582 -0.00200556506 0 0 0
volume_proxy 14 -1.18552965 0.817532836 0.00010166636 0 0 0
volume_proxy 23 1.12980809 -0.834619627 -0.00445630614 0 0 0
volume_proxy 38 -0.815400138 -0.698523826 -0.00803084686 0 0 0
volume_proxy 40 -0.376239086 -0.204104524 -0.000611835063 0 0 0
volume_proxy 50 -1.33374916 -0.113305598 -0.00174119848 0 0 0
volume_proxy 53 -1.09570725 0.415440485 -0.00497958713 0 0 0
volume_proxy 58 1.04520117 -0.220681837 0.00876240227 0 0 0
volume_proxy 60 -0.378888701 0.973016787 0.00994751647 0 0 0
volume_proxy 85 -1.11428694 0.735814808 0.0101538052 0 0 0
volume_proxy 97 0.770819396 0.629377281 -0.00131532284 0 0 0
volume_proxy 107 0.342290203 0.0894014675 -0.00730244125 0 0 0
volume_proxy 127 -1.3838093 -0.0689922302 0.00881380431 0 0 0
volume_proxy 130 0.448332084 -0.833447259 0.00163294023 0 0 0
volume_proxy 140 0.410772395 0.0605378183 0.00834716472 0 0 0
volume_proxy 157 1.141474 -0.812867796 0.0102063898 0 0 0
volume_proxy 159 0.807487259 0.578213318 0.00721827316 0 0 0
volume_proxy 161 -0.277310606 -0.712272626 0.00659941221 0 0 0
volume_proxy 176 0.77853518 0.318722828 -0.0073646036 0 0 0
volume_proxy 186 -1.12041898 0.223788702 -0.000219273291 0 0 0
volume_proxy 189 -0.656521848 -0.384649404 -0.00622453357 0 0 0
volume_proxy 195 -1.22479874 -0.377986121 0.00967881171 0 0 0
volume_proxy 196 -0.127321135 0.225530025 -0.00643975614 0 0 0
volume_proxy 200 -1.48431287 0.38387513 -0.00209381589 0 0 0
volume_proxy 202 -0.226605198 -0.287302793 0.00233400541 0 0 0
volume_proxy 209 -1.24664319 0.11698001 0.00152529172 0 0 0
volume_proxy 210 0.933852034 0.65728575 0.000470929686 0 0 0
volume_proxy 226 1.13353453 -0.212602105 0.0107058385 0 0 0
volume_proxy 236 1.18242507 0.220781401 0.00863529313 0 0 0
volume_proxy 247 0.536787787 -0.990482608 0.00391682251 0 0 0
volume_proxy 256 -0.0841643357 -0.293523481 -0.00920510009 0 0 0
volume_proxy 259 0.393872233 -0.0216866997 0.000920251738 0 0 0
volume_proxy 269 -0.520258198 0.397444424 -0.00987039316 0 0 0
volume_proxy 277 -0.108136435 -0.50538055 9.92314763e-05 0 0 0
volume_proxy 296 -0.683944071 0.854460486 -0.00186355427 0 0 0
volume_proxy 305 0.587136656 -0.504755664 -0.00345373772 0 0 0
volume_proxy 310 1.39127648 0.829469912 0.00793517845 0 0 0
volume_proxy 344 -0.82000235 -0.631663666 0.00183032381 0 0 0
volume_proxy 347 -0.330447942 0.698019564 0.00209118205 0 0 0
volume_proxy 356 -0.419592738 -0.194742794 -0.00911184125 0 0 0
volume_proxy 375 1.07168083 0.43540753 0.00950151086 0 0 0
volume_proxy 388 0.774858352 -0.830410811 0.00418682079 0 0 0
volume_proxy 1052 -0.841846975 -0.100336087 -0.00989364562 0 0 0
volume_proxy 1066 -0.354454876 0.421585609 0.00964744557 0 0 0
volume_proxy 1120 -0.797778282 0.590525815 0.00798033182 0 0 0
volume_proxy 1166 -0.739852575 -0.913002201 -0.00418598994 0 0 0
volume_proxy 1193 -1.19432871 -0.569607593 0.00698946308 0 0 0
volume_proxy 1225 -1.4330795 -0.651918908 -0.0077722187 0 0 0
volume_proxy 1245 -1.44516632 0.662324089 -0.00319319915 0 0 0
volume_proxy 1280 -0.994846114 0.556788744 -0.00427039159 0 0 0
volume_proxy 1285 -0.305858041 0.818620503 -0.00831365704 0 0 0
volume_proxy 1295 0.824788693 -0.0160738573 0.0104573848 0 0 0
volume_proxy 1296 -0.349068837 -0.806703951 0.00755532081 0 0 0
volume_proxy 1340 1.41766523 -0.198984457 -0.005288484 0 0 0
volume_proxy 1380 -1.21662265 -0.381169411 -0.00353020719 0 0 0
volume_proxy 1386 1.27596156 0.805469437 -0.00925934445 0 0 0
volume_proxy 1397 0.551518315 0.632265662 0.00191758781 0 0 0
volume_proxy 1409 0.385783248 0.329776647 -0.00106005057 0 0 0
volume_proxy 1413 1.23543716 0.37355452 -0.00603091728 0 0 0
volume_proxy 1422 -0.0146145663 -0.83719224 -0.00222037726 0 0 0
volume_proxy 1433 0.918929104 0.621622898 0.0048693632 0 0 0
volume_proxy 1437 0.152389304 -0.88893971 -0.00814507759 0 0 0
volume_proxy 1459 -0.53801767 -0.672241207 -0.00581423667 0 0 0
volume_proxy 1460 -0.197009527 0.64921449 -0.00942110626 0 0 0
volume_proxy 1461 -1.34420624 0.604000359 0.00992045363 0 0 0
volume_proxy 1472 -1.10168458 0.287305363 -0.00921667671 0 0 0
volume_proxy 1474 1.45025066 0.183422689 0.00626751006 0 0 0
volume_proxy 1481 0.112308571 0.000219630802 -0.00909160174 0 0 0
volume_proxy 1482 1.17214353 0.832725709 -0.00457290172 0 0 0
volume_proxy 1485 0.689749349 -0.465635859 0.00416656557 0 0 0
volume_proxy 1489 0.429816021 -0.700630326 0.00962949861 0 0 0
volume_proxy 1490 0.782682471 0.962601168 -0.00214619183 0 0 0
volume_proxy 1496 -1.42866814 0.618068939 -0.00928680562 0 0 0
volume_proxy 1498 0.0928582567 -0.0332260986 -0.00282426464 0 0 0
volume_proxy 1503 -1.20392982 -0.999957277 0.0091938733 0 0 0
volume_proxy 1506 0.482994403 0.997954574 -0.00671760373 0 0 0
volume_proxy 1507 -0.589379738 -0.566900144 0.00654906074 0 0 0
volume_proxy 1508 -0.530064537 -0.111070283 -0.000264335057 0 0 0
volume_proxy 1509 -1.28034756 -0.00112491882 0.000530384694 0 0 0
volume_proxy 1510 -0.761143812 -0.932585664 -0.00378077398 0 0 0
volume_proxy 1513 -0.893056549 0.667767937 0.00298561308 0 0 0
volume_proxy 1515 0.464569875 -0.780493563 0.00103297517 0 0 0
volume_proxy 1516 -0.283507555 -0.510889111 -0.00461440521 0 0 0
volume_proxy 1517 -1.19589663 -0.244843643 0.00552719183 0 0 0
volume_proxy 1519 0.189865924 -0.513847415 0.00833470044 0 0 0
volume_proxy 1520 -0.109520125 -0.545955343 -0.00747661889 0 0 0
volume_proxy 1521 -1.43056464 -0.922247321 -0.00780222947 0 0 0
volume_proxy 1523 0.151996745 -0.0759124565 -0.00983461458 0 0 0
volume_proxy 1525 -0.913760736 0.744568097 -0.000708775779 0 0 0
volume_proxy 1526 1.33851883 -0.477269212 0.00811100457 0 0 0
volume_proxy 1528 0.987859786 -0.890901472 0.00216633058 0 0 0
volume_proxy 1529 -1.15984723 -0.23172336 0.00927814613 0 0 0
volume_proxy 1531 0.683920708 0.621573055 0.00569815779 0 0 0
volume_proxy 1533 1.36916258 0.300741359 -0.00448766385 0 0 0
volume_proxy 1534 -0.149009859 0.513056076 0.00849164987 0 0 0
volume_proxy 1536 -0.727536717 -0.838252606 -0.00282707037 0 0 0
volume_proxy 1537 -0.596464181 -0.720466301 0.00513138527 0 0 0
volume_proxy 1538 0.758741476 -0.315963483 -0.00751468968 0 0 0
volume_proxy 1539 0.331335457 0.731755495 0.00995281581 0 0 0
volume_proxy 1540 1.14597643 0.33216584 0.00755113692 0 0 0
