volume_proxy 0 -0.918916718 -0.0985589673 0.00153720554 0 0 0
volume_proxy 6 0.0366661202 0.152428372 0.00962042399 0 0 0
volume_proxy 11 0.952265436 0.602646288 -0.00167199152 0 0 0
volume_proxy 12 1.48150142 -0.365464777 -0.00398115252 0 0 0
volume_proxy 14 -1.42115161 0.77530282 0.00404658687 0 0 0
volume_proxy 23 1.06982004 -0.0252147538 -0.000139539281 0 0 0
volume_proxy 38 -0.92849342 -0.781308878 -0.00301739746 0 0 0
volume_proxy 40 -1.42424506 -0.0597347529 -0.00899859665 0 0 0
volume_proxy 50 -1.17960869 -0.782895572 0.00234311845 0 0 0
volume_proxy 53 -1.2687333 0.449627114 -0.00696043257 0 0 0
volume_proxy 58 0.371877426 -0.410309166 0.00424482723 0 0 0
volume_proxy 60 -0.522361613 0.750520431 0.0044624581 0 0 0
volume_proxy 85 -0.914660955 0.836449932 -0.00260393976 0 0 0
volume_proxy 97 0.499306224 0.992368627 -0.0063354135 0 0 0
volume_proxy 107 0.145318484 0.277469062 0.00551388813 0 0 0
volume_proxy 127 -1.48703289 -0.578288 0.00812937794 0 0 0
volume_proxy 130 0.162139186 -0.548791702 -0.0036924256 0 0 0
volume_proxy 140 0.694528486 0.27737253 0.00185864556 0 0 0
volume_proxy 157 0.410508881 0.0767068981 0.00462421592 0 0 0
volume_proxy 159 -0.0624995376 0.655526351 -0.00193330175 0 0 0
volume_proxy 161 -0.208835826 0.0856629993 0.00928091268 0 0 0
volume_proxy 176 1.09469871 0.359877057 3.5329794e-05 0 0 0
volume_proxy 186 -0.880157231 0.128467483 0.00801446501 0 0 0
volume_proxy 189 -0.922983381 -0.921511169 -0.00224185589 0 0 0
volume_proxy 195 -1.32090218 -0.998533815 -0.00984505005 0 0 0
volume_proxy 196 -1.19574419 -0.0714997292 -0.00503740488 0 0 0
volume_proxy 200 -1.16055817 0.963135408 -0.00481377204 0 0 0
volume_proxy 202 -0.606697521 -0.572800858 0.0100405362 0 0 0
volume_proxy 209 -1.10006096 0.214519834 -0.00703939776 0 0 0
volume_proxy 210 0.447082375 0.174012521 0.00302576976 0 0 0
volume_proxy 226 1.16165508 0.259402514 -0.00969024895 0 0 0
volume_proxy 236 0.428031339 0.527319931 -0.00302649946 0 0 0
volume_proxy 247 0.0921768332 -0.77793544 0.00890077588 0 0 0
volume_proxy 256 0.609090798 -0.961302999 -0.000911578322 0 0 0
volume_proxy 259 0.941326129 0.117273462 -0.00460603298 0 0 0
volume_proxy 269 -1.48044941 0.668110298 0.00703995339 0 0 0
volume_proxy 277 -1.19102767 0.0636985676 0.00325647742 0 0 0
volume_proxy 296 -0.443618692 -0.0936041721 0.00497367443 0 0 0
volume_proxy 305 0.419990393 -0.466540936 -0.00622531324 0 0 0
volume_proxy 310 1.4814524 0.635772507 0.00431219789 0 0 0
volume_proxy 344 -0.247717892 -0.362393868 0.00897833622 0 0 0
volume_proxy 347 -0.70980571 0.783159946 -0.00705169456 0 0 0
volume_proxy 356 -0.837096054 0.335611328 0.00218335779 0 0 0
volume_proxy 375 1.4774119 -0.0905970473 0.00891634085 0 0 0
volume_proxy 388 1.42354477 -0.257020235 0.00405178614 0 0 0
volume_proxy 1052 -1.48847506 -0.413355452 -0.00435916108 0 0 0
volume_proxy 1066 -0.161892905 -0.0694462022 0.00937793551 0 0 0
volume_proxy 1120 -0.872156997 0.842980566 0.0103674351 0 0 0
volume_proxy 1166 -0.829577913 -0.894416286 -0.00307001116 0 0 0
volume_proxy 1193 -1.0415651 -0.0320475205 -0.00675196335 0 0 0
volume_proxy 1225 -1.36146662 -0.97327108 -0.00731113046 0 0 0
volume_proxy 1245 -1.25702427 0.640243543 0.0010843492 0 0 0
volume_proxy 1280 -1.20572581 0.789190881 0.00301511653 0 0 0
volume_proxy 1285 -0.487384603 0.808155337 -0.000626486588 0 0 0
volume_proxy 1295 0.689117104 0.614754373 -0.00174280189 0 0 0
volume_proxy 1296 -0.421391608 -0.372523763 0.00781181693 0 0 0
volume_proxy 1340 1.43806694 0.0547478763 0.00940699649 0 0 0
volume_proxy 1380 -1.38179255 -0.606326445 -0.00252555863 0 0 0
volume_proxy 1386 1.06325146 0.563704742 0.00399029174 0 0 0
volume_proxy 1397 0.10044378 0.7486823 -0.0100966181 0 0 0
volume_proxy 1409 0.524991484 0.346868804 0.00247528617 0 0 0
volume_proxy 1413 0.565580944 0.407083946 0.00350323969 0 0 0
volume_proxy 1422 1.34843041 -0.879702314 0.0103448022 0 0 0
volume_proxy 1433 1.47355041 0.705530834 0.00167768875 0 0 0
volume_proxy 1437 -0.394046813 -0.97103417 0.00888544751 0 0 0
volume_proxy 1459 -0.99239187 -0.386780668 -0.000351035398 0 0 0
volume_proxy 1460 -1.179629 0.0921062247 0.00841058845 0 0 0
volume_proxy 1461 -1.14172069 0.233844129 -0.00826114684 0 0 0
volume_proxy 1472 -1.17537727 -0.262723087 -0.00795939214 0 0 0
volume_proxy 1474 1.42691663 0.0529841053 0.00534452876 0 0 0
volume_proxy 1481 -0.429000734 0.37326046 0.00165021106 0 0 0
volume_proxy 1482 0.722080007 0.264711662 0.00785115395 0 0 0
volume_proxy 1485 0.587290661 -0.141483806 0.00765646036 0 0 0
volume_proxy 1489 0.118393249 -0.79498311 -0.000333391446 0 0 0
volume_proxy 1490 0.540816551 0.535668833 -0.00247034163 0 0 0
volume_proxy 1496 -1.44067954 0.547535006 -0.00583782352 0 0 0
volume_proxy 1498 -0.371890541 -0.158047186 0.00981085707 0 0 0
volume_proxy 1503 -1.33616572 -0.90493605 0.00690691387 0 0 0
volume_proxy 1506 0.142251635 0.860163829 0.00480918766 0 0 0
volume_proxy 1507 -0.12530202 -0.213506889 0.0074867401 0 0 0
volume_proxy 1508 -1.00656118 0.335348956 0.00741087229 0 0 0
volume_proxy 1509 -1.03355425 -0.282558216 -0.0107172692 0 0 0
volume_proxy 1513 -1.24992192 0.0359067443 0.00541522393 0 0 0
volume_proxy 1515 0.116466838 -0.992791877 0.00280313938 0 0 0
volume_proxy 1516 -0.14776352 -0.765179079 0.0038278316 0 0 0
volume_proxy 1517 -1.31902098 -0.666258855 -0.00293482812 0 0 0
volume_proxy 1519 0.373324806 0.574183749 0.00562205976 0 0 0
volume_proxy 1520 0.0734891308 -0.390536212 -0.00466553002 0 0 0
volume_proxy 1521 -1.13847931 -0.576415879 0.00451807112 0 0 0
volume_proxy 1523 -0.0977548271 -0.248655371 0.00979561571 0 0 0
volume_proxy 1525 -0.527168207 0.932086717 -0.00679974228 0 0 0
volume_proxy 1526 1.42738196 -0.238259447 0.009271115 0 0 0
volume_proxy 1528 0.945123074 -0.753928278 -0.000726854111 0 0 0
volume_proxy 1529 -0.783330937 -0.26053512 0.00652133813 0 0 0
volume_proxy 1531 0.341103894 0.820301058 -0.00218876475 0 0 0
volume_proxy 1533 0.891848084 0.0450090487 -0.00679762053 0 0 0
volume_proxy 1534 -0.574737582 -0.00400761344 -0.00351696867 0 0 0
volume_proxy 1537 -0.999126779 -0.602497557 -0.000109133975 0 0 0
volume_proxy 1538 1.06615019 -0.319775695 0.00213882342 0 0 0
volume_proxy 1539 0.04897185 0.677044537 -0.00771857421 0 0 0
volume_proxy 1540 1.35502776 0.107180212 -0.00528343506 0 0 0
volume_proxy 1541 -0.407044179 -0.960509613 0.00902125858 0 0 0
