volume_proxy 0 -0.29441868 -0.504736685 -0.00885236928 0 0 0
volume_proxy 6 -0.420635863 0.636063203 -0.00667941056 0 0 0
volume_proxy 11 1.13769691 -0.0304355743 -0.000887208885 0 0 0
volume_proxy 12 1.24117057 -0.855850531 -0.00553420423 0 0 0
volume_proxy 14 -1.27853405 0.475665134 -0.00369208258 0 0 0
volume_proxy 23 1.08059281 -0.656385292 -0.00266454146 0 0 0
volume_proxy 38 -0.743119352 -0.932684871 0.00876268038 0 0 0
volume_proxy 40 -0.597236564 -0.365427639 -0.00866113973 0 0 0
volume_proxy 50 -1.16726953 -0.152825301 -0.00161562236 0 0 0
volume_proxy 53 -1.02667817 0.705876703 0.00621214973 0 0 0
volume_proxy 58 0.843633084 -0.175356804 -0.00774843661 0 0 0
volume_proxy 60 -0.523238669 0.485486895 0.00982789244 0 0 0
volume_proxy 85 -0.84519153 0.83291094 0.00756818784 0 0 0
volume_proxy 97 0.930681342 0.15878171 0.00957846497 0 0 0
volume_proxy 107 0.250141176 -0.14970381 -0.00902399163 0 0 0
volume_proxy 127 -1.40018159 -0.508746964 -0.0100392234 0 0 0
volume_proxy 130 -0.29167595 -0.989339494 -0.00362519628 0 0 0
volume_proxy 140 0.512990145 -0.422184039 0.00413496834 0 0 0
volume_proxy 157 0.75051693 -0.424032539 0.00540825177 0 0 0
volume_proxy 159 0.187612478 0.559471084 -0.00470988755 0 0 0
volume_proxy 161 0.0872680518 -0.836418104 0.00881957686 0 0 0
volume_proxy 176 0.525714067 0.185405423 0.0101007714 0 0 0
volume_proxy 186 -1.03106061 0.155378127 0.00849286666 0 0 0
volume_proxy 189 -0.738289155 -0.636976148 0.00866008088 0 0 0
volume_proxy 195 -1.12505383 -0.963407799 0.00905787722 0 0 0
volume_proxy 196 -0.424566417 0.220748531 0.00214314201 0 0 0
volume_proxy 200 -1.44523247 0.79162278 0.00641107617 0 0 0
volume_proxy 202 -0.488213809 0.00106886258 -0.00769159835 0 0 0
volume_proxy 209 -1.09594645 -0.315454442 0.000639138488 0 0 0
volume_proxy 210 0.49174599 0.952455532 -0.000446927265 0 0 0
volume_proxy 226 1.05549756 0.0580730525 0.0072841105 0 0 0
volume_proxy 236 0.558832484 -0.244210683 0.00696242299 0 0 0
volume_proxy 247 0.291580761 -0.83023313 -0.00784397392 0 0 0
volume_proxy 256 0.00967404893 -0.270455231 0.00909482327 0 0 0
volume_proxy 259 0.169432478 -0.265339044 -0.00404056254 0 0 0
volume_proxy 269 -0.859556126 0.757610136 -0.00946546879 0 0 0
volume_proxy 277 -0.656083784 -0.517138842 0.0095464865 0 0 0
volume_proxy 296 -1.05461741 0.437568627 -0.00975980136 0 0 0
volume_proxy 305 0.620380973 -0.581543429 0.00683428621 0 0 0
volume_proxy 310 1.03465203 0.802121266 -0.000257065716 0 0 0
volume_proxy 344 -1.0733212 -0.717245345 0.00904622075 0 0 0
volume_proxy 347 -0.648592095 0.893558892 0.00111060149 0 0 0
volume_proxy 356 -0.140856899 0.0138879551 0.00840031379 0 0 0
volume_proxy 375 0.9008506 -0.260944363 -0.00495114118 0 0 0
volume_proxy 388 1.14735874 -0.301854989 -0.000846746826 0 0 0
volume_proxy 1052 -0.389769623 -0.168911773 -0.00334991472 0 0 0
volume_proxy 1066 -0.280230051 0.352557115 0.00848166651 0 0 0
volume_proxy 1120 -0.86746598 0.670616838 -0.00924395145 0 0 0
volume_proxy 1166 -0.824895468 -0.89745012 -0.00110400209 0 0 0
volume_proxy 1193 -1.28788226 -0.323394063 0.00343460202 0 0 0
volume_proxy 1225 -1.3074963 -0.986612047 0.00220988438 0 0 0
volume_proxy 1245 -1.41658103 0.884273536 0.00326626295 0 0 0
volume_proxy 1280 -1.47828875 0.837713555 0.00573882144 0 0 0
volume_proxy 1285 -0.372626719 0.996889849 -0.00912454501 0 0 0
volume_proxy 1295 0.515745503 0.0217722814 0.00316501497 0 0 0
volume_proxy 1296 -0.3493385 -0.637744669 -0.000241729498 0 0 0
volume_proxy 1340 1.43232576 -0.16418957 0.00816994326 0 0 0
volume_proxy 1380 -1.11236813 -0.573737383 0.000192747751 0 0 0
volume_proxy 1386 1.27148627 0.915328607 -0.00245620767 0 0 0
volume_proxy 1397 0.740853008 0.809773763 -0.00824132912 0 0 0
volume_proxy 1409 0.501984941 0.306521989 -0.00203554345 0 0 0
volume_proxy 1413 0.873315829 0.0939548105 -0.00445538236 0 0 0
volume_proxy 1422 0.514517633 -0.858947153 -0.00644636252 0 0 0
volume_proxy 1433 1.14048244 0.850391254 0.00979602464 0 0 0
volume_proxy 1437 0.175713394 -0.897261823 0.00746280859 0 0 0
volume_proxy 1459 -0.694388372 -0.332068169 -0.010394321 0 0 0
volume_proxy 1460 -0.593351991 0.262812612 0.0051978284 0 0 0
volume_proxy 1461 -1.15352217 0.599160711 -0.000448270989 0 0 0
volume_proxy 1472 -1.49216535 0.0359426728 -0.00535893262 0 0 0
volume_proxy 1474 1.23310645 0.349340557 -0.00428000728 0 0 0
volume_proxy 1481 0.117978711 0.232456651 -0.0022148599 0 0 0
volume_proxy 1482 1.20180447 0.92283859 0.00992608847 0 0 0
volume_proxy 1485 0.918322477 -0.559540871 -0.00855526394 0 0 0
volume_proxy 1489 0.340213975 -0.695932414 0.00032776985 0 0 0
volume_proxy 1490 0.937198041 0.623440975 0.00129409308 0 0 0
volume_proxy 1496 -1.47010975 0.546415512 -0.00751475407 0 0 0
volume_proxy 1498 -0.143677383 -0.281549207 0.00293175123 0 0 0
volume_proxy 1503 -1.08951176 -0.449824939 0.00282336133 0 0 0
volume_proxy 1506 0.462948035 0.579775832 0.0096083637 0 0 0
volume_proxy 1507 -0.46227336 -0.602659979 0.00416167929 0 0 0
volume_proxy 1508 -0.645707985 -0.0817421934 -0.00856851908 0 0 0
volume_proxy 1509 -0.929214542 -0.0631901966 -0.00465109775 0 0 0
volume_proxy 1510 -0.437056336 -0.706375424 -0.00585674762 0 0 0
volume_proxy 1513 -1.26825079 0.604043191 0.00793431484 0 0 0
volume_proxy 1515 0.56109198 -0.589150834 -0.00291369707 0 0 0
volume_proxy 1516 -0.186236661 -0.865275531 0.00429822697 0 0 0
volume_proxy 1517 -1.27169788 -0.314456574 0.000424198323 0 0 0
volume_proxy 1519 0.16993982 -0.146628486 0.00691243562 0 0 0
volume_proxy 1520 -0.00236639519 -0.48646737 -0.0060299857 0 0 0
volume_proxy 1521 -1.49915933 -0.896710324 0.00643600803 0 0 0
volume_proxy 1523 0.294367614 -0.177998582 -0.00448860005 0 0 0
volume_proxy 1525 -1.00090638 0.838229746 0.000569250691 0 0 0
volume_proxy 1526 1.40778881 -0.298679375 -0.00904772909 0 0 0
volume_proxy 1528 1.11236033 -0.908252524 0.00969059828 0 0 0
volume_proxy 1529 -0.960129708 -0.33126443 0.00113589779 0 0 0
volume_proxy 1531 0.465855876 0.883858227 -0.0087623313 0 0 0
volume_proxy 1533 1.25437133 0.793964326 0.00761430734 0 0 0
volume_proxy 1534 -0.652378125 0.223160456 -0.00187336757 0 0 0
volume_proxy 1536 -0.871050773 -0.770115064 0.00966918617 0 0 0
volume_proxy 1537 -0.444769541 -0.473917858 0.0106150122 0 0 0
volume_proxy 1538 1.19579786 -0.362887749 -0.00646512527 0 0 0
volume_proxy 1539 0.684065016 0.839251456 0.0106918314 0 0 0
volume_proxy 1540 1.10271716 0.27684462 0.00903029528 0 0 0
