volume_proxy 0 1.34403593 -0.00725433608 -0.0101318787 0 0 0
volume_proxy 5 0.728129303 0.314392244 0.00930378435 0 0 0
volume_proxy 6 0.509435016 -0.179623869 0.0078036816 0 0 0
volume_proxy 11 0.842935729 0.334696736 0.00780842452 0 0 0
volume_proxy 12 1.28773184 -0.280893125 -0.000884266716 0 0 0
volume_proxy 14 0.0198448534 -0.293329592 0.00898849724 0 0 0
volume_proxy 23 0.0822097661 -0.047363669 0.00546433019 0 0 0
volume_proxy 38 0.530517385 0.137226455 0.00415472353 0 0 0
volume_proxy 40 -0.00343040368 -0.865480766 -0.000749327777 0 0 0
volume_proxy 50 -0.173407231 -0.153701942 0.00790854695 0 0 0
volume_proxy 53 -0.218374762 -0.0785293427 -0.00509721355 0 0 0
volume_proxy 58 1.22111525 -0.544181378 -0.00706140225 0 0 0
volume_proxy 60 0.558918559 0.587582941 0.00877216824 0 0 0
volume_proxy 61 0.232235037 -0.631425747 0.00461305557 0 0 0
volume_proxy 72 0.253630707 -0.0186480696 0.00396910318 0 0 0
volume_proxy 85 -1.31819559 -0.311700508 -0.00953473863 0 0 0
volume_proxy 88 -0.800739679 -0.535717007 -0.00424750579 0 0 0
volume_proxy 97 1.41214953 -0.28376726 0.00881210955 0 0 0
volume_proxy 101 -1.27462757 0.85073203 -0.00199630861 0 0 0
volume_proxy 105 0.222259342 -0.13675251 0.00511187306 0 0 0
volume_proxy 107 1.47866787 0.266756396 -0.0100171203 0 0 0
volume_proxy 108 1.09748168 0.377999235 -0.00437288634 0 0 0
volume_proxy 127 -0.878706895 0.980160542 0.00111932998 0 0 0
volume_proxy 130 1.41301805 0.506049958 -0.0021014187 0 0 0
volume_proxy 140 -0.46166099 0.249652781 -0.00633235235 0 0 0
volume_proxy 157 0.871740496 -0.0674384657 0.00545793928 0 0 0
volume_proxy 159 0.170803954 -0.138744007 0.0076712654 0 0 0
volume_proxy 161 0.294263978 0.0798467536 -0.00973797823 0 0 0
volume_proxy 176 0.489400261 -0.706713475 -0.0026725995 0 0 0
volume_proxy 186 0.469092546 0.263102986 -0.000912899802 0 0 0
volume_proxy 189 -1.23550756 0.321534279 -0.00209086708 0 0 0
volume_proxy 195 0.134625387 -0.178064614 0.00590733139 0 0 0
volume_proxy 196 0.403132861 0.212703557 -0.0080565795 0 0 0
volume_proxy 200 -0.25857182 -0.780427869 -0.00343215154 0 0 0
volume_proxy 202 -1.4372049 0.946683097 -0.000698808846 0 0 0
volume_proxy 209 -0.761788841 0.0735990006 0.0075266936 0 0 0
volume_proxy 210 -0.381987377 0.150436885 0.00453044465 0 0 0
volume_proxy 226 -0.663780151 0.117345344 0.000544795338 0 0 0
volume_proxy 236 0.182680395 0.658512144 -0.000341612968 0 0 0
volume_proxy 244 1.0667558 0.671140869 0.00282088889 0 0 0
volume_proxy 247 1.10737291 0.134085615 0.00769423771 0 0 0
volume_proxy 256 -0.384823239 0.303241448 -0.00634275363 0 0 0
volume_proxy 259 0.153870078 -0.178091821 -0.00393616756 0 0 0
volume_proxy 269 0.116254192 -0.219741866 0.00347737871 0 0 0
volume_proxy 277 -0.544198069 -0.186349779 -0.00106218836 0 0 0
volume_proxy 294 -0.0233408386 0.103198037 0.00477401965 0 0 0
volume_proxy 296 -0.296292027 -0.217560566 0.00753478661 0 0 0
volume_proxy 298 1.31747892 -0.48981676 -0.0045485804 0 0 0
volume_proxy 305 0.690385328 -0.0443579483 -0.00634742229 0 0 0
volume_proxy 310 1.02966395 0.357503637 -0.0104035475 0 0 0
volume_proxy 311 1.23429693 -0.901275317 0.00489357803 0 0 0
volume_proxy 329 -0.802604294 -0.531980687 0.00195168366 0 0 0
volume_proxy 337 -0.750767202 0.903623247 -0.00566816004 0 0 0
volume_proxy 344 -0.634945853 0.343234388 -0.0050467524 0 0 0
volume_proxy 347 -0.298770549 -0.721685912 -0.00224887247 0 0 0
volume_proxy 349 0.00599751473 0.0473136271 -0.00264783801 0 0 0
volume_proxy 356 0.231743757 0.289626205 0.0104454767 0 0 0
volume_proxy 375 1.16217966 -0.362996182 -0.00044971126 0 0 0
volume_proxy 388 -1.06625299 0.724537511 0.00472576936 0 0 0
volume_proxy 431 -1.33978014 -0.733428785 0.00273634567 0 0 0
volume_proxy 802 1.03530595 -0.781070951 -0.00540820215 0 0 0
volume_proxy 876 0.053946306 -0.925601213 0.00987828592 0 0 0
volume_proxy 904 -0.218221965 0.432125637 0.00769457974 0 0 0
volume_proxy 914 0.0863871396 -0.844380143 -0.00373587116 0 0 0
volume_proxy 1020 -1.36709718 0.882860073 0.00721873158 0 0 0
volume_proxy 1052 -0.0307470938 -0.594064115 -0.00215104527 0 0 0
volume_proxy 1066 0.823184728 0.722621147 -0.00731412288 0 0 0
volume_proxy 1093 -0.159375985 -0.0553726771 0.00313532018 0 0 0
volume_proxy 1118 0.255124945 -0.419434117 0.010656814 0 0 0
volume_proxy 1120 -0.530942369 0.921863215 0.00107624437 0 0 0
volume_proxy 1138 1.37894613 -0.600950766 -0.00710292037 0 0 0
volume_proxy 1166 -0.883343311 0.563477294 0.00725955252 0 0 0
volume_proxy 1169 1.36525972 -0.908000324 0.0086466711 0 0 0
volume_proxy 1172 0.0867496941 0.484067978 -0.0024563115 0 0 0
volume_proxy 1180 -1.37718562 -0.411466976 0.000227998301 0 0 0
volume_proxy 1186 -0.567853617 -0.517409353 0.00141652784 0 0 0
volume_proxy 1193 -0.842657829 -0.317986894 0.00414267007 0 0 0
volume_proxy 1209 -1.44463176 0.682359936 -0.00587265686 0 0 0
volume_proxy 1210 -1.01775073 0.697127713 0.0106956688 0 0 0
volume_proxy 1217 -0.429133975 0.103059173 0.000222530513 0 0 0
volume_proxy 1219 -0.956727891 0.889750583 0.00714158397 0 0 0
volume_proxy 1225 0.0578564028 -0.527482611 0.00253095467 0 0 0
volume_proxy 1230 1.0817389 -0.149331688 0.000396029764 0 0 0
volume_proxy 1237 0.290256541 0.958389851 0.00656621182 0 0 0
volume_proxy 1238 0.632830155 0.893975619 -0.00076614895 0 0 0
volume_proxy 1245 -1.46067484 0.647809948 -0.00652207687 0 0 0
volume_proxy 1255 1.28964114 -0.610187329 -0.00344826821 0 0 0
volume_proxy 1259 -1.29566142 0.672455401 3.2293746e-05 0 0 0
volume_proxy 1270 0.472255023 -0.131193872 -0.00318691491 0 0 0
volume_proxy 1280 -1.06463575 0.545403155 -0.00812513831 0 0 0
volume_proxy 1285 -1.46503903 0.648468663 0.00600679242 0 0 0
volume_proxy 1292 0.437200804 0.206912614 0.00627855154 0 0 0
volume_proxy 1295 -1.19542568 0.731327308 -0.000916838282 0 0 0
volume_proxy 1296 -0.0599301022 0.00559319733 -0.00817352059 0 0 0
volume_proxy 1297 -0.03419065 -0.783998505 0.00172330842 0 0 0
volume_proxy 1301 -0.719466814 0.661208762 0.00850732177 0 0 0
volume_proxy 1308 -0.462223378 0.927536707 -0.00123614576 0 0 0
volume_proxy 1318 1.06048227 -0.523343185 0.0072735782 0 0 0
volume_proxy 1326 0.0943118885 -0.27732582 -0.00654911722 0 0 0
volume_proxy 1334 -0.842140475 -0.728154604 -0.00509061111 0 0 0
volume_proxy 1335 0.0719369091 -0.739308765 0.00290568092 0 0 0
volume_proxy 1340 0.619076113 0.852809905 0.00751042568 0 0 0
volume_proxy 1347 -0.00523284234 0.73017431 0.00422470758 0 0 0
volume_proxy 1348 1.45942519 -0.993370293 -0.00878585083 0 0 0
volume_proxy 1361 1.35662911 0.797847045 -0.00297621498 0 0 0
volume_proxy 1366 1.19746997 0.918081852 -0.00466228134 0 0 0
volume_proxy 1379 0.576962044 0.564989552 0.0015352071 0 0 0
volume_proxy 1380 -0.627985627 0.744213627 -0.00865285341 0 0 0
volume_proxy 1381 0.64987264 0.558512824 -0.00353447128 0 0 0
volume_proxy 1384 0.249454353 -0.118036243 -0.00839387564 0 0 0
volume_proxy 1385 1.07669753 0.535646227 -0.00371421521 0 0 0
volume_proxy 1386 0.948098015 0.894299223 -0.00519706897 0 0 0
volume_proxy 1388 0.43982276 0.331636973 -0.00928646918 0 0 0
volume_proxy 1389 -0.120079456 0.756450389 0.00542447609 0 0 0
volume_proxy 1390 -1.22974266 0.906581749 -0.0039889642 0 0 0
volume_proxy 1392 -0.00741786479 -0.9461672 0.000258638578 0 0 0
volume_proxy 1395 1.05020851 0.254556816 0.00574788772 0 0 0
volume_proxy 1397 -0.00290526583 0.61971694 -0.00760082994 0 0 0
volume_proxy 1398 -1.11254593 0.522607406 -0.00774735053 0 0 0
volume_proxy 1403 0.667902156 0.229848048 0.00860154615 0 0 0
volume_proxy 1405 0.383198828 0.469058393 0.00359003539 0 0 0
volume_proxy 1406 0.0209094986 -0.851572931 0.0104466384 0 0 0
volume_proxy 1408 0.331720483 0.849480908 0.00564695066 0 0 0
volume_proxy 1409 1.30544454 0.341351742 -0.00695134603 0 0 0
volume_proxy 1413 0.557229385 0.754913589 0.00928471293 0 0 0
volume_proxy 1414 1.32885294 0.43219687 -0.00523389885 0 0 0
volume_proxy 1415 1.25066675 -0.265686824 0.00420744414 0 0 0
volume_proxy 1418 -1.40128181 -0.15108962 -0.00753509229 0 0 0
volume_proxy 1419 -1.33594448 -0.882131591 0.00638764054 0 0 0
volume_proxy 1420 -1.25140274 -0.28965394 -0.00198915349 0 0 0
volume_proxy 1421 -1.10640812 0.0538398646 0.0101239139 0 0 0
volume_proxy 1422 0.629580759 -0.671708959 0.00735245583 0 0 0
volume_proxy 1423 -0.410105457 0.259611327 0.00335844831 0 0 0
volume_proxy 1425 -0.564222983 -0.671676385 0.0063322426 0 0 0
volume_proxy 1426 0.824162264 -0.0858771445 0.00179050383 0 0 0
volume_proxy 1428 -0.151510622 0.665126294 0.00173328025 0 0 0
volume_proxy 1429 1.43228027 -0.0644017639 -0.005346914 0 0 0
volume_proxy 1430 -0.86194323 -0.819478952 0.00821391144 0 0 0
volume_proxy 1433 1.25994965 0.269148749 -0.00521048917 0 0 0
volume_proxy 1434 0.441127969 -0.50748057 -0.00972420865 0 0 0
volume_proxy 1436 -1.23109154 -0.845008832 -0.00941819467 0 0 0
volume_proxy 1437 -0.225858341 -0.0425945463 0.00384398353 0 0 0
volume_proxy 1439 -1.17039666 0.816575247 -0.00432786092 0 0 0
volume_proxy 1440 0.294995529 -0.754654227 -0.00450385313 0 0 0
volume_proxy 1441 0.26488753 -0.801411158 0.000340368665 0 0 0
volume_proxy 1444 -0.328991532 -0.972410377 0.00567841676 0 0 0
volume_proxy 1445 0.121329105 -0.832991391 0.00305336333 0 0 0
volume_proxy 1446 -1.11211721 -0.59991344 -0.00287563178 0 0 0
volume_proxy 1447 1.25894199 -0.878479217 0.00666319418 0 0 0
volume_proxy 1448 0.466126198 -0.400382498 0.00788919635 0 0 0
volume_proxy 1452 -1.29740632 0.394445364 0.00153386168 0 0 0
volume_proxy 1453 -1.25886548 0.346045412 0.00679956538 0 0 0
volume_proxy 1454 -1.05128041 -0.724427345 -0.00537318804 0 0 0
volume_proxy 1455 -1.07642325 -0.952788711 -0.00843624832 0 0 0
volume_proxy 1456 -0.199989731 0.0152281534 -0.00337481559 0 0 0
volume_proxy 1457 0.940695862 0.926443883 -0.0035552436 0 0 0
