volume_proxy 0 0.959971114 0.346729882 0.000279562505 0 0 0
volume_proxy 5 1.10966113 -0.946235527 0.000553533883 0 0 0
volume_proxy 6 -0.570173778 -0.124139798 0.00864028373 0 0 0
volume_proxy 11 0.588789208 0.594813004 -0.00875861778 0 0 0
volume_proxy 12 0.67657611 -0.834550528 -0.00961438908 0 0 0
volume_proxy 14 -1.06650862 0.496288364 -0.0106835084 0 0 0
volume_proxy 23 0.856555881 -0.904506403 -0.00167124186 0 0 0
volume_proxy 38 0.991595225 -0.0330999631 -0.0078091808 0 0 0
volume_proxy 40 -0.165597144 -0.232602107 -0.0079763258 0 0 0
volume_proxy 50 -1.00833029 -0.433193654 0.00616086789 0 0 0
volume_proxy 53 -0.392180176 0.886662122 -0.00584533604 0 0 0
volume_proxy 58 0.739849377 -0.923073768 0.0103124771 0 0 0
volume_proxy 60 0.488269886 0.411510018 0.00938199805 0 0 0
volume_proxy 72 -0.178635369 -0.500494656 -0.00463782096 0 0 0
volume_proxy 85 -0.807362118 -0.0473448071 -0.000305511521 0 0 0
volume_proxy 97 0.871165824 0.574677359 0.00442130303 0 0 0
volume_proxy 107 1.37310905 0.968958217 -0.00461240967 0 0 0
volume_proxy 127 -1.29060058 -0.0386084358 0.00833944614 0 0 0
volume_proxy 130 0.8655561 0.10514863 -0.00820031065 0 0 0
volume_proxy 140 0.191716659 0.842124173 0.00772641393 0 0 0
volume_proxy 157 1.06122791 -0.297242206 0.0101076078 0 0 0
volume_proxy 159 0.361110191 0.707589061 -0.00357125757 0 0 0
volume_proxy 161 0.837435763 0.478643773 -0.00346858882 0 0 0
volume_proxy 176 0.581317499 0.135554069 -0.00763475057 0 0 0
volume_proxy 186 -0.867823201 0.175397986 -0.00651287935 0 0 0
volume_proxy 189 -0.926618278 0.990923042 0.0100722971 0 0 0
volume_proxy 195 0.00449590357 -0.443239505 -0.00819980357 0 0 0
volume_proxy 196 0.623416525 -0.711623398 0.00435332279 0 0 0
volume_proxy 200 -0.387858026 -0.569947344 0.0040886106 0 0 0
volume_proxy 202 -0.444806027 0.410333645 0.00294325615 0 0 0
volume_proxy 209 -1.44893778 0.289400022 0.00558272533 0 0 0
volume_proxy 210 -1.02880423 0.691469549 0.000437549515 0 0 0
volume_proxy 226 0.350975955 -0.606451625 0.00232413701 0 0 0
volume_proxy 236 0.864434251 0.924702867 -0.00856751435 0 0 0
volume_proxy 247 1.47422849 0.860413717 -0.00477981175 0 0 0
volume_proxy 256 -0.280282992 0.885695774 -0.00277005859 0 0 0
volume_proxy 259 0.446428784 0.57858262 -0.00384885661 0 0 0
volume_proxy 269 -0.209400318 -0.735069109 -0.00578026952 0 0 0
volume_proxy 277 -1.45241393 0.147833955 0.00609896518 0 0 0
volume_proxy 296 -0.537592026 -0.562321793 0.0102673414 0 0 0
volume_proxy 305 0.25603061 -0.13513492 0.00289445182 0 0 0
volume_proxy 310 0.747228138 -0.92836075 0.00356594791 0 0 0
volume_proxy 344 -1.14875425 0.713010363 0.00252630969 0 0 0
volume_proxy 347 -0.526741001 -0.230645881 -0.00544576133 0 0 0
volume_proxy 356 0.414569861 0.973990463 -0.00609057335 0 0 0
volume_proxy 375 0.803960277 -0.90868924 -0.00752534369 0 0 0
volume_proxy 388 -0.232527476 0.638626693 0.00135736767 0 0 0
volume_proxy 802 1.44800744 0.0638742614 -0.000191061796 0 0 0
volume_proxy 876 0.0355400304 -0.442685864 -0.00926365766 0 0 0
volume_proxy 1052 -0.634600236 -0.818434292 -0.00840024934 0 0 0
volume_proxy 1066 0.268682808 0.396263584 -0.00233535509 0 0 0
volume_proxy 1120 -0.635281072 0.434999579 -0.00156073063 0 0 0
volume_proxy 1166 -0.595149112 0.754931263 -0.0038582046 0 0 0
volume_proxy 1169 0.796098462 -0.932293883 -0.0100843688 0 0 0
volume_proxy 1193 -1.16589504 -0.70862201 -0.0058939707 0 0 0
volume_proxy 1225 -0.377752738 -0.411224268 0.00700825523 0 0 0
volume_proxy 1245 -1.35998252 0.526475587 -0.0057650219 0 0 0
volume_proxy 1280 -1.26347258 0.251410916 0.00748229389 0 0 0
volume_proxy 1285 -0.99632119 0.466769883 0.00967695057 0 0 0
volume_proxy 1295 -0.80893757 0.612871879 -0.00882736282 0 0 0
volume_proxy 1296 0.259731866 0.132162059 0.00688309621 0 0 0
volume_proxy 1335 0.923150934 -0.714766114 -0.00894871538 0 0 0
volume_proxy 1340 1.22067499 0.121465934 0.000662468545 0 0 0
volume_proxy 1380 -0.0435485509 0.321283699 -0.00317479468 0 0 0
volume_proxy 1386 0.380737788 0.621700671 0.00588210725 0 0 0
volume_proxy 1397 0.881034987 0.217257144 0.00470062952 0 0 0
volume_proxy 1409 0.687377833 0.875043408 -0.0070249954 0 0 0
volume_proxy 1413 1.46528055 0.511996686 -0.00574828367 0 0 0
volume_proxy 1420 -1.35503674 -0.0863678702 0.00159690412 0 0 0
volume_proxy 1422 1.40950914 -0.948079045 -0.00739216245 0 0 0
volume_proxy 1426 1.11138741 -0.0101047554 0.00322256789 0 0 0
volume_proxy 1429 1.08474285 -0.425524134 0.00125708397 0 0 0
volume_proxy 1433 1.41977417 0.72278632 -0.00467406023 0 0 0
volume_proxy 1434 -0.34137368 -0.788285392 0.00376806876 0 0 0
volume_proxy 1437 -0.298153487 -0.128948223 -0.00731361089 0 0 0
volume_proxy 1439 -0.503387332 0.941703566 -0.00969975455 0 0 0
volume_proxy 1440 0.993744609 -0.40782024 0.00348969059 0 0 0
volume_proxy 1445 -0.247079615 -0.966635628 0.0063841221 0 0 0
volume_proxy 1447 0.945555719 -0.411608023 -0.0106261977 0 0 0
volume_proxy 1459 -0.868229685 0.0202648845 -0.00708807972 0 0 0
volume_proxy 1460 1.32730525 0.893979259 -0.00819836323 0 0 0
volume_proxy 1461 -1.18733922 0.550532399 0.00125161241 0 0 0
volume_proxy 1466 -1.10951607 0.163899235 -0.0010833569 0 0 0
volume_proxy 1470 -1.43879816 -0.653825733 0.0058533018 0 0 0
volume_proxy 1471 -0.0524154138 0.672939992 0.00241747887 0 0 0
volume_proxy 1472 -1.49676079 0.426726136 0.001447131 0 0 0
volume_proxy 1474 0.822714429 -0.606907155 0.000159396469 0 0 0
volume_proxy 1481 1.28350697 0.66075278 -0.00428665915 0 0 0
volume_proxy 1482 0.538113969 -0.637112025 -0.00774408506 0 0 0
volume_proxy 1485 0.211617329 -0.662742086 -7.91495949e-05 0 0 0
volume_proxy 1486 1.07812706 -0.310587127 0.00154133868 0 0 0
volume_proxy 1489 -0.360812755 0.256360398 0.00343446391 0 0 0
volume_proxy 1490 1.24401686 0.763309713 0.00320300106 0 0 0
volume_proxy 1492 0.582950956 0.611974341 0.000887156559 0 0 0
volume_proxy 1493 0.331497281 0.208801967 0.00944121916 0 0 0
volume_proxy 1494 1.06000167 0.597859063 -0.00685686718 0 0 0
volume_proxy 1496 -1.02469053 0.151733093 -0.00806012032 0 0 0
volume_proxy 1497 0.0696742817 -0.331562871 0.00204773112 0 0 0
volume_proxy 1498 -1.12046609 0.295603038 -0.00658814811 0 0 0
volume_proxy 1501 -0.886971384 -0.767073832 0.00720644829 0 0 0
volume_proxy 1503 -0.098229572 0.116098825 -0.00842307074 0 0 0
volume_proxy 1505 -0.221673777 0.939607913 0.00211272118 0 0 0
volume_proxy 1506 0.536007151 0.899677148 -0.00373193268 0 0 0
volume_proxy 1507 -1.09633215 -0.384607917 -0.000628307905 0 0 0
volume_proxy 1508 -0.601712817 -0.908343458 0.0102973543 0 0 0
volume_proxy 1509 -1.38797 0.67891279 0.00398541743 0 0 0
volume_proxy 1510 0.52060682 -0.349635643 0.00546118923 0 0 0
volume_proxy 1511 1.05773546 0.660122774 -0.00240452823 0 0 0
volume_proxy 1512 -1.14849829 0.551687693 0.00610001107 0 0 0
volume_proxy 1513 -0.656835064 0.622579517 -0.00296629726 0 0 0
volume_proxy 1514 -1.31932529 0.404925782 -0.00300096212 0 0 0
volume_proxy 1515 0.361489846 0.431495762 0.00331664164 0 0 0
volume_proxy 1516 -0.888614908 -0.654388447 -0.00896962802 0 0 0
volume_proxy 1517 -0.899426122 -0.349235467 -0.000430643849 0 0 0
volume_proxy 1518 -1.06428856 -0.0479756861 -0.00550745942 0 0 0
