volume_proxy 0 1.42889536 -0.12636625 0.00625561715 0 0 0
volume_proxy 5 0.409661186 0.74491823 0.00769205005 0 0 0
volume_proxy 6 1.00925277 -0.229497472 -0.00380903933 0 0 0
volume_proxy 11 0.26007926 0.610328766 0.00493614008 0 0 0
volume_proxy 12 0.964528915 0.0993850361 0.0031248017 0 0 0
volume_proxy 14 0.676542012 0.345337508 0.00114144902 0 0 0
volume_proxy 23 -0.359645102 -0.0167199732 0.00393850599 0 0 0
volume_proxy 38 0.461322983 -0.0556411247 0.000505889608 0 0 0
volume_proxy 40 -0.194206443 -0.936157485 -0.00574954241 0 0 0
volume_proxy 50 -0.554644671 -0.400449912 -0.00788667669 0 0 0
volume_proxy 53 -0.210081022 -0.801234538 -0.010783712 0 0 0
volume_proxy 58 1.27657024 -0.357350968 -0.00259108152 0 0 0
volume_proxy 60 -0.149785532 0.55662877 -0.0085655979 0 0 0
volume_proxy 61 -0.0187201662 -0.934180319 -0.00476811496 0 0 0
volume_proxy 72 0.550992325 -0.34006255 0.00348248833 0 0 0
volume_proxy 81 -0.897460499 -0.156575616 -0.00579266034 0 0 0
volume_proxy 85 -0.339488102 0.276292401 0.008553219 0 0 0
volume_proxy 88 -0.880041589 -0.168972472 0.0040392645 0 0 0
volume_proxy 97 1.42768033 -0.291771892 0.00997612254 0 0 0
volume_proxy 101 -1.20535218 0.867945131 0.0067379784 0 0 0
volume_proxy 105 0.00330371278 -0.975845891 -0.00347930323 0 0 0
volume_proxy 106 -0.0423895848 -0.985852313 -0.0012565008 0 0 0
volume_proxy 107 0.520890138 0.373598 -0.00841790875 0 0 0
volume_proxy 108 1.36564084 0.489513009 -0.00162864483 0 0 0
volume_proxy 126 -0.163552894 -0.729343192 -0.00241264088 0 0 0
volume_proxy 127 -0.37211917 0.438999668 0.00430722469 0 0 0
volume_proxy 130 1.05780488 0.533387392 -0.0106278163 0 0 0
volume_proxy 132 0.644398184 0.921000789 -0.00475121672 0 0 0
volume_proxy 140 -0.958723998 0.267164686 -0.00844208864 0 0 0
volume_proxy 145 -0.90607993 -0.744607423 -0.00966738585 0 0 0
volume_proxy 157 0.3766226 0.0844115021 -0.00981924337 0 0 0
volume_proxy 159 -0.456020069 -0.338373669 0.000678988708 0 0 0
volume_proxy 161 -0.211550059 0.0154271583 0.00709923204 0 0 0
volume_proxy 176 0.498215644 -0.543934831 -0.00516794603 0 0 0
volume_proxy 178 -0.990903261 0.702325535 0.00956855248 0 0 0
volume_proxy 186 -0.137216623 0.776909572 -0.00787327026 0 0 0
volume_proxy 189 -1.13686262 0.4373384 -0.00747241254 0 0 0
volume_proxy 195 -0.259324622 -0.2604946 -0.00553968675 0 0 0
volume_proxy 196 0.543876986 0.521235344 -0.00530072685 0 0 0
volume_proxy 200 -0.183119796 -0.668366523 0.00275331209 0 0 0
volume_proxy 202 -0.676217609 0.949406039 0.00840518296 0 0 0
volume_proxy 209 -0.760296834 -0.484337157 -0.00447073784 0 0 0
volume_proxy 210 -0.327353474 0.206657799 0.0026432831 0 0 0
volume_proxy 224 0.70953254 -0.481701939 -0.00814560032 0 0 0
volume_proxy 226 -0.548478658 -0.716094614 -0.00916740822 0 0 0
volume_proxy 236 0.493414615 0.408323763 -0.0104092298 0 0 0
volume_proxy 244 1.41603037 0.361744596 0.000365348195 0 0 0
volume_proxy 247 0.957988362 -0.0369261326 0.00761995937 0 0 0
volume_proxy 256 0.000321877222 -0.694539789 -0.00921041255 0 0 0
volume_proxy 258 0.982688505 0.519250879 0.00635789301 0 0 0
volume_proxy 259 0.423321478 0.0743158579 -0.00341497223 0 0 0
volume_proxy 269 -0.134808432 -0.616791442 0.0040000302 0 0 0
volume_proxy 276 0.28640897 -0.179204334 0.00834176086 0 0 0
volume_proxy 277 -0.642984653 -0.383060501 -0.000550159047 0 0 0
volume_proxy 294 0.686868015 0.739865482 -0.00166053023 0 0 0
volume_proxy 296 0.146165862 -0.199959799 -0.00755722962 0 0 0
volume_proxy 298 0.933840066 -0.495778868 0.00131067261 0 0 0
volume_proxy 305 0.452476191 -0.240943993 0.0092230332 0 0 0
volume_proxy 310 1.09008487 0.508058112 -0.00749651531 0 0 0
volume_proxy 311 1.17800181 -0.353725796 0.0104191563 0 0 0
volume_proxy 329 -0.76164223 0.130608611 -0.00175761546 0 0 0
volume_proxy 337 -1.0745188 0.26698557 0.00387157351 0 0 0
volume_proxy 344 0.483495493 0.317468345 -0.000904936404 0 0 0
volume_proxy 347 -0.79416894 -0.853524479 -0.00769624001 0 0 0
volume_proxy 349 0.361578805 -0.121201165 0.0103693129 0 0 0
volume_proxy 356 0.563536512 0.526139853 0.00449471576 0 0 0
volume_proxy 358 1.33321147 0.952004941 -0.0103442954 0 0 0
volume_proxy 375 1.14448739 -0.296816291 -0.00679339938 0 0 0
volume_proxy 388 -1.10215606 0.197834581 -0.00753026635 0 0 0
volume_proxy 399 0.56889734 -0.454863345 0.00412601672 0 0 0
volume_proxy 409 0.417401525 -0.825274271 -0.00157158272 0 0 0
volume_proxy 412 1.49620283 -0.353569351 0.00263826782 0 0 0
volume_proxy 431 -1.26887197 -0.9203144 0.00520371318 0 0 0
volume_proxy 512 0.281554079 -0.870085949 -0.00931393371 0 0 0
volume_proxy 518 1.33164072 0.832096613 0.00116035531 0 0 0
volume_proxy 591 -0.308609061 0.487000612 0.00824683467 0 0 0
volume_proxy 682 0.190941272 -0.359260479 -0.000847932259 0 0 0
volume_proxy 725 -1.3099317 -0.543220355 0.00396732585 0 0 0
volume_proxy 751 -0.28228159 -0.837061198 -0.0096519009 0 0 0
volume_proxy 802 1.05960637 -0.535706442 -0.00729099068 0 0 0
volume_proxy 814 0.309880953 0.0717572484 0.00664371512 0 0 0
volume_proxy 876 -0.182455503 -0.270578692 0.00451292171 0 0 0
volume_proxy 904 -0.699976775 0.5414454 0.00906161416 0 0 0
volume_proxy 914 0.298779241 -0.715862888 0.00529583765 0 0 0
volume_proxy 929 -0.913809478 -0.814993423 0.00560979669 0 0 0
volume_proxy 944 0.325779342 -0.768783713 0.00536402862 0 0 0
volume_proxy 991 -1.28371667 -0.750503628 -0.00212600716 0 0 0
volume_proxy 1020 -0.969409639 0.591578432 0.0094990738 0 0 0
volume_proxy 1021 -0.629712427 -0.882759808 -0.00241382213 0 0 0
volume_proxy 1042 0.749528765 0.98524002 0.0032211928 0 0 0
volume_proxy 1050 -1.12982225 -0.167931706 -0.00286249321 0 0 0
volume_proxy 1052 -0.380132812 0.0638127329 -0.00743703641 0 0 0
volume_proxy 1062 0.73984498 0.389179053 0.00168001818 0 0 0
volume_proxy 1066 0.785398027 0.573982622 0.00468945288 0 0 0
volume_proxy 1093 -0.367015616 -0.775948989 -0.00560308595 0 0 0
volume_proxy 1098 0.469344385 0.868724598 -0.00784665946 0 0 0
volume_proxy 1118 -0.28348741 -0.435239928 -0.00369382477 0 0 0
volume_proxy 1120 -0.210142373 0.433058669 0.00846162572 0 0 0
volume_proxy 1133 0.442503067 -0.817247008 0.0100299019 0 0 0
volume_proxy 1137 -0.813442259 -0.0196744038 0.00504273845 0 0 0
volume_proxy 1138 1.34662011 -0.933835663 -0.0031255104 0 0 0
volume_proxy 1151 0.45672777 -0.98810987 -0.00386467762 0 0 0
volume_proxy 1166 -0.902207927 0.42250938 -0.00999862797 0 0 0
volume_proxy 1169 1.36631347 -0.810039839 0.00608267391 0 0 0
volume_proxy 1172 0.0750891987 0.597272669 0.00138773437 0 0 0
volume_proxy 1180 -0.975120634 0.152002091 0.00268207759 0 0 0
volume_proxy 1186 -0.320654573 -0.464676685 0.00312312843 0 0 0
volume_proxy 1193 -1.00823133 -0.0427826781 0.00448551977 0 0 0
volume_proxy 1195 -1.27411409 -0.350182903 -0.00626976584 0 0 0
volume_proxy 1197 -0.42834302 -0.221270143 -0.0061420962 0 0 0
volume_proxy 1198 -0.00639954252 0.79706553 -0.0014139158 0 0 0
volume_proxy 1208 -0.608751471 -0.0171262017 0.000202906378 0 0 0
volume_proxy 1209 -1.2641815 0.137403012 0.000200246671 0 0 0
volume_proxy 1210 -1.24650536 0.971102401 0.0012837036 0 0 0
volume_proxy 1217 -0.590942536 0.31099759 0.00424779067 0 0 0
volume_proxy 1219 -0.806302612 0.590749147 0.00910336757 0 0 0
volume_proxy 1223 1.37082962 0.0132129121 0.00843714455 0 0 0
volume_proxy 1225 -0.0174951636 -0.173907358 0.00721753403 0 0 0
volume_proxy 1230 1.02550122 -0.230299666 -0.000190550332 0 0 0
volume_proxy 1231 -1.25616878 0.0556463807 0.00771616027 0 0 0
volume_proxy 1237 0.45854695 0.874351681 -0.00517323112 0 0 0
volume_proxy 1238 0.551184807 0.835936062 0.00388631021 0 0 0
volume_proxy 1245 -1.36102295 0.910097909 0.00491600014 0 0 0
volume_proxy 1255 1.10987217 -0.329500231 -0.00652054507 0 0 0
volume_proxy 1259 -0.80293162 0.696681906 0.00213029805 0 0 0
volume_proxy 1262 1.29828655 0.410515712 0.00208077875 0 0 0
volume_proxy 1264 0.121965567 -0.446983481 0.00943952085 0 0 0
volume_proxy 1270 0.601294355 -0.113161184 -0.00876144534 0 0 0
volume_proxy 1273 -0.85515016 0.712120895 -0.000702436291 0 0 0
volume_proxy 1280 -1.1694232 0.312492622 -0.0105980268 0 0 0
volume_proxy 1285 -1.39644641 0.949477125 -0.00725170739 0 0 0
volume_proxy 1292 0.145497975 0.328919228 -0.00720614366 0 0 0
volume_proxy 1293 -0.3364245 -0.831872605 0.00247176612 0 0 0
volume_proxy 1294 1.18426441 0.586634588 -0.00157775346 0 0 0
volume_proxy 1295 -1.400137 0.562958741 0.00399790419 0 0 0
volume_proxy 1296 -0.139513337 -0.128884162 0.000606079552 0 0 0
volume_proxy 1297 -0.418292476 -0.682639406 0.00747418552 0 0 0
volume_proxy 1298 -1.32060262 -0.854056394 -0.00324095575 0 0 0
volume_proxy 1301 -1.03342924 0.868783906 -0.0073350086 0 0 0
volume_proxy 1303 -0.860287158 0.998382014 0.0107539487 0 0 0
volume_proxy 1308 -0.446899121 0.130224283 -0.00718212462 0 0 0
volume_proxy 1309 -0.131864915 -0.251616015 -0.00894748985 0 0 0
volume_proxy 1315 -1.0113179 -0.879049913 -0.0107741391 0 0 0
volume_proxy 1318 0.734742352 -0.464099232 -0.00521834882 0 0 0
volume_proxy 1325 0.0300864794 -0.59663579 -0.00603502121 0 0 0
volume_proxy 1326 -0.302857547 0.0223855467 0.00999091315 0 0 0
volume_proxy 1329 0.914773345 0.649669381 -0.0105268311 0 0 0
volume_proxy 1330 0.408816187 0.295887039 -0.00904190839 0 0 0
volume_proxy 1331 0.50103925 0.406985661 0.00541171398 0 0 0
volume_proxy 1334 -1.40311268 -0.307529454 0.0066944769 0 0 0
volume_proxy 1335 0.421470351 -0.11760555 0.000258344733 0 0 0
volume_proxy 1336 0.785762825 0.00382539281 0.00173351867 0 0 0
volume_proxy 1337 -0.332177478 0.521204989 0.00435527712 0 0 0
volume_proxy 1340 0.483862968 0.736867697 -0.00720022242 0 0 0
volume_proxy 1341 -0.690387927 -0.586629254 -0.00918762081 0 0 0
volume_proxy 1345 0.616358691 -0.850866373 -0.0106873491 0 0 0
volume_proxy 1347 -0.555652094 0.565651419 -0.000248648711 0 0 0
volume_proxy 1348 0.708693119 -0.537598779 0.00552977741 0 0 0
volume_proxy 1349 -1.41120294 -0.101855671 0.00947712154 0 0 0
volume_proxy 1353 1.01976482 -0.169145123 0.000150276754 0 0 0
volume_proxy 1354 -0.402056092 -0.265398068 -0.00108601649 0 0 0
volume_proxy 1357 -1.48284803 0.0392941121 -0.00445090139 0 0 0
volume_proxy 1358 -0.601170298 -0.554426984 0.000920451336 0 0 0
volume_proxy 1360 -1.33926119 -0.858286842 0.0107961407 0 0 0
volume_proxy 1361 1.1424069 0.742842696 0.00906512645 0 0 0
volume_proxy 1366 1.02749272 0.988601558 -0.000543720646 0 0 0
volume_proxy 1367 -0.459738501 -0.920345832 -0.00796507237 0 0 0
volume_proxy 1368 1.24122941 -0.958353179 0.00635110315 0 0 0
volume_proxy 1369 1.1536006 0.876271501 -0.00256186032 0 0 0
volume_proxy 1376 0.819072716 -0.575141169 0.002670849 0 0 0
volume_proxy 1378 0.496863942 -0.596361425 0.00112688688 0 0 0
volume_proxy 1379 0.48007566 0.294561868 -0.000537296647 0 0 0
volume_proxy 1380 -0.227024417 0.278821772 0.000815957237 0 0 0
volume_proxy 1381 0.802450916 0.51705975 0.0072666726 0 0 0
volume_proxy 1382 -0.398275849 -0.216785746 0.00793191247 0 0 0
volume_proxy 1383 -1.238205 0.665344737 0.00593998289 0 0 0
volume_proxy 1384 0.598717611 0.455854754 -0.000234464761 0 0 0
volume_proxy 1385 0.884175035 0.394237571 -0.00609452672 0 0 0
volume_proxy 1386 0.486138282 0.569982123 0.000613507266 0 0 0
volume_proxy 1387 0.155301283 0.730553538 -0.00650431914 0 0 0
volume_proxy 1388 0.190078337 0.26699176 0.00368049466 0 0 0
volume_proxy 1389 -0.104655219 0.858126344 0.0102508669 0 0 0
volume_proxy 1390 -1.31903748 0.236342231 -0.00159675823 0 0 0
volume_proxy 1391 0.651633751 -0.0442032985 -0.00210347503 0 0 0
volume_proxy 1392 -0.573343889 -0.887084522 -0.00476462525 0 0 0
volume_proxy 1393 0.836486117 0.332785646 0.000172754325 0 0 0
volume_proxy 1394 1.48202982 0.470676654 -0.00220793524 0 0 0
volume_proxy 1395 1.38975158 0.325119668 -0.00403991205 0 0 0
volume_proxy 1396 -0.869615414 -0.370745277 -0.00146272739 0 0 0
volume_proxy 1397 -0.761559381 0.222818492 0.00821501661 0 0 0
volume_proxy 1398 -0.671504552 0.475866045 -0.00641727753 0 0 0
volume_proxy 1401 1.09849087 0.538872332 -0.00423306194 0 0 0
volume_proxy 1402 1.16768375 0.544072239 0.0014833117 0 0 0
volume_proxy 1403 0.895350286 0.226210023 -0.00563563501 0 0 0
