volume_proxy 0 -0.363686016 -0.458086802 -0.000355865101 0 0 0
volume_proxy 6 -0.29924453 0.435723381 0.00300756588 0 0 0
volume_proxy 11 1.17938937 -0.0652230943 -0.000988046604 0 0 0
volume_proxy 12 1.39684181 -0.570049925 0.00756074235 0 0 0
volume_proxy 14 -1.23827867 0.584811791 0.00620191133 0 0 0
volume_proxy 23 1.12955667 -0.620761982 0.00372018784 0 0 0
volume_proxy 38 -0.877644686 -0.996996908 0.00999571842 0 0 0
volume_proxy 40 -0.942889021 -0.360824371 -0.00684591316 0 0 0
volume_proxy 50 -1.20835718 -0.435597721 -0.00959430258 0 0 0
volume_proxy 53 -0.995084423 0.713942808 -0.00952859261 0 0 0
volume_proxy 58 0.872052933 -0.106221343 0.00152585985 0 0 0
volume_proxy 60 -0.221997921 0.610484858 0.00426802386 0 0 0
volume_proxy 85 -0.961127747 0.733817486 0.00223443371 0 0 0
volume_proxy 97 0.625749511 0.269418318 0.00409961138 0 0 0
volume_proxy 107 0.16805864 -0.166702748 -0.00712573799 0 0 0
volume_proxy 127 -1.32636564 -0.547979618 -0.00772499152 0 0 0
volume_proxy 130 -0.294649729 -0.740443479 0.000820363911 0 0 0
volume_proxy 140 0.544272458 -0.310898644 -0.00749533589 0 0 0
volume_proxy 157 0.67319076 -0.433221702 -0.00524045408 0 0 0
volume_proxy 159 0.210400192 0.437054081 -0.00700237143 0 0 0
volume_proxy 161 -0.207561875 -0.60830264 -0.00741102318 0 0 0
volume_proxy 176 0.619923019 0.277496093 0.00407669336 0 0 0
volume_proxy 186 -0.891759397 0.123306074 5.87005846e-06 0 0 0
volume_proxy 189 -0.79923989 -0.775987717 -0.00672915297 0 0 0
volume_proxy 195 -1.16536893 -0.793929389 -0.00609325552 0 0 0
volume_proxy 196 -0.546607466 0.394688843 0.00457618529 0 0 0
volume_proxy 200 -1.3042706 0.91826205 -0.00963169327 0 0 0
volume_proxy 202 -0.332866069 0.239976165 -0.0105471932 0 0 0
volume_proxy 209 -1.21694303 -0.215894799 -0.000853012666 0 0 0
volume_proxy 210 0.545084076 0.805488994 0.00459700669 0 0 0
volume_proxy 226 1.06396777 0.274969087 -0.00842787699 0 0 0
volume_proxy 236 0.769870276 -0.267389053 0.00130868002 0 0 0
volume_proxy 247 0.192677555 -0.850049045 0.0107613045 0 0 0
volume_proxy 256 0.00837270093 -0.508058674 0.000532909283 0 0 0
volume_proxy 259 0.210163763 -0.259271454 -0.00121561692 0 0 0
volume_proxy 269 -0.934289732 0.865971475 0.00471561872 0 0 0
volume_proxy 277 -0.989881617 -0.527503001 0.00532450331 0 0 0
volume_proxy 296 -1.162039 0.566979589 -0.00516637216 0 0 0
volume_proxy 305 0.691578621 -0.710296285 -0.00968149248 0 0 0
volume_proxy 310 0.997867175 0.700409013 0.00358705127 0 0 0
volume_proxy 344 -1.13436122 -0.603640092 -0.00418655916 0 0 0
volume_proxy 347 -0.618697282 0.675265261 -0.000399890685 0 0 0
volume_proxy 356 -0.166436653 -0.18171042 -0.0105291645 0 0 0
volume_proxy 375 0.922556315 -0.0817492243 -0.00176510219 0 0 0
volume_proxy 388 1.0796879 -0.320858424 0.00175176381 0 0 0
volume_proxy 1052 -0.49990955 -0.0689700839 -0.00100178803 0 0 0
volume_proxy 1066 -0.318324796 0.144578535 -0.00100031186 0 0 0
volume_proxy 1120 -0.824427681 0.668067964 0.00872424563 0 0 0
volume_proxy 1166 -0.814458952 -0.883561043 0.00612381514 0 0 0
volume_proxy 1193 -1.18017014 -0.339609873 0.00589586132 0 0 0
volume_proxy 1225 -1.35181807 -0.906875979 -0.0104210424 0 0 0
volume_proxy 1245 -1.44521268 0.8016665 -0.00581482211 0 0 0
volume_proxy 1280 -1.44442701 0.921512067 -0.00324068563 0 0 0
volume_proxy 1285 -0.473654961 0.749598601 -0.00825559951 0 0 0
volume_proxy 1295 0.483573799 0.0150785412 -0.00357969302 0 0 0
volume_proxy 1296 -0.430547945 -0.612479721 0.00725322081 0 0 0
volume_proxy 1340 1.21539688 0.0148373563 -0.00603487485 0 0 0
volume_proxy 1380 -1.24197672 -0.410693457 0.00718344168 0 0 0
volume_proxy 1386 1.22081044 0.871400943 0.000576899272 0 0 0
volume_proxy 1397 0.607056373 0.789154364 0.0103044472 0 0 0
volume_proxy 1409 0.624948821 0.450128117 0.000386981896 0 0 0
volume_proxy 1413 1.08878765 0.0694134967 -0.00586236589 0 0 0
volume_proxy 1422 0.71856394 -0.724178139 0.00470415311 0 0 0
volume_proxy 1433 1.26714322 0.912290726 -0.00707076166 0 0 0
volume_proxy 1437 0.124575414 -0.972750405 -0.00818555986 0 0 0
volume_proxy 1459 -0.740623026 -0.16000663 -0.00128667245 0 0 0
volume_proxy 1460 -0.531009936 0.21114552 0.00145013012 0 0 0
volume_proxy 1461 -1.20745703 0.553288787 0.00907027211 0 0 0
volume_proxy 1472 -1.36845058 -0.00658147534 0.00539106186 0 0 0
volume_proxy 1474 1.18121593 0.240772579 0.000202889976 0 0 0
volume_proxy 1481 0.125208714 0.254247985 0.00947264361 0 0 0
volume_proxy 1482 1.23648897 0.975367802 0.00910534868 0 0 0
volume_proxy 1485 0.773542851 -0.525978672 -0.000729564756 0 0 0
volume_proxy 1489 0.434744183 -0.704582102 0.0031680414 0 0 0
volume_proxy 1490 1.05050642 0.630431196 -0.00245741523 0 0 0
volume_proxy 1496 -1.4030833 0.488368326 0.00990034315 0 0 0
volume_proxy 1498 -0.144250052 -0.179997437 -0.00648408968 0 0 0
volume_proxy 1503 -1.2832807 -0.424436 -0.0107078594 0 0 0
volume_proxy 1506 0.41615128 0.720214613 0.00350965536 0 0 0
volume_proxy 1507 -0.585784333 -0.724369352 0.00346817585 0 0 0
volume_proxy 1508 -0.636066833 -0.152032475 -0.00408641084 0 0 0
volume_proxy 1509 -0.96652622 0.00265175315 -0.00909249557 0 0 0
volume_proxy 1510 -0.450762495 -0.770236561 -0.00213439308 0 0 0
volume_proxy 1513 -1.28950223 0.511202709 -0.0086845269 0 0 0
volume_proxy 1515 0.595357771 -0.744917285 -0.00456069982 0 0 0
volume_proxy 1516 -0.199582773 -0.697442858 0.0102982318 0 0 0
volume_proxy 1517 -1.37671831 -0.273739621 -0.00919318146 0 0 0
volume_proxy 1519 0.180952524 -0.063734344 0.0047579031 0 0 0
volume_proxy 1520 0.100335999 -0.537734247 -0.00881712617 0 0 0
volume_proxy 1521 -1.49567979 -0.944726627 0.00866650568 0 0 0
volume_proxy 1523 0.132199745 0.0184642555 0.00708693144 0 0 0
volume_proxy 1525 -0.918808133 0.954710002 -0.00519174338 0 0 0
volume_proxy 1526 1.38847711 -0.305085114 0.0101254115 0 0 0
volume_proxy 1528 1.0937253 -0.84730072 -0.00626303852 0 0 0
volume_proxy 1529 -0.966746995 -0.296383612 -0.00684382981 0 0 0
volume_proxy 1531 0.402619116 0.991268973 0.00247022365 0 0 0
volume_proxy 1533 1.11213378 0.662029012 -0.00573343847 0 0 0
volume_proxy 1534 -0.604615868 -0.00488068614 -0.00888799944 0 0 0
volume_proxy 1536 -0.956204264 -0.7192405 0.00274292589 0 0 0
volume_proxy 1537 -0.410970257 -0.52010409 -0.00728958367 0 0 0
volume_proxy 1538 1.0384947 -0.289904971 0.00923118138 0 0 0
volume_proxy 1539 0.509909291 0.646200789 0.00217549335 0 0 0
volume_proxy 1540 1.27225169 0.255195504 -0.00414093493 0 0 0
