volume_proxy 0 1.19059539 0.086381307 -0.00418662827 0 0 0
volume_proxy 4 1.11282954 0.75228432 -0.00665390543 0 0 0
volume_proxy 5 -0.00715086096 0.561866609 0.00689791315 0 0 0
volume_proxy 6 1.37301307 0.715320391 0.00153431837 0 0 0
volume_proxy 11 0.25081506 0.843807791 0.00983387071 0 0 0
volume_proxy 12 0.862162384 -0.249757298 -0.00988288976 0 0 0
volume_proxy 14 0.557411987 0.499405975 0.000884011781 0 0 0
volume_proxy 23 -0.547835294 -0.0998194982 0.00894217858 0 0 0
volume_proxy 38 0.213274182 -0.345428863 8.98015263e-05 0 0 0
volume_proxy 40 -0.392833852 -0.351331367 -0.00293666834 0 0 0
volume_proxy 47 0.759868369 -0.408068212 0.0107052511 0 0 0
volume_proxy 50 -0.080104192 -0.980473509 -0.00957546029 0 0 0
volume_proxy 52 -1.36635303 -0.97459786 0.00555253414 0 0 0
volume_proxy 53 -0.279619442 -0.504967674 0.00179362006 0 0 0
volume_proxy 57 -1.22938864 0.456187717 0.00854360717 0 0 0
volume_proxy 58 0.965808064 -0.565502058 -0.00644638404 0 0 0
volume_proxy 60 -0.578334478 0.567428921 0.00532880258 0 0 0
volume_proxy 61 -0.998718205 -0.829858842 0.0098002388 0 0 0
volume_proxy 69 -0.655306832 -0.111221168 0.00366202677 0 0 0
volume_proxy 72 1.08275692 0.0941941601 -0.00773786149 0 0 0
volume_proxy 81 -0.84680015 -0.0568618891 0.0037891803 0 0 0
volume_proxy 85 -0.797306005 0.228838051 0.00705727859 0 0 0
volume_proxy 88 -0.917547888 0.285781537 -0.0043587273 0 0 0
volume_proxy 97 1.20050184 -0.233070482 0.00730115101 0 0 0
volume_proxy 101 -1.34170697 0.583695232 -0.00410567507 0 0 0
volume_proxy 105 -0.189359701 -0.637159492 -0.000565134791 0 0 0
volume_proxy 106 -0.804027343 -0.692633625 0.00392550159 0 0 0
volume_proxy 107 0.319996489 0.4300985 0.00182033097 0 0 0
volume_proxy 108 1.46603482 -0.367779686 -0.00830814161 0 0 0
volume_proxy 126 0.0620906199 -0.688754618 -0.00865285734 0 0 0
volume_proxy 127 -0.224035131 0.303496464 0.00867254873 0 0 0
volume_proxy 130 1.26507311 0.579967878 -0.00538461466 0 0 0
volume_proxy 132 0.815105714 0.459200846 -0.00289565314 0 0 0
volume_proxy 135 0.0156395409 -0.889130217 -0.00931290921 0 0 0
volume_proxy 140 -0.942035532 0.87132108 0.0101933849 0 0 0
volume_proxy 145 -0.86407341 -0.633438668 0.00598592657 0 0 0
volume_proxy 157 0.555161459 -0.152977189 0.00995715046 0 0 0
volume_proxy 159 -0.932480252 -0.825886207 0.00373410501 0 0 0
volume_proxy 161 -0.0494597688 0.552990971 0.0107448189 0 0 0
volume_proxy 163 -1.10008743 0.0673195603 -0.00716746012 0 0 0
volume_proxy 169 0.811076829 0.600465932 -0.00990525077 0 0 0
volume_proxy 176 0.184026969 -0.195526081 0.00973985866 0 0 0
volume_proxy 178 -1.13702409 0.19028508 -0.00212456146 0 0 0
volume_proxy 186 -0.611178111 0.312698807 0.000856901038 0 0 0
volume_proxy 189 -0.855406274 0.449787504 0.010749698 0 0 0
volume_proxy 195 -0.627926985 0.319556456 -0.00782310308 0 0 0
volume_proxy 196 0.452045622 0.272271179 0.00100539097 0 0 0
volume_proxy 198 1.33319704 -0.559999389 -0.00607493626 0 0 0
volume_proxy 200 -1.16073534 -0.377851601 -0.00790479108 0 0 0
volume_proxy 202 -0.675392968 0.735704431 -0.00863088918 0 0 0
volume_proxy 209 -0.840645605 -0.76930918 -0.00640608909 0 0 0
volume_proxy 210 -0.167175159 0.196742063 -0.00955229153 0 0 0
volume_proxy 224 1.17503942 -0.850314474 -0.00201732143 0 0 0
volume_proxy 226 -0.852462865 -0.761728999 0.00649589155 0 0 0
volume_proxy 228 -0.135924689 0.431388264 0.00737958332 0 0 0
volume_proxy 236 0.126063241 -0.138111867 0.00502268036 0 0 0
volume_proxy 237 0.206809824 0.692004995 0.00860370292 0 0 0
volume_proxy 244 0.634210287 0.434035985 0.007930328 0 0 0
volume_proxy 247 1.31484596 -0.30976377 0.0069060831 0 0 0
volume_proxy 251 0.680680608 0.201125629 -0.00268051909 0 0 0
volume_proxy 256 0.136313822 -0.505554706 0.00961316735 0 0 0
volume_proxy 257 -0.247051826 0.678671852 0.00299045386 0 0 0
volume_proxy 258 0.588823202 -0.243625449 0.00646080444 0 0 0
volume_proxy 259 0.627085269 0.426282255 -0.00620668439 0 0 0
volume_proxy 269 0.940562117 0.259862984 -0.00218702125 0 0 0
volume_proxy 271 -1.47758828 0.944979103 -0.0023448026 0 0 0
volume_proxy 273 1.37250431 0.293457927 0.00167751604 0 0 0
volume_proxy 276 0.478669914 -0.0865039153 -0.00318624152 0 0 0
volume_proxy 277 -0.550987816 -0.610394644 -0.0107837534 0 0 0
volume_proxy 279 0.157250768 -0.249355857 -0.0103471342 0 0 0
volume_proxy 281 -0.931787792 0.983802029 -0.00584281571 0 0 0
volume_proxy 285 -0.549223288 -0.979894741 0.00496832741 0 0 0
volume_proxy 294 -0.193759048 0.622028297 -0.00401006189 0 0 0
volume_proxy 296 -0.119683477 -0.722194494 0.00121173909 0 0 0
volume_proxy 298 0.874023752 -0.967273748 -0.00639852589 0 0 0
volume_proxy 305 0.169477181 0.190981123 0.00630608959 0 0 0
volume_proxy 310 0.984544178 0.412148776 0.00272291245 0 0 0
volume_proxy 311 0.58077414 -0.716690527 0.000166199004 0 0 0
volume_proxy 314 -0.439372877 0.335959769 0.00516200352 0 0 0
volume_proxy 319 -0.372532173 -0.897186252 -0.0033804954 0 0 0
volume_proxy 321 0.0901196526 -0.873419719 -0.00329771016 0 0 0
volume_proxy 329 -0.52877665 0.888434793 0.00782045795 0 0 0
volume_proxy 337 -1.29334139 0.635145933 -0.0093812726 0 0 0
volume_proxy 339 -0.651142227 -0.735824863 0.00680477481 0 0 0
volume_proxy 344 0.575239468 0.678788366 0.00788593446 0 0 0
volume_proxy 345 -0.960109151 -0.0526062166 0.00103727542 0 0 0
volume_proxy 347 0.039965544 -0.375827827 0.00644404753 0 0 0
volume_proxy 349 0.751311431 -0.385168179 -0.00848814029 0 0 0
volume_proxy 356 0.392696527 0.821227178 -0.00958064403 0 0 0
volume_proxy 358 1.45884475 0.78673923 0.00914759793 0 0 0
volume_proxy 370 1.24559293 0.620776197 0.000557195455 0 0 0
volume_proxy 375 0.754373178 0.0554190237 0.0064741297 0 0 0
volume_proxy 377 0.668840744 0.369828294 -0.00891543417 0 0 0
volume_proxy 388 -1.25695004 0.0278246079 -0.00676355194 0 0 0
volume_proxy 393 1.10522387 -0.313740969 -0.00056476078 0 0 0
volume_proxy 396 -0.708865291 0.699104808 -0.00182055191 0 0 0
volume_proxy 397 0.349933467 -0.0788536604 -0.00764031922 0 0 0
volume_proxy 399 0.795381227 -0.840916251 -0.00988781111 0 0 0
volume_proxy 409 -0.429630539 -0.599186644 -0.00787202288 0 0 0
volume_proxy 412 1.27166135 -0.48638109 -0.0106031999 0 0 0
volume_proxy 418 -1.02417321 -0.00311440317 0.00518710154 0 0 0
volume_proxy 431 -1.05082304 -0.723205239 -0.00829580092 0 0 0
volume_proxy 463 -0.386057681 -0.864006275 0.010631156 0 0 0
volume_proxy 497 -1.05175096 -0.333492887 -0.00728969136 0 0 0
volume_proxy 502 0.905319759 -0.871377942 0.00516177301 0 0 0
volume_proxy 512 0.329289102 -0.767775308 0.0104682996 0 0 0
volume_proxy 513 0.554300567 -0.295457305 0.00490954893 0 0 0
volume_proxy 518 1.31150052 -0.752675857 0.00556188844 0 0 0
volume_proxy 591 -0.404696691 0.627905013 0.0098350891 0 0 0
volume_proxy 615 1.20574088 0.218016608 0.00980536494 0 0 0
volume_proxy 616 1.02405444 0.618492995 0.00328785346 0 0 0
volume_proxy 637 -1.34765464 -0.967876703 0.00540530894 0 0 0
volume_proxy 647 -0.133893655 0.835487252 -0.00835374573 0 0 0
volume_proxy 669 1.18909893 -0.594844306 0.00569038199 0 0 0
volume_proxy 682 0.0170474232 0.241379203 -0.00304584045 0 0 0
volume_proxy 702 -0.187779702 -0.321757379 -0.00311982479 0 0 0
volume_proxy 725 -1.40276344 -0.651592383 0.00637087866 0 0 0
volume_proxy 751 0.116448437 -0.668926167 -0.00844915913 0 0 0
volume_proxy 797 -1.11002775 -0.338946704 -0.00625893998 0 0 0
volume_proxy 802 0.852170916 -0.175812572 0.00937747032 0 0 0
volume_proxy 814 0.832347688 -0.257651736 0.0026816507 0 0 0
volume_proxy 835 -0.358588114 -0.86673424 -0.00243369583 0 0 0
volume_proxy 848 -1.37116755 -0.377076835 -0.0101785143 0 0 0
volume_proxy 856 1.17629956 0.214900365 0.00136199438 0 0 0
volume_proxy 869 1.46090511 0.898585301 -0.000143745531 0 0 0
volume_proxy 876 -0.360424518 -0.414848518 -0.00362115168 0 0 0
volume_proxy 883 0.296732918 0.853476745 0.00068911315 0 0 0
volume_proxy 902 0.252470866 0.167895987 0.00819958036 0 0 0
volume_proxy 903 0.200183882 0.541834286 -0.00230742453 0 0 0
volume_proxy 904 -0.950868842 0.503908128 -0.00111676729 0 0 0
volume_proxy 914 0.339364396 -0.847257412 -0.00373083344 0 0 0
volume_proxy 915 -0.756792942 0.0238802099 -0.000501323814 0 0 0
volume_proxy 926 -0.365345935 0.471087448 0.00165763085 0 0 0
volume_proxy 929 -0.68929188 -0.608019213 0.00503988291 0 0 0
volume_proxy 944 0.513760583 -0.981587455 0.00711231189 0 0 0
volume_proxy 966 -0.572534994 0.778510505 0.00271142415 0 0 0
volume_proxy 969 -0.616067903 -0.0210073974 -0.00349432669 0 0 0
volume_proxy 974 -0.0231598155 -0.57215768 0.00335558056 0 0 0
volume_proxy 979 0.0703586899 0.668301045 -0.00221652446 0 0 0
volume_proxy 983 1.15225614 -0.301233878 -0.00777199408 0 0 0
volume_proxy 991 -0.715351504 -0.468429405 -0.0103506506 0 0 0
volume_proxy 992 0.277109317 0.062707054 0.00362570184 0 0 0
volume_proxy 997 1.3211701 -0.138857718 -0.00553998554 0 0 0
volume_proxy 1001 0.342011623 0.872304725 -0.00875648617 0 0 0
volume_proxy 1019 -0.506968135 -0.899402803 -0.00032126616 0 0 0
volume_proxy 1020 -0.92297746 0.513988635 0.00334511984 0 0 0
volume_proxy 1021 -0.858780068 -0.625743191 0.00413199354 0 0 0
volume_proxy 1028 -1.41863769 -0.78195058 -0.00149773653 0 0 0
volume_proxy 1031 1.09563234 -0.524879005 -0.0033424319 0 0 0
volume_proxy 1033 0.878212016 0.994585949 -0.00493261495 0 0 0
volume_proxy 1035 0.718907191 -0.792696694 -0.00275311741 0 0 0
volume_proxy 1036 0.607009298 0.180061035 0.00706426555 0 0 0
volume_proxy 1040 -1.08632185 -0.71531773 0.00986479571 0 0 0
volume_proxy 1042 0.941558107 0.910733513 -0.00399234857 0 0 0
volume_proxy 1050 -0.854025217 -0.607024904 0.00522660336 0 0 0
volume_proxy 1052 -0.760901845 0.161745669 0.00495613406 0 0 0
volume_proxy 1056 -0.934979773 0.923221236 0.00926334766 0 0 0
volume_proxy 1062 0.459226749 0.269813179 -0.00385266889 0 0 0
volume_proxy 1066 0.760475127 0.335973839 0.00606427631 0 0 0
volume_proxy 1067 0.615438055 -0.439379673 0.00119603826 0 0 0
volume_proxy 1069 -0.89643484 -0.18822778 0.0063431334 0 0 0
volume_proxy 1078 -1.21178336 0.918668418 0.00477564347 0 0 0
volume_proxy 1086 0.32777555 -0.316620301 0.00753096055 0 0 0
volume_proxy 1093 -0.119740118 -0.20656595 -0.00147258751 0 0 0
volume_proxy 1098 0.16044122 0.722722151 0.00284158204 0 0 0
volume_proxy 1102 1.23748972 0.47936878 0.00975868734 0 0 0
volume_proxy 1106 0.77908247 -0.751433761 0.00582528129 0 0 0
volume_proxy 1110 1.12897334 -0.642200503 -0.000535372133 0 0 0
volume_proxy 1113 1.02288306 0.480435787 0.00665267629 0 0 0
volume_proxy 1114 -0.761652184 0.0410123397 -0.00560105912 0 0 0
volume_proxy 1117 0.846790159 0.136061384 0.00468272145 0 0 0
volume_proxy 1118 0.228718555 -0.620458036 -0.00522631927 0 0 0
volume_proxy 1120 -0.100427017 0.216689379 -0.00226035139 0 0 0
volume_proxy 1123 -1.29314433 0.977639688 0.00932878662 0 0 0
volume_proxy 1127 0.547773639 0.283674027 -0.00518637348 0 0 0
volume_proxy 1130 -0.292803583 0.0668606193 0.00662608595 0 0 0
volume_proxy 1133 1.19976659 -0.706415514 0.00169888358 0 0 0
volume_proxy 1134 0.64499242 0.875597777 0.00856940419 0 0 0
volume_proxy 1137 -0.764929188 0.0456140052 -6.29780051e-05 0 0 0
volume_proxy 1138 1.34254609 -0.804996757 -0.0057745573 0 0 0
volume_proxy 1143 -0.598232388 0.288719848 -0.00203734705 0 0 0
volume_proxy 1145 -0.92269592 -0.693574111 -0.00313295534 0 0 0
volume_proxy 1147 0.287149401 0.240796718 -0.00269419164 0 0 0
volume_proxy 1149 -0.717753938 0.0504048193 0.00415147844 0 0 0
volume_proxy 1150 -0.41999305 -0.716030943 -0.00053280689 0 0 0
volume_proxy 1151 0.627127687 -0.930126965 -0.00213747629 0 0 0
volume_proxy 1157 0.0158975347 0.278080014 -0.00584856054 0 0 0
volume_proxy 1161 0.720489134 -0.920014488 0.00598167937 0 0 0
volume_proxy 1165 -0.267303554 -0.659037604 0.0106122576 0 0 0
volume_proxy 1166 -1.38017627 0.463850162 0.00646332164 0 0 0
volume_proxy 1167 -1.24743124 0.281211613 -0.001432673 0 0 0
volume_proxy 1168 -0.141080391 -0.62069624 0.00137316984 0 0 0
volume_proxy 1169 1.44993969 -0.449841629 -0.00342824054 0 0 0
volume_proxy 1170 -1.17591449 -0.178493851 -0.00355365541 0 0 0
volume_proxy 1171 -0.362471283 0.236819688 0.00507468534 0 0 0
volume_proxy 1172 -0.400417898 0.399650458 0.00419047668 0 0 0
volume_proxy 1174 -0.109588686 0.303524794 -0.0024676383 0 0 0
volume_proxy 1178 -0.509344065 0.715984998 -0.000347419474 0 0 0
volume_proxy 1179 0.757345822 0.292644421 -0.00721082124 0 0 0
volume_proxy 1180 -0.806793537 0.620966691 -0.00459696432 0 0 0
volume_proxy 1182 0.333775798 0.984520391 -0.00384662884 0 0 0
volume_proxy 1183 0.65692719 -0.54199532 0.0033604708 0 0 0
volume_proxy 1186 -0.536572747 -0.392982649 -0.0105689769 0 0 0
volume_proxy 1191 1.39263103 0.848860083 -0.00410105392 0 0 0
volume_proxy 1193 -1.06713599 0.355669296 -0.00220149186 0 0 0
volume_proxy 1195 -1.48274824 -0.296996517 0.00155872421 0 0 0
volume_proxy 1197 -1.01345862 -0.946891719 -0.00538096389 0 0 0
volume_proxy 1198 0.16646563 0.377431002 -0.00185690939 0 0 0
volume_proxy 1199 0.0352711501 0.0261225191 0.000525629533 0 0 0
volume_proxy 1201 -1.27313819 0.336746676 0.00346839188 0 0 0
volume_proxy 1204 0.156222188 -0.463149653 -0.0053557093 0 0 0
volume_proxy 1206 1.13838165 0.442206632 -0.00150979091 0 0 0
volume_proxy 1208 -0.135010576 -0.0668151236 0.00530239953 0 0 0
volume_proxy 1209 -1.40488943 0.36715698 -0.00423069229 0 0 0
volume_proxy 1210 -1.32100073 0.670702047 0.00106353869 0 0 0
volume_proxy 1213 -0.482715677 0.197932223 0.000915360375 0 0 0
volume_proxy 1214 -0.504656066 0.0238246283 -0.00942667101 0 0 0
volume_proxy 1217 -0.376769708 0.562445212 0.00785106969 0 0 0
volume_proxy 1219 -0.922428529 0.158841417 0.00438927901 0 0 0
volume_proxy 1220 0.305052742 0.363876282 0.00698318277 0 0 0
volume_proxy 1221 1.30373853 -0.0320293708 0.00294730827 0 0 0
volume_proxy 1223 1.32866603 0.726450677 0.00245893995 0 0 0
volume_proxy 1224 -0.459367113 0.78451798 0.00854798012 0 0 0
volume_proxy 1225 -0.213189813 -0.0738968793 -0.00887100369 0 0 0
volume_proxy 1227 -0.7725271 0.911495658 -0.00596934092 0 0 0
volume_proxy 1228 0.75259239 0.860487499 -0.00846273326 0 0 0
volume_proxy 1229 1.17163653 0.911081565 0.00999353367 0 0 0
volume_proxy 1230 1.32637268 -0.935816092 0.00583910989 0 0 0
volume_proxy 1231 -0.859183148 -0.263873306 0.00137185014 0 0 0
volume_proxy 1232 -1.4913859 -0.831564449 -0.00136578401 0 0 0
volume_proxy 1236 -0.0675661875 0.013812556 -0.00545812006 0 0 0
volume_proxy 1237 0.766065008 0.95816964 -0.00518327119 0 0 0
volume_proxy 1238 0.569391124 0.856141984 0.00910992406 0 0 0
volume_proxy 1239 1.35216838 0.913920258 0.00463166707 0 0 0
volume_proxy 1240 1.24689954 0.618962226 0.00954592656 0 0 0
volume_proxy 1241 -0.321578691 -0.111463014 0.010493626 0 0 0
volume_proxy 1242 -0.530338653 -0.993663346 -0.00720621667 0 0 0
volume_proxy 1243 -1.12535447 -0.93723148 -0.00728496907 0 0 0
volume_proxy 1245 -1.4225972 0.520266208 0.001043806 0 0 0
volume_proxy 1247 -1.18613497 0.544129915 0.00807895853 0 0 0
volume_proxy 1248 0.93189079 0.322224918 0.00620283807 0 0 0
volume_proxy 1249 -0.249850558 -0.345539897 0.00908393008 0 0 0
volume_proxy 1252 0.579265137 -0.860900868 0.00951435114 0 0 0
volume_proxy 1253 -0.877130215 0.180132039 0.00814551557 0 0 0
volume_proxy 1254 0.885152543 -0.855461109 0.00785484793 0 0 0
volume_proxy 1255 0.825592835 -0.555538058 0.00758835732 0 0 0
volume_proxy 1256 -0.61859359 -0.710357611 -0.00274842321 0 0 0
volume_proxy 1257 0.171873027 -0.576883089 -0.00983725388 0 0 0
volume_proxy 1258 1.11038245 0.596017082 -0.00763881631 0 0 0
volume_proxy 1259 -0.914509664 0.865091175 -0.00403638224 0 0 0
volume_proxy 1260 0.757143712 0.524300418 0.00805593797 0 0 0
volume_proxy 1261 -0.659870239 0.848107099 -0.00750885965 0 0 0
volume_proxy 1262 0.911494725 0.290662103 0.00598628591 0 0 0
volume_proxy 1263 0.769437538 -0.000715363653 0.000592618862 0 0 0
volume_proxy 1264 -0.160664516 -0.535063781 -0.0104703507 0 0 0
volume_proxy 1265 0.175308376 0.369395012 -0.00865684225 0 0 0
volume_proxy 1266 -0.374910952 0.188675261 0.00915462963 0 0 0
volume_proxy 1267 -1.14094468 -0.510568221 -0.00261500779 0 0 0
volume_proxy 1269 0.268814744 -0.26326575 -0.000963483626 0 0 0
volume_proxy 1270 -0.00630460909 -0.507616793 -0.00806026238 0 0 0
volume_proxy 1271 -1.19219014 -0.312590818 -0.00331949056 0 0 0
volume_proxy 1272 0.371168851 0.237225103 -0.00996199562 0 0 0
volume_proxy 1273 -0.73171421 0.962066571 0.0074289035 0 0 0
volume_proxy 1275 -1.223462 0.71888347 0.00870685366 0 0 0
volume_proxy 1276 1.02031696 -0.0364981049 -0.0104169758 0 0 0
volume_proxy 1277 1.39836594 0.360923583 0.0016237614 0 0 0
volume_proxy 1278 1.27026394 0.252204742 0.000395724345 0 0 0
volume_proxy 1279 -0.855412398 0.750617666 0.00955085516 0 0 0
volume_proxy 1280 -1.36156638 0.641900284 -0.00187027641 0 0 0
volume_proxy 1281 -0.329288546 -0.735001803 0.00364238781 0 0 0
volume_proxy 1282 -0.381684843 -0.82111718 0.00347620091 0 0 0
