volume_proxy 0 1.20367861 0.652811146 0.00242480504 0 0 0
volume_proxy 5 1.32570074 -0.609339291 0.00921175075 0 0 0
volume_proxy 6 -0.739972642 0.486754039 0.00202706429 0 0 0
volume_proxy 11 1.41036593 0.986112009 0.00627444944 0 0 0
volume_proxy 12 0.378558535 -0.604442289 0.00079777726 0 0 0
volume_proxy 14 -0.835878846 0.498758787 -0.000559512208 0 0 0
volume_proxy 23 1.22069819 -0.665227375 -0.00846488104 0 0 0
volume_proxy 38 0.658250726 0.192628634 0.0106230537 0 0 0
volume_proxy 40 -0.314490651 -0.333716884 0.00526179281 0 0 0
volume_proxy 50 -1.10859067 0.0998951496 0.00144614508 0 0 0
volume_proxy 53 -0.717112947 0.578790404 0.00503813807 0 0 0
volume_proxy 58 1.36036141 -0.821899491 0.00774408318 0 0 0
volume_proxy 60 0.335813431 0.506736228 0.00145961075 0 0 0
volume_proxy 85 -0.362514351 0.439821846 0.00740462139 0 0 0
volume_proxy 97 1.01595623 0.756910129 -0.00602974534 0 0 0
volume_proxy 107 0.858447168 0.18795238 -0.00575534002 0 0 0
volume_proxy 127 -1.10392657 -0.261633674 0.00908668404 0 0 0
volume_proxy 130 0.446790088 0.86247865 0.00610571718 0 0 0
volume_proxy 140 -0.322131646 0.178492245 1.56215612e-05 0 0 0
volume_proxy 157 1.00926807 0.0118752803 -0.0027433103 0 0 0
volume_proxy 159 0.736668636 0.76177865 -0.00326206075 0 0 0
volume_proxy 161 0.676764231 0.965601178 -9.56963127e-05 0 0 0
volume_proxy 176 0.613431637 -0.345299588 -0.00116072456 0 0 0
volume_proxy 186 -1.49657052 0.0265017813 0.0063512313 0 0 0
volume_proxy 189 -0.585420208 0.790802692 0.0080584373 0 0 0
volume_proxy 195 0.00333192055 -0.266173953 0.00380917654 0 0 0
volume_proxy 196 0.63259122 0.0739051556 -0.000456120988 0 0 0
volume_proxy 200 -0.894836332 -0.846091455 -0.00158472127 0 0 0
volume_proxy 202 -0.0969500792 0.960093932 0.00859192204 0 0 0
volume_proxy 209 -1.14763677 0.0557402368 -0.00474298446 0 0 0
volume_proxy 210 -0.106168937 0.228614574 -0.00528247001 0 0 0
volume_proxy 226 0.194083293 -0.72811887 -0.00112358577 0 0 0
volume_proxy 236 0.926913612 0.555252083 4.06534942e-05 0 0 0
volume_proxy 247 1.14573973 0.968662354 0.00350266189 0 0 0
volume_proxy 256 -1.36488594 0.809816287 0.0106142869 0 0 0
volume_proxy 259 0.516939009 0.752962461 -0.00177670045 0 0 0
volume_proxy 269 -0.76647505 -0.483053701 0.00606916295 0 0 0
volume_proxy 277 -1.24242306 -0.504801726 -0.00853949734 0 0 0
volume_proxy 296 -1.0863558 -0.46269594 0.00727314545 0 0 0
volume_proxy 305 0.328326614 0.133646106 0.00620657872 0 0 0
volume_proxy 310 -0.192936745 -0.983590545 -0.00793900419 0 0 0
volume_proxy 344 -1.48722766 0.597825974 -0.00202804991 0 0 0
volume_proxy 347 0.15871766 0.0764463594 0.00504947909 0 0 0
volume_proxy 356 -0.187275971 0.968074216 0.00758157285 0 0 0
volume_proxy 375 0.984597123 -0.834570894 -0.00230542152 0 0 0
volume_proxy 388 0.374879656 0.0843897771 0.0012116896 0 0 0
volume_proxy 802 1.46136626 -0.4659203 0.00402405413 0 0 0
volume_proxy 1052 -0.780155672 -0.875124286 0.00435131463 0 0 0
volume_proxy 1066 -0.0278728743 -0.0790729329 -0.00493589095 0 0 0
volume_proxy 1120 -0.275609602 0.0419845322 -0.00287341053 0 0 0
volume_proxy 1166 -0.590615643 0.261976329 0.00173310543 0 0 0
volume_proxy 1169 1.07332466 -0.882220371 -0.000475307123 0 0 0
volume_proxy 1193 -1.43070245 -0.251528356 0.00170508067 0 0 0
volume_proxy 1225 -0.138944594 -0.0845278769 -0.00445957916 0 0 0
volume_proxy 1245 -1.35581273 0.125541164 -0.00403293078 0 0 0
volume_proxy 1280 -1.24402625 0.501396776 -0.00638900559 0 0 0
volume_proxy 1285 -1.28522324 -0.624077734 -0.0097044368 0 0 0
volume_proxy 1295 -0.639558717 0.10861414 -0.00384086398 0 0 0
volume_proxy 1296 0.658365783 -0.440275639 -0.00967172576 0 0 0
volume_proxy 1335 0.47735357 -0.625098282 -0.00197102666 0 0 0
volume_proxy 1340 1.22197376 0.432260439 -0.00829374163 0 0 0
volume_proxy 1380 0.121815727 0.869975305 0.00706977186 0 0 0
volume_proxy 1386 0.0840797723 0.133181544 -0.00828126095 0 0 0
volume_proxy 1397 0.812491694 0.528238635 0.00853118729 0 0 0
volume_proxy 1409 0.00679687599 0.969200119 -0.00152676337 0 0 0
volume_proxy 1413 1.34335854 0.738184513 -0.00830875171 0 0 0
volume_proxy 1420 -0.927954006 -0.164909205 -0.00471762117 0 0 0
volume_proxy 1422 0.566733623 -0.479946027 0.0015700103 0 0 0
volume_proxy 1429 0.75767302 -0.461209398 -0.00948782892 0 0 0
volume_proxy 1433 1.48968228 0.950686709 -0.00490596643 0 0 0
volume_proxy 1434 0.192809605 -0.864102722 -0.00178115895 0 0 0
volume_proxy 1437 -0.0244670415 -0.0576808177 0.00557845456 0 0 0
volume_proxy 1439 0.121080723 0.222885379 -0.000383109867 0 0 0
volume_proxy 1447 0.787342563 -0.993531044 -0.00638570398 0 0 0
volume_proxy 1459 -0.603948876 0.365215317 -0.00499515748 0 0 0
volume_proxy 1460 0.987193567 0.712526751 -0.00999151669 0 0 0
volume_proxy 1461 -1.25883024 0.609694008 -0.000463567327 0 0 0
volume_proxy 1466 -0.886647935 -0.165057902 -0.00136716921 0 0 0
volume_proxy 1470 -1.09760662 -0.241180061 0.00776651159 0 0 0
volume_proxy 1472 -1.26485959 0.660600422 0.000107469504 0 0 0
volume_proxy 1474 0.855910292 -0.754306238 0.00927247004 0 0 0
volume_proxy 1481 1.10512074 0.838534955 0.00771528502 0 0 0
volume_proxy 1482 0.954945319 -0.273657009 0.00183073847 0 0 0
volume_proxy 1485 0.365022686 -0.777896427 0.00450514058 0 0 0
volume_proxy 1489 0.225143349 -0.411105251 0.00286203672 0 0 0
volume_proxy 1490 1.40645368 0.853912182 0.00642796688 0 0 0
volume_proxy 1492 0.347164606 0.513728713 0.01018654 0 0 0
volume_proxy 1493 0.229762783 0.112493025 -0.00571128175 0 0 0
volume_proxy 1494 1.10298519 0.0510775813 0.00143762739 0 0 0
volume_proxy 1496 -1.30269157 0.674371283 0.0043081552 0 0 0
volume_proxy 1498 -0.906887153 0.383852526 0.00409454865 0 0 0
volume_proxy 1501 -0.535097638 -0.717599025 -0.00388527304 0 0 0
volume_proxy 1503 -0.360439131 0.393986455 -0.00308602343 0 0 0
volume_proxy 1506 0.247181096 0.810119892 0.00159826321 0 0 0
volume_proxy 1507 -1.01162626 -0.546476545 -0.0034270192 0 0 0
volume_proxy 1508 -0.708770589 -0.889190336 -0.00849844877 0 0 0
volume_proxy 1509 -0.990873117 0.733581403 0.00286126273 0 0 0
volume_proxy 1510 0.233831641 -0.786859429 -0.0096271593 0 0 0
volume_proxy 1511 1.15382646 0.695033247 -0.00542530061 0 0 0
volume_proxy 1513 -1.05527907 0.932006669 0.0026224201 0 0 0
volume_proxy 1515 0.729657811 0.133033921 -0.00847803435 0 0 0
volume_proxy 1516 -0.370606853 -0.552678686 0.00911129688 0 0 0
volume_proxy 1517 -0.718908574 -0.731260625 0.00589803513 0 0 0
volume_proxy 1518 -0.868146762 -0.0348887906 -0.00622221702 0 0 0
volume_proxy 1519 0.223144326 -0.130339379 0.00644544452 0 0 0
volume_proxy 1520 0.149843463 -0.462357622 -0.0018823202 0 0 0
volume_proxy 1521 -0.794030932 -0.0940558148 -0.00865298374 0 0 0
volume_proxy 1522 -0.0834390078 0.729067762 0.00855528972 0 0 0
volume_proxy 1523 1.0651662 -0.247932954 0.00111624825 0 0 0
volume_proxy 1525 -1.04336577 0.679250127 -0.00142798261 0 0 0
volume_proxy 1526 1.03184781 -0.260212988 0.00297513002 0 0 0
