volume_proxy 0 -0.631054186 -0.928085155 -0.0020231765 0 0 0
volume_proxy 6 0.154048202 0.373168845 -0.0077949111 0 0 0
volume_proxy 11 1.13881696 0.979552212 0.00685171022 0 0 0
volume_proxy 12 0.640756401 -0.758783446 -0.00815255631 0 0 0
volume_proxy 14 -1.39928073 0.25294476 -0.00565884017 0 0 0
volume_proxy 23 0.453891443 -0.874704755 0.00718168638 0 0 0
volume_proxy 38 -0.643448742 -0.861708844 -0.00524698233 0 0 0
volume_proxy 40 -0.748913178 -0.0766205727 -0.00733556915 0 0 0
volume_proxy 50 -0.756187765 -0.538446854 -0.0087811513 0 0 0
volume_proxy 53 -1.48209481 0.648954783 -0.00756487598 0 0 0
volume_proxy 58 1.2922418 -0.970812472 0.0086034399 0 0 0
volume_proxy 60 -0.667737155 0.757942763 0.00277088563 0 0 0
volume_proxy 85 -1.3826912 0.902610867 -0.00971406823 0 0 0
volume_proxy 97 0.462505713 0.894619985 -0.00804693579 0 0 0
volume_proxy 107 0.156067172 -0.175579174 -0.0101474211 0 0 0
volume_proxy 127 -1.42840953 -0.493887718 0.0102114871 0 0 0
volume_proxy 130 0.797894405 -0.913794164 0.000620643575 0 0 0
volume_proxy 140 0.200097078 0.00666912362 -0.00853162855 0 0 0
volume_proxy 157 0.635705239 -0.233690242 0.00780244067 0 0 0
volume_proxy 159 1.06622985 0.334200419 -0.00905536574 0 0 0
volume_proxy 161 -0.592831839 -0.192226712 -0.00110532595 0 0 0
volume_proxy 176 1.01799659 -0.160948554 0.0103991171 0 0 0
volume_proxy 186 -0.823732973 -0.366094968 0.00686730568 0 0 0
volume_proxy 189 -0.26199313 -0.0479561024 -0.00247220191 0 0 0
volume_proxy 195 -1.14069938 -0.161782895 0.00711905908 0 0 0
volume_proxy 196 0.252464092 0.49685084 -0.00629462876 0 0 0
volume_proxy 200 -0.803299415 0.376631851 0.00623091762 0 0 0
volume_proxy 202 -0.257994936 0.178789765 0.00927456846 0 0 0
volume_proxy 209 -1.14685183 -0.400559618 -0.00293657844 0 0 0
volume_proxy 210 0.383501125 0.412506959 -0.0078926049 0 0 0
volume_proxy 226 0.862896649 -0.99322037 -0.0100887745 0 0 0
volume_proxy 236 1.25278613 -0.697367132 -0.000382901947 0 0 0
volume_proxy 247 0.570078312 -0.551677602 -0.00123579598 0 0 0
volume_proxy 256 -0.332901375 0.605600818 -0.0066155621 0 0 0
volume_proxy 259 0.319136481 0.614525111 0.00822394901 0 0 0
volume_proxy 269 -0.364960745 0.0427766949 -0.00734253501 0 0 0
volume_proxy 277 -0.83443258 -0.574660085 -0.0107397403 0 0 0
volume_proxy 296 -0.831865653 0.854516652 0.00673888672 0 0 0
volume_proxy 305 0.279241187 -0.680632317 0.00607419641 0 0 0
volume_proxy 310 0.820566311 0.69198589 0.00609748984 0 0 0
volume_proxy 344 -1.27242222 -0.226678825 0.009260664 0 0 0
volume_proxy 347 -0.290199674 0.934960583 -0.00416287513 0 0 0
volume_proxy 356 0.0489525743 0.158623206 0.00230181294 0 0 0
volume_proxy 375 1.25969052 -0.667170056 0.000672197507 0 0 0
volume_proxy 388 1.09202915 -0.94922364 0.00652063169 0 0 0
volume_proxy 802 0.394499416 0.625188907 -0.00756633537 0 0 0
volume_proxy 1052 -0.972186489 -0.484820631 -0.00527521209 0 0 0
volume_proxy 1066 -0.0303496644 0.813366654 0.00613503942 0 0 0
volume_proxy 1120 -0.595910365 0.52203676 -0.00519630861 0 0 0
volume_proxy 1166 -1.33957723 -0.995501615 -0.0074066908 0 0 0
volume_proxy 1193 -1.45829226 -0.459154846 -0.00158320278 0 0 0
volume_proxy 1225 -1.27615134 -0.838524489 -0.00519374085 0 0 0
volume_proxy 1245 -1.31058953 0.162199598 -0.0035142039 0 0 0
volume_proxy 1280 -1.01500225 0.76552905 0.0042007633 0 0 0
volume_proxy 1285 -1.23088833 0.655065249 0.00861057929 0 0 0
volume_proxy 1295 0.772709284 0.0981705608 -0.00487230973 0 0 0
volume_proxy 1296 -0.149648035 -0.873063837 0.00148785047 0 0 0
volume_proxy 1340 1.13315082 -0.409180279 0.00834141447 0 0 0
volume_proxy 1380 -1.34820948 -0.472471796 0.00336866063 0 0 0
volume_proxy 1386 1.39115835 0.6311216 0.00694269702 0 0 0
volume_proxy 1397 0.0477737852 0.534688007 -0.000412664555 0 0 0
volume_proxy 1409 0.0685932963 0.348990235 -0.00248159035 0 0 0
volume_proxy 1413 1.00255859 0.904720663 0.00541050958 0 0 0
volume_proxy 1422 0.536569657 -0.800816822 0.0084259638 0 0 0
volume_proxy 1433 0.889248788 0.489172375 -0.000345088229 0 0 0
volume_proxy 1437 -0.287493401 -0.80160996 0.00952561659 0 0 0
volume_proxy 1459 -0.84332505 -0.367206024 -0.0057884274 0 0 0
volume_proxy 1460 0.0836995427 0.626495644 0.00890315532 0 0 0
volume_proxy 1461 -1.47235365 0.706988988 0.00517953805 0 0 0
volume_proxy 1466 0.162814149 0.522326905 -0.000919824478 0 0 0
volume_proxy 1472 -1.33900763 0.977834204 -0.00198118571 0 0 0
volume_proxy 1474 1.39008001 0.0715094926 0.00447025445 0 0 0
volume_proxy 1481 0.2379703 0.564706834 -0.00278773771 0 0 0
volume_proxy 1482 1.43943338 0.964706139 -0.00924499648 0 0 0
volume_proxy 1485 0.481985362 -0.311837047 -0.00514264032 0 0 0
volume_proxy 1489 0.359341573 -0.81680239 0.00861326111 0 0 0
volume_proxy 1490 0.633850359 0.996702364 -0.00336620359 0 0 0
volume_proxy 1496 -1.17026971 0.893597631 -0.00592157715 0 0 0
volume_proxy 1498 -0.277424667 0.323030995 -0.00548835911 0 0 0
volume_proxy 1503 -1.28488693 -0.510054423 0.00161788984 0 0 0
volume_proxy 1506 0.409641829 0.952476271 0.00564695255 0 0 0
volume_proxy 1507 -1.17507966 -0.3486871 -0.00884430215 0 0 0
volume_proxy 1508 -0.362749958 -0.0530276675 0.00036366926 0 0 0
volume_proxy 1509 -1.47201351 0.189110903 0.00705086196 0 0 0
volume_proxy 1510 0.0434746765 -0.921571702 -0.000257515768 0 0 0
volume_proxy 1511 0.994900646 0.453071027 0.000296354522 0 0 0
volume_proxy 1513 -1.44885907 0.406286878 -0.00844822924 0 0 0
volume_proxy 1515 0.747920081 -0.63419757 0.00661104386 0 0 0
volume_proxy 1516 -0.41493605 -0.60384197 -0.00349161842 0 0 0
volume_proxy 1517 -1.40737337 -0.367994972 0.00611385753 0 0 0
volume_proxy 1519 -0.0133126298 -0.772535219 0.00553855986 0 0 0
volume_proxy 1520 -0.0238649106 -0.409802311 -0.00805682634 0 0 0
volume_proxy 1521 -1.37837792 -0.916607774 0.00744448614 0 0 0
volume_proxy 1523 0.644038884 -0.367835584 0.00261916249 0 0 0
volume_proxy 1525 -0.983782952 0.867190403 -0.00453820501 0 0 0
volume_proxy 1526 0.860617846 -0.497501321 -0.00888561947 0 0 0
volume_proxy 1528 0.94734481 -0.755282323 -0.00664541332 0 0 0
volume_proxy 1529 -1.43132683 -0.107389441 0.0095278529 0 0 0
volume_proxy 1531 0.24042801 0.580226735 0.0102436574 0 0 0
volume_proxy 1533 1.15836666 0.22459564 0.00372198276 0 0 0
volume_proxy 1534 -0.183789976 0.870888331 -0.00228547768 0 0 0
volume_proxy 1535 0.781600158 0.535601258 -0.0026254565 0 0 0
volume_proxy 1536 -0.324224628 -0.579455474 0.000529603359 0 0 0
volume_proxy 1537 -0.553553435 -0.755504071 0.00948932948 0 0 0
volume_proxy 1538 1.16649761 -0.334632254 -0.0102265398 0 0 0
