volume_proxy 0 1.41847645 -0.400928537 -0.00690993821 0 0 0
volume_proxy 5 0.951774684 0.14468217 -0.000903916241 0 0 0
volume_proxy 6 0.563440573 0.231899249 -0.000853895155 0 0 0
volume_proxy 11 0.98335012 0.287966091 -0.00564720966 0 0 0
volume_proxy 12 1.32670606 -0.276505172 -0.00886703408 0 0 0
volume_proxy 14 -0.291405514 -0.400470137 0.0102214976 0 0 0
volume_proxy 23 0.589108036 -0.623890372 -0.00131136298 0 0 0
volume_proxy 38 0.797236818 0.153942409 -0.00268921999 0 0 0
volume_proxy 40 -0.0980483396 -0.252136143 -0.000914699407 0 0 0
volume_proxy 50 -0.407938291 -0.681192311 0.0018845912 0 0 0
volume_proxy 53 -0.616805987 0.157036041 -0.00558254037 0 0 0
volume_proxy 58 1.25658335 -0.818377372 -0.00688158541 0 0 0
volume_proxy 60 1.04213794 0.793811769 0.00179850736 0 0 0
volume_proxy 61 0.240595931 -0.763506279 0.000575138287 0 0 0
volume_proxy 72 0.0369413837 0.160548873 -0.00636908662 0 0 0
volume_proxy 85 -1.19286331 0.150760156 0.00883723107 0 0 0
volume_proxy 88 -0.980184963 -0.544088865 0.00530318962 0 0 0
volume_proxy 97 0.967522276 0.283767503 -0.00432501647 0 0 0
volume_proxy 101 -1.41307626 0.530983146 -0.00648122442 0 0 0
volume_proxy 105 0.166058171 -0.133291852 -0.00767255354 0 0 0
volume_proxy 107 1.44298828 0.666555154 -0.00384741482 0 0 0
volume_proxy 127 -1.07293827 0.363089238 -0.00141870148 0 0 0
volume_proxy 130 1.37060709 0.579081491 0.0080796889 0 0 0
volume_proxy 140 -0.230082082 0.00724334864 -0.00115147479 0 0 0
volume_proxy 157 1.33523515 -0.36685216 0.00383829243 0 0 0
volume_proxy 159 0.659310606 0.0601569184 0.00589978113 0 0 0
volume_proxy 161 0.836655443 0.297463072 -0.0074495784 0 0 0
volume_proxy 176 0.681019829 -0.639719993 -0.00700538899 0 0 0
volume_proxy 186 -0.580664134 0.141217777 0.00789100672 0 0 0
volume_proxy 189 -1.0112341 0.861269405 0.00903214018 0 0 0
volume_proxy 195 -0.227689621 0.309424506 -0.0072009183 0 0 0
volume_proxy 196 0.405170187 -0.210797148 0.00679084952 0 0 0
volume_proxy 200 -0.570999464 -0.880599814 0.00455441331 0 0 0
volume_proxy 202 -0.969348287 0.766240142 -0.000993008824 0 0 0
volume_proxy 209 -1.05305012 0.348205444 0.00803677142 0 0 0
volume_proxy 210 -0.923038582 0.579253601 0.00732509348 0 0 0
volume_proxy 226 -0.378472984 -0.699662851 -0.0100498864 0 0 0
volume_proxy 236 0.483539783 0.920551386 -0.00511263102 0 0 0
volume_proxy 247 0.472980516 0.531146999 -0.00184109963 0 0 0
volume_proxy 256 -0.554039455 0.128880885 0.00836182003 0 0 0
volume_proxy 259 0.0835618206 -0.0759987238 -0.0011149154 0 0 0
volume_proxy 269 0.108458885 0.0296771016 -0.00145995968 0 0 0
volume_proxy 277 -1.21315912 -0.289691161 0.00333546772 0 0 0
volume_proxy 296 -0.219107524 -0.391527135 -0.00498623823 0 0 0
volume_proxy 305 0.406548032 -0.688674687 -0.00842894426 0 0 0
volume_proxy 310 1.12588234 -0.00730303756 0.00541014801 0 0 0
volume_proxy 329 -0.355132009 -0.835325696 0.00645469864 0 0 0
volume_proxy 337 -0.848826052 0.978790682 -0.00768351845 0 0 0
volume_proxy 344 -1.07891624 0.9159296 0.00661264794 0 0 0
volume_proxy 347 -0.583952433 -0.409497971 -0.00209665309 0 0 0
volume_proxy 349 -0.46715025 0.108030898 0.00198225943 0 0 0
volume_proxy 356 0.447527069 0.660910216 -0.00740441513 0 0 0
volume_proxy 375 0.932121888 -0.347233716 0.00945897525 0 0 0
volume_proxy 388 -0.980915069 0.381361303 -0.00155028595 0 0 0
volume_proxy 431 -1.2424332 -0.143510149 0.00942163915 0 0 0
volume_proxy 802 1.23317886 -0.0423132334 0.00487664531 0 0 0
volume_proxy 876 0.185612325 -0.999252842 0.00994232355 0 0 0
volume_proxy 1052 0.283404963 -0.762237209 -0.00829113129 0 0 0
volume_proxy 1066 0.755831757 0.292510348 0.00913122246 0 0 0
volume_proxy 1093 -0.0627131222 -0.00145534154 0.00632567017 0 0 0
volume_proxy 1120 -0.590921801 0.678507808 -0.0107751001 0 0 0
volume_proxy 1166 -0.532588263 0.763939686 -0.0097931409 0 0 0
volume_proxy 1169 1.39451136 -0.830088609 -0.00875651868 0 0 0
volume_proxy 1172 -0.137579456 0.896431634 0.00714304267 0 0 0
volume_proxy 1186 -0.708672483 -0.510829835 -0.00986810403 0 0 0
volume_proxy 1193 -0.652303393 0.129074382 -0.00216979708 0 0 0
volume_proxy 1219 -0.765340316 0.787907412 -0.00511858281 0 0 0
volume_proxy 1225 0.0155904369 -0.326543663 -0.00693578461 0 0 0
volume_proxy 1245 -1.45955854 0.727309363 -0.00700533094 0 0 0
volume_proxy 1270 0.0205076111 -0.0176305093 0.00481381308 0 0 0
volume_proxy 1280 -1.28085354 0.85511908 -0.00697570171 0 0 0
volume_proxy 1285 -1.11018491 0.729077867 -0.00472732301 0 0 0
volume_proxy 1295 -1.13643726 0.717120875 0.00964802893 0 0 0
volume_proxy 1296 0.012847208 -0.208546527 0.00904538395 0 0 0
volume_proxy 1301 -1.37603563 0.980641361 -0.0021500417 0 0 0
volume_proxy 1326 0.721608747 -0.178426325 -0.00974857892 0 0 0
volume_proxy 1335 0.0435467778 -0.581062888 -4.89634567e-05 0 0 0
volume_proxy 1340 0.918474426 0.643961408 -0.00996805672 0 0 0
volume_proxy 1380 -0.13429152 0.35498205 0.00689306488 0 0 0
volume_proxy 1386 0.531808305 0.954062997 0.00432274624 0 0 0
volume_proxy 1390 -1.49316201 0.868346132 -0.00203035792 0 0 0
volume_proxy 1392 -0.0140361251 -0.640494027 -0.00447953925 0 0 0
volume_proxy 1397 0.487141951 0.428819699 0.00368207622 0 0 0
volume_proxy 1398 -1.49653877 0.535195554 -0.00032428587 0 0 0
volume_proxy 1403 0.369351667 -0.117914937 -0.0056513977 0 0 0
volume_proxy 1405 -0.100682795 0.769903894 0.00826980805 0 0 0
volume_proxy 1409 1.21439902 0.462976732 -0.00501417338 0 0 0
volume_proxy 1413 0.55361919 0.854152251 -0.0102377706 0 0 0
volume_proxy 1418 -1.29649186 -0.130724092 -0.00768025697 0 0 0
volume_proxy 1420 -1.46100523 -0.107601593 -0.00580229608 0 0 0
volume_proxy 1421 -1.31346964 -0.185783849 8.10907547e-05 0 0 0
volume_proxy 1422 1.09189276 -0.792975125 0.00364040975 0 0 0
volume_proxy 1423 -0.593299483 0.985508272 0.010508749 0 0 0
volume_proxy 1425 -1.28414358 -0.716580706 0.00985566608 0 0 0
volume_proxy 1426 0.876290767 -0.490401259 -0.00775422097 0 0 0
volume_proxy 1428 -0.123065044 0.693077166 -0.00399886999 0 0 0
volume_proxy 1429 0.974815126 -0.227188473 -0.00900763027 0 0 0
volume_proxy 1433 0.991580349 0.259680071 0.00774520097 0 0 0
volume_proxy 1434 0.577890379 -0.422959478 -0.00928198155 0 0 0
volume_proxy 1436 -0.850370337 -0.966818055 0.00698518783 0 0 0
volume_proxy 1437 -0.326130783 -0.522553366 -0.00402325662 0 0 0
volume_proxy 1439 -0.608753947 0.786890883 0.00158898871 0 0 0
volume_proxy 1440 0.558890853 -0.419842279 0.00447664688 0 0 0
volume_proxy 1444 -1.17855482 -0.433080648 0.00640072951 0 0 0
volume_proxy 1445 0.473756238 -0.673918473 0.00276836854 0 0 0
volume_proxy 1447 1.4279327 -0.421819175 -0.000787415897 0 0 0
volume_proxy 1454 -0.970896641 -0.68270531 -0.00212905799 0 0 0
volume_proxy 1459 -0.941507076 0.977872499 -0.0073861187 0 0 0
volume_proxy 1460 0.876480105 0.24459377 0.00134393429 0 0 0
volume_proxy 1461 -1.11129406 0.515102065 -0.00317438933 0 0 0
volume_proxy 1462 -1.04205557 -0.703443746 -0.0100282041 0 0 0
volume_proxy 1464 -0.869362541 -0.859632716 -0.00769353874 0 0 0
volume_proxy 1466 -1.25525074 -0.862520295 0.00867595528 0 0 0
volume_proxy 1470 -1.32856761 -0.645942589 0.000935690574 0 0 0
volume_proxy 1471 -0.454900062 0.827200013 0.00517095678 0 0 0
volume_proxy 1472 -0.565195658 0.799050174 0.00514076818 0 0 0
volume_proxy 1474 1.03895439 -0.96492472 0.00222432189 0 0 0
volume_proxy 1475 1.00775107 0.118822968 -0.00249935453 0 0 0
volume_proxy 1481 1.22708187 0.575263765 -0.00791879649 0 0 0
volume_proxy 1482 0.322430289 -0.958351278 -0.00625157266 0 0 0
volume_proxy 1483 0.0382214344 -0.939793427 0.00317818276 0 0 0
volume_proxy 1485 0.0918037827 -0.359750969 0.00698850313 0 0 0
volume_proxy 1486 0.998193923 -0.690178849 0.0048750223 0 0 0
volume_proxy 1489 -0.551826869 0.719320877 0.0101673503 0 0 0
volume_proxy 1490 0.901512737 0.963370328 0.00846467045 0 0 0
volume_proxy 1491 -0.529447084 -0.378152809 -0.00440907601 0 0 0
volume_proxy 1492 0.136040296 0.191442729 0.00154116208 0 0 0
volume_proxy 1493 0.470180071 0.476426 0.00535533244 0 0 0
volume_proxy 1494 0.85472408 0.558657046 -0.0073740231 0 0 0
volume_proxy 1495 1.11244958 -0.703302295 0.0103026276 0 0 0
volume_proxy 1496 -1.06859723 0.778484459 0.00391014126 0 0 0
volume_proxy 1497 0.275555111 0.646561048 0.00838984889 0 0 0
