volume_proxy 0 0.00194341214 0.533954537 0.000279901109 0 0 0
volume_proxy 5 0.77460578 -0.520643567 -0.00678330568 0 0 0
volume_proxy 6 -0.100549433 -0.222928775 0.00748281674 0 0 0
volume_proxy 11 1.31304765 0.685110875 0.00969347796 0 0 0
volume_proxy 12 0.6458938 -0.452210999 0.0103868123 0 0 0
volume_proxy 14 -0.764237104 0.874745197 -0.00670350896 0 0 0
volume_proxy 23 1.35935309 -0.848301164 -0.00450518449 0 0 0
volume_proxy 38 0.0627879527 -0.445521185 -0.00494584883 0 0 0
volume_proxy 40 -0.759092691 -0.352415505 0.00609787192 0 0 0
volume_proxy 50 -0.641251199 -0.329534911 -0.00361474706 0 0 0
volume_proxy 53 -1.06171687 0.642328732 0.0073690029 0 0 0
volume_proxy 58 0.890947564 -0.996010065 0.00870739698 0 0 0
volume_proxy 60 0.323723464 0.247096577 0.00700399372 0 0 0
volume_proxy 85 -0.898372955 0.560283698 -9.91389969e-05 0 0 0
volume_proxy 97 1.04848922 0.73976707 0.00398425708 0 0 0
volume_proxy 107 1.43928446 -0.12159506 0.00944061723 0 0 0
volume_proxy 127 -1.27734672 -0.507456372 -0.0101039546 0 0 0
volume_proxy 130 0.734649761 0.799045448 0.00879548549 0 0 0
volume_proxy 140 -0.775855288 0.972464351 0.00840274644 0 0 0
volume_proxy 157 0.770575315 0.766247624 0.00654134149 0 0 0
volume_proxy 159 1.11901292 0.186213638 -0.00900489436 0 0 0
volume_proxy 161 0.863548703 0.811591748 0.00471425271 0 0 0
volume_proxy 176 0.873277662 -0.0411086844 0.00516336179 0 0 0
volume_proxy 186 -1.32868528 -0.352306528 0.00660749793 0 0 0
volume_proxy 189 -1.02842002 0.753810491 0.00634854761 0 0 0
volume_proxy 195 -0.608441681 -0.115670691 -0.00276907435 0 0 0
volume_proxy 196 1.02136378 0.192089202 0.00593784849 0 0 0
volume_proxy 200 -0.309651608 -0.834520364 -0.00619842277 0 0 0
volume_proxy 202 0.143332436 0.707549988 0.00331088059 0 0 0
volume_proxy 209 -1.2009359 -0.272319878 -0.00167713233 0 0 0
volume_proxy 210 -0.361604383 0.793633979 -0.00437960106 0 0 0
volume_proxy 226 0.483602221 -0.158514375 0.000546066274 0 0 0
volume_proxy 236 0.968021445 0.244936902 0.00957005297 0 0 0
volume_proxy 247 0.430468849 0.806924329 -0.00142304664 0 0 0
volume_proxy 256 -1.26341185 0.667605179 -0.00593026481 0 0 0
volume_proxy 259 0.898049408 0.382429929 0.00774825007 0 0 0
volume_proxy 269 -1.01747457 -0.249479516 -0.00157728741 0 0 0
volume_proxy 277 -0.881781865 0.206552072 5.86998347e-05 0 0 0
volume_proxy 296 -1.23875529 0.409690704 -0.00656626264 0 0 0
volume_proxy 305 1.20489438 -0.437364631 -0.00420691946 0 0 0
volume_proxy 310 0.0111862444 -0.787319611 -0.00454556592 0 0 0
volume_proxy 344 -0.986836697 0.711501309 0.00801935869 0 0 0
volume_proxy 347 -0.0634468013 0.879350661 0.00788743057 0 0 0
volume_proxy 356 -0.762785956 0.443464637 0.00878438289 0 0 0
volume_proxy 375 0.829556599 -0.842767523 -0.00435655221 0 0 0
volume_proxy 388 0.956139842 -0.350506047 -0.00654845975 0 0 0
volume_proxy 802 1.43870053 -0.253792989 0.000876535219 0 0 0
volume_proxy 1052 -1.14499488 -0.656658204 -0.00500548201 0 0 0
volume_proxy 1066 -0.711465975 0.247674275 -0.00620491858 0 0 0
volume_proxy 1120 -0.364931059 0.475875132 -0.000670584593 0 0 0
volume_proxy 1166 -0.698574661 0.331603114 0.00243272873 0 0 0
volume_proxy 1169 1.0235324 -0.994013386 0.007152602 0 0 0
volume_proxy 1193 -1.3569125 -0.43528447 -0.00836530133 0 0 0
volume_proxy 1225 -0.411819095 -0.321707112 -0.00841782241 0 0 0
volume_proxy 1245 -1.28059343 -0.285267197 0.00598574271 0 0 0
volume_proxy 1280 -0.763986744 0.900951366 -0.00681163987 0 0 0
volume_proxy 1285 -1.28022118 0.0298929395 0.00764375075 0 0 0
volume_proxy 1295 -0.318259295 0.0418841575 -0.00266980697 0 0 0
volume_proxy 1296 0.34599981 -0.517142556 -0.00327803003 0 0 0
volume_proxy 1340 0.680610594 0.755331542 0.0010535924 0 0 0
volume_proxy 1380 -0.172937075 0.691928667 0.000468075391 0 0 0
volume_proxy 1386 0.742692878 0.421723156 0.00518079885 0 0 0
volume_proxy 1397 1.39322809 0.875240253 -0.00248437549 0 0 0
volume_proxy 1409 0.285245677 0.875084539 0.00192045176 0 0 0
volume_proxy 1413 1.03691544 0.652427619 -0.0087151344 0 0 0
volume_proxy 1422 0.412592473 -0.39227312 0.00200608336 0 0 0
volume_proxy 1433 1.03417896 0.790846504 -0.00168664933 0 0 0
volume_proxy 1434 -0.0825622984 -0.99016886 -0.00308751632 0 0 0
volume_proxy 1437 -0.0159994642 0.00889696577 0.00331186882 0 0 0
volume_proxy 1439 0.185315569 0.909975293 0.00227913473 0 0 0
volume_proxy 1447 0.903085646 -0.25580673 -0.00972086725 0 0 0
volume_proxy 1459 -0.891308564 0.493106512 0.00741889874 0 0 0
volume_proxy 1460 0.285414298 0.174270089 0.00652089633 0 0 0
volume_proxy 1461 -0.986090807 0.617257396 0.0076135751 0 0 0
volume_proxy 1466 -0.518390701 0.0456177353 0.00216930001 0 0 0
volume_proxy 1472 -0.77908803 0.380406734 -0.00919766915 0 0 0
volume_proxy 1474 0.673664505 -0.751951478 -0.0035321266 0 0 0
volume_proxy 1481 0.779693456 0.476551641 0.00854596931 0 0 0
volume_proxy 1482 1.18183072 0.173667259 -0.00968927848 0 0 0
volume_proxy 1485 0.488047822 -0.535339179 0.0018996978 0 0 0
volume_proxy 1489 0.0707463467 -0.434200056 0.00533617125 0 0 0
volume_proxy 1490 1.30805053 0.940440288 0.00117308992 0 0 0
volume_proxy 1492 0.517426393 0.419820772 -0.000440624424 0 0 0
volume_proxy 1493 0.605608587 0.423310502 -0.00393713207 0 0 0
volume_proxy 1494 1.13144839 -0.126442339 -0.00396092449 0 0 0
volume_proxy 1496 -0.944855516 0.387850761 -0.0035059058 0 0 0
volume_proxy 1498 -0.136274107 0.293830031 -0.000658762493 0 0 0
volume_proxy 1501 -0.439071198 -0.80718934 0.00104542391 0 0 0
volume_proxy 1503 0.3051531 -0.0393588883 -0.000175745551 0 0 0
volume_proxy 1506 0.131442659 0.874864526 0.00237625724 0 0 0
volume_proxy 1507 -1.16827523 -0.357056346 0.00609090322 0 0 0
volume_proxy 1508 -0.764868385 -0.618084986 0.000352078548 0 0 0
volume_proxy 1509 -1.46907537 0.724299332 -0.00133107395 0 0 0
volume_proxy 1510 0.245946719 -0.79223879 -0.00408733136 0 0 0
volume_proxy 1511 1.45294195 0.351666122 0.00374727118 0 0 0
volume_proxy 1513 -1.38523768 0.602200386 0.0101161541 0 0 0
volume_proxy 1515 0.914265337 0.0612671238 0.0010878511 0 0 0
volume_proxy 1516 -0.225715165 -0.944455185 0.00618844351 0 0 0
volume_proxy 1517 -0.812816066 -0.544941099 0.00849521787 0 0 0
volume_proxy 1519 0.33013223 -0.374892528 0.00836568577 0 0 0
volume_proxy 1520 0.431727574 -0.178035384 0.00681663278 0 0 0
volume_proxy 1521 -0.480930036 -0.0366344952 -0.00736786187 0 0 0
volume_proxy 1522 0.63409957 0.577009287 -0.00897112713 0 0 0
volume_proxy 1523 1.27231117 -0.0632243349 -0.0100222621 0 0 0
volume_proxy 1525 -0.971598659 0.890418149 0.00368072939 0 0 0
volume_proxy 1526 1.05983261 -0.281142489 0.00959947733 0 0 0
volume_proxy 1528 0.477317989 -0.488723362 -0.00656633776 0 0 0
volume_proxy 1529 -0.896272676 0.0139969989 0.00857823692 0 0 0
volume_proxy 1530 -0.79823167 -0.224510165 -0.00522931023 0 0 0
