volume_proxy 0 0.529147703 -0.147060913 -0.000542515275 0 0 0
volume_proxy 5 0.768488852 -0.497469871 -1.62480664e-05 0 0 0
volume_proxy 6 -0.0293581882 -0.294698628 -0.00611873347 0 0 0
volume_proxy 11 0.79828029 0.144478469 0.00798422096 0 0 0
volume_proxy 12 0.0956217601 -0.842424052 -0.00155131221 0 0 0
volume_proxy 14 -0.479294395 0.271727302 -0.00293799132 0 0 0
volume_proxy 23 1.10494064 -0.768019881 -0.000754384104 0 0 0
volume_proxy 38 0.306543647 0.949212814 -0.00983368777 0 0 0
volume_proxy 40 -0.0449448623 -0.206652921 0.00598614148 0 0 0
volume_proxy 50 -0.474304257 -0.682536522 0.00399878373 0 0 0
volume_proxy 53 -0.645888001 0.901227555 9.46858919e-07 0 0 0
volume_proxy 58 1.45529031 -0.47576062 -0.00162844511 0 0 0
volume_proxy 60 0.938033002 0.172151948 0.00782941681 0 0 0
volume_proxy 72 0.177939228 0.0837708403 0.00740610107 0 0 0
volume_proxy 85 -1.41546283 0.33843508 0.00365026151 0 0 0
volume_proxy 97 1.11858266 0.459977757 -0.00311597356 0 0 0
volume_proxy 107 1.09620601 0.901955345 0.000958800578 0 0 0
volume_proxy 127 -1.23391302 0.492133614 0.00273194456 0 0 0
volume_proxy 130 1.06412862 0.106684702 -0.000303498754 0 0 0
volume_proxy 140 -0.275017311 0.986270356 -0.00969204454 0 0 0
volume_proxy 157 1.34266541 0.161778087 -0.00974112889 0 0 0
volume_proxy 159 -0.0544707294 0.698925613 0.00920426471 0 0 0
volume_proxy 161 0.827904976 -0.00584449776 -0.00361915423 0 0 0
volume_proxy 176 0.00721110867 -0.0977453862 -0.003734411 0 0 0
volume_proxy 186 -0.908038879 0.7740402 -0.00836336991 0 0 0
volume_proxy 189 -1.42316888 0.547331894 0.00490239326 0 0 0
volume_proxy 195 -0.438102996 -0.48337527 0.0096191217 0 0 0
volume_proxy 196 0.422915226 -0.401374311 0.0088633987 0 0 0
volume_proxy 200 -0.387738658 -0.891420796 0.00641582068 0 0 0
volume_proxy 202 -1.22417784 0.695861259 -0.00527856348 0 0 0
volume_proxy 209 -1.15773326 0.105554533 0.00539681391 0 0 0
volume_proxy 210 -0.713659761 0.608012355 -0.00627884468 0 0 0
volume_proxy 226 0.343639708 -0.647419387 -2.87021936e-05 0 0 0
volume_proxy 236 1.1063372 0.567139065 -0.00414950785 0 0 0
volume_proxy 247 1.10140443 0.803366921 0.00908004442 0 0 0
volume_proxy 256 -0.208481976 0.700965822 -0.00580814582 0 0 0
volume_proxy 259 0.40971495 0.255276123 0.00102957944 0 0 0
volume_proxy 269 0.221637358 -0.71333235 0.00853702092 0 0 0
volume_proxy 277 -1.13156355 0.00337551732 -0.00323893129 0 0 0
volume_proxy 296 0.232994302 -0.662864502 0.00337541601 0 0 0
volume_proxy 305 0.280443466 -0.140297005 0.00923652244 0 0 0
volume_proxy 310 1.49727608 -0.700282366 6.74052551e-05 0 0 0
volume_proxy 329 -1.49607215 -0.200613027 0.00566033155 0 0 0
volume_proxy 337 -0.748406801 0.696634295 -0.000498533596 0 0 0
volume_proxy 344 -1.38186857 0.771189094 0.0107337899 0 0 0
volume_proxy 347 -0.341633326 0.214351113 -0.00234401252 0 0 0
volume_proxy 349 -0.979321137 -0.187612068 0.00120356842 0 0 0
volume_proxy 356 -0.207063239 0.545732422 0.00712334521 0 0 0
volume_proxy 375 0.0614761412 -0.866976276 0.00990890495 0 0 0
volume_proxy 388 -0.341395659 0.382850893 -0.00169380296 0 0 0
volume_proxy 431 -1.49091681 0.0265295979 -0.00708148796 0 0 0
volume_proxy 802 1.26929994 0.657578699 -0.00315792912 0 0 0
volume_proxy 876 0.236636869 -0.429465247 -0.00496242615 0 0 0
volume_proxy 1052 0.0679057211 -0.421307954 -0.00682404102 0 0 0
volume_proxy 1066 0.56273885 0.930824043 -0.0106637446 0 0 0
volume_proxy 1120 -0.442635097 0.335179964 -0.00579220725 0 0 0
volume_proxy 1166 -0.549389068 0.92894791 -0.00149070443 0 0 0
volume_proxy 1169 1.3106953 -0.736471412 0.000533531457 0 0 0
volume_proxy 1172 -0.0121622965 0.31267194 0.00735767663 0 0 0
volume_proxy 1186 -0.739666214 -0.516991859 0.00127940724 0 0 0
volume_proxy 1193 -0.787076701 0.12898229 -0.00790520542 0 0 0
volume_proxy 1225 0.00238876544 -0.202990075 0.000464441781 0 0 0
volume_proxy 1245 -1.35496392 0.76975025 -0.00505458336 0 0 0
volume_proxy 1280 -1.17951614 0.62783945 0.00142354463 0 0 0
volume_proxy 1285 -1.09913807 0.711904687 0.00383179773 0 0 0
volume_proxy 1295 -0.606238683 0.819121278 -0.00113719106 0 0 0
volume_proxy 1296 0.253696272 -0.0732786673 -0.000891270225 0 0 0
volume_proxy 1335 0.323436303 -0.806872423 -0.00387383283 0 0 0
volume_proxy 1340 1.11720434 0.145535838 -0.00895437969 0 0 0
volume_proxy 1380 -0.288215876 0.0469670081 0.00832345024 0 0 0
volume_proxy 1386 -0.022013821 0.879071625 -0.00184559827 0 0 0
volume_proxy 1397 1.01110565 0.982964272 0.000249323329 0 0 0
volume_proxy 1403 0.446721324 0.352423481 0.00395499174 0 0 0
volume_proxy 1409 0.842465323 0.929088275 0.0103277086 0 0 0
volume_proxy 1413 0.902980892 0.655100966 0.00117010744 0 0 0
volume_proxy 1420 -1.27759531 0.166259195 -0.00146668506 0 0 0
volume_proxy 1421 -1.3833027 -0.163391978 0.00386470042 0 0 0
volume_proxy 1422 0.958856211 -0.971527456 -0.000331514653 0 0 0
volume_proxy 1423 -0.5931891 0.584241864 -0.0017395469 0 0 0
volume_proxy 1426 0.896970702 -0.37350297 -0.00757397217 0 0 0
volume_proxy 1429 1.21594047 -0.132717739 -0.0058755919 0 0 0
volume_proxy 1433 1.27910929 0.384136339 -0.00648620487 0 0 0
volume_proxy 1434 0.103949129 -0.586446141 -0.00462946205 0 0 0
volume_proxy 1437 0.095062256 -0.294639892 -0.0101679721 0 0 0
volume_proxy 1439 -0.651403431 0.805525111 -0.00919278586 0 0 0
volume_proxy 1440 0.723418711 -0.220129489 0.0019191163 0 0 0
volume_proxy 1444 -0.81160969 -0.783662364 -0.00691871815 0 0 0
volume_proxy 1445 -0.00664772898 -0.726269647 0.00162754548 0 0 0
volume_proxy 1447 1.03953797 -0.318418764 0.00627984235 0 0 0
volume_proxy 1459 -0.706546238 0.664384589 -0.00201161189 0 0 0
volume_proxy 1460 1.01015096 0.12789648 -0.00125625027 0 0 0
volume_proxy 1461 -1.17344447 0.670312113 -0.00335410253 0 0 0
volume_proxy 1462 -0.978993836 -0.0545022521 -0.00656801008 0 0 0
volume_proxy 1466 -0.60670771 -0.818742598 -0.00412223138 0 0 0
volume_proxy 1470 -1.37464851 -0.763606288 0.00956092144 0 0 0
volume_proxy 1471 0.282235932 0.738116713 0.00847813103 0 0 0
volume_proxy 1472 -0.981070448 0.66742334 -0.00222435735 0 0 0
volume_proxy 1474 0.92980319 -0.408507302 0.00305995955 0 0 0
volume_proxy 1481 1.25412721 0.630002974 0.00449844343 0 0 0
volume_proxy 1482 0.450270287 -0.998305697 -0.00677852647 0 0 0
volume_proxy 1485 0.177191599 -0.580595423 0.00115762385 0 0 0
volume_proxy 1486 1.2381345 -0.495798075 -0.00575217332 0 0 0
volume_proxy 1489 -0.416724009 0.652438355 -0.00981344887 0 0 0
volume_proxy 1490 1.15710155 0.730488137 0.00106223063 0 0 0
volume_proxy 1492 0.241479927 0.717015662 -0.00588750954 0 0 0
volume_proxy 1493 0.384556876 0.209964684 -0.000662815078 0 0 0
volume_proxy 1494 0.850926516 0.778644757 -0.00375767281 0 0 0
volume_proxy 1496 -1.17628753 0.422018086 -0.00338469491 0 0 0
volume_proxy 1497 0.0689723285 0.275868318 0.00391436689 0 0 0
volume_proxy 1498 -1.23163453 0.358353304 0.00958446601 0 0 0
volume_proxy 1501 -0.944412256 -0.670586689 -0.008337198 0 0 0
volume_proxy 1502 -0.875760497 -0.608474919 -0.00484932996 0 0 0
volume_proxy 1503 -0.600540097 0.077572292 0.00362509 0 0 0
volume_proxy 1505 0.0510329095 0.871157976 0.000330422889 0 0 0
volume_proxy 1506 0.266020081 0.276328215 0.0019036027 0 0 0
volume_proxy 1507 -1.03080078 -0.47780111 0.002189868 0 0 0
volume_proxy 1508 -0.299930831 -0.969739161 0.00754869342 0 0 0
volume_proxy 1509 -1.44067096 0.964351565 0.00650536262 0 0 0
volume_proxy 1510 0.644961595 -0.734850566 0.00826866714 0 0 0
volume_proxy 1511 1.17002068 0.266249492 -0.00209345155 0 0 0
volume_proxy 1512 -1.05156115 0.297768099 -0.00241802199 0 0 0
