volume_proxy 0 0.807268859 0.247534918 -0.0083524365 0 0 0
volume_proxy 5 0.988633624 -0.793867861 -0.00786446478 0 0 0
volume_proxy 6 -0.0916040772 -0.135172111 0.000352345007 0 0 0
volume_proxy 11 0.962595258 0.463623401 -0.00160136756 0 0 0
volume_proxy 12 0.397417093 -0.668540965 0.00434165551 0 0 0
volume_proxy 14 -0.828298501 0.210023424 0.00688586235 0 0 0
volume_proxy 23 0.892814132 -0.703149804 -0.000670850759 0 0 0
volume_proxy 38 0.583827912 0.333718122 0.00806719108 0 0 0
volume_proxy 40 -0.212936183 -0.139667137 -0.00172970922 0 0 0
volume_proxy 50 -0.865186107 -0.535470463 -0.0043330099 0 0 0
volume_proxy 53 -0.501514939 0.902479779 -0.00076382632 0 0 0
volume_proxy 58 0.742426904 -0.954057191 -0.0024869635 0 0 0
volume_proxy 60 0.457191784 0.514077553 0.0083375673 0 0 0
volume_proxy 72 0.0874387496 -0.208028584 0.000351208644 0 0 0
volume_proxy 85 -0.778889644 -0.00840636386 -0.00198966986 0 0 0
volume_proxy 97 0.722612 0.283438907 -0.00865966152 0 0 0
volume_proxy 107 1.09477405 0.844991951 0.00992963029 0 0 0
volume_proxy 127 -1.38895733 0.109459022 0.00737809583 0 0 0
volume_proxy 130 1.12540693 0.3200959 -0.00150426711 0 0 0
volume_proxy 140 0.117777121 0.908235894 0.00295063951 0 0 0
volume_proxy 157 0.953736071 0.00449509566 -0.00120002995 0 0 0
volume_proxy 159 0.306620355 0.923883293 -0.00959733836 0 0 0
volume_proxy 161 0.688703418 0.41949337 -0.00972446828 0 0 0
volume_proxy 176 0.184824315 0.191480652 -0.0106308197 0 0 0
volume_proxy 186 -0.837057566 0.231443742 0.00915843419 0 0 0
volume_proxy 189 -1.0240728 0.968959789 0.00427366683 0 0 0
volume_proxy 195 -0.0474575731 -0.855168465 -0.0044997361 0 0 0
volume_proxy 196 0.816290885 -0.585715449 -0.0091066617 0 0 0
volume_proxy 200 -0.431678625 -0.611399984 -0.000824795257 0 0 0
volume_proxy 202 -0.739372446 0.653793745 0.00792960809 0 0 0
volume_proxy 209 -1.20031083 0.333115675 0.000866806163 0 0 0
volume_proxy 210 -1.09682431 0.607488085 -0.00508624236 0 0 0
volume_proxy 226 -0.137795584 -0.780539197 0.0072351155 0 0 0
volume_proxy 236 1.13299834 0.678410995 0.00966287314 0 0 0
volume_proxy 247 1.20978214 0.940703592 0.00184297417 0 0 0
volume_proxy 256 -0.576440395 0.655044321 -0.00837535061 0 0 0
volume_proxy 259 0.483536957 0.462792409 -0.00367528406 0 0 0
volume_proxy 269 -0.143200171 -0.508769132 -0.00200597816 0 0 0
volume_proxy 277 -1.42551329 0.0423526675 0.00106425784 0 0 0
volume_proxy 296 -0.548030992 -0.63768909 0.00432846104 0 0 0
volume_proxy 305 0.457628946 -0.430359241 -0.00329030449 0 0 0
volume_proxy 310 0.664906252 -0.550692151 0.00165928375 0 0 0
volume_proxy 344 -0.944147437 0.756410634 -0.0106607381 0 0 0
volume_proxy 347 -0.422723116 0.163128543 -0.00836887487 0 0 0
volume_proxy 349 -0.996203041 -0.346130363 -0.00411492931 0 0 0
volume_proxy 356 0.19083219 0.873000705 -0.00602110781 0 0 0
volume_proxy 375 0.492275931 -0.683086748 0.00454916992 0 0 0
volume_proxy 388 -0.148793652 0.460863553 -0.00985612404 0 0 0
volume_proxy 802 1.40559423 0.257834265 0.00309870197 0 0 0
volume_proxy 876 -0.104743689 -0.517381071 0.0106618983 0 0 0
volume_proxy 1052 -0.578422693 -0.9231475 -0.00281577305 0 0 0
volume_proxy 1066 0.479499461 0.651483626 0.00558895784 0 0 0
volume_proxy 1120 -0.933852256 0.549644007 -0.00720243492 0 0 0
volume_proxy 1166 -0.40342849 0.470940042 0.00687233503 0 0 0
volume_proxy 1169 1.08448736 -0.78066342 -0.00167786013 0 0 0
volume_proxy 1186 -0.94867167 0.0576060555 0.00778500729 0 0 0
volume_proxy 1193 -0.92919754 -0.698394975 -0.00377852735 0 0 0
volume_proxy 1225 -0.220135238 -0.155277123 0.00165285623 0 0 0
volume_proxy 1245 -1.36264605 0.822186542 0.00621610183 0 0 0
volume_proxy 1280 -1.07542859 0.451237719 0.000485281785 0 0 0
volume_proxy 1285 -0.80112654 0.53623058 0.00777749023 0 0 0
volume_proxy 1295 -0.664587676 0.605400115 0.00731422349 0 0 0
volume_proxy 1296 0.114374845 -0.013158864 -0.00317532239 0 0 0
volume_proxy 1335 0.713475366 -0.674527408 -0.00602133477 0 0 0
volume_proxy 1340 1.35378884 0.0590888009 -0.00110455781 0 0 0
volume_proxy 1380 -0.19362646 0.26405266 -0.0103162992 0 0 0
volume_proxy 1386 0.132166454 0.571943804 -0.00898899046 0 0 0
volume_proxy 1397 0.968043738 0.264732192 -0.00289110195 0 0 0
volume_proxy 1409 0.642357522 0.997920783 -0.0033402492 0 0 0
volume_proxy 1413 1.06468206 0.51412111 -0.00351561971 0 0 0
volume_proxy 1420 -1.42253762 -0.0713636759 -0.00179736053 0 0 0
volume_proxy 1421 -1.02167622 -0.324833303 0.00165675451 0 0 0
volume_proxy 1422 1.18396964 -0.833640566 0.00166971443 0 0 0
volume_proxy 1426 0.801118221 0.0414465484 0.00291900498 0 0 0
volume_proxy 1429 1.15877432 -0.23039657 0.00761898228 0 0 0
volume_proxy 1433 1.35725091 0.475549351 0.0105236989 0 0 0
volume_proxy 1434 -0.12370428 -0.705685022 0.00117027524 0 0 0
volume_proxy 1437 -0.280102079 -0.196152931 0.00422211588 0 0 0
volume_proxy 1439 -0.541410742 0.732746176 -0.0103381006 0 0 0
volume_proxy 1440 0.981552235 -0.631769474 0.00553500298 0 0 0
volume_proxy 1445 -0.130590773 -0.929960647 -0.00813296011 0 0 0
volume_proxy 1447 0.972512731 -0.600586904 -0.00757544776 0 0 0
volume_proxy 1459 -1.001577 0.206153832 0.00410177155 0 0 0
volume_proxy 1460 1.27530079 0.280966103 -0.00930406887 0 0 0
volume_proxy 1461 -1.41889858 0.583468005 -6.59778154e-05 0 0 0
volume_proxy 1462 -1.16127275 -0.216946093 -0.010209078 0 0 0
volume_proxy 1466 -0.877597706 -0.0903676339 -0.0046892751 0 0 0
volume_proxy 1470 -1.46553676 -0.623783242 0.00534018558 0 0 0
volume_proxy 1471 -0.186504188 0.752993492 0.00142638325 0 0 0
volume_proxy 1472 -1.00726581 0.565483739 0.0100084852 0 0 0
volume_proxy 1474 0.487542198 -0.517420432 -0.00173482839 0 0 0
volume_proxy 1481 1.28344754 0.700362475 -0.00440482374 0 0 0
volume_proxy 1482 0.640619371 -0.607984227 -0.00103073311 0 0 0
volume_proxy 1485 0.246522346 -0.525047479 -0.00856685737 0 0 0
volume_proxy 1486 0.952514246 -0.39361378 -0.00119947239 0 0 0
volume_proxy 1489 -0.675284094 0.30094994 -0.00405125898 0 0 0
volume_proxy 1490 1.1969795 0.905421354 0.00671881622 0 0 0
volume_proxy 1492 0.563514562 0.64443339 -0.00462146498 0 0 0
volume_proxy 1493 0.282613074 0.421690565 0.00584492443 0 0 0
volume_proxy 1494 1.10901571 0.519386744 -0.00241058821 0 0 0
volume_proxy 1496 -1.33412727 0.175971025 -0.00250776383 0 0 0
volume_proxy 1497 0.0846345223 -0.0877369708 -0.00949915358 0 0 0
volume_proxy 1498 -1.21819664 0.400719411 -0.00208082401 0 0 0
volume_proxy 1501 -1.00154845 -0.68965405 0.00518215823 0 0 0
volume_proxy 1503 -0.255800859 -0.0176709724 -0.00492009229 0 0 0
volume_proxy 1505 -0.0479346568 0.799367363 -0.0101727316 0 0 0
volume_proxy 1506 0.599967169 0.876652287 -0.00525066515 0 0 0
volume_proxy 1507 -1.38352081 -0.603030517 0.00959173803 0 0 0
volume_proxy 1508 -0.641735896 -0.96017841 -0.00467496738 0 0 0
volume_proxy 1509 -1.39235152 0.585411275 -0.00425655303 0 0 0
volume_proxy 1510 0.545328822 -0.554356188 -0.0100433146 0 0 0
volume_proxy 1511 1.09090624 0.490091549 0.00967609218 0 0 0
volume_proxy 1512 -1.2153856 0.456886946 -0.0100272289 0 0 0
volume_proxy 1513 -0.846910929 0.881963163 -0.00422928773 0 0 0
volume_proxy 1514 -1.1731141 0.100671102 -0.00704601251 0 0 0
volume_proxy 1515 0.450873041 0.591599125 0.00197325572 0 0 0
volume_proxy 1516 -0.756389724 -0.869473108 0.00654130851 0 0 0
