volume_proxy 0 0.376161127 -0.507295945 -0.000259348189 0 0 0
volume_proxy 6 -0.109721733 0.741338874 -0.00805192758 0 0 0
volume_proxy 11 1.44882913 0.847919923 -0.00238708101 0 0 0
volume_proxy 12 1.09774444 -0.128947222 0.00422757479 0 0 0
volume_proxy 14 -1.29930436 0.40044482 0.010421512 0 0 0
volume_proxy 23 0.314373467 -0.287697784 0.00219822618 0 0 0
volume_proxy 38 -1.25306386 -0.929832041 -0.00690791785 0 0 0
volume_proxy 40 -0.851749743 0.282297192 -0.00809118198 0 0 0
volume_proxy 50 -0.730006406 -0.485997894 -0.00117691529 0 0 0
volume_proxy 53 -1.15331285 0.655285345 -0.0102574009 0 0 0
volume_proxy 58 1.26610658 -0.72173804 -9.90362597e-05 0 0 0
volume_proxy 60 0.227851736 0.729464462 0.00992104058 0 0 0
volume_proxy 85 -1.43075302 0.436369149 -0.000371872466 0 0 0
volume_proxy 97 0.981755844 0.879825069 0.00415695036 0 0 0
volume_proxy 107 0.946775485 0.147238901 -0.000351079904 0 0 0
volume_proxy 127 -0.968041836 -0.771019039 0.00116758535 0 0 0
volume_proxy 130 0.470244932 -0.478581626 0.00673326791 0 0 0
volume_proxy 140 -0.75615229 0.790511533 -0.00126930281 0 0 0
volume_proxy 157 0.398620839 -0.88457292 -0.00477583806 0 0 0
volume_proxy 159 1.32796677 0.831492818 -0.000581640153 0 0 0
volume_proxy 161 -0.438206946 0.530889044 -0.00488679661 0 0 0
volume_proxy 176 1.4561751 -0.0472268393 0.00228001461 0 0 0
volume_proxy 186 -1.05245086 -0.420223245 0.00396203907 0 0 0
volume_proxy 189 -0.288828097 -0.376592065 -0.0104812533 0 0 0
volume_proxy 195 -1.40848812 -0.913759779 0.00749005848 0 0 0
volume_proxy 196 0.494804134 0.536597504 -0.000521916277 0 0 0
volume_proxy 200 -1.39042701 -0.210037667 -0.00364139009 0 0 0
volume_proxy 202 0.116534086 0.916348727 0.00106961668 0 0 0
volume_proxy 209 -0.973488838 0.277696896 -0.00162119302 0 0 0
volume_proxy 210 0.0275341072 0.890834025 -0.00317790184 0 0 0
volume_proxy 226 0.620383404 -0.780344491 0.00403411437 0 0 0
volume_proxy 236 1.23507374 -0.758393436 0.00158268747 0 0 0
volume_proxy 247 1.21510356 0.581565854 0.00818466431 0 0 0
volume_proxy 256 -1.01159387 0.93600388 -0.00539516981 0 0 0
volume_proxy 259 0.817859676 0.450682221 -0.00136883574 0 0 0
volume_proxy 269 -1.38124661 0.073793087 0.00600381236 0 0 0
volume_proxy 277 -0.367860877 -0.104568605 -0.00992730896 0 0 0
volume_proxy 296 -1.37034638 0.998424826 0.00727760583 0 0 0
volume_proxy 305 0.823872211 -0.311716807 0.00992547368 0 0 0
volume_proxy 310 0.43873309 0.314309009 -0.00525507809 0 0 0
volume_proxy 344 -1.32073321 -0.293492798 -0.00512612049 0 0 0
volume_proxy 347 -0.641895472 0.793782084 0.00376149521 0 0 0
volume_proxy 356 -0.376145245 0.171405301 -0.00627115233 0 0 0
volume_proxy 375 0.665817268 -0.270766886 0.00900276531 0 0 0
volume_proxy 388 1.42360646 0.0148380194 -0.0065661628 0 0 0
volume_proxy 802 0.990582033 0.416754096 -0.0010334732 0 0 0
volume_proxy 1052 -1.33319946 -0.585816974 0.00745539872 0 0 0
volume_proxy 1066 -0.0178091607 0.531347187 -0.0101731608 0 0 0
volume_proxy 1120 -0.717567229 0.454705967 0.00840660431 0 0 0
volume_proxy 1166 -0.774313747 -0.228146366 -0.00846445096 0 0 0
volume_proxy 1193 -1.15102722 -0.376369765 -0.00826139632 0 0 0
volume_proxy 1225 -0.982191944 -0.521206324 0.00650103073 0 0 0
volume_proxy 1245 -1.32982473 0.0441251274 -0.00400466927 0 0 0
volume_proxy 1280 -0.383290541 0.999625614 -0.00658651462 0 0 0
volume_proxy 1285 -1.17709521 0.670373276 0.00865489454 0 0 0
volume_proxy 1295 0.793683304 -0.0479939211 0.00448465434 0 0 0
volume_proxy 1296 0.00555457227 -0.759127915 -0.00671670547 0 0 0
volume_proxy 1340 0.697305142 0.404544985 0.00422415748 0 0 0
volume_proxy 1380 -0.856135556 -0.177231461 0.00363878721 0 0 0
volume_proxy 1386 1.42981775 0.594128732 0.00883658298 0 0 0
volume_proxy 1397 0.747019099 0.650182489 0.00549253901 0 0 0
volume_proxy 1409 -0.159106124 0.693444435 0.000609752037 0 0 0
volume_proxy 1413 1.48001644 0.695008422 -0.00217399682 0 0 0
volume_proxy 1422 0.0940678762 -0.82759532 -0.0102613246 0 0 0
volume_proxy 1433 1.175061 0.601243562 0.00082593744 0 0 0
volume_proxy 1437 0.177004745 -0.163220512 0.00304506053 0 0 0
volume_proxy 1459 -1.29302507 0.0392093067 -0.00262855556 0 0 0
volume_proxy 1460 0.181370918 0.921427791 -3.90199915e-05 0 0 0
volume_proxy 1461 -1.06739764 0.841859116 0.00358469668 0 0 0
volume_proxy 1466 -0.373540978 0.200033393 -0.00419504382 0 0 0
volume_proxy 1472 -1.34017551 0.694106922 -0.00875495586 0 0 0
volume_proxy 1474 1.48524043 -0.564141903 0.00748289956 0 0 0
volume_proxy 1481 0.744750352 0.714201996 -0.00126111314 0 0 0
volume_proxy 1482 0.992272316 0.442259739 0.00282624665 0 0 0
volume_proxy 1485 0.470520593 -0.300483506 0.00756608567 0 0 0
volume_proxy 1489 0.213374835 -0.969630484 -0.00157289774 0 0 0
volume_proxy 1490 1.09255481 0.965231682 -0.0078328169 0 0 0
volume_proxy 1496 -1.34529468 0.67202731 -0.00192299038 0 0 0
volume_proxy 1498 -0.0765739757 0.223988572 -0.00873294025 0 0 0
volume_proxy 1503 -0.921008531 -0.605911817 0.00404610418 0 0 0
volume_proxy 1506 0.030725955 0.703193606 -0.0012816506 0 0 0
volume_proxy 1507 -1.27119083 0.123054222 0.00503462373 0 0 0
volume_proxy 1508 -0.328199118 -0.370758921 -0.00429451268 0 0 0
volume_proxy 1509 -1.26872942 0.107632871 0.00821989811 0 0 0
volume_proxy 1510 0.0862224404 -0.689640212 0.00369889166 0 0 0
volume_proxy 1511 1.14175892 0.432369651 -0.00141134231 0 0 0
volume_proxy 1513 -1.48865198 0.632185827 0.00981730257 0 0 0
volume_proxy 1515 0.753951454 -0.6180072 -0.00842984474 0 0 0
volume_proxy 1516 -0.115410455 -0.951666445 0.00177236445 0 0 0
volume_proxy 1517 -1.02169499 -0.200889415 0.00618594776 0 0 0
volume_proxy 1519 -0.0414859077 -0.602246938 -0.00970959536 0 0 0
volume_proxy 1520 0.249932633 -0.30118218 0.00885680589 0 0 0
volume_proxy 1521 -1.12535538 -0.628685198 -0.00623824707 0 0 0
volume_proxy 1523 0.442963924 0.000657390205 -0.00490470058 0 0 0
volume_proxy 1525 -0.720864369 0.915163805 0.000978818059 0 0 0
volume_proxy 1526 0.923491314 -0.617981707 -0.00939059537 0 0 0
volume_proxy 1528 0.601766479 -0.655679378 -0.00534815613 0 0 0
volume_proxy 1529 -1.07204704 0.351105566 0.00101329851 0 0 0
volume_proxy 1531 0.316390101 0.381556925 -0.00297259456 0 0 0
volume_proxy 1533 1.249383 -0.14247928 0.00955778581 0 0 0
volume_proxy 1534 0.359705733 0.886874276 0.00354754347 0 0 0
volume_proxy 1535 0.773898751 0.618001558 0.0101728331 0 0 0
volume_proxy 1536 -0.731457909 -0.704585842 -0.00587879935 0 0 0
volume_proxy 1537 -0.521990087 -0.759088358 0.000874575236 0 0 0
volume_proxy 1538 1.39789082 0.125568475 0.00834205482 0 0 0
