volume_proxy 0 1.40699482 -0.316960959 -0.00678924768 0 0 0
volume_proxy 5 0.926462947 -0.104169592 -0.00409865417 0 0 0
volume_proxy 6 0.329991689 0.0403635152 -0.00819159612 0 0 0
volume_proxy 11 1.10172135 0.0950674854 0.00549915512 0 0 0
volume_proxy 12 1.17873796 -0.292013283 0.00438128074 0 0 0
volume_proxy 14 -0.470745376 -0.0415743584 -0.0063539416 0 0 0
volume_proxy 23 0.688519785 -0.969576899 0.00198095143 0 0 0
volume_proxy 38 0.679790194 -0.0931611314 -0.00772899264 0 0 0
volume_proxy 40 -0.0473064827 -0.222266965 0.000104255205 0 0 0
volume_proxy 50 -0.770073072 -0.720046964 0.00559372267 0 0 0
volume_proxy 53 -0.689810987 0.284795743 -0.0071222502 0 0 0
volume_proxy 58 1.18478867 -0.593676411 -0.00738849819 0 0 0
volume_proxy 60 1.09054107 0.44902616 0.000745089799 0 0 0
volume_proxy 72 0.115319982 -0.026775122 -0.00743883105 0 0 0
volume_proxy 85 -0.977149938 0.00370940139 0.00445215297 0 0 0
volume_proxy 88 -0.9009198 -0.450461026 -0.0025616666 0 0 0
volume_proxy 97 1.15078159 0.395997566 0.004094578 0 0 0
volume_proxy 105 0.625869871 0.0224131104 0.00467332636 0 0 0
volume_proxy 107 1.38580681 0.876335477 -0.00306024458 0 0 0
volume_proxy 127 -1.27579374 0.566253987 -0.00890737652 0 0 0
volume_proxy 130 1.33102531 0.0526427504 -0.00299810587 0 0 0
volume_proxy 140 -0.726309812 0.327551037 -0.010040584 0 0 0
volume_proxy 157 1.45151207 -0.402568988 0.00949624179 0 0 0
volume_proxy 159 0.0756991425 0.109685707 -0.00710224029 0 0 0
volume_proxy 161 0.504020476 -0.0568950525 0.00923086074 0 0 0
volume_proxy 176 0.542365121 -0.0545575375 0.00350282132 0 0 0
volume_proxy 186 -0.808761489 0.224556362 0.00733035717 0 0 0
volume_proxy 189 -0.841944585 0.963234443 -0.00158308687 0 0 0
volume_proxy 195 -0.392403829 0.0403441903 -0.00456236293 0 0 0
volume_proxy 196 0.156540445 -0.467930966 0.00606798082 0 0 0
volume_proxy 200 -0.4291547 -0.737750997 -0.00598851785 0 0 0
volume_proxy 202 -1.24677628 0.623066107 0.0052997442 0 0 0
volume_proxy 209 -1.22102849 0.242482812 -0.00538878552 0 0 0
volume_proxy 210 -1.3309289 0.660657563 0.000138843812 0 0 0
volume_proxy 226 -0.406649182 -0.702573906 0.00399784246 0 0 0
volume_proxy 236 0.701696952 0.945193652 0.00817039712 0 0 0
volume_proxy 247 0.340464146 0.800991279 -0.00365910347 0 0 0
volume_proxy 256 -0.893322201 0.381583931 -0.00626314359 0 0 0
volume_proxy 259 0.380064545 0.113729296 0.00961878108 0 0 0
volume_proxy 269 0.131701592 -0.0471945515 0.000979385738 0 0 0
volume_proxy 277 -1.32612532 -0.109267181 0.00101620192 0 0 0
volume_proxy 296 0.374895717 -0.222846555 0.00468364362 0 0 0
volume_proxy 305 0.217778073 -0.776701134 0.00210243986 0 0 0
volume_proxy 310 1.16492671 -0.0374861767 0.00798310436 0 0 0
volume_proxy 329 -0.649505649 -0.837581447 0.00569728254 0 0 0
volume_proxy 337 -0.959987776 0.924335706 -0.00342136257 0 0 0
volume_proxy 344 -0.907366425 0.769751956 0.00583423213 0 0 0
volume_proxy 347 -0.81846952 -0.374506387 -0.00341204614 0 0 0
volume_proxy 349 -0.401893246 0.0849407922 -0.00898514455 0 0 0
volume_proxy 356 -0.00562761079 0.522005479 0.00614845838 0 0 0
volume_proxy 375 0.467979529 -0.30031616 -0.00911966523 0 0 0
volume_proxy 388 -1.1533289 0.772395533 0.010719522 0 0 0
volume_proxy 431 -1.12366138 -0.156361937 0.00328058145 0 0 0
volume_proxy 802 1.22383347 0.302401281 -0.00178974784 0 0 0
volume_proxy 876 0.443574066 -0.99775965 -0.0093395928 0 0 0
volume_proxy 1052 -0.0493820381 -0.799708307 0.00804166229 0 0 0
volume_proxy 1066 0.724399106 0.485009675 -0.000973355929 0 0 0
volume_proxy 1120 -0.109581619 0.689131489 -0.0105191963 0 0 0
volume_proxy 1166 -0.602742616 0.860500177 0.000440056447 0 0 0
volume_proxy 1169 1.3945998 -0.958033753 -0.00791423912 0 0 0
volume_proxy 1172 0.194922924 0.697082411 -0.00822865107 0 0 0
volume_proxy 1186 -0.490490567 -0.154518194 0.00297285157 0 0 0
volume_proxy 1193 -0.683883636 0.0795271487 0.0018443654 0 0 0
volume_proxy 1219 -0.960253309 0.921062266 -0.00133807964 0 0 0
volume_proxy 1225 -0.113196206 -0.177647095 0.000161056815 0 0 0
volume_proxy 1245 -1.19227342 0.680598977 0.00742895937 0 0 0
volume_proxy 1280 -1.31850093 0.535943156 0.00181623347 0 0 0
volume_proxy 1285 -1.06231305 0.993167326 0.00464042073 0 0 0
volume_proxy 1295 -1.2036294 0.833742817 -0.0035205366 0 0 0
volume_proxy 1296 -0.0650114514 0.0385459675 -0.00144564837 0 0 0
volume_proxy 1301 -1.41210265 0.866593955 0.00887405763 0 0 0
volume_proxy 1326 0.840112323 -0.0642440167 -0.0079242438 0 0 0
volume_proxy 1335 0.0652330906 -0.871902018 -0.000571875681 0 0 0
volume_proxy 1340 0.979819003 0.649268675 0.00050733305 0 0 0
volume_proxy 1380 -0.162656029 0.297886777 -0.000640177233 0 0 0
volume_proxy 1386 0.35858033 0.98389261 0.00935911775 0 0 0
volume_proxy 1390 -1.46753398 0.865752777 -0.0083749588 0 0 0
volume_proxy 1392 -0.0274160575 -0.601874868 0.0107028826 0 0 0
volume_proxy 1397 0.621415684 0.668307235 -0.00954465971 0 0 0
volume_proxy 1403 0.651241413 -0.23897128 0.00202296392 0 0 0
volume_proxy 1405 -0.0477121382 0.64893772 0.00731971292 0 0 0
volume_proxy 1409 1.487179 0.618912747 0.00855030394 0 0 0
volume_proxy 1413 0.280970707 0.775684089 0.00301197536 0 0 0
volume_proxy 1418 -1.46386767 0.0134531931 -0.00883862307 0 0 0
volume_proxy 1420 -1.40041294 -0.327052838 -0.000423760138 0 0 0
volume_proxy 1421 -1.46111334 -0.275359208 -0.00971521231 0 0 0
volume_proxy 1422 1.25518838 -0.910279129 0.0083205036 0 0 0
volume_proxy 1423 -0.674818856 0.901442782 -0.000839878334 0 0 0
volume_proxy 1426 0.998766503 -0.58894667 0.00388239475 0 0 0
volume_proxy 1428 -0.0316147572 0.634443876 -0.0069308123 0 0 0
volume_proxy 1429 1.00752626 -0.213691677 -0.00390856992 0 0 0
volume_proxy 1433 1.0486294 0.59809273 0.000845122353 0 0 0
volume_proxy 1434 0.462916413 -0.589142437 -0.00966069859 0 0 0
volume_proxy 1437 -0.352187323 -0.512171328 0.00421528956 0 0 0
volume_proxy 1439 -0.486568872 0.922594236 0.0090855908 0 0 0
volume_proxy 1440 0.625578006 -0.640517615 -0.00867835565 0 0 0
volume_proxy 1444 -1.05411065 -0.570343225 0.0067048186 0 0 0
volume_proxy 1445 0.353047501 -0.759055287 0.00247219069 0 0 0
volume_proxy 1447 1.38515829 -0.542297442 -0.00236174874 0 0 0
volume_proxy 1459 -0.814120426 0.918931338 0.0105092243 0 0 0
volume_proxy 1460 1.03973463 0.229135025 0.00486187222 0 0 0
volume_proxy 1461 -1.02435365 0.674129269 0.00653822345 0 0 0
volume_proxy 1462 -1.04499226 -0.200076486 0.00873628214 0 0 0
volume_proxy 1466 -0.987236087 -0.867587733 -0.00181293486 0 0 0
volume_proxy 1470 -1.31219667 -0.587054273 -0.00588861865 0 0 0
volume_proxy 1471 -0.319866341 0.866043933 0.000445048258 0 0 0
volume_proxy 1472 -0.57688078 0.739805783 0.00929136113 0 0 0
volume_proxy 1474 1.20140577 -0.914727517 -0.00447133106 0 0 0
volume_proxy 1475 1.067353 0.110613914 0.00295296536 0 0 0
volume_proxy 1481 1.31136411 0.60714581 0.00657659033 0 0 0
volume_proxy 1482 0.685292159 -0.915719616 0.00233867402 0 0 0
volume_proxy 1485 -0.00524780885 -0.500553319 -0.00347544415 0 0 0
volume_proxy 1486 0.95166987 -0.764558631 -0.00928546127 0 0 0
volume_proxy 1489 -0.496500393 0.646025486 -0.00422123563 0 0 0
volume_proxy 1490 0.973809725 0.853543984 -0.00455171219 0 0 0
volume_proxy 1491 -0.754597227 -0.313654165 -0.0051202624 0 0 0
volume_proxy 1492 0.112482639 0.208815713 0.00285543724 0 0 0
volume_proxy 1493 0.501648983 0.397055321 0.00944597867 0 0 0
volume_proxy 1494 0.851435745 0.476261733 0.00271230671 0 0 0
volume_proxy 1495 0.976893759 -0.623337201 -0.00582334562 0 0 0
volume_proxy 1496 -0.92374982 0.671872424 0.00472268056 0 0 0
volume_proxy 1497 0.350221962 0.480459494 0.00189789459 0 0 0
volume_proxy 1498 -1.22581396 0.818794239 -0.0106273126 0 0 0
volume_proxy 1501 -0.794645759 -0.924572009 0.00429484788 0 0 0
volume_proxy 1502 -1.09221058 -0.604895747 0.00381504327 0 0 0
volume_proxy 1503 -0.0745844256 0.0239221458 -0.0102695024 0 0 0
volume_proxy 1504 0.090539162 -0.721158639 0.0101550601 0 0 0
