volume_proxy 0 1.48213 -0.46159428 0.00549116674 0 0 0
volume_proxy 5 0.869576543 0.0721737713 -0.00434254256 0 0 0
volume_proxy 6 0.414894696 0.152999347 0.00822518911 0 0 0
volume_proxy 11 1.07677817 0.205454648 -0.00208747961 0 0 0
volume_proxy 12 1.4386852 -0.285588236 0.00314388016 0 0 0
volume_proxy 14 -0.428173592 -0.425508532 -0.0010177236 0 0 0
volume_proxy 23 0.470822196 -0.57829942 0.0033661145 0 0 0
volume_proxy 38 0.962251561 0.283314112 -0.00997675702 0 0 0
volume_proxy 40 0.0576512931 -0.392858899 -0.00294156681 0 0 0
volume_proxy 50 -0.408203412 -0.670787772 -0.00820133799 0 0 0
volume_proxy 53 -0.748457956 0.296419697 -0.0103071508 0 0 0
volume_proxy 58 1.45913415 -0.742237198 -0.00311993442 0 0 0
volume_proxy 60 1.0131238 0.766504693 0.00317818881 0 0 0
volume_proxy 61 0.286042861 -0.561006007 0.00103004716 0 0 0
volume_proxy 72 -0.00380659146 0.306087982 0.00221384136 0 0 0
volume_proxy 85 -1.14846041 -0.169003475 0.00410471986 0 0 0
volume_proxy 88 -0.979642182 -0.514775567 0.00792821522 0 0 0
volume_proxy 97 0.874701828 0.19002839 -0.00819727392 0 0 0
volume_proxy 101 -1.44510418 0.730475647 0.00036368345 0 0 0
volume_proxy 105 0.15159792 -0.280139203 0.00482028296 0 0 0
volume_proxy 107 1.34384727 0.642525561 -0.00357837745 0 0 0
volume_proxy 127 -0.864647526 0.33537029 -0.00917602873 0 0 0
volume_proxy 130 1.35842552 0.521620224 -0.00998935851 0 0 0
volume_proxy 140 -0.341186917 0.0784653355 -0.00130621802 0 0 0
volume_proxy 157 1.36986477 -0.496956461 -0.00200217006 0 0 0
volume_proxy 159 0.43417848 -0.0762781533 0.000482992345 0 0 0
volume_proxy 161 0.667943337 0.19648786 0.00192751797 0 0 0
volume_proxy 176 0.633254062 -0.565781632 0.00508643246 0 0 0
volume_proxy 186 -0.36122491 0.110409467 -0.000326121733 0 0 0
volume_proxy 189 -0.96584477 0.920348899 0.00637064184 0 0 0
volume_proxy 195 -0.148675658 0.228609732 0.00379794426 0 0 0
volume_proxy 196 0.364136816 -0.2523862 0.00506586838 0 0 0
volume_proxy 200 -0.538617467 -0.758417697 0.00309221007 0 0 0
volume_proxy 202 -0.944349571 0.740519899 -0.00957579841 0 0 0
volume_proxy 209 -1.07226242 0.391031251 -0.00780308244 0 0 0
volume_proxy 210 -0.769014182 0.67304133 -0.00986531306 0 0 0
volume_proxy 226 -0.492240063 -0.530560284 0.0011248888 0 0 0
volume_proxy 236 0.36885515 0.888701765 -0.00329088432 0 0 0
volume_proxy 247 0.518993163 0.433762284 -0.004997681 0 0 0
volume_proxy 256 -0.709109417 0.219614529 0.010499759 0 0 0
volume_proxy 259 0.303003435 0.101121116 -0.00443929586 0 0 0
volume_proxy 269 0.141268988 -0.0952410663 0.00469128339 0 0 0
volume_proxy 277 -1.40852391 -0.262684757 -0.00783406196 0 0 0
volume_proxy 296 -0.17047397 -0.197563509 -0.0102067078 0 0 0
volume_proxy 305 0.710030737 -0.843211508 -0.00546960282 0 0 0
volume_proxy 310 1.08461502 0.155991311 -0.0105391671 0 0 0
volume_proxy 329 -0.550905329 -0.751271915 -0.00940880012 0 0 0
volume_proxy 337 -0.905377989 0.98970321 -0.00941840076 0 0 0
volume_proxy 344 -0.971163029 0.841849963 -0.00625500854 0 0 0
volume_proxy 347 -0.509372908 -0.426505378 -0.00627433828 0 0 0
volume_proxy 349 -0.521157617 0.200964783 -0.00961052176 0 0 0
volume_proxy 356 0.395312042 0.798003613 0.00324938295 0 0 0
volume_proxy 375 0.889620164 -0.391243626 -0.00409045196 0 0 0
volume_proxy 388 -1.11804757 0.413707737 -0.00821504646 0 0 0
volume_proxy 431 -1.26236641 -0.193036236 -0.00340551038 0 0 0
volume_proxy 802 1.19350893 -0.0608002787 -0.00921891722 0 0 0
volume_proxy 876 0.265936726 -0.999276166 -0.0082592235 0 0 0
volume_proxy 1052 0.254926478 -0.962741526 -0.0106325313 0 0 0
volume_proxy 1066 0.749822699 0.332052675 -0.0101627525 0 0 0
volume_proxy 1093 -0.0509049487 0.208125302 0.00343811861 0 0 0
volume_proxy 1120 -0.409082866 0.77435176 -0.00979893413 0 0 0
volume_proxy 1166 -0.480569666 0.739708346 -0.00180533279 0 0 0
volume_proxy 1169 1.32726225 -0.798230392 0.000845335352 0 0 0
volume_proxy 1172 -0.0420097659 0.686227052 -0.00720501925 0 0 0
volume_proxy 1186 -0.783732669 -0.607586175 0.000862036902 0 0 0
volume_proxy 1193 -0.478547325 0.124321015 -0.0032859823 0 0 0
volume_proxy 1219 -0.738321125 0.896704257 0.00987287133 0 0 0
volume_proxy 1225 0.0268045111 -0.317361903 -0.000544777425 0 0 0
volume_proxy 1245 -1.45372938 0.686377413 -0.00930948068 0 0 0
volume_proxy 1270 0.0123551082 -0.20702012 -0.00652508013 0 0 0
volume_proxy 1280 -1.27754703 0.952186766 -0.00671279042 0 0 0
volume_proxy 1285 -1.12380106 0.988639467 -0.00713652213 0 0 0
volume_proxy 1295 -1.31359852 0.702231918 0.00980714871 0 0 0
volume_proxy 1296 -0.0503546617 -0.242032996 0.00998886491 0 0 0
volume_proxy 1301 -1.27577428 0.932533865 0.00362981794 0 0 0
volume_proxy 1326 0.590090338 -0.285698506 0.00856708844 0 0 0
volume_proxy 1335 0.0302429979 -0.477012053 0.00273102148 0 0 0
volume_proxy 1340 0.792365564 0.511433432 0.010765206 0 0 0
volume_proxy 1380 -0.26606376 0.510169649 0.00966127058 0 0 0
volume_proxy 1381 0.305156124 0.584918192 -0.00496432776 0 0 0
volume_proxy 1386 0.613313818 0.944657941 0.00661759987 0 0 0
volume_proxy 1390 -1.44623609 0.930868939 -0.00790815548 0 0 0
volume_proxy 1392 0.0362296084 -0.596865919 -0.00633523642 0 0 0
volume_proxy 1397 0.496091203 0.426291431 -0.00402370435 0 0 0
volume_proxy 1398 -1.46355194 0.667510331 -0.000792403428 0 0 0
volume_proxy 1403 0.527802772 -0.117949912 -0.00114733846 0 0 0
volume_proxy 1405 -0.107139544 0.69204497 -0.00670398288 0 0 0
volume_proxy 1408 0.45885487 0.621129645 0.00826097754 0 0 0
volume_proxy 1409 1.24714301 0.5104324 0.00652406895 0 0 0
volume_proxy 1413 0.573089913 0.845363781 -0.00554646763 0 0 0
volume_proxy 1418 -1.25573983 -0.190849646 0.00920166915 0 0 0
volume_proxy 1420 -1.40272513 0.0147828602 0.000527019924 0 0 0
volume_proxy 1421 -1.38477451 -0.240100059 -0.00934495109 0 0 0
volume_proxy 1422 1.02068906 -0.990233052 0.00617159218 0 0 0
volume_proxy 1423 -0.530388042 0.803123455 0.00211397406 0 0 0
volume_proxy 1425 -1.28022822 -0.763383512 -0.00979631211 0 0 0
volume_proxy 1426 0.864011367 -0.622423247 -0.0101073038 0 0 0
volume_proxy 1428 -0.216753891 0.627405465 0.00421706564 0 0 0
volume_proxy 1429 1.01539609 -0.1957296 -0.00876043731 0 0 0
volume_proxy 1433 0.911609596 0.304490525 -0.00635464639 0 0 0
volume_proxy 1434 0.615817958 -0.505805344 -0.00931964968 0 0 0
volume_proxy 1436 -0.733741519 -0.940797016 -0.00910087813 0 0 0
volume_proxy 1437 -0.270569768 -0.531436256 -0.00775410594 0 0 0
volume_proxy 1439 -0.554885031 0.820015061 -0.00857183225 0 0 0
volume_proxy 1440 0.59856033 -0.565715455 0.00155152008 0 0 0
volume_proxy 1444 -0.995428429 -0.300972801 0.00388452353 0 0 0
volume_proxy 1445 0.48170077 -0.72799367 0.00718605646 0 0 0
volume_proxy 1447 1.37532985 -0.486822737 -0.00763779616 0 0 0
volume_proxy 1454 -1.02874418 -0.713492561 0.004869719 0 0 0
volume_proxy 1459 -0.824348813 0.980385938 -0.00889789953 0 0 0
volume_proxy 1460 0.888241997 0.275136949 -0.00756943664 0 0 0
volume_proxy 1461 -1.14416337 0.460147042 0.000479313552 0 0 0
volume_proxy 1462 -0.964284994 -0.807522939 -0.00793572701 0 0 0
volume_proxy 1464 -0.773516877 -0.909765373 0.00479758651 0 0 0
volume_proxy 1466 -1.20252409 -0.744611727 -0.00779366635 0 0 0
volume_proxy 1470 -1.28749076 -0.749539708 0.000571756663 0 0 0
volume_proxy 1471 -0.519032636 0.870425243 -0.00572638043 0 0 0
volume_proxy 1472 -0.470581074 0.752878641 -0.00840627461 0 0 0
volume_proxy 1474 0.929633741 -0.981004601 0.00277899445 0 0 0
volume_proxy 1475 0.989378585 0.123713227 -0.00163384829 0 0 0
volume_proxy 1481 1.1162459 0.580782412 0.00576750261 0 0 0
volume_proxy 1482 0.276057261 -0.845302929 0.00691592505 0 0 0
volume_proxy 1483 0.0276174072 -0.975794922 -0.00431857833 0 0 0
volume_proxy 1485 0.152570071 -0.29900319 -0.00781053432 0 0 0
volume_proxy 1486 1.0632506 -0.640451728 -0.00374667562 0 0 0
volume_proxy 1489 -0.661903758 0.675725139 -0.00462954343 0 0 0
volume_proxy 1490 0.883633381 0.928382729 0.00395015656 0 0 0
volume_proxy 1491 -0.406454918 -0.49244781 -0.00226109517 0 0 0
volume_proxy 1492 0.0870123091 0.142250995 0.00950137405 0 0 0
volume_proxy 1493 0.447630028 0.390842529 -0.00535262107 0 0 0
volume_proxy 1494 0.655239527 0.467660314 0.0103460316 0 0 0
volume_proxy 1495 1.1925419 -0.647310496 0.000243905502 0 0 0
volume_proxy 1496 -1.16597028 0.886664321 0.00564314912 0 0 0
