volume_proxy 0 1.3309169 0.0291845437 -0.00436915877 0 0 0
volume_proxy 5 0.412840795 -0.0805172899 0.00468351197 0 0 0
volume_proxy 6 0.451051107 -0.3472216 0.00651123731 0 0 0
volume_proxy 11 1.01973226 0.394899433 -0.00747572348 0 0 0
volume_proxy 12 1.23902641 -0.497679298 -0.00978825175 0 0 0
volume_proxy 14 -0.130691707 -0.28415515 0.00650706854 0 0 0
volume_proxy 23 -0.00593087672 0.153764992 -0.00600371713 0 0 0
volume_proxy 38 0.688920104 0.022017592 0.00177065237 0 0 0
volume_proxy 40 0.397199079 -0.989887029 -0.00546177972 0 0 0
volume_proxy 50 -0.213028968 -0.266545582 -0.00651117277 0 0 0
volume_proxy 53 -0.230731599 0.273160184 -0.000227232931 0 0 0
volume_proxy 58 1.31054077 -0.36531493 0.00708729083 0 0 0
volume_proxy 60 0.407977727 0.391075098 0.00942152422 0 0 0
volume_proxy 61 0.0873159534 -0.750691442 -0.00442666955 0 0 0
volume_proxy 72 0.322672438 -0.113784789 -0.0104358369 0 0 0
volume_proxy 85 -0.904236176 -0.0482643131 0.00600170611 0 0 0
volume_proxy 88 -0.761091275 -0.474903333 -0.00266365374 0 0 0
volume_proxy 97 1.41791269 -0.215042942 -0.00777072924 0 0 0
volume_proxy 101 -1.23351326 0.860103801 -0.00967716129 0 0 0
volume_proxy 105 0.236438859 -0.395574576 -0.0100629421 0 0 0
volume_proxy 107 1.36534604 0.450015805 0.00537128279 0 0 0
volume_proxy 108 0.981838542 0.684115349 0.00396823141 0 0 0
volume_proxy 127 -0.815248469 0.553052494 0.0056793097 0 0 0
volume_proxy 130 1.41309215 0.472896306 0.00387297498 0 0 0
volume_proxy 140 -0.542954432 0.114002115 -0.00230054743 0 0 0
volume_proxy 157 0.718269044 -0.322690226 0.00453378576 0 0 0
volume_proxy 159 0.0720321395 -0.154332532 -0.00413298607 0 0 0
volume_proxy 161 0.176697054 0.0200143149 0.000111072803 0 0 0
volume_proxy 176 0.416590648 -0.850762821 -0.00314782031 0 0 0
volume_proxy 178 -1.07962378 0.805601132 -0.00418923256 0 0 0
volume_proxy 186 0.217366775 0.28623147 -0.000984783663 0 0 0
volume_proxy 189 -1.27412794 0.406170449 0.000757745466 0 0 0
volume_proxy 195 0.130622701 -0.264665442 0.00529234518 0 0 0
volume_proxy 196 0.183753099 0.284859715 -0.00144289622 0 0 0
volume_proxy 200 -0.387569748 -0.533605954 0.0042903532 0 0 0
volume_proxy 202 -1.41794319 0.53402064 0.00423345631 0 0 0
volume_proxy 209 -0.956120925 0.014596959 0.00321341105 0 0 0
volume_proxy 210 -0.537252343 0.347425612 0.00761560246 0 0 0
volume_proxy 226 -0.554939936 0.0385300045 -0.00256141291 0 0 0
volume_proxy 236 0.275257802 0.490299262 -0.00743692318 0 0 0
volume_proxy 244 0.990127136 0.336956223 -0.000975463968 0 0 0
volume_proxy 247 0.917300803 0.323698492 0.000785883135 0 0 0
volume_proxy 256 -0.313860742 0.250219124 -0.00540108796 0 0 0
volume_proxy 259 0.0820265234 -0.232505768 0.0030484853 0 0 0
volume_proxy 269 -0.151847473 -0.542657714 0.00762910901 0 0 0
volume_proxy 276 1.2278297 -0.738732953 -0.00460819988 0 0 0
volume_proxy 277 -0.70810499 -0.166393275 -0.000378018765 0 0 0
volume_proxy 294 -0.000534112379 0.16885482 -0.00775284517 0 0 0
volume_proxy 296 -0.119359751 -0.248167382 0.000102080691 0 0 0
volume_proxy 298 1.41332989 -0.471617879 -0.00468764778 0 0 0
volume_proxy 305 0.48877279 0.208689397 -0.00118816137 0 0 0
volume_proxy 310 1.19784552 0.36490726 0.00253221863 0 0 0
volume_proxy 311 1.12988976 -0.555474681 -0.000529187144 0 0 0
volume_proxy 329 -0.734997503 0.063268598 -0.00928071203 0 0 0
volume_proxy 337 -0.768614655 0.392821728 0.00267446511 0 0 0
volume_proxy 344 -0.34634121 0.203830205 0.00951205078 0 0 0
volume_proxy 347 -0.439533375 -0.874738778 0.00799034102 0 0 0
volume_proxy 349 0.134681563 -0.324256574 -0.00655613693 0 0 0
volume_proxy 356 0.538124466 0.160423287 -0.00118139961 0 0 0
volume_proxy 375 1.14734972 -0.266003471 -0.00225141265 0 0 0
volume_proxy 388 -0.830332172 0.693754665 -0.00240090338 0 0 0
volume_proxy 399 0.440975882 -0.790255123 -0.00455265779 0 0 0
volume_proxy 409 0.538097931 -0.927177396 0.00869136814 0 0 0
volume_proxy 431 -1.49394341 -0.995155939 0.00993276418 0 0 0
volume_proxy 512 0.349067154 -0.909555468 -0.00798141469 0 0 0
volume_proxy 518 0.805003022 0.926521126 -0.0104723397 0 0 0
volume_proxy 682 -0.11548984 -0.940354508 -0.006946887 0 0 0
volume_proxy 802 1.17835384 -0.734262878 0.00340223491 0 0 0
volume_proxy 876 0.224610346 -0.737772306 0.00601983662 0 0 0
volume_proxy 904 -0.302067189 0.494077766 0.00425781536 0 0 0
volume_proxy 914 0.223485032 -0.842466423 -0.0102323872 0 0 0
volume_proxy 929 -0.813021262 -0.946604936 -0.00967060395 0 0 0
volume_proxy 944 0.663378036 -0.752435585 -0.0054927676 0 0 0
volume_proxy 991 -1.0739412 -0.754802242 -0.0104055873 0 0 0
volume_proxy 1020 -1.38547001 0.813184774 -0.00627349894 0 0 0
volume_proxy 1021 -0.308004952 -0.872052669 0.00568097329 0 0 0
volume_proxy 1052 0.28790853 -0.261840007 -0.000395983457 0 0 0
volume_proxy 1066 0.923817912 0.41719228 -0.0105978271 0 0 0
volume_proxy 1093 0.134217266 -0.143353981 -0.0102444112 0 0 0
volume_proxy 1118 0.225683399 -0.533410396 -0.0012735824 0 0 0
volume_proxy 1120 -0.340793513 0.743921337 0.00919732148 0 0 0
volume_proxy 1133 1.24364273 -0.998341251 0.00407197726 0 0 0
volume_proxy 1138 1.36556873 -0.646866359 0.00549887227 0 0 0
volume_proxy 1151 0.407580625 -0.752059571 0.00129202844 0 0 0
volume_proxy 1166 -0.6997746 0.446614961 -0.00896147719 0 0 0
volume_proxy 1169 1.44150156 -0.688643968 -0.00545258799 0 0 0
volume_proxy 1172 -0.281038338 0.805963142 0.000187161313 0 0 0
volume_proxy 1180 -1.49328583 -0.194301881 -0.00751902159 0 0 0
volume_proxy 1186 -0.538059931 -0.916928012 0.000931763425 0 0 0
volume_proxy 1193 -0.692175645 -0.378017006 0.0093563971 0 0 0
volume_proxy 1197 -0.280442294 -0.308896159 -0.00831421847 0 0 0
volume_proxy 1209 -1.41955714 0.68845869 -0.00239326571 0 0 0
volume_proxy 1210 -0.941554962 0.78574508 0.000570729814 0 0 0
volume_proxy 1217 -0.545601391 0.499230289 -0.00387341992 0 0 0
volume_proxy 1219 -0.671944323 0.699124181 -0.0088439409 0 0 0
volume_proxy 1225 0.0556283383 -0.339616851 -0.00620548103 0 0 0
volume_proxy 1230 0.915285225 -0.276133554 0.00622467349 0 0 0
volume_proxy 1237 -0.0235123672 0.942045795 0.00967863886 0 0 0
volume_proxy 1238 0.614461668 0.690847087 0.0016446467 0 0 0
volume_proxy 1245 -1.36908104 0.853246688 -0.00980184561 0 0 0
volume_proxy 1255 1.40315229 -0.524669005 -0.0060163555 0 0 0
volume_proxy 1259 -1.038764 0.825343978 -0.00729375868 0 0 0
volume_proxy 1264 0.490079436 -0.627971653 0.00780104197 0 0 0
volume_proxy 1270 0.147216054 -0.0493158022 0.00670740776 0 0 0
volume_proxy 1280 -1.35546434 0.473142592 0.0104281615 0 0 0
volume_proxy 1285 -1.37096415 0.753144659 0.0102796975 0 0 0
volume_proxy 1292 0.226691715 0.185917244 0.00496291791 0 0 0
volume_proxy 1293 0.196391484 -0.903886338 0.00284143268 0 0 0
volume_proxy 1295 -1.40649616 0.781515231 -0.00628705096 0 0 0
volume_proxy 1296 0.00670826027 -0.1400398 -0.00557230085 0 0 0
volume_proxy 1297 -0.189906277 -0.693780911 0.00588899233 0 0 0
volume_proxy 1298 -1.00206167 -0.781838922 -0.00120014061 0 0 0
volume_proxy 1301 -0.479627014 0.556920605 -0.00759660433 0 0 0
volume_proxy 1303 -1.02533692 0.895848754 -0.00371890608 0 0 0
volume_proxy 1308 -0.498116009 0.771370071 0.00507549242 0 0 0
volume_proxy 1315 -1.22082614 -0.767207957 8.04137913e-05 0 0 0
volume_proxy 1318 0.829862145 -0.34491567 -0.00442191236 0 0 0
volume_proxy 1325 -1.14684878 -0.519556115 0.00750470885 0 0 0
volume_proxy 1326 -0.0624791692 -0.322409747 -0.00359418619 0 0 0
volume_proxy 1334 -1.02359653 -0.466573606 -0.00374401309 0 0 0
volume_proxy 1335 0.433972371 -0.404489565 -0.00417537571 0 0 0
volume_proxy 1340 0.456544654 0.607792197 -0.000129208091 0 0 0
volume_proxy 1345 0.125234129 -0.741587689 -0.00330185573 0 0 0
volume_proxy 1347 -0.314918926 0.598824753 -0.00107564163 0 0 0
volume_proxy 1348 1.46866457 -0.761422166 -0.00522439373 0 0 0
volume_proxy 1354 -0.391181678 -0.0799470206 0.00419252109 0 0 0
volume_proxy 1357 -1.22207422 0.262360102 -0.005260211 0 0 0
volume_proxy 1358 -0.238602174 0.0492756959 -0.0105065404 0 0 0
volume_proxy 1361 1.4464544 0.807249433 -0.00361929512 0 0 0
volume_proxy 1366 1.23887568 0.920683519 0.00375056905 0 0 0
volume_proxy 1367 -0.996772268 -0.583854898 0.00321914017 0 0 0
volume_proxy 1369 0.624425214 0.831900933 0.0038981005 0 0 0
volume_proxy 1378 0.533455717 -0.567653709 0.00604038378 0 0 0
volume_proxy 1379 0.45055445 0.270071611 -0.0105669318 0 0 0
volume_proxy 1380 -0.532823827 0.512056699 -0.000351604298 0 0 0
volume_proxy 1381 0.941921648 0.49548256 -0.00759669116 0 0 0
volume_proxy 1382 -0.192153384 -0.199524893 -0.000227535626 0 0 0
volume_proxy 1383 -1.1859705 0.206594756 -0.00775649879 0 0 0
volume_proxy 1384 0.323461809 0.269728992 -0.00120909641 0 0 0
volume_proxy 1385 0.868022543 0.832146705 0.000368047831 0 0 0
volume_proxy 1386 1.02010623 0.720477604 -0.00941867975 0 0 0
volume_proxy 1388 0.436343118 0.352070786 0.00369274342 0 0 0
volume_proxy 1389 -0.0237991442 0.571253241 -0.00572627447 0 0 0
volume_proxy 1390 -1.44834688 0.651532047 -0.00270282549 0 0 0
volume_proxy 1392 -0.234236502 -0.972918122 -0.00907391315 0 0 0
volume_proxy 1395 1.09624174 0.125833494 -0.0084754698 0 0 0
volume_proxy 1397 -0.111217643 0.668960427 -0.00370831557 0 0 0
volume_proxy 1398 -0.947714633 0.640812051 0.0015716433 0 0 0
volume_proxy 1403 0.611635159 0.200149985 -0.00436747119 0 0 0
volume_proxy 1405 0.695902806 0.516287042 -0.00311922127 0 0 0
volume_proxy 1406 0.0417297682 -0.811904394 -0.00836538445 0 0 0
volume_proxy 1408 0.297066564 0.736308506 -0.00162600567 0 0 0
volume_proxy 1409 1.08569329 0.542997647 -0.00678117199 0 0 0
volume_proxy 1411 0.762733566 0.681717362 0.0078343445 0 0 0
volume_proxy 1413 0.784033466 0.628852801 0.0101058507 0 0 0
volume_proxy 1414 1.1821773 0.659922333 -0.0105259442 0 0 0
volume_proxy 1415 1.48982986 -0.0813311465 -0.00864048846 0 0 0
volume_proxy 1418 -1.43449619 0.010686989 0.00258399184 0 0 0
volume_proxy 1419 -1.26662615 -0.962622849 0.00506241846 0 0 0
volume_proxy 1420 -1.38764178 -0.43388242 0.00381907242 0 0 0
volume_proxy 1421 -1.19392512 0.0241551228 0.000113479229 0 0 0
volume_proxy 1422 0.782947597 -0.925100156 0.00156931061 0 0 0
volume_proxy 1423 -0.424669834 0.361724673 -0.00640451775 0 0 0
volume_proxy 1425 -0.626853013 -0.667637411 0.00966530291 0 0 0
volume_proxy 1426 0.468412981 -0.0822207225 0.00101606244 0 0 0
volume_proxy 1427 -0.468773361 0.0519328207 -0.0023262492 0 0 0
volume_proxy 1428 0.0343567239 0.657754208 -0.00312572442 0 0 0
volume_proxy 1429 1.14431083 -0.0382715308 0.00581185748 0 0 0
volume_proxy 1430 -0.659362523 -0.92342902 0.00278108522 0 0 0
volume_proxy 1433 0.939085184 0.502058785 0.00468693372 0 0 0
