volume_proxy 0 0.0115976117 -0.0733567781 -0.0067298869 0 0 0
volume_proxy 6 -0.178082723 0.79433842 0.00388640461 0 0 0
volume_proxy 11 1.44464692 0.869551101 0.0107863189 0 0 0
volume_proxy 12 0.717673758 0.19226065 0.00510078665 0 0 0
volume_proxy 14 -1.14192565 0.700676511 -0.00435304175 0 0 0
volume_proxy 23 0.680409423 -0.439536962 0.00439844451 0 0 0
volume_proxy 38 -0.741963336 -0.923864791 -0.00417788357 0 0 0
volume_proxy 40 -1.01172372 0.0666593907 -0.00263802829 0 0 0
volume_proxy 50 -0.831125015 -0.474592734 0.00892334487 0 0 0
volume_proxy 53 -1.2233609 0.361556621 -0.00879059112 0 0 0
volume_proxy 58 0.482314933 -0.918632436 0.00489014354 0 0 0
volume_proxy 60 0.664353413 0.7334528 0.00415386135 0 0 0
volume_proxy 85 -1.19952052 0.844329659 -0.00928111109 0 0 0
volume_proxy 97 1.45593311 0.612856639 0.00762281704 0 0 0
volume_proxy 107 1.1898755 -0.136146584 0.00395181366 0 0 0
volume_proxy 127 -1.45496764 -0.689772047 0.00721125266 0 0 0
volume_proxy 130 0.35391182 0.435101687 -0.00196976018 0 0 0
volume_proxy 140 -1.19116415 0.668429046 -0.00830746665 0 0 0
volume_proxy 157 0.768627475 -0.270075354 0.0105386694 0 0 0
volume_proxy 159 1.05074422 0.414913358 -3.11909806e-05 0 0 0
volume_proxy 161 -0.183637054 0.727956892 -0.00518696108 0 0 0
volume_proxy 176 1.14373043 -0.263573529 0.00923542159 0 0 0
volume_proxy 186 -0.166106815 0.204934252 -0.0021397589 0 0 0
volume_proxy 189 -0.880435223 -0.59194657 -0.00376688844 0 0 0
volume_proxy 195 -1.13208507 -0.809040118 0.007159038 0 0 0
volume_proxy 196 0.804131057 0.173420919 -0.00471929074 0 0 0
volume_proxy 200 -1.22029576 -0.50977102 -0.00700324121 0 0 0
volume_proxy 202 0.497697412 0.632633234 -0.000544240265 0 0 0
volume_proxy 209 -0.812580144 0.46336229 -0.00679972442 0 0 0
volume_proxy 210 0.162191538 0.941368542 0.000104224341 0 0 0
volume_proxy 226 0.295597041 -0.495851342 -0.00481501938 0 0 0
volume_proxy 236 1.41618582 -0.804654023 -0.000631411408 0 0 0
volume_proxy 247 0.864499129 0.450970053 -0.00326986593 0 0 0
volume_proxy 256 -0.876054747 0.25356887 -0.00577629408 0 0 0
volume_proxy 259 0.500904499 0.874124393 -0.0072170835 0 0 0
volume_proxy 269 -0.746894752 0.254834189 -0.00973713677 0 0 0
volume_proxy 277 -1.02001337 0.143903876 0.00481724003 0 0 0
volume_proxy 296 -1.35615562 0.80914227 0.00776089874 0 0 0
volume_proxy 305 0.836408374 -0.342321949 -0.000178977261 0 0 0
volume_proxy 310 0.156591477 -0.136738843 -0.00377281599 0 0 0
volume_proxy 344 -1.27238038 -0.410255814 0.00700026967 0 0 0
volume_proxy 347 -0.296539547 0.727472682 0.00452289518 0 0 0
volume_proxy 356 -0.460989835 -0.0809198776 -0.00240452996 0 0 0
volume_proxy 375 0.967408633 0.21931027 0.00531608677 0 0 0
volume_proxy 388 1.40928654 0.161938246 -0.00174188347 0 0 0
volume_proxy 802 0.736305234 0.20248478 -0.000301299729 0 0 0
volume_proxy 1052 -0.868098931 -0.800051059 -0.0046805211 0 0 0
volume_proxy 1066 -0.219675842 0.0681312075 0.0061023514 0 0 0
volume_proxy 1120 -0.874245205 0.199392171 0.0070218048 0 0 0
volume_proxy 1166 -0.722295284 0.0945892733 -0.0104744299 0 0 0
volume_proxy 1193 -1.15154975 -0.425885249 -0.00719312256 0 0 0
volume_proxy 1225 -0.705337605 -0.24034012 0.00488660445 0 0 0
volume_proxy 1245 -1.37768079 -0.131216577 -0.00305323405 0 0 0
volume_proxy 1280 -0.324409875 0.632174304 -0.0104912393 0 0 0
volume_proxy 1285 -1.21912296 0.339228142 -0.00134959142 0 0 0
volume_proxy 1295 0.353133576 -0.123518868 0.00983341036 0 0 0
volume_proxy 1296 0.200546481 -0.639006532 -0.000513545602 0 0 0
volume_proxy 1340 0.846543528 0.655137781 0.00390989136 0 0 0
volume_proxy 1380 -0.520899535 0.0891723313 0.00627733637 0 0 0
volume_proxy 1386 1.34592658 0.46488017 0.00703068493 0 0 0
volume_proxy 1397 0.946453652 0.72710439 -0.00601283618 0 0 0
volume_proxy 1409 -0.437682753 0.831219052 -0.00395558393 0 0 0
volume_proxy 1413 0.789189444 0.645420586 0.00780801721 0 0 0
volume_proxy 1422 0.350551224 -0.365126846 -0.00915748118 0 0 0
volume_proxy 1433 1.41613241 0.75937722 0.0104595108 0 0 0
volume_proxy 1437 0.127528121 -0.0574006743 4.81658875e-05 0 0 0
volume_proxy 1447 1.07969428 -0.223724406 0.00728640927 0 0 0
volume_proxy 1459 -1.43703378 0.224946573 0.00937630248 0 0 0
volume_proxy 1460 -0.0114813684 0.367471718 -0.00774385229 0 0 0
volume_proxy 1461 -0.810199556 0.796760376 0.00899507894 0 0 0
volume_proxy 1466 -0.777411392 0.0977686307 0.00393017049 0 0 0
volume_proxy 1472 -1.32316296 0.681281818 -0.00916415387 0 0 0
volume_proxy 1474 1.22657494 -0.512049443 0.00685283853 0 0 0
volume_proxy 1481 0.65508218 0.813238265 0.00254409696 0 0 0
volume_proxy 1482 0.950286992 0.0225571992 0.00931923668 0 0 0
volume_proxy 1485 0.406817975 -0.0215236556 -0.00796400685 0 0 0
volume_proxy 1489 -0.0103992669 -0.774831663 0.00263459718 0 0 0
volume_proxy 1490 0.99811162 0.985845906 0.0066666633 0 0 0
volume_proxy 1494 1.4990476 -0.0153695647 0.0078226647 0 0 0
volume_proxy 1496 -0.986661193 0.473577114 -0.0100405124 0 0 0
volume_proxy 1498 -0.157900628 0.312824478 -0.000995817788 0 0 0
volume_proxy 1503 -0.965351498 -0.0102485417 -0.00705264509 0 0 0
volume_proxy 1506 0.475429632 0.783101968 -0.00151468 0 0 0
volume_proxy 1507 -1.22793066 -0.163344071 0.00702417853 0 0 0
volume_proxy 1508 -0.611963343 -0.204964743 0.0104108532 0 0 0
volume_proxy 1509 -1.06393073 0.0756019147 -0.00772123591 0 0 0
volume_proxy 1510 -0.0407089824 -0.811336311 0.00560671168 0 0 0
volume_proxy 1511 1.09311728 0.609534731 -0.000646587859 0 0 0
volume_proxy 1513 -1.2786022 0.279461296 -0.000756616653 0 0 0
volume_proxy 1515 0.776040763 -0.550055736 -0.00114749419 0 0 0
volume_proxy 1516 -0.269509547 -0.927806601 -0.00528133838 0 0 0
volume_proxy 1517 -0.645217642 -0.338927763 0.000398882028 0 0 0
volume_proxy 1519 0.0899831801 -0.723252492 0.00687767868 0 0 0
volume_proxy 1520 0.122667144 -0.135809594 -0.00234709805 0 0 0
volume_proxy 1521 -1.43688592 -0.585933162 0.00918981807 0 0 0
volume_proxy 1523 0.802710345 0.10361233 -0.0106619093 0 0 0
volume_proxy 1525 -0.79121848 0.980209767 0.0029954787 0 0 0
volume_proxy 1526 1.0243615 -0.804467559 0.00866130974 0 0 0
volume_proxy 1528 0.470676011 -0.670872607 0.000444162314 0 0 0
volume_proxy 1529 -1.13566195 0.0492008874 -0.00151190853 0 0 0
volume_proxy 1531 0.581923107 0.62344953 0.00833924057 0 0 0
volume_proxy 1533 1.09939064 -0.409127396 0.000105072836 0 0 0
volume_proxy 1534 0.408956311 0.867600516 0.000651803117 0 0 0
volume_proxy 1535 0.356932834 0.987198274 0.00573653211 0 0 0
volume_proxy 1536 -0.609678246 -0.804608336 0.00609388973 0 0 0
volume_proxy 1537 -0.533471651 -0.61611531 0.00636123968 0 0 0
