volume_proxy 0 1.25895025 0.207977764 -0.00806768826 0 0 0
volume_proxy 4 1.49739519 0.959507873 -0.00560501765 0 0 0
volume_proxy 5 0.287545637 0.983396184 -0.00680732507 0 0 0
volume_proxy 6 1.36170023 0.0342764616 -0.00401019529 0 0 0
volume_proxy 11 0.400330356 0.936252802 -0.000577045767 0 0 0
volume_proxy 12 0.787182873 -0.0370092434 -0.00428806618 0 0 0
volume_proxy 14 0.603757941 0.303822843 0.0100291982 0 0 0
volume_proxy 23 -0.810075341 -0.255082486 -0.000513417211 0 0 0
volume_proxy 38 0.347088281 -0.518028843 -0.00584624662 0 0 0
volume_proxy 40 0.0682851086 -0.467884736 0.00385534722 0 0 0
volume_proxy 50 0.00533032687 -0.961174958 -0.00407433353 0 0 0
volume_proxy 53 -0.239029935 -0.536369513 -0.00182885216 0 0 0
volume_proxy 58 1.34516147 -0.26486889 -0.00927380918 0 0 0
volume_proxy 60 -0.580764618 0.273748687 0.00317594437 0 0 0
volume_proxy 61 -0.782319344 -0.983439093 -0.00542907832 0 0 0
volume_proxy 72 0.48854672 0.14229907 -0.00930104688 0 0 0
volume_proxy 81 -1.2635724 0.109081812 -0.00365115607 0 0 0
volume_proxy 85 -0.703605612 0.465548585 0.00914221844 0 0 0
volume_proxy 88 -0.463955692 0.409774715 0.00121980533 0 0 0
volume_proxy 97 0.867087101 -0.76998641 0.00545822537 0 0 0
volume_proxy 101 -1.41250447 0.828164201 0.000649847275 0 0 0
volume_proxy 105 -0.0988526093 -0.423638269 -0.00121527482 0 0 0
volume_proxy 106 -0.738752653 -0.81941784 0.00487295371 0 0 0
volume_proxy 107 0.604233114 0.712641966 -0.00598928177 0 0 0
volume_proxy 108 1.48002763 0.315610364 0.0104913954 0 0 0
volume_proxy 126 -0.317491103 -0.867469674 0.0088398867 0 0 0
volume_proxy 127 -0.670331127 0.105692979 0.00625848297 0 0 0
volume_proxy 130 1.3706462 0.89059304 -0.00152190421 0 0 0
volume_proxy 132 0.925969711 0.727362936 -0.00932594286 0 0 0
volume_proxy 135 -0.180967609 -0.958499949 -0.00931229919 0 0 0
volume_proxy 140 -0.696923872 0.948748962 0.00335560157 0 0 0
volume_proxy 145 -1.15125038 -0.54157344 -0.00825054793 0 0 0
volume_proxy 157 0.526282523 -0.0780924449 -0.00138476749 0 0 0
volume_proxy 159 -0.805102448 -0.714204267 -0.0105111664 0 0 0
volume_proxy 161 -0.696709758 0.505635012 0.00687908519 0 0 0
volume_proxy 169 0.96148069 0.761123063 -0.000501318664 0 0 0
volume_proxy 176 0.493301314 -0.618650094 0.00567005117 0 0 0
volume_proxy 178 -1.29769878 0.601222365 -0.0023431223 0 0 0
volume_proxy 186 -0.198648925 0.203905201 -0.000855098294 0 0 0
volume_proxy 189 -1.22414896 0.436490766 -0.00549616513 0 0 0
volume_proxy 195 -0.671149409 0.288118202 0.00115535233 0 0 0
volume_proxy 196 0.979727259 0.395987394 -0.00501762989 0 0 0
volume_proxy 198 1.06317618 -0.770716863 0.0062542366 0 0 0
volume_proxy 200 -1.10590485 -0.192189199 -0.00461272434 0 0 0
volume_proxy 202 -0.852623901 0.92148449 0.00180977628 0 0 0
volume_proxy 209 -1.08458695 -0.877319233 0.00207262988 0 0 0
volume_proxy 210 0.0936619131 0.528997264 -0.00128547506 0 0 0
volume_proxy 224 0.837072931 -0.881904091 -0.00792190789 0 0 0
volume_proxy 226 -0.955829049 -0.910474202 0.0103148263 0 0 0
volume_proxy 228 -0.254117681 0.838741871 -0.00927769375 0 0 0
volume_proxy 236 0.317775094 0.130261766 -0.00967293377 0 0 0
volume_proxy 237 0.522911725 0.603221595 -0.00339636922 0 0 0
volume_proxy 244 0.815550085 0.338394439 0.00558076687 0 0 0
volume_proxy 247 1.36962749 -0.408863514 -0.00373081044 0 0 0
volume_proxy 251 0.635952954 -0.272696209 -0.00325017189 0 0 0
volume_proxy 256 -0.120820445 -0.715163653 -0.00889075152 0 0 0
volume_proxy 258 0.692065939 0.132322294 -0.000542204786 0 0 0
volume_proxy 259 0.848717518 0.786469344 -0.00222064812 0 0 0
volume_proxy 269 0.832821279 -0.170702998 -0.00731298564 0 0 0
volume_proxy 271 -1.34901744 0.811766173 -0.00487306577 0 0 0
volume_proxy 276 0.655666229 -0.595272915 -0.0039083436 0 0 0
volume_proxy 277 -0.634486109 -0.966925763 -0.00530303988 0 0 0
volume_proxy 279 0.234941489 0.23490994 0.00418167974 0 0 0
volume_proxy 294 0.0725728114 0.919718704 -6.07380613e-05 0 0 0
volume_proxy 296 -0.0462912239 -0.546003225 0.00712118886 0 0 0
volume_proxy 298 0.785090394 -0.815638735 -0.000539843088 0 0 0
volume_proxy 305 0.206020132 -0.0425510727 0.0104688432 0 0 0
volume_proxy 310 0.910995267 0.51857855 0.00555872276 0 0 0
volume_proxy 311 1.04451406 -0.416224355 0.00916200318 0 0 0
volume_proxy 314 -0.409539883 0.388243399 -0.00392253089 0 0 0
volume_proxy 329 -0.786508955 0.968872574 -0.000627460391 0 0 0
volume_proxy 337 -1.23135432 0.341951961 -0.00991781579 0 0 0
volume_proxy 344 0.835609253 0.490401633 -0.00535750826 0 0 0
volume_proxy 345 -0.824146778 0.722390797 0.00346007916 0 0 0
volume_proxy 347 -0.420377915 -0.798550161 0.00854149996 0 0 0
volume_proxy 349 0.707330591 -0.0128588231 0.00809944242 0 0 0
volume_proxy 356 0.288109856 0.999385663 -0.0106128836 0 0 0
volume_proxy 358 1.25721468 0.682071735 -0.00022275845 0 0 0
volume_proxy 370 1.0940015 0.640069726 0.00760815813 0 0 0
volume_proxy 375 0.834205428 -0.231732818 0.00284329077 0 0 0
volume_proxy 388 -1.26056758 0.387557551 -0.00531089909 0 0 0
volume_proxy 393 1.23518831 -0.0645635138 0.00565306134 0 0 0
volume_proxy 399 0.408597396 -0.45191489 -0.00520991781 0 0 0
volume_proxy 409 0.0758297097 -0.854294435 -0.00894693496 0 0 0
volume_proxy 412 1.20017512 -0.769201247 -0.0102407188 0 0 0
volume_proxy 431 -1.22791575 -0.526379006 0.00375475583 0 0 0
volume_proxy 497 -1.12883476 -0.614100467 0.0091312828 0 0 0
volume_proxy 512 0.0885464784 -0.87467933 0.00401742104 0 0 0
volume_proxy 518 1.4657383 -0.1927667 -0.00908504983 0 0 0
volume_proxy 591 -0.357624118 0.83134061 -0.00527071903 0 0 0
volume_proxy 616 0.770011608 0.872173987 -0.00446434363 0 0 0
volume_proxy 637 -1.09067485 -0.517588553 -0.0104844075 0 0 0
volume_proxy 669 1.18630621 -0.599390312 -0.00603140023 0 0 0
volume_proxy 682 0.0492499529 -0.0129112685 0.00372638425 0 0 0
volume_proxy 725 -1.07481821 -0.369651465 -0.00310558456 0 0 0
volume_proxy 751 -0.243895692 -0.486468509 0.00745780616 0 0 0
volume_proxy 797 -0.997376052 -0.671551068 -0.00284483439 0 0 0
volume_proxy 802 1.01712703 -0.180405907 -0.00472389256 0 0 0
volume_proxy 814 0.747518099 -0.595709869 -0.0051687133 0 0 0
volume_proxy 848 -1.23890304 -0.44417642 -0.0039031275 0 0 0
volume_proxy 876 -0.493791791 -0.234723781 -0.00836081492 0 0 0
volume_proxy 883 0.218816263 0.786558565 0.0106859995 0 0 0
volume_proxy 902 -0.0730924292 0.271499376 0.00834375228 0 0 0
volume_proxy 904 -1.01180241 0.785804224 0.00129305233 0 0 0
volume_proxy 914 0.665600233 -0.901484305 -0.0039109176 0 0 0
volume_proxy 915 -0.53196912 -0.0445488911 0.00631553253 0 0 0
volume_proxy 926 -0.672269381 0.058863897 -0.0105140958 0 0 0
volume_proxy 929 -0.913591755 -0.524883479 0.00894896597 0 0 0
volume_proxy 944 0.582336928 -0.65173716 0.000330853651 0 0 0
volume_proxy 979 -0.0939472356 0.612573685 -0.0107588254 0 0 0
volume_proxy 991 -0.862194707 -0.570162632 -0.00237740448 0 0 0
volume_proxy 997 1.46750598 0.0576856925 -0.00797130212 0 0 0
volume_proxy 1001 -0.101563137 0.797736745 -0.00753062868 0 0 0
volume_proxy 1020 -1.05966657 0.243554144 -0.00430010571 0 0 0
volume_proxy 1021 -0.990706432 -0.931270117 -0.0104337597 0 0 0
volume_proxy 1031 0.859108509 -0.499381555 0.00726438797 0 0 0
volume_proxy 1042 1.02715644 0.799155255 0.00450431942 0 0 0
volume_proxy 1050 -0.775495339 -0.33487158 -0.00989153722 0 0 0
volume_proxy 1052 -0.481679994 0.266619721 -0.00284159351 0 0 0
volume_proxy 1062 0.344761502 0.35503407 -0.00141283726 0 0 0
volume_proxy 1066 0.716324153 0.583657435 -0.00508396386 0 0 0
volume_proxy 1069 -1.06283285 -0.455694478 0.00935078004 0 0 0
volume_proxy 1086 0.641638424 -0.383794616 0.00259214821 0 0 0
volume_proxy 1093 -0.278429886 -0.734389805 -0.00926274371 0 0 0
volume_proxy 1098 0.384688299 0.828949048 -0.00751376387 0 0 0
volume_proxy 1102 1.06915187 0.714763783 -0.00734590716 0 0 0
volume_proxy 1110 0.748102967 -0.364573244 0.00722905011 0 0 0
volume_proxy 1113 1.09101682 0.754078128 -0.00624084872 0 0 0
volume_proxy 1117 0.791823746 0.211170822 0.00522997016 0 0 0
volume_proxy 1118 -0.0514117481 -0.545018624 0.00606087295 0 0 0
volume_proxy 1120 -0.0112927342 0.439782748 0.00182124128 0 0 0
volume_proxy 1133 0.940111946 -0.989824016 -0.00593526499 0 0 0
volume_proxy 1134 0.145852601 0.431326452 0.00941878363 0 0 0
volume_proxy 1137 -0.599149772 0.289085404 0.00556040191 0 0 0
volume_proxy 1138 1.33151528 -0.782922633 0.000854424699 0 0 0
volume_proxy 1147 0.511960519 0.281334574 -0.0106332184 0 0 0
volume_proxy 1151 0.509735747 -0.941012552 -0.00738167659 0 0 0
volume_proxy 1157 -0.0706253844 0.704366303 0.00373298033 0 0 0
volume_proxy 1166 -1.20932748 0.407112481 0.0018525412 0 0 0
volume_proxy 1168 -0.24310696 -0.808453702 -0.0104394765 0 0 0
volume_proxy 1169 1.36973957 -0.620955652 -0.0081407607 0 0 0
volume_proxy 1170 -1.20365178 -0.0826127818 0.0107506389 0 0 0
volume_proxy 1172 -0.203674947 0.362160549 -0.00295259628 0 0 0
volume_proxy 1179 0.76118298 0.134794611 0.00495370211 0 0 0
volume_proxy 1180 -0.793765529 0.52028131 0.0095086488 0 0 0
volume_proxy 1182 -0.208764161 0.921534706 5.62990435e-05 0 0 0
volume_proxy 1186 -0.377625679 -0.0935220713 0.00104425996 0 0 0
volume_proxy 1191 1.10062055 0.95467278 0.00429127003 0 0 0
volume_proxy 1193 -1.26005649 0.225357321 0.0053762771 0 0 0
volume_proxy 1195 -1.41595009 -0.307767854 0.00146883362 0 0 0
volume_proxy 1197 -1.10205723 -0.700231878 0.0064091407 0 0 0
volume_proxy 1198 0.0878172566 0.524585292 0.00679790181 0 0 0
volume_proxy 1206 0.884992384 0.234638902 -0.00433203495 0 0 0
volume_proxy 1208 -0.375691817 -0.0359990547 0.00735617833 0 0 0
volume_proxy 1209 -1.40849287 0.314699879 -0.00734297712 0 0 0
volume_proxy 1210 -1.49589527 0.840693322 -0.0037981348 0 0 0
volume_proxy 1214 -0.568551857 0.0901546038 -0.00430178431 0 0 0
volume_proxy 1217 -0.567755885 0.584712586 -0.00294682748 0 0 0
volume_proxy 1219 -0.777229013 0.348511866 0.00573950075 0 0 0
volume_proxy 1220 0.674220443 0.29735038 0.0036557897 0 0 0
volume_proxy 1223 1.43755098 0.610337569 -0.00931742201 0 0 0
volume_proxy 1225 -0.33807529 -0.0356082205 0.000975604933 0 0 0
volume_proxy 1229 1.43164836 0.969950403 -0.00760878211 0 0 0
volume_proxy 1230 1.06890867 -0.848429794 -0.00869751287 0 0 0
volume_proxy 1231 -0.774586267 0.0830857074 0.00144421863 0 0 0
volume_proxy 1237 0.596474816 0.635458803 -0.0107441363 0 0 0
volume_proxy 1238 0.820773396 0.936626569 -0.0032146267 0 0 0
volume_proxy 1243 -0.902250963 -0.633427567 -0.00514843494 0 0 0
volume_proxy 1245 -1.49254926 0.946655439 -0.00737840927 0 0 0
volume_proxy 1247 -1.32408843 0.251194641 -0.00617061413 0 0 0
volume_proxy 1248 0.800169614 0.611925003 0.00421308074 0 0 0
volume_proxy 1252 0.686153623 -0.672916965 0.0106099518 0 0 0
volume_proxy 1254 0.611951704 -0.648264202 0.00771912356 0 0 0
volume_proxy 1255 1.09564941 -0.334021047 0.00816451696 0 0 0
volume_proxy 1257 0.458104062 -0.7891384 -0.00180210953 0 0 0
volume_proxy 1259 -1.18892125 0.94094235 -0.00455641686 0 0 0
volume_proxy 1260 0.458204273 0.73742938 0.00704185197 0 0 0
volume_proxy 1261 -0.612725481 0.854718129 0.00785816972 0 0 0
volume_proxy 1262 0.80310273 0.413269458 -0.00317336488 0 0 0
volume_proxy 1263 0.748494958 -0.0281545738 -0.00701394593 0 0 0
volume_proxy 1264 0.250573091 -0.274536896 -0.00716599741 0 0 0
volume_proxy 1267 -1.13049059 -0.387690578 -0.00433676139 0 0 0
volume_proxy 1270 0.174641257 -0.410993913 0.000966273444 0 0 0
volume_proxy 1271 -1.28310684 -0.365926921 -0.00282870656 0 0 0
volume_proxy 1273 -0.686271421 0.89074181 -0.00779562468 0 0 0
volume_proxy 1276 1.15307453 0.592927351 -0.00439682468 0 0 0
volume_proxy 1277 1.32846809 0.345209163 0.00387214844 0 0 0
volume_proxy 1280 -1.35913875 0.30775389 -0.0069260781 0 0 0
volume_proxy 1281 -0.15971955 -0.754218291 -0.00284694656 0 0 0
volume_proxy 1285 -0.890955593 0.86426731 -0.00548475907 0 0 0
volume_proxy 1289 0.573902508 -0.497184094 0.00733787847 0 0 0
volume_proxy 1290 -1.37866692 -0.744030603 -0.00715037458 0 0 0
volume_proxy 1291 -0.125333762 0.980876505 0.00306020317 0 0 0
volume_proxy 1292 -0.0941560007 0.133925604 0.00989016659 0 0 0
volume_proxy 1293 -0.340882988 -0.676321764 -0.000328690729 0 0 0
volume_proxy 1294 1.36215931 0.850920469 0.0061326583 0 0 0
volume_proxy 1295 -1.26946939 0.34765116 -0.00467157989 0 0 0
volume_proxy 1296 -0.108798644 -0.286867774 0.00820392637 0 0 0
volume_proxy 1297 -0.280969931 -0.621636764 0.00101259574 0 0 0
volume_proxy 1298 -0.554340273 -0.95272903 0.000967227094 0 0 0
volume_proxy 1299 -0.59193632 0.122966355 0.00017336166 0 0 0
volume_proxy 1300 -1.42151097 0.791848066 -7.52796021e-07 0 0 0
volume_proxy 1301 -1.06215308 0.915566198 -0.00974102671 0 0 0
volume_proxy 1303 -0.876691286 0.475184459 0.00891150081 0 0 0
volume_proxy 1308 -0.459634671 -0.0840799513 0.00623897086 0 0 0
volume_proxy 1309 -0.0456515549 -0.398433709 -0.0031732024 0 0 0
volume_proxy 1310 0.0351185903 0.876101378 0.00686210716 0 0 0
volume_proxy 1312 0.906696484 -0.44243416 0.00824155568 0 0 0
volume_proxy 1314 0.0788052125 0.361047008 0.0096232842 0 0 0
volume_proxy 1315 -0.64963481 -0.514305343 0.0105475721 0 0 0
volume_proxy 1316 -0.127148524 0.965258585 0.00518713979 0 0 0
volume_proxy 1317 1.42750194 0.522502452 0.0063313598 0 0 0
volume_proxy 1318 0.985111958 -0.714757355 -0.0051817746 0 0 0
volume_proxy 1320 -0.413780795 -0.85979944 0.00278231383 0 0 0
volume_proxy 1321 -0.967786645 -0.248061035 -0.00255688277 0 0 0
volume_proxy 1322 0.714025759 -0.776660836 -0.00202396077 0 0 0
volume_proxy 1323 0.833812824 0.7467055 0.0102727626 0 0 0
volume_proxy 1324 0.974997375 0.988740503 0.00848410628 0 0 0
volume_proxy 1325 0.167748962 -0.0267202846 -0.00282778703 0 0 0
volume_proxy 1326 0.0525807057 -0.228013595 -0.00600032977 0 0 0
volume_proxy 1328 -0.92087786 0.658647074 0.000833628987 0 0 0
volume_proxy 1329 1.06469586 0.496868342 -0.00347754345 0 0 0
volume_proxy 1330 0.23129559 0.219448597 0.00888872201 0 0 0
volume_proxy 1331 0.193870052 0.270551125 -0.00509285365 0 0 0
volume_proxy 1332 1.13285539 0.196583101 -0.0106782202 0 0 0
volume_proxy 1333 1.12160517 0.171962576 0.00180393624 0 0 0
volume_proxy 1334 -1.41675092 -0.644006131 0.00796712305 0 0 0
volume_proxy 1335 0.215838965 0.188796436 -0.010473881 0 0 0
volume_proxy 1336 0.623997858 -0.133784348 0.0098392762 0 0 0
volume_proxy 1337 -0.718861103 0.412163714 -0.00196176347 0 0 0
volume_proxy 1338 -0.323881707 -0.142597029 -0.0012965999 0 0 0
volume_proxy 1339 -0.252444842 -0.169558391 0.00868843626 0 0 0
volume_proxy 1340 0.404620224 0.137837707 0.00618206983 0 0 0
