volume_proxy 0 1.43763273 0.0381810065 -0.00170514205 0 0 0
volume_proxy 5 0.438881478 0.409134129 -0.00456186405 0 0 0
volume_proxy 6 0.477438516 -0.120244673 -0.00451521501 0 0 0
volume_proxy 11 0.559796508 0.534167493 -0.00397056787 0 0 0
volume_proxy 12 1.16412546 -0.355014281 1.37335684e-06 0 0 0
volume_proxy 14 0.0602648246 0.0294001745 0.00549797721 0 0 0
volume_proxy 23 -0.538635944 0.0115623017 -0.00445164416 0 0 0
volume_proxy 38 0.541519055 -0.380939095 -0.00874038158 0 0 0
volume_proxy 40 0.0585756996 -0.788111571 0.00692678956 0 0 0
volume_proxy 50 -0.770884971 -0.442348249 -0.000828500327 0 0 0
volume_proxy 53 -0.456089014 -0.252267578 -0.00349188859 0 0 0
volume_proxy 58 1.12375598 -0.500451261 0.00157812877 0 0 0
volume_proxy 60 0.235113818 0.806475969 -0.00395971443 0 0 0
volume_proxy 61 -0.041067752 -0.934426682 -0.00167099296 0 0 0
volume_proxy 72 0.297154092 -0.228185226 0.00573249404 0 0 0
volume_proxy 81 -0.620135007 -0.95987395 -0.000996580513 0 0 0
volume_proxy 85 -0.315768855 0.105519087 -0.00395515112 0 0 0
volume_proxy 88 -0.7301581 -0.523427462 -0.00526765018 0 0 0
volume_proxy 97 1.49770964 -0.46681702 -0.00195950589 0 0 0
volume_proxy 101 -1.11798009 0.607530322 -0.00770749606 0 0 0
volume_proxy 105 -0.0207992089 -0.893354413 -0.00524709953 0 0 0
volume_proxy 106 -0.0739829402 -0.885050574 0.00128719019 0 0 0
volume_proxy 107 0.978548273 0.181815472 -0.00662594212 0 0 0
volume_proxy 108 1.37225738 0.399517227 -0.00685974715 0 0 0
volume_proxy 127 -0.848908605 0.389121567 -0.00245372207 0 0 0
volume_proxy 130 0.888088482 0.210887099 -0.0051906596 0 0 0
volume_proxy 132 0.619271338 0.54081759 0.00857334467 0 0 0
volume_proxy 140 -0.255531741 0.422022616 0.00345893732 0 0 0
volume_proxy 145 -1.26666763 -0.779354358 0.00349941193 0 0 0
volume_proxy 157 0.497420977 0.0674479423 0.000986744929 0 0 0
volume_proxy 159 0.047270647 -0.731426134 0.00579697287 0 0 0
volume_proxy 161 -0.240315824 0.0165806499 -0.00197743538 0 0 0
volume_proxy 176 0.481788502 -0.667884191 0.00114824974 0 0 0
volume_proxy 178 -1.34173213 0.98277964 -0.00317895461 0 0 0
volume_proxy 186 -0.0598468939 0.575144104 0.00463234418 0 0 0
volume_proxy 189 -1.31078382 0.595677846 -0.000677423065 0 0 0
volume_proxy 195 -0.266198829 -0.226438065 -0.00699629746 0 0 0
volume_proxy 196 0.449991012 0.249247581 -0.00960598529 0 0 0
volume_proxy 200 0.0932148225 -0.787139797 -0.000263972202 0 0 0
volume_proxy 202 -1.16097428 0.81698875 0.00730663958 0 0 0
volume_proxy 209 -1.02563221 -0.370571726 -0.0106350572 0 0 0
volume_proxy 210 -0.555954026 0.0534636951 0.00914658485 0 0 0
volume_proxy 224 0.705052577 -0.859826453 0.00727580542 0 0 0
volume_proxy 226 -0.761287569 -0.181749142 -0.00454138232 0 0 0
volume_proxy 236 0.574549335 0.294073286 0.00333986653 0 0 0
volume_proxy 244 1.25626749 0.599087382 -0.0107993928 0 0 0
volume_proxy 247 0.605243946 0.161799898 0.00583450063 0 0 0
volume_proxy 256 -0.265267167 -0.358806397 0.00870258797 0 0 0
volume_proxy 259 0.290061626 -0.383835113 0.00238385584 0 0 0
volume_proxy 269 0.269232095 -0.783918295 0.00725140622 0 0 0
volume_proxy 276 0.859793865 -0.0983518783 0.00364660056 0 0 0
volume_proxy 277 -0.404828866 -0.340797857 0.0103242137 0 0 0
volume_proxy 294 0.680828941 0.227382096 -0.00809496975 0 0 0
volume_proxy 296 0.0359420957 -0.0360128689 -0.00336185178 0 0 0
volume_proxy 298 1.21038475 -0.78210992 0.00547553172 0 0 0
volume_proxy 305 0.697363632 0.0226204857 -0.00990720733 0 0 0
volume_proxy 310 1.29991694 0.420796155 0.00593563668 0 0 0
volume_proxy 311 1.34790697 -0.111291151 -0.00597179204 0 0 0
volume_proxy 329 -1.18101938 0.138575121 0.000259982926 0 0 0
volume_proxy 337 -0.854466711 0.468293005 0.00658160462 0 0 0
volume_proxy 344 0.256119966 0.233794265 0.00830613371 0 0 0
volume_proxy 347 -0.467149524 -0.714205914 -0.00114166427 0 0 0
volume_proxy 349 0.60171025 -0.15913279 0.00659613101 0 0 0
volume_proxy 356 0.380026157 0.285387249 0.00170491872 0 0 0
volume_proxy 375 0.95728834 -0.16470731 -0.00663736611 0 0 0
volume_proxy 388 -1.06217697 0.549863176 0.00307825161 0 0 0
volume_proxy 399 0.542733149 -0.447079084 -0.0101559781 0 0 0
volume_proxy 409 0.424260988 -0.795193719 -0.00183061942 0 0 0
volume_proxy 431 -1.48499555 -0.709095516 0.0053760158 0 0 0
volume_proxy 512 0.212941998 -0.980990132 -0.00402382308 0 0 0
volume_proxy 518 1.49467996 0.679257663 0.00796254781 0 0 0
volume_proxy 591 -0.415325731 0.0401232372 0.00488498485 0 0 0
volume_proxy 682 0.213974028 -0.466574542 -0.00506962734 0 0 0
volume_proxy 725 -1.44892105 -0.911804789 0.00576773471 0 0 0
volume_proxy 751 -0.602041973 -0.92703649 -0.00478823111 0 0 0
volume_proxy 802 1.05165387 -0.485296729 0.00421289187 0 0 0
volume_proxy 876 -0.21507514 -0.177069895 0.00371082976 0 0 0
volume_proxy 904 -0.384933264 0.613943202 0.00375975956 0 0 0
volume_proxy 914 0.146634572 -0.565560156 -0.00163121572 0 0 0
volume_proxy 929 -1.02449882 -0.599622555 -0.0051365043 0 0 0
volume_proxy 944 0.53278207 -0.995090688 -0.00273497666 0 0 0
volume_proxy 991 -1.14853488 -0.965338646 0.00154936905 0 0 0
volume_proxy 1020 -1.34103951 0.818615293 -0.00986618063 0 0 0
volume_proxy 1021 -0.748067676 -0.859369561 -0.00567679129 0 0 0
volume_proxy 1050 -1.35245019 -0.162699242 0.00470492033 0 0 0
volume_proxy 1052 -0.130400112 -0.172309396 0.0036443994 0 0 0
volume_proxy 1066 0.80189468 0.636204111 -0.00214171194 0 0 0
volume_proxy 1093 0.0785341406 -0.449106987 0.00550751709 0 0 0
volume_proxy 1098 0.459287825 0.860765818 0.00119847993 0 0 0
volume_proxy 1118 -0.035909224 -0.534108112 -0.00500386866 0 0 0
volume_proxy 1120 -0.26822801 0.496253148 -0.00657098952 0 0 0
volume_proxy 1133 0.688015759 -0.82985844 0.00476095012 0 0 0
volume_proxy 1137 -0.301918655 0.187343464 -0.00249645508 0 0 0
volume_proxy 1138 1.34566047 -0.868431792 0.0075688099 0 0 0
volume_proxy 1151 0.603198188 -0.950264955 -0.00333442691 0 0 0
volume_proxy 1166 -1.10509324 0.509100276 -0.00856205274 0 0 0
volume_proxy 1169 1.43799965 -0.841714711 0.00362762455 0 0 0
volume_proxy 1172 -0.25272485 0.44771579 0.00629937717 0 0 0
volume_proxy 1180 -1.12554942 0.142412804 -0.00182313164 0 0 0
volume_proxy 1186 -0.809141497 -0.938312567 0.00346038315 0 0 0
volume_proxy 1193 -0.863882584 -0.192780897 0.00565573696 0 0 0
volume_proxy 1195 -1.38748397 -0.455253808 0.00628993353 0 0 0
volume_proxy 1197 -0.622097803 -0.45789081 0.00943555468 0 0 0
volume_proxy 1208 -0.553961051 -0.0642765723 -0.00431771046 0 0 0
volume_proxy 1209 -1.28045062 0.485188452 0.00977529275 0 0 0
volume_proxy 1210 -1.08289172 0.97425202 -0.00101665724 0 0 0
volume_proxy 1217 -0.27680603 0.616727602 -0.00973666941 0 0 0
volume_proxy 1219 -0.863781246 0.523355648 -0.00664283593 0 0 0
volume_proxy 1223 1.41497118 0.169386091 0.00816517526 0 0 0
volume_proxy 1225 0.0755985895 -0.463816232 0.0023076247 0 0 0
volume_proxy 1230 0.903156284 -0.250308003 0.00473912604 0 0 0
volume_proxy 1231 -1.45559784 -0.0834417644 0.000234356158 0 0 0
volume_proxy 1237 -0.0557323562 0.949026735 0.00499767192 0 0 0
volume_proxy 1238 0.385012484 0.798903713 0.00637722848 0 0 0
volume_proxy 1245 -1.40309978 0.911890706 0.0107367256 0 0 0
volume_proxy 1255 1.35578847 -0.83254674 -0.00654712981 0 0 0
volume_proxy 1259 -0.82856113 0.80907948 0.00778656234 0 0 0
volume_proxy 1264 0.000190007036 -0.570893619 0.00805153586 0 0 0
volume_proxy 1270 0.0549136398 0.0456776113 0.00496948143 0 0 0
volume_proxy 1273 -0.571949658 0.370408836 -0.000875165975 0 0 0
volume_proxy 1280 -0.998862162 0.258414586 -0.00855872609 0 0 0
volume_proxy 1285 -1.32348756 0.698826799 -0.0107552509 0 0 0
volume_proxy 1292 0.139296628 0.0383672879 0.0098528637 0 0 0
volume_proxy 1293 -0.251707937 -0.930380441 -0.00685952763 0 0 0
volume_proxy 1295 -1.36244149 0.648531025 0.000300455741 0 0 0
volume_proxy 1296 0.149757929 -0.0722499041 0.00452989633 0 0 0
volume_proxy 1297 -0.104120772 -0.841843646 0.0009654843 0 0 0
volume_proxy 1298 -1.25668753 -0.932715567 -0.00096651419 0 0 0
volume_proxy 1301 -0.337111448 0.870478871 0.00260100011 0 0 0
volume_proxy 1303 -0.727189546 0.997847735 0.00894357605 0 0 0
volume_proxy 1308 -0.246761649 0.488280273 0.00657694145 0 0 0
volume_proxy 1315 -1.14110675 -0.65971226 -0.00449601937 0 0 0
volume_proxy 1318 0.900400101 -0.44603107 0.000103144033 0 0 0
volume_proxy 1325 -0.365337396 -0.560681826 0.00305919858 0 0 0
volume_proxy 1326 -0.38448138 0.0455774486 -0.00108484277 0 0 0
volume_proxy 1330 0.446717255 0.100713236 -0.00969866883 0 0 0
volume_proxy 1331 0.276197706 0.160347858 -0.00420519665 0 0 0
volume_proxy 1334 -1.40840725 -0.053766774 0.00238331857 0 0 0
volume_proxy 1335 0.376408603 -0.368706086 0.00673114642 0 0 0
volume_proxy 1336 0.496231151 -0.108900163 -0.000889690939 0 0 0
volume_proxy 1340 0.237310929 0.71328817 0.00307195918 0 0 0
volume_proxy 1341 -1.01791535 -0.286372812 0.00956246111 0 0 0
volume_proxy 1345 0.444429154 -0.756318683 -0.00557430618 0 0 0
volume_proxy 1347 -0.144874653 0.416966049 0.00574501139 0 0 0
volume_proxy 1348 1.08526232 -0.660042197 0.00285684756 0 0 0
volume_proxy 1349 -1.31299277 -0.375025548 0.00609977999 0 0 0
volume_proxy 1354 -0.332879301 -0.142719534 0.00349565509 0 0 0
volume_proxy 1357 -1.4109436 -0.180808345 0.0045921749 0 0 0
volume_proxy 1358 -0.457282256 -0.348526867 -0.00737194886 0 0 0
volume_proxy 1360 -1.49771689 -0.90556524 -0.0030959371 0 0 0
volume_proxy 1361 1.25822597 0.919245419 -0.00116622489 0 0 0
volume_proxy 1366 0.971169958 0.442161716 -0.00581077173 0 0 0
volume_proxy 1367 -0.661113537 -0.712895547 0.00631402158 0 0 0
volume_proxy 1368 0.840360892 -0.996412569 -0.01036997 0 0 0
volume_proxy 1369 0.877234609 0.873191267 0.00746948552 0 0 0
volume_proxy 1378 0.436936893 -0.55832311 0.0015244602 0 0 0
volume_proxy 1379 0.430342629 0.545181251 -0.00654419199 0 0 0
volume_proxy 1380 -0.34006903 0.65046678 -0.000566768505 0 0 0
volume_proxy 1381 0.740773034 0.476753388 0.0101722833 0 0 0
volume_proxy 1382 -0.217003075 -0.0372219441 -0.000791409709 0 0 0
volume_proxy 1383 -1.34471736 0.524797687 0.00963501987 0 0 0
volume_proxy 1384 0.403717767 0.125543546 0.00378684424 0 0 0
volume_proxy 1385 0.942987806 0.874165372 0.00501733311 0 0 0
volume_proxy 1386 0.719990436 0.571609157 0.00567208565 0 0 0
volume_proxy 1388 0.141545776 0.121322238 -0.0010932992 0 0 0
volume_proxy 1389 -0.0942323017 0.696301192 -0.0095745788 0 0 0
volume_proxy 1390 -1.47914458 0.374289483 -0.0031506546 0 0 0
volume_proxy 1391 0.685365919 -0.0284731268 0.00445399876 0 0 0
volume_proxy 1392 -0.233128442 -0.901140567 0.000167378804 0 0 0
volume_proxy 1395 1.32496348 0.0486534276 -0.00450508702 0 0 0
volume_proxy 1396 -0.966374771 -0.945422621 -0.000764309089 0 0 0
volume_proxy 1397 -0.431057219 0.636373053 0.00249890313 0 0 0
volume_proxy 1398 -1.07724237 0.294262953 -0.00804511271 0 0 0
volume_proxy 1401 0.891646035 0.598441123 -0.0011363097 0 0 0
volume_proxy 1403 0.630902878 0.0535505523 5.47539382e-05 0 0 0
volume_proxy 1405 0.761864209 0.244930169 -0.00979255347 0 0 0
volume_proxy 1406 -0.198939549 -0.470903335 -0.00911128813 0 0 0
volume_proxy 1407 1.32708777 0.181234763 -0.00434494607 0 0 0
volume_proxy 1408 0.116407059 0.607439039 0.00926375254 0 0 0
volume_proxy 1409 1.02071484 0.342021369 -0.00859158796 0 0 0
volume_proxy 1410 0.26319599 0.240122238 0.00288039409 0 0 0
volume_proxy 1411 0.895316036 0.820942528 -0.00467833601 0 0 0
volume_proxy 1412 1.0039093 -0.302013253 0.0107273395 0 0 0
volume_proxy 1413 0.970020249 0.738229573 0.00617146449 0 0 0
volume_proxy 1414 1.04589167 0.819212004 -0.00792637372 0 0 0
