volume_proxy 0 1.40646715 -0.251757364 0.0106901916 0 0 0
volume_proxy 5 0.809165317 -0.0682715659 0.00425379485 0 0 0
volume_proxy 6 0.531488566 0.246342863 -0.00280578591 0 0 0
volume_proxy 11 0.99384226 0.22733746 -0.00582787439 0 0 0
volume_proxy 12 1.08160872 -0.146835974 -0.000527270986 0 0 0
volume_proxy 14 -0.447514666 -0.188300857 0.000715828818 0 0 0
volume_proxy 23 0.563699679 -0.598260055 -0.00154303714 0 0 0
volume_proxy 38 0.766190983 0.225040059 -0.00804977874 0 0 0
volume_proxy 40 -0.147491411 -0.189729503 0.00298187434 0 0 0
volume_proxy 50 -0.462705886 -0.648421125 0.00257178709 0 0 0
volume_proxy 53 -0.83011222 0.325874956 -0.00548590401 0 0 0
volume_proxy 58 1.10725278 -0.765866512 -0.00442061086 0 0 0
volume_proxy 60 0.907705412 0.488678884 0.00636299525 0 0 0
volume_proxy 61 0.241198953 -0.677546441 -0.00478867825 0 0 0
volume_proxy 72 -0.0340084398 0.157627395 -0.000475403734 0 0 0
volume_proxy 85 -1.26820481 0.157313551 0.00828266869 0 0 0
volume_proxy 88 -0.90770881 -0.356852128 -0.00104261025 0 0 0
volume_proxy 97 0.989226058 0.389175019 0.00203259616 0 0 0
volume_proxy 105 0.353859801 -0.108459328 -0.00172497751 0 0 0
volume_proxy 107 1.36581144 0.680236351 0.0105119433 0 0 0
volume_proxy 127 -1.09689693 0.449951727 0.0036193279 0 0 0
volume_proxy 130 1.41066377 0.508209829 -0.0022090996 0 0 0
volume_proxy 140 -0.340308253 0.0866924606 0.000565330449 0 0 0
volume_proxy 157 1.47045829 -0.372394094 -4.39015449e-06 0 0 0
volume_proxy 159 0.437287818 0.0556170417 -0.00909384953 0 0 0
volume_proxy 161 0.721465254 0.201101888 0.00241853871 0 0 0
volume_proxy 176 0.610372823 -0.487589852 -0.00450651557 0 0 0
volume_proxy 186 -0.845356294 0.148365506 -0.00279319089 0 0 0
volume_proxy 189 -0.983113411 0.936855091 -0.00515032626 0 0 0
volume_proxy 195 -0.2214153 0.266596507 -0.0105283662 0 0 0
volume_proxy 196 0.20815019 -0.39202896 -0.00972372234 0 0 0
volume_proxy 200 -0.602929507 -0.979702201 0.00628459942 0 0 0
volume_proxy 202 -0.978218964 0.880086748 -0.00044913684 0 0 0
volume_proxy 209 -0.942030345 0.355437032 0.00956559487 0 0 0
volume_proxy 210 -0.891695801 0.655376323 0.00188016873 0 0 0
volume_proxy 226 -0.552153514 -0.560086536 0.000907202723 0 0 0
volume_proxy 236 0.651897228 0.805281964 0.00160372241 0 0 0
volume_proxy 247 0.450628632 0.605570436 -0.00248539007 0 0 0
volume_proxy 256 -0.507100684 0.0856311918 -0.00572070453 0 0 0
volume_proxy 259 0.157350791 0.0206837847 0.00442116899 0 0 0
volume_proxy 269 0.220655387 -0.18571829 -0.00636266515 0 0 0
volume_proxy 277 -1.38870297 -0.286937082 0.0034130482 0 0 0
volume_proxy 296 -0.0959654517 -0.3647696 0.00502276349 0 0 0
volume_proxy 305 0.20842285 -0.830927084 0.00809384108 0 0 0
volume_proxy 310 1.16586916 0.114211425 0.00886084383 0 0 0
volume_proxy 329 -0.353831077 -0.998842878 0.00332531173 0 0 0
volume_proxy 337 -1.04168286 0.934471673 0.00327629127 0 0 0
volume_proxy 344 -1.0696183 0.743245966 0.00441842861 0 0 0
volume_proxy 347 -0.683884839 -0.385664644 0.000504539566 0 0 0
volume_proxy 349 -0.492139813 -0.131363463 0.00563419734 0 0 0
volume_proxy 356 0.419575067 0.746169089 0.00451144268 0 0 0
volume_proxy 375 0.71698955 -0.598799134 -0.00241271805 0 0 0
volume_proxy 388 -1.04619493 0.726212182 -0.00886271692 0 0 0
volume_proxy 431 -1.17524227 0.0621363911 -0.00106742889 0 0 0
volume_proxy 802 1.31059327 0.0959648813 0.00347222001 0 0 0
volume_proxy 876 0.198064834 -0.98076236 0.0106810603 0 0 0
volume_proxy 1052 0.227221429 -0.742338575 0.00726046927 0 0 0
volume_proxy 1066 0.68655702 0.313762681 -0.0073331194 0 0 0
volume_proxy 1093 0.160227647 0.0896344559 -0.00255177182 0 0 0
volume_proxy 1120 -0.497957855 0.683703561 0.000722060505 0 0 0
volume_proxy 1166 -0.545443985 0.796451218 0.00695019436 0 0 0
volume_proxy 1169 1.41965162 -0.813413738 -0.00625726249 0 0 0
volume_proxy 1172 0.0319418682 0.753217494 -0.00769811225 0 0 0
volume_proxy 1186 -0.790930793 -0.462833554 -0.00701436811 0 0 0
volume_proxy 1193 -0.611962423 0.223904137 -0.00741094918 0 0 0
volume_proxy 1219 -0.757853053 0.744622436 -0.00431305736 0 0 0
volume_proxy 1225 0.0503668924 -0.215494193 0.00219298365 0 0 0
volume_proxy 1245 -1.36336451 0.571201532 0.00620005401 0 0 0
volume_proxy 1270 0.0691221877 -0.205111993 0.000549634613 0 0 0
volume_proxy 1280 -1.30074911 0.825411934 0.00206692084 0 0 0
volume_proxy 1285 -1.24894405 0.82028369 0.00388334207 0 0 0
volume_proxy 1295 -1.07708384 0.708556812 0.00558710742 0 0 0
volume_proxy 1296 0.020290146 -0.189196344 -0.00247953272 0 0 0
volume_proxy 1301 -1.3001996 0.846967136 0.00141493307 0 0 0
volume_proxy 1326 0.795486535 -0.131786877 -0.00384165307 0 0 0
volume_proxy 1335 0.169129872 -0.612386041 -0.00607898604 0 0 0
volume_proxy 1340 1.03205916 0.767321463 -0.00390051944 0 0 0
volume_proxy 1380 -0.111107951 0.428153886 0.00139445884 0 0 0
volume_proxy 1386 0.485424053 0.956152361 0.000194436817 0 0 0
volume_proxy 1390 -1.49527803 0.896269464 0.00265248716 0 0 0
volume_proxy 1392 -0.00973824753 -0.820572547 -0.00141234489 0 0 0
volume_proxy 1397 0.529580434 0.509100023 0.00210377752 0 0 0
volume_proxy 1403 0.486366835 -0.199746224 0.00297782809 0 0 0
volume_proxy 1405 -0.0952889134 0.879139593 0.00209932143 0 0 0
volume_proxy 1409 1.43167421 0.552167354 -0.00742242437 0 0 0
volume_proxy 1413 0.4254086 0.811204083 0.000338169682 0 0 0
volume_proxy 1418 -1.28896739 -0.0677683909 0.00902093297 0 0 0
volume_proxy 1420 -1.48513546 -0.205389892 -0.00887548212 0 0 0
volume_proxy 1421 -1.34004851 -0.260814506 -0.00496513193 0 0 0
volume_proxy 1422 1.22324808 -0.996238512 0.00394536175 0 0 0
volume_proxy 1423 -0.723436592 0.998712806 -0.00633520384 0 0 0
volume_proxy 1425 -0.991097055 -0.783060517 0.000570510675 0 0 0
volume_proxy 1426 0.818434529 -0.464549661 -0.00702293302 0 0 0
volume_proxy 1428 -0.127720074 0.699064986 0.00771573343 0 0 0
volume_proxy 1429 1.05783174 -0.135482077 0.00499060067 0 0 0
volume_proxy 1433 0.949154096 0.337371584 -0.00149158337 0 0 0
volume_proxy 1434 0.508039214 -0.406429296 0.00397710392 0 0 0
volume_proxy 1437 -0.400804799 -0.525494751 0.00236535075 0 0 0
volume_proxy 1439 -0.632633727 0.816199766 0.00237625018 0 0 0
volume_proxy 1440 0.63177958 -0.54305912 0.00817905746 0 0 0
volume_proxy 1444 -1.16853249 -0.456255197 0.00249469412 0 0 0
volume_proxy 1445 0.482283557 -0.726763507 -0.00581913803 0 0 0
volume_proxy 1447 1.40866342 -0.455890688 0.00290258105 0 0 0
volume_proxy 1459 -0.839387878 0.994886255 0.00123728331 0 0 0
volume_proxy 1460 0.938719082 0.338192941 0.00878156902 0 0 0
volume_proxy 1461 -1.10200109 0.501868156 0.00124098732 0 0 0
volume_proxy 1462 -0.990666275 -0.544941441 0.00967867043 0 0 0
volume_proxy 1464 -0.954643275 -0.787156094 -0.00801162561 0 0 0
volume_proxy 1466 -1.09180403 -0.937896564 -0.00742187689 0 0 0
volume_proxy 1470 -1.29618372 -0.636240612 0.00358234168 0 0 0
volume_proxy 1471 -0.382672601 0.925860718 -0.0015404204 0 0 0
volume_proxy 1472 -0.498981819 0.704987279 -0.00911707942 0 0 0
volume_proxy 1474 1.24762659 -0.916867656 0.00517840952 0 0 0
volume_proxy 1475 1.08741552 0.214771532 -0.00118012219 0 0 0
volume_proxy 1481 1.21345664 0.647827432 0.00790763699 0 0 0
volume_proxy 1482 0.459801194 -0.961496035 0.000175481037 0 0 0
volume_proxy 1483 0.0865333246 -0.958072647 0.000395682777 0 0 0
volume_proxy 1485 0.040298816 -0.429603852 -0.00166131677 0 0 0
volume_proxy 1486 0.953270045 -0.82589429 0.00591707774 0 0 0
volume_proxy 1489 -0.531254714 0.65534421 0.00760451607 0 0 0
volume_proxy 1490 0.922471004 0.919481196 0.005184224 0 0 0
volume_proxy 1491 -0.664255924 -0.289257766 0.00995726755 0 0 0
volume_proxy 1492 0.158906423 0.243732768 0.00849450969 0 0 0
volume_proxy 1493 0.55762292 0.357378635 0.00154932102 0 0 0
volume_proxy 1494 0.884283532 0.522011334 0.00835567628 0 0 0
volume_proxy 1495 1.00562078 -0.693018292 -0.00824081387 0 0 0
volume_proxy 1496 -1.04161762 0.699610811 -0.00592665752 0 0 0
volume_proxy 1497 0.35138777 0.59465258 -0.0107618756 0 0 0
volume_proxy 1498 -1.42392067 0.720898136 -0.00724399212 0 0 0
volume_proxy 1501 -0.948405419 -0.714812805 -0.0107176558 0 0 0
