volume_proxy 0 -0.610705185 -0.758365188 0.00921219606 0 0 0
volume_proxy 6 0.0940737946 0.258738868 -0.00489696344 0 0 0
volume_proxy 11 1.36242825 0.992470809 -0.0103905504 0 0 0
volume_proxy 12 1.05123299 -0.625075885 0.00301198913 0 0 0
volume_proxy 14 -1.09665431 0.053182994 -0.00971507556 0 0 0
volume_proxy 23 0.683073494 -0.332020187 0.00373505953 0 0 0
volume_proxy 38 -0.968329724 -0.826470814 0.00476234355 0 0 0
volume_proxy 40 -0.992190182 -0.0431897586 -0.00506135145 0 0 0
volume_proxy 50 -0.682996506 -0.0797273462 0.00393217827 0 0 0
volume_proxy 53 -1.13202576 0.766037112 -0.00161110796 0 0 0
volume_proxy 58 1.45904398 -0.906690049 0.00560464646 0 0 0
volume_proxy 60 -0.257546928 0.887553866 -0.00143674721 0 0 0
volume_proxy 85 -1.23491199 0.646884932 0.00970863784 0 0 0
volume_proxy 97 0.651067414 0.699032585 -0.0079467095 0 0 0
volume_proxy 107 0.389358484 0.0751833621 0.0025224769 0 0 0
volume_proxy 127 -1.24004699 -0.691086767 -0.00909776744 0 0 0
volume_proxy 130 1.00170409 -0.930588571 0.00670066089 0 0 0
volume_proxy 140 -0.452189487 -0.100793181 -0.00780456597 0 0 0
volume_proxy 157 0.349651022 -0.92319033 -0.00282791763 0 0 0
volume_proxy 159 1.25968345 0.300601962 0.00404050291 0 0 0
volume_proxy 161 -0.22162011 0.0261651516 0.00383651806 0 0 0
volume_proxy 176 1.21862106 0.0405574194 -0.00895141794 0 0 0
volume_proxy 186 -0.749617849 -0.209175654 -0.00611690191 0 0 0
volume_proxy 189 -0.159876366 -0.273152375 -0.00869310291 0 0 0
volume_proxy 195 -1.23037753 -0.68634997 -0.00384813139 0 0 0
volume_proxy 196 0.497170073 0.673802883 0.00467125858 0 0 0
volume_proxy 200 -0.548020131 0.371080388 -0.00163843397 0 0 0
volume_proxy 202 -0.210901737 0.706688008 -0.0070100753 0 0 0
volume_proxy 209 -0.903530523 -0.287072823 -0.00655119743 0 0 0
volume_proxy 210 0.0308726135 0.568945932 -0.00433414506 0 0 0
volume_proxy 226 0.607450438 -0.853988367 -0.00779609556 0 0 0
volume_proxy 236 1.1901922 -0.796143289 -0.00436317255 0 0 0
volume_proxy 247 0.565561495 -0.189428506 0.00329405773 0 0 0
volume_proxy 256 -0.620204922 0.966515564 -0.0086022959 0 0 0
volume_proxy 259 0.393350316 -0.105908826 -0.000535908723 0 0 0
volume_proxy 269 -0.82495176 -0.166234964 0.00390861996 0 0 0
volume_proxy 277 -0.749286209 -0.849816862 0.00582231622 0 0 0
volume_proxy 296 -1.19843187 0.78245893 -0.00736968536 0 0 0
volume_proxy 305 0.420061561 -0.435651778 -0.00345038484 0 0 0
volume_proxy 310 0.685739135 0.58472543 -0.0056135843 0 0 0
volume_proxy 344 -1.44223239 -0.170463972 0.00913657919 0 0 0
volume_proxy 347 -0.0421528099 0.694271938 0.00576058158 0 0 0
volume_proxy 356 -0.097866137 0.0280258483 0.00950381326 0 0 0
volume_proxy 375 0.921042658 -0.590051929 -0.0105755286 0 0 0
volume_proxy 388 1.35422614 -0.956069923 -0.00168407363 0 0 0
volume_proxy 802 0.53246123 0.410035996 -0.00218014524 0 0 0
volume_proxy 1052 -1.24024812 -0.471642888 0.00814197062 0 0 0
volume_proxy 1066 0.0610944082 0.700798754 0.00499745251 0 0 0
volume_proxy 1120 -0.417156006 0.679376433 -0.0092980413 0 0 0
volume_proxy 1166 -1.14756289 -0.47511985 -0.0100585706 0 0 0
volume_proxy 1193 -1.04523242 -0.26192467 -0.00614357331 0 0 0
volume_proxy 1225 -0.998727774 -0.606267278 0.00282960939 0 0 0
volume_proxy 1245 -1.36195225 0.295190896 -0.00458617336 0 0 0
volume_proxy 1280 -0.946817539 0.737680644 0.00845093696 0 0 0
volume_proxy 1285 -1.33028521 0.272626941 0.00958496719 0 0 0
volume_proxy 1295 0.594544364 0.0246225262 0.00374223643 0 0 0
volume_proxy 1296 -0.127190146 -0.961717197 0.0032055514 0 0 0
volume_proxy 1340 0.830026755 0.107066181 0.0100190435 0 0 0
volume_proxy 1380 -1.1582685 -0.142317039 0.00402942356 0 0 0
volume_proxy 1386 1.29128874 0.540084802 -0.00990159472 0 0 0
volume_proxy 1397 0.552336869 0.938952338 0.00859371269 0 0 0
volume_proxy 1409 -0.2197247 0.427511292 -0.00224744218 0 0 0
volume_proxy 1413 1.04149806 0.843695632 -0.00202050188 0 0 0
volume_proxy 1422 0.759477212 -0.690080414 -0.00975225336 0 0 0
volume_proxy 1433 1.18123064 0.439311581 -0.00742229131 0 0 0
volume_proxy 1437 -0.0354760929 -0.4463079 0.00668041774 0 0 0
volume_proxy 1459 -1.06746272 -0.173846089 0.00289503571 0 0 0
volume_proxy 1460 -0.0102246853 0.761813097 0.0031372904 0 0 0
volume_proxy 1461 -1.47435284 0.802778758 0.00939743929 0 0 0
volume_proxy 1466 -0.266097537 0.670427427 -0.00994823803 0 0 0
volume_proxy 1472 -1.24745995 0.716796248 0.00976507088 0 0 0
volume_proxy 1474 1.366413 -0.0484972814 -0.00361722142 0 0 0
volume_proxy 1481 0.407810664 0.682148936 -0.00438595786 0 0 0
volume_proxy 1482 1.08151479 0.751118637 0.00129332291 0 0 0
volume_proxy 1485 0.570018978 -0.215056524 0.00782547946 0 0 0
volume_proxy 1489 0.379324641 -0.562288447 0.00118492277 0 0 0
volume_proxy 1490 0.697726722 0.976511713 0.0024095743 0 0 0
volume_proxy 1496 -1.22226223 0.918494761 0.00511930601 0 0 0
volume_proxy 1498 -0.253300437 0.241014357 -0.0049514691 0 0 0
volume_proxy 1503 -1.07121593 -0.782562482 0.000872787504 0 0 0
volume_proxy 1506 0.262811015 0.643102308 -0.010550775 0 0 0
volume_proxy 1507 -1.30933398 -0.0687310078 -0.00280269728 0 0 0
volume_proxy 1508 -0.270714498 -0.152441486 0.0053074298 0 0 0
volume_proxy 1509 -1.36862026 -0.185170412 0.00762807364 0 0 0
volume_proxy 1510 -0.141357802 -0.961020489 0.00985104591 0 0 0
volume_proxy 1511 1.23722153 0.51896593 0.0061834576 0 0 0
volume_proxy 1513 -1.44172783 0.818495606 0.00428227025 0 0 0
volume_proxy 1515 0.754761575 -0.865036843 -0.00420424087 0 0 0
volume_proxy 1516 -0.260758198 -0.950182091 0.00683377867 0 0 0
volume_proxy 1517 -1.13858901 -0.30588598 0.000542978452 0 0 0
volume_proxy 1519 0.0567239346 -0.530389268 0.00197627304 0 0 0
volume_proxy 1520 0.323593361 -0.405182122 0.00680769754 0 0 0
volume_proxy 1521 -1.26582298 -0.638790394 -0.00619489099 0 0 0
volume_proxy 1523 0.348843826 -0.541391538 -0.0103015007 0 0 0
volume_proxy 1525 -0.822041177 0.911925622 0.00282803909 0 0 0
volume_proxy 1526 0.952542595 -0.750104743 -0.00841825565 0 0 0
volume_proxy 1528 0.679044702 -0.625572086 0.00061821528 0 0 0
volume_proxy 1529 -1.04920331 0.322462968 0.00973487756 0 0 0
volume_proxy 1531 0.375565176 0.476738607 -0.00654462964 0 0 0
volume_proxy 1533 1.11548369 0.023508843 -0.00358435399 0 0 0
volume_proxy 1534 0.328244121 0.717410884 0.00038435655 0 0 0
volume_proxy 1535 0.759840236 0.665059661 0.000150835247 0 0 0
volume_proxy 1536 -0.348461583 -0.614652238 -0.00481169791 0 0 0
volume_proxy 1537 -0.369587906 -0.85054535 -0.00315683985 0 0 0
volume_proxy 1538 1.27686849 -0.218946635 0.00403032681 0 0 0
