volume_proxy 0 -0.798115678 -0.70284899 -0.0033127067 0 0 0
volume_proxy 6 0.081533573 0.40042056 -0.000620587285 0 0 0
volume_proxy 11 0.819431065 0.352299077 0.00119808626 0 0 0
volume_proxy 12 0.885922989 -0.920959235 0.000553468905 0 0 0
volume_proxy 14 -1.46819625 0.63781493 0.0105743798 0 0 0
volume_proxy 23 1.18679075 -0.866560729 0.00549492046 0 0 0
volume_proxy 38 -0.921540432 -0.783984365 0.00897877661 0 0 0
volume_proxy 40 -0.502247941 -0.445892263 -0.00964825981 0 0 0
volume_proxy 50 -0.85906389 -0.359655746 -0.0087834402 0 0 0
volume_proxy 53 -1.42542948 0.502813302 -0.00417645494 0 0 0
volume_proxy 58 1.1400762 -0.770438265 -0.00577680146 0 0 0
volume_proxy 60 -0.399563129 0.936346401 -0.00216096153 0 0 0
volume_proxy 85 -1.12904233 0.759593582 0.00880693094 0 0 0
volume_proxy 97 0.440664537 0.708684527 0.00795869912 0 0 0
volume_proxy 107 0.0444004019 -0.0740691207 0.001973445 0 0 0
volume_proxy 127 -1.17280624 -0.477066955 0.00285477422 0 0 0
volume_proxy 130 0.635113997 -0.913428015 -0.005209101 0 0 0
volume_proxy 140 0.21384269 -0.13234795 -0.00984766555 0 0 0
volume_proxy 157 0.322796019 -0.907913141 0.00327593592 0 0 0
volume_proxy 159 1.03378061 0.352921809 -0.00115241927 0 0 0
volume_proxy 161 -0.81123857 -0.418658702 0.00365387725 0 0 0
volume_proxy 176 0.775899082 0.116262333 0.00311434596 0 0 0
volume_proxy 186 -1.23021783 0.363108771 -0.00998703244 0 0 0
volume_proxy 189 -0.239946382 -0.0429716715 0.00733714429 0 0 0
volume_proxy 195 -1.25502047 -0.498912859 0.0069322565 0 0 0
volume_proxy 196 -0.0404481296 0.410679315 -0.00966113279 0 0 0
volume_proxy 200 -1.20167913 0.207506507 -0.0097873496 0 0 0
volume_proxy 202 -0.606349761 0.122066016 0.000142682286 0 0 0
volume_proxy 209 -1.29149383 -0.0538118523 -0.00978299721 0 0 0
volume_proxy 210 0.620687952 0.560829945 -0.0092312809 0 0 0
volume_proxy 226 1.1768944 -0.739879749 -0.00292800264 0 0 0
volume_proxy 236 1.22653902 -0.271855518 -0.00425120981 0 0 0
volume_proxy 247 0.404864735 -0.681840677 -0.00593927608 0 0 0
volume_proxy 256 -0.517640374 -0.237236008 0.00754779891 0 0 0
volume_proxy 259 0.273318086 0.824084706 -0.00678921564 0 0 0
volume_proxy 269 -0.290420137 0.024686212 -0.00689391242 0 0 0
volume_proxy 277 -0.310767632 -0.377080326 -0.00056370194 0 0 0
volume_proxy 296 -0.552401852 0.838819213 -0.00778906021 0 0 0
volume_proxy 305 0.609591404 -0.717922524 -0.00724003666 0 0 0
volume_proxy 310 1.17076675 0.926774318 0.00909017398 0 0 0
volume_proxy 344 -1.25113688 -0.725894347 -0.00455573518 0 0 0
volume_proxy 347 -0.263016647 0.848411784 -0.00469673094 0 0 0
volume_proxy 356 -0.200970413 -0.0623739202 -0.0086727303 0 0 0
volume_proxy 375 1.37168579 -0.350775144 -0.00612121162 0 0 0
volume_proxy 388 0.7959242 -0.63151828 -0.00784084177 0 0 0
volume_proxy 1052 -1.10367532 -0.311314729 0.000822516606 0 0 0
volume_proxy 1066 -0.185930002 0.983630171 0.00107189571 0 0 0
volume_proxy 1120 -0.537420236 0.74835521 0.00687474911 0 0 0
volume_proxy 1166 -1.11979442 -0.929504174 -0.000800121089 0 0 0
volume_proxy 1193 -1.18528736 -0.379535131 0.00343110099 0 0 0
volume_proxy 1225 -1.43176094 -0.717303631 0.00280176593 0 0 0
volume_proxy 1245 -1.16574531 0.592654358 0.00617528097 0 0 0
volume_proxy 1280 -1.17213221 0.673206778 0.00661785861 0 0 0
volume_proxy 1285 -0.796070396 0.812752008 0.00291713116 0 0 0
volume_proxy 1295 0.653703487 0.230248444 -0.00382880683 0 0 0
volume_proxy 1296 -0.0796974028 -0.736553758 0.00823341721 0 0 0
volume_proxy 1340 1.30562478 -0.15033839 0.00402787006 0 0 0
volume_proxy 1380 -1.44728118 -0.384896634 0.00487059313 0 0 0
volume_proxy 1386 1.33677066 0.923982464 -0.00510710702 0 0 0
volume_proxy 1397 0.310055326 0.761304789 0.00346863783 0 0 0
volume_proxy 1409 0.223132087 0.249765612 0.00230709026 0 0 0
volume_proxy 1413 1.3846762 0.661547892 0.00034290783 0 0 0
volume_proxy 1422 0.319389676 -0.926552773 0.00703755367 0 0 0
volume_proxy 1433 0.861023556 0.437428774 -0.00705425908 0 0 0
volume_proxy 1437 -0.0938708614 -0.849969495 0.00865906524 0 0 0
volume_proxy 1459 -0.718358431 -0.601576329 0.00712078456 0 0 0
volume_proxy 1460 -0.233194654 0.497030521 0.00793698267 0 0 0
volume_proxy 1461 -1.28687282 0.4568407 -0.00417450677 0 0 0
volume_proxy 1472 -0.818292642 0.360057624 -0.00278773106 0 0 0
volume_proxy 1474 1.27215583 0.184633212 0.00166871732 0 0 0
volume_proxy 1481 0.321840977 0.267722506 -0.00298287801 0 0 0
volume_proxy 1482 1.25680002 0.972181747 -0.000612459183 0 0 0
volume_proxy 1485 0.476242076 -0.542267841 -0.00544305514 0 0 0
volume_proxy 1489 0.412620406 -0.805494804 0.00586756361 0 0 0
volume_proxy 1490 0.459786879 0.769693065 0.00368753448 0 0 0
volume_proxy 1496 -1.28244659 0.8492775 0.00364100939 0 0 0
volume_proxy 1498 -0.41741054 0.0306599648 -0.0095835664 0 0 0
volume_proxy 1503 -1.37329405 -0.985780114 -0.00447828262 0 0 0
volume_proxy 1506 0.286657391 0.931739177 0.00693571595 0 0 0
volume_proxy 1507 -1.01059181 -0.403095241 0.00674678454 0 0 0
volume_proxy 1508 -0.306494507 0.0636335077 -0.0016187336 0 0 0
volume_proxy 1509 -1.47947506 0.0224690405 0.00186302672 0 0 0
volume_proxy 1510 -0.755331026 -0.886124972 -0.00129868559 0 0 0
volume_proxy 1511 0.999616448 0.327735677 -0.00180510747 0 0 0
volume_proxy 1513 -1.19901728 0.470372002 0.00855404871 0 0 0
volume_proxy 1515 0.500304918 -0.910958568 -0.00740588129 0 0 0
volume_proxy 1516 -0.247631108 -0.428985736 0.0100123512 0 0 0
volume_proxy 1517 -1.46207283 -0.611826879 -0.00850795402 0 0 0
volume_proxy 1519 0.329019945 -0.706211293 0.000359406993 0 0 0
volume_proxy 1520 0.10171012 -0.333080969 0.00144321246 0 0 0
volume_proxy 1521 -1.43911027 -0.836407203 0.00695845203 0 0 0
volume_proxy 1523 0.55596604 -0.1178898 0.00984871639 0 0 0
volume_proxy 1525 -0.915585218 0.824152658 0.00750948258 0 0 0
volume_proxy 1526 1.2836884 -0.417264698 -0.00447329032 0 0 0
volume_proxy 1528 1.27157139 -0.714919814 0.00609118919 0 0 0
volume_proxy 1529 -1.00850555 0.0452569389 0.00581676445 0 0 0
volume_proxy 1531 0.578969527 0.443602967 -0.00978084219 0 0 0
volume_proxy 1533 1.40026936 0.281654153 -0.0101836992 0 0 0
volume_proxy 1534 -0.328497093 0.916532989 0.0069115083 0 0 0
volume_proxy 1535 0.957052086 0.485502802 0.000234399458 0 0 0
volume_proxy 1536 -0.561617944 -0.653553733 0.00425297494 0 0 0
volume_proxy 1537 -0.469588628 -0.715359636 0.00568695797 0 0 0
volume_proxy 1538 1.003679 -0.363079869 0.00566232914 0 0 0
volume_proxy 1539 0.102004736 0.325454625 0.00972188424 0 0 0
