volume_proxy 0 -0.699479091 -0.00328852757 -0.00641095093 0 0 0
volume_proxy 6 -0.160977999 0.0394705073 0.00623499979 0 0 0
volume_proxy 11 0.933549346 0.761788916 0.00964452734 0 0 0
volume_proxy 12 1.28720688 -0.526903512 0.00712073921 0 0 0
volume_proxy 14 -1.40104173 0.58091082 0.00446861081 0 0 0
volume_proxy 23 1.10092849 0.0503158116 -0.00355526775 0 0 0
volume_proxy 38 -1.07799768 -0.833709246 -0.00740706212 0 0 0
volume_proxy 40 -1.35289881 -0.358333331 0.00361621217 0 0 0
volume_proxy 50 -1.35391097 -0.653766933 0.0062696381 0 0 0
volume_proxy 53 -1.330287 0.134720093 0.00184066158 0 0 0
volume_proxy 58 0.437429822 -0.448162305 0.00872832797 0 0 0
volume_proxy 60 -0.585980332 0.663622069 -0.0102873303 0 0 0
volume_proxy 85 -1.09773892 0.882064079 -0.0100804355 0 0 0
volume_proxy 97 0.670637256 0.888332082 -0.00760589695 0 0 0
volume_proxy 107 0.0741998973 0.682217583 -0.00735600738 0 0 0
volume_proxy 127 -1.48409711 -0.550250619 -0.00155325705 0 0 0
volume_proxy 130 0.147118235 -0.441119558 0.00341111272 0 0 0
volume_proxy 140 0.879425118 0.0423577795 -0.00281017841 0 0 0
volume_proxy 157 0.306055145 0.254777503 -0.0100403503 0 0 0
volume_proxy 159 0.0654344022 0.759198572 0.00763492413 0 0 0
volume_proxy 161 -0.455944 -0.142268618 0.00716706264 0 0 0
volume_proxy 176 1.26464048 0.543458022 0.00755068765 0 0 0
volume_proxy 186 -0.973152926 0.357519457 0.00528622964 0 0 0
volume_proxy 189 -0.742026718 -0.697693209 0.00834415494 0 0 0
volume_proxy 195 -0.851771775 -0.714899314 -0.0096299011 0 0 0
volume_proxy 196 -1.44023166 -0.0417323317 -0.00238533471 0 0 0
volume_proxy 200 -1.40621639 0.837955159 0.00418425432 0 0 0
volume_proxy 202 -0.747784593 -0.539653488 0.00720348234 0 0 0
volume_proxy 209 -1.13008537 0.0573804879 0.0100202392 0 0 0
volume_proxy 210 0.466860686 0.318015168 -0.00124298738 0 0 0
volume_proxy 226 1.14765092 0.0285168791 0.0103319859 0 0 0
volume_proxy 236 0.278117871 0.635597977 -0.00526022857 0 0 0
volume_proxy 247 0.236598988 -0.741179603 -0.00591417531 0 0 0
volume_proxy 256 0.717234321 -0.753158262 0.00156955874 0 0 0
volume_proxy 259 0.818616021 0.203861909 0.0105956757 0 0 0
volume_proxy 269 -1.34717524 0.671166636 0.0096376848 0 0 0
volume_proxy 277 -1.20456668 0.252391857 0.00941550142 0 0 0
volume_proxy 296 -0.387902841 -0.258992175 -0.00387554034 0 0 0
volume_proxy 305 0.166909866 -0.251820294 0.0091110866 0 0 0
volume_proxy 310 1.4510589 0.330108675 0.00721947672 0 0 0
volume_proxy 344 -0.490025273 -0.644315145 0.0099315432 0 0 0
volume_proxy 347 -1.15272175 0.610190763 0.00486879314 0 0 0
volume_proxy 356 -0.996564825 0.296913428 -0.00275049733 0 0 0
volume_proxy 375 1.34066471 -0.0725917624 0.00307284028 0 0 0
volume_proxy 388 1.42026258 -0.0246987 -0.00907089917 0 0 0
volume_proxy 1052 -1.38417435 -0.225273619 -0.00116870475 0 0 0
volume_proxy 1066 -0.341288454 0.0806441841 0.0022045002 0 0 0
volume_proxy 1120 -1.22296488 0.595786116 -0.00723542141 0 0 0
volume_proxy 1166 -0.882784986 -0.85943002 0.00986266614 0 0 0
volume_proxy 1193 -0.906691418 -0.102167026 0.000611089609 0 0 0
volume_proxy 1225 -1.11492783 -0.711162961 0.00251833233 0 0 0
volume_proxy 1245 -1.41561577 0.937113583 0.00531357154 0 0 0
volume_proxy 1280 -1.2713275 0.826170131 0.00595017142 0 0 0
volume_proxy 1285 -0.579742014 0.581666753 0.0105367217 0 0 0
volume_proxy 1295 0.682535181 0.543018473 -0.0083694855 0 0 0
volume_proxy 1296 -0.333116317 -0.257043759 -0.00666832536 0 0 0
volume_proxy 1340 1.36284242 -0.0101673753 -0.000988285016 0 0 0
volume_proxy 1380 -1.33821919 -0.366683135 0.00341815797 0 0 0
volume_proxy 1386 1.0914351 0.434829469 0.0102157158 0 0 0
volume_proxy 1397 0.420606233 0.722681961 0.00967680875 0 0 0
volume_proxy 1409 0.624301822 0.201141885 -0.0107165223 0 0 0
volume_proxy 1413 0.61413211 0.233685673 -0.00422661124 0 0 0
volume_proxy 1422 1.40680259 -0.873639723 0.00209724482 0 0 0
volume_proxy 1433 1.35760852 0.685267575 -0.0066398072 0 0 0
volume_proxy 1459 -1.12531365 -0.58441772 -0.00260774523 0 0 0
volume_proxy 1460 -1.22116036 0.0388380331 0.000463571964 0 0 0
volume_proxy 1461 -1.27600397 0.392228765 -0.00449378448 0 0 0
volume_proxy 1472 -0.995727911 -0.389692219 0.00539622529 0 0 0
volume_proxy 1474 1.28795906 -0.132949164 -0.00776909687 0 0 0
volume_proxy 1481 -0.474480445 0.544000188 -0.00421218612 0 0 0
volume_proxy 1482 0.668322685 0.186085661 -0.00249778705 0 0 0
volume_proxy 1485 0.586507449 -0.131690093 -0.00923476182 0 0 0
volume_proxy 1489 0.0730697397 -0.799190624 -0.00388750338 0 0 0
volume_proxy 1490 0.488470402 0.685698967 -0.000116090614 0 0 0
volume_proxy 1496 -1.45186132 0.340135436 0.00101361945 0 0 0
volume_proxy 1498 -0.203591892 -0.2389581 -0.00777247236 0 0 0
volume_proxy 1503 -1.48472294 -0.956800103 0.00586653012 0 0 0
volume_proxy 1506 0.0794653045 0.762328685 0.00851122446 0 0 0
volume_proxy 1507 -0.0992170168 -0.101331913 -0.00531152501 0 0 0
volume_proxy 1508 -0.995919097 0.272028058 -0.0089302223 0 0 0
volume_proxy 1509 -1.23882184 -0.21074472 -0.00874042539 0 0 0
volume_proxy 1513 -1.18192888 0.0699124363 0.00459809142 0 0 0
volume_proxy 1515 0.172265957 -0.847576657 -0.0104146053 0 0 0
volume_proxy 1516 -0.0273874143 -0.574111334 -0.00732481381 0 0 0
volume_proxy 1517 -1.37672765 -0.463954658 0.00861397213 0 0 0
volume_proxy 1519 0.294671406 0.66779484 0.00161244684 0 0 0
volume_proxy 1520 -0.151586425 -0.426019555 0.00331496753 0 0 0
volume_proxy 1521 -1.31457399 -0.405711195 0.00501573083 0 0 0
volume_proxy 1523 -0.0178337235 -0.421770502 -0.000836712875 0 0 0
volume_proxy 1525 -0.434595407 0.793155757 0.00171379772 0 0 0
volume_proxy 1526 1.35710372 -0.167963616 -0.00203727826 0 0 0
volume_proxy 1528 0.934914692 -0.76760984 -0.000695071423 0 0 0
volume_proxy 1529 -1.00185911 -0.0898101073 0.0100727242 0 0 0
volume_proxy 1531 0.389453125 0.701414986 0.00797260572 0 0 0
volume_proxy 1533 1.0678629 0.20721988 0.00281887603 0 0 0
volume_proxy 1534 -0.38076737 -0.0850331477 -0.0101872133 0 0 0
volume_proxy 1537 -0.997956651 -0.717199917 0.00707184137 0 0 0
volume_proxy 1538 1.00565113 -0.0990103983 -0.00617505306 0 0 0
volume_proxy 1539 0.196947109 0.780468614 0.00513118408 0 0 0
volume_proxy 1540 1.23684162 0.0173488919 0.00387303483 0 0 0
volume_proxy 1542 -0.478059723 -0.946390046 0.00705749897 0 0 0
volume_proxy 1543 -0.374328632 -0.911407835 -0.00597631105 0 0 0
