volume_proxy 0 1.29592629 0.130198346 -0.00741436574 0 0 0
volume_proxy 4 1.43370927 0.869741309 0.0105542031 0 0 0
volume_proxy 5 0.010161878 0.740244265 0.00276268721 0 0 0
volume_proxy 6 1.4678055 0.31527485 0.000878509534 0 0 0
volume_proxy 11 0.501062473 0.983773454 0.00504163428 0 0 0
volume_proxy 12 0.810995519 -0.231156685 -0.0022388787 0 0 0
volume_proxy 14 0.529483022 0.567666825 -0.00877051415 0 0 0
volume_proxy 23 -0.90618087 -0.0809057567 -0.000185675546 0 0 0
volume_proxy 38 0.522224377 -0.42045301 -0.000769650412 0 0 0
volume_proxy 40 -0.264919213 -0.391067512 0.0064010008 0 0 0
volume_proxy 50 -0.125401109 -0.878953654 -0.00541805856 0 0 0
volume_proxy 52 -1.40566116 -0.653720168 0.00879366084 0 0 0
volume_proxy 53 -0.215063268 -0.590988941 -0.00689791113 0 0 0
volume_proxy 58 1.09889033 -0.441616562 -0.0107974429 0 0 0
volume_proxy 60 -0.477366461 0.379950412 -0.00945186028 0 0 0
volume_proxy 61 -0.836398508 -0.949375319 0.0013613512 0 0 0
volume_proxy 72 0.782203714 0.212057773 -0.00873261027 0 0 0
volume_proxy 81 -1.20343475 -0.0760268016 0.00201761276 0 0 0
volume_proxy 85 -0.668619604 0.171776098 0.0101683963 0 0 0
volume_proxy 88 -1.00068199 0.544182867 0.00407859015 0 0 0
volume_proxy 97 1.22060514 -0.371228712 -0.00184294596 0 0 0
volume_proxy 101 -1.48325025 0.816715631 0.000175161972 0 0 0
volume_proxy 105 -0.218990338 -0.491882173 0.00518342154 0 0 0
volume_proxy 106 -0.697886858 -0.919255373 -0.00730644356 0 0 0
volume_proxy 107 0.647867137 0.5693701 -0.0078085429 0 0 0
volume_proxy 108 1.33105596 0.0956237293 0.0105847879 0 0 0
volume_proxy 126 -0.235003268 -0.9755582 0.000298065553 0 0 0
volume_proxy 127 -0.65951506 0.217639378 -0.00281536013 0 0 0
volume_proxy 130 1.3921281 0.766984873 0.000978605606 0 0 0
volume_proxy 132 0.847368407 0.65746173 -0.00288542113 0 0 0
volume_proxy 135 -0.0485235082 -0.811201533 0.00778292402 0 0 0
volume_proxy 140 -0.666965556 0.95580846 0.00905450616 0 0 0
volume_proxy 145 -1.11306699 -0.443658313 -0.00646867312 0 0 0
volume_proxy 157 0.529709106 -0.122154857 -0.00466677964 0 0 0
volume_proxy 159 -0.661425651 -0.490443236 0.00886171688 0 0 0
volume_proxy 161 -0.556867919 0.267150136 0.00959710814 0 0 0
volume_proxy 169 0.9208981 0.583285368 -0.000799905723 0 0 0
volume_proxy 176 0.145695905 -0.359005475 0.00288758742 0 0 0
volume_proxy 178 -1.17426609 0.652393921 -0.00610264849 0 0 0
volume_proxy 186 -0.286682805 0.270012851 -0.00358883261 0 0 0
volume_proxy 189 -1.21078008 0.789128811 -0.00239538352 0 0 0
volume_proxy 195 -0.429431636 0.0223696064 -0.00548631973 0 0 0
volume_proxy 196 0.651359243 0.272632248 0.00830950211 0 0 0
volume_proxy 198 1.38815069 -0.592355035 0.0102921377 0 0 0
volume_proxy 200 -1.05323204 -0.268738426 -0.00248447793 0 0 0
volume_proxy 202 -0.516085275 0.785396363 0.0102441761 0 0 0
volume_proxy 209 -0.897025048 -0.92823867 0.00921827589 0 0 0
volume_proxy 210 -0.0357740418 0.33776837 -0.0107531474 0 0 0
volume_proxy 224 1.13947439 -0.825440453 -0.000570613403 0 0 0
volume_proxy 226 -0.756671139 -0.79265678 0.00428670531 0 0 0
volume_proxy 228 -0.332008419 0.638375676 0.010088031 0 0 0
volume_proxy 236 0.151835343 0.0992773272 0.000975409596 0 0 0
volume_proxy 237 0.292049758 0.658178838 0.00595402231 0 0 0
volume_proxy 244 0.950897755 0.0867408897 0.00297182022 0 0 0
volume_proxy 247 1.37486679 -0.31637401 -0.00827105306 0 0 0
volume_proxy 251 0.587780918 -0.140840525 -0.00901372126 0 0 0
volume_proxy 256 -0.0961446656 -0.679077661 0.00196798079 0 0 0
volume_proxy 258 0.594736325 0.0214098083 0.00501749721 0 0 0
volume_proxy 259 0.992516458 0.674621034 -0.00946972378 0 0 0
volume_proxy 269 0.96459422 -0.190955692 0.00347428829 0 0 0
volume_proxy 271 -1.40988234 0.936785029 0.00107200408 0 0 0
volume_proxy 276 0.698397655 -0.397520494 -0.00530213892 0 0 0
volume_proxy 277 -0.560388302 -0.882629034 0.00390991161 0 0 0
volume_proxy 279 -0.073961309 0.0647246752 0.00530141369 0 0 0
volume_proxy 294 0.0529544857 0.752954877 0.0039130921 0 0 0
volume_proxy 296 0.113836622 -0.559906604 0.0031911556 0 0 0
volume_proxy 298 0.865246827 -0.998550483 -0.00462012266 0 0 0
volume_proxy 305 0.284742795 -0.011411901 0.00454963788 0 0 0
volume_proxy 310 0.823953413 0.581087234 0.00452187273 0 0 0
volume_proxy 311 0.93376454 -0.807184338 -0.00852722662 0 0 0
volume_proxy 314 -0.46993168 0.490324268 0.00984436989 0 0 0
volume_proxy 329 -0.845608694 0.757205421 -0.00224439829 0 0 0
volume_proxy 337 -1.37325556 0.551989094 0.00307250496 0 0 0
volume_proxy 344 0.840048388 0.535716434 0.00653470002 0 0 0
volume_proxy 345 -0.754270132 0.462989311 0.00875378668 0 0 0
volume_proxy 347 -0.213727463 -0.650962795 0.00479991077 0 0 0
volume_proxy 349 0.593841252 -0.229681498 0.00142496019 0 0 0
volume_proxy 356 0.256433311 0.853958507 -0.0102835244 0 0 0
volume_proxy 358 1.25718428 0.779768034 0.00127845969 0 0 0
volume_proxy 370 1.20637312 0.677909797 0.00358125231 0 0 0
volume_proxy 375 0.683414488 -0.0744671106 -0.0105109996 0 0 0
volume_proxy 377 0.380197008 0.17983775 0.00205075757 0 0 0
volume_proxy 388 -1.08987921 -0.00816849067 -0.00245558745 0 0 0
volume_proxy 393 1.35196317 -0.0867720856 0.00720970665 0 0 0
volume_proxy 397 0.518594099 -0.0462682396 -0.00766541712 0 0 0
volume_proxy 399 0.558217761 -0.502021375 0.00532607511 0 0 0
volume_proxy 409 -0.0710877202 -0.398504134 -0.0035046478 0 0 0
volume_proxy 412 1.1815733 -0.804018793 -0.00696457528 0 0 0
volume_proxy 431 -1.0006375 -0.491757921 -0.00602276684 0 0 0
volume_proxy 497 -1.00803701 -0.188165844 0.00465594054 0 0 0
volume_proxy 512 0.285672102 -0.999812135 0.00659085661 0 0 0
volume_proxy 513 0.651220645 -0.0660469119 0.00146441863 0 0 0
volume_proxy 518 1.39342069 -0.556943355 -0.00982183868 0 0 0
volume_proxy 591 -0.49620011 0.761618721 -0.00133491524 0 0 0
volume_proxy 616 0.87295171 0.588352527 0.00275154718 0 0 0
volume_proxy 637 -1.08354417 -0.693000418 0.00121946825 0 0 0
volume_proxy 669 0.924235324 -0.48502352 -0.00385900166 0 0 0
volume_proxy 682 0.116890287 -0.0263468725 -0.00802753351 0 0 0
volume_proxy 725 -1.32271964 -0.703722907 0.00904491556 0 0 0
volume_proxy 751 0.00697618295 -0.518558063 -0.00944782734 0 0 0
volume_proxy 797 -0.994010444 -0.746879275 -0.00135676677 0 0 0
volume_proxy 802 1.07890169 -0.198193684 0.00382051013 0 0 0
volume_proxy 814 1.00305202 -0.486494598 0.00460381502 0 0 0
volume_proxy 848 -1.07923437 -0.354824983 -0.00798949029 0 0 0
volume_proxy 856 1.081075 -0.0203378312 0.00706874932 0 0 0
volume_proxy 876 -0.424846177 -0.392059977 -0.00914028293 0 0 0
volume_proxy 883 0.229248218 0.691418513 0.00849950445 0 0 0
volume_proxy 902 0.0450663542 0.0683404372 -0.000386842249 0 0 0
volume_proxy 903 0.260558475 0.250259404 0.00286322411 0 0 0
volume_proxy 904 -0.920951508 0.608898811 0.0047252533 0 0 0
volume_proxy 914 0.502952641 -0.993900861 0.00344526992 0 0 0
volume_proxy 915 -0.967008869 0.259815858 -0.00173393289 0 0 0
volume_proxy 926 -0.703292506 0.190993707 0.00888849445 0 0 0
volume_proxy 929 -0.819255497 -0.573131576 -0.00686917182 0 0 0
volume_proxy 944 0.802015775 -0.68539691 0.0028518239 0 0 0
volume_proxy 974 -0.375149099 -0.493908425 0.00923720699 0 0 0
volume_proxy 979 0.0513804018 0.535977822 0.000492500581 0 0 0
volume_proxy 991 -0.739494895 -0.501312338 0.00341224367 0 0 0
volume_proxy 992 0.351755002 0.13049546 0.00292694273 0 0 0
volume_proxy 997 1.33208555 0.142268088 -0.0102541674 0 0 0
volume_proxy 1001 -0.000490416534 0.748328403 -0.00247474032 0 0 0
volume_proxy 1020 -1.02972842 0.317279261 0.000653821309 0 0 0
volume_proxy 1021 -0.803996701 -0.965686316 0.00337626721 0 0 0
volume_proxy 1031 1.17900916 -0.431680347 0.010147107 0 0 0
volume_proxy 1036 0.369358466 0.593251353 -0.00880189686 0 0 0
volume_proxy 1040 -1.14328597 -0.557133201 -0.0085341402 0 0 0
volume_proxy 1042 0.910642074 0.860762958 -0.00843012464 0 0 0
volume_proxy 1050 -0.810200986 -0.430188354 -0.00176718232 0 0 0
volume_proxy 1052 -0.56863896 0.274260464 0.00128150333 0 0 0
volume_proxy 1062 0.482911834 0.303676845 0.00887259786 0 0 0
volume_proxy 1066 0.757937631 0.497288782 0.00860480205 0 0 0
volume_proxy 1069 -1.10349121 -0.268094791 -0.00543893432 0 0 0
volume_proxy 1086 0.288996752 -0.350920607 -0.00657972004 0 0 0
volume_proxy 1093 -0.22767024 -0.606367822 0.00590914639 0 0 0
volume_proxy 1098 0.210043861 0.96837698 0.0026860823 0 0 0
volume_proxy 1102 1.2795264 0.466477103 0.00679310547 0 0 0
volume_proxy 1110 0.893763604 -0.434367447 0.00912585146 0 0 0
volume_proxy 1113 1.31235934 0.552506089 0.00387556031 0 0 0
volume_proxy 1117 0.801573485 0.180331881 -0.00455156389 0 0 0
volume_proxy 1118 0.0204543924 -0.591636411 0.00788157134 0 0 0
volume_proxy 1120 0.00335270603 0.470498287 0.00195841247 0 0 0
volume_proxy 1133 1.03870215 -0.980556845 -0.00764339747 0 0 0
volume_proxy 1134 0.228769125 0.449642014 -0.00432441764 0 0 0
volume_proxy 1137 -0.726637985 -0.0481168061 0.00458539297 0 0 0
volume_proxy 1138 1.30652074 -0.62802763 0.000562003035 0 0 0
volume_proxy 1143 -0.632825206 0.375116934 -0.0089308809 0 0 0
volume_proxy 1147 0.147481988 0.269989413 -0.00330808947 0 0 0
volume_proxy 1151 0.576961042 -0.976878237 -0.00673093696 0 0 0
volume_proxy 1157 -0.095004516 0.425168424 0.000481243383 0 0 0
volume_proxy 1166 -1.30844526 0.42640063 -0.00518355419 0 0 0
volume_proxy 1168 -0.194668078 -0.767328972 -0.00107876327 0 0 0
volume_proxy 1169 1.44323826 -0.579563868 -0.00724781056 0 0 0
volume_proxy 1170 -1.19229397 -0.0634635504 -0.000128669288 0 0 0
volume_proxy 1171 -0.705417551 0.207654011 0.000178931638 0 0 0
volume_proxy 1172 -0.165554004 0.358900841 0.00776158351 0 0 0
volume_proxy 1174 0.131031623 0.313433626 0.000326666285 0 0 0
volume_proxy 1179 0.75915692 0.0373857733 -0.00810294246 0 0 0
volume_proxy 1180 -0.699017547 0.467393387 -0.00720828556 0 0 0
volume_proxy 1182 0.0474455185 0.863711979 0.00430220364 0 0 0
volume_proxy 1186 -0.321340467 -0.24173653 0.00773639199 0 0 0
volume_proxy 1191 1.00195087 0.881023002 -0.00337726533 0 0 0
volume_proxy 1193 -1.22532982 0.219275523 -0.00209974802 0 0 0
volume_proxy 1195 -1.39349461 -0.438218152 0.00213884405 0 0 0
volume_proxy 1197 -0.938816591 -0.953541912 0.00937236829 0 0 0
volume_proxy 1198 0.0507933571 0.489038871 0.00419167819 0 0 0
volume_proxy 1199 0.0954266069 -0.173169123 -0.00779648739 0 0 0
volume_proxy 1206 1.07992539 0.326340856 -0.00748392549 0 0 0
volume_proxy 1208 -0.296376171 -0.0501918828 -0.00472835446 0 0 0
volume_proxy 1209 -1.26801429 0.157800321 -0.00260310671 0 0 0
volume_proxy 1210 -1.38578492 0.931394742 0.00377566347 0 0 0
volume_proxy 1214 -0.453749411 0.175739914 -0.00544146267 0 0 0
volume_proxy 1217 -0.418564756 0.573499972 0.00169474503 0 0 0
volume_proxy 1219 -0.770792387 0.180353117 -0.0104350179 0 0 0
volume_proxy 1220 0.780356688 0.0420581805 0.00707198933 0 0 0
volume_proxy 1223 1.20389379 0.579926022 -0.00428732214 0 0 0
volume_proxy 1225 -0.279273813 -0.179530749 -0.000790536175 0 0 0
volume_proxy 1229 1.29490621 0.926459218 -0.00210305009 0 0 0
volume_proxy 1230 1.05640807 -0.748228277 0.00907026237 0 0 0
volume_proxy 1231 -0.852474032 0.124641479 -0.00786607079 0 0 0
volume_proxy 1237 0.616273192 0.727246784 -0.0103921115 0 0 0
volume_proxy 1238 0.720500375 0.94786441 0.00609575489 0 0 0
volume_proxy 1240 1.12686474 0.576993605 0.0020295343 0 0 0
volume_proxy 1243 -0.741710283 -0.749088401 0.00158597057 0 0 0
volume_proxy 1245 -1.47205243 0.692127911 -0.00370982727 0 0 0
volume_proxy 1247 -1.20474788 0.404744883 0.00103956195 0 0 0
volume_proxy 1248 0.965340511 0.337780714 0.00894372525 0 0 0
volume_proxy 1252 0.763001561 -0.788553726 -0.0083110827 0 0 0
volume_proxy 1254 0.689294237 -0.78315516 -0.00679893778 0 0 0
volume_proxy 1255 0.955336789 -0.461131675 0.000424971588 0 0 0
volume_proxy 1257 0.394877985 -0.544026216 -0.0106422262 0 0 0
volume_proxy 1258 0.969571363 0.583540137 0.00967995263 0 0 0
volume_proxy 1259 -1.08248991 0.835151427 0.00848677786 0 0 0
volume_proxy 1260 0.517366121 0.673621663 -0.00191391343 0 0 0
volume_proxy 1261 -0.584706021 0.878152669 0.00892195464 0 0 0
volume_proxy 1262 0.75831448 0.360420954 0.0072997203 0 0 0
volume_proxy 1263 0.773674776 -0.0534763039 -0.00641877255 0 0 0
volume_proxy 1264 0.26564518 -0.25147767 -0.00373958135 0 0 0
volume_proxy 1267 -1.07550229 -0.377612824 0.0088221016 0 0 0
volume_proxy 1269 0.0381604324 -0.225047827 -0.000425150242 0 0 0
volume_proxy 1270 0.507405271 -0.554077284 -0.00142924548 0 0 0
volume_proxy 1271 -1.28851442 -0.128389829 0.00532196852 0 0 0
volume_proxy 1272 0.418143868 0.0212384216 -0.0106764121 0 0 0
volume_proxy 1273 -0.678708894 0.926353195 -0.00787483184 0 0 0
volume_proxy 1275 -1.09922628 0.656584044 -0.00482842664 0 0 0
volume_proxy 1276 1.03981212 0.345100237 0.00911984246 0 0 0
volume_proxy 1277 1.34032316 0.57584586 -0.00712332308 0 0 0
volume_proxy 1278 1.24867833 0.0558630818 0.00504595126 0 0 0
volume_proxy 1279 -0.986417475 0.641320286 0.0105218622 0 0 0
volume_proxy 1280 -1.34411408 0.541014075 0.00885851565 0 0 0
volume_proxy 1281 -0.198445024 -0.82440269 0.00894625087 0 0 0
volume_proxy 1285 -0.945801192 0.817895267 -0.0073749349 0 0 0
volume_proxy 1289 0.747983564 -0.643221836 0.00141184166 0 0 0
volume_proxy 1290 -1.48859815 -0.855983659 0.000413762568 0 0 0
volume_proxy 1291 -0.189546788 0.997987551 -0.0039157851 0 0 0
volume_proxy 1292 -0.170552739 0.247762314 -0.00846042446 0 0 0
volume_proxy 1293 -0.467639788 -0.784518306 -0.00668495513 0 0 0
volume_proxy 1294 1.45192533 0.929149365 -0.00534313672 0 0 0
volume_proxy 1295 -1.27422784 0.4250302 -0.00145234335 0 0 0
volume_proxy 1296 -0.142010123 -0.339154784 0.00431993138 0 0 0
volume_proxy 1297 -0.467782183 -0.654037814 0.00313435335 0 0 0
volume_proxy 1298 -0.36579237 -0.897018031 -0.00932897406 0 0 0
volume_proxy 1299 -0.658156214 -0.0135233455 0.00702600058 0 0 0
volume_proxy 1300 -1.40346288 0.937329137 -0.00916887155 0 0 0
volume_proxy 1301 -1.03567042 0.945037891 0.00505733681 0 0 0
volume_proxy 1303 -0.780870272 0.629999711 -0.0103885651 0 0 0
volume_proxy 1304 0.897076214 0.984169771 -0.00244559926 0 0 0
volume_proxy 1305 0.910138658 0.9966345 0.00921157988 0 0 0
volume_proxy 1306 -0.333760234 -0.221283198 0.00478051869 0 0 0
volume_proxy 1308 -0.511206358 -0.0638678763 0.00987895487 0 0 0
volume_proxy 1309 0.031680508 -0.52111963 -0.00790806894 0 0 0
volume_proxy 1310 -0.0793294947 0.943755372 -0.0103657486 0 0 0
volume_proxy 1312 1.02986803 -0.2385335 0.0099349862 0 0 0
volume_proxy 1313 0.0205305451 0.303559783 -0.0044784947 0 0 0
volume_proxy 1314 0.19186733 0.333374121 -1.47250676e-05 0 0 0
volume_proxy 1315 -0.703318355 -0.646064853 0.00094001641 0 0 0
volume_proxy 1316 -0.371967665 0.907011808 0.00427945892 0 0 0
volume_proxy 1317 1.37752803 0.407458427 -0.000546746673 0 0 0
volume_proxy 1318 0.885993087 -0.775012997 0.00350045589 0 0 0
volume_proxy 1320 -0.421654626 -0.863280145 -0.00693952361 0 0 0
volume_proxy 1321 -0.834835652 -0.0331250107 0.00482862896 0 0 0
volume_proxy 1322 0.893963856 -0.945843152 -0.00365899311 0 0 0
