volume_proxy 0 -0.635216249 -0.657326813 0.00599093348 0 0 0
volume_proxy 6 0.00904202293 0.64396575 0.00552000957 0 0 0
volume_proxy 11 1.04918046 0.382348913 0.00669693328 0 0 0
volume_proxy 12 1.03816179 -0.950644107 -0.00548674583 0 0 0
volume_proxy 14 -1.27802545 0.779926488 0.00318275573 0 0 0
volume_proxy 23 1.153531 -0.576556877 0.00811832345 0 0 0
volume_proxy 38 -0.887329811 -0.766809758 0.00562540431 0 0 0
volume_proxy 40 -0.491668003 -0.18033079 0.0026249203 0 0 0
volume_proxy 50 -0.990069307 -0.131363567 -0.00606395043 0 0 0
volume_proxy 53 -1.31525512 0.500972053 0.00784661818 0 0 0
volume_proxy 58 1.03216348 -0.567838395 -0.0104101441 0 0 0
volume_proxy 60 -0.490983529 0.906278519 0.00570150551 0 0 0
volume_proxy 85 -0.928544521 0.637725256 0.00993571419 0 0 0
volume_proxy 97 0.72113341 0.764739562 0.00154200925 0 0 0
volume_proxy 107 0.340366103 -0.110139761 -0.00403635922 0 0 0
volume_proxy 127 -1.41001567 -0.280380096 -0.00431274442 0 0 0
volume_proxy 130 0.617586418 -0.792141452 0.00184939269 0 0 0
volume_proxy 140 0.26642594 0.0537924758 0.00812546286 0 0 0
volume_proxy 157 0.819393451 -0.965007393 -0.00426703492 0 0 0
volume_proxy 159 0.815993438 0.466754515 0.00146708589 0 0 0
volume_proxy 161 -0.704091976 -0.923798725 -0.0035861723 0 0 0
volume_proxy 176 0.779261545 0.0831423065 0.00250531858 0 0 0
volume_proxy 186 -1.26591186 0.359715836 -0.00251457377 0 0 0
volume_proxy 189 -0.517835821 -0.139938434 0.00160432707 0 0 0
volume_proxy 195 -1.24522999 -0.578531464 0.000189585771 0 0 0
volume_proxy 196 -0.0908282406 0.182202012 -0.0054799825 0 0 0
volume_proxy 200 -1.37884411 0.360190136 -0.0104559614 0 0 0
volume_proxy 202 -0.502141294 0.359065021 0.00743250598 0 0 0
volume_proxy 209 -1.14980951 0.257930062 -0.000591986819 0 0 0
volume_proxy 210 0.887015093 0.772954655 -0.000427826097 0 0 0
volume_proxy 226 1.41451437 -0.581158229 -0.00723420249 0 0 0
volume_proxy 236 1.05226321 0.0889465431 8.65878632e-05 0 0 0
volume_proxy 247 0.232223217 -0.953265148 0.00843825085 0 0 0
volume_proxy 256 -0.133265204 -0.0821913539 -0.00107679872 0 0 0
volume_proxy 259 0.579484881 0.0998425176 0.0107592691 0 0 0
volume_proxy 269 -0.494916336 0.0687237681 0.00169401084 0 0 0
volume_proxy 277 -0.251254546 -0.16407261 -0.00739080108 0 0 0
volume_proxy 296 -0.89494551 0.675827236 -0.00932379453 0 0 0
volume_proxy 305 0.731735458 -0.594420904 0.00431284054 0 0 0
volume_proxy 310 1.41809531 0.929368346 0.004694638 0 0 0
volume_proxy 344 -0.840949579 -0.832795566 -0.00939168477 0 0 0
volume_proxy 347 -0.40181005 0.759457819 0.00667667997 0 0 0
volume_proxy 356 -0.352649967 -0.240805768 0.00364873967 0 0 0
volume_proxy 375 1.49645554 0.0467732671 0.00204403843 0 0 0
volume_proxy 388 0.651033951 -0.810662348 -0.00539383947 0 0 0
volume_proxy 1052 -0.804039384 -0.274755155 -0.00455066999 0 0 0
volume_proxy 1066 -0.415578624 0.812779577 0.00213580053 0 0 0
volume_proxy 1120 -0.694295707 0.711785628 -0.0059434012 0 0 0
volume_proxy 1166 -0.838606702 -0.922181116 -0.00803463898 0 0 0
volume_proxy 1193 -1.12583555 -0.607633274 -0.00622168566 0 0 0
volume_proxy 1225 -1.40156306 -0.675473196 -0.000963589589 0 0 0
volume_proxy 1245 -1.37087729 0.65201645 0.0101671514 0 0 0
volume_proxy 1280 -1.02711379 0.559074044 -0.0092708799 0 0 0
volume_proxy 1285 -0.496710169 0.767880243 0.00469478445 0 0 0
volume_proxy 1295 0.709752462 0.000325520988 -0.00246154434 0 0 0
volume_proxy 1296 -0.272960337 -0.835823677 -0.00772604365 0 0 0
volume_proxy 1340 1.45018588 -0.0841731698 -0.00731980461 0 0 0
volume_proxy 1380 -1.2860397 -0.528695198 -0.000524980028 0 0 0
volume_proxy 1386 1.27096505 0.857591865 -0.00762707517 0 0 0
volume_proxy 1397 0.259809214 0.915893194 0.00909167695 0 0 0
volume_proxy 1409 0.290342889 0.182939657 0.00431968523 0 0 0
volume_proxy 1413 1.47218932 0.567431502 0.0010212168 0 0 0
volume_proxy 1422 0.25533324 -0.934829099 -0.000405450916 0 0 0
volume_proxy 1433 0.798976232 0.512522605 0.00718043557 0 0 0
volume_proxy 1437 -0.0502564012 -0.82061071 0.00905075008 0 0 0
volume_proxy 1459 -0.473016352 -0.642121343 0.00901671428 0 0 0
volume_proxy 1460 -0.129152077 0.646606696 0.00442034226 0 0 0
volume_proxy 1461 -1.43042871 0.660947797 0.00555921605 0 0 0
volume_proxy 1472 -0.846987596 0.332122605 0.00182353943 0 0 0
volume_proxy 1474 1.48141053 0.276068296 0.00542989082 0 0 0
volume_proxy 1481 0.160204601 0.179965937 0.00437481929 0 0 0
volume_proxy 1482 1.29426381 0.789654576 0.00849534099 0 0 0
volume_proxy 1485 0.722687096 -0.502683559 -0.00615536499 0 0 0
volume_proxy 1489 0.481105607 -0.703842246 -0.00417266397 0 0 0
volume_proxy 1490 0.669563961 0.944038342 0.00231368404 0 0 0
volume_proxy 1496 -1.24291115 0.685683837 -0.00155839708 0 0 0
volume_proxy 1498 -0.0785189281 -0.115277477 -0.0073275351 0 0 0
volume_proxy 1503 -1.27244556 -0.992027134 0.0034758888 0 0 0
volume_proxy 1506 0.529352645 0.990174002 0.00392481763 0 0 0
volume_proxy 1507 -0.800792021 -0.408338056 0.00945846818 0 0 0
volume_proxy 1508 -0.414178665 -0.0117335533 0.00386479314 0 0 0
volume_proxy 1509 -1.39277624 0.072784413 0.00546850545 0 0 0
volume_proxy 1510 -0.695691498 -0.937685899 0.00128654213 0 0 0
volume_proxy 1511 1.07158654 0.41936133 0.00028108981 0 0 0
volume_proxy 1513 -1.10737179 0.640130714 -0.00999456042 0 0 0
volume_proxy 1515 0.386179597 -0.778301327 -0.00860284561 0 0 0
volume_proxy 1516 -0.396851063 -0.449454022 -0.00179831387 0 0 0
volume_proxy 1517 -1.32797371 -0.582619334 0.00736201159 0 0 0
volume_proxy 1519 0.260427604 -0.646842874 -0.000606872075 0 0 0
volume_proxy 1520 -0.197825143 -0.378805124 0.0095249038 0 0 0
volume_proxy 1521 -1.4919151 -0.786378215 -0.00796835725 0 0 0
volume_proxy 1523 0.180965242 -0.0915002628 0.00695140255 0 0 0
volume_proxy 1525 -1.05721974 0.879111298 -0.00369540773 0 0 0
volume_proxy 1526 1.32822401 -0.318477102 0.00196757582 0 0 0
volume_proxy 1528 1.03432252 -0.789249759 -0.0038329325 0 0 0
volume_proxy 1529 -0.962961458 -0.202209591 0.0041639831 0 0 0
volume_proxy 1531 0.674907387 0.537626221 -0.00931190432 0 0 0
volume_proxy 1533 1.33576349 0.330210689 -0.00954993137 0 0 0
volume_proxy 1534 -0.168699612 0.725347509 -0.00630346273 0 0 0
volume_proxy 1535 1.0550744 0.330015326 0.00675440795 0 0 0
volume_proxy 1536 -0.713282623 -0.782156804 -0.00722067145 0 0 0
volume_proxy 1537 -0.538448373 -0.779492575 0.00744090809 0 0 0
volume_proxy 1538 0.772959569 -0.187948673 0.00347380725 0 0 0
volume_proxy 1539 0.277785939 0.562376647 -0.00981963238 0 0 0
