volume_proxy 0 -0.539720515 -0.632207044 0.00447026734 0 0 0
volume_proxy 6 -0.127753038 0.239040654 -0.00582335779 0 0 0
volume_proxy 11 1.00108627 0.7009186 0.00599015992 0 0 0
volume_proxy 12 0.957123684 -0.849097689 0.000237999542 0 0 0
volume_proxy 14 -1.43007234 0.487497605 0.00854131236 0 0 0
volume_proxy 23 0.699638788 -0.948848485 0.00400906355 0 0 0
volume_proxy 38 -0.480616118 -0.896095208 0.00179611495 0 0 0
volume_proxy 40 -0.514492027 -0.201476446 0.00534000869 0 0 0
volume_proxy 50 -0.979823077 -0.39548063 -0.00148372886 0 0 0
volume_proxy 53 -1.36269069 0.557199029 -0.00898132748 0 0 0
volume_proxy 58 1.12623317 -0.906630652 -0.00754468413 0 0 0
volume_proxy 60 -0.50227739 0.697752962 0.0107626298 0 0 0
volume_proxy 85 -1.49318077 0.951531644 0.00132011414 0 0 0
volume_proxy 97 0.27656358 0.97213246 -0.00998179708 0 0 0
volume_proxy 107 0.118272461 0.0250397 0.00350331999 0 0 0
volume_proxy 127 -1.36214962 -0.758630676 0.000630797909 0 0 0
volume_proxy 130 0.765603338 -0.933580567 0.00503128551 0 0 0
volume_proxy 140 0.140712427 -0.00485961354 0.00156081757 0 0 0
volume_proxy 157 0.719621552 -0.532638315 -0.003488586 0 0 0
volume_proxy 159 1.12260663 0.42825741 -0.00986202077 0 0 0
volume_proxy 161 -0.525436165 -0.222035991 0.00330979988 0 0 0
volume_proxy 176 0.909768101 -0.288958884 0.00796457199 0 0 0
volume_proxy 186 -0.910215537 0.0590273629 -0.00631675136 0 0 0
volume_proxy 189 -0.275292813 -0.125012567 4.45308858e-05 0 0 0
volume_proxy 195 -1.2175756 -0.269653224 0.000526852314 0 0 0
volume_proxy 196 0.11283837 0.342736861 -0.00592493798 0 0 0
volume_proxy 200 -0.864596245 0.483997464 -0.0044131493 0 0 0
volume_proxy 202 -0.62819805 0.43833736 -0.00839377254 0 0 0
volume_proxy 209 -1.19600714 -0.334947392 -0.00817755535 0 0 0
volume_proxy 210 0.58978477 0.595530051 -0.00267044828 0 0 0
volume_proxy 226 0.978961106 -0.793458886 -0.00112795014 0 0 0
volume_proxy 236 1.27807943 -0.54415804 0.00647288546 0 0 0
volume_proxy 247 0.504711164 -0.429612293 0.000989308208 0 0 0
volume_proxy 256 -0.153221187 0.408286307 0.00729440404 0 0 0
volume_proxy 259 0.30835957 0.692072815 0.00230961906 0 0 0
volume_proxy 269 -0.440301453 -0.0448521211 -0.00866612923 0 0 0
volume_proxy 277 -0.613188825 -0.405160221 -0.00181172295 0 0 0
volume_proxy 296 -0.744049594 0.773942977 0.00819572349 0 0 0
volume_proxy 305 0.421333957 -0.855706971 0.00151853517 0 0 0
volume_proxy 310 1.01774526 0.793798792 -0.000863807183 0 0 0
volume_proxy 344 -1.30313925 -0.201854073 0.00671114424 0 0 0
volume_proxy 347 -0.078588833 0.936351929 0.00318963915 0 0 0
volume_proxy 356 0.0134256183 0.0155994778 -0.0047207616 0 0 0
volume_proxy 375 1.21758251 -0.803376837 0.00643619951 0 0 0
volume_proxy 388 1.2690636 -0.94400488 0.00431189101 0 0 0
volume_proxy 802 0.445851137 0.610945278 -0.00127353149 0 0 0
volume_proxy 1052 -0.938941561 -0.440894685 0.00978005138 0 0 0
volume_proxy 1066 -0.138469844 0.909664995 0.000686735027 0 0 0
volume_proxy 1120 -0.543937958 0.644099837 -0.00512619541 0 0 0
volume_proxy 1166 -1.14852626 -0.931408918 0.0103485095 0 0 0
volume_proxy 1193 -1.44865873 -0.47449018 0.00964059677 0 0 0
volume_proxy 1225 -1.12566976 -0.965904516 0.00608124954 0 0 0
volume_proxy 1245 -1.42771034 0.388000745 -0.00650158773 0 0 0
volume_proxy 1280 -1.00400444 0.6767807 0.00489140677 0 0 0
volume_proxy 1285 -0.840643691 0.599712584 -0.0088013472 0 0 0
volume_proxy 1295 0.66607561 0.072095347 -0.000262321476 0 0 0
volume_proxy 1296 -0.140315934 -0.697963977 -0.00209385293 0 0 0
volume_proxy 1340 1.03937291 -0.194055274 -0.00036829235 0 0 0
volume_proxy 1380 -1.39134427 -0.376244022 0.00416182496 0 0 0
volume_proxy 1386 1.31756147 0.821753234 0.0093256822 0 0 0
volume_proxy 1397 0.092906806 0.423651922 -0.0065314837 0 0 0
volume_proxy 1409 0.24969252 0.314399516 -0.000800023585 0 0 0
volume_proxy 1413 0.803943388 0.823782861 0.0042401947 0 0 0
volume_proxy 1422 0.216057117 -0.921488945 -0.00510063024 0 0 0
volume_proxy 1433 0.771847554 0.603589208 -0.00584491445 0 0 0
volume_proxy 1437 -0.234292469 -0.91123773 0.00354908462 0 0 0
volume_proxy 1459 -0.740584715 -0.437680836 0.00118134471 0 0 0
volume_proxy 1460 0.000499012915 0.371288901 0.00665338852 0 0 0
volume_proxy 1461 -1.47954452 0.508593065 0.00510772726 0 0 0
volume_proxy 1466 0.377981446 0.447273079 -0.00944736328 0 0 0
volume_proxy 1472 -1.24355969 0.870742023 0.00656811225 0 0 0
volume_proxy 1474 1.27433678 0.251141409 -0.000822960588 0 0 0
volume_proxy 1481 0.230962369 0.298263775 -0.00590410558 0 0 0
volume_proxy 1482 1.41205078 0.936513429 -0.0103394568 0 0 0
volume_proxy 1485 0.625623001 -0.291678263 -0.00570562254 0 0 0
volume_proxy 1489 0.281283685 -0.947876403 -0.00960810343 0 0 0
volume_proxy 1490 0.558732735 0.88132269 0.00537494532 0 0 0
volume_proxy 1496 -1.43052479 0.853429365 -0.00831129909 0 0 0
volume_proxy 1498 -0.451963907 0.0241879829 -0.00834121563 0 0 0
volume_proxy 1503 -1.3295599 -0.722515874 0.00455939084 0 0 0
volume_proxy 1506 0.238926951 0.810117221 0.00951682686 0 0 0
volume_proxy 1507 -1.1606096 -0.414200989 -0.00355943148 0 0 0
volume_proxy 1508 -0.270456475 0.0396561453 -0.00131482563 0 0 0
volume_proxy 1509 -1.29823286 0.22123356 -0.0104954631 0 0 0
volume_proxy 1510 -0.221005666 -0.984950575 -0.00970604202 0 0 0
volume_proxy 1511 1.13266693 0.47783547 0.00887878366 0 0 0
volume_proxy 1513 -1.44925251 0.287926831 -0.00688503509 0 0 0
volume_proxy 1515 0.756721122 -0.793039747 -0.0083203706 0 0 0
volume_proxy 1516 -0.429774733 -0.701678714 0.00350171189 0 0 0
volume_proxy 1517 -1.39561099 -0.379727784 0.00256725061 0 0 0
volume_proxy 1519 0.132023509 -0.756155165 0.00627669275 0 0 0
volume_proxy 1520 0.0955785621 -0.483214278 -0.0007193559 0 0 0
volume_proxy 1521 -1.22452655 -0.978982248 -0.00993697951 0 0 0
volume_proxy 1523 0.469171179 -0.464174568 -0.00898341497 0 0 0
volume_proxy 1525 -0.924145154 0.924171425 0.00487559729 0 0 0
volume_proxy 1526 0.897734842 -0.5129029 0.00252639034 0 0 0
volume_proxy 1528 1.00948298 -0.75650456 0.00212671733 0 0 0
volume_proxy 1529 -1.43375774 -0.254516273 0.00896090879 0 0 0
volume_proxy 1531 0.214963745 0.408298292 -0.00462173212 0 0 0
volume_proxy 1533 1.30939854 0.264000121 0.00521284808 0 0 0
volume_proxy 1534 -0.276269082 0.844939987 -0.00405225838 0 0 0
volume_proxy 1535 0.799935841 0.374005735 -0.00190824414 0 0 0
volume_proxy 1536 -0.628562561 -0.602889114 -0.00473848474 0 0 0
volume_proxy 1537 -0.382300031 -0.891479623 -0.00417921062 0 0 0
volume_proxy 1538 1.17887153 -0.410348542 -0.00687544706 0 0 0
