volume_proxy 0 0.149554849 0.886733311 -0.00353259889 0 0 0
volume_proxy 5 1.47233485 -0.559000592 -0.00192380829 0 0 0
volume_proxy 6 0.0355834561 0.594012103 0.0077365836 0 0 0
volume_proxy 11 1.06306058 0.750341153 0.00306965393 0 0 0
volume_proxy 12 0.655687539 -0.0449269878 -0.00375439664 0 0 0
volume_proxy 14 -0.74879675 0.544122589 -8.83026872e-05 0 0 0
volume_proxy 23 1.19378434 -0.85176006 0.00762354861 0 0 0
volume_proxy 38 -0.768091218 -0.884336568 0.00451102542 0 0 0
volume_proxy 40 -1.19081329 0.198652866 -0.0026218329 0 0 0
volume_proxy 50 -1.05825306 -0.445838658 0.00344025674 0 0 0
volume_proxy 53 -1.11459157 0.775507395 -0.00725310515 0 0 0
volume_proxy 58 0.69728586 -0.925398969 0.00670089018 0 0 0
volume_proxy 60 -0.0762502768 0.194483031 -0.00721392871 0 0 0
volume_proxy 85 -0.865378051 0.640305522 -0.00598711099 0 0 0
volume_proxy 97 0.410302327 0.926646845 -0.00278602676 0 0 0
volume_proxy 107 1.22349562 0.0753335949 -0.00993916067 0 0 0
volume_proxy 127 -1.23211092 -0.994614738 0.0024217017 0 0 0
volume_proxy 130 0.313778239 0.797072523 0.00848391083 0 0 0
volume_proxy 140 -0.93928387 0.676953444 0.00852312448 0 0 0
volume_proxy 157 0.670624322 0.0734902015 -0.000736085735 0 0 0
volume_proxy 159 1.38005591 0.40007599 0.00171215673 0 0 0
volume_proxy 161 0.0494669987 0.618621188 -0.000629098442 0 0 0
volume_proxy 176 1.23190108 -0.237422944 0.00542501158 0 0 0
volume_proxy 186 -0.684999638 -0.636372255 -0.00992905721 0 0 0
volume_proxy 189 -1.16393872 0.740393717 0.00253680639 0 0 0
volume_proxy 195 -1.30637933 -0.773692286 -0.000715200317 0 0 0
volume_proxy 196 0.613193286 0.022224143 0.00118581705 0 0 0
volume_proxy 200 -0.767497425 -0.691085987 0.00332763171 0 0 0
volume_proxy 202 0.550971637 0.648113833 -0.000573968679 0 0 0
volume_proxy 209 -0.943261953 -0.129066876 0.00556062157 0 0 0
volume_proxy 210 -0.641834602 0.477727909 0.00727961994 0 0 0
volume_proxy 226 -0.192548772 -0.480931525 0.009798136 0 0 0
volume_proxy 236 1.34115082 -0.201693108 0.0107020069 0 0 0
volume_proxy 247 1.08580954 0.843630906 -0.000435442274 0 0 0
volume_proxy 256 -0.746937284 0.667087765 -0.00197262669 0 0 0
volume_proxy 259 0.257891359 0.874331457 -0.00534997367 0 0 0
volume_proxy 269 -0.820747949 0.407005064 0.00911632467 0 0 0
volume_proxy 277 -1.25509621 -0.0663496502 -0.00431201703 0 0 0
volume_proxy 296 -1.33103381 0.808367209 0.0100879457 0 0 0
volume_proxy 305 0.894128544 -0.578874252 0.00319856265 0 0 0
volume_proxy 310 -0.278941702 -0.0385361023 0.00938424677 0 0 0
volume_proxy 344 -1.07344819 0.226267584 -0.000842254132 0 0 0
volume_proxy 347 0.261774227 0.725152219 -0.00458919848 0 0 0
volume_proxy 356 -0.847388697 0.372084068 -0.00647887799 0 0 0
volume_proxy 375 0.809331328 -0.727712328 -0.00997263354 0 0 0
volume_proxy 388 1.25833049 -0.281473358 -0.00133510642 0 0 0
volume_proxy 802 0.946506172 0.0635688211 -0.000807791302 0 0 0
volume_proxy 1052 -0.536372742 -0.834609436 0.00626756174 0 0 0
volume_proxy 1066 -0.372591827 0.00839176994 0.00731033896 0 0 0
volume_proxy 1120 -0.284391738 -0.0504661487 0.0101459256 0 0 0
volume_proxy 1166 -0.914731657 0.0530525581 0.00397125363 0 0 0
volume_proxy 1169 1.37448444 -0.4675796 0.00975958331 0 0 0
volume_proxy 1193 -1.2138772 -0.953579657 -0.00247107243 0 0 0
volume_proxy 1225 -0.28129191 -0.211450011 -0.0105993721 0 0 0
volume_proxy 1245 -1.49398389 -0.317451878 -0.00958957837 0 0 0
volume_proxy 1280 -0.451524801 0.83221119 0.00998503519 0 0 0
volume_proxy 1285 -1.03013458 0.226169018 0.00861226911 0 0 0
volume_proxy 1295 0.0211310039 0.143574095 0.00446189499 0 0 0
volume_proxy 1296 0.239272595 -0.562195763 -0.00274068408 0 0 0
volume_proxy 1340 1.03051896 0.967712373 0.000695405025 0 0 0
volume_proxy 1380 -0.429411272 0.395281572 0.00519867888 0 0 0
volume_proxy 1386 1.43516701 0.267973518 -0.00114901454 0 0 0
volume_proxy 1397 0.906878782 0.481921528 0.00950902559 0 0 0
volume_proxy 1409 -0.34125854 0.299685255 0.0103205786 0 0 0
volume_proxy 1413 0.550468895 0.968862162 0.00696439986 0 0 0
volume_proxy 1422 0.616146422 -0.0257485705 -0.00754865894 0 0 0
volume_proxy 1433 1.30751032 0.923755434 -0.0052884639 0 0 0
volume_proxy 1437 -0.0946624381 -0.0687473854 0.0104139066 0 0 0
volume_proxy 1439 0.0487094097 0.880341386 0.00941422025 0 0 0
volume_proxy 1447 0.778874397 0.141972412 0.000247617105 0 0 0
volume_proxy 1459 -1.48877879 0.284543405 0.00617969722 0 0 0
volume_proxy 1460 -0.209650309 0.297904491 -0.00898964579 0 0 0
volume_proxy 1461 -0.691109239 0.709082253 -0.00633641118 0 0 0
volume_proxy 1466 -0.868818267 -0.226190587 0.00463484681 0 0 0
volume_proxy 1472 -1.16156375 0.514887497 0.008893667 0 0 0
volume_proxy 1474 0.908411508 -0.653602403 0.00624321579 0 0 0
volume_proxy 1481 0.821346921 0.622200215 0.00160818936 0 0 0
volume_proxy 1482 0.839719764 -0.143144683 -0.00567007593 0 0 0
volume_proxy 1485 0.464346646 -0.0183908339 0.00665028933 0 0 0
volume_proxy 1489 0.340020435 -0.931753193 -0.00525218279 0 0 0
volume_proxy 1490 0.872346952 0.897183549 0.00277710647 0 0 0
volume_proxy 1494 1.19764016 -0.133267366 -0.00913148804 0 0 0
volume_proxy 1496 -1.10056106 0.186370155 0.00211487843 0 0 0
volume_proxy 1498 -0.282836724 0.294146294 -0.00157468599 0 0 0
volume_proxy 1503 -0.166739661 0.176772243 -0.0101345309 0 0 0
volume_proxy 1506 0.461023504 0.933252792 -0.00626894295 0 0 0
volume_proxy 1507 -1.09536569 -0.374910279 -0.00270533756 0 0 0
volume_proxy 1508 -0.863793053 -0.662219647 0.00870695728 0 0 0
volume_proxy 1509 -1.38148747 0.515585013 -0.00414206851 0 0 0
volume_proxy 1510 0.0298850042 -0.748488959 0.00842262772 0 0 0
volume_proxy 1511 1.26729536 0.71103455 0.00779815044 0 0 0
volume_proxy 1513 -1.36315568 0.567055063 0.00621960481 0 0 0
volume_proxy 1515 0.584693513 -0.134248707 -0.00932278787 0 0 0
volume_proxy 1516 -0.329296181 -0.913269244 -0.0038904912 0 0 0
volume_proxy 1517 -0.665423028 -0.811200122 -0.00852412536 0 0 0
volume_proxy 1519 0.164645275 -0.147500635 0.00826035673 0 0 0
volume_proxy 1520 0.107599836 0.0976509584 0.00453439013 0 0 0
volume_proxy 1521 -1.28981982 -0.429699816 -0.00306424549 0 0 0
volume_proxy 1522 0.102064738 0.910053279 0.00870684764 0 0 0
volume_proxy 1523 1.38591425 -0.172630002 0.00138967482 0 0 0
volume_proxy 1525 -0.976804828 0.946705079 -0.00246684331 0 0 0
volume_proxy 1526 1.46779305 -0.327392863 0.00139534228 0 0 0
volume_proxy 1528 0.711984631 -0.95513021 -0.00856819175 0 0 0
volume_proxy 1529 -1.05010309 -0.0350180909 0.00229869259 0 0 0
volume_proxy 1530 -0.985405619 -0.721048211 0.00790523271 0 0 0
volume_proxy 1531 0.705166532 0.528770987 -0.00553467373 0 0 0
volume_proxy 1532 -0.287209663 -0.775146415 -0.0104954638 0 0 0
