volume_proxy 0 0.0801414749 0.645719932 -0.00482145381 0 0 0
volume_proxy 6 -0.370030726 0.604745436 -0.00422125739 0 0 0
volume_proxy 11 1.16372181 0.704915533 -0.00557629564 0 0 0
volume_proxy 12 0.666450986 -0.39696366 -0.0100673511 0 0 0
volume_proxy 14 -0.916497948 0.480101045 -0.0043751681 0 0 0
volume_proxy 23 1.11889389 -0.887838178 0.00603874484 0 0 0
volume_proxy 38 -0.981326889 -0.945116511 -0.00817331034 0 0 0
volume_proxy 40 -1.13995874 -0.0859311815 0.00593408444 0 0 0
volume_proxy 50 -0.697104437 -0.56766342 0.00556778134 0 0 0
volume_proxy 53 -1.45298434 0.507503881 -0.00575226562 0 0 0
volume_proxy 58 0.492909701 -0.902244472 0.00286617634 0 0 0
volume_proxy 60 0.670752743 0.532977551 -0.00406799774 0 0 0
volume_proxy 85 -0.890694652 0.483910867 0.00734865812 0 0 0
volume_proxy 97 0.77191473 0.654523074 0.00758351351 0 0 0
volume_proxy 107 1.34199548 0.0274960254 0.00835332003 0 0 0
volume_proxy 127 -1.23472354 -0.892166229 0.010284412 0 0 0
volume_proxy 130 0.723443943 0.638927501 -0.00585448681 0 0 0
volume_proxy 140 -0.948839887 0.457025657 0.00508543162 0 0 0
volume_proxy 157 0.836569794 -0.224262153 0.00572702713 0 0 0
volume_proxy 159 0.949310491 0.208674607 -0.00748028133 0 0 0
volume_proxy 161 0.0265124695 0.679316169 0.00562760302 0 0 0
volume_proxy 176 1.15963445 -0.318791321 -0.00679542916 0 0 0
volume_proxy 186 -0.208920923 -0.044697921 0.00192781243 0 0 0
volume_proxy 189 -1.1135269 -0.116388521 -0.00338152775 0 0 0
volume_proxy 195 -1.21466376 -0.998136907 -0.00899004742 0 0 0
volume_proxy 196 0.529907524 0.330462924 0.00597339251 0 0 0
volume_proxy 200 -0.797577324 -0.696211563 0.00477229769 0 0 0
volume_proxy 202 0.606297544 0.90467333 -0.00747183545 0 0 0
volume_proxy 209 -0.539056022 0.137311383 -0.00204487675 0 0 0
volume_proxy 210 -0.238041381 0.655081926 -0.00890898563 0 0 0
volume_proxy 226 0.0734240473 -0.24356892 -0.00388443372 0 0 0
volume_proxy 236 1.32678314 -0.753871688 0.00309942072 0 0 0
volume_proxy 247 1.13451124 0.506854283 -0.00176518486 0 0 0
volume_proxy 256 -0.615255886 0.801731642 -0.00866739615 0 0 0
volume_proxy 259 0.412283775 0.812379401 0.0057368212 0 0 0
volume_proxy 269 -0.596769205 0.153999068 0.00406519868 0 0 0
volume_proxy 277 -1.04663051 -0.30905742 0.00915304392 0 0 0
volume_proxy 296 -1.15229913 0.658168965 -0.00726543966 0 0 0
volume_proxy 305 0.61125758 -0.429044508 0.000647424783 0 0 0
volume_proxy 310 -0.178851834 -0.295502354 -0.00205970215 0 0 0
volume_proxy 344 -1.37369737 -0.144767476 -0.00606589741 0 0 0
volume_proxy 347 0.345969914 0.597309439 -0.00905856395 0 0 0
volume_proxy 356 -0.672523613 0.47757711 0.00419485276 0 0 0
volume_proxy 375 0.696589607 -0.201148415 0.00139078303 0 0 0
volume_proxy 388 1.16357809 -0.0676649144 -0.00814906936 0 0 0
volume_proxy 802 0.880241093 -0.0518493854 0.0030924508 0 0 0
volume_proxy 1052 -1.03823461 -0.737578403 -0.00768654296 0 0 0
volume_proxy 1066 -0.151426122 -0.027479949 -0.0088242371 0 0 0
volume_proxy 1120 -0.590227243 -0.260155346 0.00032140825 0 0 0
volume_proxy 1166 -0.736725072 -0.0853294861 -0.00742136765 0 0 0
volume_proxy 1193 -1.2160118 -0.822437101 -0.00142738932 0 0 0
volume_proxy 1225 -0.251753431 -0.00472623744 0.00720855791 0 0 0
volume_proxy 1245 -1.17263951 -0.0770137588 -0.00260754683 0 0 0
volume_proxy 1280 -0.498552788 0.708190444 0.00252500655 0 0 0
volume_proxy 1285 -0.898431756 0.369798955 0.00840402296 0 0 0
volume_proxy 1295 0.163352118 0.00245033307 0.00687807302 0 0 0
volume_proxy 1296 0.207996488 -0.522971852 0.00460893978 0 0 0
volume_proxy 1340 0.821322119 0.939307655 0.0100067982 0 0 0
volume_proxy 1380 -0.472736273 0.158944437 -0.00934397797 0 0 0
volume_proxy 1386 1.41812593 0.427563679 0.00122306295 0 0 0
volume_proxy 1397 0.942816828 0.799411335 0.00413076334 0 0 0
volume_proxy 1409 -0.22964281 0.461430395 0.00578625192 0 0 0
volume_proxy 1413 0.565890584 0.66234863 0.005676935 0 0 0
volume_proxy 1422 0.496462339 -0.206096633 -0.00537117453 0 0 0
volume_proxy 1433 1.44907147 0.800473935 0.00263303569 0 0 0
volume_proxy 1437 -0.0180674622 0.128749918 -0.00713978716 0 0 0
volume_proxy 1439 0.220811809 0.976594389 -0.00924170985 0 0 0
volume_proxy 1447 0.892670131 -0.229428004 0.00908296516 0 0 0
volume_proxy 1459 -1.34484386 0.312219355 0.00410015347 0 0 0
volume_proxy 1460 0.0833534128 0.358456086 -0.00870957084 0 0 0
volume_proxy 1461 -0.722331472 0.896831594 0.00935345568 0 0 0
volume_proxy 1466 -0.803823795 -0.228507253 0.0057245049 0 0 0
volume_proxy 1472 -0.994131522 0.704251182 -0.0100296508 0 0 0
volume_proxy 1474 1.15682482 -0.65873931 -0.00882113919 0 0 0
volume_proxy 1481 0.754140983 0.614330571 -0.00483338783 0 0 0
volume_proxy 1482 0.977871539 -0.0261935277 -0.00383830531 0 0 0
volume_proxy 1485 0.449279293 -0.0234754086 0.00769806221 0 0 0
volume_proxy 1489 0.0816931158 -0.943165473 -0.00160720805 0 0 0
volume_proxy 1490 0.843575016 0.945762295 0.00335714399 0 0 0
volume_proxy 1494 1.32758283 0.0500217024 0.00836712347 0 0 0
volume_proxy 1496 -1.07261019 0.247055986 -0.0102150643 0 0 0
volume_proxy 1498 -0.129493126 0.257279052 -0.00976037555 0 0 0
volume_proxy 1503 -0.516535559 0.101973109 0.00167213646 0 0 0
volume_proxy 1506 0.385005598 0.854662766 -0.00597592557 0 0 0
volume_proxy 1507 -1.12934283 -0.321107332 -0.00739577867 0 0 0
volume_proxy 1508 -0.728363314 -0.60610527 0.00350197654 0 0 0
volume_proxy 1509 -1.36750862 0.288883904 0.0029606945 0 0 0
volume_proxy 1510 -0.126200529 -0.864012778 -0.00344342478 0 0 0
volume_proxy 1511 1.3791506 0.951676733 -0.00022663759 0 0 0
volume_proxy 1513 -1.2963006 0.556126077 0.00544017825 0 0 0
volume_proxy 1515 0.527774021 -0.336972123 0.00998747163 0 0 0
volume_proxy 1516 -0.432297237 -0.963719745 -0.00586075238 0 0 0
volume_proxy 1517 -0.77762564 -0.460634986 -0.00730771328 0 0 0
volume_proxy 1519 0.152769119 -0.258638673 -0.00768025853 0 0 0
volume_proxy 1520 -0.0801538017 0.202913229 0.00631168911 0 0 0
volume_proxy 1521 -1.28760459 -0.456664185 -0.00234817396 0 0 0
volume_proxy 1522 0.0435372299 0.993864803 0.00157308355 0 0 0
volume_proxy 1523 1.07876631 -0.0661786582 -0.00385509525 0 0 0
volume_proxy 1525 -0.782181356 0.767078328 -0.00789655077 0 0 0
volume_proxy 1526 1.25569396 -0.550000654 -0.0105262722 0 0 0
volume_proxy 1528 0.720378838 -0.727516209 0.00205703345 0 0 0
volume_proxy 1529 -1.03390417 0.18930927 0.00138700099 0 0 0
volume_proxy 1530 -0.776565979 -0.841761987 0.00525491551 0 0 0
volume_proxy 1531 0.808957623 0.582084244 -0.00337365187 0 0 0
volume_proxy 1532 -0.342030739 -0.960864253 -0.00674633671 0 0 0
volume_proxy 1533 1.34304625 -0.361483379 0.000634758854 0 0 0
