volume_proxy 0 -0.209010814 -0.545946623 -0.00860777682 0 0 0
volume_proxy 6 -0.221657278 0.402966557 0.000692808129 0 0 0
volume_proxy 11 1.12351616 0.0422915802 -0.00307723526 0 0 0
volume_proxy 12 1.49693096 -0.537783802 -0.0106823684 0 0 0
volume_proxy 14 -1.32735799 0.618473384 -0.00563378406 0 0 0
volume_proxy 23 1.17428056 -0.562117692 0.000413821977 0 0 0
volume_proxy 38 -0.816442052 -0.957727745 -0.00413213169 0 0 0
volume_proxy 40 -1.09005744 -0.435224859 -0.0010419333 0 0 0
volume_proxy 50 -1.07640775 -0.537416578 0.00792341339 0 0 0
volume_proxy 53 -1.2772501 0.644670194 -0.00881834156 0 0 0
volume_proxy 58 0.836497857 -0.170182986 0.000576738001 0 0 0
volume_proxy 60 -0.290914671 0.647868535 0.00479060523 0 0 0
volume_proxy 85 -1.05498564 0.602990351 0.00581438271 0 0 0
volume_proxy 97 0.469510655 0.426207748 -0.00602749327 0 0 0
volume_proxy 107 0.122347278 -0.194103121 -0.0043985578 0 0 0
volume_proxy 127 -1.38553121 -0.468718838 -0.000592763826 0 0 0
volume_proxy 130 -0.348956404 -0.815200587 0.0064097602 0 0 0
volume_proxy 140 0.47745755 -0.409960451 0.00933231329 0 0 0
volume_proxy 157 0.955560922 -0.519304756 0.00894227294 0 0 0
volume_proxy 159 0.252373814 0.453071563 0.00958961293 0 0 0
volume_proxy 161 -0.327895264 -0.649232113 0.00281422642 0 0 0
volume_proxy 176 0.518960802 0.198172845 -0.00749400588 0 0 0
volume_proxy 186 -0.938739138 0.235102215 -0.000604531322 0 0 0
volume_proxy 189 -0.847194053 -0.819616082 0.00874983369 0 0 0
volume_proxy 195 -1.19664307 -0.802681252 -0.00326315661 0 0 0
volume_proxy 196 -0.713966802 0.143386645 0.00227060851 0 0 0
volume_proxy 200 -1.35470987 0.906913783 -0.00853121458 0 0 0
volume_proxy 202 -0.38242104 0.334664312 -0.00722811376 0 0 0
volume_proxy 209 -1.1724599 -0.158091211 0.0031817036 0 0 0
volume_proxy 210 0.408598522 0.795090017 0.000719780898 0 0 0
volume_proxy 226 1.06705243 0.229669486 0.00379081941 0 0 0
volume_proxy 236 0.913125155 -0.298347603 0.00154534418 0 0 0
volume_proxy 247 0.234591803 -0.881421555 0.00692108114 0 0 0
volume_proxy 256 -0.0519168147 -0.618092322 -0.00257373052 0 0 0
volume_proxy 259 0.361401775 -0.234522967 -0.0101678763 0 0 0
volume_proxy 269 -1.06546038 0.868747183 0.0053829344 0 0 0
volume_proxy 277 -0.945541008 -0.514117824 -0.00770789828 0 0 0
volume_proxy 296 -1.15360881 0.497639996 -0.00597062369 0 0 0
volume_proxy 305 0.64864883 -0.654733169 -0.00946194444 0 0 0
volume_proxy 310 1.07311738 0.740339086 -0.006874413 0 0 0
volume_proxy 344 -1.14168995 -0.64949009 0.00603374458 0 0 0
volume_proxy 347 -0.661195367 0.748200951 -0.00909543005 0 0 0
volume_proxy 356 -0.300167844 -0.335580375 0.00484218178 0 0 0
volume_proxy 375 0.758132957 -0.120782979 0.00718068617 0 0 0
volume_proxy 388 1.1803721 -0.49653429 -0.00335887337 0 0 0
volume_proxy 1052 -0.557050875 -0.056050761 -0.00364330144 0 0 0
volume_proxy 1066 -0.383474567 0.122358607 0.00534806496 0 0 0
volume_proxy 1120 -0.791557846 0.668738561 -0.00202155256 0 0 0
volume_proxy 1166 -0.776433919 -0.994736409 0.00141399813 0 0 0
volume_proxy 1193 -1.10106317 -0.50828609 0.00648694641 0 0 0
volume_proxy 1225 -1.18267346 -0.800937831 0.00978984246 0 0 0
volume_proxy 1245 -1.48848076 0.870497169 0.000548210564 0 0 0
volume_proxy 1280 -1.45891937 0.876397796 0.00477565483 0 0 0
volume_proxy 1285 -0.509756527 0.761580372 -0.000995553366 0 0 0
volume_proxy 1295 0.499395231 0.225706733 -0.00936894553 0 0 0
volume_proxy 1296 -0.41996744 -0.596095411 -0.00961809643 0 0 0
volume_proxy 1340 1.10973646 -0.0660704612 0.00332414457 0 0 0
volume_proxy 1380 -1.33839536 -0.37730567 0.00546507544 0 0 0
volume_proxy 1386 1.22045258 0.89275791 0.00994834802 0 0 0
volume_proxy 1397 0.423844213 0.720426566 -0.00184400154 0 0 0
volume_proxy 1409 0.593823648 0.434884221 0.0102984607 0 0 0
volume_proxy 1413 1.04826601 0.2064966 -0.00150752337 0 0 0
volume_proxy 1422 0.734414681 -0.694530805 -0.0098169711 0 0 0
volume_proxy 1433 1.30435084 0.852015999 0.00635302517 0 0 0
volume_proxy 1437 0.059965222 -0.997338401 -0.00269815759 0 0 0
volume_proxy 1459 -0.656793001 -0.105976067 -0.000114576478 0 0 0
volume_proxy 1460 -0.759258247 0.0727923148 0.00327943956 0 0 0
volume_proxy 1461 -1.15260369 0.529943548 0.00911959696 0 0 0
volume_proxy 1472 -1.49584018 -0.0675176684 0.00855084395 0 0 0
volume_proxy 1474 1.35726699 0.111081404 -0.00857144617 0 0 0
volume_proxy 1481 0.163172063 0.351501312 -0.00665930057 0 0 0
volume_proxy 1482 1.2022228 0.938362691 0.00758336598 0 0 0
volume_proxy 1485 0.799951604 -0.405085936 0.000535933919 0 0 0
volume_proxy 1489 0.46787762 -0.767590683 0.000648709783 0 0 0
volume_proxy 1490 1.06251517 0.680636234 -0.00393612942 0 0 0
volume_proxy 1496 -1.446814 0.470839034 -0.00804338555 0 0 0
volume_proxy 1498 -0.179568246 -0.17211099 0.00317424768 0 0 0
volume_proxy 1503 -1.31516681 -0.503605764 -0.000277148134 0 0 0
volume_proxy 1506 0.364602292 0.800707311 0.00864999106 0 0 0
volume_proxy 1507 -0.636813619 -0.590491916 -0.00868980049 0 0 0
volume_proxy 1508 -0.681211744 -0.143414446 -0.00322767286 0 0 0
volume_proxy 1509 -0.945430978 -0.00329994986 -0.00938159914 0 0 0
volume_proxy 1510 -0.404753982 -0.961064601 -0.00278956627 0 0 0
volume_proxy 1513 -1.27341858 0.511536591 0.0056384966 0 0 0
volume_proxy 1515 0.498487472 -0.792586118 -0.00797629709 0 0 0
volume_proxy 1516 -0.216319947 -0.670073171 0.00147820395 0 0 0
volume_proxy 1517 -1.43255285 -0.333710688 -0.00530373194 0 0 0
volume_proxy 1519 0.237136267 -0.0624141024 0.00569092167 0 0 0
volume_proxy 1520 0.194873236 -0.537425615 -0.00538719013 0 0 0
volume_proxy 1521 -1.4870669 -0.907457331 0.00268798412 0 0 0
volume_proxy 1523 0.128541447 0.0962709028 -0.00226991805 0 0 0
volume_proxy 1525 -0.822816882 0.982035742 -0.00267456176 0 0 0
volume_proxy 1526 1.36655746 -0.233705126 0.00420817611 0 0 0
volume_proxy 1528 1.11295316 -0.852144443 -0.00308903199 0 0 0
volume_proxy 1529 -1.06092375 -0.135894283 -0.00504136222 0 0 0
volume_proxy 1531 0.307125042 0.999431318 0.00686017084 0 0 0
volume_proxy 1533 1.07832347 0.626987372 -0.00168812272 0 0 0
volume_proxy 1534 -0.540099425 0.127888021 0.00650157871 0 0 0
volume_proxy 1536 -0.866716481 -0.721257651 0.00450461237 0 0 0
volume_proxy 1537 -0.501281126 -0.521822873 0.00450828816 0 0 0
volume_proxy 1538 1.11506515 -0.143388566 -0.00831423698 0 0 0
volume_proxy 1539 0.655485412 0.645305448 0.0092886924 0 0 0
volume_proxy 1540 1.32657276 0.258231529 -0.00135103429 0 0 0
