volume_proxy 0 1.29605071 -0.0497827931 0.0086938675 0 0 0
volume_proxy 5 0.263255526 0.457123962 -9.35460959e-05 0 0 0
volume_proxy 6 0.951180139 -0.155341212 -0.00225454913 0 0 0
volume_proxy 11 0.346482003 0.588342742 -0.00402181238 0 0 0
volume_proxy 12 1.37620317 -0.248750073 0.00252443852 0 0 0
volume_proxy 14 0.408554722 0.194539793 0.00621394939 0 0 0
volume_proxy 23 -0.394787871 -0.148115782 0.00781722786 0 0 0
volume_proxy 38 0.541039086 -0.0902526487 -0.00350835281 0 0 0
volume_proxy 40 0.108508792 -0.892648954 -0.000465133297 0 0 0
volume_proxy 50 -0.7828027 -0.548432917 0.00682056586 0 0 0
volume_proxy 53 -0.225223761 -0.91619137 0.00946266749 0 0 0
volume_proxy 58 1.39729019 -0.451909499 0.00544703269 0 0 0
volume_proxy 60 0.0550479497 0.5030465 -0.0101406918 0 0 0
volume_proxy 61 0.0438487913 -0.901427849 0.00611195884 0 0 0
volume_proxy 72 0.09562706 -0.288391924 -0.00676661092 0 0 0
volume_proxy 81 -0.627169923 -0.51514525 0.00897317791 0 0 0
volume_proxy 85 -0.516820388 0.126367736 0.00545398189 0 0 0
volume_proxy 88 -0.832270041 -0.224466217 -0.00153097145 0 0 0
volume_proxy 97 1.43990411 -0.583441286 -0.00863101052 0 0 0
volume_proxy 101 -1.20947163 0.945867836 0.00853148534 0 0 0
volume_proxy 105 -0.0298380517 -0.903090328 0.00487563927 0 0 0
volume_proxy 106 0.113403415 -0.808000622 -0.00377146588 0 0 0
volume_proxy 107 0.857985698 0.25347085 0.00275408888 0 0 0
volume_proxy 108 1.44413568 0.175610509 0.00250083739 0 0 0
volume_proxy 126 -0.114672122 -0.509790104 -0.00325618758 0 0 0
volume_proxy 127 -0.52923373 0.400958164 -0.00400987551 0 0 0
volume_proxy 130 0.843445498 0.55247535 0.00715357941 0 0 0
volume_proxy 132 0.651680232 0.852757357 0.00598961099 0 0 0
volume_proxy 140 -0.603484439 0.540220518 0.00311984882 0 0 0
volume_proxy 145 -0.922526127 -0.880233797 -0.000542494113 0 0 0
volume_proxy 157 0.281055712 0.309246388 -0.00462201684 0 0 0
volume_proxy 159 -0.111858187 -0.591232036 -0.00180783442 0 0 0
volume_proxy 161 -0.403083544 0.00981150999 0.00484385752 0 0 0
volume_proxy 176 0.396416038 -0.72518157 0.00988531398 0 0 0
volume_proxy 178 -1.27222673 0.781724147 0.00949955988 0 0 0
volume_proxy 186 -0.0271524817 0.761018283 -0.000678764197 0 0 0
volume_proxy 189 -1.23178287 0.481820915 0.00325859525 0 0 0
volume_proxy 195 -0.37629594 -0.360927624 -0.00314186194 0 0 0
volume_proxy 196 0.529831816 0.387016777 -0.0048693838 0 0 0
volume_proxy 200 -0.0615537056 -0.882205883 -0.00788079618 0 0 0
volume_proxy 202 -0.787435116 0.90684394 0.000217183965 0 0 0
volume_proxy 209 -0.747661654 -0.326385364 -0.00216796683 0 0 0
volume_proxy 210 -0.387786362 0.1813142 0.00449460579 0 0 0
volume_proxy 224 0.572474027 -0.72626279 0.00422069613 0 0 0
volume_proxy 226 -0.605951849 -0.352018376 0.00975154007 0 0 0
volume_proxy 236 0.503925375 0.279768527 -0.00995271002 0 0 0
volume_proxy 244 1.42293867 0.407540142 0.00338746832 0 0 0
volume_proxy 247 0.750929605 0.0257016109 0.00502321444 0 0 0
volume_proxy 256 -0.382686635 -0.637331267 0.00139344649 0 0 0
volume_proxy 259 0.263616951 -0.0883292874 -0.00965421519 0 0 0
volume_proxy 269 -0.158226177 -0.75323075 -0.0049126113 0 0 0
volume_proxy 276 0.757375817 -0.320204271 0.0042894503 0 0 0
volume_proxy 277 -0.777021776 -0.463030091 0.00312253467 0 0 0
volume_proxy 294 0.685267394 0.533506784 -0.0097427509 0 0 0
volume_proxy 296 0.368900046 -0.342459534 0.00895065193 0 0 0
volume_proxy 298 1.09483525 -0.486644269 0.00632707581 0 0 0
volume_proxy 305 0.374908785 -0.28823783 0.00304258133 0 0 0
volume_proxy 310 1.23571729 0.548412361 -0.00430336942 0 0 0
volume_proxy 311 1.33619682 -0.322989459 0.00788620359 0 0 0
volume_proxy 329 -0.766385736 -0.037648678 -0.00673243298 0 0 0
volume_proxy 337 -0.853940964 0.435467667 -0.0026852236 0 0 0
volume_proxy 344 0.624300101 0.324626648 -0.00552953939 0 0 0
volume_proxy 347 -0.601604312 -0.76253407 0.00765628368 0 0 0
volume_proxy 349 0.63605805 0.0139662221 -0.00779301972 0 0 0
volume_proxy 356 0.5451972 0.410392915 -0.00925938044 0 0 0
volume_proxy 358 0.989149503 0.818941599 -0.00419606166 0 0 0
volume_proxy 375 1.18651725 -0.364289543 -0.00555705039 0 0 0
volume_proxy 388 -1.02606951 0.232739707 -0.010337583 0 0 0
volume_proxy 399 0.789681864 -0.503617 -0.0070423027 0 0 0
volume_proxy 409 0.41535559 -0.663362537 -0.00618918216 0 0 0
volume_proxy 412 1.4771587 0.00158897804 0.0104661776 0 0 0
volume_proxy 431 -1.10056898 -0.97996158 0.0024152975 0 0 0
volume_proxy 512 0.249722016 -0.896918441 0.00556768299 0 0 0
volume_proxy 518 1.3685168 0.826726812 0.0105794053 0 0 0
volume_proxy 591 -0.257991217 0.33239386 -0.00189669974 0 0 0
volume_proxy 682 0.354096305 -0.262464368 -0.00568365358 0 0 0
volume_proxy 725 -1.21357162 -0.786422758 -0.00213809667 0 0 0
volume_proxy 751 -0.314020756 -0.876086471 0.000373460803 0 0 0
volume_proxy 802 0.921593978 -0.410441584 0.00243044009 0 0 0
volume_proxy 814 0.277147487 0.132004765 -0.00263426018 0 0 0
volume_proxy 876 -0.255118771 -0.243997674 -0.00664200158 0 0 0
volume_proxy 904 -0.646962298 0.747702713 -0.00770572765 0 0 0
volume_proxy 914 0.221110567 -0.664495743 0.00473411287 0 0 0
volume_proxy 929 -1.09003893 -0.537205041 0.00860320282 0 0 0
volume_proxy 944 0.269141416 -0.72259675 0.00628256218 0 0 0
volume_proxy 991 -1.20603036 -0.768653419 0.00516361785 0 0 0
volume_proxy 1020 -1.11938779 0.573437005 -0.00602161913 0 0 0
volume_proxy 1021 -0.724979582 -0.888344043 0.00545974226 0 0 0
volume_proxy 1042 0.73615971 0.961897799 0.00669415639 0 0 0
volume_proxy 1050 -1.36344328 -0.343127484 0.00503832543 0 0 0
volume_proxy 1052 -0.306981636 -0.0977889755 -0.00668580455 0 0 0
volume_proxy 1062 0.905136742 0.11900446 -0.0102913944 0 0 0
volume_proxy 1066 0.485586224 0.457744532 0.0024629365 0 0 0
volume_proxy 1093 -0.215539093 -0.473733568 0.00408939395 0 0 0
volume_proxy 1098 0.787805768 0.918163214 -0.00527646673 0 0 0
volume_proxy 1118 -0.294424225 -0.446013181 -0.00843346597 0 0 0
volume_proxy 1120 -0.221261219 0.562967353 -0.00492993069 0 0 0
volume_proxy 1133 0.739440321 -0.748220692 -0.000125086215 0 0 0
volume_proxy 1137 -0.673236772 -0.0875366059 -0.00332964423 0 0 0
volume_proxy 1138 1.27899004 -0.939796304 -0.00790077746 0 0 0
volume_proxy 1151 0.674509692 -0.972987162 -0.00385755688 0 0 0
volume_proxy 1166 -0.888308384 0.499124577 0.00698118045 0 0 0
volume_proxy 1169 1.2995176 -0.849986841 0.00087576371 0 0 0
volume_proxy 1172 0.195422378 0.48548283 0.00524698194 0 0 0
volume_proxy 1180 -0.914882906 0.0832088817 0.00991479447 0 0 0
volume_proxy 1186 -0.588093835 -0.895947748 -0.0102513043 0 0 0
volume_proxy 1193 -0.97023763 -0.186965139 0.0066455152 0 0 0
volume_proxy 1195 -1.31310269 -0.464445817 -0.00336729547 0 0 0
volume_proxy 1197 -0.39692896 -0.469257582 -0.0105543046 0 0 0
volume_proxy 1198 -0.0539010749 0.755463427 0.00608052359 0 0 0
volume_proxy 1208 -0.569474302 -0.3379917 0.00798903697 0 0 0
volume_proxy 1209 -1.00669388 0.545786915 0.0029760453 0 0 0
volume_proxy 1210 -1.01052214 0.867959851 -0.000573103406 0 0 0
volume_proxy 1217 -0.435775255 0.383446621 0.00576120995 0 0 0
volume_proxy 1219 -0.694282107 0.694252531 0.00472353662 0 0 0
volume_proxy 1223 1.30640115 0.256138952 -0.00606609635 0 0 0
volume_proxy 1225 -0.0491973224 -0.123931306 0.00493676958 0 0 0
volume_proxy 1230 1.0456143 -0.279974598 -0.00419886604 0 0 0
volume_proxy 1231 -1.48797225 -0.0451650404 0.00236775304 0 0 0
volume_proxy 1237 0.192808719 0.847648434 -0.00417165735 0 0 0
volume_proxy 1238 0.615219971 0.943710194 0.00385339611 0 0 0
volume_proxy 1245 -1.25721229 0.927220205 -0.00960093118 0 0 0
volume_proxy 1255 1.15533802 -0.45325917 -0.00867130355 0 0 0
volume_proxy 1259 -0.849194937 0.637498271 0.0102597454 0 0 0
volume_proxy 1262 1.47551782 0.31202886 -0.0037986905 0 0 0
volume_proxy 1264 0.195812533 -0.373111195 -0.00404847889 0 0 0
volume_proxy 1270 0.449645067 0.0220734112 -0.00204451799 0 0 0
volume_proxy 1273 -0.752561012 0.489937965 0.00481511853 0 0 0
volume_proxy 1280 -1.11014695 0.226872778 -0.00874745227 0 0 0
volume_proxy 1285 -1.29164197 0.910054389 0.00597900076 0 0 0
volume_proxy 1292 0.119350445 0.258281823 0.00259376963 0 0 0
volume_proxy 1293 -0.267577623 -0.923989334 -0.00943799442 0 0 0
volume_proxy 1294 1.07359646 0.540561957 -0.00811756593 0 0 0
volume_proxy 1295 -1.35056539 0.632665729 -0.000792934975 0 0 0
volume_proxy 1296 -0.0499177885 -0.110885139 -0.00128466556 0 0 0
volume_proxy 1297 -0.274060258 -0.744989758 -0.000245239665 0 0 0
volume_proxy 1298 -1.1534146 -0.997505702 -0.00235749876 0 0 0
volume_proxy 1301 -0.71910057 0.858773367 -0.000364828963 0 0 0
volume_proxy 1303 -0.781191886 0.937452548 0.000974624218 0 0 0
volume_proxy 1308 -0.416333377 0.131547653 0.00594118638 0 0 0
volume_proxy 1309 -0.321796394 -0.275270802 -0.00840684749 0 0 0
volume_proxy 1315 -0.981262861 -0.729995186 -0.00190231688 0 0 0
volume_proxy 1318 0.692762882 -0.382010359 -0.0106679265 0 0 0
volume_proxy 1325 -0.119397659 -0.50492013 -0.0031354972 0 0 0
volume_proxy 1326 -0.0744362091 -0.0347285076 0.00917872277 0 0 0
volume_proxy 1329 0.970516277 0.774311796 -0.00222581955 0 0 0
volume_proxy 1330 0.528006037 0.471975383 0.00753847266 0 0 0
volume_proxy 1331 0.286095094 0.253043902 0.00361129992 0 0 0
volume_proxy 1334 -1.34816614 -0.135974975 -0.0048784538 0 0 0
volume_proxy 1335 0.40333812 -0.182960448 0.000273554596 0 0 0
volume_proxy 1336 0.619738836 -0.0364004144 -0.0085609979 0 0 0
volume_proxy 1337 -0.0910944223 0.523541895 0.00140568842 0 0 0
volume_proxy 1340 0.307720194 0.871848887 0.00260408 0 0 0
volume_proxy 1341 -0.658094787 -0.445011245 -0.00912342559 0 0 0
volume_proxy 1345 0.326150957 -0.900692978 0.00777448013 0 0 0
volume_proxy 1347 -0.447239689 0.329623777 0.00538081743 0 0 0
volume_proxy 1348 0.759113542 -0.715866352 0.0016046366 0 0 0
volume_proxy 1349 -1.46302053 -0.168371517 -8.95252052e-06 0 0 0
volume_proxy 1353 1.16591292 -0.100139197 -0.00875705001 0 0 0
volume_proxy 1354 -0.415427965 -0.316135742 0.00193185805 0 0 0
volume_proxy 1357 -1.49807292 0.0734630971 0.00204556942 0 0 0
volume_proxy 1358 -0.564560978 -0.35263518 0.00260127622 0 0 0
volume_proxy 1360 -1.30985766 -0.896402121 -0.00695575361 0 0 0
volume_proxy 1361 1.01222255 0.866181921 -0.00256983605 0 0 0
volume_proxy 1366 1.01442128 0.891367346 -0.009880001 0 0 0
volume_proxy 1367 -0.550023309 -0.831455476 0.00520046441 0 0 0
volume_proxy 1368 1.03072438 -0.912925273 -0.00985373341 0 0 0
volume_proxy 1369 1.06001881 0.850463165 0.0107720974 0 0 0
volume_proxy 1376 0.828198279 -0.396438089 0.00824180921 0 0 0
volume_proxy 1378 0.561295682 -0.531325848 -0.00661286824 0 0 0
volume_proxy 1379 0.546320376 0.326305294 0.0107405168 0 0 0
volume_proxy 1380 -0.226279186 0.26339707 -0.00608416104 0 0 0
volume_proxy 1381 0.774114922 0.603906888 -0.0036091183 0 0 0
volume_proxy 1382 -0.391282352 -0.0889088518 -0.00840408291 0 0 0
volume_proxy 1383 -1.25350193 0.61166203 0.00800646451 0 0 0
volume_proxy 1384 0.566519505 0.420138327 -0.000805124863 0 0 0
volume_proxy 1385 1.13324266 0.514895706 -0.0106430781 0 0 0
volume_proxy 1386 0.57402841 0.516900684 -0.00951858653 0 0 0
volume_proxy 1387 0.00107729103 0.818476108 0.00902915259 0 0 0
volume_proxy 1388 0.134285777 0.187308892 -0.00911575865 0 0 0
volume_proxy 1389 -0.104416681 0.813726256 -0.00352073759 0 0 0
volume_proxy 1390 -1.40623571 0.352502674 -0.00141081697 0 0 0
volume_proxy 1391 0.642620926 0.065948172 -0.00964684416 0 0 0
volume_proxy 1392 -0.436701625 -0.943857629 0.00764061931 0 0 0
volume_proxy 1393 0.851192368 0.119675004 0.00313583952 0 0 0
volume_proxy 1394 1.30608334 0.62704613 0.000262572483 0 0 0
volume_proxy 1395 1.3156262 0.310631049 -0.00463512916 0 0 0
volume_proxy 1396 -0.960460743 -0.585878099 -0.00111763154 0 0 0
volume_proxy 1397 -0.615249736 0.430077208 -0.0107283951 0 0 0
volume_proxy 1398 -0.781672643 0.383071828 -0.0103658391 0 0 0
volume_proxy 1401 1.04398217 0.398347041 0.000442306397 0 0 0
volume_proxy 1403 0.880760674 0.0818724131 -0.0104996358 0 0 0
volume_proxy 1404 0.965484541 0.666020332 -0.00945129377 0 0 0
