volume_proxy 0 0.74336612 0.416584548 0.00483367406 0 0 0
volume_proxy 5 1.22925157 -0.873519614 -0.00837222729 0 0 0
volume_proxy 6 -0.453156417 0.0858390311 0.00756007614 0 0 0
volume_proxy 11 0.566836779 0.648938625 -0.00827570398 0 0 0
volume_proxy 12 0.463066556 -0.866235917 -0.00499980271 0 0 0
volume_proxy 14 -0.971531006 0.597195918 -0.00237636675 0 0 0
volume_proxy 23 1.21941565 -0.967997943 0.00408749891 0 0 0
volume_proxy 38 0.890348911 -0.201928268 -0.00525303399 0 0 0
volume_proxy 40 -0.318111534 -0.171981194 0.00882348985 0 0 0
volume_proxy 50 -1.057608 -0.274456089 -0.00189035055 0 0 0
volume_proxy 53 -0.231291099 0.807553716 -0.00208658709 0 0 0
volume_proxy 58 0.748966761 -0.908045982 0.00992011111 0 0 0
volume_proxy 60 0.564397191 0.581343029 -0.00469923586 0 0 0
volume_proxy 72 -0.236433565 -0.51152397 0.00302554996 0 0 0
volume_proxy 85 -0.717608627 -0.157588569 0.00736446827 0 0 0
volume_proxy 97 0.801327444 0.59353954 0.00968279993 0 0 0
volume_proxy 107 1.27187643 0.925327871 -0.00160338341 0 0 0
volume_proxy 127 -1.20879319 -0.190287648 -0.00649979608 0 0 0
volume_proxy 130 1.0249322 0.0342658484 -0.00391191598 0 0 0
volume_proxy 140 0.182133229 0.676361462 0.00847263429 0 0 0
volume_proxy 157 1.15672417 -0.284665072 0.00679972673 0 0 0
volume_proxy 159 0.701168016 0.662893761 -0.00650436853 0 0 0
volume_proxy 161 0.763628817 0.46461268 0.00893666581 0 0 0
volume_proxy 176 0.748415965 0.0162352941 0.00384378709 0 0 0
volume_proxy 186 -1.0305385 0.0941830181 -0.0093896325 0 0 0
volume_proxy 189 -0.499135736 0.901781568 -0.000142149008 0 0 0
volume_proxy 195 -0.209936466 -0.271290736 -0.00325207042 0 0 0
volume_proxy 196 0.622049412 -0.657983745 0.00968346775 0 0 0
volume_proxy 200 -0.326154648 -0.472555462 0.00813770292 0 0 0
volume_proxy 202 -0.390755179 0.368679117 0.00677493309 0 0 0
volume_proxy 209 -1.47999044 0.592101335 0.00246808561 0 0 0
volume_proxy 210 -0.995744691 0.582189645 0.00233406375 0 0 0
volume_proxy 226 0.265144793 -0.81151681 0.00993524712 0 0 0
volume_proxy 236 0.92993303 0.988996786 0.0015373754 0 0 0
volume_proxy 247 1.33755048 0.985163281 -0.00909933914 0 0 0
volume_proxy 256 -0.276092234 0.87446762 -0.00708210176 0 0 0
volume_proxy 259 0.226467894 0.40456811 -0.00596221087 0 0 0
volume_proxy 269 -0.165975015 -0.762604002 -0.008020795 0 0 0
volume_proxy 277 -1.39485771 0.20541176 0.0107281342 0 0 0
volume_proxy 296 -0.317506615 -0.639658598 0.00209067905 0 0 0
volume_proxy 305 0.234398209 -0.0598469994 0.0107546534 0 0 0
volume_proxy 310 0.832535491 -0.882917854 0.0100845577 0 0 0
volume_proxy 344 -0.993839821 0.694122686 -0.00348876116 0 0 0
volume_proxy 347 -0.399411417 -0.291091066 -0.00539998301 0 0 0
volume_proxy 356 0.330515098 0.990368602 -0.00125320793 0 0 0
volume_proxy 375 0.674520749 -0.880243001 0.0100055495 0 0 0
volume_proxy 388 -0.0586688715 0.549502569 -0.000448753734 0 0 0
volume_proxy 802 1.34806604 -0.13654083 0.00259934803 0 0 0
volume_proxy 1052 -0.549348908 -0.617406179 0.00763210899 0 0 0
volume_proxy 1066 0.273959147 0.456688804 -0.00261070372 0 0 0
volume_proxy 1120 -0.681281548 0.420670009 -0.00763232492 0 0 0
volume_proxy 1166 -0.495252851 0.843930295 -0.00507901746 0 0 0
volume_proxy 1169 0.746606022 -0.949670366 -0.00126572702 0 0 0
volume_proxy 1193 -1.37835669 -0.664269069 0.00399077479 0 0 0
volume_proxy 1225 -0.327469674 -0.413141525 -0.00246318348 0 0 0
volume_proxy 1245 -1.26559143 0.718689435 0.0104037897 0 0 0
volume_proxy 1280 -1.24092135 0.174080742 0.00454003497 0 0 0
volume_proxy 1285 -1.0660193 0.429985594 -0.00457106506 0 0 0
volume_proxy 1295 -0.733609245 0.609956006 -0.00134773826 0 0 0
volume_proxy 1296 0.263873952 0.132687955 0.00225494573 0 0 0
volume_proxy 1335 0.794341732 -0.709989067 0.0104680315 0 0 0
volume_proxy 1340 1.18276844 0.0617041353 -0.0089491175 0 0 0
volume_proxy 1380 0.0821507809 0.247145864 -0.0031673149 0 0 0
volume_proxy 1386 0.323901617 0.525865156 -0.00278100064 0 0 0
volume_proxy 1397 0.881253846 -0.00600258011 0.00247587795 0 0 0
volume_proxy 1409 0.745776802 0.804063659 0.00140221356 0 0 0
volume_proxy 1413 1.40466351 0.573520284 -0.00986002871 0 0 0
volume_proxy 1420 -1.39357098 -0.0267680198 -0.00188489694 0 0 0
volume_proxy 1422 1.36862451 -0.799285045 -0.00740684559 0 0 0
volume_proxy 1426 1.10452502 -0.148227154 -0.00303329504 0 0 0
volume_proxy 1429 1.17810173 -0.459802904 0.00266000929 0 0 0
volume_proxy 1433 1.33847327 0.657839164 0.0106282352 0 0 0
volume_proxy 1434 -0.239662424 -0.907432237 0.00830101634 0 0 0
volume_proxy 1437 -0.164786021 -0.182061602 0.00618821273 0 0 0
volume_proxy 1439 -0.330760343 0.839744347 -0.00378266572 0 0 0
volume_proxy 1440 1.07647192 -0.33197405 -0.00174876399 0 0 0
volume_proxy 1445 -0.159359113 -0.924508498 -0.00772127458 0 0 0
volume_proxy 1447 0.845109769 -0.470930371 0.00508315788 0 0 0
volume_proxy 1459 -0.829887565 -0.0232024069 0.0100051013 0 0 0
volume_proxy 1460 1.35983546 0.894401195 -0.00463160696 0 0 0
volume_proxy 1461 -1.08607502 0.686872102 -0.000723807278 0 0 0
volume_proxy 1466 -1.30407341 0.0795638099 0.00731825692 0 0 0
volume_proxy 1470 -1.47703529 -0.581399211 0.00134675731 0 0 0
volume_proxy 1471 0.0258263009 0.823942554 0.00937494904 0 0 0
volume_proxy 1472 -1.127343 0.428239993 0.00193796625 0 0 0
volume_proxy 1474 0.948924892 -0.740451702 0.00463602206 0 0 0
volume_proxy 1481 1.05430795 0.755770947 0.00916807593 0 0 0
volume_proxy 1482 0.554293064 -0.430717034 0.00359828342 0 0 0
volume_proxy 1485 0.168733398 -0.678964564 -0.00549513376 0 0 0
volume_proxy 1486 1.0973351 -0.440321661 0.00715781816 0 0 0
volume_proxy 1489 -0.341965166 0.140255021 0.00457731567 0 0 0
volume_proxy 1490 1.31229067 0.794737457 -0.00535967075 0 0 0
volume_proxy 1492 0.550011445 0.719014335 -0.00345815672 0 0 0
volume_proxy 1493 0.339108204 0.0974533245 -0.000725763159 0 0 0
volume_proxy 1494 0.991122271 0.623741076 0.00566908069 0 0 0
volume_proxy 1496 -1.03041674 0.259123533 -0.00387984451 0 0 0
volume_proxy 1498 -1.15989024 0.221766858 0.00423214737 0 0 0
volume_proxy 1501 -0.961809362 -0.866623586 0.00258940603 0 0 0
volume_proxy 1503 -0.0980711505 0.11616834 0.0040962216 0 0 0
volume_proxy 1505 -0.287536798 0.933529974 -0.00533852109 0 0 0
volume_proxy 1506 0.543955325 0.969836023 0.00143460666 0 0 0
volume_proxy 1507 -1.23265801 -0.449651971 -0.00787932086 0 0 0
volume_proxy 1508 -0.60201456 -0.94430798 -0.00980269767 0 0 0
volume_proxy 1509 -1.3918507 0.662168658 -1.2552185e-05 0 0 0
volume_proxy 1510 0.470536868 -0.236969029 0.00240524708 0 0 0
volume_proxy 1511 1.12467991 0.72135387 -0.0096231571 0 0 0
volume_proxy 1512 -1.10793393 0.593038298 -0.00910357246 0 0 0
volume_proxy 1513 -0.553468564 0.68888045 0.010739 0 0 0
volume_proxy 1514 -1.41925199 0.268436166 0.00914048805 0 0 0
volume_proxy 1515 0.34677643 0.411058853 -0.00430441457 0 0 0
volume_proxy 1516 -0.850411413 -0.568537761 0.0038079226 0 0 0
volume_proxy 1517 -1.02943607 -0.604851544 -0.00598704121 0 0 0
volume_proxy 1518 -1.09189079 -0.17075764 -0.00789722453 0 0 0
volume_proxy 1519 0.15003832 -0.286695145 0.000948603049 0 0 0
