volume_proxy 0 0.641766503 0.487766196 0.00806040883 0 0 0
volume_proxy 5 1.3378818 -0.715687748 -0.000192055992 0 0 0
volume_proxy 6 -0.409521843 0.315688857 0.0020379751 0 0 0
volume_proxy 11 0.812463418 0.593335084 0.00138722825 0 0 0
volume_proxy 12 0.0706499548 -0.516422471 -0.00565527007 0 0 0
volume_proxy 14 -1.21485374 0.916274471 -0.0079360432 0 0 0
volume_proxy 23 1.26624919 -0.79719167 0.0097321716 0 0 0
volume_proxy 38 0.737365933 -0.275111792 -0.00485182513 0 0 0
volume_proxy 40 -0.515658854 -0.256550588 -0.00190381461 0 0 0
volume_proxy 50 -0.857943363 -0.224134756 0.00891559471 0 0 0
volume_proxy 53 -0.373343356 0.860859033 0.0089305638 0 0 0
volume_proxy 58 0.913917891 -0.783560727 0.00278087441 0 0 0
volume_proxy 60 0.605248589 0.647927125 0.00654332155 0 0 0
volume_proxy 85 -0.809163568 -0.113423739 -0.000747962188 0 0 0
volume_proxy 97 0.880828896 0.545641182 -0.00190524855 0 0 0
volume_proxy 107 1.15904645 0.915165084 -7.84605872e-05 0 0 0
volume_proxy 127 -1.46489491 0.00111001805 0.00572135692 0 0 0
volume_proxy 130 0.618673647 0.162614556 0.00692818917 0 0 0
volume_proxy 140 0.442711295 0.698860249 0.00631167591 0 0 0
volume_proxy 157 1.17702 -0.143589038 -0.00629272819 0 0 0
volume_proxy 159 0.631530152 0.395819399 -1.97746065e-05 0 0 0
volume_proxy 161 0.720178934 0.31059482 -0.00276787854 0 0 0
volume_proxy 176 0.613224513 0.247440429 -0.00633064655 0 0 0
volume_proxy 186 -0.956799969 0.427128133 -0.00125851792 0 0 0
volume_proxy 189 -0.575660181 0.883296405 -0.00248831956 0 0 0
volume_proxy 195 -0.377323687 -0.482380753 0.00633700503 0 0 0
volume_proxy 196 0.789514303 -0.772119748 0.000428462497 0 0 0
volume_proxy 200 -0.407123969 -0.64254608 -0.00703513242 0 0 0
volume_proxy 202 -0.285902039 0.52404093 0.00964703239 0 0 0
volume_proxy 209 -1.19547304 0.981448778 -0.00650871888 0 0 0
volume_proxy 210 -0.602762223 0.424916521 -0.00746887859 0 0 0
volume_proxy 226 0.368942737 -0.844073337 -0.00208519276 0 0 0
volume_proxy 236 0.937438303 0.813282546 0.00179805802 0 0 0
volume_proxy 247 1.14712142 0.684863603 -0.00199947963 0 0 0
volume_proxy 256 -0.530848699 0.950591301 -0.0081548272 0 0 0
volume_proxy 259 0.357192917 0.60285079 -0.00110463725 0 0 0
volume_proxy 269 -0.568975957 -0.696145376 -0.00870170635 0 0 0
volume_proxy 277 -1.05804189 -0.213418478 -0.00401610343 0 0 0
volume_proxy 296 -0.546622044 -0.721619475 -0.00546527798 0 0 0
volume_proxy 305 0.189084781 -0.152593528 0.00466184931 0 0 0
volume_proxy 310 0.452677069 -0.681906969 -0.00316895345 0 0 0
volume_proxy 344 -1.31489133 0.960208591 -0.010718978 0 0 0
volume_proxy 347 -0.390731324 -0.117109005 -0.00973226891 0 0 0
volume_proxy 356 0.34166462 0.774327519 -0.0102310735 0 0 0
volume_proxy 375 1.07474184 -0.938393228 0.00321763051 0 0 0
volume_proxy 388 0.16637876 0.265152972 -0.0021211047 0 0 0
volume_proxy 802 1.3824343 -0.328043462 0.00444508083 0 0 0
volume_proxy 1052 -0.811828902 -0.780965908 -0.00706980183 0 0 0
volume_proxy 1066 -0.0634766714 0.393018129 -0.00706971122 0 0 0
volume_proxy 1120 -0.683252102 0.00949090254 0.00516002783 0 0 0
volume_proxy 1166 -0.544507439 0.890874384 -0.00143235377 0 0 0
volume_proxy 1169 1.1071171 -0.931114855 -0.0100336438 0 0 0
volume_proxy 1193 -1.19055919 -0.54706158 0.00176277521 0 0 0
volume_proxy 1225 -0.471927733 -0.363037626 -0.00855948387 0 0 0
volume_proxy 1245 -1.4654771 0.748434391 -0.0106722274 0 0 0
volume_proxy 1280 -1.33964287 0.221005168 0.0015027374 0 0 0
volume_proxy 1285 -1.08447816 0.127829527 0.0107691066 0 0 0
volume_proxy 1295 -0.4725381 0.754145399 0.00523467612 0 0 0
volume_proxy 1296 0.433883471 0.0491246148 -0.00850234072 0 0 0
volume_proxy 1335 0.680773237 -0.750343301 -0.00422443178 0 0 0
volume_proxy 1340 1.06324134 -0.0552010076 0.0104496555 0 0 0
volume_proxy 1380 0.245215198 0.348714082 -0.00145722926 0 0 0
volume_proxy 1386 0.0164988953 0.504881372 0.00107156009 0 0 0
volume_proxy 1397 1.05857359 0.165466425 -0.00959456825 0 0 0
volume_proxy 1409 0.581018272 0.949284384 -0.010568592 0 0 0
volume_proxy 1413 1.2769706 0.491898562 0.0107395906 0 0 0
volume_proxy 1420 -1.25490076 -0.0131704372 0.00780586076 0 0 0
volume_proxy 1422 1.00657251 -0.873004076 0.0107465312 0 0 0
volume_proxy 1426 1.13003229 -0.0707212897 0.00155822854 0 0 0
volume_proxy 1429 1.16482148 -0.34735603 0.00518589943 0 0 0
volume_proxy 1433 1.35172324 0.471360924 0.00886823945 0 0 0
volume_proxy 1434 -0.276210367 -0.991198384 0.00422000938 0 0 0
volume_proxy 1437 0.0739230071 -0.0461733551 0.00766781302 0 0 0
volume_proxy 1439 -0.228644731 0.662577737 0.000653661245 0 0 0
volume_proxy 1440 1.04735752 -0.398304988 -0.00300261451 0 0 0
volume_proxy 1447 0.899108217 -0.590460225 -0.0017991787 0 0 0
volume_proxy 1459 -0.605254025 0.136488446 -0.0106288692 0 0 0
volume_proxy 1460 1.14102942 0.959270157 0.000830239061 0 0 0
volume_proxy 1461 -1.04394377 0.605671193 0.00217527059 0 0 0
volume_proxy 1466 -1.47114755 0.219087555 -0.0030362664 0 0 0
volume_proxy 1470 -1.3544795 -0.397300477 -0.00965821601 0 0 0
volume_proxy 1471 -0.0321689025 0.867914744 -0.00106116276 0 0 0
volume_proxy 1472 -1.1138831 0.373065122 0.00452705271 0 0 0
volume_proxy 1474 1.1063623 -0.873253971 -0.0056983583 0 0 0
volume_proxy 1481 0.977375712 0.86905274 0.00443936095 0 0 0
volume_proxy 1482 0.600314994 -0.514625873 0.00495110459 0 0 0
volume_proxy 1485 0.23339042 -0.772929671 0.00829673789 0 0 0
volume_proxy 1486 1.20849155 -0.67366155 -0.000597581605 0 0 0
volume_proxy 1489 -0.367321119 0.0986392142 0.00531347111 0 0 0
volume_proxy 1490 1.40041599 0.924794429 0.00777498188 0 0 0
volume_proxy 1492 0.400423077 0.817288958 -0.00251477682 0 0 0
volume_proxy 1493 0.371807732 0.0130505572 -0.00803767266 0 0 0
volume_proxy 1494 0.970057478 0.599724911 -0.0084079069 0 0 0
volume_proxy 1496 -1.19143825 0.0685951831 0.00178389482 0 0 0
volume_proxy 1498 -1.16848358 0.119138085 0.00398852868 0 0 0
volume_proxy 1501 -0.875751534 -0.948130439 0.0106736582 0 0 0
volume_proxy 1503 -0.0472923855 0.0677650389 -0.00331059003 0 0 0
volume_proxy 1505 -0.185769864 0.787256655 0.010563589 0 0 0
volume_proxy 1506 0.588708241 0.816759531 -0.00126587616 0 0 0
volume_proxy 1507 -1.152664 -0.445684943 -0.0069810535 0 0 0
volume_proxy 1508 -0.565540411 -0.924544721 0.0050856085 0 0 0
volume_proxy 1509 -1.21274081 0.711115373 -0.000938473188 0 0 0
volume_proxy 1510 0.654390829 -0.186792244 -0.000165122941 0 0 0
volume_proxy 1511 0.969962946 0.668279292 -0.00315050324 0 0 0
volume_proxy 1512 -1.21169268 0.800878854 -0.00772881975 0 0 0
volume_proxy 1513 -0.779461067 0.81801703 0.00941609907 0 0 0
volume_proxy 1514 -1.49818406 0.484639863 -0.00328812519 0 0 0
volume_proxy 1515 0.508512768 0.490476687 -0.0072994057 0 0 0
volume_proxy 1516 -0.796814453 -0.580891005 -0.00206405791 0 0 0
volume_proxy 1517 -0.976143009 -0.781368235 0.000879986732 0 0 0
volume_proxy 1518 -1.24568049 -0.181082443 0.00805547032 0 0 0
volume_proxy 1519 -0.0880924405 -0.326741404 -0.00907974117 0 0 0
volume_proxy 1520 -0.155884714 -0.693498747 -0.0100386436 0 0 0
