volume_proxy 0 0.0644694635 0.573441952 -0.00723590141 0 0 0
volume_proxy 6 -0.117556891 0.608066671 0.000261202307 0 0 0
volume_proxy 11 1.15139826 0.817797379 0.00864370016 0 0 0
volume_proxy 12 0.66982067 -0.118673453 -0.0098116086 0 0 0
volume_proxy 14 -0.941582598 0.543339615 0.00314863117 0 0 0
volume_proxy 23 1.16268996 -0.992879858 0.00331319596 0 0 0
volume_proxy 38 -0.924539795 -0.923170897 -0.00317532428 0 0 0
volume_proxy 40 -1.12141702 0.0903583444 0.00104435345 0 0 0
volume_proxy 50 -0.99984791 -0.623039836 -0.00325549184 0 0 0
volume_proxy 53 -1.17901591 0.585377387 -0.00949775343 0 0 0
volume_proxy 58 0.601882709 -0.917208561 -0.00383483048 0 0 0
volume_proxy 60 0.218343301 0.246786391 0.00805392037 0 0 0
volume_proxy 85 -0.758744356 0.834525012 -0.00428045587 0 0 0
volume_proxy 97 0.445070868 0.957381223 0.0035894932 0 0 0
volume_proxy 107 1.41631163 0.0227089534 -0.0105578703 0 0 0
volume_proxy 127 -1.37871257 -0.994005097 -0.00661066117 0 0 0
volume_proxy 130 0.402232957 0.766135358 -0.00795845657 0 0 0
volume_proxy 140 -0.904712729 0.637902894 0.00318050288 0 0 0
volume_proxy 157 0.771904153 0.176904011 0.0019619792 0 0 0
volume_proxy 159 1.32967113 0.452181994 0.00867066963 0 0 0
volume_proxy 161 0.0881755378 0.670485247 0.00111301596 0 0 0
volume_proxy 176 1.2669068 -0.284829738 0.00275327441 0 0 0
volume_proxy 186 -0.59038012 -0.495845541 0.00724698069 0 0 0
volume_proxy 189 -1.15483574 0.571180645 -0.00875701167 0 0 0
volume_proxy 195 -1.3155199 -0.903603384 -0.00443812225 0 0 0
volume_proxy 196 0.630006131 0.104034808 0.00846360356 0 0 0
volume_proxy 200 -0.775704536 -0.502630523 0.00128562909 0 0 0
volume_proxy 202 0.680700426 0.796963534 -0.0102631795 0 0 0
volume_proxy 209 -0.919944427 -0.109963955 -0.00885877089 0 0 0
volume_proxy 210 -0.646970982 0.680093484 1.63407246e-05 0 0 0
volume_proxy 226 -0.0832347197 -0.4910394 0.00644752205 0 0 0
volume_proxy 236 1.26810986 -0.363949628 -0.00773473135 0 0 0
volume_proxy 247 1.14647383 0.755283213 0.00773712854 0 0 0
volume_proxy 256 -0.799429632 0.414984848 0.0099598895 0 0 0
volume_proxy 259 0.32645641 0.954513641 0.00924915991 0 0 0
volume_proxy 269 -0.814020733 0.280770663 0.010510658 0 0 0
volume_proxy 277 -1.332177 -0.225635722 -0.00516047104 0 0 0
volume_proxy 296 -1.21581323 0.686165109 0.00932736851 0 0 0
volume_proxy 305 0.858407093 -0.664317806 -0.00340267379 0 0 0
volume_proxy 310 -0.369455823 -0.0951178062 0.0100885328 0 0 0
volume_proxy 344 -0.977111429 -0.0741661055 -0.0052225623 0 0 0
volume_proxy 347 0.131352372 0.950524748 0.00145457099 0 0 0
volume_proxy 356 -0.843994478 0.508297127 -0.00193822958 0 0 0
volume_proxy 375 0.772504002 -0.614841047 0.00265849393 0 0 0
volume_proxy 388 1.3248433 -0.0195662627 2.12281748e-05 0 0 0
volume_proxy 802 0.773720798 0.0568474106 0.00584508439 0 0 0
volume_proxy 1052 -0.622283262 -0.756757483 0.00942370073 0 0 0
volume_proxy 1066 -0.39529464 0.102128884 0.01079922 0 0 0
volume_proxy 1120 -0.330790032 -0.15625351 -0.0107750001 0 0 0
volume_proxy 1166 -0.930858724 0.115685743 0.00172829768 0 0 0
volume_proxy 1193 -1.21824272 -0.986427586 0.00356083141 0 0 0
volume_proxy 1225 -0.217687927 -0.121494359 -0.000655822886 0 0 0
volume_proxy 1245 -1.39562093 -0.33208221 -0.00464084279 0 0 0
volume_proxy 1280 -0.644605779 0.799648166 0.00420039747 0 0 0
volume_proxy 1285 -1.08309615 0.240605752 0.00794026497 0 0 0
volume_proxy 1295 0.0130144311 0.128107795 -0.00426053591 0 0 0
volume_proxy 1296 0.190575927 -0.598557612 -0.00952505132 0 0 0
volume_proxy 1340 0.969297462 0.980715377 -0.00148019733 0 0 0
volume_proxy 1380 -0.383203588 0.280515757 -0.00866332864 0 0 0
volume_proxy 1386 1.46195419 0.422460833 0.0102298402 0 0 0
volume_proxy 1397 0.85764202 0.555238941 0.0103770434 0 0 0
volume_proxy 1409 -0.317896819 0.282530548 -0.00988878905 0 0 0
volume_proxy 1413 0.579183312 0.864376366 -0.000263419353 0 0 0
volume_proxy 1422 0.676868562 0.113893151 0.000972080851 0 0 0
volume_proxy 1433 1.28379395 0.836059732 0.00119100391 0 0 0
volume_proxy 1437 -0.0465227405 -0.0596539247 -0.00224003345 0 0 0
volume_proxy 1439 0.0428469485 0.95155604 -0.00224558426 0 0 0
volume_proxy 1447 0.773924109 0.00298740205 0.00256479627 0 0 0
volume_proxy 1459 -1.42537909 0.395966137 -0.00540769699 0 0 0
volume_proxy 1460 -0.126050926 0.276599644 -0.00848562328 0 0 0
volume_proxy 1461 -0.603233153 0.772133623 0.00370504105 0 0 0
volume_proxy 1466 -0.752529065 -0.161696634 0.00469947613 0 0 0
volume_proxy 1472 -1.04287778 0.662531616 0.00263281676 0 0 0
volume_proxy 1474 1.05299255 -0.695368151 -0.0104803938 0 0 0
volume_proxy 1481 0.767921526 0.84056516 -0.0046902821 0 0 0
volume_proxy 1482 0.918522602 0.0315077632 0.00290493961 0 0 0
volume_proxy 1485 0.476658266 0.0312873089 -0.00613898839 0 0 0
volume_proxy 1489 0.253393181 -0.984022866 -0.00986141982 0 0 0
volume_proxy 1490 0.871316213 0.864715978 0.004894742 0 0 0
volume_proxy 1494 1.27853621 -0.0815800235 -0.00463054852 0 0 0
volume_proxy 1496 -1.22254482 0.237735967 0.00897058772 0 0 0
volume_proxy 1498 -0.267608717 0.267755629 -0.000396385372 0 0 0
volume_proxy 1503 -0.139798341 0.220163642 0.010489145 0 0 0
volume_proxy 1506 0.515299174 0.946760518 0.0073177225 0 0 0
volume_proxy 1507 -1.19761877 -0.28954771 -0.000326659527 0 0 0
volume_proxy 1508 -0.868769955 -0.537866103 -0.000707845427 0 0 0
volume_proxy 1509 -1.32433709 0.502855635 0.00332374771 0 0 0
volume_proxy 1510 -0.0106002936 -0.763580254 0.00660480215 0 0 0
volume_proxy 1511 1.39286523 0.757529691 0.00764259514 0 0 0
volume_proxy 1513 -1.43000001 0.509403079 -0.00587739093 0 0 0
volume_proxy 1515 0.65743489 -0.103244582 0.00718335978 0 0 0
volume_proxy 1516 -0.40198229 -0.924876416 -0.00179205637 0 0 0
volume_proxy 1517 -0.692903314 -0.54336204 -0.00209631781 0 0 0
volume_proxy 1519 0.174435329 -0.111395546 0.00568859354 0 0 0
volume_proxy 1520 0.0761635962 0.0354251228 -0.00719385414 0 0 0
volume_proxy 1521 -1.13927241 -0.307864849 -0.00339589583 0 0 0
volume_proxy 1522 0.100031642 0.974761558 -0.00125670838 0 0 0
volume_proxy 1523 1.33836255 -0.130259221 -0.00488207674 0 0 0
volume_proxy 1525 -0.961787796 0.980868827 0.00170672966 0 0 0
volume_proxy 1526 1.41395964 -0.438374037 -0.0069281828 0 0 0
volume_proxy 1528 0.577934658 -0.914261078 -0.0101062637 0 0 0
volume_proxy 1529 -0.95487921 -0.0764833455 0.0026220652 0 0 0
volume_proxy 1530 -0.967959782 -0.822429703 -0.00199428109 0 0 0
volume_proxy 1531 0.6659558 0.568441155 0.000468975861 0 0 0
volume_proxy 1532 -0.23440042 -0.936565547 -0.000958452484 0 0 0
volume_proxy 1533 1.4984818 -0.484782184 0.00648443029 0 0 0
