volume_proxy 0 -0.670940635 -0.641273042 0.0044897153 0 0 0
volume_proxy 6 -0.0370743356 0.844525406 0.00431297412 0 0 0
volume_proxy 11 0.748039517 0.107485373 -0.00139272118 0 0 0
volume_proxy 12 1.08532036 -0.808929034 0.00296103948 0 0 0
volume_proxy 14 -1.26183325 0.698479754 -0.00527417835 0 0 0
volume_proxy 23 1.02972229 -0.983203158 0.010667243 0 0 0
volume_proxy 38 -0.762903952 -0.674171929 0.00917114157 0 0 0
volume_proxy 40 -0.606433062 -0.51461205 -0.0043532084 0 0 0
volume_proxy 50 -1.38394927 0.0828053394 -0.0077232614 0 0 0
volume_proxy 53 -0.978027298 0.710438923 -0.00705117796 0 0 0
volume_proxy 58 0.796478928 -0.220435263 0.00529799587 0 0 0
volume_proxy 60 -0.227496808 0.572353742 -0.00732679598 0 0 0
volume_proxy 85 -1.02451545 0.787286216 -0.00670278717 0 0 0
volume_proxy 97 1.04102666 0.32990289 -0.00836750963 0 0 0
volume_proxy 107 0.102319301 -0.0998997929 0.00447459794 0 0 0
volume_proxy 127 -1.47004818 -0.268582465 0.000345800694 0 0 0
volume_proxy 130 0.192711945 -0.692503555 0.00539881584 0 0 0
volume_proxy 140 0.35521262 -0.10933815 0.00558855373 0 0 0
volume_proxy 157 0.873761072 -0.471551487 0.00950369488 0 0 0
volume_proxy 159 0.430823075 0.722989949 0.00796468057 0 0 0
volume_proxy 161 -0.0973773697 -0.729573969 0.0102957304 0 0 0
volume_proxy 176 0.620213949 0.211896577 -0.00598585656 0 0 0
volume_proxy 186 -1.48377386 -0.0197269755 0.00589561075 0 0 0
volume_proxy 189 -0.655036244 -0.596742691 0.00894513767 0 0 0
volume_proxy 195 -1.36260328 -0.891553644 0.0097843184 0 0 0
volume_proxy 196 -0.289495866 0.0926651687 0.00363969299 0 0 0
volume_proxy 200 -1.06468775 0.685114633 0.00617639697 0 0 0
volume_proxy 202 -0.226787526 -0.282044945 -0.00965025401 0 0 0
volume_proxy 209 -1.2573871 -0.130698181 0.00117434408 0 0 0
volume_proxy 210 0.959487249 0.737639486 -0.00402543617 0 0 0
volume_proxy 226 1.18615185 0.226905551 -0.000413915892 0 0 0
volume_proxy 236 0.962805205 0.0785313191 -0.00834917537 0 0 0
volume_proxy 247 0.369538792 -0.756433971 -0.00806405298 0 0 0
volume_proxy 256 0.014831118 -0.364662984 0.0106003382 0 0 0
volume_proxy 259 0.165552462 -0.430444849 0.000862545784 0 0 0
volume_proxy 269 -0.91078541 0.801783372 0.00672939221 0 0 0
volume_proxy 277 -0.492486671 -0.348990903 0.000348001498 0 0 0
volume_proxy 296 -0.895847281 0.732540006 0.0031222179 0 0 0
volume_proxy 305 0.837997906 -0.478398118 0.00385198118 0 0 0
volume_proxy 310 1.13690026 0.819693775 -0.000245931791 0 0 0
volume_proxy 344 -0.730119634 -0.985252373 -0.007925204 0 0 0
volume_proxy 347 -0.454766719 0.652242076 0.00168501449 0 0 0
volume_proxy 356 -0.318031191 -0.0693188228 0.00125995554 0 0 0
volume_proxy 375 0.897769175 -0.0992917179 -0.00537756565 0 0 0
volume_proxy 388 0.940813596 -0.453494135 -0.00392611552 0 0 0
volume_proxy 1052 -0.533006666 -0.022951754 0.00999479805 0 0 0
volume_proxy 1066 -0.386453364 0.401284791 -0.00323445123 0 0 0
volume_proxy 1120 -0.804894582 0.634495511 0.00102698667 0 0 0
volume_proxy 1166 -0.633831894 -0.966500246 -0.00982234055 0 0 0
volume_proxy 1193 -1.1339244 -0.362130024 0.00444018421 0 0 0
volume_proxy 1225 -1.4426838 -0.935954142 0.000906724129 0 0 0
volume_proxy 1245 -1.46119286 0.626688024 -0.00745639988 0 0 0
volume_proxy 1280 -1.28432706 0.721832052 -0.00261444562 0 0 0
volume_proxy 1285 -0.293919404 0.87014939 -0.000959101867 0 0 0
volume_proxy 1295 0.565270963 0.0671263961 0.00544983568 0 0 0
volume_proxy 1296 -0.141524065 -0.869606312 -0.00922633415 0 0 0
volume_proxy 1340 1.48446502 -0.019608531 0.0100754931 0 0 0
volume_proxy 1380 -1.39266125 -0.441499041 0.00360276017 0 0 0
volume_proxy 1386 1.29083718 0.922715487 -0.0101101161 0 0 0
volume_proxy 1397 0.71575469 0.634409981 0.00322734279 0 0 0
volume_proxy 1409 0.653703334 0.3214823 -0.00835202352 0 0 0
volume_proxy 1413 1.16204153 0.282021567 -0.00814645037 0 0 0
volume_proxy 1422 0.243774683 -0.997824899 0.000104134275 0 0 0
volume_proxy 1433 1.01309039 0.760195774 -0.00798718389 0 0 0
volume_proxy 1437 0.183078498 -0.774448489 0.0103316321 0 0 0
volume_proxy 1459 -0.627347171 -0.392783668 0.00960485594 0 0 0
volume_proxy 1460 -0.465233966 0.597135216 0.0101075877 0 0 0
volume_proxy 1461 -1.43489615 0.5433817 -0.00375638698 0 0 0
volume_proxy 1472 -1.16703882 0.265989681 0.000996077008 0 0 0
volume_proxy 1474 1.47063178 0.147302837 -0.00762355732 0 0 0
volume_proxy 1481 0.383502287 0.0816745114 0.0105053481 0 0 0
volume_proxy 1482 1.14081348 0.982965006 -0.00308746235 0 0 0
volume_proxy 1485 0.938574281 -0.580743421 0.00268084166 0 0 0
volume_proxy 1489 0.409492591 -0.614894644 0.00299852632 0 0 0
volume_proxy 1490 0.789083556 0.956257237 0.00290678567 0 0 0
volume_proxy 1496 -1.45195346 0.670022945 0.00386689976 0 0 0
volume_proxy 1498 0.0199522068 -0.279920671 0.0105714835 0 0 0
volume_proxy 1503 -1.04538628 -0.826510474 0.00715987923 0 0 0
volume_proxy 1506 0.493859644 0.753331493 -0.00802117797 0 0 0
volume_proxy 1507 -0.482722072 -0.715328304 0.00954439965 0 0 0
volume_proxy 1508 -0.600168346 -0.0577077731 0.00353007027 0 0 0
volume_proxy 1509 -1.16370294 -0.233816252 -0.00166952433 0 0 0
volume_proxy 1510 -0.612663834 -0.870047537 -0.00314187333 0 0 0
volume_proxy 1513 -0.893164445 0.925709666 -0.00186418148 0 0 0
volume_proxy 1515 0.525558647 -0.648619017 -0.000632364293 0 0 0
volume_proxy 1516 -0.242066555 -0.70885702 0.00696520734 0 0 0
volume_proxy 1517 -1.17375319 -0.230684917 0.00211429528 0 0 0
volume_proxy 1519 0.0560882993 -0.528258181 0.00405606718 0 0 0
volume_proxy 1520 -0.179430748 -0.486947045 -0.00168408848 0 0 0
volume_proxy 1521 -1.4676049 -0.936617418 0.00194173558 0 0 0
volume_proxy 1523 0.0565342852 0.111875487 0.00354776784 0 0 0
volume_proxy 1525 -1.00917763 0.891325701 -0.000960531441 0 0 0
volume_proxy 1526 1.3202101 -0.443816013 0.00404617337 0 0 0
volume_proxy 1528 1.06161461 -0.969026157 -0.00453601504 0 0 0
volume_proxy 1529 -1.0342496 -0.227297141 -0.00803447509 0 0 0
volume_proxy 1531 0.564849389 0.648040676 0.00821595036 0 0 0
volume_proxy 1533 1.3606216 0.508780852 -0.00086857111 0 0 0
volume_proxy 1534 -0.56180593 0.260220817 -0.0083338252 0 0 0
volume_proxy 1536 -0.879140344 -0.723894942 -0.0106994042 0 0 0
volume_proxy 1537 -0.651998936 -0.55178485 -0.00175903422 0 0 0
volume_proxy 1538 1.10309231 -0.298622587 0.00473526494 0 0 0
volume_proxy 1539 0.464371743 0.926959787 -0.000342766906 0 0 0
volume_proxy 1540 1.07080747 0.410398235 -0.0105123123 0 0 0
