volume_proxy 0 -0.887454545 0.0233983004 -0.00377278067 0 0 0
volume_proxy 6 -0.304128482 -0.0444201446 -0.0025702539 0 0 0
volume_proxy 11 1.06344003 0.902187608 -0.000582639974 0 0 0
volume_proxy 12 1.4357555 -0.504939233 0.00474708883 0 0 0
volume_proxy 14 -1.32819234 0.546671187 -0.0012130347 0 0 0
volume_proxy 23 1.10207779 0.231400736 -0.00338348763 0 0 0
volume_proxy 38 -0.743906375 -0.427865243 0.000724896374 0 0 0
volume_proxy 40 -1.1203991 -0.0963974287 -0.00223743333 0 0 0
volume_proxy 50 -1.34094344 -0.746632341 -0.00204644304 0 0 0
volume_proxy 53 -1.05514497 -0.129389022 0.00654628611 0 0 0
volume_proxy 58 0.421368028 -0.472516868 -0.00724338441 0 0 0
volume_proxy 60 -0.325917235 0.5224619 0.00592453295 0 0 0
volume_proxy 85 -0.983829749 0.962244823 -0.00415276175 0 0 0
volume_proxy 97 0.551874561 0.91275874 -0.00439462121 0 0 0
volume_proxy 107 0.176841379 0.928707998 -0.00921973173 0 0 0
volume_proxy 127 -1.23576139 -0.741799352 0.010383645 0 0 0
volume_proxy 130 -0.0038050055 -0.541210713 -0.00359116068 0 0 0
volume_proxy 140 1.01093895 0.134412974 -0.00806408291 0 0 0
volume_proxy 157 0.363298876 0.0110982434 0.00867241866 0 0 0
volume_proxy 159 0.47978084 0.796712307 0.00698344809 0 0 0
volume_proxy 161 -0.495262961 0.134924578 -0.0102401089 0 0 0
volume_proxy 176 1.13576376 0.668826441 0.00695738976 0 0 0
volume_proxy 186 -1.25785308 0.366004275 -0.00730344999 0 0 0
volume_proxy 189 -0.628397178 -0.51894293 0.00587969367 0 0 0
volume_proxy 195 -0.943224529 -0.656905631 -0.00895086827 0 0 0
volume_proxy 196 -1.40925565 0.0437413374 -0.00386157025 0 0 0
volume_proxy 200 -1.17748023 0.984128737 0.00881147562 0 0 0
volume_proxy 202 -0.621498681 -0.228727509 0.000508104827 0 0 0
volume_proxy 209 -1.37171873 -0.0038802253 -0.00304711026 0 0 0
volume_proxy 210 0.540735969 0.396870178 0.00809852782 0 0 0
volume_proxy 226 1.19508746 0.131669629 -0.0107074078 0 0 0
volume_proxy 236 0.07501822 0.618374633 0.0019149772 0 0 0
volume_proxy 247 0.0930276884 -0.867538565 0.000640793049 0 0 0
volume_proxy 256 0.928361479 -0.532897802 -0.00136023113 0 0 0
volume_proxy 259 0.790954264 0.678291325 0.00883513103 0 0 0
volume_proxy 269 -1.38337725 0.675793687 0.0062708746 0 0 0
volume_proxy 277 -1.38262361 -0.0906802099 -0.00242369987 0 0 0
volume_proxy 296 -0.627184733 -0.402937735 0.00921926126 0 0 0
volume_proxy 305 0.194269901 0.0807531149 -0.00971009321 0 0 0
volume_proxy 310 1.34570224 0.0793351732 0.00648121981 0 0 0
volume_proxy 344 -0.109745907 -0.971078057 0.00810965501 0 0 0
volume_proxy 347 -1.17195416 0.755702143 -0.00360469672 0 0 0
volume_proxy 356 -0.715371049 -0.182072086 -0.00642125053 0 0 0
volume_proxy 375 1.39163831 -0.225787775 0.00725450484 0 0 0
volume_proxy 388 1.21726955 -0.431451815 -0.0056501576 0 0 0
volume_proxy 1052 -1.26269562 -0.263653272 0.00733740207 0 0 0
volume_proxy 1066 -0.50295362 0.232687738 0.00406926323 0 0 0
volume_proxy 1120 -1.29725056 0.684560171 0.00372651159 0 0 0
volume_proxy 1166 -0.832809102 -0.716969977 -0.00381749368 0 0 0
volume_proxy 1193 -1.08553784 -0.139417517 -0.00231417088 0 0 0
volume_proxy 1225 -1.26104209 -0.479995201 0.00346989371 0 0 0
volume_proxy 1245 -1.12603699 0.820828455 0.00124139265 0 0 0
volume_proxy 1280 -1.37520115 0.655026817 0.00721211051 0 0 0
volume_proxy 1285 -0.797922582 0.351534753 0.00380635037 0 0 0
volume_proxy 1295 0.253276842 0.6504122 0.000240269504 0 0 0
volume_proxy 1296 -0.279430839 -0.270868797 0.00220886989 0 0 0
volume_proxy 1340 1.21515057 -0.114760203 0.00759767073 0 0 0
volume_proxy 1380 -1.41949123 -0.121189846 0.000820486515 0 0 0
volume_proxy 1386 1.05489348 0.438313862 -0.00471227037 0 0 0
volume_proxy 1397 0.530044825 0.873644507 0.00398989448 0 0 0
volume_proxy 1409 0.481773761 0.263877849 -0.0107369438 0 0 0
volume_proxy 1413 0.379484158 0.708226985 0.0104845655 0 0 0
volume_proxy 1422 1.43761352 -0.874275278 0.00295887229 0 0 0
volume_proxy 1433 1.2482546 0.724957524 -0.00525593034 0 0 0
volume_proxy 1459 -1.22672482 -0.727608654 0.00964347249 0 0 0
volume_proxy 1460 -1.39219633 0.603493194 0.00640438738 0 0 0
volume_proxy 1461 -1.36799334 0.413335745 0.00792195836 0 0 0
volume_proxy 1472 -1.1219358 -0.384815864 -0.00330752171 0 0 0
volume_proxy 1474 1.48922219 0.200854648 0.00338079462 0 0 0
volume_proxy 1481 -0.653036287 0.526463706 0.00619005964 0 0 0
volume_proxy 1482 0.378092413 0.386122184 0.0103187657 0 0 0
volume_proxy 1485 0.513191847 -0.161504177 0.00525803028 0 0 0
volume_proxy 1489 0.0150447072 -0.750522454 0.0053514682 0 0 0
volume_proxy 1490 0.27984459 0.634338777 0.00563620375 0 0 0
volume_proxy 1496 -1.39854898 0.412270971 -0.00250700133 0 0 0
volume_proxy 1498 -0.396045447 -0.476081739 -0.000183783704 0 0 0
volume_proxy 1503 -1.41579047 -0.921664003 0.00847010144 0 0 0
volume_proxy 1506 0.141076504 0.964468709 0.000410230355 0 0 0
volume_proxy 1507 -0.0484071244 -0.02590539 -0.00231684974 0 0 0
volume_proxy 1508 -0.896366962 0.200190516 0.00582937854 0 0 0
volume_proxy 1509 -1.2963309 -0.117892537 -0.00589912192 0 0 0
volume_proxy 1513 -1.2652615 -0.158623757 -0.00479518935 0 0 0
volume_proxy 1515 0.0184333291 -0.943749087 0.00453829115 0 0 0
volume_proxy 1516 -0.372209451 -0.650126784 -0.00364022629 0 0 0
volume_proxy 1517 -1.25399631 -0.449701645 -0.00769212985 0 0 0
volume_proxy 1519 0.271724231 0.63013812 0.00365076783 0 0 0
volume_proxy 1520 -0.180779574 -0.677990281 -0.00430132538 0 0 0
volume_proxy 1521 -1.47905999 -0.407826334 -0.00210932831 0 0 0
volume_proxy 1523 0.08550037 -0.11219986 -0.00935824591 0 0 0
volume_proxy 1525 -0.39401003 0.823023178 -0.00990834491 0 0 0
volume_proxy 1526 1.43903986 -0.0837775758 0.0048081178 0 0 0
volume_proxy 1528 0.968426998 -0.757075806 -0.007174638 0 0 0
volume_proxy 1529 -1.09837334 0.0282191844 0.00849058318 0 0 0
volume_proxy 1531 0.438726402 0.746581499 0.00635595528 0 0 0
volume_proxy 1533 1.06743318 0.246896939 -0.005134525 0 0 0
volume_proxy 1534 -0.235992751 -0.121209672 0.00500901368 0 0 0
volume_proxy 1537 -1.05297955 -0.976901833 -0.00189230003 0 0 0
volume_proxy 1538 1.03774276 -0.28675479 -0.00551040576 0 0 0
volume_proxy 1539 0.164385342 0.911438772 0.00539631652 0 0 0
volume_proxy 1540 1.43268587 0.212927166 -0.00384989796 0 0 0
volume_proxy 1542 -0.465506069 -0.920757364 0.00425963974 0 0 0
volume_proxy 1543 -0.335506968 -0.786472248 -0.00549790696 0 0 0
