volume_proxy 0 1.28849308 -0.0643324672 -0.00867071779 0 0 0
volume_proxy 5 0.266346992 0.682012258 -0.00540925901 0 0 0
volume_proxy 6 1.28942064 -0.173507447 -0.00833988128 0 0 0
volume_proxy 11 0.244192853 0.624784323 -0.00385646418 0 0 0
volume_proxy 12 1.31055241 -0.195682392 -0.00177745975 0 0 0
volume_proxy 14 0.439630341 0.529016184 -0.0103291811 0 0 0
volume_proxy 23 -0.898478197 -0.0705270878 0.0104755155 0 0 0
volume_proxy 38 0.143589455 -0.259820893 -0.00256712671 0 0 0
volume_proxy 40 0.0493630194 -0.559415283 -0.00773007137 0 0 0
volume_proxy 50 -0.191393325 -0.574859645 0.0012946761 0 0 0
volume_proxy 53 -0.311484053 -0.691054809 -0.00565221229 0 0 0
volume_proxy 58 1.15543551 -0.296613139 0.00118813402 0 0 0
volume_proxy 60 -0.233075956 0.466545972 0.00520455972 0 0 0
volume_proxy 61 -0.153003241 -0.605836447 -0.00737686773 0 0 0
volume_proxy 72 0.579834152 -0.13502546 -0.00685367997 0 0 0
volume_proxy 81 -1.26059713 -0.0690846102 0.00775150374 0 0 0
volume_proxy 85 -0.366700354 0.279632322 -0.0101329393 0 0 0
volume_proxy 88 -0.927520154 -0.101818882 -0.00293518964 0 0 0
volume_proxy 97 1.18779667 -0.332634264 -0.0012614982 0 0 0
volume_proxy 101 -1.31350038 0.68044639 -0.0071103414 0 0 0
volume_proxy 105 0.166913852 -0.788566067 0.00512183739 0 0 0
volume_proxy 106 -0.223962574 -0.9265264 0.00302496939 0 0 0
volume_proxy 107 0.417350301 0.177901286 -0.00962137564 0 0 0
volume_proxy 108 1.24381356 0.502034245 -0.00136088111 0 0 0
volume_proxy 126 -0.0825228847 -0.985636736 0.0106162401 0 0 0
volume_proxy 127 -0.52532601 0.0561251352 -0.00855704758 0 0 0
volume_proxy 130 1.02545651 0.614583922 -0.00852529208 0 0 0
volume_proxy 132 0.789394739 0.85025976 -0.00416979528 0 0 0
volume_proxy 140 -0.954248699 0.769066088 0.0060631208 0 0 0
volume_proxy 145 -0.87236104 -0.954987857 -0.00258455522 0 0 0
volume_proxy 157 0.52531103 0.131680796 0.00183253812 0 0 0
volume_proxy 159 -0.607331082 -0.4834812 0.00166823265 0 0 0
volume_proxy 161 -0.489093931 0.195287519 0.00154496132 0 0 0
volume_proxy 176 0.281434368 -0.564806931 -0.0028095431 0 0 0
volume_proxy 178 -1.47957934 0.471633244 -0.00867372569 0 0 0
volume_proxy 186 -0.0812420218 0.598014632 -0.00103888362 0 0 0
volume_proxy 189 -1.28284341 0.43083272 -0.00279436918 0 0 0
volume_proxy 195 -0.569827907 0.214202035 0.00700163375 0 0 0
volume_proxy 196 0.695071937 0.268218685 -0.00537202903 0 0 0
volume_proxy 200 -0.342518829 -0.519833839 0.00804167097 0 0 0
volume_proxy 202 -0.844266867 0.925537697 -0.00322262327 0 0 0
volume_proxy 209 -0.735338133 -0.402746219 0.0029960976 0 0 0
volume_proxy 210 -0.041254874 0.503096033 -0.00209300605 0 0 0
volume_proxy 224 0.583003281 -0.683370797 -0.0070161199 0 0 0
volume_proxy 226 -0.857665097 -0.82262301 0.000731433297 0 0 0
volume_proxy 236 0.323672792 0.104358327 -0.00178787404 0 0 0
volume_proxy 237 0.269422258 0.464727235 -0.00294174965 0 0 0
volume_proxy 244 1.16667278 0.477707764 0.00615652387 0 0 0
volume_proxy 247 1.15246866 -0.293650971 -0.00529352702 0 0 0
volume_proxy 256 -0.0029960085 -0.578145404 -0.00611950538 0 0 0
volume_proxy 258 0.761894674 0.0508135842 -0.00310749433 0 0 0
volume_proxy 259 0.582713244 0.066045537 0.00625309068 0 0 0
volume_proxy 269 0.111997088 -0.378242787 -0.00707983946 0 0 0
volume_proxy 276 0.538038215 -0.483971065 -0.00840702129 0 0 0
volume_proxy 277 -0.542913705 -0.487675918 0.00610720221 0 0 0
volume_proxy 279 0.623938791 0.136280097 -0.00401346891 0 0 0
volume_proxy 294 0.632846618 0.507718266 -0.00365885898 0 0 0
volume_proxy 296 0.372962954 -0.289565915 -0.00346364765 0 0 0
volume_proxy 298 0.608454301 -0.343682466 -0.0106344657 0 0 0
volume_proxy 305 -0.119205528 -0.297256439 -0.0104533739 0 0 0
volume_proxy 310 1.1994224 0.725491038 -0.00369745951 0 0 0
volume_proxy 311 1.25067126 0.0692189776 0.00811737198 0 0 0
volume_proxy 329 -0.826781999 0.323970094 -0.0034606697 0 0 0
volume_proxy 337 -1.08537221 0.389451739 -0.00240950945 0 0 0
volume_proxy 344 0.39969086 0.704500643 0.0106831394 0 0 0
volume_proxy 345 -1.11262594 0.566328798 -0.000999248863 0 0 0
volume_proxy 347 -0.64362382 -0.994074421 -0.00635735811 0 0 0
volume_proxy 349 0.372232248 -0.142787272 -0.00353365101 0 0 0
volume_proxy 356 0.35211758 0.565093659 0.00780208161 0 0 0
volume_proxy 358 1.30773207 0.955611492 -3.06925976e-05 0 0 0
volume_proxy 375 1.20907162 -0.291651466 0.00520132159 0 0 0
volume_proxy 388 -1.22093878 0.0189721929 0.00600542432 0 0 0
volume_proxy 399 0.391665719 -0.548461909 0.00456192317 0 0 0
volume_proxy 409 0.287599275 -0.86119828 0.00777337643 0 0 0
volume_proxy 412 1.16164401 -0.878862887 -0.00494089576 0 0 0
volume_proxy 431 -1.27953187 -0.948416645 0.00337766441 0 0 0
volume_proxy 512 0.385291188 -0.820350641 -0.00761356497 0 0 0
volume_proxy 518 1.47214385 0.207394015 0.00358672678 0 0 0
volume_proxy 591 -0.263017334 0.484687052 0.00510852346 0 0 0
volume_proxy 682 0.280485954 -0.432582352 -0.0071211391 0 0 0
volume_proxy 725 -1.39069437 -0.578187279 -0.00472614445 0 0 0
volume_proxy 751 -0.200770137 -0.784098121 -0.0100099075 0 0 0
volume_proxy 802 1.24281851 -0.245393934 -0.0072536119 0 0 0
volume_proxy 814 0.575486586 -0.139465147 -0.0107771672 0 0 0
volume_proxy 876 -0.251982025 -0.388799036 -0.00126097338 0 0 0
volume_proxy 904 -0.91821643 0.770718582 0.00115460039 0 0 0
volume_proxy 914 0.408826605 -0.544019571 -0.000918423799 0 0 0
volume_proxy 915 -0.730069427 -0.272333111 -0.00758302226 0 0 0
volume_proxy 929 -0.994061605 -0.868326503 0.0053914802 0 0 0
volume_proxy 944 0.349939771 -0.453516756 -0.00789401643 0 0 0
volume_proxy 991 -1.1845129 -0.866313368 0.00598177866 0 0 0
volume_proxy 1001 -0.29948875 0.881797086 0.00550466065 0 0 0
volume_proxy 1020 -0.979629562 0.214977669 -0.00268510434 0 0 0
volume_proxy 1021 -0.938237269 -0.681686768 0.00555670217 0 0 0
volume_proxy 1042 1.01951153 0.790910625 0.000565836469 0 0 0
volume_proxy 1050 -1.14802189 -0.337431811 0.00275655994 0 0 0
volume_proxy 1052 -0.495124811 0.0959663476 0.00176383981 0 0 0
volume_proxy 1062 0.496961457 0.503567161 0.00624229953 0 0 0
volume_proxy 1066 0.513286566 0.681857998 -0.0105712918 0 0 0
volume_proxy 1093 -0.142993384 -0.939586662 -0.00215936283 0 0 0
volume_proxy 1098 0.279691836 0.823783551 0.000100587691 0 0 0
volume_proxy 1102 1.13065783 0.858405387 0.00709391002 0 0 0
volume_proxy 1113 0.833204012 0.634786602 -0.00187097178 0 0 0
volume_proxy 1117 0.784357468 0.38677638 -0.00927187628 0 0 0
volume_proxy 1118 -0.430493797 -0.317743222 0.00822475096 0 0 0
volume_proxy 1120 0.0058828615 0.726583088 -0.00372495139 0 0 0
volume_proxy 1133 0.720946084 -0.844108042 -0.00128901343 0 0 0
volume_proxy 1137 -0.5011896 0.297318331 0.00584621575 0 0 0
volume_proxy 1138 1.44982094 -0.797552129 0.00689322482 0 0 0
volume_proxy 1151 0.716087687 -0.80160255 -0.000298997382 0 0 0
volume_proxy 1166 -1.09261949 0.501113561 0.00855487916 0 0 0
volume_proxy 1169 1.43932617 -0.950082965 0.00676152782 0 0 0
volume_proxy 1172 -0.287955936 0.52428969 -0.00960167224 0 0 0
volume_proxy 1179 0.5639892 0.296099746 -0.00793506813 0 0 0
volume_proxy 1180 -0.52327815 0.400422833 -0.005378564 0 0 0
volume_proxy 1186 -0.665996149 -0.321486895 0.0100515313 0 0 0
volume_proxy 1193 -1.0946331 -0.053882852 -0.0077557152 0 0 0
volume_proxy 1195 -1.29067734 -0.426263818 0.00552742447 0 0 0
volume_proxy 1197 -0.772408187 -0.374461712 -0.00994400319 0 0 0
volume_proxy 1198 -0.202800147 0.625769485 0.00322150743 0 0 0
volume_proxy 1206 0.601803517 0.345668479 -0.00941505446 0 0 0
volume_proxy 1208 -0.455643294 -0.122046359 -0.00364357531 0 0 0
volume_proxy 1209 -1.44672265 0.0270832689 0.00804990091 0 0 0
volume_proxy 1210 -1.34376562 0.923633178 0.00621381016 0 0 0
volume_proxy 1214 -0.543849142 0.561034667 -0.00889748685 0 0 0
volume_proxy 1217 -0.53432982 0.395856568 -0.00362938822 0 0 0
volume_proxy 1219 -0.778275434 0.777020531 0.000112213053 0 0 0
volume_proxy 1223 1.32141171 0.26187524 -0.00661211991 0 0 0
volume_proxy 1225 0.0606852854 -0.237918875 7.73440294e-05 0 0 0
volume_proxy 1230 1.1289084 -0.613274887 -0.00757166186 0 0 0
volume_proxy 1231 -0.863110712 0.159025247 -0.00895476803 0 0 0
volume_proxy 1237 0.172231356 0.868624645 -0.00733138011 0 0 0
volume_proxy 1238 0.78788541 0.776751739 0.00479753094 0 0 0
volume_proxy 1245 -1.35088205 0.997699719 -0.00662479748 0 0 0
volume_proxy 1255 1.46731339 -0.203158734 -0.00782403567 0 0 0
volume_proxy 1259 -1.01865905 0.934454769 -0.00192268293 0 0 0
volume_proxy 1260 0.326293303 0.474957257 0.00589843603 0 0 0
volume_proxy 1261 -0.614975471 0.518152035 0.0096416455 0 0 0
volume_proxy 1262 1.17942129 0.323061689 0.0040200719 0 0 0
volume_proxy 1263 0.539748691 -0.34798277 0.00302305342 0 0 0
volume_proxy 1264 0.197589641 -0.232282635 0.00914901233 0 0 0
volume_proxy 1270 0.601035043 -0.110254922 -0.00119122415 0 0 0
volume_proxy 1273 -0.742606408 0.853505303 -0.00191266744 0 0 0
volume_proxy 1280 -1.15220498 0.202922651 0.0057274592 0 0 0
volume_proxy 1281 -0.621164727 -0.845655624 -0.00688728515 0 0 0
volume_proxy 1285 -1.22468807 0.966059477 -0.003157396 0 0 0
volume_proxy 1291 -0.169426659 0.933402588 -1.87487063e-05 0 0 0
volume_proxy 1292 0.0489790632 0.203948766 0.00225813297 0 0 0
volume_proxy 1293 -0.323816439 -0.71701299 0.00888305967 0 0 0
volume_proxy 1294 1.39360914 0.780874452 -0.00570447365 0 0 0
volume_proxy 1295 -1.3277362 0.279313482 0.00719665739 0 0 0
volume_proxy 1296 -0.211526059 -0.0720216307 -0.00837448933 0 0 0
volume_proxy 1297 -0.342695924 -0.706606032 -0.00529321211 0 0 0
volume_proxy 1298 -1.13159347 -0.937400948 -0.00932101418 0 0 0
volume_proxy 1300 -1.30609797 0.444707464 -0.00610492733 0 0 0
volume_proxy 1301 -1.04766028 0.859978074 -0.00867905186 0 0 0
volume_proxy 1303 -0.880908114 0.756790137 0.00168426947 0 0 0
volume_proxy 1308 -0.641693701 -0.183070135 -0.00199469682 0 0 0
volume_proxy 1309 -0.135649416 -0.296477106 0.00587082551 0 0 0
volume_proxy 1314 0.220608631 0.361232181 -0.00509056421 0 0 0
volume_proxy 1315 -0.769120044 -0.641832887 -0.00803197549 0 0 0
volume_proxy 1318 0.783031274 -0.624035305 0.00754570508 0 0 0
volume_proxy 1320 -0.511815387 -0.926968397 -0.00609071941 0 0 0
volume_proxy 1321 -1.46306028 0.214592177 -0.00968521954 0 0 0
volume_proxy 1325 0.167527996 -0.270026671 0.0082723799 0 0 0
volume_proxy 1326 -0.0619492393 -0.135998291 0.00772350451 0 0 0
volume_proxy 1328 -1.17124046 0.627310461 0.00670270417 0 0 0
volume_proxy 1329 0.980383526 0.556929492 -0.00862425986 0 0 0
volume_proxy 1330 0.173894379 0.307997287 0.00205390394 0 0 0
volume_proxy 1331 0.436660229 0.462851884 -0.00452770636 0 0 0
volume_proxy 1333 0.990486399 0.560017186 -0.00680353227 0 0 0
volume_proxy 1334 -1.3659439 -0.299102471 -0.00200640373 0 0 0
volume_proxy 1335 0.483757265 0.0746708371 -0.00855126379 0 0 0
volume_proxy 1336 0.674652501 0.0565666034 -0.00163513701 0 0 0
volume_proxy 1337 -0.427803902 0.721762854 0.00155585956 0 0 0
volume_proxy 1340 0.383621785 0.699690336 0.00203375814 0 0 0
volume_proxy 1341 -0.949579691 -0.621735373 -0.00492785543 0 0 0
volume_proxy 1345 0.677052598 -0.801643757 -0.00573346854 0 0 0
volume_proxy 1347 -0.246789545 0.497577185 -0.00278003864 0 0 0
volume_proxy 1348 0.659099161 -0.452524333 -0.00172217368 0 0 0
volume_proxy 1349 -1.42919038 -0.277178358 -0.00343247572 0 0 0
volume_proxy 1350 0.445300519 -0.352526332 -0.00190596758 0 0 0
volume_proxy 1353 1.04750046 0.151887559 -0.00237547792 0 0 0
volume_proxy 1354 -0.292262036 0.0215052838 -0.00943962939 0 0 0
volume_proxy 1355 -0.411071711 -0.0756753156 -0.00274803131 0 0 0
volume_proxy 1356 0.231136461 0.419707093 -0.00893076791 0 0 0
volume_proxy 1357 -1.44391143 0.121350642 -0.000817134759 0 0 0
volume_proxy 1358 -1.08182801 -0.500070586 -0.00626977087 0 0 0
volume_proxy 1359 -0.466492903 -0.0695649978 0.00346093485 0 0 0
volume_proxy 1360 -1.34318805 -0.825795289 -0.00832907874 0 0 0
volume_proxy 1361 0.984996431 0.969943906 0.00121941941 0 0 0
volume_proxy 1364 -1.05096478 -0.543780934 0.0080831408 0 0 0
volume_proxy 1366 1.01096674 0.9035759 0.00273342954 0 0 0
volume_proxy 1367 -0.483022193 -0.910473832 0.00920300305 0 0 0
volume_proxy 1368 1.12867166 -0.920966331 0.00734237167 0 0 0
volume_proxy 1369 1.27443789 0.828340184 0.00218701218 0 0 0
volume_proxy 1370 1.38990379 0.34219647 -0.000377182754 0 0 0
volume_proxy 1371 1.43042798 0.371868794 0.00739930682 0 0 0
volume_proxy 1374 -0.0288323777 0.881249647 -0.00915883953 0 0 0
volume_proxy 1375 -0.016900998 0.94814953 -0.000537940881 0 0 0
volume_proxy 1376 0.746298278 -0.481560859 0.00745683572 0 0 0
volume_proxy 1377 1.1326287 0.742267502 0.00712487633 0 0 0
volume_proxy 1378 0.510655812 -0.517103376 -0.00666621313 0 0 0
volume_proxy 1379 0.593523214 0.452553624 0.00534142571 0 0 0
volume_proxy 1380 0.114940322 0.219878929 -0.00776751757 0 0 0
volume_proxy 1381 0.922522727 0.351866042 -0.000862398376 0 0 0
