volume_proxy 0 0.985846051 0.27615823 0.00270092463 0 0 0
volume_proxy 5 0.925769906 -0.995464466 0.00366461328 0 0 0
volume_proxy 6 -0.495868832 -0.0217173617 0.00467165481 0 0 0
volume_proxy 11 0.601459152 0.401860703 -0.00192365554 0 0 0
volume_proxy 12 0.460844829 -0.848719822 0.00625423109 0 0 0
volume_proxy 14 -1.15563376 0.487682285 0.00827452803 0 0 0
volume_proxy 23 1.07186259 -0.783114862 -0.00930110124 0 0 0
volume_proxy 38 0.771489991 -0.0570146721 0.00261354345 0 0 0
volume_proxy 40 -0.176670278 -0.166950045 0.00986361557 0 0 0
volume_proxy 50 -0.973911746 -0.587764397 -0.00656055928 0 0 0
volume_proxy 53 -0.414506807 0.851097197 -0.0099595361 0 0 0
volume_proxy 58 0.663385402 -0.959119055 0.00948260432 0 0 0
volume_proxy 60 0.270899243 0.418786469 -0.00359506971 0 0 0
volume_proxy 72 -0.162122626 -0.268459119 -0.00504145674 0 0 0
volume_proxy 85 -0.698108 -0.0294258074 2.13742306e-05 0 0 0
volume_proxy 97 0.860498698 0.598443068 0.0100342524 0 0 0
volume_proxy 107 1.46047474 0.957883645 0.00354155096 0 0 0
volume_proxy 127 -1.35503624 0.0144291434 0.00390486965 0 0 0
volume_proxy 130 0.904728544 0.225415275 -0.00739238065 0 0 0
volume_proxy 140 0.0970219199 0.848206991 -0.00416704244 0 0 0
volume_proxy 157 0.979427568 -0.168735763 0.00312143925 0 0 0
volume_proxy 159 0.343222891 0.901743574 -0.00391169653 0 0 0
volume_proxy 161 0.796819225 0.314939547 -0.00766624704 0 0 0
volume_proxy 176 0.570975686 0.268627856 -0.0096456673 0 0 0
volume_proxy 186 -0.824248277 0.198103596 0.00722716813 0 0 0
volume_proxy 189 -0.96220653 0.922809516 -0.00601879768 0 0 0
volume_proxy 195 -0.0593160959 -0.573512644 0.000527381813 0 0 0
volume_proxy 196 0.781276891 -0.602626318 0.00653237813 0 0 0
volume_proxy 200 -0.52609403 -0.485473593 -0.00990931167 0 0 0
volume_proxy 202 -0.642527815 0.558887182 0.00265797359 0 0 0
volume_proxy 209 -1.42463118 0.141596731 0.00468460393 0 0 0
volume_proxy 210 -1.00038019 0.636777681 0.00156468993 0 0 0
volume_proxy 226 0.105643893 -0.727424263 0.00882067593 0 0 0
volume_proxy 236 0.926086622 0.765145583 -0.0097958549 0 0 0
volume_proxy 247 1.31561531 0.899039002 -0.000203873551 0 0 0
volume_proxy 256 -0.418423087 0.735863025 -0.00978749331 0 0 0
volume_proxy 259 0.393974022 0.591083358 -0.000762289436 0 0 0
volume_proxy 269 -0.158365716 -0.59974712 -0.00708306828 0 0 0
volume_proxy 277 -1.42150181 0.0914539864 0.00295463988 0 0 0
volume_proxy 296 -0.679420443 -0.54344343 -0.00544446276 0 0 0
volume_proxy 305 0.245650985 -0.312603319 0.00490664861 0 0 0
volume_proxy 310 0.710268006 -0.916058026 0.00420462289 0 0 0
volume_proxy 344 -1.06609624 0.683084794 0.00490318997 0 0 0
volume_proxy 347 -0.477207095 0.0725102748 0.00988604193 0 0 0
volume_proxy 356 0.434005179 0.963404031 -0.00856715097 0 0 0
volume_proxy 375 0.728438192 -0.959465311 -0.0100768917 0 0 0
volume_proxy 388 -0.108225347 0.458726183 0.000546075831 0 0 0
volume_proxy 802 1.39914313 0.195133226 -0.00404743081 0 0 0
volume_proxy 876 0.0208573133 -0.559915869 -7.27636301e-05 0 0 0
volume_proxy 1052 -0.735560183 -0.918955873 0.00483073835 0 0 0
volume_proxy 1066 0.354854649 0.466223897 0.00333251408 0 0 0
volume_proxy 1120 -0.758875339 0.543935633 -0.000321851256 0 0 0
volume_proxy 1166 -0.566829606 0.752053735 -0.00452636414 0 0 0
volume_proxy 1169 0.808390676 -0.998809816 0.00796610216 0 0 0
volume_proxy 1186 -0.963553077 -0.00257693356 -0.00372848451 0 0 0
volume_proxy 1193 -1.26503798 -0.564688362 -0.00725262116 0 0 0
volume_proxy 1225 -0.243621386 -0.359021712 0.00753749615 0 0 0
volume_proxy 1245 -1.44386331 0.724554823 -0.000563433846 0 0 0
volume_proxy 1280 -1.18514372 0.311715951 -0.00817273574 0 0 0
volume_proxy 1285 -1.0561741 0.445509667 -0.00675365332 0 0 0
volume_proxy 1295 -0.821707674 0.60687008 -0.00595025585 0 0 0
volume_proxy 1296 0.206621403 0.0561700641 -0.00255655237 0 0 0
volume_proxy 1335 0.820841568 -0.589672299 0.000640488671 0 0 0
volume_proxy 1340 1.23862037 0.121918492 0.0083043759 0 0 0
volume_proxy 1380 -0.254195347 0.211210367 0.0102570681 0 0 0
volume_proxy 1386 0.380711793 0.768993276 0.00722329918 0 0 0
volume_proxy 1397 1.10064962 0.259110379 0.00581445193 0 0 0
volume_proxy 1409 0.608175889 0.824974777 -0.00215164709 0 0 0
volume_proxy 1413 1.39118425 0.582053126 0.00419690042 0 0 0
volume_proxy 1420 -1.33853799 -0.12153063 -0.00938677314 0 0 0
volume_proxy 1422 1.46571812 -0.967316432 -0.00568354836 0 0 0
volume_proxy 1426 1.02584008 0.0323145182 -0.00687474092 0 0 0
volume_proxy 1429 1.16791576 -0.33938058 0.00870179807 0 0 0
volume_proxy 1433 1.24907893 0.623337192 -0.00511409262 0 0 0
volume_proxy 1434 -0.343932925 -0.805772523 0.0100967772 0 0 0
volume_proxy 1437 -0.359761956 -0.134571344 0.00707565197 0 0 0
volume_proxy 1439 -0.518181935 0.963574157 -0.00677604068 0 0 0
volume_proxy 1440 1.11251177 -0.482270874 0.00679031303 0 0 0
volume_proxy 1445 -0.290743452 -0.940610081 0.00143012165 0 0 0
volume_proxy 1447 0.907067768 -0.50224983 -0.0107212346 0 0 0
volume_proxy 1459 -0.982627497 0.0265146702 -0.010712847 0 0 0
volume_proxy 1460 1.22705982 0.781922335 -0.00765637037 0 0 0
volume_proxy 1461 -1.23665317 0.495951227 -0.00804063027 0 0 0
volume_proxy 1462 -1.06895159 -0.0791417801 0.00418175111 0 0 0
volume_proxy 1466 -1.0093595 0.254011156 0.00509337182 0 0 0
volume_proxy 1470 -1.47343576 -0.732742644 0.00831586003 0 0 0
volume_proxy 1471 -0.136270696 0.72564648 -0.00845574758 0 0 0
volume_proxy 1472 -1.38265292 0.494503875 0.0100319845 0 0 0
volume_proxy 1474 0.669214644 -0.609879028 -0.00054911161 0 0 0
volume_proxy 1481 1.15366675 0.659311746 -0.00351578219 0 0 0
volume_proxy 1482 0.497778604 -0.557863716 0.000443062096 0 0 0
volume_proxy 1485 0.24999577 -0.586667702 -0.00728417947 0 0 0
volume_proxy 1486 1.05947425 -0.330706793 0.00711460074 0 0 0
volume_proxy 1489 -0.496803375 0.393368367 0.00907283027 0 0 0
volume_proxy 1490 1.2795286 0.760812041 -0.00677055407 0 0 0
volume_proxy 1492 0.500688967 0.602518941 0.00928365557 0 0 0
volume_proxy 1493 0.314819724 0.189603168 -0.0105928336 0 0 0
volume_proxy 1494 1.04522429 0.501958261 -0.00371099957 0 0 0
volume_proxy 1496 -1.018527 0.0647230525 0.00585026268 0 0 0
volume_proxy 1497 0.0915447996 -0.287060643 0.00629086068 0 0 0
volume_proxy 1498 -1.18679394 0.356873673 -0.00608469129 0 0 0
volume_proxy 1501 -0.835265842 -0.775898703 -0.00379717226 0 0 0
volume_proxy 1503 -0.148540792 0.0897975391 0.00392763725 0 0 0
volume_proxy 1505 -0.26036569 0.80250474 0.00796810277 0 0 0
volume_proxy 1506 0.502078448 0.821937235 -0.00868957716 0 0 0
volume_proxy 1507 -1.19641063 -0.486344152 -0.0102054175 0 0 0
volume_proxy 1508 -0.615910799 -0.999022376 1.07956644e-05 0 0 0
volume_proxy 1509 -1.46290706 0.688923055 -0.00968659807 0 0 0
volume_proxy 1510 0.618855482 -0.440515881 0.00846238975 0 0 0
volume_proxy 1511 1.10441052 0.671548868 0.00320536036 0 0 0
volume_proxy 1512 -1.12676457 0.556773408 -0.00830446716 0 0 0
volume_proxy 1513 -0.749895793 0.697087406 0.00791308502 0 0 0
volume_proxy 1514 -1.2946641 0.266419059 -0.00704609159 0 0 0
volume_proxy 1515 0.477626358 0.488378974 0.00539230158 0 0 0
volume_proxy 1516 -0.878630281 -0.692734447 0.00958303386 0 0 0
volume_proxy 1517 -0.902454057 -0.318771498 0.00937525651 0 0 0
