volume_proxy 0 1.39987636 -0.385484258 -0.00273657588 0 0 0
volume_proxy 5 0.900966946 0.157945985 -0.0105362988 0 0 0
volume_proxy 6 0.573266915 0.220866972 0.00659732025 0 0 0
volume_proxy 11 0.966751968 0.227117736 -0.00576063119 0 0 0
volume_proxy 12 1.30783618 -0.242836243 0.00219542406 0 0 0
volume_proxy 14 -0.283193255 -0.419742317 -0.0100660395 0 0 0
volume_proxy 23 0.581570039 -0.652793038 0.0022036657 0 0 0
volume_proxy 38 0.803528948 0.144862345 -0.00950616101 0 0 0
volume_proxy 40 -0.130354364 -0.302927974 -0.00691545779 0 0 0
volume_proxy 50 -0.398496074 -0.695619415 0.000635908003 0 0 0
volume_proxy 53 -0.631091465 0.163973384 0.0013108815 0 0 0
volume_proxy 58 1.24536292 -0.826862837 0.00617672729 0 0 0
volume_proxy 60 1.03287427 0.791771596 -0.00187927435 0 0 0
volume_proxy 61 0.204782167 -0.745676071 -0.00157629857 0 0 0
volume_proxy 72 0.0491326421 0.0887561802 -0.00275272312 0 0 0
volume_proxy 85 -1.20082744 0.115299463 -0.00841752044 0 0 0
volume_proxy 88 -0.918594429 -0.527124256 0.00267401991 0 0 0
volume_proxy 97 0.945470865 0.307609435 0.00707152465 0 0 0
volume_proxy 101 -1.40818841 0.575900911 0.000477343184 0 0 0
volume_proxy 105 0.103120036 -0.161943926 -0.00960181774 0 0 0
volume_proxy 107 1.46504518 0.68262524 0.00866342413 0 0 0
volume_proxy 127 -1.04363965 0.306285523 -0.00870830661 0 0 0
volume_proxy 130 1.40723421 0.562979187 -0.00211550352 0 0 0
volume_proxy 140 -0.200115868 -0.00179546016 -0.00726177805 0 0 0
volume_proxy 157 1.34962102 -0.353627334 -0.00825533451 0 0 0
volume_proxy 159 0.627194266 0.0564129289 0.0104810758 0 0 0
volume_proxy 161 0.825894889 0.323374707 -0.00845924468 0 0 0
volume_proxy 176 0.611380177 -0.613357388 -0.00247121608 0 0 0
volume_proxy 186 -0.562030965 0.163553853 0.00430299445 0 0 0
volume_proxy 189 -1.02928543 0.917274897 -0.00593533839 0 0 0
volume_proxy 195 -0.218537612 0.306632633 0.00833972268 0 0 0
volume_proxy 196 0.423478824 -0.254263067 -0.00505666438 0 0 0
volume_proxy 200 -0.543424611 -0.924609474 0.00372147877 0 0 0
volume_proxy 202 -0.938369973 0.800975144 0.00876682415 0 0 0
volume_proxy 209 -1.08756944 0.350124985 -0.00552887545 0 0 0
volume_proxy 210 -0.902669987 0.565155782 0.00127289307 0 0 0
volume_proxy 226 -0.368204615 -0.686232856 0.00614661756 0 0 0
volume_proxy 236 0.495422018 0.907740134 -0.00884211821 0 0 0
volume_proxy 247 0.476852316 0.469866034 0.0106026578 0 0 0
volume_proxy 256 -0.515000558 0.136118158 -0.00191056297 0 0 0
volume_proxy 259 0.130844626 -0.0602074329 -0.00808636397 0 0 0
volume_proxy 269 0.144685904 -0.00262334701 -0.00587880324 0 0 0
volume_proxy 277 -1.25362713 -0.294642616 -0.0100501754 0 0 0
volume_proxy 296 -0.26289726 -0.416774885 0.00463576347 0 0 0
volume_proxy 305 0.384820786 -0.677717278 0.0061359622 0 0 0
volume_proxy 310 1.13598827 -0.0215102643 0.00355749577 0 0 0
volume_proxy 329 -0.355055599 -0.870584659 -0.0106759187 0 0 0
volume_proxy 337 -0.793681534 0.986723614 0.0077363367 0 0 0
volume_proxy 344 -1.11225703 0.944400506 -0.00635961421 0 0 0
volume_proxy 347 -0.604552405 -0.442498571 0.0042452224 0 0 0
volume_proxy 349 -0.4800716 0.0807708678 -0.00545567818 0 0 0
volume_proxy 356 0.425763978 0.684111611 -0.0074153126 0 0 0
volume_proxy 375 0.907907806 -0.347947065 -0.00819967993 0 0 0
volume_proxy 388 -1.00025579 0.414045011 -0.00672777799 0 0 0
volume_proxy 431 -1.26173082 -0.141340637 -0.0104564495 0 0 0
volume_proxy 802 1.26802505 -0.0376161635 -0.00699452546 0 0 0
volume_proxy 876 0.186273624 -0.963044445 0.000220277674 0 0 0
volume_proxy 1052 0.303433332 -0.737294836 -0.000954041439 0 0 0
volume_proxy 1066 0.743744689 0.296851901 -3.66215782e-05 0 0 0
volume_proxy 1093 -0.0745651559 0.012042523 -0.000581886725 0 0 0
volume_proxy 1120 -0.55101284 0.638611091 0.00856034477 0 0 0
volume_proxy 1166 -0.567529271 0.767756848 -0.00755219239 0 0 0
volume_proxy 1169 1.37847127 -0.8183018 -0.00445662984 0 0 0
volume_proxy 1172 -0.203875549 0.908628818 0.00871617126 0 0 0
volume_proxy 1186 -0.727510966 -0.465681633 0.00448304449 0 0 0
volume_proxy 1193 -0.652884881 0.134390155 0.00886636315 0 0 0
volume_proxy 1219 -0.760879114 0.846507406 -0.00107454621 0 0 0
volume_proxy 1225 0.034840026 -0.283142488 0.00228129247 0 0 0
volume_proxy 1245 -1.49894402 0.70078572 -0.00614090795 0 0 0
volume_proxy 1270 0.0272767934 -0.00446219183 0.00762765454 0 0 0
volume_proxy 1280 -1.2853349 0.89335923 0.00480138443 0 0 0
volume_proxy 1285 -1.12737326 0.751174866 -0.00554128386 0 0 0
volume_proxy 1295 -1.13240446 0.724104387 -0.00568290002 0 0 0
volume_proxy 1296 0.0218318318 -0.224217289 -0.0094968025 0 0 0
volume_proxy 1301 -1.41613357 0.990682203 -0.00693404714 0 0 0
volume_proxy 1326 0.690083005 -0.179912489 -0.000584944318 0 0 0
volume_proxy 1335 0.0620407468 -0.581996128 -0.00125273262 0 0 0
volume_proxy 1340 0.883721853 0.633648562 -0.00209559289 0 0 0
volume_proxy 1380 -0.151408415 0.357263661 0.0064647661 0 0 0
volume_proxy 1386 0.529598738 0.975765524 -0.000600152233 0 0 0
volume_proxy 1390 -1.48955585 0.856705071 -0.00240510595 0 0 0
volume_proxy 1392 -0.00236534843 -0.638658502 0.00552869381 0 0 0
volume_proxy 1397 0.500212171 0.446170336 0.00551374113 0 0 0
volume_proxy 1398 -1.47119554 0.542433291 -0.00620137344 0 0 0
volume_proxy 1403 0.39805509 -0.0985248945 0.0036114106 0 0 0
volume_proxy 1405 -0.113939622 0.814027085 -0.000388192104 0 0 0
volume_proxy 1409 1.21077979 0.463094601 0.00428072479 0 0 0
volume_proxy 1413 0.564054599 0.867875416 -0.0100745673 0 0 0
volume_proxy 1418 -1.27070725 -0.135116779 -0.00582773645 0 0 0
volume_proxy 1420 -1.42568614 -0.142217468 0.0101670162 0 0 0
volume_proxy 1421 -1.33347654 -0.185819506 -0.00932146358 0 0 0
volume_proxy 1422 1.0887971 -0.805743947 0.00560251111 0 0 0
volume_proxy 1423 -0.589102398 0.996887819 -0.00197093452 0 0 0
volume_proxy 1425 -1.26958651 -0.712224488 -0.00103729654 0 0 0
volume_proxy 1426 0.867776172 -0.510242322 0.00845222755 0 0 0
volume_proxy 1428 -0.109559004 0.694358645 0.00738523285 0 0 0
volume_proxy 1429 0.998081091 -0.209989534 -0.00766297702 0 0 0
volume_proxy 1433 0.97795324 0.271116535 0.00246143288 0 0 0
volume_proxy 1434 0.589157878 -0.440524909 -0.00981528849 0 0 0
volume_proxy 1436 -0.867856284 -0.968104318 0.00254543629 0 0 0
volume_proxy 1437 -0.324462497 -0.502401005 0.00466920875 0 0 0
volume_proxy 1439 -0.596766779 0.767017759 0.00578237411 0 0 0
volume_proxy 1440 0.572777184 -0.405988241 0.00747924027 0 0 0
volume_proxy 1444 -1.18916518 -0.471149481 -0.00372357871 0 0 0
volume_proxy 1445 0.464558823 -0.683721431 -0.00159463269 0 0 0
volume_proxy 1447 1.44118327 -0.465567139 -0.00131407625 0 0 0
volume_proxy 1454 -0.998012132 -0.724196835 0.00905490304 0 0 0
volume_proxy 1459 -0.956637349 0.979538569 0.0104958165 0 0 0
volume_proxy 1460 0.891773373 0.213193883 -9.55646442e-05 0 0 0
volume_proxy 1461 -1.12134507 0.486630423 0.00193345415 0 0 0
volume_proxy 1462 -1.04009569 -0.659385679 0.000658459813 0 0 0
volume_proxy 1464 -0.848107142 -0.843637958 0.000240701102 0 0 0
volume_proxy 1466 -1.23495082 -0.843042179 0.007702571 0 0 0
volume_proxy 1470 -1.34274763 -0.624382644 -0.0106454389 0 0 0
volume_proxy 1471 -0.468134874 0.81088974 0.00820227111 0 0 0
volume_proxy 1472 -0.582216939 0.797434958 -0.00374469671 0 0 0
volume_proxy 1474 1.05474134 -0.963887089 0.00638419509 0 0 0
volume_proxy 1475 1.02491634 0.1101667 -0.00996498014 0 0 0
volume_proxy 1481 1.23029762 0.594557549 -0.00592420322 0 0 0
volume_proxy 1482 0.322674335 -0.954100638 0.00442935729 0 0 0
volume_proxy 1483 0.043765072 -0.990352727 0.000860851468 0 0 0
volume_proxy 1485 0.0824271555 -0.364756736 0.00487586392 0 0 0
volume_proxy 1486 1.00113321 -0.676302314 -0.00502957702 0 0 0
volume_proxy 1489 -0.572088167 0.693140001 0.0088908031 0 0 0
volume_proxy 1490 0.928259252 0.96525552 -0.00133149299 0 0 0
volume_proxy 1491 -0.5167944 -0.357753154 -0.00268001313 0 0 0
volume_proxy 1492 0.130570765 0.193269225 0.000643601665 0 0 0
volume_proxy 1493 0.469131484 0.481911128 -0.00779597176 0 0 0
volume_proxy 1494 0.845304845 0.537913956 0.000875276116 0 0 0
volume_proxy 1495 1.09857544 -0.676712359 0.00445583835 0 0 0
volume_proxy 1496 -1.06254641 0.750388512 0.00583297817 0 0 0
volume_proxy 1497 0.271174442 0.648567505 0.00623739233 0 0 0
