volume_proxy 0 1.171233 -0.0162149784 0.0101561799 0 0 0
volume_proxy 4 1.18502035 0.611068315 -0.00859479808 0 0 0
volume_proxy 5 -0.0980380074 0.617344276 0.00264725136 0 0 0
volume_proxy 6 1.1246984 0.797541837 0.00141699712 0 0 0
volume_proxy 11 -0.0120301528 0.919942221 -0.00866047505 0 0 0
volume_proxy 12 0.663665398 -0.525113462 0.00294152283 0 0 0
volume_proxy 14 0.652764302 0.507514954 0.00555641552 0 0 0
volume_proxy 23 -0.60636912 -0.10094853 0.00815746463 0 0 0
volume_proxy 38 0.239866544 -0.157312312 0.00906797173 0 0 0
volume_proxy 40 -0.49430752 -0.705060336 0.00799073999 0 0 0
volume_proxy 47 0.797810056 -0.385271595 -0.00489825954 0 0 0
volume_proxy 50 -0.114363756 -0.561626252 -0.00814725192 0 0 0
volume_proxy 52 -1.31327146 -0.898855311 -0.00857121841 0 0 0
volume_proxy 53 -0.412116735 -0.299909089 0.008801953 0 0 0
volume_proxy 57 -1.03393304 0.386441821 -0.00899043263 0 0 0
volume_proxy 58 0.928529265 -0.576714071 -0.00720758479 0 0 0
volume_proxy 60 -0.427442359 0.775852296 0.00561031461 0 0 0
volume_proxy 61 -1.19229764 -0.694946005 0.00735039665 0 0 0
volume_proxy 69 -0.683539919 -0.0942107629 0.0101329844 0 0 0
volume_proxy 72 0.905215226 0.0442122755 7.070838e-05 0 0 0
volume_proxy 81 -0.92954927 0.135903789 -0.00173638143 0 0 0
volume_proxy 85 -0.737147569 0.395810003 -0.00560027147 0 0 0
volume_proxy 88 -0.851397387 0.155859388 0.00112148479 0 0 0
volume_proxy 97 1.03242791 -0.01943319 -0.00885035855 0 0 0
volume_proxy 101 -1.45573838 0.584330885 -0.00344774075 0 0 0
volume_proxy 105 -0.414520513 -0.692290731 -0.00538791436 0 0 0
volume_proxy 106 -0.555414991 -0.636889822 -0.00559476215 0 0 0
volume_proxy 107 0.326354509 0.5529278 -0.00715975357 0 0 0
volume_proxy 108 1.37493303 -0.598152336 -0.00221105895 0 0 0
volume_proxy 126 -0.00596031139 -0.547418632 -0.00685865295 0 0 0
volume_proxy 127 -0.240678099 0.500944643 0.0058989797 0 0 0
volume_proxy 130 1.22208838 0.500597571 -0.00355727624 0 0 0
volume_proxy 132 0.847719619 0.584444937 0.00937569958 0 0 0
volume_proxy 135 0.167417295 -0.746498551 -0.0104432782 0 0 0
volume_proxy 140 -0.971836527 0.723895782 -0.0102322637 0 0 0
volume_proxy 145 -0.718034582 -0.690493696 -0.00191292633 0 0 0
volume_proxy 149 -1.27956168 0.704366364 0.00351471603 0 0 0
volume_proxy 157 0.603867539 0.167140876 0.0099979032 0 0 0
volume_proxy 159 -0.915708424 -0.991346161 0.00421371479 0 0 0
volume_proxy 161 0.0529528827 0.689568257 0.0084315747 0 0 0
volume_proxy 163 -1.41487121 0.00759703904 -9.89929805e-05 0 0 0
volume_proxy 169 0.75941268 0.391608335 -0.00991186824 0 0 0
volume_proxy 176 0.596728601 -0.228090904 0.00789806453 0 0 0
volume_proxy 178 -0.842060692 0.388261887 -0.00879225302 0 0 0
volume_proxy 186 -0.706006908 0.441492706 -0.00365669119 0 0 0
volume_proxy 189 -0.895475053 0.181965123 0.00485586347 0 0 0
volume_proxy 195 -0.623295334 0.163007198 -0.000262807957 0 0 0
volume_proxy 196 0.483132977 0.296557287 -0.0105068375 0 0 0
volume_proxy 198 1.48988933 -0.811659253 -0.00652046698 0 0 0
volume_proxy 200 -1.1127919 -0.282175097 0.00039373587 0 0 0
volume_proxy 202 -0.718752832 0.466883127 0.007942352 0 0 0
volume_proxy 209 -1.04705354 -0.600142114 -0.00133890726 0 0 0
volume_proxy 210 -0.121860099 0.0121469745 0.00484298472 0 0 0
volume_proxy 213 -0.309167846 0.109257946 0.00604432575 0 0 0
volume_proxy 224 1.09682932 -0.823834513 0.00618448554 0 0 0
volume_proxy 226 -0.731404383 -0.80451325 0.00576504828 0 0 0
volume_proxy 228 -0.0292115284 0.316267342 -0.00932127164 0 0 0
volume_proxy 236 0.0918487939 -0.0781579023 0.000353290149 0 0 0
volume_proxy 237 0.207958444 0.439152383 0.00566440848 0 0 0
volume_proxy 244 0.710758583 0.567024914 0.00667050197 0 0 0
volume_proxy 247 1.31623516 -0.612931334 -0.00427666987 0 0 0
volume_proxy 251 0.477243499 -0.0428137042 -0.00890290914 0 0 0
volume_proxy 256 0.331007969 -0.377321787 -0.00791152473 0 0 0
volume_proxy 257 -0.0568944508 0.636172359 -0.0040585234 0 0 0
volume_proxy 258 0.553849483 -0.275852961 0.0096743906 0 0 0
volume_proxy 259 0.567729718 0.412118397 -0.00962296027 0 0 0
volume_proxy 269 0.838279062 0.118456042 -0.0105302926 0 0 0
volume_proxy 271 -1.41968834 0.996314192 -0.00454282344 0 0 0
volume_proxy 273 1.2561359 0.324089187 0.00301436004 0 0 0
volume_proxy 276 0.232255076 0.146305877 0.00125359983 0 0 0
volume_proxy 277 -0.621709102 -0.72280631 -0.00889803662 0 0 0
volume_proxy 279 -0.147651527 -0.460837593 0.00712350295 0 0 0
volume_proxy 281 -0.907873096 0.903088413 -0.00490184505 0 0 0
volume_proxy 284 -0.656608225 0.778786432 -0.00951808087 0 0 0
volume_proxy 285 -0.191908844 -0.906223942 0.0105176619 0 0 0
volume_proxy 294 0.0361150447 0.535234696 0.0107053405 0 0 0
volume_proxy 296 -0.12455247 -0.767000293 0.00807948591 0 0 0
volume_proxy 298 0.953771898 -0.885508887 0.00797665767 0 0 0
volume_proxy 305 0.232727401 0.0991295693 -0.00195407046 0 0 0
volume_proxy 310 1.01283531 0.488962743 -0.00228948018 0 0 0
volume_proxy 311 0.264226659 -0.786776341 -0.000228055167 0 0 0
volume_proxy 314 -0.433031087 0.13629927 0.00869811067 0 0 0
volume_proxy 319 -0.172281206 -0.759196729 0.0102304707 0 0 0
volume_proxy 321 0.0291923419 -0.715037598 -7.82071077e-05 0 0 0
volume_proxy 329 -0.420287687 0.878404436 -0.00735272543 0 0 0
volume_proxy 335 -1.19252057 -0.352977317 0.00744055052 0 0 0
volume_proxy 337 -1.06837428 0.568685076 0.00106615355 0 0 0
volume_proxy 339 -0.54537012 -0.699421171 0.00836152478 0 0 0
volume_proxy 344 0.60975744 0.468597693 0.00410006857 0 0 0
volume_proxy 345 -0.942143083 0.0168550729 -0.00286839629 0 0 0
volume_proxy 347 -0.0536043448 -0.262445423 -0.00810942141 0 0 0
volume_proxy 349 0.5900092 -0.238079708 -0.00349002092 0 0 0
volume_proxy 356 0.609309061 0.773000824 -0.00692121318 0 0 0
volume_proxy 358 1.3473595 0.500405052 0.000156275749 0 0 0
volume_proxy 370 1.23177654 0.807166205 0.000356562198 0 0 0
volume_proxy 375 0.581780326 0.0287473895 0.0037188713 0 0 0
volume_proxy 377 0.680018358 0.219528873 0.00606294667 0 0 0
volume_proxy 388 -1.46337458 -0.151428477 -0.00973696732 0 0 0
volume_proxy 393 1.12079001 -0.0887914336 0.00866102854 0 0 0
volume_proxy 396 -0.784942587 0.959878128 0.0101193434 0 0 0
volume_proxy 397 0.437010573 0.0442563036 -0.00113482013 0 0 0
volume_proxy 399 0.710672041 -0.723965819 -0.00434276859 0 0 0
volume_proxy 409 -0.398354288 -0.475550987 -0.00170632504 0 0 0
volume_proxy 412 1.11831 -0.650352093 -0.00558106205 0 0 0
volume_proxy 418 -0.828684963 -0.0867001863 -0.00020529965 0 0 0
volume_proxy 431 -0.872678524 -0.899171097 -0.00394388773 0 0 0
volume_proxy 463 -0.24811907 -0.922977898 -0.00820975847 0 0 0
volume_proxy 497 -1.32784157 -0.577170265 0.00324446872 0 0 0
volume_proxy 502 0.836127373 -0.949284519 0.00297401037 0 0 0
volume_proxy 512 0.284426797 -0.678941345 -0.00737819956 0 0 0
volume_proxy 513 0.644038798 -0.222497695 -0.00768457239 0 0 0
volume_proxy 518 1.49313924 -0.602829535 0.0070148608 0 0 0
volume_proxy 572 0.328171664 -0.40589564 0.00901053657 0 0 0
volume_proxy 591 -0.466772174 0.57097153 -0.00434749743 0 0 0
volume_proxy 594 -1.18878917 0.586691461 0.00792633237 0 0 0
volume_proxy 615 1.09655356 0.109940325 -0.00531040764 0 0 0
volume_proxy 616 0.738307274 0.566785268 0.00663418092 0 0 0
volume_proxy 637 -1.49331267 -0.881356151 0.0019489592 0 0 0
volume_proxy 647 -0.276209034 0.802019729 0.0106882009 0 0 0
volume_proxy 669 1.29289256 -0.421654762 0.0058230939 0 0 0
volume_proxy 682 0.0253736342 0.181051808 -0.00374461076 0 0 0
volume_proxy 702 -0.0410679391 -0.279311384 -0.00498330923 0 0 0
volume_proxy 725 -1.46900289 -0.671296109 0.000682511123 0 0 0
volume_proxy 751 0.0694579581 -0.546513778 0.000432601912 0 0 0
volume_proxy 757 0.193846821 0.45468536 -0.0059470936 0 0 0
volume_proxy 797 -1.12753075 -0.331858082 -0.0101135896 0 0 0
volume_proxy 802 0.792816659 -0.150536584 0.00435077638 0 0 0
volume_proxy 812 1.19427691 0.405712552 0.00621578461 0 0 0
volume_proxy 814 1.05658631 -0.376847595 0.00568641861 0 0 0
volume_proxy 822 -0.0901415506 -0.909638494 0.00280321024 0 0 0
volume_proxy 835 -0.535996026 -0.989623852 -0.003109094 0 0 0
volume_proxy 848 -1.34329182 -0.222519165 -0.00331977966 0 0 0
volume_proxy 856 1.16801522 0.374790149 -0.00268026224 0 0 0
volume_proxy 869 1.40512808 0.763710435 0.00715992645 0 0 0
volume_proxy 876 -0.0385310064 -0.48998243 0.00432855512 0 0 0
volume_proxy 883 0.127155912 0.77400807 -0.00583039548 0 0 0
volume_proxy 902 0.225524532 0.225688256 0.00528396848 0 0 0
volume_proxy 903 0.295181544 0.6974667 -0.00582890785 0 0 0
volume_proxy 904 -1.12846067 0.404847735 0.0107995598 0 0 0
volume_proxy 914 0.184851335 -0.998600138 0.00333807658 0 0 0
volume_proxy 915 -0.625590876 0.0157572821 -0.00929776647 0 0 0
volume_proxy 926 -0.221080684 0.704781876 -0.00253674597 0 0 0
volume_proxy 929 -0.543604592 -0.505925171 0.0018916238 0 0 0
volume_proxy 944 0.659497495 -0.989493019 0.00578620148 0 0 0
volume_proxy 966 -0.489092904 0.851341831 0.00233021563 0 0 0
volume_proxy 969 -0.680035236 0.0959888102 0.00825305153 0 0 0
volume_proxy 974 -0.0313248259 -0.467398961 0.00244849426 0 0 0
volume_proxy 977 -1.02805064 -0.435689308 -0.00720049773 0 0 0
volume_proxy 979 -0.134900771 0.734966094 -0.000973850462 0 0 0
volume_proxy 983 1.31582819 -0.149439213 -0.00488763706 0 0 0
volume_proxy 991 -0.803293969 -0.58883067 -0.00320221535 0 0 0
volume_proxy 992 0.255711327 0.152911591 -0.00910736077 0 0 0
volume_proxy 997 1.19958407 0.112902218 0.00803657085 0 0 0
volume_proxy 1001 0.308249984 0.935947037 -0.00947316697 0 0 0
volume_proxy 1012 0.973408169 -0.0617119733 0.000352372708 0 0 0
volume_proxy 1019 -0.801864007 -0.885096553 0.00238437491 0 0 0
volume_proxy 1020 -0.887084634 0.610636871 -0.00211665126 0 0 0
volume_proxy 1021 -0.942406771 -0.870037149 -0.0106314226 0 0 0
volume_proxy 1028 -1.30508051 -0.748902867 0.00585189084 0 0 0
volume_proxy 1031 1.1457519 -0.568774915 0.000870329991 0 0 0
volume_proxy 1032 1.43596682 0.351090551 0.00618438009 0 0 0
volume_proxy 1033 0.922126134 0.745671057 -0.00232977598 0 0 0
volume_proxy 1035 0.677502058 -0.773554797 -0.00418169231 0 0 0
volume_proxy 1036 0.469190465 0.140883139 -0.0104745312 0 0 0
volume_proxy 1040 -1.11069363 -0.609653084 0.00816524488 0 0 0
volume_proxy 1042 1.09188448 0.604505197 0.00467276669 0 0 0
volume_proxy 1050 -0.686886501 -0.561824514 -0.00809230815 0 0 0
volume_proxy 1052 -0.756947172 0.167397151 0.00853782131 0 0 0
volume_proxy 1056 -1.02818687 0.820195094 -0.00603471963 0 0 0
volume_proxy 1062 0.508095474 0.410148728 -0.00614262455 0 0 0
volume_proxy 1066 0.820614032 0.103899705 -0.00358660517 0 0 0
volume_proxy 1067 0.520363012 -0.451359903 -0.00931269732 0 0 0
volume_proxy 1069 -1.09952659 -0.100536103 -0.00991085258 0 0 0
volume_proxy 1070 -1.18131089 0.728719529 -0.00472250239 0 0 0
volume_proxy 1075 -0.303273695 0.181964085 -0.00703224542 0 0 0
volume_proxy 1078 -1.2280161 0.836670217 0.00874258601 0 0 0
volume_proxy 1085 0.0928633018 -0.496345906 -0.00536503136 0 0 0
volume_proxy 1086 0.499651161 -0.385882769 -0.00662671306 0 0 0
volume_proxy 1089 -0.828735301 0.916186814 -0.00753610454 0 0 0
volume_proxy 1091 0.472372746 0.223358157 0.00152071209 0 0 0
volume_proxy 1093 -0.16957579 -0.437441605 1.90224912e-05 0 0 0
volume_proxy 1096 0.192120195 0.461034623 -0.00509993977 0 0 0
volume_proxy 1098 0.346321819 0.571926332 -0.00585965176 0 0 0
volume_proxy 1102 1.3015395 0.547939939 0.00478284195 0 0 0
volume_proxy 1106 0.757385555 -0.5328432 -0.00316383038 0 0 0
volume_proxy 1110 1.07504592 -0.642278393 -0.000627906179 0 0 0
volume_proxy 1113 1.09276747 0.429341715 0.00306135192 0 0 0
volume_proxy 1114 -0.868335287 0.0338823879 0.00642796095 0 0 0
volume_proxy 1117 0.913532675 0.0856045677 -0.00485097199 0 0 0
volume_proxy 1118 0.50489883 -0.531052508 -0.00404028234 0 0 0
volume_proxy 1119 -1.35895548 0.68764557 0.00962137721 0 0 0
volume_proxy 1120 -0.00417794681 -0.0241234076 -0.000613936556 0 0 0
volume_proxy 1123 -1.32402306 0.822318014 -0.00577475998 0 0 0
volume_proxy 1127 0.540236845 0.325232393 -0.00927504895 0 0 0
volume_proxy 1130 -0.30712495 -0.105362984 -0.00256354381 0 0 0
volume_proxy 1132 0.483609359 0.266849551 0.000819716775 0 0 0
volume_proxy 1133 1.13025903 -0.705989449 -0.0010933834 0 0 0
volume_proxy 1134 0.615339425 0.939297837 -0.00448351407 0 0 0
volume_proxy 1137 -1.02101065 -0.172467542 0.00676023576 0 0 0
volume_proxy 1138 1.44380075 -0.640413872 0.00282410084 0 0 0
volume_proxy 1143 -0.312585767 0.0275121662 0.00395485312 0 0 0
volume_proxy 1145 -0.724235466 -0.795585653 -0.00298351496 0 0 0
volume_proxy 1147 0.296067046 0.42302295 0.00802255471 0 0 0
volume_proxy 1149 -0.687681561 0.366623599 -0.00153269007 0 0 0
volume_proxy 1150 -0.353132395 -0.508661492 0.00341387024 0 0 0
volume_proxy 1151 0.70670887 -0.918889597 0.0053586399 0 0 0
volume_proxy 1157 -0.203883152 0.0048097525 -0.00937223039 0 0 0
volume_proxy 1161 0.669752031 -0.971871823 -0.00961103303 0 0 0
volume_proxy 1165 -0.265799762 -0.720117532 -0.0090636113 0 0 0
volume_proxy 1166 -1.47003413 0.444396243 0.00479546312 0 0 0
volume_proxy 1167 -1.39725353 0.257451162 -0.003051415 0 0 0
volume_proxy 1168 -0.113079295 -0.423152818 -0.00464210921 0 0 0
volume_proxy 1169 1.48937486 -0.311095213 0.00137075162 0 0 0
volume_proxy 1170 -1.35903909 -0.130901367 0.0027672833 0 0 0
volume_proxy 1171 -0.654062367 0.374393483 -0.00468139134 0 0 0
volume_proxy 1172 -0.524212738 0.367323734 -0.00610378126 0 0 0
volume_proxy 1174 0.220946359 0.331288776 -0.00885830943 0 0 0
volume_proxy 1175 -0.369646132 -0.727968465 -0.00954573973 0 0 0
volume_proxy 1178 -0.51695642 0.801531296 0.00602450951 0 0 0
volume_proxy 1179 0.491522048 0.491018514 0.00221128722 0 0 0
volume_proxy 1180 -1.02100042 0.536669662 0.00813961764 0 0 0
volume_proxy 1182 0.548142695 0.869093681 0.00755445554 0 0 0
volume_proxy 1183 0.577219674 -0.56802339 -0.00830872938 0 0 0
volume_proxy 1186 -0.493447276 -0.405752208 -0.00120012289 0 0 0
volume_proxy 1191 1.37111526 0.820853531 0.00166342513 0 0 0
volume_proxy 1193 -0.930999795 0.326383182 0.0013241381 0 0 0
volume_proxy 1194 -1.00612951 -0.433406441 0.00454333344 0 0 0
volume_proxy 1195 -1.47989055 -0.399303563 0.00609093607 0 0 0
volume_proxy 1196 -0.933780829 -0.519870761 0.00598379792 0 0 0
volume_proxy 1197 -1.10852939 -0.892305446 -0.00525358565 0 0 0
volume_proxy 1198 0.0932552206 0.181119174 0.00348217666 0 0 0
volume_proxy 1199 0.0590514563 0.132839398 0.0106784908 0 0 0
volume_proxy 1201 -1.00684131 0.432443794 -0.0082946224 0 0 0
volume_proxy 1204 0.200088184 -0.362272173 0.0106735412 0 0 0
volume_proxy 1206 1.13324687 0.631276637 -0.00572637736 0 0 0
volume_proxy 1208 -0.142023032 -0.0461406413 -0.00325682576 0 0 0
volume_proxy 1209 -1.32118749 0.349897307 0.00728718805 0 0 0
volume_proxy 1210 -1.34448273 0.639460427 0.00903864428 0 0 0
volume_proxy 1213 -0.551438537 -0.0930805664 0.0052504814 0 0 0
volume_proxy 1214 -0.361255912 -0.0730198293 0.0106931564 0 0 0
volume_proxy 1216 1.09988138 0.0381465124 -0.000322047252 0 0 0
volume_proxy 1217 -0.408836366 0.747720868 0.00105882515 0 0 0
volume_proxy 1219 -0.90576076 0.0452338096 -0.00475375323 0 0 0
volume_proxy 1220 0.351346656 0.296192643 -0.00299579462 0 0 0
volume_proxy 1221 1.41762619 -0.0649611691 -0.00315748806 0 0 0
volume_proxy 1223 1.26449794 0.673629413 0.00125601209 0 0 0
volume_proxy 1224 -0.556900074 0.713805997 -0.00346080386 0 0 0
volume_proxy 1225 -0.372506184 0.00485508187 -0.00891536114 0 0 0
volume_proxy 1226 -0.618194974 0.935667852 0.00944274559 0 0 0
volume_proxy 1227 -0.717561154 0.828739402 -0.00458718306 0 0 0
volume_proxy 1228 0.845119077 0.972833133 -0.00870927481 0 0 0
volume_proxy 1229 1.04330213 0.738865822 -0.00315213695 0 0 0
volume_proxy 1230 1.3268426 -0.778785586 0.00479496461 0 0 0
volume_proxy 1231 -0.613000071 -0.431379858 0.00176134198 0 0 0
volume_proxy 1232 -1.46448592 -0.946594828 -0.00125844334 0 0 0
volume_proxy 1235 -1.47616657 0.599532221 0.00373713586 0 0 0
volume_proxy 1236 -0.0889297885 0.204349234 0.00106240367 0 0 0
volume_proxy 1237 0.771761992 0.827164883 -0.00255444199 0 0 0
volume_proxy 1238 0.638701505 0.766781803 0.00949802183 0 0 0
volume_proxy 1239 1.36679376 0.679236816 -0.00959694998 0 0 0
volume_proxy 1240 1.2743698 0.764693659 -0.0010577606 0 0 0
volume_proxy 1241 -0.417141351 -0.124444039 -0.00770119298 0 0 0
volume_proxy 1242 -0.767847272 -0.957802102 -0.00140791022 0 0 0
volume_proxy 1243 -1.10246318 -0.861821279 0.00207777718 0 0 0
volume_proxy 1245 -1.38624019 0.427419538 0.0095752893 0 0 0
volume_proxy 1247 -1.2550256 0.519640912 0.00371667782 0 0 0
volume_proxy 1248 0.918630033 0.177031954 -0.000375198899 0 0 0
volume_proxy 1249 -0.17291263 -0.0628949857 -0.00890982831 0 0 0
volume_proxy 1252 0.857027029 -0.94198611 0.00792715692 0 0 0
volume_proxy 1253 -1.14916978 0.372106649 -0.0101031526 0 0 0
volume_proxy 1254 0.896941042 -0.689246022 0.00240578089 0 0 0
volume_proxy 1255 0.945060725 -0.597075157 0.000190455063 0 0 0
volume_proxy 1256 -0.616980906 -0.829665094 0.00471817759 0 0 0
volume_proxy 1257 0.307255404 -0.709070229 0.0103605342 0 0 0
volume_proxy 1258 1.26865383 0.61771222 0.00243499208 0 0 0
volume_proxy 1259 -0.944793804 0.99223024 0.00532684856 0 0 0
volume_proxy 1260 0.615804297 0.446212472 -0.00625525283 0 0 0
volume_proxy 1261 -0.615227141 0.801407235 0.000922268046 0 0 0
volume_proxy 1262 0.745049415 0.515660964 0.00848830486 0 0 0
volume_proxy 1263 0.911365691 0.0588152011 -0.0106653774 0 0 0
volume_proxy 1264 -0.137668966 -0.748553035 -0.00499944035 0 0 0
