volume_proxy 0 -0.867567803 0.00463908398 -0.00882661032 0 0 0
volume_proxy 6 -0.294826275 0.00716667041 -0.00502591977 0 0 0
volume_proxy 11 1.20546461 0.828337036 -0.000975857532 0 0 0
volume_proxy 12 1.48926874 -0.407128793 0.00732271843 0 0 0
volume_proxy 14 -1.25028024 0.652118444 0.0029802837 0 0 0
volume_proxy 23 1.0153945 0.160044478 0.0107586671 0 0 0
volume_proxy 38 -0.913049042 -0.492252179 0.00405662613 0 0 0
volume_proxy 40 -1.09068025 -0.182148971 -0.00555213818 0 0 0
volume_proxy 50 -1.43442532 -0.706874462 -0.00780849649 0 0 0
volume_proxy 53 -1.23421786 -0.174311641 -0.00166771608 0 0 0
volume_proxy 58 0.412229108 -0.546391351 -0.003470292 0 0 0
volume_proxy 60 -0.28705725 0.500937572 -0.00595099831 0 0 0
volume_proxy 85 -0.997442139 0.93163994 -0.00364307634 0 0 0
volume_proxy 97 0.795904799 0.949222805 0.0062137378 0 0 0
volume_proxy 107 0.0522652501 0.930285104 -0.00752335689 0 0 0
volume_proxy 127 -1.30647196 -0.736127922 -0.00846011124 0 0 0
volume_proxy 130 0.206510403 -0.670350653 -0.0094391765 0 0 0
volume_proxy 140 1.16152932 0.268773737 -0.00953722691 0 0 0
volume_proxy 157 0.237776041 0.172092977 0.0081484183 0 0 0
volume_proxy 159 0.460941986 0.786372739 0.0102806065 0 0 0
volume_proxy 161 -0.58443016 -0.00547815504 -0.0101604438 0 0 0
volume_proxy 176 1.15681938 0.788225488 -0.00514676439 0 0 0
volume_proxy 186 -1.13155322 0.382173543 0.000470370093 0 0 0
volume_proxy 189 -0.737253713 -0.601253743 -0.0038531983 0 0 0
volume_proxy 195 -0.88011974 -0.637041508 0.00424672518 0 0 0
volume_proxy 196 -1.46290275 0.0274188124 0.00484938067 0 0 0
volume_proxy 200 -1.36055182 0.946714681 -0.00263057404 0 0 0
volume_proxy 202 -0.627710449 -0.192656802 -0.00723630641 0 0 0
volume_proxy 209 -1.30941899 0.027703024 0.00182963274 0 0 0
volume_proxy 210 0.404746769 0.319277278 -0.00659733328 0 0 0
volume_proxy 226 1.03944771 0.0752492076 -0.00131264669 0 0 0
volume_proxy 236 -0.000210185961 0.670467784 -0.0101515965 0 0 0
volume_proxy 247 0.180094234 -0.701539359 0.004146021 0 0 0
volume_proxy 256 0.917009693 -0.55611782 0.00636151856 0 0 0
volume_proxy 259 0.785376675 0.52492008 -0.00967024286 0 0 0
volume_proxy 269 -1.46477226 0.524342485 0.00392949735 0 0 0
volume_proxy 277 -1.46925366 0.0345020593 0.00610653969 0 0 0
volume_proxy 296 -0.588533975 -0.345930096 -0.00541731843 0 0 0
volume_proxy 305 0.167485972 -0.00139691674 0.00333738836 0 0 0
volume_proxy 310 1.38212056 0.104079971 -0.00992234794 0 0 0
volume_proxy 344 -0.186206907 -0.848379735 -0.00348541713 0 0 0
volume_proxy 347 -1.10718034 0.667362868 -0.00133123536 0 0 0
volume_proxy 356 -0.705198799 -0.103536175 0.00136663111 0 0 0
volume_proxy 375 1.35691528 -0.269176135 0.00316527715 0 0 0
volume_proxy 388 1.20565913 -0.403348648 0.00440790003 0 0 0
volume_proxy 1052 -1.15580623 -0.319876123 -0.00326273207 0 0 0
volume_proxy 1066 -0.51406828 0.018263095 -0.00190458648 0 0 0
volume_proxy 1120 -1.30023679 0.59516319 -0.00940554232 0 0 0
volume_proxy 1166 -0.938649019 -0.706677426 -0.0063926312 0 0 0
volume_proxy 1193 -1.02871847 -0.172904461 -0.0101473698 0 0 0
volume_proxy 1225 -1.23308672 -0.632376546 -0.00474644204 0 0 0
volume_proxy 1245 -1.10468481 0.863669796 -0.00796142172 0 0 0
volume_proxy 1280 -1.3728731 0.621832112 0.00544744248 0 0 0
volume_proxy 1285 -0.830377975 0.468577855 0.00549697339 0 0 0
volume_proxy 1295 0.317542696 0.721856996 -5.86977856e-05 0 0 0
volume_proxy 1296 -0.18881463 -0.206902681 0.00445748456 0 0 0
volume_proxy 1340 1.24466111 -0.11494838 -0.00266096594 0 0 0
volume_proxy 1380 -1.43152541 -0.261132656 0.00884851438 0 0 0
volume_proxy 1386 1.03917066 0.335311518 -0.00965205995 0 0 0
volume_proxy 1397 0.495773014 0.926839927 -0.00460299592 0 0 0
volume_proxy 1409 0.64701837 0.313406608 -0.000101853321 0 0 0
volume_proxy 1413 0.452054009 0.614404748 0.00921564188 0 0 0
volume_proxy 1422 1.38005239 -0.864992001 -0.00532223441 0 0 0
volume_proxy 1433 1.23803089 0.649926941 0.00892225749 0 0 0
volume_proxy 1459 -1.16606074 -0.74084349 0.00681646975 0 0 0
volume_proxy 1460 -1.32120089 0.521227268 -0.00652512366 0 0 0
volume_proxy 1461 -1.36054063 0.436259038 -0.0086612123 0 0 0
volume_proxy 1472 -1.21448896 -0.414311588 0.00778806917 0 0 0
volume_proxy 1474 1.37305717 0.149793333 0.000585496729 0 0 0
volume_proxy 1481 -0.557754332 0.460075729 -0.00845793837 0 0 0
volume_proxy 1482 0.52180353 0.329670636 -0.00607999816 0 0 0
volume_proxy 1485 0.51887088 -0.188484554 0.0028772632 0 0 0
volume_proxy 1489 -0.140766757 -0.780863879 0.0107603566 0 0 0
volume_proxy 1490 0.329705108 0.596265706 -0.0105707055 0 0 0
volume_proxy 1496 -1.30544365 0.465882287 0.00162123156 0 0 0
volume_proxy 1498 -0.394230142 -0.464236031 -0.00957378782 0 0 0
volume_proxy 1503 -1.45141058 -0.989816723 -0.00527046339 0 0 0
volume_proxy 1506 0.0756471824 0.900671009 0.000905435413 0 0 0
volume_proxy 1507 0.00362338325 -0.141417447 -0.000203796148 0 0 0
volume_proxy 1508 -1.0065193 0.110546462 -0.00293678617 0 0 0
volume_proxy 1509 -1.27830178 -0.168851664 -0.00153084891 0 0 0
volume_proxy 1513 -1.24366684 -0.0699288254 0.00397941762 0 0 0
volume_proxy 1515 0.0900517192 -0.815549424 0.00993910563 0 0 0
volume_proxy 1516 -0.243427497 -0.648142357 -0.00862460373 0 0 0
volume_proxy 1517 -1.35939122 -0.37538787 0.00650929929 0 0 0
volume_proxy 1519 0.316552715 0.60480109 -0.0102488294 0 0 0
volume_proxy 1520 -0.228175934 -0.609139914 0.00462061232 0 0 0
volume_proxy 1521 -1.37362239 -0.400479068 0.00905604847 0 0 0
volume_proxy 1523 -0.00857559002 -0.103590962 -0.00416559861 0 0 0
volume_proxy 1525 -0.488433896 0.815342253 0.0107315781 0 0 0
volume_proxy 1526 1.45308502 -0.0866843344 -0.00153893516 0 0 0
volume_proxy 1528 0.9881479 -0.759076364 -0.00102836654 0 0 0
volume_proxy 1529 -1.07588085 -0.0464984404 0.00737769116 0 0 0
volume_proxy 1531 0.486630067 0.721893176 0.00717809786 0 0 0
volume_proxy 1533 1.19190438 0.250116101 -0.00933945762 0 0 0
volume_proxy 1534 -0.355150341 -0.0491286611 0.00471426901 0 0 0
volume_proxy 1537 -0.926764886 -0.905107292 -0.00893847214 0 0 0
volume_proxy 1538 1.13515369 -0.185225366 0.00921649134 0 0 0
volume_proxy 1539 0.0924711252 0.728841304 0.00808423812 0 0 0
volume_proxy 1540 1.42331347 0.191122063 0.00704020073 0 0 0
volume_proxy 1542 -0.497106737 -0.891712682 0.0106860163 0 0 0
volume_proxy 1543 -0.335083542 -0.834305298 -0.0040743471 0 0 0
