volume_proxy 0 0.152622082 0.643527052 0.0102558681 0 0 0
volume_proxy 5 1.16058089 -0.406606378 0.00933830465 0 0 0
volume_proxy 6 0.0496612307 0.437989937 0.0101153677 0 0 0
volume_proxy 11 1.16706282 0.588083072 0.00402705143 0 0 0
volume_proxy 12 0.401707159 -0.211798283 -0.00732581397 0 0 0
volume_proxy 14 -0.917773569 0.4944965 -0.00893622215 0 0 0
volume_proxy 23 1.25445594 -0.828140956 0.0038578902 0 0 0
volume_proxy 38 -0.609574527 -0.914552054 -0.00331545286 0 0 0
volume_proxy 40 -1.10526177 -0.0856640582 -0.00699580117 0 0 0
volume_proxy 50 -0.9002877 -0.638069686 -0.00714878971 0 0 0
volume_proxy 53 -1.4686366 0.368177001 0.00352223435 0 0 0
volume_proxy 58 0.952975281 -0.882752805 0.00642660808 0 0 0
volume_proxy 60 0.0352644745 0.229648788 0.00110762376 0 0 0
volume_proxy 85 -1.03055116 0.814149019 -0.00370996548 0 0 0
volume_proxy 97 0.588176076 0.762995188 0.00734796123 0 0 0
volume_proxy 107 1.49133648 -0.145510775 -0.00674322767 0 0 0
volume_proxy 127 -1.38433424 -0.842319656 0.0100667396 0 0 0
volume_proxy 130 0.441122447 0.632167969 -0.00249106573 0 0 0
volume_proxy 140 -0.971197729 0.633021181 0.00490602843 0 0 0
volume_proxy 157 0.817745571 0.195356565 0.00540603927 0 0 0
volume_proxy 159 1.39190056 0.796393113 -0.00347518547 0 0 0
volume_proxy 161 0.324576816 0.474330875 -0.0107480934 0 0 0
volume_proxy 176 0.702356631 -0.0182991072 -0.00650012774 0 0 0
volume_proxy 186 -0.953974785 -0.409722297 0.00788239906 0 0 0
volume_proxy 189 -1.2720601 0.691492508 -0.00743884458 0 0 0
volume_proxy 195 -0.774130545 -0.279723318 -0.00244496977 0 0 0
volume_proxy 196 0.711892575 0.187478463 -0.00451881206 0 0 0
volume_proxy 200 -0.953510238 -0.930082041 -0.00513333973 0 0 0
volume_proxy 202 0.045033047 0.563144171 0.00357517248 0 0 0
volume_proxy 209 -0.913503991 -0.608933599 0.0040896873 0 0 0
volume_proxy 210 -0.626875887 0.897560256 -0.00837649359 0 0 0
volume_proxy 226 -0.540547662 -0.502108891 -0.00914910539 0 0 0
volume_proxy 236 1.43736132 0.105084504 0.00880274336 0 0 0
volume_proxy 247 0.705587781 0.931853321 -0.000967154424 0 0 0
volume_proxy 256 -1.21825283 0.899937097 -0.0105171002 0 0 0
volume_proxy 259 0.256349195 0.881597156 0.00634182045 0 0 0
volume_proxy 269 -0.608591806 0.203459046 0.00785915062 0 0 0
volume_proxy 277 -1.33467609 -0.363435214 0.00362480989 0 0 0
volume_proxy 296 -1.34249969 0.254014079 -0.00998794691 0 0 0
volume_proxy 305 1.07272468 -0.696591287 -0.00710007879 0 0 0
volume_proxy 310 -0.348206812 -0.87538959 -0.00298381797 0 0 0
volume_proxy 344 -1.20802611 0.491397002 0.00308372552 0 0 0
volume_proxy 347 -0.0404454618 0.921706041 -0.00776885757 0 0 0
volume_proxy 356 -0.823291661 0.514776783 -0.00710065047 0 0 0
volume_proxy 375 0.827471704 -0.911399447 0.00865643475 0 0 0
volume_proxy 388 1.28870593 -0.425145712 -0.0101867236 0 0 0
volume_proxy 802 1.40552915 -0.264211651 0.00948026562 0 0 0
volume_proxy 1052 -0.968405515 -0.767656419 -0.00346137397 0 0 0
volume_proxy 1066 -0.707239728 0.00654967037 0.00406627291 0 0 0
volume_proxy 1120 -0.338614877 0.195431894 -0.000106072288 0 0 0
volume_proxy 1166 -0.700781553 0.126862439 -0.00135210442 0 0 0
volume_proxy 1169 1.15688047 -0.744686081 0.00026130887 0 0 0
volume_proxy 1193 -0.988979886 -0.831024536 0.00919500363 0 0 0
volume_proxy 1225 -0.101956136 -0.491984969 0.00483849364 0 0 0
volume_proxy 1245 -1.43662971 -0.343614132 0.00240463242 0 0 0
volume_proxy 1280 -0.614629458 0.794222011 0.00803670663 0 0 0
volume_proxy 1285 -1.4877746 0.438314299 0.000841732372 0 0 0
volume_proxy 1295 0.0543575464 0.0593894375 -0.00677968119 0 0 0
volume_proxy 1296 0.379820946 -0.632353728 0.00639824354 0 0 0
volume_proxy 1340 0.970742187 0.865606725 -0.00419339245 0 0 0
volume_proxy 1380 -0.263703623 0.994159239 0.00783801938 0 0 0
volume_proxy 1386 1.29118573 0.270706045 0.000693586729 0 0 0
volume_proxy 1397 1.04702821 0.824094957 -0.00325232488 0 0 0
volume_proxy 1409 -0.24854646 0.692737924 0.00139524098 0 0 0
volume_proxy 1413 0.579494444 0.974496788 0.000829173499 0 0 0
volume_proxy 1422 0.319868591 0.0900432729 0.00742423541 0 0 0
volume_proxy 1433 1.24636201 0.897750196 -0.00866246728 0 0 0
volume_proxy 1434 0.0637611834 -0.925803516 0.0102068291 0 0 0
volume_proxy 1437 -0.107715851 -0.143298594 -0.00110007236 0 0 0
volume_proxy 1439 -0.00960417281 0.780484056 -0.00220535441 0 0 0
volume_proxy 1447 1.10356839 0.031726538 0.00883199722 0 0 0
volume_proxy 1459 -1.32033304 0.521174463 -0.000356947048 0 0 0
volume_proxy 1460 -0.0688714681 0.667452082 0.00202772809 0 0 0
volume_proxy 1461 -0.675294765 0.881886707 0.0103260457 0 0 0
volume_proxy 1466 -0.878710149 0.0237258216 0.000686425835 0 0 0
volume_proxy 1472 -0.909786669 0.629637771 0.0058915381 0 0 0
volume_proxy 1474 0.834240614 -0.759776697 -0.00944433209 0 0 0
volume_proxy 1481 1.0001656 0.361794348 -0.00601427244 0 0 0
volume_proxy 1482 0.884404735 -0.023783087 0.00820710187 0 0 0
volume_proxy 1485 0.593985529 -0.282526133 -0.00103897606 0 0 0
volume_proxy 1489 0.259129002 -0.845241932 -0.00678236028 0 0 0
volume_proxy 1490 1.15602073 0.862062322 -0.00745178205 0 0 0
volume_proxy 1494 1.28225115 -0.0347696243 0.00225379625 0 0 0
volume_proxy 1496 -1.0804301 0.336832819 -0.00431877727 0 0 0
volume_proxy 1498 -0.181816483 0.34254891 0.00278970924 0 0 0
volume_proxy 1501 -0.333805665 -0.68071636 0.000627482204 0 0 0
volume_proxy 1503 0.0679129476 0.277445688 -0.00505083598 0 0 0
volume_proxy 1506 0.67094268 0.789693788 -0.00461449204 0 0 0
volume_proxy 1507 -1.12116607 -0.259418137 -0.00722226963 0 0 0
volume_proxy 1508 -0.895012021 -0.721861265 -0.00522455575 0 0 0
volume_proxy 1509 -1.45386751 0.49195049 0.000203693835 0 0 0
volume_proxy 1510 0.0210988102 -0.942966569 0.00414470507 0 0 0
volume_proxy 1511 1.40404678 0.753538957 0.0046669793 0 0 0
volume_proxy 1513 -1.36553553 0.74977245 0.00528491115 0 0 0
volume_proxy 1515 0.564188477 0.291159321 -0.000868937685 0 0 0
volume_proxy 1516 -0.214321459 -0.955600052 -0.00989218884 0 0 0
volume_proxy 1517 -0.780662127 -0.463531047 0.000378351215 0 0 0
volume_proxy 1519 0.0330891923 -0.282279276 0.00514953624 0 0 0
volume_proxy 1520 0.36917984 -0.186285677 0.00261414734 0 0 0
volume_proxy 1521 -0.930048499 -0.352406793 -0.010300056 0 0 0
volume_proxy 1522 0.564109086 0.861653373 0.00576838383 0 0 0
volume_proxy 1523 1.25254305 -0.202660132 0.000804252782 0 0 0
volume_proxy 1525 -0.819761779 0.962464444 0.00445179502 0 0 0
volume_proxy 1526 1.19553198 -0.27871898 0.00784671428 0 0 0
volume_proxy 1528 0.687062305 -0.983119853 -0.00712131719 0 0 0
volume_proxy 1529 -0.96085692 0.0924790223 -0.00133417446 0 0 0
volume_proxy 1530 -0.973333359 -0.509119595 -0.00387851513 0 0 0
volume_proxy 1531 0.527631758 0.576851641 -0.000312146385 0 0 0
