volume_proxy 0 0.0168972153 -0.126107016 0.000966013759 0 0 0
volume_proxy 6 -0.168958221 0.861004758 -0.00141118093 0 0 0
volume_proxy 11 1.43453147 0.915750321 -0.00519192855 0 0 0
volume_proxy 12 0.778678879 0.162490165 0.0104044376 0 0 0
volume_proxy 14 -1.1020213 0.660935767 -0.00903944481 0 0 0
volume_proxy 23 0.71997918 -0.454896505 0.00804092246 0 0 0
volume_proxy 38 -0.7766527 -0.982514472 0.00744928168 0 0 0
volume_proxy 40 -1.0278867 0.075405028 0.00637908269 0 0 0
volume_proxy 50 -0.789445139 -0.393330199 -0.0083673033 0 0 0
volume_proxy 53 -1.208329 0.367270792 0.00932947807 0 0 0
volume_proxy 58 0.512143286 -0.942045005 -0.00453387749 0 0 0
volume_proxy 60 0.599677897 0.776857407 0.00127330096 0 0 0
volume_proxy 85 -1.23201076 0.764048069 -0.00891031734 0 0 0
volume_proxy 97 1.43791576 0.682932585 0.00364251162 0 0 0
volume_proxy 107 1.15230345 -0.0720405671 0.00963370622 0 0 0
volume_proxy 127 -1.42598793 -0.680247827 -0.00936882372 0 0 0
volume_proxy 130 0.305205191 0.445052611 0.00918116676 0 0 0
volume_proxy 140 -1.19452979 0.624635099 -0.00795754896 0 0 0
volume_proxy 157 0.867670319 -0.32124681 0.00961464317 0 0 0
volume_proxy 159 1.08507642 0.463548803 -0.00398443868 0 0 0
volume_proxy 161 -0.231592333 0.732640951 -0.00984594536 0 0 0
volume_proxy 176 1.14982952 -0.315539227 -0.00959177233 0 0 0
volume_proxy 186 -0.246861317 0.252334803 0.00469841749 0 0 0
volume_proxy 189 -0.886827583 -0.585361966 0.00428917948 0 0 0
volume_proxy 195 -1.17321159 -0.880292215 0.00599872684 0 0 0
volume_proxy 196 0.802348157 0.133576346 -0.00665344364 0 0 0
volume_proxy 200 -1.23099195 -0.55228526 0.00785404075 0 0 0
volume_proxy 202 0.436463365 0.659172494 -0.00133566902 0 0 0
volume_proxy 209 -0.800027718 0.528425548 -0.00648824879 0 0 0
volume_proxy 210 0.151946987 0.914761604 0.00761955782 0 0 0
volume_proxy 226 0.282084073 -0.53126349 -0.0105327025 0 0 0
volume_proxy 236 1.45468124 -0.87349105 0.0100597249 0 0 0
volume_proxy 247 0.965959408 0.460303689 -0.00442455599 0 0 0
volume_proxy 256 -0.866877539 0.226717956 -0.00160434957 0 0 0
volume_proxy 259 0.454303496 0.867165036 0.00479618508 0 0 0
volume_proxy 269 -0.664707576 0.326179571 -0.0104846323 0 0 0
volume_proxy 277 -1.089386 0.168148528 -0.00725690846 0 0 0
volume_proxy 296 -1.32660324 0.763996651 -0.00524807616 0 0 0
volume_proxy 305 0.88755782 -0.36164326 0.000524173545 0 0 0
volume_proxy 310 0.199373201 -0.134381947 0.00705946067 0 0 0
volume_proxy 344 -1.33771278 -0.420924312 -0.00179982902 0 0 0
volume_proxy 347 -0.299777208 0.703278808 0.00700246766 0 0 0
volume_proxy 356 -0.479150585 -0.0707563591 -0.00244039413 0 0 0
volume_proxy 375 0.963659054 0.215417377 -0.000130661527 0 0 0
volume_proxy 388 1.36834425 0.207424608 0.00931042466 0 0 0
volume_proxy 802 0.738906142 0.161512335 -0.000309200217 0 0 0
volume_proxy 1052 -0.8748361 -0.844169246 -0.00892022961 0 0 0
volume_proxy 1066 -0.291304065 0.0827741096 -0.00119096101 0 0 0
volume_proxy 1120 -0.805507668 0.214079719 -0.00797241073 0 0 0
volume_proxy 1166 -0.73204004 0.075190203 -0.00884520742 0 0 0
volume_proxy 1193 -1.14935681 -0.388519712 -0.00689178952 0 0 0
volume_proxy 1225 -0.682676415 -0.26713815 -0.00170089042 0 0 0
volume_proxy 1245 -1.415958 -0.110667702 -0.00204460932 0 0 0
volume_proxy 1280 -0.334901753 0.605172303 0.00577737706 0 0 0
volume_proxy 1285 -1.20745982 0.340220661 -0.00909002831 0 0 0
volume_proxy 1295 0.373185388 -0.119742374 0.00443258972 0 0 0
volume_proxy 1296 0.241549247 -0.666017218 -0.000249644528 0 0 0
volume_proxy 1340 0.871495613 0.685572517 0.00340606755 0 0 0
volume_proxy 1380 -0.631626254 0.116766312 -0.0088831372 0 0 0
volume_proxy 1386 1.35185284 0.474330063 0.00998435559 0 0 0
volume_proxy 1397 0.937992891 0.775929156 0.00780281702 0 0 0
volume_proxy 1409 -0.465504294 0.814855028 -0.00810486684 0 0 0
volume_proxy 1413 0.893982921 0.627511077 0.00378442483 0 0 0
volume_proxy 1422 0.343424319 -0.364410289 -0.00655540826 0 0 0
volume_proxy 1433 1.48250733 0.733965376 0.00618842769 0 0 0
volume_proxy 1437 0.187040491 -0.0104545638 -0.00360731928 0 0 0
volume_proxy 1447 1.08975727 -0.281903693 0.00681885494 0 0 0
volume_proxy 1459 -1.4181028 0.238363788 0.00962089928 0 0 0
volume_proxy 1460 -0.0357313496 0.393383406 -0.0102519279 0 0 0
volume_proxy 1461 -0.768045531 0.804221126 0.00626030416 0 0 0
volume_proxy 1466 -0.779400943 0.0581877172 0.00962404039 0 0 0
volume_proxy 1472 -1.2761691 0.768241919 -0.0106685339 0 0 0
volume_proxy 1474 1.2019144 -0.571468949 -0.00906928584 0 0 0
volume_proxy 1481 0.617693313 0.920600997 -0.00478420683 0 0 0
volume_proxy 1482 0.970736664 0.000942576851 -0.00285880931 0 0 0
volume_proxy 1485 0.388380191 -0.0637512305 0.00907052176 0 0 0
volume_proxy 1489 0.0372547016 -0.767417625 0.000714450091 0 0 0
volume_proxy 1490 0.972324828 0.987391294 -0.00118317119 0 0 0
volume_proxy 1494 1.49605435 -0.0436209176 -0.00557654308 0 0 0
volume_proxy 1496 -0.982501216 0.498784588 0.00121576565 0 0 0
volume_proxy 1498 -0.131048392 0.361867139 0.00296578988 0 0 0
volume_proxy 1503 -0.925151909 0.0262486699 -0.00825460702 0 0 0
volume_proxy 1506 0.473217898 0.786936575 -0.00126649623 0 0 0
volume_proxy 1507 -1.25033714 -0.14729546 -0.000221738274 0 0 0
volume_proxy 1508 -0.599863758 -0.231131723 -0.00817752928 0 0 0
volume_proxy 1509 -1.04561244 0.0912583765 0.000683494455 0 0 0
volume_proxy 1510 -0.0639411324 -0.782635348 -0.00397544854 0 0 0
volume_proxy 1511 1.08915155 0.579128253 0.0104430172 0 0 0
volume_proxy 1513 -1.26123087 0.348008048 0.00987554396 0 0 0
volume_proxy 1515 0.790946775 -0.600834845 -0.00598705696 0 0 0
volume_proxy 1516 -0.288351369 -0.874602246 0.000776371909 0 0 0
volume_proxy 1517 -0.628146496 -0.352815843 0.00521017846 0 0 0
volume_proxy 1519 0.0267587228 -0.7633112 -0.00108371991 0 0 0
volume_proxy 1520 0.103792601 -0.137999473 -0.00758922966 0 0 0
volume_proxy 1521 -1.4293999 -0.591997314 -0.00794612423 0 0 0
volume_proxy 1523 0.806997038 0.0917892812 -0.00014453013 0 0 0
volume_proxy 1525 -0.784832287 0.981209122 -0.00356434209 0 0 0
volume_proxy 1526 0.999463316 -0.793936192 0.00100146391 0 0 0
volume_proxy 1528 0.46630881 -0.639627304 0.00293659419 0 0 0
volume_proxy 1529 -1.14461473 0.065168461 -0.000803590672 0 0 0
volume_proxy 1531 0.61859944 0.593807253 0.00437825384 0 0 0
volume_proxy 1533 1.09965818 -0.401242963 -0.00833256653 0 0 0
volume_proxy 1534 0.423189632 0.813515901 0.00594121866 0 0 0
volume_proxy 1535 0.354473904 0.951402409 -0.00123716082 0 0 0
volume_proxy 1536 -0.613997755 -0.841402572 -0.00705890146 0 0 0
volume_proxy 1537 -0.577077924 -0.602466567 0.00548760407 0 0 0
