volume_proxy 0 0.164633067 0.635968156 -0.00616576829 0 0 0
volume_proxy 5 1.22420982 -0.408294281 -0.0105918763 0 0 0
volume_proxy 6 0.150438242 0.347665596 -0.00644731489 0 0 0
volume_proxy 11 1.05475193 0.533500319 0.00672401874 0 0 0
volume_proxy 12 0.382313484 -0.261303517 -0.00029945998 0 0 0
volume_proxy 14 -0.779616258 0.592238829 0.00431008249 0 0 0
volume_proxy 23 1.20368709 -0.94798344 -0.00827268189 0 0 0
volume_proxy 38 -0.574451102 -0.951230176 -0.000782568554 0 0 0
volume_proxy 40 -1.12492444 -0.105520751 -0.00683320758 0 0 0
volume_proxy 50 -0.735432097 -0.579519706 0.0103133249 0 0 0
volume_proxy 53 -1.36168027 0.446496978 0.00829908792 0 0 0
volume_proxy 58 0.879424186 -0.878134094 0.00532192479 0 0 0
volume_proxy 60 0.0875358789 0.168675737 0.000789610234 0 0 0
volume_proxy 85 -1.21656872 0.831982367 -0.00209289949 0 0 0
volume_proxy 97 0.558293029 0.788259428 -0.0106341303 0 0 0
volume_proxy 107 1.4936594 -0.257126124 -0.00327873634 0 0 0
volume_proxy 127 -1.35355262 -0.876796657 -0.00513158975 0 0 0
volume_proxy 130 0.561037241 0.682858413 -0.00875849574 0 0 0
volume_proxy 140 -1.09222827 0.664276834 -0.00705165043 0 0 0
volume_proxy 157 0.977079366 0.328861874 0.00604948765 0 0 0
volume_proxy 159 1.36635371 0.637156117 -0.00794987948 0 0 0
volume_proxy 161 0.35183752 0.495369873 0.000234514394 0 0 0
volume_proxy 176 0.588964943 -0.0221958934 0.00948934913 0 0 0
volume_proxy 186 -1.07443444 -0.373798531 0.00471335235 0 0 0
volume_proxy 189 -1.17001006 0.700496283 0.00294081272 0 0 0
volume_proxy 195 -0.814143371 -0.36481812 -0.00832540933 0 0 0
volume_proxy 196 0.660212825 0.254825651 0.00209695782 0 0 0
volume_proxy 200 -1.03339341 -0.847502335 -0.00227960172 0 0 0
volume_proxy 202 0.0792728242 0.688908199 -0.00109921802 0 0 0
volume_proxy 209 -0.993260767 -0.630098618 -0.00390892418 0 0 0
volume_proxy 210 -0.553915416 0.856120834 -0.00028660125 0 0 0
volume_proxy 226 -0.47961348 -0.382642532 -0.0103407741 0 0 0
volume_proxy 236 1.4645076 0.113508911 -0.00814093812 0 0 0
volume_proxy 247 0.606552135 0.877787952 0.00872003364 0 0 0
volume_proxy 256 -1.27254844 0.994046068 0.00788764487 0 0 0
volume_proxy 259 0.26429401 0.762496439 0.000100819398 0 0 0
volume_proxy 269 -0.731079307 0.290233961 -0.00094632052 0 0 0
volume_proxy 277 -1.33748167 -0.287650951 0.00243947474 0 0 0
volume_proxy 296 -1.26809539 0.253735812 -0.00394915536 0 0 0
volume_proxy 305 1.13277861 -0.835912823 0.00343122897 0 0 0
volume_proxy 310 -0.237410483 -0.912714417 -0.000385967596 0 0 0
volume_proxy 344 -1.18851503 0.566509138 -0.00904461684 0 0 0
volume_proxy 347 -0.171403628 0.936359154 -0.00433575988 0 0 0
volume_proxy 356 -0.809573509 0.468513618 0.00405568536 0 0 0
volume_proxy 375 0.879342939 -0.957014754 0.0048664112 0 0 0
volume_proxy 388 1.15602376 -0.385732381 0.000348492208 0 0 0
volume_proxy 802 1.3926168 -0.295789661 0.00560309088 0 0 0
volume_proxy 1052 -0.995524657 -0.731019895 0.00664022568 0 0 0
volume_proxy 1066 -0.678165394 -0.0238556858 -0.00155625589 0 0 0
volume_proxy 1120 -0.433605534 0.251894383 0.00659272942 0 0 0
volume_proxy 1166 -0.781354208 0.0684629587 -0.00464647606 0 0 0
volume_proxy 1169 1.09338349 -0.686577883 -0.00885103794 0 0 0
volume_proxy 1193 -0.936911724 -0.778169018 0.00176171309 0 0 0
volume_proxy 1225 -0.0676578465 -0.482902915 0.00487897512 0 0 0
volume_proxy 1245 -1.43217699 -0.354764736 0.000613426135 0 0 0
volume_proxy 1280 -0.556341526 0.782606913 0.00067436143 0 0 0
volume_proxy 1285 -1.46521076 0.432679737 0.00631968596 0 0 0
volume_proxy 1295 0.0711641249 0.00470828939 -0.00771183368 0 0 0
volume_proxy 1296 0.449147653 -0.598157519 0.00196946202 0 0 0
volume_proxy 1340 1.05348719 0.829377059 0.00565311949 0 0 0
volume_proxy 1380 -0.268247903 0.871485887 -0.00781844062 0 0 0
volume_proxy 1386 1.30142382 0.274918903 0.00563357682 0 0 0
volume_proxy 1397 1.09754648 0.746372111 0.000310967788 0 0 0
volume_proxy 1409 -0.122793352 0.709239327 0.00623367183 0 0 0
volume_proxy 1413 0.704566791 0.928122234 0.000945525933 0 0 0
volume_proxy 1422 0.384147749 0.0981230861 -0.00671977604 0 0 0
volume_proxy 1433 1.26816553 0.975690506 -0.00348467118 0 0 0
volume_proxy 1434 0.0270997738 -0.981668454 -0.00878474757 0 0 0
volume_proxy 1437 -0.119546499 -0.10063387 -0.00586222386 0 0 0
volume_proxy 1439 -0.0238337556 0.808542696 0.00389969589 0 0 0
volume_proxy 1447 1.04644303 -0.00291092447 0.0100790843 0 0 0
volume_proxy 1459 -1.26220039 0.620291858 -0.00834532869 0 0 0
volume_proxy 1460 -0.0539977859 0.676710733 0.00517229245 0 0 0
volume_proxy 1461 -0.547810742 0.898620796 0.00262575189 0 0 0
volume_proxy 1466 -0.806883637 -0.0163118633 -0.00829389294 0 0 0
volume_proxy 1472 -0.904089587 0.59830397 0.00290028766 0 0 0
volume_proxy 1474 0.741167821 -0.796264862 0.000584249533 0 0 0
volume_proxy 1481 0.962292612 0.43525644 -0.0092525546 0 0 0
volume_proxy 1482 1.02561845 -0.0734220125 0.00289245588 0 0 0
volume_proxy 1485 0.552887891 -0.265619946 0.00153752367 0 0 0
volume_proxy 1489 0.235229565 -0.771913325 -0.00606666778 0 0 0
volume_proxy 1490 1.17093149 0.92492632 -0.0102199389 0 0 0
volume_proxy 1494 1.29289376 0.0258743264 -0.00821954496 0 0 0
volume_proxy 1496 -1.14799266 0.347982795 0.00895101806 0 0 0
volume_proxy 1498 -0.120415326 0.36335364 0.0075825968 0 0 0
volume_proxy 1501 -0.305363015 -0.639843963 0.00498504449 0 0 0
volume_proxy 1503 0.0922281574 0.191939402 -0.00841880273 0 0 0
volume_proxy 1506 0.716563288 0.818467005 -0.00885979104 0 0 0
volume_proxy 1507 -1.1697018 -0.240808063 0.00767499645 0 0 0
volume_proxy 1508 -0.953331166 -0.667792059 0.00069645566 0 0 0
volume_proxy 1509 -1.41206858 0.478515942 -0.00672954839 0 0 0
volume_proxy 1510 0.0126375147 -0.987506992 -0.00321193701 0 0 0
volume_proxy 1511 1.39990343 0.782879376 -0.00786035304 0 0 0
volume_proxy 1513 -1.35608861 0.827799771 -0.00828539231 0 0 0
volume_proxy 1515 0.544369542 0.192197045 0.00631998651 0 0 0
volume_proxy 1516 -0.228111071 -0.938268988 0.00165996383 0 0 0
volume_proxy 1517 -0.786364071 -0.49800852 0.00279836214 0 0 0
volume_proxy 1519 0.120395221 -0.259326092 0.00358607297 0 0 0
volume_proxy 1520 0.329533384 -0.16747869 0.00376091332 0 0 0
volume_proxy 1521 -0.861325796 -0.382803447 -0.000482863734 0 0 0
volume_proxy 1522 0.540954136 0.879636114 -0.0106726098 0 0 0
volume_proxy 1523 1.2756803 -0.157638914 -0.00171570926 0 0 0
volume_proxy 1525 -0.874169751 0.938405632 -0.00332558702 0 0 0
volume_proxy 1526 1.13950729 -0.27225435 0.00283073049 0 0 0
volume_proxy 1528 0.692338604 -0.980837146 0.00457563265 0 0 0
volume_proxy 1529 -1.00846808 0.0583182436 -0.00500799035 0 0 0
volume_proxy 1530 -1.01265979 -0.559398841 -0.000386734756 0 0 0
volume_proxy 1531 0.416222798 0.574480523 -0.00842264468 0 0 0
