volume_proxy 0 1.39234077 0.0718112453 0.0107821921 0 0 0
volume_proxy 5 0.336301275 0.53366636 0.00879175256 0 0 0
volume_proxy 6 0.83811164 -0.192731506 -0.00578913071 0 0 0
volume_proxy 11 0.475067798 0.574563829 0.000523145879 0 0 0
volume_proxy 12 1.46093306 -0.273120549 0.00116209366 0 0 0
volume_proxy 14 0.44652623 0.178972414 -0.00605180011 0 0 0
volume_proxy 23 -0.440492746 -0.139152827 0.0106061691 0 0 0
volume_proxy 38 0.561780993 -0.0319737355 0.00574742479 0 0 0
volume_proxy 40 0.032386944 -0.955632077 0.00912012437 0 0 0
volume_proxy 50 -0.715030665 -0.569857985 0.00513319195 0 0 0
volume_proxy 53 -0.282292132 -0.918021111 0.00414589762 0 0 0
volume_proxy 58 1.41619887 -0.552228949 -0.00805167239 0 0 0
volume_proxy 60 0.127138919 0.596780281 0.00460884687 0 0 0
volume_proxy 61 -0.0122126423 -0.9155784 0.00788380301 0 0 0
volume_proxy 72 0.209829336 -0.294727766 -0.00217936654 0 0 0
volume_proxy 81 -0.694202177 -0.55213339 -0.00503482818 0 0 0
volume_proxy 85 -0.53215231 0.134827209 -0.010495235 0 0 0
volume_proxy 88 -0.763349034 -0.191962151 0.00205336321 0 0 0
volume_proxy 97 1.44417789 -0.556239479 -0.00395540472 0 0 0
volume_proxy 101 -1.15705493 0.861090815 -0.00256484583 0 0 0
volume_proxy 105 -0.0109104492 -0.923189193 -0.000297631716 0 0 0
volume_proxy 106 0.0313890035 -0.715960801 0.00117922844 0 0 0
volume_proxy 107 0.837018334 0.182249939 0.000451448027 0 0 0
volume_proxy 108 1.41483949 0.114912268 0.00417444023 0 0 0
volume_proxy 126 -0.11406333 -0.42921142 0.00259571868 0 0 0
volume_proxy 127 -0.657502054 0.432342336 0.00709925575 0 0 0
volume_proxy 130 0.948595496 0.501797143 -0.00319154548 0 0 0
volume_proxy 132 0.592922566 0.829982977 0.00460043626 0 0 0
volume_proxy 140 -0.495249736 0.484512264 0.0049748311 0 0 0
volume_proxy 145 -0.92525521 -0.887465746 0.00628292826 0 0 0
volume_proxy 157 0.364210633 0.292223091 -0.00481728272 0 0 0
volume_proxy 159 -0.129307493 -0.6519141 -0.00120510915 0 0 0
volume_proxy 161 -0.405966154 -0.0302563174 -0.00690797722 0 0 0
volume_proxy 176 0.364612888 -0.727992384 -0.00812779681 0 0 0
volume_proxy 178 -1.24484374 0.798096815 0.00625254592 0 0 0
volume_proxy 186 -0.0841241632 0.818001736 -0.004852952 0 0 0
volume_proxy 189 -1.17785066 0.504348137 0.00496893955 0 0 0
volume_proxy 195 -0.413545326 -0.352233504 -0.00347463419 0 0 0
volume_proxy 196 0.590914854 0.465327349 -0.00692472692 0 0 0
volume_proxy 200 -0.109383109 -0.760899626 0.00296358858 0 0 0
volume_proxy 202 -0.832702778 0.926679097 0.0101818092 0 0 0
volume_proxy 209 -0.832519295 -0.273162654 0.000911221857 0 0 0
volume_proxy 210 -0.390928572 0.202046168 -0.00256526278 0 0 0
volume_proxy 224 0.550623357 -0.732495586 -0.00473993418 0 0 0
volume_proxy 226 -0.586791014 -0.342356319 0.000952702302 0 0 0
volume_proxy 236 0.50159202 0.224994898 0.00680039579 0 0 0
volume_proxy 244 1.42379917 0.445329115 0.00984427986 0 0 0
volume_proxy 247 0.718883641 0.0677447126 -0.00872619083 0 0 0
volume_proxy 256 -0.341848109 -0.67843098 -0.0101522954 0 0 0
volume_proxy 259 0.190805428 -0.0698246123 0.010528507 0 0 0
volume_proxy 269 -0.0785740465 -0.775989138 -0.0105269351 0 0 0
volume_proxy 276 0.790824141 -0.284536464 0.00344329214 0 0 0
volume_proxy 277 -0.750894174 -0.397563842 0.00179952482 0 0 0
volume_proxy 294 0.661760997 0.437202816 -0.000459996824 0 0 0
volume_proxy 296 0.258117658 -0.283733518 0.00552027956 0 0 0
volume_proxy 298 1.17091696 -0.46414191 0.00103275596 0 0 0
volume_proxy 305 0.393727938 -0.285791409 7.63214878e-05 0 0 0
volume_proxy 310 1.21778521 0.565617274 -0.00388004603 0 0 0
volume_proxy 311 1.38689877 -0.27439376 0.00344231933 0 0 0
volume_proxy 329 -0.802669273 -0.0107931889 0.00404109489 0 0 0
volume_proxy 337 -0.875937079 0.464235997 -0.00818754046 0 0 0
volume_proxy 344 0.628511252 0.39409959 0.00849080533 0 0 0
volume_proxy 347 -0.622370342 -0.696995035 -0.00432215271 0 0 0
volume_proxy 349 0.647816508 0.0147155711 -0.010022546 0 0 0
volume_proxy 356 0.537278215 0.40108526 -0.00987169766 0 0 0
volume_proxy 358 0.970528361 0.871618102 -0.00414214956 0 0 0
volume_proxy 375 1.13192637 -0.360896233 0.000221139572 0 0 0
volume_proxy 388 -1.13435055 0.201831659 0.000270845038 0 0 0
volume_proxy 399 0.828769415 -0.511410742 -0.00624391049 0 0 0
volume_proxy 409 0.422124317 -0.660394084 0.00940432344 0 0 0
volume_proxy 412 1.49992841 -0.025370027 -0.0101719082 0 0 0
volume_proxy 431 -1.17937751 -0.99590519 -0.00425079591 0 0 0
volume_proxy 512 0.275241204 -0.889725472 0.00888948852 0 0 0
volume_proxy 518 1.41158338 0.727047406 0.00679019946 0 0 0
volume_proxy 591 -0.261763121 0.397113988 0.00219209294 0 0 0
volume_proxy 682 0.312613866 -0.390124153 -0.00206493989 0 0 0
volume_proxy 725 -1.16636821 -0.757956696 0.0104353514 0 0 0
volume_proxy 751 -0.397130777 -0.834091399 0.0105417625 0 0 0
volume_proxy 802 0.888140087 -0.440536723 -0.00997780882 0 0 0
volume_proxy 814 0.225355906 0.130894072 -0.0049884731 0 0 0
volume_proxy 876 -0.218686339 -0.251395381 -0.00872752236 0 0 0
volume_proxy 904 -0.629317485 0.73364692 0.0100004744 0 0 0
volume_proxy 914 0.146891389 -0.649951414 0.00063610059 0 0 0
volume_proxy 929 -1.07964368 -0.522713829 -0.00996948728 0 0 0
volume_proxy 944 0.255316221 -0.720370236 -0.00415547744 0 0 0
volume_proxy 991 -1.23895794 -0.724662354 0.000672315108 0 0 0
volume_proxy 1020 -1.16611162 0.633246003 -0.00562609138 0 0 0
volume_proxy 1021 -0.728114652 -0.970558359 -0.00843042864 0 0 0
volume_proxy 1042 0.727212888 0.839670444 0.0024749879 0 0 0
volume_proxy 1050 -1.4547625 -0.334511559 0.00680015214 0 0 0
volume_proxy 1052 -0.276149904 -0.0349820593 -0.00142008989 0 0 0
volume_proxy 1062 0.87629954 0.0896291584 -0.000578537459 0 0 0
volume_proxy 1066 0.505158373 0.428683483 0.00063553638 0 0 0
volume_proxy 1093 -0.171985065 -0.53857551 -0.00409707962 0 0 0
volume_proxy 1098 0.813387397 0.908442116 0.0015604859 0 0 0
volume_proxy 1118 -0.327898038 -0.413932754 0.00309402229 0 0 0
volume_proxy 1120 -0.297244287 0.560651451 0.00346149063 0 0 0
volume_proxy 1133 0.720958173 -0.706150438 0.0100590078 0 0 0
volume_proxy 1137 -0.596377922 -0.0274278258 0.00814055242 0 0 0
volume_proxy 1138 1.3595879 -0.990013434 0.00559189298 0 0 0
volume_proxy 1151 0.746218549 -0.998952412 -0.00260570497 0 0 0
volume_proxy 1166 -0.916093399 0.536382346 -0.00710010987 0 0 0
volume_proxy 1169 1.30881583 -0.842525074 0.000798538002 0 0 0
volume_proxy 1172 0.223045138 0.554143555 -0.00194674282 0 0 0
volume_proxy 1180 -0.915309959 0.0972847763 -0.000143252344 0 0 0
volume_proxy 1186 -0.589270445 -0.957729599 0.00202614828 0 0 0
volume_proxy 1193 -0.955131286 -0.2943938 5.73246366e-06 0 0 0
volume_proxy 1195 -1.33458582 -0.37962045 -0.00553151806 0 0 0
volume_proxy 1197 -0.461463661 -0.497414772 0.00434657331 0 0 0
volume_proxy 1198 -0.101999086 0.754389793 0.0107871881 0 0 0
volume_proxy 1208 -0.537173925 -0.385219828 -0.000923177194 0 0 0
volume_proxy 1209 -1.01037456 0.45460972 -0.00952086778 0 0 0
volume_proxy 1210 -1.00595116 0.908073237 -0.000409101672 0 0 0
volume_proxy 1217 -0.333555303 0.394774575 0.00655850208 0 0 0
volume_proxy 1219 -0.758385029 0.626925826 0.00544074232 0 0 0
volume_proxy 1223 1.31786288 0.26681192 -0.00537418874 0 0 0
volume_proxy 1225 -0.0328225062 -0.194627973 0.00737238332 0 0 0
volume_proxy 1230 0.973400106 -0.357301207 -0.00322382141 0 0 0
volume_proxy 1231 -1.49737641 -0.0298826646 -0.00755196615 0 0 0
volume_proxy 1237 0.161985818 0.835209545 -0.00879386059 0 0 0
volume_proxy 1238 0.659207669 0.968431353 0.00505403337 0 0 0
volume_proxy 1245 -1.22351973 0.99224312 -0.00136654579 0 0 0
volume_proxy 1255 1.17169113 -0.520097016 -0.00807968918 0 0 0
volume_proxy 1259 -0.802309707 0.618832982 0.00909097626 0 0 0
volume_proxy 1262 1.45779577 0.295416054 -0.00257060836 0 0 0
volume_proxy 1264 0.148420848 -0.352734557 -0.00558137976 0 0 0
volume_proxy 1270 0.369707114 0.0197778425 0.00261242893 0 0 0
volume_proxy 1273 -0.721458972 0.462353694 0.007004356 0 0 0
volume_proxy 1280 -1.0355122 0.182518409 0.00245330374 0 0 0
volume_proxy 1285 -1.31833815 0.937314871 0.00732058453 0 0 0
volume_proxy 1292 0.175967671 0.248936015 -0.010235986 0 0 0
volume_proxy 1293 -0.318092949 -0.999044896 -0.00376164757 0 0 0
volume_proxy 1294 1.05526308 0.597345009 0.00479445979 0 0 0
volume_proxy 1295 -1.38022896 0.630202567 0.00106129207 0 0 0
volume_proxy 1296 -0.0425606301 -0.0694746118 0.00844681511 0 0 0
volume_proxy 1297 -0.192459638 -0.745163126 0.00328016788 0 0 0
volume_proxy 1298 -1.15340157 -0.963830693 0.00433527879 0 0 0
volume_proxy 1301 -0.662298246 0.886589419 -0.00395794924 0 0 0
volume_proxy 1303 -0.817213001 0.962114371 0.00619772921 0 0 0
volume_proxy 1308 -0.335907962 0.172207031 0.00613863747 0 0 0
volume_proxy 1309 -0.320193989 -0.288423205 0.00515440428 0 0 0
volume_proxy 1315 -0.991866598 -0.723842007 -0.000313804331 0 0 0
volume_proxy 1318 0.772335 -0.34263953 0.00501763575 0 0 0
volume_proxy 1325 -0.216690931 -0.516081571 8.23477593e-05 0 0 0
volume_proxy 1326 -0.0554485983 0.0318632709 0.000461151839 0 0 0
volume_proxy 1329 0.95746389 0.746054114 0.00468944104 0 0 0
volume_proxy 1330 0.45739215 0.409118358 -0.0104067712 0 0 0
volume_proxy 1331 0.305224029 0.279561047 0.00278349694 0 0 0
volume_proxy 1334 -1.38689058 -0.11330266 -0.000236381058 0 0 0
volume_proxy 1335 0.431096057 -0.203238992 -0.00317850455 0 0 0
volume_proxy 1336 0.628525099 -0.0255281764 0.00602453243 0 0 0
volume_proxy 1337 -0.087224289 0.558548115 0.00219751691 0 0 0
volume_proxy 1340 0.337794154 0.858645833 0.0102477628 0 0 0
volume_proxy 1341 -0.697545198 -0.471186653 -0.000287841493 0 0 0
volume_proxy 1345 0.366113274 -0.965177357 -0.00572765681 0 0 0
volume_proxy 1347 -0.414150646 0.297487396 -0.00566508901 0 0 0
volume_proxy 1348 0.816673468 -0.697402686 0.00128255824 0 0 0
volume_proxy 1349 -1.49032166 -0.213109587 -0.00685843044 0 0 0
volume_proxy 1353 1.22727589 -0.125469174 0.0107302487 0 0 0
volume_proxy 1354 -0.436946833 -0.354356769 -0.00857189124 0 0 0
volume_proxy 1357 -1.46129167 0.0582392871 -0.00664895943 0 0 0
volume_proxy 1358 -0.501566024 -0.29293285 0.00397796958 0 0 0
volume_proxy 1360 -1.32146711 -0.880680217 -0.00243464362 0 0 0
volume_proxy 1361 1.05484463 0.840978131 -0.00533306546 0 0 0
volume_proxy 1366 1.00481577 0.909802942 0.00366416658 0 0 0
volume_proxy 1367 -0.508190293 -0.869817374 0.00277521672 0 0 0
volume_proxy 1368 1.00358872 -0.900598261 -0.000602751182 0 0 0
volume_proxy 1369 1.04756327 0.839752139 0.0102638315 0 0 0
volume_proxy 1376 0.888308273 -0.394047712 -0.00282898526 0 0 0
volume_proxy 1378 0.543426023 -0.559279681 0.00884478484 0 0 0
volume_proxy 1379 0.586095429 0.290427722 0.00811604474 0 0 0
volume_proxy 1380 -0.253489999 0.324556718 0.0100085687 0 0 0
volume_proxy 1381 0.760389335 0.585668381 0.00849684985 0 0 0
volume_proxy 1382 -0.446458632 -0.0654139032 -0.00157831248 0 0 0
volume_proxy 1383 -1.27211369 0.63144411 -0.00847344854 0 0 0
volume_proxy 1384 0.473355595 0.397406874 0.000769548344 0 0 0
volume_proxy 1385 1.15399543 0.548658988 0.00872708933 0 0 0
volume_proxy 1386 0.590530056 0.507114873 -0.00889146845 0 0 0
volume_proxy 1387 0.0140007971 0.737088514 0.00193448311 0 0 0
volume_proxy 1388 0.123074843 0.18966567 -0.00295097508 0 0 0
volume_proxy 1389 -0.0267190631 0.828471577 -0.00797590376 0 0 0
volume_proxy 1390 -1.46945234 0.367308212 -0.00598153614 0 0 0
volume_proxy 1391 0.565759307 0.0367334972 -0.00756569476 0 0 0
volume_proxy 1392 -0.473246063 -0.934684522 0.00226876892 0 0 0
volume_proxy 1393 0.843815817 0.145948589 -0.00813980845 0 0 0
volume_proxy 1394 1.25444094 0.662447166 -0.00332473153 0 0 0
volume_proxy 1395 1.35073606 0.256908467 0.00307948239 0 0 0
volume_proxy 1396 -0.966304397 -0.549627506 0.00175822285 0 0 0
volume_proxy 1397 -0.674346503 0.450238708 0.00739977628 0 0 0
volume_proxy 1398 -0.732046413 0.446195363 0.00931190533 0 0 0
volume_proxy 1401 1.08103324 0.433403659 0.0034928505 0 0 0
volume_proxy 1403 0.857323251 0.0468544454 0.00760064736 0 0 0
volume_proxy 1404 0.944987047 0.720938299 0.00556195225 0 0 0
