volume_proxy 0 1.23104333 -0.0679523867 -0.00419716666 0 0 0
volume_proxy 4 1.14379001 0.601162883 0.0094299018 0 0 0
volume_proxy 5 -0.519148095 0.27856848 -0.0106028327 0 0 0
volume_proxy 6 1.45408107 0.385376363 -0.00825890421 0 0 0
volume_proxy 11 -0.352833754 0.712789684 0.00810747902 0 0 0
volume_proxy 12 0.493434825 -0.182852635 0.00595562386 0 0 0
volume_proxy 13 -1.33160824 -0.761834282 -0.00823946414 0 0 0
volume_proxy 14 0.3346196 0.385985158 -0.00851458702 0 0 0
volume_proxy 15 -0.282424115 -0.750290687 0.0092223994 0 0 0
volume_proxy 23 -0.592581618 -0.306697326 -0.00946378369 0 0 0
volume_proxy 36 0.435072461 0.920919114 0.00119999381 0 0 0
volume_proxy 38 0.390980141 0.0784673924 -0.00819709714 0 0 0
volume_proxy 40 0.000824209547 -0.865077691 -0.00215188422 0 0 0
volume_proxy 47 1.05684046 -0.200958953 0.000647025411 0 0 0
volume_proxy 49 0.108083941 -0.739645995 -0.00647874645 0 0 0
volume_proxy 50 -0.192892074 -0.552223768 8.49933507e-05 0 0 0
volume_proxy 52 -0.886553894 -0.293680285 -0.00363397897 0 0 0
volume_proxy 53 0.267148066 -0.236834123 0.0107363215 0 0 0
volume_proxy 57 -1.31765115 0.323923251 -0.00817333926 0 0 0
volume_proxy 58 0.555558305 -0.73024585 0.00594696987 0 0 0
volume_proxy 59 -0.692941666 0.863879539 0.00130751131 0 0 0
volume_proxy 60 -0.310031913 0.81854555 -0.0104650459 0 0 0
volume_proxy 61 -1.44451604 -0.386089203 -0.00872713838 0 0 0
volume_proxy 62 0.0421037313 0.2202938 -0.00516888732 0 0 0
volume_proxy 69 -0.989398878 -0.0333273551 -0.00839920108 0 0 0
volume_proxy 72 0.456038782 -0.178941527 0.00575999591 0 0 0
volume_proxy 81 -1.21894498 0.258197385 0.00434280475 0 0 0
volume_proxy 85 -0.37014526 0.295248308 -0.00166854735 0 0 0
volume_proxy 87 1.29442009 0.78332906 0.010544175 0 0 0
volume_proxy 88 -0.967533532 0.136075033 0.000177662175 0 0 0
volume_proxy 97 1.218292 -0.0385882353 0.0102282693 0 0 0
volume_proxy 101 -0.920326339 0.6174973 0.0083543334 0 0 0
volume_proxy 102 0.280159927 -0.401116759 0.00350602611 0 0 0
volume_proxy 105 -0.516589809 -0.626699773 0.00383257106 0 0 0
volume_proxy 106 -0.226703328 -0.636853592 -0.00687255884 0 0 0
volume_proxy 107 0.288888583 0.316845798 0.00159135443 0 0 0
volume_proxy 108 1.23419134 -0.386486974 -0.00431489757 0 0 0
volume_proxy 113 -0.496284397 -0.253942978 -0.00185863729 0 0 0
volume_proxy 125 -0.88372242 -0.0217843007 -0.00959316099 0 0 0
volume_proxy 126 -0.201525279 -0.687186271 0.00669881567 0 0 0
volume_proxy 127 0.273668303 0.000663610484 -0.00230255854 0 0 0
volume_proxy 130 1.3961189 0.149155691 0.00584079373 0 0 0
volume_proxy 132 0.624126828 0.744885485 -0.00325936138 0 0 0
volume_proxy 135 0.694318133 -0.958112822 0.00185667354 0 0 0
volume_proxy 140 -0.737684856 0.805724635 0.00359415608 0 0 0
volume_proxy 145 -0.706093461 -0.548696504 -0.00539495315 0 0 0
volume_proxy 149 -1.00889982 0.747693285 -0.00293904799 0 0 0
volume_proxy 157 0.69892757 0.513152208 0.00561270446 0 0 0
volume_proxy 159 -0.957689539 -0.663469077 -0.007255985 0 0 0
volume_proxy 161 -0.143159937 0.0121054276 0.00279735057 0 0 0
volume_proxy 163 -1.46732809 0.150372538 -0.00407336736 0 0 0
volume_proxy 169 1.12764346 0.234757135 -0.00611992669 0 0 0
volume_proxy 176 0.144500213 0.105126248 -0.0071666265 0 0 0
volume_proxy 178 -0.676732701 0.0779160286 0.000597947729 0 0 0
volume_proxy 186 -0.358589171 0.00846919839 -0.00972012526 0 0 0
volume_proxy 189 -0.805412374 0.328548997 -0.00753139718 0 0 0
volume_proxy 194 0.164955569 -0.819838755 -0.00443073959 0 0 0
volume_proxy 195 -0.79096056 0.373805541 0.005996729 0 0 0
volume_proxy 196 0.777798988 0.429210941 -0.00483124604 0 0 0
volume_proxy 198 1.08331115 -0.584439718 -0.00704031318 0 0 0
volume_proxy 200 -1.06646486 -0.283693823 0.00962608953 0 0 0
volume_proxy 201 -1.34277897 0.292153724 -0.00596522284 0 0 0
volume_proxy 202 -0.733331032 0.417734033 -0.00605224989 0 0 0
volume_proxy 208 -1.14051702 0.238037901 -0.00707317628 0 0 0
volume_proxy 209 -0.93908604 -0.322389584 0.0039395139 0 0 0
volume_proxy 210 0.0495256021 0.123234238 -0.00181403653 0 0 0
volume_proxy 213 0.10301256 0.0669823811 -0.0101948702 0 0 0
volume_proxy 223 -1.17765316 0.275390724 -0.00486818663 0 0 0
volume_proxy 224 1.45571225 -0.865213391 0.00984915197 0 0 0
volume_proxy 226 -0.815326079 -0.771584394 0.00148940061 0 0 0
volume_proxy 228 0.0390999033 0.17979152 -0.000436286429 0 0 0
volume_proxy 230 0.601885825 0.864546191 0.00651180864 0 0 0
volume_proxy 232 0.541782384 0.332411842 -0.00569764246 0 0 0
volume_proxy 236 0.842541894 0.00458184642 -0.00552430941 0 0 0
volume_proxy 237 0.356026986 0.920926581 0.0098346501 0 0 0
volume_proxy 242 1.05031669 0.526848617 0.00473907436 0 0 0
volume_proxy 244 0.650207128 0.805985882 0.000268083067 0 0 0
volume_proxy 247 1.25569536 -0.259410989 0.00223495586 0 0 0
volume_proxy 251 0.487227591 0.605149203 0.00263870836 0 0 0
volume_proxy 256 0.362546052 -0.753121886 0.00308478461 0 0 0
volume_proxy 257 -0.111932174 0.293169682 0.00992029763 0 0 0
volume_proxy 258 0.565319636 -0.0713113713 0.00538503022 0 0 0
volume_proxy 259 0.602084303 0.426676097 -0.00429562348 0 0 0
volume_proxy 269 1.13244224 -0.0234498504 0.00354441237 0 0 0
volume_proxy 271 -1.26424549 0.779626008 0.00714997645 0 0 0
volume_proxy 273 1.47084241 0.337208635 -0.00815682882 0 0 0
volume_proxy 276 0.373889002 0.0698962793 0.00911301305 0 0 0
volume_proxy 277 -0.194413023 -0.615977682 0.00660987708 0 0 0
volume_proxy 279 -0.554563558 -0.546850225 0.00549564629 0 0 0
volume_proxy 281 -1.41878279 0.990335177 -0.00648276092 0 0 0
volume_proxy 284 -1.01873059 0.838535929 -0.00568926649 0 0 0
volume_proxy 285 -0.656085683 -0.640858034 -0.00959409976 0 0 0
volume_proxy 294 -0.056920923 0.787048181 0.00065503937 0 0 0
volume_proxy 296 0.459838987 -0.581378763 0.00858784041 0 0 0
volume_proxy 297 1.09258112 0.0618922043 -0.00557056547 0 0 0
volume_proxy 298 1.0146962 -0.546095437 0.00600745691 0 0 0
volume_proxy 305 -0.0350658349 -0.168608418 -0.00618894673 0 0 0
volume_proxy 309 1.06870477 0.790671099 -0.00636841639 0 0 0
volume_proxy 310 0.68614329 0.164708732 -0.00113825463 0 0 0
volume_proxy 311 0.433319287 -0.968097924 0.00762035081 0 0 0
volume_proxy 314 -0.285820554 0.267947707 -0.00962835929 0 0 0
volume_proxy 315 -0.210568321 0.111849087 0.0106054354 0 0 0
volume_proxy 319 0.270009679 -0.745036407 0.00301344132 0 0 0
volume_proxy 321 -0.40398555 -0.945373869 -0.00915486398 0 0 0
volume_proxy 322 0.557021392 0.536442501 -0.00476983809 0 0 0
volume_proxy 329 -0.265615806 0.854044054 0.0101350883 0 0 0
volume_proxy 335 -1.13676322 -0.234971586 -0.000198158181 0 0 0
volume_proxy 337 -0.78119395 0.717420768 -0.0066091159 0 0 0
volume_proxy 338 -0.445695779 -0.119839842 0.00108292504 0 0 0
volume_proxy 339 -0.794662218 -0.47155033 -0.00464228581 0 0 0
volume_proxy 343 -0.101422349 0.86596261 -0.00110538673 0 0 0
volume_proxy 344 0.577100482 0.236824991 0.0105196597 0 0 0
volume_proxy 345 -0.933027472 -0.15285376 -0.00670400323 0 0 0
volume_proxy 347 0.169939251 -0.267158961 -0.0090735911 0 0 0
volume_proxy 349 0.586040061 0.185442526 -0.00848092966 0 0 0
volume_proxy 356 0.709651591 0.712996959 -0.00028974135 0 0 0
volume_proxy 358 1.43922308 0.796189634 -0.00702604688 0 0 0
volume_proxy 370 1.18344215 0.436144522 0.00634239851 0 0 0
volume_proxy 371 -1.0453881 0.151352663 -0.00933039945 0 0 0
volume_proxy 375 0.877015413 0.258846205 0.00303412965 0 0 0
volume_proxy 377 0.658449445 0.277034483 0.00561869712 0 0 0
volume_proxy 380 -0.658096668 -0.519674732 0.00377766139 0 0 0
volume_proxy 383 0.887886879 -0.842146436 -0.00781239157 0 0 0
volume_proxy 384 -0.24545371 0.947704644 -0.00628300008 0 0 0
volume_proxy 388 -1.46804029 -0.134184104 -0.000347131852 0 0 0
volume_proxy 393 1.23845375 0.0132293361 0.00427393441 0 0 0
volume_proxy 396 -0.934967676 0.796833238 0.00745515657 0 0 0
volume_proxy 397 0.950135879 0.123843725 0.00478962272 0 0 0
volume_proxy 399 1.1684279 -0.968445587 -0.00856645421 0 0 0
volume_proxy 400 0.0690166013 -0.556001831 0.00568611782 0 0 0
volume_proxy 402 -0.897115786 -0.716003177 0.00784314812 0 0 0
volume_proxy 409 -0.540378608 -0.631890125 -0.000223038592 0 0 0
volume_proxy 412 1.45734169 -0.739603023 0.0101292354 0 0 0
volume_proxy 415 -0.735102347 -0.699625392 0.00710759149 0 0 0
volume_proxy 418 -0.728341215 -0.150211248 -0.00171621646 0 0 0
volume_proxy 425 -0.115373397 -0.243485464 0.00482717291 0 0 0
volume_proxy 431 -1.38622713 -0.840149742 0.00970528596 0 0 0
volume_proxy 435 -0.998733184 -0.971177866 -0.000828869482 0 0 0
volume_proxy 442 0.0950106804 -0.350609438 -0.00871705128 0 0 0
volume_proxy 463 -0.00187981472 -0.581313737 0.00270372394 0 0 0
volume_proxy 470 1.32533467 0.602115902 -0.00896080187 0 0 0
volume_proxy 497 -1.23544318 -0.96371186 0.00522944685 0 0 0
volume_proxy 502 1.13799491 -0.18951775 0.00270223669 0 0 0
volume_proxy 512 0.321819936 -0.899008672 -0.00555986601 0 0 0
volume_proxy 513 0.535926348 0.138963383 -0.00996034822 0 0 0
volume_proxy 518 1.31380844 -0.643160803 0.00524742499 0 0 0
volume_proxy 544 0.624180681 0.829144923 0.00813577454 0 0 0
volume_proxy 547 1.19893032 0.898597195 0.00111395437 0 0 0
volume_proxy 549 0.379889719 -0.817101673 -0.00915265866 0 0 0
volume_proxy 559 1.26968123 0.867261757 -0.00800750722 0 0 0
volume_proxy 572 0.0852047512 -0.124868753 -0.000289924707 0 0 0
volume_proxy 578 -0.879171559 0.853329849 0.0107417506 0 0 0
volume_proxy 581 1.23042603 0.706378566 0.00955738971 0 0 0
volume_proxy 591 -0.835990437 0.617248837 0.0106457332 0 0 0
volume_proxy 594 -1.13630321 0.425822537 0.00693013082 0 0 0
volume_proxy 608 -0.484740752 -0.427981125 0.00963080429 0 0 0
volume_proxy 615 0.939907681 -0.364472422 0.00954224801 0 0 0
volume_proxy 616 1.45058223 0.148902743 0.000252698684 0 0 0
volume_proxy 626 1.18390024 0.100752532 -0.00468856295 0 0 0
volume_proxy 637 -1.32109622 -0.902145609 0.00290794192 0 0 0
volume_proxy 647 -0.108542754 0.79996317 0.00893833866 0 0 0
volume_proxy 669 1.08694104 -0.222114943 -0.000818851663 0 0 0
volume_proxy 682 0.0399341272 0.782404543 -0.0101002167 0 0 0
volume_proxy 693 -0.528852273 0.679495272 0.000712032938 0 0 0
volume_proxy 698 -0.0860627775 0.802946805 0.00346262758 0 0 0
volume_proxy 702 -0.20873366 -0.114757172 -0.00482372273 0 0 0
volume_proxy 703 -0.893879448 0.142867241 0.00535031811 0 0 0
volume_proxy 704 1.17299901 0.107738832 0.00404866736 0 0 0
volume_proxy 708 -1.04367449 0.504265384 -0.00351357251 0 0 0
volume_proxy 722 0.704140437 0.536659087 -0.00184800849 0 0 0
volume_proxy 725 -1.43631855 -0.924569712 -0.00611241501 0 0 0
volume_proxy 751 0.202991371 -0.739597541 -0.00126934497 0 0 0
volume_proxy 757 0.0176405437 0.222477916 0.00430837426 0 0 0
volume_proxy 781 -0.791994668 0.0268588839 -0.010661614 0 0 0
volume_proxy 795 0.637886938 -0.794661101 -0.00963427694 0 0 0
volume_proxy 797 -1.2125525 -0.338415165 0.00173191816 0 0 0
volume_proxy 800 -1.25096108 0.919691304 -0.00938154534 0 0 0
volume_proxy 802 0.480120909 0.0438095078 0.00982136744 0 0 0
volume_proxy 804 0.0857914795 -0.072688195 -0.00750982645 0 0 0
volume_proxy 810 0.812177154 0.134466857 0.00229519231 0 0 0
volume_proxy 811 0.554699906 0.594724317 -0.00878735952 0 0 0
volume_proxy 812 0.968450283 0.521039519 -0.00679486889 0 0 0
volume_proxy 814 1.16161602 0.0341646772 0.0101687961 0 0 0
volume_proxy 822 0.226591168 -0.780282599 -0.00916172384 0 0 0
volume_proxy 825 1.44106465 0.562791991 -0.00173933032 0 0 0
volume_proxy 833 -0.402543373 0.11929 -0.00620226402 0 0 0
volume_proxy 835 -0.055660049 -0.86552951 0.00150136826 0 0 0
volume_proxy 839 -0.231206737 -0.224074843 0.00159204091 0 0 0
volume_proxy 846 1.40948597 0.0698692052 -0.00359122835 0 0 0
volume_proxy 848 -0.982814775 -0.207573613 0.00225273804 0 0 0
volume_proxy 854 -0.437427461 0.875929171 -0.00964587201 0 0 0
volume_proxy 856 1.06918934 0.523540674 0.0103383786 0 0 0
volume_proxy 869 1.23614529 0.604171229 -0.00869616351 0 0 0
volume_proxy 876 -0.101497048 -0.54095677 -0.0103670096 0 0 0
volume_proxy 878 1.42548858 -0.567036795 -0.00588085245 0 0 0
volume_proxy 883 0.0122542426 0.936627847 -0.00741459312 0 0 0
volume_proxy 889 -1.42404546 0.605415382 -0.00796830292 0 0 0
volume_proxy 896 1.33930628 0.480508276 -0.0051681261 0 0 0
volume_proxy 902 -0.0760607644 0.643358484 0.000330073161 0 0 0
volume_proxy 903 0.454310414 0.753913012 0.0103847007 0 0 0
volume_proxy 904 -1.00866657 0.546534227 0.000973825381 0 0 0
volume_proxy 906 0.984254558 0.566600499 0.00477694613 0 0 0
volume_proxy 910 -1.3948648 0.662039734 0.00209086477 0 0 0
volume_proxy 912 1.37455749 0.190154991 -0.0102950484 0 0 0
volume_proxy 913 -1.20524319 -0.974043187 -0.00903388009 0 0 0
volume_proxy 914 0.00993455226 -0.943464681 -0.00604146015 0 0 0
volume_proxy 915 -0.439952387 -0.371592439 -0.000199738783 0 0 0
volume_proxy 924 -0.570260571 0.408075538 0.00670168951 0 0 0
volume_proxy 926 -0.0929704733 0.237696424 0.00994210609 0 0 0
volume_proxy 929 -0.601531948 -0.826158928 -0.0092443716 0 0 0
volume_proxy 931 0.0557860137 -0.118777157 0.00313315683 0 0 0
volume_proxy 935 -1.37895565 0.348905004 -0.00717810137 0 0 0
volume_proxy 939 0.913651537 0.859533949 0.00289649088 0 0 0
volume_proxy 944 0.625525846 -0.972879625 0.00735135686 0 0 0
volume_proxy 945 -0.593124612 0.444137172 -0.00147501329 0 0 0
volume_proxy 948 -0.218152025 -0.00627231239 -0.0060033484 0 0 0
volume_proxy 949 -0.61320137 0.0160292397 -0.00602720648 0 0 0
volume_proxy 963 -0.706807676 0.577419991 -0.010565857 0 0 0
volume_proxy 966 -0.512063064 0.944275344 0.00814528154 0 0 0
volume_proxy 969 -0.990261978 0.0457441785 0.00726746261 0 0 0
volume_proxy 973 -0.19438222 0.0324001688 0.0012455264 0 0 0
volume_proxy 974 0.431471887 -0.822228923 -0.00591550162 0 0 0
volume_proxy 977 -1.09027789 -0.211497097 0.00363423708 0 0 0
volume_proxy 979 -0.0972998921 0.827553211 0.000124153401 0 0 0
volume_proxy 981 -0.235488392 0.325268903 -0.00313561895 0 0 0
volume_proxy 983 1.14199967 -0.320188969 0.00898612362 0 0 0
volume_proxy 984 1.49558749 0.533172819 0.00389012783 0 0 0
volume_proxy 990 -1.17139601 0.36490835 0.00289030328 0 0 0
volume_proxy 991 -0.605224786 -0.185455279 0.00212589157 0 0 0
volume_proxy 992 -0.137632301 0.292183198 0.00695333339 0 0 0
volume_proxy 997 1.24164618 0.120363687 0.00967560276 0 0 0
volume_proxy 999 -0.704243149 -0.335383044 0.00186139675 0 0 0
volume_proxy 1001 0.597066643 0.978295664 -0.00593448804 0 0 0
volume_proxy 1007 -1.18049885 -0.577848309 0.00586834465 0 0 0
volume_proxy 1008 0.264711663 -0.625578414 -0.00712737595 0 0 0
volume_proxy 1012 0.844898385 0.0203566389 -0.00689152408 0 0 0
volume_proxy 1016 1.07857941 -0.8525553 0.00637641824 0 0 0
volume_proxy 1017 0.607638034 -0.66014953 -0.00832589083 0 0 0
volume_proxy 1018 -0.95401908 -0.622784744 -0.00601043658 0 0 0
volume_proxy 1019 -0.778946075 -0.753805397 0.00582242715 0 0 0
volume_proxy 1020 -0.763596164 0.485797257 0.00840079115 0 0 0
volume_proxy 1021 -0.924887179 -0.440751162 -3.06336636e-05 0 0 0
volume_proxy 1023 0.824106382 0.270654658 0.00219984516 0 0 0
volume_proxy 1024 1.11597843 0.807963593 -0.00657679103 0 0 0
volume_proxy 1028 -1.41375591 -0.673176732 -0.00989590995 0 0 0
volume_proxy 1029 1.00371853 0.932196088 -0.0101014313 0 0 0
volume_proxy 1030 0.571323287 0.448494838 -0.00654671852 0 0 0
volume_proxy 1031 1.10826298 -0.576572983 0.0106644377 0 0 0
volume_proxy 1032 1.18563961 0.261933282 0.00142574248 0 0 0
volume_proxy 1033 0.889183156 0.876989072 -0.00185046198 0 0 0
volume_proxy 1035 0.316803961 -0.360077931 -0.00118242755 0 0 0
volume_proxy 1036 0.916699977 -0.257089074 0.00519765336 0 0 0
volume_proxy 1040 -0.959346065 -0.804890471 -0.000172089446 0 0 0
volume_proxy 1041 0.245833717 0.361191088 -0.00223940305 0 0 0
volume_proxy 1042 0.816858972 0.180089509 0.0027882574 0 0 0
volume_proxy 1046 0.0199558134 -0.190530548 0.00408663 0 0 0
volume_proxy 1050 -0.679305654 -0.38409288 0.00675207113 0 0 0
volume_proxy 1052 -0.640435646 0.176901823 -0.00966160598 0 0 0
volume_proxy 1053 -0.461732755 -0.857187388 0.00588316347 0 0 0
volume_proxy 1056 -1.42828106 0.918188396 0.00747348888 0 0 0
volume_proxy 1057 0.0231681781 -0.500397289 0.0035980825 0 0 0
volume_proxy 1061 -0.527852178 -0.403977074 -0.00159382744 0 0 0
volume_proxy 1062 0.676774713 0.401207348 -0.00537957113 0 0 0
volume_proxy 1065 -1.37322609 -0.552044947 -0.00433540706 0 0 0
volume_proxy 1066 0.845824135 0.139680319 0.00412881549 0 0 0
volume_proxy 1067 0.957035668 -0.289008034 -0.00595660916 0 0 0
volume_proxy 1069 -0.858889609 0.393684592 -0.000529486978 0 0 0
volume_proxy 1070 -1.29608098 0.476888812 0.00123218895 0 0 0
volume_proxy 1072 -0.624137973 0.902526386 0.00843453731 0 0 0
volume_proxy 1075 -0.267749718 0.379465465 -0.00588112023 0 0 0
volume_proxy 1077 -1.03620278 0.969708807 -0.00687981506 0 0 0
volume_proxy 1078 -1.07225267 0.803175343 -0.00474736805 0 0 0
volume_proxy 1079 0.00477895217 -0.118603556 -0.00966071536 0 0 0
volume_proxy 1085 -0.0506215778 -0.257158545 0.00178709169 0 0 0
volume_proxy 1086 1.0571246 -0.545543573 0.0039263056 0 0 0
volume_proxy 1089 -0.877542838 0.639454722 0.007662615 0 0 0
volume_proxy 1091 0.277748759 0.198156728 0.00546290813 0 0 0
volume_proxy 1092 0.11010863 0.0978240306 0.00932151513 0 0 0
volume_proxy 1093 0.170404136 -0.689041922 -0.0045327636 0 0 0
volume_proxy 1094 -1.47133755 0.79809944 -0.000436866682 0 0 0
volume_proxy 1096 0.361923528 0.389044896 0.00794954541 0 0 0
volume_proxy 1098 0.499361307 0.675729222 0.00935642422 0 0 0
volume_proxy 1102 1.14637189 0.677257787 -0.00166915641 0 0 0
volume_proxy 1106 0.880203356 -0.615809602 -0.00312550443 0 0 0
volume_proxy 1107 -0.253737296 0.192364727 -0.00314187267 0 0 0
volume_proxy 1108 1.21276473 0.581178885 -0.00795061095 0 0 0
volume_proxy 1109 1.02976107 -0.783661941 0.00779584601 0 0 0
volume_proxy 1110 0.869854139 -0.999732923 0.00705139089 0 0 0
volume_proxy 1111 -0.428426808 -0.233561233 -0.00903446315 0 0 0
volume_proxy 1112 -0.732879551 0.964179645 0.00295074334 0 0 0
volume_proxy 1113 1.18768092 0.14584798 0.00980527703 0 0 0
volume_proxy 1114 -1.13238549 0.194810824 0.00338482299 0 0 0
volume_proxy 1117 0.650917203 -0.207104587 -0.00310389444 0 0 0
volume_proxy 1118 0.364225415 -0.522287292 0.00697872301 0 0 0
volume_proxy 1119 -1.37930383 0.551648433 -0.00159191131 0 0 0
volume_proxy 1120 -0.0494875647 0.156597021 0.00898915079 0 0 0
volume_proxy 1123 -1.35267549 0.827198649 -0.00231301233 0 0 0
volume_proxy 1127 0.545498134 0.606624166 -0.00921760213 0 0 0
volume_proxy 1128 -0.6475907 0.0892870584 -0.00390306802 0 0 0
volume_proxy 1129 1.11372748 0.733377866 -0.00632580601 0 0 0
volume_proxy 1130 -0.748509416 0.305695959 0.00436969944 0 0 0
volume_proxy 1131 -1.03062635 0.0731497761 -0.00710147144 0 0 0
volume_proxy 1132 0.553334159 0.203956039 0.00631506412 0 0 0
volume_proxy 1133 1.49089864 -0.612181228 0.00611525437 0 0 0
volume_proxy 1134 1.016375 0.681170344 0.00624277977 0 0 0
volume_proxy 1135 -0.89865433 -0.969977738 -0.00660812774 0 0 0
volume_proxy 1136 -1.0161554 -0.735837149 0.00742489172 0 0 0
volume_proxy 1137 -0.691081671 -0.140241498 -0.00166312543 0 0 0
volume_proxy 1138 1.31671607 -0.615140923 0.00883312778 0 0 0
volume_proxy 1139 1.47468876 -0.527961097 0.00441477983 0 0 0
volume_proxy 1143 -0.318945429 0.069741689 0.00277162052 0 0 0
volume_proxy 1144 0.507828614 -0.934702097 0.00121346939 0 0 0
volume_proxy 1145 -0.650302201 -0.972676692 -0.00748465068 0 0 0
volume_proxy 1146 -0.189013039 0.263204811 -0.00728729925 0 0 0
volume_proxy 1147 -0.114817161 0.0660092825 -0.00719985021 0 0 0
volume_proxy 1148 -0.013755369 -0.303432474 0.00221212715 0 0 0
volume_proxy 1149 -0.574429533 0.557090706 0.00030564771 0 0 0
volume_proxy 1150 -0.375814937 -0.707370147 0.00977350817 0 0 0
volume_proxy 1151 0.740947794 -0.666870505 0.0061586117 0 0 0
volume_proxy 1152 0.175029042 0.734324726 -0.0042788028 0 0 0
volume_proxy 1156 -1.06643047 0.517212723 -0.0015704422 0 0 0
volume_proxy 1157 -0.230173576 0.275529356 -0.00976324664 0 0 0
volume_proxy 1159 -0.49516319 0.97666724 0.00123545431 0 0 0
volume_proxy 1160 -0.324134249 0.908657091 0.0018941847 0 0 0
volume_proxy 1161 0.689462488 -0.805986315 0.00583812443 0 0 0
volume_proxy 1163 1.36598417 0.384605988 -0.00233274327 0 0 0
volume_proxy 1164 1.35485129 0.461795517 -0.00547419732 0 0 0
volume_proxy 1165 -0.205715647 -0.71743643 0.00490832145 0 0 0
volume_proxy 1166 -1.43801186 0.29639085 0.00233944233 0 0 0
volume_proxy 1167 -1.43405033 0.253465556 8.06976274e-05 0 0 0
volume_proxy 1168 0.220549126 -0.256926877 -0.000931578292 0 0 0
volume_proxy 1169 1.47814993 -0.368068215 -0.0058407251 0 0 0
volume_proxy 1170 -1.46487209 0.304043894 0.00307800207 0 0 0
volume_proxy 1171 -0.380061389 0.343456434 -0.0055712266 0 0 0
volume_proxy 1172 -0.259233041 0.32339493 0.00206678074 0 0 0
volume_proxy 1173 0.570847524 0.464943131 0.00207032402 0 0 0
volume_proxy 1174 0.577483616 0.040947843 0.00188434775 0 0 0
volume_proxy 1175 -0.541293882 -0.85293248 -0.00202824228 0 0 0
volume_proxy 1176 -0.938126786 -0.911989757 0.00998280287 0 0 0
