volume_proxy 0 1.26220692 -0.346109293 0.00441378436 0 0 0
volume_proxy 5 0.86363573 0.201918011 0.0104313657 0 0 0
volume_proxy 6 0.0959585011 -0.128283293 -0.00208620049 0 0 0
volume_proxy 11 0.757120907 -0.0807654513 -0.00476633263 0 0 0
volume_proxy 12 1.39895122 -0.354654728 0.00917629697 0 0 0
volume_proxy 14 -0.210999232 -0.129619624 0.000291111812 0 0 0
volume_proxy 23 0.576963066 -0.591889434 -0.00575817074 0 0 0
volume_proxy 38 0.567786612 -0.151796305 0.00396298773 0 0 0
volume_proxy 40 0.177972201 -0.697530926 0.0072547851 0 0 0
volume_proxy 50 -0.339268049 -0.593137437 -0.00794792449 0 0 0
volume_proxy 53 -0.455373789 -0.0147689282 0.00879030681 0 0 0
volume_proxy 58 0.928593131 -0.544827598 0.0103043813 0 0 0
volume_proxy 60 0.937040984 0.761560205 -0.0103822671 0 0 0
volume_proxy 61 0.0930838316 -0.787737927 0.00370099498 0 0 0
volume_proxy 72 0.266582762 0.0864273909 -0.00965890761 0 0 0
volume_proxy 85 -1.15650367 -0.137029205 -0.00500494064 0 0 0
volume_proxy 88 -1.23377228 -0.867068257 0.00852179864 0 0 0
volume_proxy 97 1.26383818 0.00538061668 0.00481595668 0 0 0
volume_proxy 101 -1.02552126 0.867112318 0.0068138078 0 0 0
volume_proxy 105 0.127101515 -0.138904217 -0.00483384618 0 0 0
volume_proxy 107 1.14395774 0.255939815 0.00800913097 0 0 0
volume_proxy 108 1.23468209 0.74287806 0.00726232636 0 0 0
volume_proxy 127 -0.68284015 0.566594041 0.0049161034 0 0 0
volume_proxy 130 1.4035435 0.613411982 0.00342969349 0 0 0
volume_proxy 140 -0.40942474 -0.030692399 0.000912547832 0 0 0
volume_proxy 157 1.17979584 -0.103938358 0.00833293986 0 0 0
volume_proxy 159 0.339515668 -0.306341292 -0.00925935063 0 0 0
volume_proxy 161 0.530227887 0.185734526 0.0103908042 0 0 0
volume_proxy 176 0.649116295 -0.690733004 -0.00988260596 0 0 0
volume_proxy 186 -0.085155132 0.189333733 -0.00761177601 0 0 0
volume_proxy 189 -1.2498331 0.68784319 -0.00930450404 0 0 0
volume_proxy 195 0.0732618684 0.303295249 -0.00289255961 0 0 0
volume_proxy 196 0.556374264 0.128491399 0.000658404398 0 0 0
volume_proxy 200 -0.457542757 -0.82866979 0.0100615401 0 0 0
volume_proxy 202 -1.12422225 0.720076996 0.00803232145 0 0 0
volume_proxy 209 -0.825861213 0.176332398 -0.00481907323 0 0 0
volume_proxy 210 -0.672508478 0.430918682 0.00111323966 0 0 0
volume_proxy 226 -0.635349844 -0.431931301 0.00337363928 0 0 0
volume_proxy 236 0.106320428 0.72035371 0.00606619927 0 0 0
volume_proxy 247 0.292982171 0.321222683 0.0100877243 0 0 0
volume_proxy 256 -0.623553299 0.228544503 0.00326974043 0 0 0
volume_proxy 259 0.16693846 0.21541568 -0.0016950554 0 0 0
volume_proxy 269 0.252266624 -0.362487089 0.00682710908 0 0 0
volume_proxy 277 -1.34243531 -0.490758063 -0.00138908316 0 0 0
volume_proxy 294 0.0212179099 0.377133648 0.0103331389 0 0 0
volume_proxy 296 -0.0289581872 -0.0803128132 -0.00350864456 0 0 0
volume_proxy 298 1.27729397 -0.799977839 -0.000351583268 0 0 0
volume_proxy 305 0.947873906 -0.871982192 2.4699755e-05 0 0 0
volume_proxy 310 0.990047651 0.144179567 0.00149628293 0 0 0
volume_proxy 329 -1.08766965 -0.908504311 0.00849828538 0 0 0
volume_proxy 337 -1.05459133 0.744819108 0.00282840248 0 0 0
volume_proxy 344 -0.6222867 0.622688496 -0.00206250057 0 0 0
volume_proxy 347 -0.303438167 -0.81062672 -0.00625875438 0 0 0
volume_proxy 349 -0.703416617 0.501535847 -0.000417007956 0 0 0
volume_proxy 356 0.504369069 0.684893711 -0.00137555876 0 0 0
volume_proxy 375 1.12326487 -0.300696562 -0.00808744175 0 0 0
volume_proxy 388 -1.49116412 0.984937543 -0.00389069175 0 0 0
volume_proxy 431 -1.12920225 -0.566527065 -0.00293475584 0 0 0
volume_proxy 802 1.17813389 -0.439510131 -0.00982149126 0 0 0
volume_proxy 876 0.327823909 -0.838534771 -0.00859235324 0 0 0
volume_proxy 904 0.021999653 0.232250973 -0.0103114369 0 0 0
volume_proxy 1020 -1.38878774 0.946671591 0.00349340085 0 0 0
volume_proxy 1052 0.145220978 -0.966056718 0.00884988873 0 0 0
volume_proxy 1066 0.712981427 0.438775294 0.00659739047 0 0 0
volume_proxy 1093 0.0304378418 0.106890967 -0.0023566643 0 0 0
volume_proxy 1120 -0.670528122 0.903897025 0.00943358121 0 0 0
volume_proxy 1166 -0.664345403 0.639560173 -0.0011013849 0 0 0
volume_proxy 1169 1.19591769 -0.956397659 0.00656307683 0 0 0
volume_proxy 1172 -0.0733109811 0.55866944 -0.0015004723 0 0 0
volume_proxy 1186 -0.457500947 -0.329195775 -0.0092102478 0 0 0
volume_proxy 1193 -0.795605397 -0.107303003 0.00914518628 0 0 0
volume_proxy 1210 -1.34093257 0.601236859 -6.81460557e-06 0 0 0
volume_proxy 1217 -0.352096731 -0.0455342437 -0.00519135537 0 0 0
volume_proxy 1219 -1.02289675 0.977523658 -0.00578587083 0 0 0
volume_proxy 1225 0.0661826627 -0.531562828 0.0104315454 0 0 0
volume_proxy 1245 -1.46146415 0.951205039 0.0011875027 0 0 0
volume_proxy 1270 0.128407083 0.206174509 0.00177950072 0 0 0
volume_proxy 1280 -1.39286773 0.71607222 -0.00829271448 0 0 0
volume_proxy 1285 -1.26762468 0.980288677 0.0102861297 0 0 0
volume_proxy 1292 0.761378645 0.282265623 -0.00565026506 0 0 0
volume_proxy 1295 -1.13555327 0.728273495 -0.0102156526 0 0 0
volume_proxy 1296 0.0651893473 -0.111574077 0.00431265862 0 0 0
volume_proxy 1297 0.179884037 -0.871581358 0.0102965789 0 0 0
volume_proxy 1301 -0.982301887 0.987008472 0.000899684884 0 0 0
volume_proxy 1308 -0.592645761 0.925553483 0.000715353943 0 0 0
volume_proxy 1318 1.13204485 -0.446001165 0.000650421978 0 0 0
volume_proxy 1326 0.268047954 -0.185346162 0.00503252994 0 0 0
volume_proxy 1335 0.242509448 -0.511626607 -0.00361878337 0 0 0
volume_proxy 1340 0.854779236 0.568394396 0.00176413197 0 0 0
volume_proxy 1361 1.24879585 0.69695172 -0.00349131082 0 0 0
volume_proxy 1366 0.864996755 0.919898195 0.00253169028 0 0 0
volume_proxy 1380 -0.558998095 0.697101708 0.0021699316 0 0 0
volume_proxy 1381 0.717417439 0.627758239 -0.00219766995 0 0 0
volume_proxy 1384 0.0978253991 0.316990846 -0.00891806496 0 0 0
volume_proxy 1386 0.659998802 0.905956427 0.000651669227 0 0 0
volume_proxy 1388 0.710304176 0.166723525 -0.00645034237 0 0 0
volume_proxy 1390 -1.3842193 0.991498662 -0.00372701396 0 0 0
volume_proxy 1392 -0.104872874 -0.737333222 -0.00615231667 0 0 0
volume_proxy 1397 0.50351624 0.312481232 0.00062833256 0 0 0
volume_proxy 1398 -1.36455194 0.505029037 -0.00865982382 0 0 0
volume_proxy 1403 0.543330998 0.104042185 0.00379641281 0 0 0
volume_proxy 1405 -0.05036801 0.574007738 -0.0103273684 0 0 0
volume_proxy 1408 0.604806962 0.755550435 0.00397848959 0 0 0
volume_proxy 1409 1.24759657 0.405630308 0.00270018964 0 0 0
volume_proxy 1413 0.642462549 0.843541598 0.00210233798 0 0 0
volume_proxy 1418 -1.35622071 -0.0183452285 -0.00850899581 0 0 0
volume_proxy 1420 -1.29152643 -0.0463583101 -0.00548232129 0 0 0
volume_proxy 1421 -1.4456028 -0.295724404 0.0107130101 0 0 0
volume_proxy 1422 0.972289867 -0.924783642 0.00814870689 0 0 0
volume_proxy 1423 -0.438715113 0.617113875 -0.0105892207 0 0 0
volume_proxy 1425 -1.07743999 -0.767084273 -0.00293459694 0 0 0
volume_proxy 1426 0.809391141 -0.420212235 -0.0102540016 0 0 0
volume_proxy 1428 -0.11787048 0.611308836 -0.00556951242 0 0 0
volume_proxy 1429 1.21503387 -0.218563776 0.00401004076 0 0 0
volume_proxy 1433 1.04052076 0.202644065 0.00465596636 0 0 0
volume_proxy 1434 0.679494999 -0.447996569 0.00820366332 0 0 0
volume_proxy 1436 -0.91101374 -0.907360978 -0.00595324222 0 0 0
volume_proxy 1437 -0.323096246 -0.375557854 -0.00157850097 0 0 0
volume_proxy 1439 -0.684577891 0.809165643 0.00842637865 0 0 0
volume_proxy 1440 0.0402920154 -0.382513442 -0.0025228666 0 0 0
volume_proxy 1444 -0.713658439 -0.67839617 -0.00225455597 0 0 0
volume_proxy 1445 0.377814553 -0.744179026 0.00732506755 0 0 0
volume_proxy 1447 1.18274301 -0.577321638 -0.0102573913 0 0 0
volume_proxy 1448 0.226811216 -0.237206907 -0.00797111014 0 0 0
volume_proxy 1454 -1.05789808 -0.982409843 0.00632303201 0 0 0
volume_proxy 1459 -1.03361182 0.946736097 -0.00817015354 0 0 0
volume_proxy 1460 0.975152369 0.366415305 -0.00349767776 0 0 0
volume_proxy 1461 -1.39914364 0.401234392 0.00700816149 0 0 0
volume_proxy 1462 -0.911740948 -0.854517641 0.00155106705 0 0 0
volume_proxy 1464 -1.00809017 -0.975865111 -0.00780979334 0 0 0
volume_proxy 1465 1.2533615 -0.845441434 -0.00186828043 0 0 0
volume_proxy 1466 -1.25651452 -0.833660916 0.0086882826 0 0 0
volume_proxy 1470 -1.30712134 -0.780502039 0.00756487806 0 0 0
volume_proxy 1471 -0.116233377 0.942229898 0.010148863 0 0 0
volume_proxy 1472 -0.369044043 0.795329459 0.00682418814 0 0 0
volume_proxy 1473 -0.51185091 0.792042587 0.010375407 0 0 0
volume_proxy 1474 0.80510524 -0.760956246 -0.00964554258 0 0 0
volume_proxy 1475 0.846628685 0.275091696 -0.00990991495 0 0 0
volume_proxy 1476 0.149298208 -0.885124248 0.00850511647 0 0 0
volume_proxy 1477 -0.112264552 -0.183867746 0.00340767303 0 0 0
volume_proxy 1478 -0.159687996 -0.206176472 0.00985869494 0 0 0
volume_proxy 1479 0.688204735 0.90140291 0.00619340826 0 0 0
volume_proxy 1480 1.29200827 -0.488045022 -0.00331828107 0 0 0
