volume_proxy 0 -0.113177432 0.47158111 0.00121748326 0 0 0
volume_proxy 6 -0.408687135 0.54775641 -0.00982657038 0 0 0
volume_proxy 11 1.07888886 0.569855415 0.0089045745 0 0 0
volume_proxy 12 0.708659905 -0.0783483754 0.0050603111 0 0 0
volume_proxy 14 -0.843937098 0.483956351 0.00105331585 0 0 0
volume_proxy 23 1.05319191 -0.683801853 -0.00922884595 0 0 0
volume_proxy 38 -1.05847478 -0.813185906 0.00703931658 0 0 0
volume_proxy 40 -1.17443674 -0.112281541 -0.0107553276 0 0 0
volume_proxy 50 -0.778996038 -0.487441088 0.00988495001 0 0 0
volume_proxy 53 -1.03156648 0.775550043 0.000781826641 0 0 0
volume_proxy 58 0.434737125 -0.704475316 0.00970586852 0 0 0
volume_proxy 60 0.333941506 0.314675517 -0.00253100378 0 0 0
volume_proxy 85 -0.981992644 0.560999223 0.0106755652 0 0 0
volume_proxy 97 0.992355286 0.74496504 0.00494025117 0 0 0
volume_proxy 107 1.48338211 0.263887836 0.00934762291 0 0 0
volume_proxy 127 -1.28479232 -0.9249968 0.00104718811 0 0 0
volume_proxy 130 0.75830242 0.628822949 -0.00227922518 0 0 0
volume_proxy 140 -0.82076698 0.625667739 -0.00315544372 0 0 0
volume_proxy 157 0.903806132 -0.0385713055 -0.00546796325 0 0 0
volume_proxy 159 0.95147589 0.353914916 -0.00555757976 0 0 0
volume_proxy 161 -0.142917454 0.381963237 0.00172116038 0 0 0
volume_proxy 176 1.28907438 -0.263419332 0.0105009798 0 0 0
volume_proxy 186 -0.538390233 0.00806232997 -0.00764480728 0 0 0
volume_proxy 189 -1.17360324 -0.311301511 -0.00574335047 0 0 0
volume_proxy 195 -1.46107016 -0.881021164 0.00679896827 0 0 0
volume_proxy 196 0.473245329 0.452287733 0.00887886163 0 0 0
volume_proxy 200 -0.908080126 -0.688926791 -0.00339766282 0 0 0
volume_proxy 202 0.579809465 0.952480983 0.000194395248 0 0 0
volume_proxy 209 -1.01589437 0.280468129 -0.0102236134 0 0 0
volume_proxy 210 -0.151069385 0.779890141 0.00839973196 0 0 0
volume_proxy 226 0.119312539 -0.525082835 0.00749307584 0 0 0
volume_proxy 236 1.44592171 -0.606158933 0.00485433088 0 0 0
volume_proxy 247 1.33773898 0.404026141 0.00454065607 0 0 0
volume_proxy 256 -0.917040165 0.651946846 0.00805947145 0 0 0
volume_proxy 259 0.460298577 0.987200821 0.00500046121 0 0 0
volume_proxy 269 -0.78208054 0.218004172 0.00374782113 0 0 0
volume_proxy 277 -1.00306995 -0.15607551 0.00462579937 0 0 0
volume_proxy 296 -1.20956099 0.726799555 -0.00403744335 0 0 0
volume_proxy 305 0.471896791 -0.427355535 0.0102567459 0 0 0
volume_proxy 310 -0.0194290776 -0.262717428 -0.00536737712 0 0 0
volume_proxy 344 -1.2815622 -0.173495036 0.00353785764 0 0 0
volume_proxy 347 0.298570454 0.621885119 -0.00261271119 0 0 0
volume_proxy 356 -0.624253889 0.273707028 -0.00396575232 0 0 0
volume_proxy 375 0.791152121 -0.0189668002 -0.00354602314 0 0 0
volume_proxy 388 1.2925511 0.143002563 0.00265618287 0 0 0
volume_proxy 802 0.946950556 -0.186937254 -0.0104154488 0 0 0
volume_proxy 1052 -0.939033324 -0.678850829 -0.00106313331 0 0 0
volume_proxy 1066 -0.400347039 -0.00744895249 -0.00690043312 0 0 0
volume_proxy 1120 -0.638567046 -0.205207715 0.00201952779 0 0 0
volume_proxy 1166 -0.786567661 -0.0253743034 0.0104260015 0 0 0
volume_proxy 1193 -1.25565128 -0.832122071 0.0101710577 0 0 0
volume_proxy 1225 -0.280299453 -0.0896526431 0.00155830829 0 0 0
volume_proxy 1245 -1.04885425 -0.16137027 -0.00985526119 0 0 0
volume_proxy 1280 -0.600290847 0.761299617 0.00746845458 0 0 0
volume_proxy 1285 -1.27835319 0.304664519 -0.000963378511 0 0 0
volume_proxy 1295 0.209486709 -0.0757029976 0.0102793887 0 0 0
volume_proxy 1296 0.298542487 -0.61570843 -0.00891021436 0 0 0
volume_proxy 1340 0.733585529 0.859461471 -0.00417459531 0 0 0
volume_proxy 1380 -0.352990979 0.158735109 -0.00445332732 0 0 0
volume_proxy 1386 1.39269604 0.385157107 0.00613889971 0 0 0
volume_proxy 1397 1.02143584 0.921484972 -0.00649093554 0 0 0
volume_proxy 1409 -0.36886488 0.646514953 -0.00322406677 0 0 0
volume_proxy 1413 0.473021212 0.642840725 0.00460104942 0 0 0
volume_proxy 1422 0.408305433 -0.286853008 -0.0082272828 0 0 0
volume_proxy 1433 1.43859066 0.779055938 0.00163126559 0 0 0
volume_proxy 1437 -0.00170203853 -0.0407722153 -0.00171372526 0 0 0
volume_proxy 1439 0.164398904 0.93028789 -0.0106068074 0 0 0
volume_proxy 1447 0.938100686 -0.195852367 -0.00662054059 0 0 0
volume_proxy 1459 -1.43271475 0.332516467 -0.00783758524 0 0 0
volume_proxy 1460 -0.0108195966 0.251079779 0.0058975342 0 0 0
volume_proxy 1461 -0.840364155 0.822441523 -0.00407211379 0 0 0
volume_proxy 1466 -0.900141463 -0.00991998409 -0.00217981079 0 0 0
volume_proxy 1472 -0.799083317 0.785020055 -0.00840872385 0 0 0
volume_proxy 1474 0.952166979 -0.614101448 0.00395291645 0 0 0
volume_proxy 1481 0.780568631 0.617350476 0.00294151494 0 0 0
volume_proxy 1482 0.939950938 0.00368140643 -0.00298621142 0 0 0
volume_proxy 1485 0.43952221 0.0347200402 0.00372612893 0 0 0
volume_proxy 1489 0.0328587561 -0.980218077 0.0103228161 0 0 0
volume_proxy 1490 0.875360176 0.943077062 -0.00521664968 0 0 0
volume_proxy 1494 1.47437554 -0.0698072708 0.00155575468 0 0 0
volume_proxy 1496 -1.34525034 0.161166609 -0.00714839505 0 0 0
volume_proxy 1498 -0.202680946 0.321241232 -0.00469928952 0 0 0
volume_proxy 1503 -0.383164525 -0.0267192175 0.00680726012 0 0 0
volume_proxy 1506 0.32187151 0.859529909 -0.0106472966 0 0 0
volume_proxy 1507 -1.07633626 -0.173451773 0.00604607625 0 0 0
volume_proxy 1508 -0.653127217 -0.520870086 -0.00321751865 0 0 0
volume_proxy 1509 -1.37123695 0.0201181886 0.00916059291 0 0 0
volume_proxy 1510 -0.102627291 -0.799172218 -0.00679548829 0 0 0
volume_proxy 1511 1.38749975 0.96730102 -0.000426650605 0 0 0
volume_proxy 1513 -1.29164835 0.391880679 -0.00314638509 0 0 0
volume_proxy 1515 0.697850264 -0.371639613 0.00855869988 0 0 0
volume_proxy 1516 -0.323729078 -0.997733906 0.00744380068 0 0 0
volume_proxy 1517 -0.693383014 -0.262601832 -0.00684885796 0 0 0
volume_proxy 1519 0.263102913 -0.529095905 0.00359946283 0 0 0
volume_proxy 1520 0.0434596004 0.176143578 0.00852157669 0 0 0
volume_proxy 1521 -1.22320423 -0.502628719 -0.00489176163 0 0 0
volume_proxy 1522 0.155262813 0.906388903 -0.00733002612 0 0 0
volume_proxy 1523 0.925533825 -0.0561176691 -0.00581326099 0 0 0
volume_proxy 1525 -0.84893386 0.726780102 -0.00277698718 0 0 0
volume_proxy 1526 1.26922051 -0.574314625 -0.000716654891 0 0 0
volume_proxy 1528 0.640823964 -0.77546386 0.00806443036 0 0 0
volume_proxy 1529 -0.996821051 0.0852744351 0.0107338673 0 0 0
volume_proxy 1530 -0.738500797 -0.761845841 0.00116210491 0 0 0
volume_proxy 1531 0.690527665 0.499930897 -0.0018338213 0 0 0
volume_proxy 1532 -0.480849297 -0.907945804 0.00269361328 0 0 0
volume_proxy 1533 1.39857525 -0.448389478 0.00653651406 0 0 0
