volume_proxy 0 0.883523798 0.282937268 0.0101373188 0 0 0
volume_proxy 1 -0.23180254 -0.81367674 0.0021847725 0 0 0
volume_proxy 2 0.586082956 0.209115127 -0.0102440573 0 0 0
volume_proxy 4 1.17836371 0.914923612 -0.00871377567 0 0 0
volume_proxy 5 -0.763047422 0.528161936 0.00336166412 0 0 0
volume_proxy 6 1.06963012 0.19183803 0.00210989893 0 0 0
volume_proxy 7 -0.452513737 0.187157689 -0.0044777647 0 0 0
volume_proxy 8 0.428462466 -0.622008908 -0.0105850886 0 0 0
volume_proxy 9 1.19593026 0.512872971 -0.0073968525 0 0 0
volume_proxy 10 -0.856520523 -0.876396119 -0.00905118174 0 0 0
volume_proxy 11 -1.23864967 0.479612276 0.00715914888 0 0 0
volume_proxy 12 0.210023142 -0.483198397 0.00337177741 0 0 0
volume_proxy 13 -1.16647061 -0.766210651 0.00648704397 0 0 0
volume_proxy 14 0.41737895 0.272597879 -0.00570691243 0 0 0
volume_proxy 15 0.255504 -0.661323539 0.0105887827 0 0 0
volume_proxy 16 -1.29669122 0.651491638 0.0094742053 0 0 0
volume_proxy 17 -0.821148668 -0.141069893 0.00318375937 0 0 0
volume_proxy 18 -1.4570071 -0.682395643 0.0020336644 0 0 0
volume_proxy 19 -1.08375558 -0.434041773 -0.00876619611 0 0 0
volume_proxy 20 -0.280567968 -0.82030143 0.00856769828 0 0 0
volume_proxy 21 -0.487498922 0.411496669 -0.0105980101 0 0 0
volume_proxy 22 1.04408502 0.361857803 -0.0015801727 0 0 0
volume_proxy 23 -0.637498759 -0.0927167303 0.009468099 0 0 0
volume_proxy 24 -0.768757085 0.356235573 -0.00257912421 0 0 0
volume_proxy 25 -1.23691535 -0.132083772 -0.00619403713 0 0 0
volume_proxy 26 -0.815584121 0.526784446 0.0107070395 0 0 0
volume_proxy 27 -0.96598425 -0.770340428 -0.0089501401 0 0 0
volume_proxy 28 -0.780097516 0.39938372 0.00845731408 0 0 0
volume_proxy 29 -1.17723041 0.386206721 -0.00298119535 0 0 0
volume_proxy 30 -0.894703555 -0.82215253 -0.00770232431 0 0 0
volume_proxy 31 -0.918614482 -0.14333879 -0.00820755255 0 0 0
volume_proxy 32 -0.356921298 -0.809594404 0.0102549154 0 0 0
volume_proxy 33 0.195422781 0.0606454755 -0.00274081761 0 0 0
volume_proxy 34 -0.23673738 -0.884251002 -0.00837105065 0 0 0
volume_proxy 35 0.0152562876 0.552488001 0.00968635546 0 0 0
volume_proxy 36 0.808074273 0.827029149 0.00439181449 0 0 0
volume_proxy 37 -0.854058311 -0.701256785 0.00699241353 0 0 0
volume_proxy 38 0.598657233 -0.163334205 0.00104617522 0 0 0
volume_proxy 39 0.548748729 0.886364155 -0.00275798947 0 0 0
volume_proxy 40 -0.524083571 -0.390775891 0.00479361334 0 0 0
volume_proxy 41 1.49240054 0.0331170605 0.00778209674 0 0 0
volume_proxy 42 1.36390729 -0.494086731 -0.000363275072 0 0 0
volume_proxy 43 -0.46470172 -0.539376498 0.00870126511 0 0 0
volume_proxy 44 0.752925177 -0.138499995 -0.000830199675 0 0 0
volume_proxy 45 0.393226267 0.593764533 0.0043842677 0 0 0
volume_proxy 46 0.405631015 -0.637482756 0.00555996534 0 0 0
volume_proxy 47 1.42333909 0.407779424 -0.0030364426 0 0 0
volume_proxy 48 -0.0521699425 -0.341464725 0.0074927675 0 0 0
volume_proxy 49 -0.0182803645 -0.348804417 0.00582312616 0 0 0
volume_proxy 50 -0.251120883 -0.63824671 -0.00936494601 0 0 0
volume_proxy 51 -1.39436845 0.871076927 0.00268196066 0 0 0
volume_proxy 52 -1.38289739 -0.93289223 -0.00502945674 0 0 0
volume_proxy 53 0.263510209 -0.587337112 0.00464325076 0 0 0
volume_proxy 54 -0.47264804 0.276795552 0.00448458033 0 0 0
volume_proxy 55 -0.8898321 -0.365566404 0.00317264971 0 0 0
volume_proxy 56 -1.20097313 0.232628595 -0.0096490337 0 0 0
volume_proxy 57 -1.3919247 -0.443743405 0.00858002317 0 0 0
volume_proxy 58 0.298859118 -0.236751835 -0.000329427104 0 0 0
volume_proxy 59 -0.696308019 0.147262775 0.00210344421 0 0 0
volume_proxy 60 -0.0811702476 0.0943481141 -0.00468871985 0 0 0
volume_proxy 61 -1.12537214 0.0254247558 -0.00881550004 0 0 0
volume_proxy 62 0.115497305 -0.0139006882 -0.00743863888 0 0 0
volume_proxy 63 0.616836291 0.197296667 0.00278587599 0 0 0
volume_proxy 64 -0.421219264 -0.389389147 -0.0037928446 0 0 0
volume_proxy 65 1.31254376 0.77727157 -0.00560442807 0 0 0
volume_proxy 66 0.2028041 0.565014562 -0.0034470105 0 0 0
volume_proxy 67 -0.190020509 -0.20816548 -0.00174911648 0 0 0
volume_proxy 69 -0.321687573 -0.229614326 0.0105249701 0 0 0
volume_proxy 70 0.87627243 0.705950886 -0.00599446248 0 0 0
volume_proxy 71 0.730496978 0.523163992 -0.00640009545 0 0 0
volume_proxy 72 0.510099342 -0.511924143 0.0104777567 0 0 0
volume_proxy 73 0.919428927 -0.718343349 -0.00739860614 0 0 0
volume_proxy 74 0.105854155 -0.405688575 -0.00568477603 0 0 0
volume_proxy 75 0.699350711 -0.940182296 -0.00137723504 0 0 0
volume_proxy 76 -0.897417092 0.423927924 0.00787483028 0 0 0
volume_proxy 77 1.42916917 -0.272845816 0.00435791662 0 0 0
volume_proxy 78 1.43565974 -0.034043392 0.00606732839 0 0 0
volume_proxy 79 -0.740304661 0.198598092 -0.00516606743 0 0 0
volume_proxy 80 -0.795406418 0.737448373 -0.000361160289 0 0 0
volume_proxy 81 -0.80958661 0.987110673 -0.000664577845 0 0 0
volume_proxy 82 -1.44032722 0.132607827 0.000357103406 0 0 0
volume_proxy 83 -0.494315007 0.171356939 0.00402244816 0 0 0
volume_proxy 84 -0.794059774 -0.103249526 0.0104859245 0 0 0
volume_proxy 85 -0.498226557 0.1688735 0.00784541116 0 0 0
volume_proxy 86 0.389862534 -0.281290706 -0.00846763473 0 0 0
volume_proxy 87 1.37178189 0.430932624 0.0104614177 0 0 0
volume_proxy 88 -0.516771178 0.296842222 0.00865541696 0 0 0
volume_proxy 89 0.262122931 0.526452307 0.00715117187 0 0 0
volume_proxy 90 0.769627736 -0.644077967 -0.00537525997 0 0 0
volume_proxy 91 1.09886234 -0.821179142 -0.000477858263 0 0 0
volume_proxy 92 -1.10846003 0.464839351 0.00986787046 0 0 0
volume_proxy 93 0.543112558 0.160511715 -0.00358607776 0 0 0
volume_proxy 94 -0.863545021 -0.715241496 0.00602478414 0 0 0
volume_proxy 95 0.0951516789 0.302871574 0.00619553534 0 0 0
volume_proxy 96 0.676718592 -0.454483392 -0.00678566384 0 0 0
volume_proxy 97 1.12196159 0.206852188 -0.00804586728 0 0 0
volume_proxy 99 1.16740465 -0.484519152 0.0100534946 0 0 0
volume_proxy 100 -0.210280209 -0.797003782 0.00809096895 0 0 0
volume_proxy 101 -0.785800515 -0.233605567 0.00896424753 0 0 0
volume_proxy 102 -0.202318194 -0.644869603 0.0011090283 0 0 0
volume_proxy 103 0.232486024 -0.347798755 0.00934020826 0 0 0
volume_proxy 104 0.579357632 0.863826217 0.009483556 0 0 0
volume_proxy 105 -0.210438249 -0.181369195 0.00865743517 0 0 0
volume_proxy 106 -0.0571709966 -0.837260936 -0.005055923 0 0 0
volume_proxy 107 0.869131193 0.0889610031 0.00872756273 0 0 0
volume_proxy 108 1.02715355 -0.188322488 0.000336494499 0 0 0
volume_proxy 109 1.48662146 -0.0552679946 -0.00603962953 0 0 0
volume_proxy 110 1.28039224 0.255497639 -0.00979812641 0 0 0
volume_proxy 111 0.513068621 0.230581635 0.000947848874 0 0 0
volume_proxy 112 0.835513008 0.0246252928 0.00786567626 0 0 0
volume_proxy 113 -0.731162574 0.0379995181 -0.00995129515 0 0 0
volume_proxy 114 -0.981659788 -0.0436290669 -0.00396501796 0 0 0
volume_proxy 115 1.26025452 -0.62867956 0.0106049202 0 0 0
volume_proxy 116 -1.18445382 -0.97366542 -0.00770294576 0 0 0
volume_proxy 117 -0.970672065 -0.560188457 -0.00552457274 0 0 0
volume_proxy 118 -0.538354484 -0.364035418 -0.00806863698 0 0 0
volume_proxy 119 -0.609066207 0.0536304884 -0.00383749328 0 0 0
volume_proxy 120 1.48411227 -0.595491358 0.00451427926 0 0 0
volume_proxy 121 0.495301758 0.572662486 -0.00769532284 0 0 0
volume_proxy 123 0.368809914 -0.812767744 0.00951904601 0 0 0
volume_proxy 124 -0.559981137 0.0125161429 -0.010679459 0 0 0
volume_proxy 125 -0.817344172 -0.666381061 0.00270592046 0 0 0
volume_proxy 126 -0.567189919 -0.743504137 -0.00550628608 0 0 0
volume_proxy 127 -0.0638044135 0.0359153814 -0.0039240036 0 0 0
volume_proxy 128 -0.712529284 0.0283024158 0.00725573398 0 0 0
volume_proxy 129 1.00026085 -0.809592264 0.00251306753 0 0 0
volume_proxy 130 0.701433111 -0.42558932 0.00360327528 0 0 0
volume_proxy 131 0.691884251 0.378504517 -0.0103640223 0 0 0
volume_proxy 132 -0.0470751446 0.672348533 0.0101716318 0 0 0
volume_proxy 133 0.0157966697 0.0105612624 -0.00665685063 0 0 0
volume_proxy 135 0.493186045 -0.201139785 -0.00614245033 0 0 0
volume_proxy 137 -1.30494155 -0.916776756 -0.010712924 0 0 0
volume_proxy 138 0.565014542 -0.575386954 -0.00767562658 0 0 0
volume_proxy 139 -0.363985976 0.563791796 -0.0102786098 0 0 0
volume_proxy 140 -1.16669069 0.714531525 0.00369266401 0 0 0
volume_proxy 141 1.33011477 -0.566282849 0.00283732588 0 0 0
volume_proxy 142 0.0361856982 0.024263523 -0.00114875063 0 0 0
volume_proxy 144 -1.03881224 0.200328539 -0.00797861031 0 0 0
volume_proxy 145 -0.840113552 -0.910684405 0.00810504032 0 0 0
volume_proxy 146 1.30522879 -0.614169913 -0.00904726646 0 0 0
volume_proxy 147 0.428621891 0.00871503992 -0.00461076249 0 0 0
volume_proxy 148 0.728373274 0.517227731 0.0066805368 0 0 0
volume_proxy 149 -1.11325978 0.689527965 -0.00595983589 0 0 0
volume_proxy 150 1.46505802 0.53704082 0.00748041237 0 0 0
volume_proxy 151 -0.39004463 0.186033156 -0.00382304389 0 0 0
volume_proxy 153 -0.512514125 -0.694418242 0.00446981308 0 0 0
volume_proxy 154 0.892289514 -0.42934984 0.00618530971 0 0 0
volume_proxy 155 0.872581229 0.254668074 0.00515937628 0 0 0
volume_proxy 156 0.377278921 0.120161481 -0.00416104363 0 0 0
volume_proxy 157 1.21028662 0.932703283 -0.0086824595 0 0 0
volume_proxy 158 -1.03012859 -0.643339271 -0.00924648314 0 0 0
volume_proxy 159 -0.108882542 -0.194533909 0.00877137167 0 0 0
volume_proxy 160 -0.267597689 -0.406790166 0.00932113717 0 0 0
volume_proxy 161 -0.421442401 -0.0753037219 0.0088360706 0 0 0
volume_proxy 162 -0.488243947 -0.276703303 0.00578160493 0 0 0
volume_proxy 163 -1.47349119 0.657936606 -0.00614440552 0 0 0
volume_proxy 164 -1.17793924 0.494296413 -0.00154832737 0 0 0
volume_proxy 165 0.984947592 0.470072576 0.00030770025 0 0 0
volume_proxy 166 0.457522972 0.777648689 -0.00721669639 0 0 0
volume_proxy 167 0.361356345 0.205776053 0.00576484774 0 0 0
volume_proxy 168 0.83670456 0.339941534 -0.0038174938 0 0 0
volume_proxy 169 0.731382653 -0.323404445 -0.00684958943 0 0 0
volume_proxy 170 0.865594797 -0.484175192 -0.00578122283 0 0 0
volume_proxy 171 -0.698654238 0.774227349 0.0015804607 0 0 0
volume_proxy 172 -1.18795957 0.52154944 -0.00589337605 0 0 0
volume_proxy 173 0.0382942866 0.506429301 -0.00204142558 0 0 0
volume_proxy 174 0.787535339 -0.410983135 0.00219276151 0 0 0
volume_proxy 175 -0.235386328 0.11437836 -0.00229545833 0 0 0
volume_proxy 176 0.385639212 -0.579775297 0.00255485571 0 0 0
volume_proxy 177 -1.10665741 0.772104889 -0.00922965887 0 0 0
volume_proxy 178 -1.14470758 0.113584267 0.00121050506 0 0 0
volume_proxy 179 -0.169852692 0.148345255 -0.0107101493 0 0 0
volume_proxy 180 -0.114902064 0.317690918 -0.00130242037 0 0 0
volume_proxy 181 0.491214572 -0.656173014 0.0030736882 0 0 0
volume_proxy 182 -0.484010523 0.576742306 0.00410300774 0 0 0
volume_proxy 183 0.785319932 -0.937276742 0.00277453271 0 0 0
volume_proxy 184 -0.647498643 -0.975174683 -0.00395200772 0 0 0
volume_proxy 185 -0.766887586 0.271423307 0.0081517486 0 0 0
volume_proxy 186 -0.095666025 -0.877869288 -0.006575868 0 0 0
volume_proxy 187 -0.75212385 0.793888823 0.00144601065 0 0 0
volume_proxy 188 1.35208231 0.0284489073 0.0012158922 0 0 0
volume_proxy 189 -1.3992729 0.0373140014 0.00379788587 0 0 0
volume_proxy 191 -0.146539569 0.565108509 -0.0045526067 0 0 0
volume_proxy 192 0.548626259 -0.248673215 -0.00817951677 0 0 0
volume_proxy 193 -0.516774829 0.659240915 0.0102719132 0 0 0
volume_proxy 194 -0.373695524 -0.728947337 -0.00376010463 0 0 0
volume_proxy 195 -1.4670433 0.550858721 -0.0015518273 0 0 0
volume_proxy 196 0.64381139 0.899092554 -0.00206279311 0 0 0
volume_proxy 197 -0.381555232 -0.689422346 0.000851515587 0 0 0
volume_proxy 198 0.934135411 -0.776259885 -0.000568501269 0 0 0
volume_proxy 199 -0.564143626 0.307007327 -0.00245271381 0 0 0
volume_proxy 200 -1.03090986 0.134565299 0.00700317055 0 0 0
volume_proxy 201 -1.18535841 0.502755256 0.00812586161 0 0 0
volume_proxy 202 -0.792756555 0.88030766 0.00671940872 0 0 0
volume_proxy 203 -0.355824404 0.168355568 -0.00915454114 0 0 0
volume_proxy 204 -1.21664364 -0.0665942374 -0.00789554901 0 0 0
volume_proxy 205 0.0674153814 0.376651778 0.00275616354 0 0 0
volume_proxy 206 0.462801574 0.146570516 -0.00678777316 0 0 0
volume_proxy 207 0.623292936 -0.903028858 -0.0100463386 0 0 0
volume_proxy 208 -1.31376055 0.952864395 -0.00536425271 0 0 0
volume_proxy 209 -1.27603945 -0.418567088 0.00784421272 0 0 0
volume_proxy 210 0.226542662 0.349554886 -0.000448325563 0 0 0
volume_proxy 211 -0.321179698 -0.610064574 -0.00690573776 0 0 0
volume_proxy 212 1.12229103 -0.477514792 -0.000162081884 0 0 0
volume_proxy 213 0.0296806418 -0.543647465 0.00912248172 0 0 0
volume_proxy 214 -0.616317171 -0.089041099 -0.00283749693 0 0 0
volume_proxy 215 0.228678077 -0.580675012 0.00271042652 0 0 0
volume_proxy 217 -1.32610596 0.950058029 0.000146181977 0 0 0
volume_proxy 218 -0.14174529 0.743113374 -0.000484516728 0 0 0
volume_proxy 219 0.238728441 0.243727419 0.0102676751 0 0 0
volume_proxy 220 1.12720151 0.254265659 0.00407692365 0 0 0
volume_proxy 221 -0.464696126 0.980318554 -0.00248141754 0 0 0
volume_proxy 222 0.946970871 0.680416074 0.00583039187 0 0 0
volume_proxy 223 -1.14382516 0.505179032 0.00650643503 0 0 0
volume_proxy 224 0.718085874 -0.908287286 -0.00738520589 0 0 0
volume_proxy 225 -1.45978862 0.211752181 -0.00223987542 0 0 0
volume_proxy 226 -1.16562421 -0.119633609 -0.0084545477 0 0 0
volume_proxy 227 -0.80705405 -0.373577849 -0.00642234693 0 0 0
volume_proxy 228 -0.507824479 0.0323118829 0.0103252661 0 0 0
volume_proxy 229 0.293844065 -0.178421614 -0.00827381327 0 0 0
volume_proxy 230 -0.131034071 0.79381226 -0.000799314652 0 0 0
volume_proxy 231 0.501462174 -0.185366151 -0.000567655891 0 0 0
volume_proxy 232 0.778614979 0.65693326 0.00484002567 0 0 0
volume_proxy 233 1.24958188 0.939527748 -0.0034787052 0 0 0
volume_proxy 234 1.21902587 -0.668084179 -0.0080197447 0 0 0
volume_proxy 235 -1.23928857 -0.896306845 -0.0100475561 0 0 0
volume_proxy 236 1.06939973 0.260044491 -0.0095775336 0 0 0
volume_proxy 237 0.659963693 0.465158473 -0.000964781714 0 0 0
volume_proxy 238 0.209153746 -0.3879982 0.00438948938 0 0 0
volume_proxy 239 -0.0450277714 0.0375283074 0.00911239264 0 0 0
volume_proxy 240 -0.0342846928 0.0689091104 0.00293658852 0 0 0
volume_proxy 241 -0.236754587 -0.33448664 -0.00916490297 0 0 0
volume_proxy 242 1.06096775 -0.137533134 0.00941349778 0 0 0
volume_proxy 243 0.500425048 0.32469324 -0.00756622022 0 0 0
volume_proxy 244 -0.111621982 0.26139733 -0.0065772178 0 0 0
volume_proxy 245 0.779817012 -0.520409164 -0.00316658208 0 0 0
volume_proxy 246 -0.812997018 -0.399244526 0.00349154113 0 0 0
volume_proxy 247 1.04739515 -0.639362676 -0.00743870608 0 0 0
volume_proxy 249 1.14053236 0.149100843 -0.00936797933 0 0 0
volume_proxy 250 -1.22725492 0.741835837 -0.000623108604 0 0 0
volume_proxy 251 0.443433739 0.790366924 0.00743401704 0 0 0
volume_proxy 252 -0.283559956 -0.898647379 0.000564590265 0 0 0
volume_proxy 253 -1.10788995 0.857217442 0.00783720267 0 0 0
volume_proxy 254 -1.31354386 0.85322221 -0.00596758302 0 0 0
volume_proxy 255 0.823677847 -0.885578528 0.00500285174 0 0 0
volume_proxy 256 0.333185174 -0.0128841806 0.00716005952 0 0 0
volume_proxy 257 -0.342127551 0.636077967 0.00465301183 0 0 0
volume_proxy 258 -0.0121765847 -0.304950568 0.00674703394 0 0 0
volume_proxy 259 0.0317660693 -0.0155157206 -0.00361556091 0 0 0
volume_proxy 260 0.161973584 0.889536389 -0.00948898913 0 0 0
volume_proxy 261 1.20785027 0.777429999 -0.00865449898 0 0 0
volume_proxy 262 -1.35327773 -0.107499055 0.00286912368 0 0 0
volume_proxy 263 0.513023056 -0.346159678 -0.0106942856 0 0 0
volume_proxy 264 -0.267754573 -0.0568960425 0.000311761469 0 0 0
volume_proxy 265 -0.221611848 0.000878675282 0.00565706789 0 0 0
volume_proxy 266 -0.780892881 0.00542937611 0.00331212371 0 0 0
volume_proxy 267 0.679552237 0.640905438 -0.00939009247 0 0 0
volume_proxy 268 -0.208061197 0.282326199 -0.00436968556 0 0 0
volume_proxy 269 0.975829902 -0.115711648 -0.000179668378 0 0 0
volume_proxy 270 0.833286937 -0.577037407 0.00122916759 0 0 0
volume_proxy 271 -1.32190276 -0.139534913 -0.00567140844 0 0 0
volume_proxy 272 -0.190208266 -0.616912847 0.00804337896 0 0 0
volume_proxy 273 1.31988148 0.677659842 0.00309665414 0 0 0
volume_proxy 274 -0.491542965 -0.433729618 -0.00818272654 0 0 0
volume_proxy 275 -1.01203035 0.903019052 0.00296831147 0 0 0
volume_proxy 276 0.420679777 0.581485348 -0.00296429048 0 0 0
volume_proxy 277 -0.452763138 -0.474068485 -0.000827045962 0 0 0
volume_proxy 278 0.398443239 0.932757991 -0.00469524166 0 0 0
volume_proxy 279 -0.867991013 -0.766941106 -0.00460255454 0 0 0
volume_proxy 280 0.671058698 -0.954587027 -0.00163161788 0 0 0
volume_proxy 281 -1.24353784 0.819089635 -0.00149295851 0 0 0
volume_proxy 282 0.212795219 -0.744388043 -0.00886621955 0 0 0
volume_proxy 283 -0.972000384 0.428873127 -0.00534434733 0 0 0
volume_proxy 284 -1.27424563 0.69654636 -0.000541396401 0 0 0
volume_proxy 285 -0.889022789 -0.374670636 0.00438998487 0 0 0
volume_proxy 286 0.739903934 -0.775371618 0.00310501842 0 0 0
volume_proxy 287 1.49957482 0.744155966 0.00489990042 0 0 0
volume_proxy 288 1.03769202 -0.639604866 0.00632469918 0 0 0
volume_proxy 289 0.735766026 0.625780064 -0.00144975079 0 0 0
volume_proxy 291 1.12192739 0.827065129 -0.00922339057 0 0 0
volume_proxy 292 -0.917835501 -0.891155357 -0.000204253357 0 0 0
volume_proxy 293 1.30459818 0.0922068463 -0.00752547767 0 0 0
volume_proxy 294 -1.10664677 0.592475821 0.00255037164 0 0 0
volume_proxy 295 0.315649819 -0.590811586 -0.010704651 0 0 0
volume_proxy 296 0.422744053 -0.450162439 -0.000146006454 0 0 0
volume_proxy 297 0.815970993 0.184353062 0.00289525598 0 0 0
volume_proxy 298 0.602598939 -0.74178192 -0.010197569 0 0 0
volume_proxy 299 -1.48213595 0.56686355 -0.00827369199 0 0 0
volume_proxy 301 0.797527422 0.0705307253 -0.00299520251 0 0 0
volume_proxy 303 -0.145469359 -0.540974038 -0.00956597287 0 0 0
volume_proxy 304 -1.16898425 0.92215565 -0.00536604918 0 0 0
volume_proxy 305 1.14238505 0.95647404 -0.00635809287 0 0 0
volume_proxy 306 1.16750841 -0.558700979 0.00533904998 0 0 0
volume_proxy 307 -1.38787344 -0.356384899 0.00701136463 0 0 0
volume_proxy 308 0.511744716 -0.828701548 -0.00189748168 0 0 0
volume_proxy 309 0.593594198 0.473944835 -0.0021819839 0 0 0
volume_proxy 310 0.958914115 -0.0302642354 0.00929009616 0 0 0
volume_proxy 311 -0.216843067 -0.989736842 -0.00932289994 0 0 0
volume_proxy 312 0.495403322 -0.440356269 0.00108199645 0 0 0
volume_proxy 313 0.777930941 0.596792658 -0.0104141261 0 0 0
volume_proxy 314 -0.519727951 -0.342893282 -0.000404747419 0 0 0
volume_proxy 315 -0.223201546 0.49480662 0.000468890809 0 0 0
volume_proxy 316 -0.052858763 -0.298803313 0.00541484998 0 0 0
volume_proxy 317 0.233999425 0.481973369 -0.00820919327 0 0 0
volume_proxy 318 -0.838933896 0.187075855 0.00114195595 0 0 0
volume_proxy 319 -0.196953456 -0.795187364 0.000702097206 0 0 0
volume_proxy 320 -0.985775066 -0.383967753 -0.00571315186 0 0 0
volume_proxy 321 -0.411596928 -0.97922407 -0.00325629138 0 0 0
volume_proxy 322 0.715743984 0.451777567 0.00336852344 0 0 0
volume_proxy 323 0.215153204 -0.95360301 0.00221400479 0 0 0
volume_proxy 324 -0.769555077 -0.889504677 -0.00230715496 0 0 0
volume_proxy 325 -0.291030477 0.994910134 0.0018771083 0 0 0
volume_proxy 326 -0.846924849 0.687462114 -0.0101047264 0 0 0
volume_proxy 327 1.31686814 -0.816403126 -0.0104161496 0 0 0
volume_proxy 328 0.698115984 0.584116665 -0.00091458492 0 0 0
volume_proxy 329 0.192751099 0.844487987 -0.0107226617 0 0 0
volume_proxy 330 0.519034418 -0.615313939 0.00177166602 0 0 0
volume_proxy 331 -1.4470853 0.809708733 0.0105404677 0 0 0
volume_proxy 333 -1.0384537 -0.467376136 0.00540164494 0 0 0
volume_proxy 334 0.834419061 -0.735461092 -0.00344935464 0 0 0
volume_proxy 335 -0.794203081 0.0369112736 0.00435238223 0 0 0
volume_proxy 336 0.684438714 0.559054125 7.08817347e-05 0 0 0
volume_proxy 337 -0.826616612 0.362782339 -0.0068485408 0 0 0
volume_proxy 338 -0.594197004 0.00527180636 -0.00286135245 0 0 0
volume_proxy 339 -0.586368942 0.0316978816 0.0033054358 0 0 0
volume_proxy 340 0.22310289 0.789539431 0.00510357095 0 0 0
volume_proxy 341 1.34625384 0.713143737 0.0089453653 0 0 0
volume_proxy 342 -0.209536412 0.26914765 -0.00961535176 0 0 0
volume_proxy 343 -0.553817448 0.997593899 0.0025526217 0 0 0
volume_proxy 344 0.654158136 0.180690367 -0.00240294176 0 0 0
volume_proxy 345 -0.921916983 0.370993819 0.0056037657 0 0 0
volume_proxy 347 0.213160118 -0.179962127 -0.00424643396 0 0 0
volume_proxy 348 -1.43674552 0.202116855 0.00578279096 0 0 0
volume_proxy 349 -0.171102728 0.33742568 0.00622140161 0 0 0
volume_proxy 350 -0.50001274 0.647891486 -0.00550555747 0 0 0
volume_proxy 351 -1.41237423 -0.011236316 -0.00425346532 0 0 0
volume_proxy 352 1.19903501 0.888188622 -0.00711011727 0 0 0
volume_proxy 353 -0.178912503 0.49207027 -0.000367294057 0 0 0
volume_proxy 355 1.20500072 0.089087062 -0.0101039801 0 0 0
volume_proxy 356 0.780551161 0.383656812 0.000595828205 0 0 0
volume_proxy 357 -1.02747993 -0.943737661 -0.0101512353 0 0 0
volume_proxy 358 1.3743699 0.452648133 -0.00435284172 0 0 0
volume_proxy 359 0.184277585 0.137188831 0.00530885041 0 0 0
volume_proxy 360 1.12148949 -0.201065325 5.48006389e-05 0 0 0
volume_proxy 361 0.170030483 -0.16224242 -0.00517848451 0 0 0
volume_proxy 362 1.37722905 -0.708622273 0.00888563889 0 0 0
volume_proxy 363 1.30066109 0.590970864 -0.00627460475 0 0 0
volume_proxy 364 1.41828495 -0.790240887 0.00847414632 0 0 0
volume_proxy 365 -0.486881043 0.482992303 -0.00180251758 0 0 0
volume_proxy 366 1.22904061 -0.510281581 -0.00613228156 0 0 0
volume_proxy 367 -1.42291088 0.830597416 0.00440108652 0 0 0
volume_proxy 368 0.788718498 0.355826243 0.00348007578 0 0 0
volume_proxy 369 -0.366897785 0.0102818508 -0.00328097018 0 0 0
volume_proxy 370 1.24651152 0.145269974 0.00565440258 0 0 0
volume_proxy 371 -1.07769092 0.952759691 -0.000478245378 0 0 0
volume_proxy 372 -0.191228602 0.337497141 -0.00496325013 0 0 0
volume_proxy 373 1.10272949 0.246831792 -0.00767308469 0 0 0
volume_proxy 374 1.00619588 -0.907651806 0.0082705819 0 0 0
volume_proxy 375 1.19058682 0.821146852 0.00570433368 0 0 0
volume_proxy 376 0.349264855 -0.0390312441 0.00336635116 0 0 0
volume_proxy 377 0.536772442 -0.200112357 -0.00872201757 0 0 0
volume_proxy 378 0.760183274 0.882462995 -0.0107811367 0 0 0
volume_proxy 379 -1.37087702 0.152326411 0.00123231641 0 0 0
volume_proxy 380 -0.592816728 -0.626860546 -0.00558032754 0 0 0
volume_proxy 381 -0.845365396 -0.495566857 0.00592430759 0 0 0
volume_proxy 382 -0.398219924 -0.854840467 0.00891142653 0 0 0
volume_proxy 383 0.0512535716 -0.799090375 0.00952758833 0 0 0
volume_proxy 384 0.305404819 0.71173869 -0.00809472119 0 0 0
volume_proxy 385 0.932995281 -0.30717338 -0.00264410706 0 0 0
volume_proxy 386 0.488205583 0.494917178 -0.00293289811 0 0 0
volume_proxy 387 -0.449716167 0.381387026 -0.00252852187 0 0 0
volume_proxy 388 -1.23383359 0.000624372818 -0.00950676731 0 0 0
volume_proxy 389 0.0971526751 0.274266759 -0.00735266134 0 0 0
volume_proxy 390 -1.11428379 -0.341541125 0.00630156482 0 0 0
volume_proxy 391 -1.48673518 0.828668428 -0.00273394378 0 0 0
volume_proxy 392 -0.218077577 0.921306403 -0.00390904301 0 0 0
volume_proxy 393 1.47497412 -0.342819459 -0.000606574496 0 0 0
volume_proxy 394 -0.229417017 0.663967017 0.00378655363 0 0 0
volume_proxy 395 -0.405009784 -0.992375328 0.00897573163 0 0 0
volume_proxy 396 -0.516129747 0.737825947 0.00428754556 0 0 0
volume_proxy 397 0.884999107 0.263411024 -0.00776076546 0 0 0
volume_proxy 398 -1.49472303 -0.0490926785 0.00515199695 0 0 0
volume_proxy 399 0.594502977 -0.868207652 0.00529161667 0 0 0
volume_proxy 400 -0.335797897 -0.672055216 0.00773154528 0 0 0
volume_proxy 401 0.330404112 0.242768684 0.00167313746 0 0 0
volume_proxy 402 -0.920978375 -0.378235772 -0.00416155423 0 0 0
volume_proxy 404 0.211512135 -0.710083676 0.00647263008 0 0 0
volume_proxy 405 1.18402117 -0.317426539 -0.00987786867 0 0 0
volume_proxy 406 0.993188775 -0.00555511132 0.0100109359 0 0 0
volume_proxy 407 0.953428294 -0.777766415 -0.00110076966 0 0 0
volume_proxy 408 0.535433593 -0.995057688 0.0014645951 0 0 0
volume_proxy 409 -0.114032478 -0.65373596 -0.0103074489 0 0 0
volume_proxy 410 1.1234637 0.976018666 -0.00076991252 0 0 0
volume_proxy 411 -0.182011701 0.28408904 0.00165834515 0 0 0
volume_proxy 412 0.963945949 0.292832191 0.000238375231 0 0 0
volume_proxy 413 0.167347538 0.365313543 0.00790479448 0 0 0
volume_proxy 414 1.22262407 0.560941543 -0.0092929697 0 0 0
volume_proxy 415 -1.27395969 -0.727587118 -0.00611752621 0 0 0
volume_proxy 416 -0.449789587 0.217727263 -0.00450791629 0 0 0
volume_proxy 417 -1.22950475 0.575929023 -0.0107021007 0 0 0
volume_proxy 418 0.142883798 -0.106126847 0.0106613044 0 0 0
volume_proxy 419 -1.48640685 -0.392853367 0.00288793943 0 0 0
volume_proxy 420 1.22570565 -0.854215618 0.00744815651 0 0 0
volume_proxy 421 -0.233636669 -0.572365023 -0.00190803641 0 0 0
volume_proxy 422 -0.167762259 0.557809351 -0.00154178738 0 0 0
volume_proxy 423 1.00108147 0.891057429 -0.00217295408 0 0 0
volume_proxy 424 1.18376777 0.787687516 -0.00982236306 0 0 0
volume_proxy 425 0.562506821 -0.387219502 0.00726840188 0 0 0
volume_proxy 426 -0.625993897 0.815140374 0.000811254846 0 0 0
volume_proxy 427 1.40447464 0.0238037633 0.00685459919 0 0 0
volume_proxy 428 -1.34293991 -0.923126824 0.00844109714 0 0 0
volume_proxy 429 -0.652605991 0.121955975 -0.00485965628 0 0 0
volume_proxy 430 0.639143405 0.501864376 0.00332629062 0 0 0
volume_proxy 431 -1.37993421 -0.836361262 -0.00963724483 0 0 0
volume_proxy 432 -1.02903761 0.290086819 0.00506424951 0 0 0
volume_proxy 433 -1.36926195 0.864596939 0.00376620254 0 0 0
volume_proxy 434 -0.713328397 -0.839210847 0.00740657966 0 0 0
volume_proxy 435 -1.25833233 -0.820306456 -0.00272244207 0 0 0
volume_proxy 436 0.632716543 -0.225707083 0.00295748807 0 0 0
volume_proxy 437 0.0200945185 0.175576571 -0.00324726041 0 0 0
volume_proxy 438 -0.238728118 -0.0646657144 0.000872352384 0 0 0
volume_proxy 439 -0.713285805 0.241726244 0.00504457831 0 0 0
volume_proxy 440 0.158720816 -0.907760701 0.00212065785 0 0 0
volume_proxy 442 -1.05647016 -0.800052079 0.00951525856 0 0 0
volume_proxy 443 1.16698544 -0.443879528 0.00469221505 0 0 0
volume_proxy 444 0.794065852 -0.992431553 -0.00687938379 0 0 0
volume_proxy 445 -1.43843452 -0.497319925 -0.00716451628 0 0 0
volume_proxy 447 -0.283634293 0.0273792483 0.000121378688 0 0 0
volume_proxy 448 -0.531821179 0.415413578 0.00704205937 0 0 0
volume_proxy 449 1.44738191 0.719605025 -0.00743203774 0 0 0
volume_proxy 450 1.25527805 0.603844878 0.0107120996 0 0 0
volume_proxy 451 0.174696554 -0.561511327 -0.00397727276 0 0 0
volume_proxy 452 -0.110027242 0.771260534 -0.00927266924 0 0 0
volume_proxy 453 -1.47945115 0.580414422 -0.00468452478 0 0 0
volume_proxy 454 -0.900330691 -0.509512553 -0.00795304056 0 0 0
volume_proxy 455 1.48650591 0.374517047 -0.00231016657 0 0 0
volume_proxy 456 0.252484937 -0.787730901 0.00524125756 0 0 0
volume_proxy 457 -1.46134664 0.189382413 -0.00800843216 0 0 0
volume_proxy 458 0.18268174 0.118817171 -0.00563850384 0 0 0
volume_proxy 459 -1.0607986 0.395174389 0.00600682688 0 0 0
volume_proxy 460 0.0429808625 -0.254093434 0.00362117306 0 0 0
volume_proxy 461 1.24028128 0.317417037 -0.00466631854 0 0 0
volume_proxy 462 -0.644770178 -0.670957761 -0.000421010173 0 0 0
volume_proxy 463 0.820972133 -0.694780506 0.00414244002 0 0 0
volume_proxy 464 0.726079836 -0.230938062 -0.00585735371 0 0 0
volume_proxy 465 -0.143391125 0.86823883 -0.0104204549 0 0 0
volume_proxy 466 1.04392735 -0.790016604 -0.00484910105 0 0 0
volume_proxy 468 0.681737192 0.41715181 0.00703949228 0 0 0
volume_proxy 469 1.41283683 -0.628391384 0.0080605041 0 0 0
volume_proxy 470 1.13105684 0.707431852 -0.000516661169 0 0 0
volume_proxy 471 0.34562742 -0.748012824 -0.00335931851 0 0 0
volume_proxy 472 0.793694029 0.458023933 0.00306967591 0 0 0
volume_proxy 473 1.46486695 0.0437271721 0.00918196272 0 0 0
volume_proxy 474 -0.129126921 -0.879287733 0.00237305958 0 0 0
volume_proxy 475 -0.631196357 0.306823377 0.00116618102 0 0 0
volume_proxy 476 1.49259069 0.393088845 0.00866575602 0 0 0
volume_proxy 477 0.193751721 -0.894537564 -0.00778717744 0 0 0
volume_proxy 478 1.09726074 0.0735065564 0.00984047335 0 0 0
volume_proxy 479 0.609843975 0.867853899 0.000114629312 0 0 0
volume_proxy 480 0.352736136 0.286847168 -0.0102100772 0 0 0
volume_proxy 481 0.0110774332 -0.585446086 -0.00380410012 0 0 0
volume_proxy 482 -0.320274839 -0.31934083 -0.00584255126 0 0 0
volume_proxy 483 -0.0588779788 0.417839179 0.00130841398 0 0 0
volume_proxy 484 0.177774177 -0.519618349 0.000130252118 0 0 0
volume_proxy 485 -0.446736537 -0.702453028 -0.00139485776 0 0 0
volume_proxy 486 -0.969431397 -0.162595716 0.00262851218 0 0 0
volume_proxy 487 -0.00358477272 0.560714137 0.00869038126 0 0 0
volume_proxy 488 -0.739961297 -0.926772225 -0.00250655458 0 0 0
volume_proxy 489 -1.08582446 -0.557659531 0.00346447897 0 0 0
volume_proxy 490 -0.104226169 0.809334374 -0.00115269743 0 0 0
volume_proxy 491 0.027286002 -0.574925703 0.0018428592 0 0 0
volume_proxy 492 1.2930239 -0.874763739 0.00873807525 0 0 0
volume_proxy 493 -1.30358852 -0.623828004 -0.00231373342 0 0 0
volume_proxy 494 -0.439536632 0.96631532 -0.00224873122 0 0 0
volume_proxy 495 -0.807064582 -0.204438742 0.0025066288 0 0 0
volume_proxy 496 1.10425219 0.837336461 0.00458620759 0 0 0
volume_proxy 497 -1.21669683 -0.870647249 0.00172146829 0 0 0
volume_proxy 499 1.18093299 -0.596548108 0.00180689168 0 0 0
volume_proxy 500 -0.928076967 -0.116079729 0.00956431011 0 0 0
volume_proxy 501 -1.36860021 0.803833783 -0.00712543214 0 0 0
volume_proxy 502 0.878472542 -0.555126886 -0.00606559945 0 0 0
volume_proxy 503 -0.501169878 0.51134686 -0.000865655353 0 0 0
volume_proxy 504 1.30344075 0.316699456 -0.0095527672 0 0 0
volume_proxy 505 0.52911901 -0.949049377 -0.0095197761 0 0 0
volume_proxy 506 0.918680908 -0.335686519 -0.00442591934 0 0 0
volume_proxy 507 -0.269772419 0.201372321 -0.000584661445 0 0 0
volume_proxy 508 0.93533081 0.869828661 0.00495649812 0 0 0
volume_proxy 509 0.471819 -0.822365379 -0.00405097086 0 0 0
volume_proxy 510 -0.249181947 -0.162775672 -0.00584396548 0 0 0
volume_proxy 511 1.36959939 0.75337484 -0.00170183011 0 0 0
volume_proxy 512 0.229658535 -0.446017584 -0.00140114236 0 0 0
volume_proxy 513 0.192718861 -0.543709927 0.000519689445 0 0 0
volume_proxy 514 -0.380448133 0.14800674 0.00794294046 0 0 0
volume_proxy 518 1.38581442 -0.415334941 -0.00295208213 0 0 0
volume_proxy 519 -1.10625086 0.802624239 0.00815516347 0 0 0
volume_proxy 520 0.47250348 0.643433516 -0.0107942902 0 0 0
volume_proxy 521 0.465280312 0.697593525 -0.00259524952 0 0 0
volume_proxy 522 1.25095401 -0.690019414 -0.000137152444 0 0 0
volume_proxy 523 -0.231354358 0.222665592 0.00525963902 0 0 0
volume_proxy 524 0.361240108 0.998957031 -0.00118224056 0 0 0
volume_proxy 525 -0.124786631 0.555796079 0.00754262949 0 0 0
volume_proxy 526 0.859088368 0.587247715 -0.00117679306 0 0 0
volume_proxy 527 -0.50333777 -0.108250302 0.00584673033 0 0 0
volume_proxy 529 0.620330596 -0.852674118 -0.00182268478 0 0 0
volume_proxy 530 0.273005713 0.331291994 -0.00332022791 0 0 0
volume_proxy 531 0.280037063 0.393152801 -0.00228630899 0 0 0
volume_proxy 532 -0.850133022 0.570363142 -0.00988077926 0 0 0
volume_proxy 533 -1.04008757 -0.326719354 7.95880006e-05 0 0 0
volume_proxy 534 -0.773984067 -0.865196701 0.00102026948 0 0 0
volume_proxy 535 1.11177291 0.0959807641 -0.00682597972 0 0 0
volume_proxy 536 -1.1391356 -0.671048339 0.00394205953 0 0 0
volume_proxy 537 -0.965721502 -0.0988921253 -0.00730516958 0 0 0
volume_proxy 538 -0.904375452 0.614099595 0.00598916056 0 0 0
volume_proxy 539 -0.17504164 -0.323499222 -0.0102100316 0 0 0
volume_proxy 540 0.160336804 -0.861997464 0.00355649883 0 0 0
volume_proxy 541 1.42082795 -0.672508581 0.00776117132 0 0 0
volume_proxy 542 1.20082518 0.350592383 0.00699391294 0 0 0
volume_proxy 543 -0.938108652 -0.818162773 0.000169699825 0 0 0
volume_proxy 544 0.404157596 0.617536078 -0.00811882812 0 0 0
volume_proxy 545 -1.30229207 0.575926791 0.00143629266 0 0 0
volume_proxy 546 -1.21109347 -0.774526473 0.00580469448 0 0 0
volume_proxy 547 1.07650946 0.593534471 -0.00992039797 0 0 0
volume_proxy 548 0.953097944 -0.64723713 0.00863678946 0 0 0
volume_proxy 549 0.342130839 -0.748801688 0.00618777013 0 0 0
volume_proxy 550 0.248242308 0.0724591725 -0.00729245281 0 0 0
volume_proxy 551 -1.43681622 0.2967005 0.00852218671 0 0 0
volume_proxy 552 -0.522240836 -0.702642582 0.00884897719 0 0 0
volume_proxy 553 0.994498592 -0.446373814 -0.00943181438 0 0 0
volume_proxy 554 0.258832696 -0.528745801 0.00580708431 0 0 0
volume_proxy 555 1.32282232 0.194107557 -0.00529387221 0 0 0
volume_proxy 556 0.701280554 0.953956399 -0.00770737677 0 0 0
volume_proxy 557 -0.484338013 -0.452522333 -0.00617444106 0 0 0
volume_proxy 558 0.597019243 -0.793021595 0.00272330821 0 0 0
volume_proxy 559 1.38916482 0.78187701 -0.00032542994 0 0 0
volume_proxy 560 0.585062231 0.551435312 -0.00365363617 0 0 0
volume_proxy 561 1.12338892 0.976305722 0.00406993804 0 0 0
volume_proxy 562 -0.605283931 0.760196343 0.00171411611 0 0 0
volume_proxy 563 -0.96563884 0.939741877 0.00246609511 0 0 0
volume_proxy 564 -1.10452162 0.544200667 0.00772304087 0 0 0
volume_proxy 565 -0.706562071 0.0720186474 0.000553784692 0 0 0
volume_proxy 566 1.01375216 -0.56137215 0.00327565161 0 0 0
volume_proxy 567 -0.985572605 0.175893464 -0.00448270588 0 0 0
volume_proxy 568 -0.308502992 0.329223833 0.00743028723 0 0 0
volume_proxy 569 -1.47450059 0.958814484 0.00886389677 0 0 0
volume_proxy 570 1.49284481 -0.289020941 -0.000770600951 0 0 0
volume_proxy 571 0.869623649 0.876954652 0.00256561462 0 0 0
volume_proxy 572 0.229186794 -0.707758423 -0.00876857233 0 0 0
volume_proxy 574 -0.0173450306 -0.698218504 -0.00234334506 0 0 0
volume_proxy 575 -1.48505341 0.575017315 0.00740069911 0 0 0
volume_proxy 576 -0.217835967 0.641081666 -0.00093261786 0 0 0
volume_proxy 577 -1.04090528 0.753542194 0.000345022594 0 0 0
volume_proxy 578 -0.906010647 0.631453388 -0.00504194875 0 0 0
volume_proxy 579 -1.01831605 0.93862657 0.00119958124 0 0 0
volume_proxy 580 -0.908434775 -0.82153531 0.00935156076 0 0 0
volume_proxy 581 0.771125867 0.858118076 -0.00784266871 0 0 0
volume_proxy 582 1.0939161 -0.371012632 0.00481301315 0 0 0
volume_proxy 583 0.202967021 -0.997355434 -0.00568842938 0 0 0
volume_proxy 584 -1.01902401 0.215471585 0.00591913465 0 0 0
volume_proxy 585 0.373407978 -0.60681957 -0.00767231508 0 0 0
volume_proxy 586 0.911564161 0.536898618 0.00789643498 0 0 0
volume_proxy 587 1.49792408 0.0625362948 -0.00714805091 0 0 0
volume_proxy 588 -1.37661539 0.969137304 0.00376743124 0 0 0
volume_proxy 589 -1.25641833 0.298327985 0.0054872116 0 0 0
volume_proxy 590 1.39309151 0.136294515 0.00987229326 0 0 0
volume_proxy 591 -0.3557454 -0.474918019 0.0070139306 0 0 0
volume_proxy 592 0.728869481 -0.989484467 -0.0101136979 0 0 0
volume_proxy 593 1.13408528 -0.577572084 -0.00492196658 0 0 0
volume_proxy 594 -1.00481491 -0.564133363 -0.00367526545 0 0 0
volume_proxy 595 1.04416897 0.91027733 -0.0104647259 0 0 0
volume_proxy 596 -1.1586574 0.147061141 0.00311860522 0 0 0
volume_proxy 598 -1.30400049 0.236715935 0.00332476269 0 0 0
volume_proxy 599 1.37911882 -0.834273191 -0.00827121848 0 0 0
volume_proxy 600 0.723339701 0.938973577 -0.00423499345 0 0 0
volume_proxy 601 1.34133231 -0.678761213 0.00349141377 0 0 0
volume_proxy 602 -0.267309164 -0.600431431 -0.00283099262 0 0 0
volume_proxy 603 -0.0658413831 -0.382006968 -0.00511690904 0 0 0
volume_proxy 604 -0.642129459 0.50101654 -0.00635068257 0 0 0
volume_proxy 605 0.990233359 0.458822707 -0.00906994202 0 0 0
volume_proxy 606 -0.650183621 0.691599994 -0.0040200043 0 0 0
volume_proxy 607 0.861726275 -0.245210272 0.00381081764 0 0 0
volume_proxy 608 -0.201947039 -0.941113735 0.00696862244 0 0 0
volume_proxy 609 -0.13394775 -0.902984199 0.00379948431 0 0 0
volume_proxy 610 -1.22998171 -0.0529243458 0.00517726613 0 0 0
volume_proxy 611 0.148728307 0.707059571 0.00692710565 0 0 0
volume_proxy 612 -0.176158412 -0.0624332416 -0.00212556853 0 0 0
volume_proxy 613 -1.14775025 -0.986857639 -0.000697250883 0 0 0
volume_proxy 614 -0.714957811 -0.297567109 -0.00816194687 0 0 0
volume_proxy 615 1.26772848 -0.999896762 0.0039837536 0 0 0
volume_proxy 616 1.45512472 -0.253542823 0.00531919955 0 0 0
volume_proxy 617 -0.905343515 -0.820977728 -0.0082871709 0 0 0
volume_proxy 618 0.576150972 0.47561179 0.00530557449 0 0 0
volume_proxy 619 -0.151426982 -0.766273328 -0.000418827766 0 0 0
volume_proxy 620 -0.231297085 -0.201511459 0.0100273821 0 0 0
volume_proxy 621 0.088826887 -0.541963395 -0.00517720773 0 0 0
volume_proxy 622 -0.926526513 -0.575208829 -0.00191815729 0 0 0
volume_proxy 623 -1.12207811 0.0955640857 -0.00239712811 0 0 0
volume_proxy 624 0.360584255 0.844330765 0.0105067518 0 0 0
volume_proxy 625 -1.43818099 -0.133379196 0.00449570929 0 0 0
volume_proxy 626 0.592579401 0.390742988 0.00143596518 0 0 0
volume_proxy 627 0.56893615 -0.301986907 -0.0061502241 0 0 0
volume_proxy 628 0.124744761 -0.252575419 0.00150513728 0 0 0
volume_proxy 629 -1.32937607 0.630716782 0.00849692501 0 0 0
volume_proxy 630 -0.862553207 -0.545382638 0.00901201795 0 0 0
volume_proxy 631 -1.49753832 -0.119549285 -0.00954099595 0 0 0
volume_proxy 632 -0.0563397932 0.276776915 -0.00818537828 0 0 0
volume_proxy 633 0.137720045 -0.339734039 -0.00268652172 0 0 0
volume_proxy 634 -1.17045835 -0.235647021 -0.0033413364 0 0 0
volume_proxy 635 0.634618678 -0.0936135305 -0.00227762971 0 0 0
volume_proxy 636 1.28199116 -0.324373717 -0.0029888661 0 0 0
volume_proxy 637 -0.953085563 -0.827463608 0.00472670834 0 0 0
volume_proxy 638 -0.867895628 0.634352423 0.00475854362 0 0 0
volume_proxy 639 -0.704922391 0.185911064 0.00807567223 0 0 0
volume_proxy 640 -1.0993978 -0.678550938 0.00726795045 0 0 0
volume_proxy 641 -0.691468366 -0.610826966 -0.00317061315 0 0 0
volume_proxy 642 1.15071798 -0.368192679 0.00888295636 0 0 0
volume_proxy 643 0.116731396 -0.76873279 0.00577340533 0 0 0
volume_proxy 644 -0.559243981 0.778143339 0.00107567185 0 0 0
volume_proxy 645 -0.418089724 0.45678846 0.00769939468 0 0 0
volume_proxy 646 1.07581995 -0.592453036 -0.00590631697 0 0 0
volume_proxy 647 -0.287347998 0.265691491 -0.00389780592 0 0 0
volume_proxy 649 -0.833923905 -0.818945032 0.00429230498 0 0 0
volume_proxy 650 0.736334651 -0.259026968 -0.00243339088 0 0 0
volume_proxy 651 -0.466685964 0.0283586046 0.00971451201 0 0 0
volume_proxy 652 0.244276786 -0.136510477 -0.00714225921 0 0 0
volume_proxy 654 1.20315269 -0.791718099 0.00909706968 0 0 0
volume_proxy 655 -0.625460825 0.394503625 -0.000920825977 0 0 0
volume_proxy 656 0.310640049 -0.489293247 -0.00684782703 0 0 0
volume_proxy 657 -0.429395214 0.0267305599 -0.00020850035 0 0 0
volume_proxy 658 -1.39750683 0.947540879 -0.00811439342 0 0 0
volume_proxy 659 -0.51130876 -0.705110789 0.00142113234 0 0 0
volume_proxy 660 1.24031422 0.728727874 -0.00787237225 0 0 0
volume_proxy 663 0.320099971 -0.502535594 0.00979716932 0 0 0
volume_proxy 664 1.17622019 -0.558525849 0.0102075609 0 0 0
volume_proxy 665 -0.901953773 -0.819608018 -0.00463746428 0 0 0
volume_proxy 666 -0.0886757412 -0.00734631048 0.00415551155 0 0 0
volume_proxy 667 0.717922621 0.612946905 -0.00792113418 0 0 0
volume_proxy 668 -0.827540689 0.974299198 0.00225124145 0 0 0
volume_proxy 669 1.15852301 -0.232690648 -0.00475700768 0 0 0
volume_proxy 671 1.3697735 -0.562592776 -0.00181690405 0 0 0
volume_proxy 672 -0.308431289 -0.48545168 0.00303872322 0 0 0
volume_proxy 673 -1.01117485 0.197292243 -0.00605108466 0 0 0
volume_proxy 674 -1.20596264 -0.97156477 0.0079467058 0 0 0
volume_proxy 675 -0.953509352 0.498713894 -0.00166996516 0 0 0
volume_proxy 676 0.665104563 0.586062247 -0.00580046749 0 0 0
volume_proxy 677 0.0846392071 0.724686837 -0.00843447507 0 0 0
volume_proxy 678 -0.806614619 -0.0731495066 -0.00730803286 0 0 0
volume_proxy 679 0.0887823583 0.186402828 0.0020709598 0 0 0
volume_proxy 680 1.27154462 0.0851612188 -0.000797626407 0 0 0
volume_proxy 682 -0.245159641 0.936118583 -0.00204173374 0 0 0
volume_proxy 683 0.367475682 0.578667988 0.00470398869 0 0 0
volume_proxy 684 -0.809704528 0.737023351 -0.00943273421 0 0 0
volume_proxy 685 0.210784701 -0.86481966 0.00252253737 0 0 0
volume_proxy 686 0.29051041 -0.356561677 -0.00939497648 0 0 0
volume_proxy 687 1.00351644 0.690286273 0.000137707992 0 0 0
volume_proxy 688 -0.765923022 0.296939421 0.00702215259 0 0 0
volume_proxy 689 0.151729931 0.805592189 0.00470994399 0 0 0
volume_proxy 690 -0.540374086 0.849820432 -0.000628115521 0 0 0
volume_proxy 691 1.17357848 -0.101954567 0.00884213389 0 0 0
volume_proxy 692 -1.43520103 -0.446560932 -0.00316432249 0 0 0
volume_proxy 693 0.401903137 -0.0078174675 0.00557302519 0 0 0
volume_proxy 694 -0.519157389 -0.0932458089 -0.00354885212 0 0 0
volume_proxy 695 1.10051552 -0.739488118 0.00141602055 0 0 0
volume_proxy 696 0.836695388 -0.397973054 0.00396645385 0 0 0
volume_proxy 697 0.24655979 0.233912611 0.00113933808 0 0 0
volume_proxy 698 0.00801113347 0.74481545 -0.00499775066 0 0 0
volume_proxy 699 0.294587504 0.758354726 0.0067849347 0 0 0
volume_proxy 700 0.50270585 -0.00927684627 -0.0045758856 0 0 0
volume_proxy 701 -1.01857238 0.846564097 -0.00902662322 0 0 0
volume_proxy 702 0.193038448 0.0910865828 0.00582647581 0 0 0
volume_proxy 703 -1.37662951 -0.713179081 0.00439297619 0 0 0
volume_proxy 704 1.20997074 -0.107211855 -0.00856127662 0 0 0
volume_proxy 705 0.0145540906 -0.629390055 0.0087286254 0 0 0
volume_proxy 706 -0.779060473 0.346569171 -0.00111979095 0 0 0
volume_proxy 707 -0.757965728 0.824678547 0.0044867157 0 0 0
volume_proxy 708 -1.46259563 0.488550887 0.00103809314 0 0 0
volume_proxy 709 0.689879402 0.954736794 0.00110843937 0 0 0
volume_proxy 710 0.116425753 0.695440167 0.0101000343 0 0 0
volume_proxy 711 0.359765921 0.471888028 -0.00363175482 0 0 0
volume_proxy 712 0.380694031 -0.485564151 -0.00171068176 0 0 0
volume_proxy 713 -0.821547921 0.466819607 -0.00517291376 0 0 0
volume_proxy 714 1.43933806 -0.311991195 -0.0102517022 0 0 0
volume_proxy 715 -1.31923879 0.214736256 0.0038576333 0 0 0
volume_proxy 716 0.168872896 0.955468129 0.00265230827 0 0 0
