volume_proxy 0 -0.751222081 -0.10011593 0.00950504719 0 0 0
volume_proxy 6 -0.0890815624 0.068384745 0.00635247567 0 0 0
volume_proxy 11 0.983011323 0.541068227 -0.00934984128 0 0 0
volume_proxy 12 1.34402529 -0.454924035 -0.0101891094 0 0 0
volume_proxy 14 -1.39948678 0.631282759 -0.00919692438 0 0 0
volume_proxy 23 1.26237531 -0.0955924824 -0.001292163 0 0 0
volume_proxy 38 -0.80506594 -0.807642924 0.00286833214 0 0 0
volume_proxy 40 -1.4462912 -0.24088399 0.00281708958 0 0 0
volume_proxy 50 -1.34872048 -0.78736108 0.00691314708 0 0 0
volume_proxy 53 -1.34879223 0.283702487 -0.0106362361 0 0 0
volume_proxy 58 0.369873883 -0.375228568 -0.00534392075 0 0 0
volume_proxy 60 -0.434676964 0.608531472 -0.0030344881 0 0 0
volume_proxy 85 -1.07119629 0.879258057 0.00999481203 0 0 0
volume_proxy 97 0.598320967 0.91211234 0.00870667592 0 0 0
volume_proxy 107 0.167024431 0.665366872 -0.00296576977 0 0 0
volume_proxy 127 -1.46094517 -0.61199644 -0.00421438809 0 0 0
volume_proxy 130 -0.077421692 -0.53748872 -0.000460813228 0 0 0
volume_proxy 140 0.84127649 0.0494075709 -0.000801311057 0 0 0
volume_proxy 157 0.476933287 0.305841262 0.00443794156 0 0 0
volume_proxy 159 0.0632524199 0.679118308 0.00737104297 0 0 0
volume_proxy 161 -0.195102479 0.039346271 -0.00872023341 0 0 0
volume_proxy 176 1.17792012 0.300665929 -0.00434992394 0 0 0
volume_proxy 186 -0.790021882 0.19058345 -0.00405114736 0 0 0
volume_proxy 189 -0.762544421 -0.800683994 -0.00993585409 0 0 0
volume_proxy 195 -0.900228618 -0.771900782 -0.00415923642 0 0 0
volume_proxy 196 -1.38004366 -0.0685277098 -0.00222843419 0 0 0
volume_proxy 200 -1.3837332 0.825493091 0.00141397129 0 0 0
volume_proxy 202 -0.705808658 -0.473469826 -0.00905109698 0 0 0
volume_proxy 209 -1.14040861 -0.0609051025 0.00380966368 0 0 0
volume_proxy 210 0.416633279 0.197114371 -0.00200800546 0 0 0
volume_proxy 226 1.08838306 0.191775895 -0.0044653844 0 0 0
volume_proxy 236 0.416187485 0.683242971 -0.00765299403 0 0 0
volume_proxy 247 0.0032187043 -0.739829859 -0.0036051073 0 0 0
volume_proxy 256 0.715871765 -0.879810919 -0.00459191318 0 0 0
volume_proxy 259 0.955374041 0.168433415 0.00510431427 0 0 0
volume_proxy 269 -1.45493654 0.540343182 -0.00343652824 0 0 0
volume_proxy 277 -1.17284704 0.230033225 -0.00373796066 0 0 0
volume_proxy 296 -0.459023704 -0.198569615 0.00915394071 0 0 0
volume_proxy 305 0.257499247 -0.398766943 0.00551779951 0 0 0
volume_proxy 310 1.49353193 0.539780709 -0.00732106664 0 0 0
volume_proxy 344 -0.288949732 -0.420174272 -0.00206745742 0 0 0
volume_proxy 347 -0.908410569 0.737415115 0.00459691892 0 0 0
volume_proxy 356 -0.77866785 0.301806076 0.00867975228 0 0 0
volume_proxy 375 1.48410229 -0.111233438 0.00660822972 0 0 0
volume_proxy 388 1.40684467 -0.114160806 -0.00390760241 0 0 0
volume_proxy 1052 -1.47130432 -0.345992403 -0.00141743971 0 0 0
volume_proxy 1066 -0.227911393 -0.0636017442 -0.00151725165 0 0 0
volume_proxy 1120 -1.12583393 0.745340439 0.00623348962 0 0 0
volume_proxy 1166 -0.805610229 -0.920918522 -0.0079509049 0 0 0
volume_proxy 1193 -0.94667126 -0.132945919 -0.00494193382 0 0 0
volume_proxy 1225 -1.18327511 -0.765189902 0.00266816699 0 0 0
volume_proxy 1245 -1.2095195 0.90095121 0.000189129487 0 0 0
volume_proxy 1280 -1.2600441 0.890007072 0.00436322986 0 0 0
volume_proxy 1285 -0.575225742 0.624212162 -0.00395390546 0 0 0
volume_proxy 1295 0.736895669 0.564757622 -0.00988030041 0 0 0
volume_proxy 1296 -0.253412624 -0.303357672 -0.0035617246 0 0 0
volume_proxy 1340 1.44896857 -0.0231318309 -0.00469711852 0 0 0
volume_proxy 1380 -1.49197318 -0.585301464 0.00145657584 0 0 0
volume_proxy 1386 1.0967515 0.489305229 -0.00537977122 0 0 0
volume_proxy 1397 0.329273594 0.744864088 -0.0081467391 0 0 0
volume_proxy 1409 0.6201917 0.204985486 4.72542202e-05 0 0 0
volume_proxy 1413 0.514833312 0.265320295 0.00463265921 0 0 0
volume_proxy 1422 1.46766061 -0.912444355 -0.00155565761 0 0 0
volume_proxy 1433 1.43888238 0.765826555 0.00922276398 0 0 0
volume_proxy 1459 -0.947376493 -0.437141135 -0.00499085425 0 0 0
volume_proxy 1460 -1.07573675 0.158963822 0.00914098717 0 0 0
volume_proxy 1461 -1.19967147 0.264584612 -0.00384411573 0 0 0
volume_proxy 1472 -1.22782125 -0.307018584 0.00813029203 0 0 0
volume_proxy 1474 1.35224726 -0.0659574387 0.00772366325 0 0 0
volume_proxy 1481 -0.504473519 0.425139281 -0.00791635723 0 0 0
volume_proxy 1482 0.66654756 0.228729034 -0.000423608345 0 0 0
volume_proxy 1485 0.625466027 -0.147590233 -0.0013526544 0 0 0
volume_proxy 1489 0.0604569652 -0.807375656 -0.00517298652 0 0 0
volume_proxy 1490 0.560741709 0.698043686 -0.00443253395 0 0 0
volume_proxy 1496 -1.41420401 0.510570728 -0.0027775607 0 0 0
volume_proxy 1498 -0.224919164 -0.218923128 0.00154347871 0 0 0
volume_proxy 1503 -1.4766598 -0.915110159 0.00921780976 0 0 0
volume_proxy 1506 0.112785271 0.776681686 0.00561514514 0 0 0
volume_proxy 1507 -0.0533866019 -0.118312731 0.00290853618 0 0 0
volume_proxy 1508 -0.965213774 0.304697189 0.00219627836 0 0 0
volume_proxy 1509 -1.12818486 -0.186252303 -0.00865242201 0 0 0
volume_proxy 1513 -1.33591655 -0.0591992117 0.00931484644 0 0 0
volume_proxy 1515 0.0533278678 -0.9734722 -0.00921940307 0 0 0
volume_proxy 1516 -0.0497295881 -0.600956461 -0.00408567846 0 0 0
volume_proxy 1517 -1.3013364 -0.63174577 0.0101968307 0 0 0
volume_proxy 1519 0.392499232 0.599241111 -0.00340865831 0 0 0
volume_proxy 1520 0.0102449992 -0.433797646 0.00776507991 0 0 0
volume_proxy 1521 -1.21210637 -0.389665288 0.00546181225 0 0 0
volume_proxy 1523 -0.00465932483 -0.332973542 -0.00351970889 0 0 0
volume_proxy 1525 -0.431476235 0.872377018 0.00943862513 0 0 0
volume_proxy 1526 1.35004266 -0.126981494 0.00794893534 0 0 0
volume_proxy 1528 1.04486177 -0.782680732 0.00834603323 0 0 0
volume_proxy 1529 -0.913885681 -0.225600828 -0.00694874632 0 0 0
volume_proxy 1531 0.410016921 0.772696101 0.00348322137 0 0 0
volume_proxy 1533 1.05908661 0.151364309 -0.00350881977 0 0 0
volume_proxy 1534 -0.468319343 -0.0224959646 0.00412447345 0 0 0
volume_proxy 1537 -1.07016226 -0.698426312 0.00586353367 0 0 0
volume_proxy 1538 1.01678396 -0.267239053 0.00971430546 0 0 0
volume_proxy 1539 0.155188067 0.75753531 0.0092758199 0 0 0
volume_proxy 1540 1.30480608 0.033342573 0.000551795009 0 0 0
volume_proxy 1542 -0.448557627 -0.989958746 0.00251357152 0 0 0
volume_proxy 1543 -0.419546595 -0.997946571 -0.00429930758 0 0 0
