volume_proxy 0 1.27976615 -0.0848316612 -0.00405388084 0 0 0
volume_proxy 4 1.28105858 0.62537705 -0.00563352913 0 0 0
volume_proxy 5 -0.387478693 0.226563655 -0.0075428367 0 0 0
volume_proxy 6 1.44084332 0.517171218 0.000339811353 0 0 0
volume_proxy 11 -0.146085198 0.792604769 0.00282826492 0 0 0
volume_proxy 12 0.567459269 -0.0925305639 -0.0100872818 0 0 0
volume_proxy 13 -1.25563839 -0.82251447 0.000263826368 0 0 0
volume_proxy 14 0.508347654 0.475520557 0.0101871065 0 0 0
volume_proxy 15 -0.386975113 -0.754572197 -0.00930556013 0 0 0
volume_proxy 23 -0.564605484 -0.35638921 0.00773290897 0 0 0
volume_proxy 38 0.384292768 0.0554129349 -0.00852908965 0 0 0
volume_proxy 40 0.105206576 -0.794876447 0.00133360103 0 0 0
volume_proxy 47 1.05988068 -0.308011193 -0.00307749417 0 0 0
volume_proxy 49 0.121541939 -0.823426722 -0.00514888228 0 0 0
volume_proxy 50 -0.311621178 -0.702718338 -0.00405152023 0 0 0
volume_proxy 52 -0.91140882 -0.404736574 -0.00284622546 0 0 0
volume_proxy 53 0.207804873 -0.306172349 -0.00514364932 0 0 0
volume_proxy 57 -1.40692911 0.242515198 0.00432216967 0 0 0
volume_proxy 58 0.494194596 -0.68116655 -0.000219354953 0 0 0
volume_proxy 60 -0.265050701 0.695686843 0.00527734745 0 0 0
volume_proxy 61 -1.46401565 -0.400482098 0.00794406852 0 0 0
volume_proxy 69 -0.828390528 -0.0482854057 0.00569224984 0 0 0
volume_proxy 72 0.362267272 -0.0757824268 -0.00565908201 0 0 0
volume_proxy 81 -1.21568427 0.230341857 -0.00237837305 0 0 0
volume_proxy 85 -0.523870083 0.29339496 -0.00773258862 0 0 0
volume_proxy 87 1.33760631 0.802182141 -0.00082132329 0 0 0
volume_proxy 88 -1.00364286 0.17821974 0.0061319278 0 0 0
volume_proxy 97 1.28390609 0.0639180183 -0.00624025666 0 0 0
volume_proxy 101 -0.954620303 0.619097863 -0.0059701296 0 0 0
volume_proxy 102 0.266125308 -0.425434508 0.000413795691 0 0 0
volume_proxy 105 -0.570751632 -0.581043677 -0.00137665317 0 0 0
volume_proxy 106 -0.219194135 -0.688023619 0.0016558301 0 0 0
volume_proxy 107 0.456827785 0.444530534 -0.00230860177 0 0 0
volume_proxy 108 1.32186069 -0.454511518 0.00263440578 0 0 0
volume_proxy 125 -0.951539252 0.0167410137 -0.000609100121 0 0 0
volume_proxy 126 -0.141397499 -0.779147742 -0.0103095287 0 0 0
volume_proxy 127 0.369745624 0.0909470461 -0.0022713703 0 0 0
volume_proxy 130 1.47472135 0.137605447 0.000499646802 0 0 0
volume_proxy 132 0.597438826 0.917358165 -0.00302668262 0 0 0
volume_proxy 135 0.628764752 -0.868241652 -0.00376965972 0 0 0
volume_proxy 140 -0.70949182 0.75467961 0.00992788603 0 0 0
volume_proxy 145 -0.7334478 -0.480809632 0.00160796221 0 0 0
volume_proxy 149 -0.959864521 0.857672907 -0.00166582166 0 0 0
volume_proxy 157 0.800734062 0.518252129 0.00597254807 0 0 0
volume_proxy 159 -1.03980539 -0.713282544 -0.00208912748 0 0 0
volume_proxy 161 -0.0713080584 0.10961803 -0.00328601154 0 0 0
volume_proxy 163 -1.44240728 0.136711878 0.00435633968 0 0 0
volume_proxy 169 1.09073406 0.181002299 0.00600279331 0 0 0
volume_proxy 176 0.221816604 -0.0326312165 0.00986873218 0 0 0
volume_proxy 178 -0.751596316 -0.104681722 -0.00322867466 0 0 0
volume_proxy 186 -0.332938885 0.161853548 -0.00596434699 0 0 0
volume_proxy 189 -0.724357051 0.220720976 0.00556492512 0 0 0
volume_proxy 194 0.0563086961 -0.809259912 -0.00966189609 0 0 0
volume_proxy 195 -0.704618106 0.378422541 -0.0102368733 0 0 0
volume_proxy 196 0.730159842 0.332671218 0.00833605413 0 0 0
volume_proxy 198 1.10476551 -0.637209822 0.00721364064 0 0 0
volume_proxy 200 -0.921736021 -0.244478685 0.00806949002 0 0 0
volume_proxy 201 -1.26439532 0.191365642 0.00766822617 0 0 0
volume_proxy 202 -0.710355006 0.557841356 0.00826438036 0 0 0
volume_proxy 208 -1.09069976 0.308061888 0.00436179448 0 0 0
volume_proxy 209 -0.75969511 -0.281964142 0.00226279599 0 0 0
volume_proxy 210 0.0122755337 0.0094613617 0.00914723177 0 0 0
volume_proxy 213 0.00753503267 0.101459632 0.00967776186 0 0 0
volume_proxy 223 -1.11467623 0.27171637 0.00987264146 0 0 0
volume_proxy 224 1.4548153 -0.929201051 0.00355065296 0 0 0
volume_proxy 226 -0.687543642 -0.841340968 0.00477558723 0 0 0
volume_proxy 228 0.0339845449 0.125300203 -0.00663773177 0 0 0
volume_proxy 230 0.624472909 0.921677948 -0.00811832487 0 0 0
volume_proxy 232 0.631350554 0.246326631 0.00397162667 0 0 0
volume_proxy 236 0.805144146 -0.051127391 -0.00392341573 0 0 0
volume_proxy 237 0.457957384 0.988713595 -0.00547539606 0 0 0
volume_proxy 242 1.14507818 0.492824904 -0.00435014994 0 0 0
volume_proxy 244 0.661796166 0.793801062 0.0055263778 0 0 0
volume_proxy 247 1.1402899 -0.267290135 0.00870592708 0 0 0
volume_proxy 251 0.547984798 0.662930139 -0.00511307164 0 0 0
volume_proxy 256 0.502599832 -0.650452092 0.00016721681 0 0 0
volume_proxy 257 -0.231661695 0.379932075 0.00141865533 0 0 0
volume_proxy 258 0.406775932 -0.0582875111 -0.00230007712 0 0 0
volume_proxy 259 0.552750734 0.496656578 0.00942767298 0 0 0
volume_proxy 269 1.11936483 0.163121217 -0.00574784714 0 0 0
volume_proxy 271 -1.43598954 0.80992609 0.00415070638 0 0 0
volume_proxy 273 1.44379306 0.33987012 -0.00734573591 0 0 0
volume_proxy 276 0.410155816 0.294543665 -0.00342426995 0 0 0
volume_proxy 277 -0.233426456 -0.721077617 -0.000834818486 0 0 0
volume_proxy 279 -0.526627896 -0.485854656 0.00674248234 0 0 0
volume_proxy 281 -1.41876285 0.967333333 0.00203922478 0 0 0
volume_proxy 284 -0.872400563 0.820402183 -0.00491120943 0 0 0
volume_proxy 285 -0.653150207 -0.673895133 -0.00878249539 0 0 0
volume_proxy 294 0.000538204144 0.788143437 0.00302653201 0 0 0
volume_proxy 296 0.452072925 -0.407147086 -0.00888979692 0 0 0
volume_proxy 297 1.11165649 0.0736888292 0.00874680715 0 0 0
volume_proxy 298 0.909049136 -0.613006592 -0.00168724043 0 0 0
volume_proxy 305 -0.127311717 -0.0888235029 -0.00490509733 0 0 0
volume_proxy 309 0.98297717 0.738268456 0.00918441947 0 0 0
volume_proxy 310 0.707437123 0.10923016 0.00259216239 0 0 0
volume_proxy 311 0.483755172 -0.979177223 -0.00827404102 0 0 0
volume_proxy 314 -0.167879788 0.361349042 -0.00675854201 0 0 0
volume_proxy 315 -0.262106706 0.0117653621 -0.00145751389 0 0 0
volume_proxy 319 0.25108607 -0.728274916 -0.00794119536 0 0 0
volume_proxy 321 -0.236985238 -0.866305975 -0.00730521745 0 0 0
volume_proxy 329 -0.315609785 0.742973949 0.00884252455 0 0 0
volume_proxy 335 -1.1884125 -0.198285169 -0.00909760048 0 0 0
volume_proxy 337 -0.8820353 0.503744269 0.00337144694 0 0 0
volume_proxy 338 -0.553271604 -0.177642046 -0.00476780839 0 0 0
volume_proxy 339 -0.671091098 -0.388786816 0.0104887995 0 0 0
volume_proxy 343 0.0600502228 0.759582105 0.00949680667 0 0 0
volume_proxy 344 0.597223392 0.423027178 -0.000458798407 0 0 0
volume_proxy 345 -0.80649229 -0.188852979 -0.00223808476 0 0 0
volume_proxy 347 0.0141766987 -0.382805468 0.00997885647 0 0 0
volume_proxy 349 0.490899475 0.205733685 -0.00206866614 0 0 0
volume_proxy 356 0.625049609 0.65976289 0.00662795832 0 0 0
volume_proxy 358 1.43626358 0.763196615 0.00140787969 0 0 0
volume_proxy 370 1.27206218 0.468773726 -0.00388955777 0 0 0
volume_proxy 371 -0.969732008 0.0563725966 0.00195675699 0 0 0
volume_proxy 375 0.852727983 0.219380065 -0.00132152006 0 0 0
volume_proxy 377 0.495351423 0.26617326 -0.00209285437 0 0 0
volume_proxy 380 -0.657449634 -0.634072694 -0.00538827607 0 0 0
volume_proxy 383 0.731424325 -0.876709889 -0.00693609793 0 0 0
volume_proxy 384 -0.404505277 0.964369926 0.00476172261 0 0 0
volume_proxy 388 -1.48455112 0.0365725865 -0.000538613674 0 0 0
volume_proxy 393 1.23767612 -0.0084215945 0.00617810151 0 0 0
volume_proxy 396 -0.930444379 0.83698061 0.00580168426 0 0 0
volume_proxy 397 0.923983013 0.209626328 0.00334588112 0 0 0
volume_proxy 399 1.18134923 -0.990987797 -0.00302118316 0 0 0
volume_proxy 400 0.0637228376 -0.492994017 -0.00394478001 0 0 0
volume_proxy 402 -0.83518425 -0.817481544 0.00459916259 0 0 0
volume_proxy 409 -0.560145699 -0.631233625 0.00660665941 0 0 0
volume_proxy 412 1.49313877 -0.711867431 0.00737593685 0 0 0
volume_proxy 415 -0.689729156 -0.587641054 -0.00359130097 0 0 0
volume_proxy 418 -0.792030796 -0.118572126 -0.00290096463 0 0 0
volume_proxy 425 -0.0727323598 -0.0818764982 0.00477950887 0 0 0
volume_proxy 431 -1.42115996 -0.752752747 0.00036924977 0 0 0
volume_proxy 435 -1.1982778 -0.908631856 0.00117949351 0 0 0
volume_proxy 442 -0.0749181877 -0.304080898 -0.00288692271 0 0 0
volume_proxy 463 -0.0638749278 -0.557719999 -0.00114215996 0 0 0
volume_proxy 497 -1.27874563 -0.908990005 -0.000306703067 0 0 0
volume_proxy 502 1.24550475 -0.148461723 0.010295134 0 0 0
volume_proxy 512 0.384695399 -0.845739721 -0.000219597482 0 0 0
volume_proxy 513 0.524765735 -0.0298652191 0.0104156333 0 0 0
volume_proxy 518 1.24225912 -0.665887113 0.00783984859 0 0 0
volume_proxy 547 1.2113029 0.900421793 0.00156348468 0 0 0
volume_proxy 549 0.295682175 -0.814113712 -0.00160388971 0 0 0
volume_proxy 559 1.32467481 0.826519947 -0.00855109818 0 0 0
volume_proxy 572 0.0832695529 -0.1215217 -0.0103663103 0 0 0
volume_proxy 578 -0.887619776 0.93183956 0.000780222935 0 0 0
volume_proxy 581 1.34626715 0.733408697 0.00693641523 0 0 0
volume_proxy 591 -0.734543001 0.624443335 -0.00660956592 0 0 0
volume_proxy 594 -1.10721449 0.413049456 -0.0092656143 0 0 0
volume_proxy 615 0.977144032 -0.410847674 0.00816768034 0 0 0
volume_proxy 616 1.49989158 0.0963404671 0.00293113552 0 0 0
volume_proxy 637 -1.3798781 -0.876719692 0.0051125393 0 0 0
volume_proxy 647 -0.110495728 0.834451171 -0.00810701082 0 0 0
volume_proxy 669 1.17485845 -0.338105119 -0.00210270247 0 0 0
volume_proxy 682 -0.0755597469 0.669525495 -0.00317656972 0 0 0
volume_proxy 693 -0.624727394 0.678929493 -0.00423192385 0 0 0
volume_proxy 698 -0.121664508 0.771379291 0.003903693 0 0 0
volume_proxy 702 -0.0696482199 -0.103876257 -0.00475867877 0 0 0
volume_proxy 703 -0.781707655 0.0191441956 -0.00985587413 0 0 0
volume_proxy 722 0.64216475 0.547982923 0.00849428508 0 0 0
volume_proxy 725 -1.32947445 -0.886835556 0.00927150807 0 0 0
volume_proxy 751 0.188296073 -0.509489784 0.000791654645 0 0 0
volume_proxy 757 0.118411804 0.0838202097 -0.0103030945 0 0 0
volume_proxy 781 -0.898248343 0.0202855662 -0.00981053849 0 0 0
volume_proxy 797 -1.18892926 -0.378741502 -0.0107917126 0 0 0
volume_proxy 800 -1.1779167 0.947216482 0.00340546042 0 0 0
volume_proxy 802 0.603414492 0.234086901 -0.00511672343 0 0 0
volume_proxy 804 0.113807077 -0.060147936 0.00973600964 0 0 0
volume_proxy 810 0.974028929 0.0463371908 0.00675146184 0 0 0
volume_proxy 811 0.633773317 0.629882754 -0.0101483011 0 0 0
volume_proxy 812 0.941931302 0.359941618 0.00730485734 0 0 0
volume_proxy 814 1.07447731 -0.0320032177 0.0090375151 0 0 0
volume_proxy 822 0.192239452 -0.71297821 0.00868113647 0 0 0
volume_proxy 833 -0.44130526 0.18185719 -0.00174839439 0 0 0
volume_proxy 835 -0.153784933 -0.956717657 -0.00599352574 0 0 0
volume_proxy 839 -0.20214667 -0.172938022 0.00806588865 0 0 0
volume_proxy 846 1.3310911 0.0388085979 0.00464401514 0 0 0
volume_proxy 848 -1.05776979 -0.182387349 0.0090269629 0 0 0
volume_proxy 854 -0.583920836 0.983594348 -0.00832025032 0 0 0
volume_proxy 856 1.11639785 0.457869694 0.00676353868 0 0 0
volume_proxy 869 1.21663568 0.680605668 -0.0035182828 0 0 0
volume_proxy 876 -0.0702904156 -0.541755351 -0.0101986098 0 0 0
volume_proxy 878 1.47960421 -0.566557589 -0.00764861497 0 0 0
volume_proxy 883 0.1252988 0.904945211 -0.00662957738 0 0 0
volume_proxy 889 -1.47215062 0.589736871 0.00951271988 0 0 0
volume_proxy 896 1.34110172 0.580363327 -0.00697866858 0 0 0
volume_proxy 902 -0.102555189 0.536254007 0.00806897638 0 0 0
volume_proxy 903 0.522867853 0.76750835 0.00273146418 0 0 0
volume_proxy 904 -0.933450659 0.517739756 -0.00292132194 0 0 0
volume_proxy 906 0.973972378 0.71524096 -0.00109030335 0 0 0
volume_proxy 910 -1.48522607 0.6783217 -0.00915250404 0 0 0
volume_proxy 912 1.37088337 0.185803684 -0.0100918697 0 0 0
volume_proxy 913 -1.04060117 -0.991045577 -0.00825970967 0 0 0
volume_proxy 914 0.0278703787 -0.853715896 -0.000786683987 0 0 0
volume_proxy 915 -0.400851611 -0.274474591 0.00398514985 0 0 0
volume_proxy 924 -0.491697515 0.37309927 0.00381988997 0 0 0
volume_proxy 926 0.00596368224 0.172231066 0.000383774609 0 0 0
volume_proxy 929 -0.634470837 -0.790756864 -0.00818932517 0 0 0
volume_proxy 931 0.0396151214 -0.106943248 0.0045402635 0 0 0
volume_proxy 935 -1.46523564 0.380795002 0.00293026362 0 0 0
volume_proxy 939 0.959829538 0.914397923 -0.0030774482 0 0 0
volume_proxy 944 0.575313115 -0.93639805 -0.0076448851 0 0 0
volume_proxy 945 -0.608708828 0.528157978 -0.00558793332 0 0 0
volume_proxy 948 -0.204360287 -0.00870279768 0.00955243649 0 0 0
volume_proxy 949 -0.515684128 -0.0183095636 -0.0055672977 0 0 0
volume_proxy 963 -0.716130249 0.667078762 -0.00219312995 0 0 0
volume_proxy 966 -0.547547253 0.869107951 -0.00456120858 0 0 0
volume_proxy 969 -0.981288911 -0.0106739584 0.0096380846 0 0 0
volume_proxy 973 -0.166726643 0.0601539185 0.00900611236 0 0 0
volume_proxy 974 0.463013114 -0.683389251 -0.00773581922 0 0 0
volume_proxy 977 -1.17594056 -0.296366443 -0.00912468383 0 0 0
volume_proxy 979 -0.106192564 0.82466545 0.00781352133 0 0 0
volume_proxy 981 -0.402691724 0.339243657 0.0054720985 0 0 0
volume_proxy 983 1.2207552 -0.19141839 0.00880241756 0 0 0
volume_proxy 984 1.40728474 0.597730512 0.00092735006 0 0 0
volume_proxy 990 -1.28654744 0.433255855 0.00789070528 0 0 0
volume_proxy 991 -0.548110659 -0.2715503 0.00275387939 0 0 0
volume_proxy 992 -0.124140287 0.419364574 -0.00259769609 0 0 0
volume_proxy 997 1.17275035 0.0845629337 -0.00405890368 0 0 0
volume_proxy 999 -0.748609432 -0.404860318 0.00221253543 0 0 0
volume_proxy 1001 0.510340053 0.873946331 -0.00913741462 0 0 0
volume_proxy 1007 -1.25657497 -0.568051906 0.00670444344 0 0 0
volume_proxy 1008 0.234005077 -0.556840638 -0.00657542267 0 0 0
volume_proxy 1012 0.850357452 0.0985322976 0.00151094192 0 0 0
volume_proxy 1016 1.05767112 -0.910956629 0.00524327731 0 0 0
volume_proxy 1018 -0.931136972 -0.662310913 -0.0048354206 0 0 0
volume_proxy 1019 -0.769147187 -0.883361497 0.00258083007 0 0 0
volume_proxy 1020 -0.918167336 0.473579644 -0.00527799629 0 0 0
volume_proxy 1021 -0.854620702 -0.594340993 -0.00251159265 0 0 0
volume_proxy 1023 0.814982222 0.1200952 -0.00695937013 0 0 0
volume_proxy 1024 1.2341401 0.884649436 -0.00348055942 0 0 0
volume_proxy 1028 -1.43001436 -0.754879453 0.00672682513 0 0 0
volume_proxy 1029 0.947377622 0.910467942 0.00928270593 0 0 0
volume_proxy 1030 0.570521964 0.489020398 0.00453251173 0 0 0
volume_proxy 1031 1.25920884 -0.530869825 0.00509113932 0 0 0
volume_proxy 1032 1.219807 0.247068007 0.00768280767 0 0 0
volume_proxy 1033 0.92817676 0.982736774 0.00571907575 0 0 0
volume_proxy 1035 0.343353562 -0.330573539 -0.0102622649 0 0 0
volume_proxy 1036 0.918000861 -0.182973304 0.00751113022 0 0 0
volume_proxy 1040 -0.914574636 -0.954474956 -0.000279587783 0 0 0
volume_proxy 1041 0.221137241 0.202342911 0.0053010628 0 0 0
volume_proxy 1042 0.861512964 0.199926671 0.00585151235 0 0 0
volume_proxy 1046 0.0124402798 -0.245031093 0.00630727387 0 0 0
volume_proxy 1050 -0.684733315 -0.463896584 -0.00783567507 0 0 0
volume_proxy 1052 -0.605204253 0.108326561 -0.00725894712 0 0 0
volume_proxy 1053 -0.407259087 -0.945895034 -0.00586042141 0 0 0
volume_proxy 1056 -1.28932606 0.936366269 -0.00287488797 0 0 0
volume_proxy 1057 0.151399101 -0.534220308 -0.006131431 0 0 0
volume_proxy 1061 -0.531443622 -0.395953249 0.0067394157 0 0 0
volume_proxy 1062 0.798375933 0.311741045 0.00817119287 0 0 0
volume_proxy 1065 -1.37278729 -0.569261819 0.00259912216 0 0 0
volume_proxy 1066 0.772354709 0.0675710945 0.0020645796 0 0 0
volume_proxy 1067 0.834339338 -0.236555826 0.00450705562 0 0 0
volume_proxy 1069 -0.715289786 0.241552711 -0.00517938371 0 0 0
volume_proxy 1070 -1.32589212 0.604441882 -0.00909263053 0 0 0
volume_proxy 1075 -0.292439704 0.324796859 0.00235158289 0 0 0
volume_proxy 1077 -0.936257733 0.919518846 -0.000243835156 0 0 0
volume_proxy 1078 -1.15566965 0.784086165 0.00991858472 0 0 0
volume_proxy 1079 -0.0151779492 -0.124918748 0.00371248198 0 0 0
volume_proxy 1085 0.0695828204 -0.348269108 -0.00679725895 0 0 0
volume_proxy 1086 1.00911826 -0.613184968 0.00355792245 0 0 0
volume_proxy 1089 -0.827474425 0.586936099 0.00746382132 0 0 0
volume_proxy 1091 0.272830184 0.108297837 -0.00443130867 0 0 0
volume_proxy 1092 0.221894867 0.221450103 9.74148976e-06 0 0 0
volume_proxy 1093 0.0739795267 -0.730844399 0.00472590661 0 0 0
volume_proxy 1094 -1.40788233 0.809781894 -0.00631759283 0 0 0
volume_proxy 1096 0.403168526 0.416548927 0.00557560598 0 0 0
volume_proxy 1098 0.491823421 0.552214102 -0.000720934165 0 0 0
volume_proxy 1102 1.1408742 0.566292456 -0.0104541754 0 0 0
volume_proxy 1106 0.997938188 -0.601223149 -0.00878462168 0 0 0
volume_proxy 1108 1.18479397 0.516454981 0.00027816405 0 0 0
volume_proxy 1109 1.04816474 -0.79234522 0.00463037296 0 0 0
volume_proxy 1110 0.839384182 -0.92487982 0.00798030009 0 0 0
volume_proxy 1111 -0.483221396 -0.241589842 -0.003560639 0 0 0
volume_proxy 1112 -0.748189394 0.819230648 -0.00685732846 0 0 0
volume_proxy 1113 1.11577339 0.240483315 0.00831554667 0 0 0
volume_proxy 1114 -1.15290221 0.150775452 -0.0045974616 0 0 0
volume_proxy 1117 0.723529563 -0.183900714 -0.00978212288 0 0 0
volume_proxy 1118 0.371163736 -0.42252025 -0.00551101548 0 0 0
volume_proxy 1119 -1.36797868 0.517265908 -0.00408839532 0 0 0
volume_proxy 1120 -0.0270790953 0.0786108895 0.0107334719 0 0 0
volume_proxy 1123 -1.37468383 0.822708763 -0.00578972552 0 0 0
volume_proxy 1127 0.589018176 0.588082183 0.0057880289 0 0 0
volume_proxy 1128 -0.567250179 0.00471215981 0.0107117962 0 0 0
volume_proxy 1129 1.13716214 0.719558862 -0.00663082369 0 0 0
volume_proxy 1130 -0.671726677 0.46293211 0.00253101434 0 0 0
volume_proxy 1131 -0.96908254 0.0157412755 -0.00139955611 0 0 0
volume_proxy 1132 0.564110809 0.199922456 0.00788735117 0 0 0
volume_proxy 1133 1.49425315 -0.603002836 -0.00942167186 0 0 0
volume_proxy 1134 0.965368953 0.693024377 0.0076029261 0 0 0
volume_proxy 1135 -0.990545474 -0.807443855 -0.00762742724 0 0 0
volume_proxy 1136 -1.01566472 -0.793270258 -0.00652247993 0 0 0
volume_proxy 1137 -0.739421037 -0.141306055 -0.00143577616 0 0 0
volume_proxy 1138 1.25737593 -0.611828711 0.000888337797 0 0 0
volume_proxy 1139 1.35071313 -0.627370799 0.0106891839 0 0 0
volume_proxy 1143 -0.326449112 -0.0222333468 0.00030523857 0 0 0
volume_proxy 1144 0.489820795 -0.992656428 0.00100569566 0 0 0
volume_proxy 1145 -0.694088074 -0.933004268 -0.0107882495 0 0 0
volume_proxy 1146 -0.231928224 0.31230033 0.0057317559 0 0 0
volume_proxy 1147 -0.0853883209 0.148011211 0.00591692021 0 0 0
volume_proxy 1148 -0.110757794 -0.220390265 -0.00416613396 0 0 0
volume_proxy 1149 -0.694406473 0.590041963 -0.00255890781 0 0 0
volume_proxy 1150 -0.406841046 -0.64461287 -0.00612777727 0 0 0
volume_proxy 1151 0.73774454 -0.710032041 -0.00536309374 0 0 0
volume_proxy 1152 0.0690165528 0.708914271 0.00311248304 0 0 0
volume_proxy 1157 -0.276764564 0.251021324 -0.000951756687 0 0 0
volume_proxy 1159 -0.344314707 0.992605655 0.00373941785 0 0 0
volume_proxy 1160 -0.210457716 0.977099255 -0.00225124679 0 0 0
volume_proxy 1161 0.704582153 -0.868795206 0.00281893902 0 0 0
volume_proxy 1163 1.23361946 0.336480096 -0.000549365514 0 0 0
volume_proxy 1164 1.3265301 0.543528082 0.00213093001 0 0 0
volume_proxy 1165 -0.234356455 -0.805866976 -0.00696968473 0 0 0
volume_proxy 1166 -1.32599965 0.348832685 -0.0100089151 0 0 0
volume_proxy 1167 -1.48063329 0.220811943 0.00475412727 0 0 0
volume_proxy 1168 -0.0118864672 -0.334513033 0.000156757606 0 0 0
volume_proxy 1169 1.49332678 -0.331759421 0.010198932 0 0 0
volume_proxy 1170 -1.37401383 0.300196191 -0.000139926362 0 0 0
volume_proxy 1171 -0.435744282 0.351383098 0.00125618362 0 0 0
volume_proxy 1172 -0.217220962 0.230985405 0.00660238729 0 0 0
volume_proxy 1174 0.548259185 -0.00337841766 0.00338984034 0 0 0
volume_proxy 1175 -0.449850429 -0.77837398 0.00460105389 0 0 0
volume_proxy 1176 -0.923839564 -0.984008594 -0.00894169061 0 0 0
volume_proxy 1177 1.19672123 -0.003446999 0.0039279433 0 0 0
volume_proxy 1178 -0.550967478 0.8705981 0.00313375471 0 0 0
volume_proxy 1179 0.507753415 0.504547303 -0.00493178879 0 0 0
volume_proxy 1180 -1.11736648 0.499002216 0.00503261804 0 0 0
volume_proxy 1181 -1.11449429 0.515071 0.00469593156 0 0 0
volume_proxy 1182 0.595678179 0.95415251 0.00889419059 0 0 0
volume_proxy 1183 0.653210853 -0.75195412 -0.00833332055 0 0 0
volume_proxy 1184 1.4064134 0.696357301 0.00715841593 0 0 0
volume_proxy 1185 -0.122979002 0.173886071 0.00203996334 0 0 0
volume_proxy 1186 -0.446209161 -0.299096678 -0.00354377138 0 0 0
