volume_proxy 0 -0.634263614 -0.682792958 0.0102047516 0 0 0
volume_proxy 6 -0.342197362 0.80284907 -0.00373838449 0 0 0
volume_proxy 11 0.993952125 -0.00202788621 -0.0105437945 0 0 0
volume_proxy 12 1.37127163 -0.702668777 0.00874073538 0 0 0
volume_proxy 14 -1.2856514 0.594132522 -0.0103800912 0 0 0
volume_proxy 23 0.910690577 -0.652189208 0.00681658618 0 0 0
volume_proxy 38 -0.767943648 -0.734187787 0.00546184475 0 0 0
volume_proxy 40 -0.761756871 -0.657518675 -0.00166536462 0 0 0
volume_proxy 50 -1.30192759 -0.0605374176 -0.0103172751 0 0 0
volume_proxy 53 -0.947438413 0.81607617 0.00158672383 0 0 0
volume_proxy 58 0.862114829 -0.0611958388 0.00237143396 0 0 0
volume_proxy 60 -0.323061727 0.568076369 -0.00330618582 0 0 0
volume_proxy 85 -1.13630295 0.6844053 -0.00489099104 0 0 0
volume_proxy 97 0.856073165 0.282950673 -0.00570971086 0 0 0
volume_proxy 107 0.0404005775 -0.0843395353 -0.00622655988 0 0 0
volume_proxy 127 -1.34028781 -0.332726508 -0.00913778094 0 0 0
volume_proxy 130 -0.159540903 -0.840456251 0.00123825076 0 0 0
volume_proxy 140 0.399203351 -0.413626418 0.00156540368 0 0 0
volume_proxy 157 0.791853663 -0.530019844 -0.00299667712 0 0 0
volume_proxy 159 0.36306027 0.597990343 0.00533317889 0 0 0
volume_proxy 161 0.00829148209 -0.833924637 -0.00252519844 0 0 0
volume_proxy 176 0.61021864 0.45556537 -0.00613380978 0 0 0
volume_proxy 186 -1.18215643 0.146735355 -0.00308900222 0 0 0
volume_proxy 189 -0.7551147 -0.69597414 0.00808319337 0 0 0
volume_proxy 195 -1.32171191 -0.831283783 -0.00770770376 0 0 0
volume_proxy 196 -0.527702504 0.271063393 0.00967335904 0 0 0
volume_proxy 200 -1.40803551 0.646910631 0.00717230676 0 0 0
volume_proxy 202 -0.487310322 -0.405845792 0.00820021197 0 0 0
volume_proxy 209 -1.25831544 -0.173459271 0.00192046139 0 0 0
volume_proxy 210 0.818540364 0.719423909 -0.00765453972 0 0 0
volume_proxy 226 1.22484319 -0.07920151 -0.004727992 0 0 0
volume_proxy 236 0.673437009 -0.131704202 0.00721529527 0 0 0
volume_proxy 247 0.139288025 -0.851126843 -0.00627056291 0 0 0
volume_proxy 256 0.116717185 -0.2365666 0.00472488044 0 0 0
volume_proxy 259 0.0448644335 -0.25284276 -0.00129286618 0 0 0
volume_proxy 269 -0.829866002 0.76616208 -0.00700107992 0 0 0
volume_proxy 277 -0.546007037 -0.507600325 0.00815267729 0 0 0
volume_proxy 296 -0.860336621 0.685742591 0.00578794521 0 0 0
volume_proxy 305 0.872447519 -0.564721031 -0.00531775952 0 0 0
volume_proxy 310 1.13397385 0.767357807 0.000515874815 0 0 0
volume_proxy 344 -0.86871942 -0.990641282 0.00857503625 0 0 0
volume_proxy 347 -0.342256843 0.755573689 0.00942296525 0 0 0
volume_proxy 356 -0.244599599 -0.0431047751 0.00713204587 0 0 0
volume_proxy 375 1.03275505 -0.185553134 0.00576340541 0 0 0
volume_proxy 388 1.3208247 -0.427524281 0.00525441181 0 0 0
volume_proxy 1052 -0.380195699 0.0727833029 -0.00543910051 0 0 0
volume_proxy 1066 -0.272745883 0.390488828 -0.00911330234 0 0 0
volume_proxy 1120 -0.694123034 0.533194474 -0.00864672247 0 0 0
volume_proxy 1166 -0.794838577 -0.866300706 0.00789361496 0 0 0
volume_proxy 1193 -1.15983803 -0.279102746 0.00265232958 0 0 0
volume_proxy 1225 -1.449612 -0.965559344 -0.00793781596 0 0 0
volume_proxy 1245 -1.33456036 0.757458809 -0.00252803807 0 0 0
volume_proxy 1280 -1.35972446 0.638551379 0.0104595464 0 0 0
volume_proxy 1285 -0.278404148 0.882391313 0.00070388104 0 0 0
volume_proxy 1295 0.579451109 0.0259357843 0.000832415907 0 0 0
volume_proxy 1296 -0.169778399 -0.73815213 -0.00641155871 0 0 0
volume_proxy 1340 1.27997274 -0.238221889 0.000698411968 0 0 0
volume_proxy 1380 -1.32869555 -0.463450101 0.0107459885 0 0 0
volume_proxy 1386 1.2253037 0.968397637 -0.00860736677 0 0 0
volume_proxy 1397 0.755993035 0.63987138 0.0106777353 0 0 0
volume_proxy 1409 0.533511101 0.355348162 0.0067042354 0 0 0
volume_proxy 1413 0.854827031 0.41203103 0.00985547036 0 0 0
volume_proxy 1422 0.395513988 -0.806558237 0.00875246843 0 0 0
volume_proxy 1433 1.0754633 0.77386408 0.00502462679 0 0 0
volume_proxy 1437 0.177951477 -0.936393445 0.0101018974 0 0 0
volume_proxy 1459 -0.645110771 -0.473110911 0.00133409576 0 0 0
volume_proxy 1460 -0.445317911 0.472728307 -0.0100106724 0 0 0
volume_proxy 1461 -1.37122367 0.657157587 0.00853247408 0 0 0
volume_proxy 1472 -1.46612091 0.244163715 -0.00586444994 0 0 0
volume_proxy 1474 1.20780271 0.206800376 0.00709324667 0 0 0
volume_proxy 1481 0.325436924 0.114506793 -0.00650008417 0 0 0
volume_proxy 1482 1.08545124 0.975080849 0.00163286098 0 0 0
volume_proxy 1485 0.850555363 -0.624201965 0.00870784194 0 0 0
volume_proxy 1489 0.420424153 -0.740078336 0.00510371844 0 0 0
volume_proxy 1490 0.811197353 0.832694043 0.00309214925 0 0 0
volume_proxy 1496 -1.48590293 0.645471167 0.00356494808 0 0 0
volume_proxy 1498 -0.0562930249 -0.348232527 -0.007146662 0 0 0
volume_proxy 1503 -1.17392845 -0.534138 -0.00186671265 0 0 0
volume_proxy 1506 0.443469185 0.667996744 0.00597617093 0 0 0
volume_proxy 1507 -0.510455606 -0.685909989 0.00535194334 0 0 0
volume_proxy 1508 -0.630086668 -0.0924383449 -0.00244937125 0 0 0
volume_proxy 1509 -0.979312285 -0.142863032 -0.00306115837 0 0 0
volume_proxy 1510 -0.569098358 -0.788982659 0.00724765852 0 0 0
volume_proxy 1513 -0.993447701 0.754144646 -0.0103493302 0 0 0
volume_proxy 1515 0.597150928 -0.641244469 -0.00573195455 0 0 0
volume_proxy 1516 -0.177612991 -0.808242445 -0.00778022515 0 0 0
volume_proxy 1517 -1.30362369 -0.30390044 -0.00918217378 0 0 0
volume_proxy 1519 0.106432052 -0.300379115 -0.00850282596 0 0 0
volume_proxy 1520 0.0651659316 -0.425008808 0.00167509457 0 0 0
volume_proxy 1521 -1.43151288 -0.867081904 -0.00941460522 0 0 0
volume_proxy 1523 0.0312225848 0.0218977649 -0.000829465744 0 0 0
volume_proxy 1525 -0.953951443 0.823619753 0.00682382593 0 0 0
volume_proxy 1526 1.49640342 -0.270985493 0.00891481863 0 0 0
volume_proxy 1528 1.17722381 -0.928740586 -0.00813128985 0 0 0
volume_proxy 1529 -0.924563246 -0.292308627 0.00786538599 0 0 0
volume_proxy 1531 0.451626317 0.783874902 0.00180165823 0 0 0
volume_proxy 1533 1.40666228 0.569475989 0.00324240701 0 0 0
volume_proxy 1534 -0.562812842 0.31415377 -0.00017868206 0 0 0
volume_proxy 1536 -0.957366704 -0.857560898 -0.00672317518 0 0 0
volume_proxy 1537 -0.470936779 -0.494256945 0.010013845 0 0 0
volume_proxy 1538 1.15649498 -0.355820923 -0.00781643311 0 0 0
volume_proxy 1539 0.561619528 0.867660975 0.00962377363 0 0 0
volume_proxy 1540 1.12294209 0.3308668 -0.000852022997 0 0 0
