volume_proxy 0 1.33290966 -0.0607205582 0.00712244381 0 0 0
volume_proxy 5 0.607863461 -0.285763204 0.00113862533 0 0 0
volume_proxy 6 -0.10750312 0.0772693164 -0.00952265361 0 0 0
volume_proxy 11 1.19084883 0.066277 0.0085137319 0 0 0
volume_proxy 12 0.865623596 -0.107285873 -0.00456142447 0 0 0
volume_proxy 14 -0.349668078 0.34829138 0.0085621494 0 0 0
volume_proxy 23 1.30193345 -0.706186958 0.000806322249 0 0 0
volume_proxy 38 0.501454677 0.396631449 -0.00491685316 0 0 0
volume_proxy 40 0.0860039805 -0.197978854 0.00734747939 0 0 0
volume_proxy 50 -0.341197662 -0.427630011 -0.000913626432 0 0 0
volume_proxy 53 -0.857994979 0.674266158 -0.00648444038 0 0 0
volume_proxy 58 1.42798733 -0.410663185 0.00543043789 0 0 0
volume_proxy 60 1.20190569 0.3999356 0.000304678135 0 0 0
volume_proxy 72 -0.222308616 0.00688908556 -0.00302448582 0 0 0
volume_proxy 85 -0.967204244 0.0293107286 -0.00242653219 0 0 0
volume_proxy 97 0.891137623 0.271312752 0.00720134953 0 0 0
volume_proxy 105 0.956777214 -0.34319979 -0.00471571212 0 0 0
volume_proxy 107 1.43698003 0.989190845 0.00289148741 0 0 0
volume_proxy 127 -1.46035889 0.38496524 -0.000757431817 0 0 0
volume_proxy 130 1.13851456 0.121606187 -0.00853712393 0 0 0
volume_proxy 140 -0.821597478 0.663551806 0.00522146507 0 0 0
volume_proxy 157 1.4623274 -0.111673369 -0.00498257132 0 0 0
volume_proxy 159 0.0325381309 0.706234329 -0.00957796031 0 0 0
volume_proxy 161 0.531946248 0.112248522 -0.00391514886 0 0 0
volume_proxy 176 0.166990214 -0.30954774 -0.00215080927 0 0 0
volume_proxy 186 -0.952790775 0.498005578 -0.00436808621 0 0 0
volume_proxy 189 -0.811926256 0.94177129 0.00657291362 0 0 0
volume_proxy 195 -0.343118107 0.0841142048 0.0107720399 0 0 0
volume_proxy 196 0.262503268 -0.126206341 -0.00497463743 0 0 0
volume_proxy 200 -0.0166320108 -0.855629605 0.00366487905 0 0 0
volume_proxy 202 -1.18209387 0.45082 0.00313351352 0 0 0
volume_proxy 209 -1.49102908 0.298271966 0.00811182058 0 0 0
volume_proxy 210 -1.14045947 0.801830617 0.00804277793 0 0 0
volume_proxy 226 -0.0238942637 -0.997960444 -0.00634605135 0 0 0
volume_proxy 236 0.749317381 0.479282806 -0.00608733275 0 0 0
volume_proxy 247 0.659458185 0.950811147 -0.000355764282 0 0 0
volume_proxy 256 -0.656828975 0.653336093 0.00311852344 0 0 0
volume_proxy 259 0.474368312 -0.109647229 0.0103415459 0 0 0
volume_proxy 269 0.0773127033 -0.329394722 -0.0067886781 0 0 0
volume_proxy 277 -1.07406341 -0.412134363 -0.000952614665 0 0 0
volume_proxy 296 0.0906694699 -0.368935809 -0.00872096385 0 0 0
volume_proxy 305 0.0725917959 -0.74624938 -0.0102336334 0 0 0
volume_proxy 310 1.3171734 -0.0582810092 0.00550326186 0 0 0
volume_proxy 329 -1.20943309 -0.929424446 -0.00552683347 0 0 0
volume_proxy 337 -0.645841837 0.783733884 -0.00952498042 0 0 0
volume_proxy 344 -1.02669938 0.673471288 -0.00180780538 0 0 0
volume_proxy 347 -1.0081118 0.0758002331 -0.000814676814 0 0 0
volume_proxy 349 -0.677141413 0.105958814 0.00259961599 0 0 0
volume_proxy 356 0.2636056 0.932520312 0.000188754103 0 0 0
volume_proxy 375 0.602530121 -0.295671409 -0.00171204331 0 0 0
volume_proxy 388 -1.04009915 0.589568787 0.00835708866 0 0 0
volume_proxy 431 -1.07341588 -0.0646665009 0.00884481321 0 0 0
volume_proxy 802 1.16861091 0.800960724 -0.00400486941 0 0 0
volume_proxy 876 0.392659148 -0.843171355 0.00664478644 0 0 0
volume_proxy 1052 0.0642487991 -0.506412621 -0.00800696005 0 0 0
volume_proxy 1066 0.683801342 0.770146464 -0.00614598149 0 0 0
volume_proxy 1120 -0.112751067 0.31091982 0.00308554614 0 0 0
volume_proxy 1166 -0.540442878 0.835296835 -0.00265420312 0 0 0
volume_proxy 1169 1.28315952 -0.782436156 -0.0100935321 0 0 0
volume_proxy 1172 0.205695997 0.841899304 0.00295648616 0 0 0
volume_proxy 1186 -0.636396687 -0.308093877 0.00412672554 0 0 0
volume_proxy 1193 -0.631054971 0.267866581 -0.00928461373 0 0 0
volume_proxy 1219 -0.691828613 0.874688192 0.00314858844 0 0 0
volume_proxy 1225 0.132225013 -0.0924900804 -0.00857808213 0 0 0
volume_proxy 1245 -1.06017128 0.991346894 0.00165556729 0 0 0
volume_proxy 1280 -1.4203113 0.69739163 -0.00962381622 0 0 0
volume_proxy 1285 -1.07717608 0.902583451 0.0102742937 0 0 0
volume_proxy 1295 -1.01980918 0.876591418 -0.00470691836 0 0 0
volume_proxy 1296 0.150936357 -0.000756710873 0.000798836155 0 0 0
volume_proxy 1326 0.877780274 -0.560190696 -0.00203719025 0 0 0
volume_proxy 1335 0.253548978 -0.890557585 -0.00116657327 0 0 0
volume_proxy 1340 1.13234071 0.284183436 0.00462164074 0 0 0
volume_proxy 1380 -0.0506492449 0.315532998 -0.0100664445 0 0 0
volume_proxy 1386 0.131353994 0.90520072 0.0106805541 0 0 0
volume_proxy 1397 0.761222972 0.978530629 -0.00249467655 0 0 0
volume_proxy 1403 0.651441037 -0.0043644518 -0.00667320317 0 0 0
volume_proxy 1409 1.17664329 0.573919944 -0.0102913846 0 0 0
volume_proxy 1413 0.420556363 0.778932577 0.00676531821 0 0 0
volume_proxy 1418 -1.43352521 0.195224738 -0.00160213226 0 0 0
volume_proxy 1420 -1.19943499 -0.227701536 -0.00757737592 0 0 0
volume_proxy 1421 -1.27911992 -0.0656839868 -0.00673431265 0 0 0
volume_proxy 1422 1.0298693 -0.788010601 0.00812222583 0 0 0
volume_proxy 1423 -0.587715999 0.565779789 -0.00686849774 0 0 0
volume_proxy 1426 0.784348775 -0.708341073 0.00262297881 0 0 0
volume_proxy 1429 1.07442985 -0.0797700013 -0.0103192518 0 0 0
volume_proxy 1433 0.889394486 0.479329019 -0.00229986372 0 0 0
volume_proxy 1434 0.37130438 -0.557505674 0.00640031 0 0 0
volume_proxy 1437 -0.440237169 -0.45073831 0.00941561413 0 0 0
volume_proxy 1439 -0.327502221 0.795749879 -0.00720779509 0 0 0
volume_proxy 1440 0.62186699 -0.215643666 -0.0052828568 0 0 0
volume_proxy 1444 -1.48920342 -0.82868784 0.00347538045 0 0 0
volume_proxy 1445 0.26444088 -0.714763514 -0.0015313491 0 0 0
volume_proxy 1447 1.13422411 -0.600135977 0.00370817095 0 0 0
volume_proxy 1459 -0.608138853 0.925543575 0.00827499185 0 0 0
volume_proxy 1460 0.613627427 0.0228431785 0.00186660602 0 0 0
volume_proxy 1461 -1.04280373 0.503888091 0.000865199289 0 0 0
volume_proxy 1462 -1.03117978 -0.544419192 0.00692520182 0 0 0
volume_proxy 1466 -0.58336428 -0.868735941 -0.00783478888 0 0 0
volume_proxy 1470 -1.38032367 -0.628128907 0.00990894808 0 0 0
volume_proxy 1471 -0.12056271 0.884087885 0.0081430999 0 0 0
volume_proxy 1472 -0.888274094 0.721924363 0.00646747023 0 0 0
volume_proxy 1474 1.1559697 -0.982747291 -0.00725988716 0 0 0
volume_proxy 1475 1.13582944 -0.102940715 -0.00522631638 0 0 0
volume_proxy 1481 1.42466814 0.973514391 -0.00834652233 0 0 0
volume_proxy 1482 0.497144285 -0.935286069 -0.00676884769 0 0 0
volume_proxy 1485 0.00671866602 -0.569000507 -0.0054238811 0 0 0
volume_proxy 1486 1.1576913 -0.549155212 -0.0102839564 0 0 0
volume_proxy 1489 -0.506014201 0.471953831 0.00173361618 0 0 0
volume_proxy 1490 1.24135231 0.962736537 0.00932867621 0 0 0
volume_proxy 1492 0.0967226255 0.489191061 -0.00755842643 0 0 0
volume_proxy 1493 0.316529102 0.225573608 -0.00284665543 0 0 0
volume_proxy 1494 0.843730375 0.633729261 0.00520847643 0 0 0
volume_proxy 1495 0.791743902 -0.629090356 0.00894230197 0 0 0
volume_proxy 1496 -0.792986305 0.393867199 0.00654515559 0 0 0
volume_proxy 1497 0.21639302 0.471370145 -0.0089984835 0 0 0
volume_proxy 1498 -1.30659864 0.648437953 0.00841259049 0 0 0
volume_proxy 1501 -0.700947418 -0.8533872 -0.00588039205 0 0 0
volume_proxy 1502 -0.942082832 -0.557119175 0.0048986012 0 0 0
volume_proxy 1503 -0.504804951 0.400505315 -0.00856769033 0 0 0
volume_proxy 1505 -0.155453324 0.923388647 0.00348116913 0 0 0
volume_proxy 1506 -0.00738932588 0.498221406 0.00237826254 0 0 0
volume_proxy 1507 -0.772720531 -0.573522189 0.000978293895 0 0 0
volume_proxy 1508 -0.0113752325 -0.797803233 -0.00718126515 0 0 0
volume_proxy 1509 -1.3685777 0.972756738 0.00651589652 0 0 0
