volume_proxy 0 0.200506773 0.387573361 0.000403223448 0 0 0
volume_proxy 5 0.575688381 -0.668894554 -0.00989715254 0 0 0
volume_proxy 6 -0.284615864 -0.148712633 -0.00969027626 0 0 0
volume_proxy 11 1.32966322 0.476887159 0.00306712144 0 0 0
volume_proxy 12 0.284846034 -0.529011236 0.00692310637 0 0 0
volume_proxy 14 -0.66301023 0.820713062 0.00252607502 0 0 0
volume_proxy 23 1.44249261 -0.694668003 -0.0015904949 0 0 0
volume_proxy 38 -0.243156495 -0.57856998 0.00645288975 0 0 0
volume_proxy 40 -0.900894051 -0.355655546 -0.00826205851 0 0 0
volume_proxy 50 -0.941052074 -0.320252727 -0.00378304309 0 0 0
volume_proxy 53 -1.19129246 0.602203512 0.00501905205 0 0 0
volume_proxy 58 0.834393245 -0.811300927 -0.00800248506 0 0 0
volume_proxy 60 0.0436205207 0.243458309 0.00564458133 0 0 0
volume_proxy 85 -1.10346403 0.696631357 -0.00306625312 0 0 0
volume_proxy 97 0.804559119 0.697649816 -0.00436126451 0 0 0
volume_proxy 107 1.45302384 -0.272709999 0.00607356462 0 0 0
volume_proxy 127 -1.33519514 -0.49678849 0.00204990617 0 0 0
volume_proxy 130 0.687873396 0.87343521 -0.00716418526 0 0 0
volume_proxy 140 -1.1603137 0.95198661 -0.00365212252 0 0 0
volume_proxy 157 1.07217852 0.517260512 -0.00530361811 0 0 0
volume_proxy 159 1.05785005 0.531970348 0.00421945554 0 0 0
volume_proxy 161 0.614813121 0.791757489 0.00112901958 0 0 0
volume_proxy 176 0.752727144 -0.334193063 0.00542764589 0 0 0
volume_proxy 186 -1.46745919 -0.595122894 0.000680628337 0 0 0
volume_proxy 189 -1.34527996 0.974121066 -0.00809498413 0 0 0
volume_proxy 195 -0.858027811 -0.0104553938 0.00961928901 0 0 0
volume_proxy 196 0.964782079 0.176507449 -0.00626386245 0 0 0
volume_proxy 200 -0.56637956 -0.807767837 -0.00661884068 0 0 0
volume_proxy 202 0.0807836469 0.735976852 -0.00283100423 0 0 0
volume_proxy 209 -1.30611098 -0.430772152 -0.010757217 0 0 0
volume_proxy 210 -0.678118514 0.788530668 0.00136290489 0 0 0
volume_proxy 226 0.271267986 0.0186131942 -0.00687893807 0 0 0
volume_proxy 236 1.23199077 0.203393828 -0.00127180396 0 0 0
volume_proxy 247 0.37359632 0.848853171 -0.00540688227 0 0 0
volume_proxy 256 -1.10889568 0.894693148 0.0020752106 0 0 0
volume_proxy 259 0.977346729 0.541841627 -0.00260667712 0 0 0
volume_proxy 269 -1.02262733 0.121984905 -0.00614371534 0 0 0
volume_proxy 277 -1.10869878 -0.018027623 0.00761923537 0 0 0
volume_proxy 296 -1.33772555 0.465804691 -0.00202392874 0 0 0
volume_proxy 305 1.17728812 -0.50408005 0.00890119994 0 0 0
volume_proxy 310 -0.30089436 -0.869672719 -0.00199444939 0 0 0
volume_proxy 344 -1.05132638 0.626097064 0.00559442189 0 0 0
volume_proxy 347 -0.115668031 0.894725889 -0.00229643396 0 0 0
volume_proxy 356 -0.688608329 0.350685731 0.000899798055 0 0 0
volume_proxy 375 0.968471987 -0.818108143 0.00438530837 0 0 0
volume_proxy 388 0.89954742 -0.411892624 -0.00632208196 0 0 0
volume_proxy 802 1.48005787 -0.225542761 -0.00619988649 0 0 0
volume_proxy 1052 -1.08979927 -0.621783718 0.00367193977 0 0 0
volume_proxy 1066 -0.79138293 0.139868478 0.000284472101 0 0 0
volume_proxy 1120 -0.416836904 0.404376438 0.00745842929 0 0 0
volume_proxy 1166 -0.776812553 0.443393729 -0.00442499351 0 0 0
volume_proxy 1169 0.986575119 -0.754669187 0.00851154597 0 0 0
volume_proxy 1193 -1.41390709 -0.467263027 0.00571533639 0 0 0
volume_proxy 1225 -0.455075274 -0.474463125 0.00255500391 0 0 0
volume_proxy 1245 -1.40714045 -0.355487949 0.00715394847 0 0 0
volume_proxy 1280 -0.807800856 0.822441549 0.000949485873 0 0 0
volume_proxy 1285 -1.16048528 0.260689725 -0.00868034319 0 0 0
volume_proxy 1295 -0.260604646 -0.324413643 0.00489517775 0 0 0
volume_proxy 1296 0.427200294 -0.515459098 -0.00521108361 0 0 0
volume_proxy 1340 0.882917376 0.774954491 -0.00664476067 0 0 0
volume_proxy 1380 -0.200624337 0.858135733 0.00553768543 0 0 0
volume_proxy 1386 0.918455882 0.356897998 0.00287223855 0 0 0
volume_proxy 1397 1.31236172 0.985625174 0.00366866429 0 0 0
volume_proxy 1409 0.146309886 0.872291822 -0.00295881887 0 0 0
volume_proxy 1413 0.907639123 0.803516918 0.000985287586 0 0 0
volume_proxy 1422 0.611825043 -0.309556064 -0.00249766738 0 0 0
volume_proxy 1433 1.22725952 0.757778638 -0.00783070182 0 0 0
volume_proxy 1434 0.00802869923 -0.932564084 0.000507632712 0 0 0
volume_proxy 1437 -0.188321342 -0.0529451264 -0.00527162363 0 0 0
volume_proxy 1439 0.0648954278 0.871865544 0.00538175373 0 0 0
volume_proxy 1447 0.856527503 -0.170130341 -0.00852417898 0 0 0
volume_proxy 1459 -1.03583774 0.604727734 0.00674218553 0 0 0
volume_proxy 1460 0.260017842 0.387652115 0.000106920623 0 0 0
volume_proxy 1461 -0.694898689 0.58835774 -0.0043811871 0 0 0
volume_proxy 1466 -0.576188322 0.213323228 0.00550243124 0 0 0
volume_proxy 1472 -0.586746277 0.485033812 -0.00341624644 0 0 0
volume_proxy 1474 0.843328411 -0.612427063 -0.00442263343 0 0 0
volume_proxy 1481 0.791110386 0.478715143 0.00562024513 0 0 0
volume_proxy 1482 1.02230855 0.128902759 -0.00348765651 0 0 0
volume_proxy 1485 0.404422493 -0.569210955 0.010700591 0 0 0
volume_proxy 1489 0.0235282146 -0.633676883 0.0024978887 0 0 0
volume_proxy 1490 1.30173115 0.952432095 -0.00718407194 0 0 0
volume_proxy 1494 1.18894919 -0.250509912 -0.0102565231 0 0 0
volume_proxy 1496 -1.00755051 0.448823164 -0.00222339829 0 0 0
volume_proxy 1498 -0.202715201 0.281993465 0.00324888129 0 0 0
volume_proxy 1501 -0.429063305 -0.598462131 0.00902968816 0 0 0
volume_proxy 1503 0.28193856 0.120136171 -0.00514641882 0 0 0
volume_proxy 1506 0.349411689 0.961368354 -0.000743783859 0 0 0
volume_proxy 1507 -1.29885422 -0.619091328 -0.00195581759 0 0 0
volume_proxy 1508 -0.797144972 -0.850309746 0.00656426371 0 0 0
volume_proxy 1509 -1.38269731 0.488923829 0.0105964829 0 0 0
volume_proxy 1510 0.20249763 -0.782769242 0.00879946977 0 0 0
volume_proxy 1511 1.40421196 0.581780012 0.00322835727 0 0 0
volume_proxy 1513 -1.47373804 0.697420004 -0.000139617403 0 0 0
volume_proxy 1515 0.831243189 0.235451917 0.00201814051 0 0 0
volume_proxy 1516 -0.190694612 -0.974146432 0.00566315202 0 0 0
volume_proxy 1517 -0.908705933 -0.455396024 -0.00932413815 0 0 0
volume_proxy 1519 0.253501293 -0.34462488 -0.00820481806 0 0 0
volume_proxy 1520 0.29175099 -0.194574318 0.00670954165 0 0 0
volume_proxy 1521 -0.570323926 -0.0792128016 0.000561090484 0 0 0
volume_proxy 1522 0.572947941 0.517854044 0.00475455962 0 0 0
volume_proxy 1523 1.43388218 -0.0847198242 0.00998716517 0 0 0
volume_proxy 1525 -1.03642066 0.919505041 0.0060373221 0 0 0
volume_proxy 1526 1.16270679 -0.353157803 -0.00708828003 0 0 0
volume_proxy 1528 0.730974204 -0.609479872 -0.00426867673 0 0 0
volume_proxy 1529 -0.866205948 0.0488099797 -0.005680886 0 0 0
volume_proxy 1530 -0.792592696 -0.368105184 0.0104149889 0 0 0
volume_proxy 1531 0.409433639 0.455884562 -0.00734015518 0 0 0
