volume_proxy 0 0.374222445 -0.459052428 -0.00507115673 0 0 0
volume_proxy 6 -0.0606724007 0.751025024 0.00778078667 0 0 0
volume_proxy 11 1.47542816 0.838433301 -0.00489254484 0 0 0
volume_proxy 12 1.26352922 -0.192241086 -0.0073198943 0 0 0
volume_proxy 14 -1.42622082 0.381940139 -0.0066760758 0 0 0
volume_proxy 23 0.247947769 -0.289879162 0.00536671543 0 0 0
volume_proxy 38 -1.31344882 -0.781308054 0.00345765583 0 0 0
volume_proxy 40 -0.718098108 0.295921776 0.0013558581 0 0 0
volume_proxy 50 -0.738407882 -0.522368416 0.00051014644 0 0 0
volume_proxy 53 -1.19437967 0.817154892 -0.00529026755 0 0 0
volume_proxy 58 1.21097112 -0.650308839 -0.00240446085 0 0 0
volume_proxy 60 0.104062188 0.77163397 -0.010158078 0 0 0
volume_proxy 85 -1.30556325 0.439922114 0.0029944837 0 0 0
volume_proxy 97 1.05053518 0.91604911 0.00560720386 0 0 0
volume_proxy 107 0.941837893 0.0587184879 0.00089191035 0 0 0
volume_proxy 127 -0.859933936 -0.996913974 -0.00177312363 0 0 0
volume_proxy 130 0.606585886 -0.421708297 0.00895253163 0 0 0
volume_proxy 140 -0.745903862 0.708314003 -0.00919097078 0 0 0
volume_proxy 157 0.30778355 -0.846870128 -0.00252976757 0 0 0
volume_proxy 159 1.22688955 0.902493572 -0.00022903351 0 0 0
volume_proxy 161 -0.577534218 0.47047694 0.0102859209 0 0 0
volume_proxy 176 1.39850977 0.0771745904 -0.00898186173 0 0 0
volume_proxy 186 -1.05877703 -0.337034539 -0.00209739905 0 0 0
volume_proxy 189 -0.307597948 -0.499115481 -0.00142404198 0 0 0
volume_proxy 195 -1.49604393 -0.855029595 -0.00737057939 0 0 0
volume_proxy 196 0.33721089 0.412988936 0.00360448936 0 0 0
volume_proxy 200 -1.37343561 -0.0270759322 0.00663017885 0 0 0
volume_proxy 202 0.119623268 0.931592525 0.00664983174 0 0 0
volume_proxy 209 -0.76642249 0.275020323 -0.00658611353 0 0 0
volume_proxy 210 -0.0562994344 0.933102084 0.00573791182 0 0 0
volume_proxy 226 0.721249458 -0.968163381 0.00638482571 0 0 0
volume_proxy 236 1.12427202 -0.888169652 -0.00880694105 0 0 0
volume_proxy 247 1.45844197 0.662596735 -0.00996257673 0 0 0
volume_proxy 256 -1.18387982 0.897204868 0.00771114704 0 0 0
volume_proxy 259 0.967093837 0.399350189 -0.00707073074 0 0 0
volume_proxy 269 -1.16742568 -0.188536925 0.0103672844 0 0 0
volume_proxy 277 -0.249219228 -0.30055762 -0.00228379175 0 0 0
volume_proxy 296 -1.15312826 0.76524314 0.00731884407 0 0 0
volume_proxy 305 0.807556107 -0.337810168 -0.00467440522 0 0 0
volume_proxy 310 0.437942592 0.227162292 -0.00744445387 0 0 0
volume_proxy 344 -1.24138252 -0.347502505 -0.00357104625 0 0 0
volume_proxy 347 -0.716388216 0.555058736 -0.00160601085 0 0 0
volume_proxy 356 -0.363149795 0.369730396 0.00919922551 0 0 0
volume_proxy 375 0.984542286 -0.404505407 -0.000582447419 0 0 0
volume_proxy 388 1.42636213 0.134459992 -0.00977880096 0 0 0
volume_proxy 802 0.958855205 0.520783198 -0.00209675737 0 0 0
volume_proxy 1052 -1.1974252 -0.485243527 0.00110695418 0 0 0
volume_proxy 1066 0.0160844513 0.613069229 -0.00350970041 0 0 0
volume_proxy 1120 -0.699261511 0.40418196 0.00208479502 0 0 0
volume_proxy 1166 -0.80250229 -0.313338329 4.17246047e-05 0 0 0
volume_proxy 1193 -1.3217227 -0.44453033 -0.0015929618 0 0 0
volume_proxy 1225 -1.15895072 -0.442487907 -0.00494148665 0 0 0
volume_proxy 1245 -1.37031075 0.00716699378 -0.000635226618 0 0 0
volume_proxy 1280 -0.451732143 0.905836698 0.00624275203 0 0 0
volume_proxy 1285 -1.22233568 0.613991672 -0.0095916775 0 0 0
volume_proxy 1295 0.897408152 -0.141916403 0.00582034182 0 0 0
volume_proxy 1296 -0.0271750995 -0.656872407 0.00559903035 0 0 0
volume_proxy 1340 0.815441403 0.394913336 -0.00830181469 0 0 0
volume_proxy 1380 -0.900575034 -0.0928215801 0.000927227897 0 0 0
volume_proxy 1386 1.38114211 0.581913 0.00820245319 0 0 0
volume_proxy 1397 0.751222139 0.681837425 0.00852225585 0 0 0
volume_proxy 1409 -0.0977942234 0.627181723 0.0074144727 0 0 0
volume_proxy 1413 1.48036362 0.675171941 -0.00508887225 0 0 0
volume_proxy 1422 0.0344576813 -0.79743163 -0.00529248934 0 0 0
volume_proxy 1433 1.09793033 0.575114136 -0.00377185669 0 0 0
volume_proxy 1437 0.13898046 0.000655904112 0.00517179732 0 0 0
volume_proxy 1459 -1.24078122 0.0774859042 -0.00162410666 0 0 0
volume_proxy 1460 0.187617697 0.919403981 0.00339790677 0 0 0
volume_proxy 1461 -1.06326423 0.824466365 0.00520164404 0 0 0
volume_proxy 1466 -0.309154961 0.404312472 -0.00168536572 0 0 0
volume_proxy 1472 -1.3529831 0.792241748 0.00335813188 0 0 0
volume_proxy 1474 1.46759872 -0.535922368 0.00098376082 0 0 0
volume_proxy 1481 0.637987583 0.741860915 -0.00559672685 0 0 0
volume_proxy 1482 1.04091 0.619921823 -0.00902380275 0 0 0
volume_proxy 1485 0.45921596 -0.242119192 0.00894144738 0 0 0
volume_proxy 1489 0.319515212 -0.865198735 -0.00314018903 0 0 0
volume_proxy 1490 1.1413017 0.999326101 0.00915886828 0 0 0
volume_proxy 1496 -1.4127192 0.661179062 -0.0037698615 0 0 0
volume_proxy 1498 -0.108349107 0.211966211 -0.00848436585 0 0 0
volume_proxy 1503 -0.903385502 -0.734804915 -0.000256139711 0 0 0
volume_proxy 1506 0.058111543 0.747746042 -0.00945557473 0 0 0
volume_proxy 1507 -1.43859257 0.0166868653 -0.00635124467 0 0 0
volume_proxy 1508 -0.349026631 -0.415640527 0.00837318176 0 0 0
volume_proxy 1509 -1.27659682 -0.0244758016 0.00646169781 0 0 0
volume_proxy 1510 0.0411247605 -0.772018434 -0.0087064459 0 0 0
volume_proxy 1511 1.03583945 0.335565028 -0.00874269439 0 0 0
volume_proxy 1513 -1.47037481 0.610113888 0.00646912063 0 0 0
volume_proxy 1515 0.823750771 -0.601410392 -0.0066922647 0 0 0
volume_proxy 1516 -0.0119201618 -0.972667122 -0.00950805581 0 0 0
volume_proxy 1517 -1.03931814 -0.15531795 0.0067208621 0 0 0
volume_proxy 1519 0.0075007544 -0.490821358 -0.00463057792 0 0 0
volume_proxy 1520 0.178645658 -0.331168787 0.00811835877 0 0 0
volume_proxy 1521 -1.13787911 -0.80618793 0.00556541429 0 0 0
volume_proxy 1523 0.296813343 -0.062721614 0.000283368789 0 0 0
volume_proxy 1525 -0.776706629 0.949484558 0.00586199521 0 0 0
volume_proxy 1526 0.993189739 -0.665197812 -0.00625141057 0 0 0
volume_proxy 1528 0.591500868 -0.485251469 0.000434856785 0 0 0
volume_proxy 1529 -1.30560737 0.401446787 -0.00354116472 0 0 0
volume_proxy 1531 0.403780824 0.45005174 -0.00167274066 0 0 0
volume_proxy 1533 1.28083758 -0.176582404 -0.00414189618 0 0 0
volume_proxy 1534 0.312220811 0.995790481 0.00227637075 0 0 0
volume_proxy 1535 0.737894038 0.776110876 0.00298262359 0 0 0
volume_proxy 1536 -0.782979197 -0.621233722 -0.000882431631 0 0 0
volume_proxy 1537 -0.488115058 -0.660837242 0.00796401153 0 0 0
volume_proxy 1538 1.42664936 0.144767803 -0.00648493572 0 0 0
