volume_proxy 0 -0.955301453 -0.52180956 -0.00400247365 0 0 0
volume_proxy 6 -0.194837491 0.00476391954 -0.00843166695 0 0 0
volume_proxy 11 0.96937421 0.629949905 0.00535650061 0 0 0
volume_proxy 12 1.08749476 -0.695403272 0.00395969843 0 0 0
volume_proxy 14 -1.48637902 0.985200816 -0.00999019493 0 0 0
volume_proxy 23 1.38854566 0.104284616 -0.00885492895 0 0 0
volume_proxy 38 -0.546511352 -0.948100432 -0.006183274 0 0 0
volume_proxy 40 -1.37709347 -0.19762953 -0.00164016482 0 0 0
volume_proxy 50 -1.11083195 -0.82141522 -0.00803896722 0 0 0
volume_proxy 53 -1.26898364 0.76713993 0.00996111518 0 0 0
volume_proxy 58 0.468992593 -0.390121622 -0.00925074519 0 0 0
volume_proxy 60 -0.433091086 0.559141772 -0.00525340937 0 0 0
volume_proxy 85 -0.900536603 0.873387952 -0.00476541323 0 0 0
volume_proxy 97 0.343857355 0.871671503 0.00122487841 0 0 0
volume_proxy 107 -0.113371185 0.394882599 -0.00541359514 0 0 0
volume_proxy 127 -1.26145805 -0.731522213 0.00860680483 0 0 0
volume_proxy 130 -0.00536622399 -0.981790523 0.00951767194 0 0 0
volume_proxy 140 0.881194281 0.319580953 -0.00894235127 0 0 0
volume_proxy 157 0.387666878 0.262293591 -0.0105747591 0 0 0
volume_proxy 159 -0.156524855 0.701699348 -0.00585201638 0 0 0
volume_proxy 161 -0.0844981315 0.0267425086 -0.00189544967 0 0 0
volume_proxy 176 1.13868655 0.3280715 -0.00331532169 0 0 0
volume_proxy 186 -1.0011748 0.153950441 -1.42650563e-05 0 0 0
volume_proxy 189 -0.651370676 -0.759284318 0.0055318034 0 0 0
volume_proxy 195 -1.36361088 -0.883375635 -0.00719962942 0 0 0
volume_proxy 196 -0.965715406 0.00507597939 0.00708644788 0 0 0
volume_proxy 200 -1.25886868 0.554771076 0.00796925947 0 0 0
volume_proxy 202 -0.505693098 -0.338606837 -0.00300791374 0 0 0
volume_proxy 209 -1.19795532 0.00925499546 -0.00424835941 0 0 0
volume_proxy 210 0.284659963 0.212319946 -0.00852190744 0 0 0
volume_proxy 226 1.29588124 0.144848709 0.00438049594 0 0 0
volume_proxy 236 0.481039039 0.228776787 -0.00300385947 0 0 0
volume_proxy 247 0.0642932241 -0.970530613 -0.00673223865 0 0 0
volume_proxy 256 0.545778136 -0.905316532 -0.00365165988 0 0 0
volume_proxy 259 0.654442078 -0.0256800697 0.00853579233 0 0 0
volume_proxy 269 -1.47236652 0.568986827 -0.00731148008 0 0 0
volume_proxy 277 -0.926343483 0.161212853 -0.00125486972 0 0 0
volume_proxy 296 -0.980316919 -0.0690610306 -0.000509079157 0 0 0
volume_proxy 305 0.564195524 -0.559908346 -0.0046688948 0 0 0
volume_proxy 310 1.28114369 0.776975532 -0.0105121873 0 0 0
volume_proxy 344 -0.408952311 -0.429092677 0.00056986773 0 0 0
volume_proxy 347 -0.718406503 0.913413775 -0.00227017821 0 0 0
volume_proxy 356 -0.67777848 0.390062497 0.00310232913 0 0 0
volume_proxy 375 1.15958343 -0.170092458 0.00948473034 0 0 0
volume_proxy 388 1.20232495 -0.673861169 -0.000676118712 0 0 0
volume_proxy 1052 -1.2744169 -0.353435783 0.00674828885 0 0 0
volume_proxy 1066 -0.225619259 0.107118017 0.0020145417 0 0 0
volume_proxy 1120 -0.681947088 0.856362742 0.00244372445 0 0 0
volume_proxy 1166 -0.853333131 -0.867461802 -0.0105104698 0 0 0
volume_proxy 1193 -0.949972424 -0.243652072 0.00433066803 0 0 0
volume_proxy 1225 -1.42678683 -0.982635757 -0.000377334293 0 0 0
volume_proxy 1245 -1.10184519 0.811411136 -0.0098263597 0 0 0
volume_proxy 1280 -1.4771753 0.879735278 0.00567350895 0 0 0
volume_proxy 1285 -0.703037969 0.964786005 -0.00957421997 0 0 0
volume_proxy 1295 0.715399039 0.412100081 0.0089452898 0 0 0
volume_proxy 1296 -0.503422495 -0.395104815 0.00805348637 0 0 0
volume_proxy 1340 1.36796497 -0.132068033 -0.0101808152 0 0 0
volume_proxy 1380 -1.37137644 -0.55392689 -0.00604467312 0 0 0
volume_proxy 1386 1.03402723 0.635396067 0.0101401478 0 0 0
volume_proxy 1397 0.0090270308 0.74659181 0.00905365788 0 0 0
volume_proxy 1409 0.535244919 0.486905819 -0.00565270004 0 0 0
volume_proxy 1413 0.606848256 0.681661472 0.00683990758 0 0 0
volume_proxy 1422 1.36208334 -0.720313956 0.00463897094 0 0 0
volume_proxy 1433 1.49627058 0.742517393 0.0055026504 0 0 0
volume_proxy 1437 -0.364653425 -0.996800306 -0.000329855723 0 0 0
volume_proxy 1459 -0.851115074 -0.425078508 -0.00564090445 0 0 0
volume_proxy 1460 -0.982833804 0.214460206 -0.000209264023 0 0 0
volume_proxy 1461 -1.09258659 0.311248592 0.00400145233 0 0 0
volume_proxy 1472 -1.2039125 -0.17046794 -0.000550469424 0 0 0
volume_proxy 1474 1.28006554 -0.055837105 0.00525553204 0 0 0
volume_proxy 1481 -0.427539289 0.255986885 -0.00856602582 0 0 0
volume_proxy 1482 0.630847389 0.327328162 -0.00684033174 0 0 0
volume_proxy 1485 0.76002894 -0.351174673 -0.00441557574 0 0 0
volume_proxy 1489 0.15949064 -0.791467302 0.00182672211 0 0 0
volume_proxy 1490 0.680143537 0.503236454 0.0010397422 0 0 0
volume_proxy 1496 -1.24253205 0.500873122 -0.00299250523 0 0 0
volume_proxy 1498 -0.300510325 -0.457480097 -0.00347365378 0 0 0
volume_proxy 1503 -1.41926059 -0.788537408 -0.00514463198 0 0 0
volume_proxy 1506 0.327358578 0.734036322 0.00488514469 0 0 0
volume_proxy 1507 -0.258310495 -0.397508636 -0.000925528683 0 0 0
volume_proxy 1508 -0.940772819 0.112457399 -0.00557712826 0 0 0
volume_proxy 1509 -1.0678577 0.00372769069 -0.000221305506 0 0 0
volume_proxy 1513 -1.34527404 0.189460338 0.00637312902 0 0 0
volume_proxy 1515 0.364114131 -0.941468305 -0.00767616568 0 0 0
volume_proxy 1516 -0.167587829 -0.641801514 -0.00128958823 0 0 0
volume_proxy 1517 -1.11270678 -0.399912863 0.000224025636 0 0 0
volume_proxy 1519 0.321733192 0.460643502 -0.0107643633 0 0 0
volume_proxy 1520 0.0697755987 -0.428237042 0.0103601292 0 0 0
volume_proxy 1521 -1.01126687 -0.514778107 0.000140120071 0 0 0
volume_proxy 1523 -0.230416496 -0.294360763 -0.000819829037 0 0 0
volume_proxy 1525 -0.451857135 0.877189098 0.00554824455 0 0 0
volume_proxy 1526 1.43383586 -0.044727806 -0.00993728234 0 0 0
volume_proxy 1528 0.937623584 -0.784129366 0.00195065607 0 0 0
volume_proxy 1529 -0.837543852 -0.160701974 0.00958224973 0 0 0
volume_proxy 1531 0.390667464 0.8742684 -0.00916299973 0 0 0
volume_proxy 1533 0.868534 0.0361688783 -0.00518999849 0 0 0
volume_proxy 1534 -0.480501407 -0.0586904029 0.00435158684 0 0 0
volume_proxy 1537 -0.941896791 -0.543085036 0.00162856146 0 0 0
volume_proxy 1538 1.15626709 -0.458908311 -0.00566719018 0 0 0
volume_proxy 1539 0.264182382 0.793706966 -0.00414570477 0 0 0
volume_proxy 1540 1.3859286 0.21682401 -0.00998473989 0 0 0
volume_proxy 1541 -0.43794532 -0.870454027 -0.00716291453 0 0 0
