volume_proxy 0 0.691155091 -0.046599317 0.00571123352 0 0 0
volume_proxy 5 0.73831441 -0.510530555 0.00733465624 0 0 0
volume_proxy 6 -0.0844284526 -0.271372039 -0.00613188632 0 0 0
volume_proxy 11 0.589963544 0.316214704 0.00268023796 0 0 0
volume_proxy 12 0.0404295959 -0.701171689 -0.00294085451 0 0 0
volume_proxy 14 -0.240113207 0.354042556 -0.00249033511 0 0 0
volume_proxy 23 1.18046402 -0.617752307 -0.010444883 0 0 0
volume_proxy 38 0.434308515 0.891807695 0.00728443312 0 0 0
volume_proxy 40 -0.130187698 -0.24208552 4.33417914e-05 0 0 0
volume_proxy 50 -0.466919448 -0.470637599 0.00191842562 0 0 0
volume_proxy 53 -0.784260601 0.804296896 -0.0102828765 0 0 0
volume_proxy 58 1.45317413 -0.625672962 -0.00559937545 0 0 0
volume_proxy 60 0.873047084 0.053628755 -0.00384667996 0 0 0
volume_proxy 72 0.163832702 0.102503975 0.00778789146 0 0 0
volume_proxy 85 -1.27265233 0.413845995 0.010750529 0 0 0
volume_proxy 97 1.25010444 0.489746737 -0.00462325281 0 0 0
volume_proxy 107 1.27260619 0.947244075 -0.0047606443 0 0 0
volume_proxy 127 -1.08404028 0.37248402 -0.00237126383 0 0 0
volume_proxy 130 1.26419282 0.23467346 -0.00243776095 0 0 0
volume_proxy 140 -0.240631168 0.862345859 0.00489123876 0 0 0
volume_proxy 157 1.26826804 -0.01581482 0.0095637916 0 0 0
volume_proxy 159 -0.00362861679 0.791590083 -0.00824027042 0 0 0
volume_proxy 161 0.686900422 0.0492830721 0.010280434 0 0 0
volume_proxy 176 0.0718794807 -0.0739761549 0.00670707985 0 0 0
volume_proxy 186 -0.537919405 0.710022421 -0.0021283078 0 0 0
volume_proxy 189 -1.27599372 0.472071933 0.00342508704 0 0 0
volume_proxy 195 -0.556244082 -0.361957172 -0.00788311288 0 0 0
volume_proxy 196 0.392359743 -0.300414401 0.00156421802 0 0 0
volume_proxy 200 -0.521133229 -0.916906332 -0.00732296831 0 0 0
volume_proxy 202 -1.0285232 0.690184474 0.00446272394 0 0 0
volume_proxy 209 -1.10290518 0.0736462366 -0.00716205956 0 0 0
volume_proxy 210 -0.665415006 0.715816127 -0.00399730134 0 0 0
volume_proxy 226 0.426813646 -0.737248964 -0.00591922019 0 0 0
volume_proxy 236 1.14564032 0.597477548 -0.000172081789 0 0 0
volume_proxy 247 0.943188419 0.800619801 -0.00578102575 0 0 0
volume_proxy 256 -0.145839319 0.705055025 -0.000565813458 0 0 0
volume_proxy 259 0.460415141 0.210672517 -0.00119253909 0 0 0
volume_proxy 269 0.23598777 -0.637750547 0.00568219098 0 0 0
volume_proxy 277 -1.23072642 0.0888575923 -0.0104731839 0 0 0
volume_proxy 296 0.26796795 -0.549331024 -0.00517460073 0 0 0
volume_proxy 305 0.147050835 -0.122310015 -0.00473606178 0 0 0
volume_proxy 310 1.26372326 -0.672518927 -0.0075603886 0 0 0
volume_proxy 329 -1.32743426 -0.0919580509 -0.00487873898 0 0 0
volume_proxy 337 -0.640494424 0.626538422 -0.00494439314 0 0 0
volume_proxy 344 -1.30102679 0.920481317 0.00537890809 0 0 0
volume_proxy 347 -0.445093135 0.301586431 -0.00609715126 0 0 0
volume_proxy 349 -0.95101342 -0.185259651 -0.00609343633 0 0 0
volume_proxy 356 -0.179767848 0.638277442 0.00740814745 0 0 0
volume_proxy 375 0.103965892 -0.962259509 -0.00965062788 0 0 0
volume_proxy 388 -0.374976038 0.3613519 0.00372281165 0 0 0
volume_proxy 431 -1.46388963 0.116724992 0.00110321251 0 0 0
volume_proxy 802 1.19944546 0.689943985 -0.00527873016 0 0 0
volume_proxy 876 0.175802643 -0.446178892 0.00329316655 0 0 0
volume_proxy 1052 0.0578544474 -0.291281652 -0.00738562051 0 0 0
volume_proxy 1066 0.459579035 0.990256238 0.00989149657 0 0 0
volume_proxy 1120 -0.384144815 0.485414567 0.00142498379 0 0 0
volume_proxy 1166 -0.503554678 0.940776336 0.00287981579 0 0 0
volume_proxy 1169 1.40786269 -0.673489971 0.00954832567 0 0 0
volume_proxy 1172 -0.180541218 0.160959023 -0.000979130733 0 0 0
volume_proxy 1186 -0.781197761 -0.390845905 0.00321404186 0 0 0
volume_proxy 1193 -0.844914841 0.106579611 0.00945603135 0 0 0
volume_proxy 1225 0.184983694 -0.294018036 -0.00867882483 0 0 0
volume_proxy 1245 -1.37903814 0.768179017 -0.00659828629 0 0 0
volume_proxy 1280 -1.27363485 0.750671252 -0.00656192703 0 0 0
volume_proxy 1285 -1.01911763 0.801931207 -0.00482129385 0 0 0
volume_proxy 1295 -0.635422875 0.88835239 0.00654739248 0 0 0
volume_proxy 1296 0.260609734 -0.0298720789 -0.004219163 0 0 0
volume_proxy 1335 0.294445249 -0.709841372 -0.00670409183 0 0 0
volume_proxy 1340 1.08899696 0.278453568 0.00818332286 0 0 0
volume_proxy 1380 -0.152494205 -0.0527522933 -0.00682918071 0 0 0
volume_proxy 1386 0.0638089011 0.86022878 -0.0039382223 0 0 0
volume_proxy 1397 1.01517764 0.933257841 0.00407571794 0 0 0
volume_proxy 1403 0.393729742 0.401778799 0.00122890558 0 0 0
volume_proxy 1409 0.624678873 0.974065841 0.00392048791 0 0 0
volume_proxy 1413 0.827857477 0.716870394 0.0101197805 0 0 0
volume_proxy 1420 -1.0565542 0.0346609335 0.00497258529 0 0 0
volume_proxy 1421 -1.24829593 -0.345202234 -0.00870307073 0 0 0
volume_proxy 1422 0.846222511 -0.96329109 -0.00956551441 0 0 0
volume_proxy 1423 -0.584819292 0.67933367 0.00397720772 0 0 0
volume_proxy 1426 0.901000024 -0.459245102 0.0056281031 0 0 0
volume_proxy 1429 1.20270957 -0.128795986 -0.0106550722 0 0 0
volume_proxy 1433 1.22226964 0.313375319 -0.00134027953 0 0 0
volume_proxy 1434 0.0856685355 -0.568260363 -0.000668882455 0 0 0
volume_proxy 1437 -0.00188080777 -0.219942725 -0.0103275975 0 0 0
volume_proxy 1439 -0.587003185 0.832379374 0.00938742416 0 0 0
volume_proxy 1440 0.479859293 -0.290489429 -0.0107023098 0 0 0
volume_proxy 1444 -0.930414512 -0.918534605 -0.00137659809 0 0 0
volume_proxy 1445 -0.000967808274 -0.630829375 -0.00141307396 0 0 0
volume_proxy 1447 1.11884879 -0.222194374 0.00263614226 0 0 0
volume_proxy 1459 -0.760546098 0.701800449 0.0024237264 0 0 0
volume_proxy 1460 0.926467582 0.307504887 -0.000488164033 0 0 0
volume_proxy 1461 -1.23659437 0.619873239 0.00243791993 0 0 0
volume_proxy 1462 -1.03731748 -0.0858182974 -0.00917497611 0 0 0
volume_proxy 1466 -0.560123845 -0.994863588 -0.00875373128 0 0 0
volume_proxy 1470 -1.40217501 -0.81356506 -0.00811378031 0 0 0
volume_proxy 1471 0.147218575 0.712948076 0.00948235852 0 0 0
volume_proxy 1472 -0.962106099 0.659528751 0.00675849751 0 0 0
volume_proxy 1474 1.03550062 -0.536565867 0.0104242393 0 0 0
volume_proxy 1481 1.16550218 0.702870831 -0.00265752102 0 0 0
volume_proxy 1482 0.28875114 -0.989210805 0.0101837911 0 0 0
volume_proxy 1485 0.150955902 -0.62174903 0.00393571589 0 0 0
volume_proxy 1486 1.314699 -0.45031557 0.00827045935 0 0 0
volume_proxy 1489 -0.412029434 0.608949595 0.009019379 0 0 0
volume_proxy 1490 1.17241723 0.790471357 0.00677716662 0 0 0
volume_proxy 1492 0.0886114727 0.824477074 -0.00498967296 0 0 0
volume_proxy 1493 0.373213908 0.12993102 0.00118339234 0 0 0
volume_proxy 1494 0.936658144 0.717303266 -0.00223398641 0 0 0
volume_proxy 1496 -1.13695038 0.357749036 -0.0107681366 0 0 0
volume_proxy 1497 0.0623960407 0.223849051 -0.00377366655 0 0 0
volume_proxy 1498 -1.17543779 0.310393517 -0.00978998396 0 0 0
volume_proxy 1501 -0.925339498 -0.725531367 0.00991243056 0 0 0
volume_proxy 1502 -0.885078632 -0.661224486 0.00841824168 0 0 0
volume_proxy 1503 -0.601584659 0.143851061 -0.00424854335 0 0 0
volume_proxy 1505 0.0528067449 0.949780153 -0.00124440499 0 0 0
volume_proxy 1506 0.22554946 0.330400552 0.00223123719 0 0 0
volume_proxy 1507 -1.03419395 -0.532830185 0.00866111667 0 0 0
volume_proxy 1508 -0.410506445 -0.986282594 -0.00733549283 0 0 0
volume_proxy 1509 -1.45572317 0.866755102 0.0103720583 0 0 0
volume_proxy 1510 0.723291575 -0.702848753 0.0089671262 0 0 0
volume_proxy 1511 1.1465695 0.104311591 0.00691808791 0 0 0
volume_proxy 1512 -1.0977258 0.515404376 -0.0053963657 0 0 0
