volume_proxy 0 1.47296813 -0.479376442 0.0044355972 0 0 0
volume_proxy 5 0.991801441 0.126579214 0.00706015403 0 0 0
volume_proxy 6 0.391722166 0.164027582 -0.0100585495 0 0 0
volume_proxy 11 0.975538717 0.113853453 0.000224608213 0 0 0
volume_proxy 12 1.45890788 -0.296793197 -0.00504783259 0 0 0
volume_proxy 14 -0.489631693 -0.460735515 -0.00465861807 0 0 0
volume_proxy 23 0.479038434 -0.627838669 -0.00688429126 0 0 0
volume_proxy 38 0.839076071 0.223079562 -0.00584963653 0 0 0
volume_proxy 40 0.0336465788 -0.394333611 0.00972486179 0 0 0
volume_proxy 50 -0.431666549 -0.640544061 1.68935268e-05 0 0 0
volume_proxy 53 -0.671372915 0.25353542 -0.00730190728 0 0 0
volume_proxy 58 1.44923142 -0.755665113 0.00994492295 0 0 0
volume_proxy 60 0.895470712 0.719926931 -0.00425986524 0 0 0
volume_proxy 61 0.238107988 -0.730254872 -0.000575585942 0 0 0
volume_proxy 72 0.0436544094 0.359135672 -0.00838335118 0 0 0
volume_proxy 85 -1.23941175 -0.222620913 -0.00538871003 0 0 0
volume_proxy 88 -1.03832551 -0.563785056 0.0102620766 0 0 0
volume_proxy 97 0.796679696 0.258138513 0.00600099209 0 0 0
volume_proxy 101 -1.3826055 0.852029624 0.00782728273 0 0 0
volume_proxy 105 0.240425365 -0.287911211 -0.0041858482 0 0 0
volume_proxy 107 1.30935647 0.421553555 -0.00209391647 0 0 0
volume_proxy 127 -0.806526162 0.389211153 0.00137709161 0 0 0
volume_proxy 130 1.4004917 0.511952099 0.00557464608 0 0 0
volume_proxy 140 -0.291046489 0.111124073 -0.00476668341 0 0 0
volume_proxy 157 1.33279099 -0.449788775 0.00784552874 0 0 0
volume_proxy 159 0.295365164 -0.071932723 0.00882668785 0 0 0
volume_proxy 161 0.707874174 0.240039556 0.00271972802 0 0 0
volume_proxy 176 0.553937408 -0.587136612 -0.0100830452 0 0 0
volume_proxy 186 -0.330744874 0.248821706 -0.00426843393 0 0 0
volume_proxy 189 -0.933450391 0.922142081 0.00531316684 0 0 0
volume_proxy 195 -0.0387852603 0.186999909 -0.0023468393 0 0 0
volume_proxy 196 0.324847076 -0.250879107 0.00530974178 0 0 0
volume_proxy 200 -0.630170655 -0.653578097 0.00776088838 0 0 0
volume_proxy 202 -0.896008467 0.729069554 -0.00379674993 0 0 0
volume_proxy 209 -1.11554588 0.234063563 -0.00116093215 0 0 0
volume_proxy 210 -0.846725089 0.645713635 -0.0104204952 0 0 0
volume_proxy 226 -0.517045511 -0.508867853 0.0101889987 0 0 0
volume_proxy 236 0.447810116 0.830478867 -2.25784179e-05 0 0 0
volume_proxy 247 0.560562891 0.426812454 0.00535280911 0 0 0
volume_proxy 256 -0.587999405 0.241690151 -0.00520200868 0 0 0
volume_proxy 259 0.235247126 0.120513636 -0.00622233658 0 0 0
volume_proxy 269 0.120747604 -0.17248219 0.000558686641 0 0 0
volume_proxy 277 -1.38953503 -0.239388137 0.00597825603 0 0 0
volume_proxy 296 -0.125117009 -0.1597412 -0.00465655518 0 0 0
volume_proxy 305 0.818654049 -0.853042301 -0.0075984536 0 0 0
volume_proxy 310 0.962725379 0.105220077 -0.004648756 0 0 0
volume_proxy 329 -0.622364777 -0.815489804 -0.00892250715 0 0 0
volume_proxy 337 -0.91119625 0.930064374 0.0071579884 0 0 0
volume_proxy 344 -0.865963555 0.876659803 -0.00489973732 0 0 0
volume_proxy 347 -0.610047941 -0.509343167 -0.00249356965 0 0 0
volume_proxy 349 -0.532108433 0.316378859 -0.000778453831 0 0 0
volume_proxy 356 0.359059041 0.908442437 -0.0103808346 0 0 0
volume_proxy 375 0.971710366 -0.38809098 0.00892031269 0 0 0
volume_proxy 388 -1.29740802 0.520519146 0.00465071009 0 0 0
volume_proxy 431 -1.24128867 -0.279188597 -0.00659808881 0 0 0
volume_proxy 802 1.1117325 -0.31333388 -0.000587428477 0 0 0
volume_proxy 876 0.296421438 -0.943461968 0.00644010829 0 0 0
volume_proxy 1020 -1.21356954 0.953419355 0.00239685469 0 0 0
volume_proxy 1052 0.298795856 -0.918524195 -0.00995558426 0 0 0
volume_proxy 1066 0.777255159 0.219611487 0.00279199615 0 0 0
volume_proxy 1093 0.0619412854 0.340777719 -0.00172658293 0 0 0
volume_proxy 1120 -0.515615538 0.669667525 -0.00339815755 0 0 0
volume_proxy 1166 -0.439801977 0.740255371 -0.0062767343 0 0 0
volume_proxy 1169 1.31455944 -0.733998181 -0.00712580654 0 0 0
volume_proxy 1172 0.00565978205 0.689943064 0.000803020788 0 0 0
volume_proxy 1186 -0.81258412 -0.520364224 0.00659828983 0 0 0
volume_proxy 1193 -0.571485028 0.173400907 0.0045288809 0 0 0
volume_proxy 1210 -1.16923189 0.880582416 0.00114294093 0 0 0
volume_proxy 1219 -0.787274038 0.954283484 -0.0028820625 0 0 0
volume_proxy 1225 0.062607736 -0.394535153 -0.00507788817 0 0 0
volume_proxy 1245 -1.48763392 0.7332914 0.00161560753 0 0 0
volume_proxy 1270 0.115716661 -0.0928143584 0.00209252817 0 0 0
volume_proxy 1280 -1.3636326 0.99281829 0.00318524758 0 0 0
volume_proxy 1285 -1.17543757 0.94257291 0.0106600474 0 0 0
volume_proxy 1295 -1.27382135 0.741491645 -0.00866097674 0 0 0
volume_proxy 1296 -0.0887598808 -0.174025446 0.00729015663 0 0 0
volume_proxy 1301 -1.2503511 0.902205917 0.00497792109 0 0 0
volume_proxy 1326 0.586376158 -0.285151233 0.00806525334 0 0 0
volume_proxy 1335 0.098690636 -0.494575164 0.00507186725 0 0 0
volume_proxy 1340 0.811345992 0.515703564 0.00443266521 0 0 0
volume_proxy 1380 -0.296870706 0.506076946 0.00385372104 0 0 0
volume_proxy 1381 0.342312588 0.654580886 -0.00249410332 0 0 0
volume_proxy 1386 0.583308184 0.91242178 0.000335777447 0 0 0
volume_proxy 1390 -1.42103908 0.889653474 0.00927548086 0 0 0
volume_proxy 1392 0.00375506513 -0.550192775 -0.000799552386 0 0 0
volume_proxy 1397 0.431798786 0.394488242 0.00187426437 0 0 0
volume_proxy 1398 -1.4321403 0.657646524 -0.00970850309 0 0 0
volume_proxy 1403 0.56042328 -0.134046521 -0.00717780944 0 0 0
volume_proxy 1405 -0.0722756346 0.575124546 -0.00688672459 0 0 0
volume_proxy 1408 0.502635918 0.657079904 0.00663244343 0 0 0
volume_proxy 1409 1.24851606 0.536968563 -0.00720623865 0 0 0
volume_proxy 1413 0.530214551 0.944829626 -0.00465691922 0 0 0
volume_proxy 1418 -1.2301287 -0.0398551284 0.000936249623 0 0 0
volume_proxy 1420 -1.49634312 0.0721892049 -0.0094931353 0 0 0
volume_proxy 1421 -1.41722013 -0.240935285 0.00710001127 0 0 0
volume_proxy 1422 0.967786367 -0.951528376 -0.0102250323 0 0 0
volume_proxy 1423 -0.50349907 0.704324656 -0.0102633619 0 0 0
volume_proxy 1425 -1.26355814 -0.718644346 0.00879932089 0 0 0
volume_proxy 1426 0.906783444 -0.511031387 -0.000597641954 0 0 0
volume_proxy 1428 -0.245384371 0.544540437 0.00993643536 0 0 0
volume_proxy 1429 0.973896228 -0.250401643 -0.00918207072 0 0 0
volume_proxy 1433 0.971444341 0.23373815 0.0082945309 0 0 0
volume_proxy 1434 0.606106126 -0.533308801 0.00163289647 0 0 0
volume_proxy 1436 -0.701170222 -0.972812943 0.00831448095 0 0 0
volume_proxy 1437 -0.283521523 -0.569939159 0.00968447678 0 0 0
volume_proxy 1439 -0.535729086 0.755420766 0.00475402253 0 0 0
volume_proxy 1440 0.570676439 -0.570021385 -0.0081270524 0 0 0
volume_proxy 1444 -0.930140745 -0.347127402 -0.00422924595 0 0 0
volume_proxy 1445 0.457808741 -0.621549297 0.000306937009 0 0 0
volume_proxy 1447 1.34133217 -0.61426955 0.00175308298 0 0 0
volume_proxy 1454 -0.990074836 -0.749568781 -0.00187674547 0 0 0
volume_proxy 1459 -0.892512018 0.970523149 -0.00816617583 0 0 0
volume_proxy 1460 0.846668825 0.171297052 -0.00378334198 0 0 0
volume_proxy 1461 -1.13674122 0.409202372 0.00876353992 0 0 0
volume_proxy 1462 -0.958524647 -0.705918012 -0.00619353684 0 0 0
volume_proxy 1464 -0.861379824 -0.985728354 -0.00878976655 0 0 0
volume_proxy 1466 -1.11740152 -0.838422837 0.00774637956 0 0 0
volume_proxy 1470 -1.28446526 -0.835486392 0.00651123253 0 0 0
volume_proxy 1471 -0.383762256 0.956223387 0.00228007114 0 0 0
volume_proxy 1472 -0.453122373 0.763021854 -0.00631030927 0 0 0
volume_proxy 1474 0.895773421 -0.959741795 -0.0105305662 0 0 0
volume_proxy 1475 1.01932409 -0.00656301305 -0.00150847604 0 0 0
volume_proxy 1481 1.14709499 0.645532884 -0.00712059425 0 0 0
volume_proxy 1482 0.246277972 -0.903564877 0.0105862936 0 0 0
volume_proxy 1483 0.0638321215 -0.970180744 0.00931062448 0 0 0
volume_proxy 1485 0.193111029 -0.162684951 0.00832868107 0 0 0
volume_proxy 1486 1.08116234 -0.639612885 -0.00861142637 0 0 0
volume_proxy 1489 -0.607209397 0.754051857 -0.00619726104 0 0 0
volume_proxy 1490 0.905378638 0.95280214 0.00809996397 0 0 0
volume_proxy 1491 -0.346892965 -0.397377138 -0.00736297132 0 0 0
volume_proxy 1492 0.0927670985 0.218551965 0.00946033034 0 0 0
volume_proxy 1493 0.532811639 0.345274038 -0.00110656016 0 0 0
volume_proxy 1494 0.659227577 0.456206481 -0.00185192241 0 0 0
volume_proxy 1495 1.26057593 -0.641822506 -0.000738893166 0 0 0
