volume_proxy 0 1.48541115 -0.0868489728 -0.00121094601 0 0 0
volume_proxy 5 0.396438 0.299654051 0.000363695747 0 0 0
volume_proxy 6 0.555072804 -0.00190091156 -0.00113242023 0 0 0
volume_proxy 11 0.579503672 0.510972971 0.00462784325 0 0 0
volume_proxy 12 1.06772327 -0.363976229 0.0102958492 0 0 0
volume_proxy 14 -0.0116533739 -0.0172229842 0.00230288143 0 0 0
volume_proxy 23 -0.443444473 0.0124786547 -0.00618387599 0 0 0
volume_proxy 38 0.513277379 -0.294959056 0.00532559722 0 0 0
volume_proxy 40 0.0213509891 -0.772976354 -0.000768962199 0 0 0
volume_proxy 50 -0.81801905 -0.357986742 0.00371468204 0 0 0
volume_proxy 53 -0.467216345 -0.185809611 -0.00797929336 0 0 0
volume_proxy 58 1.07076127 -0.505292633 -0.00423125983 0 0 0
volume_proxy 60 0.258577812 0.853701542 0.00950214893 0 0 0
volume_proxy 61 -0.0520553035 -0.924150406 -0.00880531981 0 0 0
volume_proxy 72 0.272961857 -0.216629129 -0.00766383404 0 0 0
volume_proxy 81 -0.597171038 -0.978480837 -0.00163181388 0 0 0
volume_proxy 85 -0.320228769 0.0856591333 -0.000478384154 0 0 0
volume_proxy 88 -0.676792236 -0.522567174 -0.00994380035 0 0 0
volume_proxy 97 1.39362647 -0.546466856 -0.00106251259 0 0 0
volume_proxy 101 -1.03666868 0.686760805 -0.00522432654 0 0 0
volume_proxy 105 -0.0154829196 -0.773204944 -0.00573927294 0 0 0
volume_proxy 106 -0.149929826 -0.900130368 0.0090957311 0 0 0
volume_proxy 107 0.993623064 0.162656078 -0.00142034139 0 0 0
volume_proxy 108 1.37117094 0.346832188 0.00445823162 0 0 0
volume_proxy 127 -0.850070287 0.484134582 0.000988340188 0 0 0
volume_proxy 130 0.887409503 0.206192567 -0.00438774012 0 0 0
volume_proxy 132 0.638853383 0.64770046 0.000756985866 0 0 0
volume_proxy 140 -0.308438671 0.345183957 -0.0102533783 0 0 0
volume_proxy 145 -1.35353602 -0.809370435 -0.00767133614 0 0 0
volume_proxy 157 0.50177887 0.0205956501 -0.00417794532 0 0 0
volume_proxy 159 0.117092206 -0.807420797 0.0088143622 0 0 0
volume_proxy 161 -0.208218366 0.0647522979 0.00806758821 0 0 0
volume_proxy 176 0.466427644 -0.634567721 0.00243219668 0 0 0
volume_proxy 178 -1.29214814 0.995796537 -0.00949348797 0 0 0
volume_proxy 186 -0.0833716097 0.53592709 0.0102411953 0 0 0
volume_proxy 189 -1.3399602 0.618830312 0.010321724 0 0 0
volume_proxy 195 -0.275991838 -0.270287298 0.000294076522 0 0 0
volume_proxy 196 0.359311788 0.270005843 0.00341735062 0 0 0
volume_proxy 200 0.119781361 -0.721322258 -0.0100997126 0 0 0
volume_proxy 202 -1.10399689 0.845888364 -0.00753328585 0 0 0
volume_proxy 209 -1.02120212 -0.392985158 -0.00174898174 0 0 0
volume_proxy 210 -0.642882633 0.0597097105 -0.00106973921 0 0 0
volume_proxy 224 0.673813151 -0.884425963 0.00723706519 0 0 0
volume_proxy 226 -0.702162218 -0.227076055 -0.00440063513 0 0 0
volume_proxy 236 0.627934173 0.165611573 0.000446613838 0 0 0
volume_proxy 244 1.18786032 0.580428442 -0.0049457043 0 0 0
volume_proxy 247 0.621465894 0.266002383 -0.00159559846 0 0 0
volume_proxy 256 -0.287464955 -0.364693486 0.00606207783 0 0 0
volume_proxy 259 0.289779969 -0.455331357 0.00756402082 0 0 0
volume_proxy 269 0.269672053 -0.770424123 -0.00307949389 0 0 0
volume_proxy 276 0.870042587 -0.160726183 -0.00801990016 0 0 0
volume_proxy 277 -0.378339595 -0.434223732 0.00770095755 0 0 0
volume_proxy 294 0.632843225 0.222158173 0.00267257953 0 0 0
volume_proxy 296 -0.0613768135 -0.0897453854 0.00833088934 0 0 0
volume_proxy 298 1.24619875 -0.717627618 0.00900761062 0 0 0
volume_proxy 305 0.675021848 0.0472730515 0.00858433517 0 0 0
volume_proxy 310 1.24120942 0.385725273 -0.00379032503 0 0 0
volume_proxy 311 1.3231144 -0.0990664616 -0.00102831777 0 0 0
volume_proxy 329 -1.16199883 0.128255177 0.000703356103 0 0 0
volume_proxy 337 -0.878681559 0.466726305 0.00588025142 0 0 0
volume_proxy 344 0.177926884 0.288116012 0.00594968869 0 0 0
volume_proxy 347 -0.44417956 -0.763858874 0.0102309513 0 0 0
volume_proxy 349 0.491758536 -0.176680959 0.0047354475 0 0 0
volume_proxy 356 0.331181239 0.341676688 -0.00456434898 0 0 0
volume_proxy 375 0.936172879 -0.181966106 -0.0106085132 0 0 0
volume_proxy 388 -1.0218109 0.581266591 -0.00702707475 0 0 0
volume_proxy 399 0.459434357 -0.466320543 -0.00599157541 0 0 0
volume_proxy 409 0.441117575 -0.848024398 -0.00408648343 0 0 0
volume_proxy 431 -1.46940339 -0.692274743 0.00708645615 0 0 0
volume_proxy 512 0.139478481 -0.917806615 0.00775933844 0 0 0
volume_proxy 518 1.4502819 0.655380983 -0.000758600992 0 0 0
volume_proxy 591 -0.390784309 -0.018488327 -0.000702239963 0 0 0
volume_proxy 682 0.245657102 -0.546194219 0.000205441554 0 0 0
volume_proxy 725 -1.34418068 -0.881635124 -0.00676470685 0 0 0
volume_proxy 751 -0.62789593 -0.927508001 -0.00643112218 0 0 0
volume_proxy 802 1.04407363 -0.558028604 0.000291719573 0 0 0
volume_proxy 876 -0.115376737 -0.123122181 -0.00179114982 0 0 0
volume_proxy 904 -0.396653149 0.562409355 0.00603389045 0 0 0
volume_proxy 914 0.115507578 -0.620756653 0.00224579793 0 0 0
volume_proxy 929 -0.981037273 -0.579551267 0.000512944009 0 0 0
volume_proxy 944 0.434051278 -0.98003785 -0.00490448502 0 0 0
volume_proxy 991 -1.10866383 -0.940974998 -0.00615605573 0 0 0
volume_proxy 1020 -1.35288428 0.840088897 0.0105005983 0 0 0
volume_proxy 1021 -0.739835635 -0.961158965 -0.00427877508 0 0 0
volume_proxy 1050 -1.39994703 -0.114470721 -0.00211338287 0 0 0
volume_proxy 1052 -0.19730136 -0.148860908 -0.00862073192 0 0 0
volume_proxy 1066 0.828517073 0.618835648 -0.00162920238 0 0 0
volume_proxy 1093 0.140440197 -0.435146207 -0.0068842843 0 0 0
volume_proxy 1098 0.442022237 0.826656575 -0.000889010831 0 0 0
volume_proxy 1118 -0.0221550097 -0.529103954 0.00895563459 0 0 0
volume_proxy 1120 -0.329771831 0.515173249 0.00797804268 0 0 0
volume_proxy 1133 0.67136661 -0.826908723 -0.00137377023 0 0 0
volume_proxy 1137 -0.345675264 0.145556087 0.000158121328 0 0 0
volume_proxy 1138 1.34211186 -0.891004161 -0.00579210155 0 0 0
volume_proxy 1151 0.629222816 -0.987147417 0.00653569362 0 0 0
volume_proxy 1166 -1.04744529 0.534543491 -0.00897178515 0 0 0
volume_proxy 1169 1.46905463 -0.756475249 -0.0022383552 0 0 0
volume_proxy 1172 -0.244822122 0.446296928 -0.00754574954 0 0 0
volume_proxy 1180 -1.12332171 0.119958252 -0.00549014671 0 0 0
volume_proxy 1186 -0.806256695 -0.873447146 -0.00809904911 0 0 0
volume_proxy 1193 -0.813482319 -0.159907315 -0.000311955906 0 0 0
volume_proxy 1195 -1.41930795 -0.483409398 -0.0047418925 0 0 0
volume_proxy 1197 -0.641503519 -0.427547931 -0.00882992565 0 0 0
volume_proxy 1208 -0.545620139 -0.0184389089 0.0099929501 0 0 0
volume_proxy 1209 -1.29419862 0.492536132 0.00145593442 0 0 0
volume_proxy 1210 -1.08958225 0.927513383 0.0102359346 0 0 0
volume_proxy 1217 -0.306523191 0.603005496 0.00138738109 0 0 0
volume_proxy 1219 -0.863728662 0.582502269 -0.000307090944 0 0 0
volume_proxy 1223 1.38180958 0.115195442 -0.00847496987 0 0 0
volume_proxy 1225 0.0650464192 -0.53916435 -0.00292754255 0 0 0
volume_proxy 1230 0.819683794 -0.247624014 0.00766878407 0 0 0
volume_proxy 1231 -1.36864973 -0.0965452954 -0.00937444071 0 0 0
volume_proxy 1237 -0.0245335359 0.931883715 -0.00661387471 0 0 0
volume_proxy 1238 0.44558531 0.739491553 -0.0103275232 0 0 0
volume_proxy 1245 -1.45773644 0.945528161 0.00449754504 0 0 0
volume_proxy 1255 1.28929459 -0.89742646 -0.00340658143 0 0 0
volume_proxy 1259 -0.829262558 0.845217182 -0.0106006629 0 0 0
volume_proxy 1264 0.0871924167 -0.535714683 0.00654710466 0 0 0
volume_proxy 1270 0.0613517639 0.0921343535 0.00310268941 0 0 0
volume_proxy 1273 -0.518960132 0.436524604 0.00772622749 0 0 0
volume_proxy 1280 -1.01670554 0.24377593 -0.0024597576 0 0 0
volume_proxy 1285 -1.29574483 0.689763393 -0.00146313774 0 0 0
volume_proxy 1292 0.097290286 0.0902150931 0.00194209929 0 0 0
volume_proxy 1293 -0.253320525 -0.982458544 0.00972748884 0 0 0
volume_proxy 1295 -1.36644615 0.705070287 0.00737212538 0 0 0
volume_proxy 1296 0.176985725 -0.0430714688 0.00658293198 0 0 0
volume_proxy 1297 -0.0531199193 -0.836637933 0.00965203977 0 0 0
volume_proxy 1298 -1.22795019 -0.912215696 0.00293427132 0 0 0
volume_proxy 1301 -0.363116668 0.845568815 -0.00517367073 0 0 0
volume_proxy 1303 -0.757109576 0.958163584 0.00499147334 0 0 0
volume_proxy 1308 -0.275573092 0.565341111 0.00572932612 0 0 0
volume_proxy 1315 -1.11435137 -0.65526494 0.00181778911 0 0 0
volume_proxy 1318 0.901168177 -0.472175018 -0.00197458569 0 0 0
volume_proxy 1325 -0.423203305 -0.660170797 -0.00747365398 0 0 0
volume_proxy 1326 -0.422658939 -0.0533487802 0.00863836816 0 0 0
volume_proxy 1330 0.471981803 0.103121256 0.00651409389 0 0 0
volume_proxy 1331 0.240133642 0.15260689 0.00318612574 0 0 0
volume_proxy 1334 -1.37492587 -0.0705418879 -0.00116489919 0 0 0
volume_proxy 1335 0.377656931 -0.332258893 0.000186857127 0 0 0
volume_proxy 1336 0.514113776 -0.0470796613 0.000789226584 0 0 0
volume_proxy 1340 0.27183071 0.76749593 0.00321276604 0 0 0
volume_proxy 1341 -1.047524 -0.338546323 0.00196374593 0 0 0
volume_proxy 1345 0.428843761 -0.732490333 -0.00290752623 0 0 0
volume_proxy 1347 -0.155713134 0.466878375 -0.000736151932 0 0 0
volume_proxy 1348 1.05137935 -0.676150022 0.0057792419 0 0 0
volume_proxy 1349 -1.230524 -0.395616876 -0.00821609057 0 0 0
volume_proxy 1354 -0.346412042 -0.0973220105 -2.62312086e-05 0 0 0
volume_proxy 1357 -1.41650305 -0.152601982 -0.00174121493 0 0 0
volume_proxy 1358 -0.481127622 -0.39813783 -0.0105789311 0 0 0
volume_proxy 1360 -1.47112736 -0.906524685 0.00562334514 0 0 0
volume_proxy 1361 1.32331496 0.930013692 0.00205759327 0 0 0
volume_proxy 1366 1.01200139 0.428241692 0.00367240727 0 0 0
volume_proxy 1367 -0.7290899 -0.672949936 0.00486906808 0 0 0
volume_proxy 1368 0.841085383 -0.954868477 0.00918293149 0 0 0
volume_proxy 1369 0.903332501 0.889401289 0.00262149412 0 0 0
volume_proxy 1378 0.463843136 -0.554261969 0.00925617 0 0 0
volume_proxy 1379 0.454536783 0.559250378 -0.00640138108 0 0 0
volume_proxy 1380 -0.341371448 0.699401258 0.00115316437 0 0 0
volume_proxy 1381 0.704451418 0.581898812 0.0010024465 0 0 0
volume_proxy 1382 -0.171737217 0.0167561411 -0.00794150277 0 0 0
volume_proxy 1383 -1.34129926 0.517305389 0.00477940698 0 0 0
volume_proxy 1384 0.38599607 0.0609039559 -0.00660428608 0 0 0
volume_proxy 1385 0.907192219 0.946383471 -0.000937386776 0 0 0
volume_proxy 1386 0.672273929 0.573721433 0.00171857541 0 0 0
volume_proxy 1388 0.134881676 0.121120593 0.00646375615 0 0 0
volume_proxy 1389 -0.0984436242 0.689075725 -0.00545016028 0 0 0
volume_proxy 1390 -1.48013665 0.405999471 -0.00139342259 0 0 0
volume_proxy 1391 0.741767153 -0.0626531262 -0.00287653846 0 0 0
volume_proxy 1392 -0.22541507 -0.923963251 0.00389665533 0 0 0
volume_proxy 1395 1.36775365 0.0681159091 -0.00373303864 0 0 0
volume_proxy 1396 -0.972685361 -0.934942566 0.00792430703 0 0 0
volume_proxy 1397 -0.347778444 0.63172984 0.00905173943 0 0 0
volume_proxy 1398 -1.10064496 0.312914023 0.00571412428 0 0 0
volume_proxy 1401 0.950770423 0.618182038 0.000367158063 0 0 0
volume_proxy 1403 0.602832419 0.0615807003 0.00257471377 0 0 0
volume_proxy 1405 0.795475196 0.255710784 -0.00531373244 0 0 0
volume_proxy 1406 -0.138288782 -0.494905879 0.00352110187 0 0 0
volume_proxy 1407 1.36669587 0.154647528 0.00574328349 0 0 0
volume_proxy 1408 0.0889445601 0.493151771 -0.00209273375 0 0 0
volume_proxy 1409 1.06592567 0.346452169 -0.0103682837 0 0 0
volume_proxy 1410 0.261934973 0.302415627 0.00377350002 0 0 0
volume_proxy 1411 0.843746056 0.812147649 -0.00338245835 0 0 0
volume_proxy 1412 1.02066804 -0.246917922 0.00706587813 0 0 0
volume_proxy 1413 1.02360258 0.738611474 -0.000221212134 0 0 0
volume_proxy 1414 0.975990302 0.846049359 -0.00359339199 0 0 0
