volume_proxy 0 0.544182503 -0.0266464131 0.0102252521 0 0 0
volume_proxy 5 1.07869654 -0.680690667 0.00346678107 0 0 0
volume_proxy 6 -0.38984563 -0.653897618 -0.00759328223 0 0 0
volume_proxy 11 0.75303044 0.281665302 -0.00978916176 0 0 0
volume_proxy 12 0.0583159032 -0.901228856 0.000932743377 0 0 0
volume_proxy 14 -0.857876545 0.103841495 -0.00919068728 0 0 0
volume_proxy 23 0.611534863 -0.782626891 0.000322051786 0 0 0
volume_proxy 38 0.651891392 0.71169929 0.00878907368 0 0 0
volume_proxy 40 -0.0587479603 -0.359507563 -0.00573490689 0 0 0
volume_proxy 50 -0.669713064 -0.641456083 -0.00917980264 0 0 0
volume_proxy 53 -0.638129055 0.669082817 -0.00378609021 0 0 0
volume_proxy 58 0.930074442 -0.95442844 0.00255367878 0 0 0
volume_proxy 60 0.646163769 0.345872497 0.00856500472 0 0 0
volume_proxy 72 0.250951153 -0.309800907 -0.00671214886 0 0 0
volume_proxy 85 -1.06345779 0.263286591 -0.00975946515 0 0 0
volume_proxy 97 0.867741028 -0.0561173537 -0.0051407511 0 0 0
volume_proxy 107 1.40787339 0.442265247 0.0061795472 0 0 0
volume_proxy 127 -1.32608433 -0.0165450816 0.00438858849 0 0 0
volume_proxy 130 1.00039856 0.26597849 -0.00272783203 0 0 0
volume_proxy 140 -0.254418681 0.666388867 -0.00688247516 0 0 0
volume_proxy 157 1.03592694 -0.0496934848 -0.00667402341 0 0 0
volume_proxy 159 0.0578020352 0.999821763 0.0102318955 0 0 0
volume_proxy 161 0.787111417 0.354019283 0.0100958296 0 0 0
volume_proxy 176 0.277461844 0.49283096 0.00851511127 0 0 0
volume_proxy 186 -1.03266297 0.331415469 -0.00452594629 0 0 0
volume_proxy 189 -1.39984194 0.743233339 0.00725478436 0 0 0
volume_proxy 195 -0.657210588 -0.618815015 0.00498060975 0 0 0
volume_proxy 196 0.734412904 -0.57726842 0.0036177012 0 0 0
volume_proxy 200 -0.44253876 -0.800607005 0.00381291729 0 0 0
volume_proxy 202 -1.10490263 0.585324744 -0.00174947737 0 0 0
volume_proxy 209 -1.12685257 0.0573320874 -0.00850766295 0 0 0
volume_proxy 210 -0.932855739 0.623325803 0.00117966781 0 0 0
volume_proxy 226 0.374014615 -0.650153905 -0.00609912793 0 0 0
volume_proxy 236 1.27717551 0.650021717 0.00097146837 0 0 0
volume_proxy 247 1.23150475 0.64394941 -0.00854263935 0 0 0
volume_proxy 256 -0.384394477 0.40734013 -0.00641686839 0 0 0
volume_proxy 259 0.522219567 0.546748053 0.00460340605 0 0 0
volume_proxy 269 -0.110170139 -0.424370867 0.00197026502 0 0 0
volume_proxy 277 -1.48494191 -0.078189113 -0.00403287606 0 0 0
volume_proxy 296 -0.0934614881 -0.732449382 0.00444003253 0 0 0
volume_proxy 305 0.295699033 -0.446723085 -0.00833371886 0 0 0
volume_proxy 310 1.08340751 -0.621565108 0.000553561052 0 0 0
volume_proxy 344 -1.18487624 0.392874677 -0.00670481632 0 0 0
volume_proxy 347 -0.463521612 0.171072025 0.00275246448 0 0 0
volume_proxy 349 -1.05085572 -0.166404513 -0.00279033932 0 0 0
volume_proxy 356 0.184555323 0.834708357 0.00455313488 0 0 0
volume_proxy 375 0.324584321 -0.590279215 0.00377323714 0 0 0
volume_proxy 388 -0.244228437 0.535452436 -0.0020526201 0 0 0
volume_proxy 802 1.1883989 0.495562885 -0.00458600047 0 0 0
volume_proxy 876 0.103747884 -0.395050555 -0.00425104993 0 0 0
volume_proxy 1052 -0.403569656 -0.762334971 0.000232428222 0 0 0
volume_proxy 1066 0.531987974 0.820887388 -0.00929276308 0 0 0
volume_proxy 1120 -0.546702092 0.624410111 -0.00121124479 0 0 0
volume_proxy 1166 -0.446635135 0.748748961 0.0100214773 0 0 0
volume_proxy 1169 0.961857387 -0.740855066 0.00627714186 0 0 0
volume_proxy 1186 -0.85827848 -0.170740441 0.00257914946 0 0 0
volume_proxy 1193 -0.639108179 -0.337307516 0.00386291988 0 0 0
volume_proxy 1225 -0.035266521 -0.237072107 -0.00223186688 0 0 0
volume_proxy 1245 -1.45598073 0.757548474 -0.0101663701 0 0 0
volume_proxy 1280 -1.18099742 0.436291159 0.0102193503 0 0 0
volume_proxy 1285 -0.99369899 0.512538439 -0.00311674758 0 0 0
volume_proxy 1295 -0.480406736 0.524989369 0.000319142233 0 0 0
volume_proxy 1296 0.131444257 0.0406396154 -0.00950134057 0 0 0
volume_proxy 1335 0.64378487 -0.850875624 -0.000386588278 0 0 0
volume_proxy 1340 1.12818494 0.109072237 0.00620488383 0 0 0
volume_proxy 1380 -0.241767988 0.217424721 0.00492717851 0 0 0
volume_proxy 1386 0.0208063801 0.679734924 0.0100718971 0 0 0
volume_proxy 1397 1.06846396 0.57829289 -0.0105141014 0 0 0
volume_proxy 1409 0.733894587 0.983903384 0.00739285178 0 0 0
volume_proxy 1413 1.05626741 0.488828315 0.00517617099 0 0 0
volume_proxy 1420 -1.31940129 -0.0700091282 -0.00106410812 0 0 0
volume_proxy 1421 -1.29437471 -0.284599859 -0.0010907976 0 0 0
volume_proxy 1422 1.2934849 -0.882704008 0.000165432099 0 0 0
volume_proxy 1426 0.71491893 -0.0247990018 -0.0083456646 0 0 0
volume_proxy 1429 1.07881173 -0.142037192 0.010398916 0 0 0
volume_proxy 1433 1.36895911 0.619655666 -0.00758341774 0 0 0
volume_proxy 1434 -0.0198041486 -0.741647351 -0.00494639385 0 0 0
volume_proxy 1437 -0.135434557 -0.0629993222 -0.00302398214 0 0 0
volume_proxy 1439 -0.522918914 0.678233992 0.00216385375 0 0 0
volume_proxy 1440 1.02975778 -0.528263283 0.00873583519 0 0 0
volume_proxy 1444 -0.642840352 -0.887325934 0.00977614527 0 0 0
volume_proxy 1445 0.133215396 -0.801590974 0.000272072731 0 0 0
volume_proxy 1447 0.847904434 -0.762416633 0.00413753188 0 0 0
volume_proxy 1459 -0.736654868 0.343117888 -0.0106397348 0 0 0
volume_proxy 1460 0.886657498 -0.0353230567 -0.00816171497 0 0 0
volume_proxy 1461 -1.28514012 0.468967585 0.0103260908 0 0 0
volume_proxy 1462 -0.863225593 -0.0786960993 -0.00498852012 0 0 0
volume_proxy 1466 -0.436528733 -0.663485022 -0.00990401092 0 0 0
volume_proxy 1470 -1.45873682 -0.555006059 0.00183331324 0 0 0
volume_proxy 1471 -0.00783572045 0.520548755 0.00766026803 0 0 0
volume_proxy 1472 -0.839207499 0.494874516 -0.00380149461 0 0 0
volume_proxy 1474 0.730180867 -0.3641992 -0.00678775608 0 0 0
volume_proxy 1481 1.26053116 0.610428075 0.00316232106 0 0 0
volume_proxy 1482 0.746751911 -0.830317461 0.0066058265 0 0 0
volume_proxy 1485 0.418784982 -0.451794945 0.00644265927 0 0 0
volume_proxy 1486 1.22036137 -0.574047713 -0.00636036423 0 0 0
volume_proxy 1489 -0.700611434 0.388741237 0.000964598665 0 0 0
volume_proxy 1490 1.10959688 0.642101221 0.000339050769 0 0 0
volume_proxy 1492 0.157964279 0.651968276 -0.00425412875 0 0 0
volume_proxy 1493 0.0321560698 0.381448484 -0.00929858496 0 0 0
volume_proxy 1494 1.15598089 0.65132698 0.00417169344 0 0 0
volume_proxy 1496 -1.13246579 0.423917029 -0.00650361817 0 0 0
volume_proxy 1497 0.00248808481 0.017823593 -0.00783865548 0 0 0
volume_proxy 1498 -1.3082322 0.498961493 0.0075994726 0 0 0
volume_proxy 1501 -0.958557383 -0.877312298 -0.00194402155 0 0 0
volume_proxy 1502 -1.0457671 -0.934604718 0.00364179085 0 0 0
volume_proxy 1503 -0.401898435 -0.0452564581 -0.0077189714 0 0 0
volume_proxy 1505 -0.148054633 0.950372057 -0.00908803561 0 0 0
volume_proxy 1506 0.33517769 0.619845972 -0.0012755949 0 0 0
volume_proxy 1507 -1.07293766 -0.615714358 0.00616477221 0 0 0
volume_proxy 1508 -0.500248128 -0.968042009 0.005755814 0 0 0
volume_proxy 1509 -1.42766202 0.652932779 -0.00146515756 0 0 0
volume_proxy 1510 0.478456832 -0.476049326 0.00142226526 0 0 0
volume_proxy 1511 1.13165942 0.403524651 0.00167071911 0 0 0
volume_proxy 1512 -0.966192035 0.354730961 0.00343176396 0 0 0
volume_proxy 1513 -0.744226064 0.887815933 -0.00361624842 0 0 0
volume_proxy 1514 -0.945627158 0.346796153 0.00811599903 0 0 0
volume_proxy 1515 0.296004701 0.524144607 0.000882224988 0 0 0
