volume_proxy 0 0.0539998004 0.62108607 0.00680787641 0 0 0
volume_proxy 6 -0.0940134944 0.656821661 0.00839907857 0 0 0
volume_proxy 11 1.16919276 0.806787976 0.00228328371 0 0 0
volume_proxy 12 0.703175967 -0.112039038 -0.0033590499 0 0 0
volume_proxy 14 -0.9090588 0.530652378 0.000196038994 0 0 0
volume_proxy 23 1.16163266 -0.940211419 -0.00674020123 0 0 0
volume_proxy 38 -0.896372019 -0.895094506 0.000834050892 0 0 0
volume_proxy 40 -1.12877063 0.0846298293 0.00645475954 0 0 0
volume_proxy 50 -0.965767384 -0.612911915 -0.00998539309 0 0 0
volume_proxy 53 -1.19297393 0.593364144 -0.00947968505 0 0 0
volume_proxy 58 0.558897762 -0.908114284 0.00176563789 0 0 0
volume_proxy 60 0.186201613 0.242781845 -0.00066198811 0 0 0
volume_proxy 85 -0.80756546 0.834100381 0.00756849853 0 0 0
volume_proxy 97 0.415274434 0.937855651 0.00555996742 0 0 0
volume_proxy 107 1.39974893 -0.0322523636 -0.00486075876 0 0 0
volume_proxy 127 -1.38871879 -0.979009324 0.00416228756 0 0 0
volume_proxy 130 0.430351886 0.802439901 0.00634210151 0 0 0
volume_proxy 140 -0.920998874 0.616303271 -0.00729783038 0 0 0
volume_proxy 157 0.741204695 0.14680296 0.00231567752 0 0 0
volume_proxy 159 1.36505627 0.505277698 0.00250039345 0 0 0
volume_proxy 161 0.0917172284 0.668218495 0.00924434388 0 0 0
volume_proxy 176 1.31640315 -0.261028082 -0.0024597455 0 0 0
volume_proxy 186 -0.579415952 -0.505492639 0.00961923171 0 0 0
volume_proxy 189 -1.15418104 0.567678688 0.0043539897 0 0 0
volume_proxy 195 -1.30685214 -0.886842642 -0.00152607415 0 0 0
volume_proxy 196 0.583962412 0.0587595157 -0.00866003799 0 0 0
volume_proxy 200 -0.743074334 -0.496919312 0.0104477149 0 0 0
volume_proxy 202 0.697038695 0.757631991 0.00446896319 0 0 0
volume_proxy 209 -0.929792475 -0.108821871 0.00129579848 0 0 0
volume_proxy 210 -0.708094448 0.664596991 0.000479937384 0 0 0
volume_proxy 226 -0.113688013 -0.466979569 -0.00719428518 0 0 0
volume_proxy 236 1.29689498 -0.338021061 0.00959746739 0 0 0
volume_proxy 247 1.14507859 0.697158847 -0.00447261019 0 0 0
volume_proxy 256 -0.771778926 0.446466819 -0.00299672523 0 0 0
volume_proxy 259 0.272270123 0.998178601 0.00172318113 0 0 0
volume_proxy 269 -0.802920096 0.301569832 0.0037785134 0 0 0
volume_proxy 277 -1.3325169 -0.197790891 -0.000691691403 0 0 0
volume_proxy 296 -1.22923568 0.733507857 0.010111405 0 0 0
volume_proxy 305 0.876032432 -0.585005911 0.00285941241 0 0 0
volume_proxy 310 -0.369918395 -0.123936963 0.00907616992 0 0 0
volume_proxy 344 -1.01252791 -0.0535522627 -0.0102213121 0 0 0
volume_proxy 347 0.105809178 0.922893694 -0.0058264302 0 0 0
volume_proxy 356 -0.845019279 0.562806392 -0.00890074125 0 0 0
volume_proxy 375 0.754586487 -0.616562652 0.0100311261 0 0 0
volume_proxy 388 1.29603626 -0.00871650999 -0.0106418075 0 0 0
volume_proxy 802 0.793181691 0.0399967165 -0.00278654519 0 0 0
volume_proxy 1052 -0.650986446 -0.768924711 -0.00984702339 0 0 0
volume_proxy 1066 -0.368146244 0.0802733359 0.00901848297 0 0 0
volume_proxy 1120 -0.320261814 -0.167034773 0.00724711057 0 0 0
volume_proxy 1166 -0.939632838 0.159793035 -0.00550654768 0 0 0
volume_proxy 1193 -1.23200313 -0.98784337 -0.00519224693 0 0 0
volume_proxy 1225 -0.189105217 -0.12656704 -0.00285115068 0 0 0
volume_proxy 1245 -1.39203253 -0.378544911 0.00642891222 0 0 0
volume_proxy 1280 -0.626540128 0.823826708 0.00846882057 0 0 0
volume_proxy 1285 -1.03303364 0.239241222 0.00468654616 0 0 0
volume_proxy 1295 -0.00571416928 0.137123129 0.00912845035 0 0 0
volume_proxy 1296 0.211253085 -0.568710691 -0.00624013968 0 0 0
volume_proxy 1340 0.990591863 0.991993386 -0.000551367717 0 0 0
volume_proxy 1380 -0.402577034 0.26899519 0.00911424168 0 0 0
volume_proxy 1386 1.44287188 0.396354962 0.00299696536 0 0 0
volume_proxy 1397 0.862096035 0.595815321 0.0106826656 0 0 0
volume_proxy 1409 -0.281956066 0.291993844 -0.00536067132 0 0 0
volume_proxy 1413 0.565169519 0.921861375 -0.00266238574 0 0 0
volume_proxy 1422 0.678073058 0.0970663618 0.00149930334 0 0 0
volume_proxy 1433 1.30870289 0.875399711 0.00214030198 0 0 0
volume_proxy 1437 -0.0534434462 -0.0425595068 0.00847286285 0 0 0
volume_proxy 1439 0.0433162466 0.981099502 0.0106977088 0 0 0
volume_proxy 1447 0.814010619 -0.000371591188 0.00401927782 0 0 0
volume_proxy 1459 -1.42752265 0.362158975 -0.010331049 0 0 0
volume_proxy 1460 -0.18041592 0.343256219 -0.00814410404 0 0 0
volume_proxy 1461 -0.586776497 0.730628372 0.00653227351 0 0 0
volume_proxy 1466 -0.758552151 -0.175271941 0.00666693106 0 0 0
volume_proxy 1472 -1.07729981 0.658979858 -0.0033649778 0 0 0
volume_proxy 1474 1.07993998 -0.696214517 -0.00610905329 0 0 0
volume_proxy 1481 0.79112641 0.817482658 0.0064158201 0 0 0
volume_proxy 1482 0.894666724 0.0283835149 -0.00275354795 0 0 0
volume_proxy 1485 0.46515873 0.0733219065 0.00448195305 0 0 0
volume_proxy 1489 0.251000807 -0.980580046 0.00268511554 0 0 0
volume_proxy 1490 0.899090757 0.874788134 -0.00536755817 0 0 0
volume_proxy 1494 1.28518613 -0.108433373 -0.00423209676 0 0 0
volume_proxy 1496 -1.20525209 0.2039459 0.00208186602 0 0 0
volume_proxy 1498 -0.282537102 0.298887653 0.00477054056 0 0 0
volume_proxy 1503 -0.122101267 0.184917544 -0.00202883829 0 0 0
volume_proxy 1506 0.492001469 0.938134242 0.0061718824 0 0 0
volume_proxy 1507 -1.17824373 -0.254231857 0.00992328689 0 0 0
volume_proxy 1508 -0.900012357 -0.556931387 0.000586496783 0 0 0
volume_proxy 1509 -1.33372737 0.485957962 -0.00170751051 0 0 0
volume_proxy 1510 0.0197109213 -0.775417242 -0.00186678963 0 0 0
volume_proxy 1511 1.35922431 0.742344899 -0.00117849794 0 0 0
volume_proxy 1513 -1.43589321 0.506792335 0.007574223 0 0 0
volume_proxy 1515 0.624795132 -0.156323708 0.00192925569 0 0 0
volume_proxy 1516 -0.414060054 -0.916296985 0.00773534126 0 0 0
volume_proxy 1517 -0.671517248 -0.537078639 0.00576262367 0 0 0
volume_proxy 1519 0.129137568 -0.11814877 0.00120366817 0 0 0
volume_proxy 1520 0.0870660659 0.0562954673 0.00134159767 0 0 0
volume_proxy 1521 -1.10501696 -0.309007465 -0.000436100542 0 0 0
volume_proxy 1522 0.0724112432 0.956130507 -0.0013590274 0 0 0
volume_proxy 1523 1.31510881 -0.113803908 -0.00889739762 0 0 0
volume_proxy 1525 -0.953051763 0.97178516 3.77804754e-05 0 0 0
volume_proxy 1526 1.40541572 -0.426144299 -0.00366433961 0 0 0
volume_proxy 1528 0.615428774 -0.900342399 0.000575808193 0 0 0
volume_proxy 1529 -0.96083238 -0.092409131 -0.000739548843 0 0 0
volume_proxy 1530 -0.958501885 -0.797748822 0.00750121759 0 0 0
volume_proxy 1531 0.658749045 0.546746248 0.00435257805 0 0 0
volume_proxy 1532 -0.244390251 -0.943359871 0.0103031527 0 0 0
volume_proxy 1533 1.49319734 -0.513747379 -0.00271576954 0 0 0
