volume_proxy 0 0.917804591 0.440728487 -0.0107634772 0 0 0
volume_proxy 5 1.11544506 -0.813544118 0.00553710448 0 0 0
volume_proxy 6 -0.267173938 0.0365699824 0.00125542943 0 0 0
volume_proxy 11 0.773113579 0.527590881 -0.00231378888 0 0 0
volume_proxy 12 0.462457033 -0.73510512 -0.0106271976 0 0 0
volume_proxy 14 -0.958926406 0.41208496 -0.0098814259 0 0 0
volume_proxy 23 1.08237976 -0.840577299 -0.00734472151 0 0 0
volume_proxy 38 0.731557369 0.147195425 -0.0104661632 0 0 0
volume_proxy 40 -0.170047805 -0.264116013 -0.000845029527 0 0 0
volume_proxy 50 -0.907245137 -0.570690189 -0.00316167909 0 0 0
volume_proxy 53 -0.338622936 0.927835137 0.00682860274 0 0 0
volume_proxy 58 0.542473326 -0.916040178 -0.00642039705 0 0 0
volume_proxy 60 0.333429942 0.425780473 -0.00122690467 0 0 0
volume_proxy 72 0.112653975 -0.150194405 0.00735112932 0 0 0
volume_proxy 85 -0.825042194 -0.189512796 -0.0106750362 0 0 0
volume_proxy 97 0.735394873 0.511958202 0.000237036897 0 0 0
volume_proxy 107 1.23803445 0.967913614 -0.0106507414 0 0 0
volume_proxy 127 -1.31349017 0.0979125756 -0.00880865975 0 0 0
volume_proxy 130 1.07050577 0.197459833 0.000784089494 0 0 0
volume_proxy 140 0.136251493 0.772469346 -0.00492339084 0 0 0
volume_proxy 157 1.04601504 0.0111180736 -0.00971569958 0 0 0
volume_proxy 159 0.5366881 0.979677313 0.00642125596 0 0 0
volume_proxy 161 0.779229929 0.287816036 0.00780339272 0 0 0
volume_proxy 176 0.395743659 0.343307833 -0.00877845571 0 0 0
volume_proxy 186 -0.726587383 0.178759542 0.00643834466 0 0 0
volume_proxy 189 -1.04349997 0.996771054 0.00618539805 0 0 0
volume_proxy 195 0.0960765015 -0.767378989 0.0075897002 0 0 0
volume_proxy 196 0.880029386 -0.569552129 0.00438525595 0 0 0
volume_proxy 200 -0.485024761 -0.529261773 0.00938924137 0 0 0
volume_proxy 202 -0.639073048 0.683743769 0.00097735733 0 0 0
volume_proxy 209 -1.27352316 0.222569518 0.0086898189 0 0 0
volume_proxy 210 -1.00363511 0.517418418 -0.00945252472 0 0 0
volume_proxy 226 -0.10337161 -0.954132633 -0.000285436829 0 0 0
volume_proxy 236 1.03373968 0.526145058 0.00042402749 0 0 0
volume_proxy 247 1.27519393 0.804398167 -0.0107098078 0 0 0
volume_proxy 256 -0.597957498 0.799419503 -0.0104838821 0 0 0
volume_proxy 259 0.372082069 0.533474333 0.00319486039 0 0 0
volume_proxy 269 0.0255876215 -0.438854825 -0.000528990003 0 0 0
volume_proxy 277 -1.47936912 0.116881375 0.00604887349 0 0 0
volume_proxy 296 -0.651210632 -0.621632671 -0.00841266756 0 0 0
volume_proxy 305 0.425853395 -0.673493069 0.00243635883 0 0 0
volume_proxy 310 0.642282136 -0.870061964 0.00976978585 0 0 0
volume_proxy 344 -0.941748037 0.68668434 -0.00921277681 0 0 0
volume_proxy 347 -0.455580304 0.170776838 0.00689024544 0 0 0
volume_proxy 356 0.335073977 0.890901138 0.00295495475 0 0 0
volume_proxy 375 0.656108548 -0.814074427 -0.00182341419 0 0 0
volume_proxy 388 0.0151753574 0.456661208 0.00998115178 0 0 0
volume_proxy 802 1.34405859 0.396799337 -0.00605145465 0 0 0
volume_proxy 876 -0.0579760541 -0.332601932 0.0105033552 0 0 0
volume_proxy 1052 -0.687998569 -0.992485115 0.0107769026 0 0 0
volume_proxy 1066 0.309481366 0.594391795 0.00921091711 0 0 0
volume_proxy 1120 -0.866147401 0.625227083 0.00536468428 0 0 0
volume_proxy 1166 -0.515391407 0.548889359 -0.00937454972 0 0 0
volume_proxy 1169 0.939862762 -0.810678417 -0.000119125422 0 0 0
volume_proxy 1186 -0.979385405 0.13068475 0.0102880696 0 0 0
volume_proxy 1193 -0.987427575 -0.713356497 0.00236859827 0 0 0
volume_proxy 1225 -0.240977277 -0.330698736 0.0100287776 0 0 0
volume_proxy 1245 -1.36534034 0.805442936 0.00897101738 0 0 0
volume_proxy 1280 -1.13639552 0.410809172 -0.0104530833 0 0 0
volume_proxy 1285 -0.86269211 0.476160862 0.00485442304 0 0 0
volume_proxy 1295 -0.558986617 0.552839727 -0.00732996717 0 0 0
volume_proxy 1296 0.190876087 0.0299076597 -0.00127514644 0 0 0
volume_proxy 1335 0.766359417 -0.628579303 0.0029675606 0 0 0
volume_proxy 1340 1.27845928 0.0746940547 -0.000852699576 0 0 0
volume_proxy 1380 -0.274301913 0.0743732081 0.00743662959 0 0 0
volume_proxy 1386 0.23602104 0.587411339 0.00531054915 0 0 0
volume_proxy 1397 1.16854213 0.248737987 0.00801676776 0 0 0
volume_proxy 1409 0.735453375 0.866031201 0.00483511365 0 0 0
volume_proxy 1413 1.38450109 0.659405012 -0.006942209 0 0 0
volume_proxy 1420 -1.47664623 -0.0591091094 0.00269349548 0 0 0
volume_proxy 1422 1.28693315 -0.999638185 -0.00216015234 0 0 0
volume_proxy 1426 0.981293216 0.0581685335 0.00361522055 0 0 0
volume_proxy 1429 1.08015826 -0.230557519 0.00299095093 0 0 0
volume_proxy 1433 1.3675618 0.499979619 0.00737511789 0 0 0
volume_proxy 1434 -0.22856375 -0.786166227 -0.000215014056 0 0 0
volume_proxy 1437 -0.386544268 -0.135006241 0.00510354989 0 0 0
volume_proxy 1439 -0.634348437 0.76928404 -0.007257838 0 0 0
volume_proxy 1440 1.10503584 -0.598981058 -0.00437637418 0 0 0
volume_proxy 1445 -0.213256715 -0.993725134 0.00313740793 0 0 0
volume_proxy 1447 0.847351604 -0.416657682 -0.00191371375 0 0 0
volume_proxy 1459 -1.07334523 0.098202417 -1.11107325e-05 0 0 0
volume_proxy 1460 1.22985208 0.485209453 -0.0100451662 0 0 0
volume_proxy 1461 -1.48344662 0.5211772 0.00156694469 0 0 0
volume_proxy 1462 -1.02816541 -0.1131525 0.0102926907 0 0 0
volume_proxy 1466 -1.04493127 -0.0840410917 -0.00415079019 0 0 0
volume_proxy 1470 -1.44882872 -0.737260001 0.00185775489 0 0 0
volume_proxy 1471 -0.245542178 0.709933669 0.000903814542 0 0 0
volume_proxy 1472 -1.09289061 0.655374336 0.010665516 0 0 0
volume_proxy 1474 0.491650839 -0.453551414 -0.000647597917 0 0 0
volume_proxy 1481 1.1125524 0.750599506 0.00848863062 0 0 0
volume_proxy 1482 0.522475454 -0.667688637 0.00921600074 0 0 0
volume_proxy 1485 0.164646091 -0.525716902 0.007432174 0 0 0
volume_proxy 1486 1.00260411 -0.368075022 0.00305771569 0 0 0
volume_proxy 1489 -0.579382456 0.367889887 0.000599750667 0 0 0
volume_proxy 1490 1.25998433 0.892888964 -0.00386415039 0 0 0
volume_proxy 1492 0.482553476 0.600797964 0.00563334586 0 0 0
volume_proxy 1493 0.24945797 0.356145492 -0.00866821238 0 0 0
volume_proxy 1494 1.14955367 0.536313998 -0.00127688522 0 0 0
volume_proxy 1496 -1.1962915 0.174305205 -0.00627643613 0 0 0
volume_proxy 1497 -0.0106464431 -0.130959563 0.0059525539 0 0 0
volume_proxy 1498 -1.30957416 0.378124685 -0.00472599847 0 0 0
volume_proxy 1501 -0.926355774 -0.785419622 -0.000778252433 0 0 0
volume_proxy 1503 -0.233425968 0.113936053 0.0049613981 0 0 0
volume_proxy 1505 -0.162345263 0.809538965 -0.00732784564 0 0 0
volume_proxy 1506 0.510929611 0.942527342 0.00456416595 0 0 0
volume_proxy 1507 -1.39699573 -0.555843586 -0.000305217642 0 0 0
volume_proxy 1508 -0.706126146 -0.990394475 -0.00936688417 0 0 0
volume_proxy 1509 -1.48567405 0.500135817 0.00932828426 0 0 0
volume_proxy 1510 0.647909222 -0.480982667 -0.0026889191 0 0 0
volume_proxy 1511 1.16197895 0.447001398 0.00421227043 0 0 0
volume_proxy 1512 -1.18458187 0.511618839 0.00135247058 0 0 0
volume_proxy 1513 -0.811330495 0.750889951 0.00420268049 0 0 0
volume_proxy 1514 -1.44966594 0.102172161 0.00640661302 0 0 0
volume_proxy 1515 0.500336478 0.530567868 0.00400157411 0 0 0
volume_proxy 1516 -0.898201543 -0.77484347 0.00264306848 0 0 0
volume_proxy 1517 -0.943030166 -0.336709841 0.00276537984 0 0 0
