volume_proxy 0 -0.518188989 -0.649570712 0.000898228581 0 0 0
volume_proxy 6 -0.480157771 0.0516959872 -0.000938734137 0 0 0
volume_proxy 11 0.863285165 0.465112228 0.00535438162 0 0 0
volume_proxy 12 1.12264097 -0.661910296 -0.0101891473 0 0 0
volume_proxy 14 -1.45718443 0.90892997 0.0106840703 0 0 0
volume_proxy 23 1.45235743 -0.365238818 -0.00219651563 0 0 0
volume_proxy 38 -0.862881321 -0.991984998 0.0083965971 0 0 0
volume_proxy 40 -1.44205887 -0.200804127 -0.00996680846 0 0 0
volume_proxy 50 -1.40191169 -0.482590657 0.00816210195 0 0 0
volume_proxy 53 -1.36639934 0.868235201 -0.0037546189 0 0 0
volume_proxy 58 0.658490581 -0.329982759 -0.00863376754 0 0 0
volume_proxy 60 -0.450392823 0.804881462 0.00204523308 0 0 0
volume_proxy 85 -0.823541455 0.761929372 0.00855929634 0 0 0
volume_proxy 97 0.598903263 0.581161879 -0.0018776704 0 0 0
volume_proxy 107 0.0126932054 0.165368053 -0.00251910396 0 0 0
volume_proxy 127 -1.27351726 -0.807492731 0.00678088737 0 0 0
volume_proxy 130 0.016912957 -0.591206643 -0.0061373762 0 0 0
volume_proxy 140 0.41623157 -0.284339085 -0.010145898 0 0 0
volume_proxy 157 0.64305319 0.117428305 0.00456040825 0 0 0
volume_proxy 159 0.0251548482 0.504209382 0.0021171659 0 0 0
volume_proxy 161 -0.307577967 -0.379161517 0.00957058692 0 0 0
volume_proxy 176 0.969199952 0.256724362 0.00253899556 0 0 0
volume_proxy 186 -0.874610109 0.289254458 0.00345765979 0 0 0
volume_proxy 189 -0.580919354 -0.822268709 -0.00969548612 0 0 0
volume_proxy 195 -1.16939017 -0.85294473 -0.00950763405 0 0 0
volume_proxy 196 -1.12448132 -0.103926747 0.0052803425 0 0 0
volume_proxy 200 -1.34229573 0.799005515 -0.00648117798 0 0 0
volume_proxy 202 -0.559606734 -0.109618917 -0.000752619729 0 0 0
volume_proxy 209 -0.936386081 0.156615928 -0.00584793791 0 0 0
volume_proxy 210 0.481035781 0.421451118 -0.00733093409 0 0 0
volume_proxy 226 1.32397026 0.328849922 0.00630608587 0 0 0
volume_proxy 236 0.772015535 -0.363001059 0.00965294772 0 0 0
volume_proxy 247 0.020732618 -0.832764841 0.00936679814 0 0 0
volume_proxy 256 0.698902316 -0.759479946 0.00772533914 0 0 0
volume_proxy 259 0.812275488 -0.336323203 -0.00670061086 0 0 0
volume_proxy 269 -1.28032718 0.732829339 0.00211581706 0 0 0
volume_proxy 277 -1.07456903 -0.235253249 0.00781070828 0 0 0
volume_proxy 296 -0.963265426 0.155717557 0.00523468394 0 0 0
volume_proxy 305 0.460185742 -0.85205157 0.00167373601 0 0 0
volume_proxy 310 1.22510039 0.782246684 0.0106358021 0 0 0
volume_proxy 344 -0.789641276 -0.430774608 -0.00616678058 0 0 0
volume_proxy 347 -0.821760441 0.968158744 -0.00468388527 0 0 0
volume_proxy 356 -0.534198959 0.254777882 -0.000952393486 0 0 0
volume_proxy 375 0.841121379 -0.423827365 0.005732175 0 0 0
volume_proxy 388 1.25500829 -0.930565835 0.010454606 0 0 0
volume_proxy 1052 -0.790057077 -0.131908363 0.000618716908 0 0 0
volume_proxy 1066 -0.151389851 0.284718003 -0.00361035723 0 0 0
volume_proxy 1120 -0.474144831 0.868341137 -0.00321419668 0 0 0
volume_proxy 1166 -0.849001589 -0.893111254 0.00631501928 0 0 0
volume_proxy 1193 -1.13545902 -0.040681943 0.00570218829 0 0 0
volume_proxy 1225 -1.31554633 -0.796636677 0.00449970407 0 0 0
volume_proxy 1245 -1.25629455 0.832730772 0.00577724352 0 0 0
volume_proxy 1280 -1.43584448 0.986375665 -0.00970966476 0 0 0
volume_proxy 1285 -0.730913599 0.64400584 -0.0077860258 0 0 0
volume_proxy 1295 0.581959274 0.565709374 -0.000733266658 0 0 0
volume_proxy 1296 -0.413305463 -0.439743679 0.0102346827 0 0 0
volume_proxy 1340 1.13122643 -0.108471124 -0.00824861218 0 0 0
volume_proxy 1380 -1.37713553 -0.15584453 -0.00784695566 0 0 0
volume_proxy 1386 1.15671511 0.845252161 -0.000430758798 0 0 0
volume_proxy 1397 -0.00317436674 0.577624325 -0.000997541884 0 0 0
volume_proxy 1409 0.237452912 0.369920432 0.00613560453 0 0 0
volume_proxy 1413 0.80262236 0.42257517 -0.00396662792 0 0 0
volume_proxy 1422 0.949263022 -0.713541906 -0.00805667819 0 0 0
volume_proxy 1433 1.35549482 0.686100922 -0.00911959266 0 0 0
volume_proxy 1437 -0.343399121 -0.857045106 0.00322822193 0 0 0
volume_proxy 1459 -0.678546354 -0.422301651 0.00221082954 0 0 0
volume_proxy 1460 -0.770884562 0.382704382 -0.00259803604 0 0 0
volume_proxy 1461 -1.13973549 0.509061794 -0.00655301646 0 0 0
volume_proxy 1472 -1.12712921 -0.267196394 0.00173346438 0 0 0
volume_proxy 1474 1.07324673 0.0825207434 0.000356980693 0 0 0
volume_proxy 1481 -0.0853531833 0.264693377 -0.00806080754 0 0 0
volume_proxy 1482 0.705152393 0.442103287 -0.00068868223 0 0 0
volume_proxy 1485 0.856672323 -0.54240957 0.0076883155 0 0 0
volume_proxy 1489 0.215964518 -0.889008901 -0.0106309058 0 0 0
volume_proxy 1490 0.876121613 0.505580363 0.00954478193 0 0 0
volume_proxy 1496 -1.25683106 0.271108858 -0.00621992312 0 0 0
volume_proxy 1498 -0.206823781 -0.376649067 -0.000232779739 0 0 0
volume_proxy 1503 -1.32282685 -0.558122114 -0.00359841526 0 0 0
volume_proxy 1506 0.431665759 0.58318725 0.00388226313 0 0 0
volume_proxy 1507 -0.411709479 -0.714636846 -0.009439974 0 0 0
volume_proxy 1508 -0.786923718 -0.0498268783 -0.0088575643 0 0 0
volume_proxy 1509 -1.28585054 -0.0343207949 -0.000661380234 0 0 0
volume_proxy 1513 -1.49353788 0.302472338 -0.0101720316 0 0 0
volume_proxy 1515 0.18183291 -0.707927589 -0.00913808945 0 0 0
volume_proxy 1516 -0.190143673 -0.784074542 0.0054875827 0 0 0
volume_proxy 1517 -1.18278029 -0.355751505 -0.00373918644 0 0 0
volume_proxy 1519 0.438947666 0.240937439 5.48416754e-05 0 0 0
volume_proxy 1520 0.064593861 -0.555953637 0.00643297114 0 0 0
volume_proxy 1521 -1.47993656 -0.957161972 0.00182166971 0 0 0
volume_proxy 1523 -0.184681868 -0.279733429 -0.0066548682 0 0 0
volume_proxy 1525 -0.698174435 0.760006169 -0.00345823829 0 0 0
volume_proxy 1526 1.46784798 -0.0257741869 -0.00994738327 0 0 0
volume_proxy 1528 1.1773534 -0.723060663 0.00416867366 0 0 0
volume_proxy 1529 -0.937696673 0.0282030633 0.00355643119 0 0 0
volume_proxy 1531 0.344530555 0.953326238 -0.00598908601 0 0 0
volume_proxy 1533 0.917202404 0.246693312 0.00506201285 0 0 0
volume_proxy 1534 -0.852512036 0.184485622 0.00473347838 0 0 0
volume_proxy 1537 -0.717206866 -0.619928427 0.00453955639 0 0 0
volume_proxy 1538 1.21184373 -0.337872097 0.0022906844 0 0 0
volume_proxy 1539 0.365576663 0.782928436 -0.00604360239 0 0 0
volume_proxy 1540 1.32228808 0.0933200242 -0.00774596409 0 0 0
volume_proxy 1541 -0.542705195 -0.851453683 -0.0100916824 0 0 0
