volume_proxy 0 1.45404307 -0.157688811 0.00392413547 0 0 0
volume_proxy 5 0.718891577 0.238057784 -0.00718303093 0 0 0
volume_proxy 6 0.169658343 -0.213865372 0.00629224178 0 0 0
volume_proxy 11 0.759849502 0.219807778 0.0057338002 0 0 0
volume_proxy 12 1.19475307 -0.359145824 0.00300032884 0 0 0
volume_proxy 14 0.164423174 -0.323834676 0.00850335338 0 0 0
volume_proxy 23 0.515056068 -0.621145158 -0.00988608176 0 0 0
volume_proxy 38 0.586068799 -0.123481819 0.00857598531 0 0 0
volume_proxy 40 0.0800690573 -0.62710545 -0.00295841002 0 0 0
volume_proxy 50 -0.191112338 -0.232810955 -0.00964567898 0 0 0
volume_proxy 53 -0.271774736 -0.344408214 -0.00555402436 0 0 0
volume_proxy 58 0.91071207 -0.521167959 0.000594265269 0 0 0
volume_proxy 60 0.814929907 0.64001017 0.000108552349 0 0 0
volume_proxy 61 0.116066946 -0.823136777 0.00598488714 0 0 0
volume_proxy 72 0.235073449 0.239118318 -0.00837365468 0 0 0
volume_proxy 85 -1.33223239 -0.362299351 0.0103485128 0 0 0
volume_proxy 88 -0.991950428 -0.81985278 -0.00873647324 0 0 0
volume_proxy 97 1.35397481 -0.280418422 -0.00976077465 0 0 0
volume_proxy 101 -0.721864499 0.808809049 0.00643638387 0 0 0
volume_proxy 105 0.264688319 -0.389876775 -0.00316126104 0 0 0
volume_proxy 107 1.12671391 0.273924831 -0.00365323472 0 0 0
volume_proxy 108 1.42442422 0.629669104 0.000547511203 0 0 0
volume_proxy 127 -0.817097912 0.960250868 -0.00808400513 0 0 0
volume_proxy 130 1.45764811 0.530510997 0.000253227911 0 0 0
volume_proxy 140 -0.515641559 0.0427555635 0.00955931281 0 0 0
volume_proxy 157 1.0605861 -0.130494778 0.00910647186 0 0 0
volume_proxy 159 0.346546422 -0.391357096 0.00722649863 0 0 0
volume_proxy 161 0.514286611 0.0607334445 0.00577135009 0 0 0
volume_proxy 176 0.786637225 -0.909704533 -0.00593884103 0 0 0
volume_proxy 186 0.35695661 0.346503002 0.00984261912 0 0 0
volume_proxy 189 -1.282515 0.481956738 -0.00487537707 0 0 0
volume_proxy 195 0.0860456222 -0.0774585761 0.00208831493 0 0 0
volume_proxy 196 0.375152731 0.259954943 0.00970042687 0 0 0
volume_proxy 200 -0.31161201 -0.924878864 0.00134716726 0 0 0
volume_proxy 202 -1.31515991 0.494633881 -0.00887831626 0 0 0
volume_proxy 209 -0.770618811 0.0422338327 0.0106566466 0 0 0
volume_proxy 210 -0.87411939 0.0647118786 -0.00884961825 0 0 0
volume_proxy 226 -0.782205924 -0.167205363 0.00565597875 0 0 0
volume_proxy 236 0.256147923 0.91188701 0.00376605802 0 0 0
volume_proxy 247 0.751890905 0.126710775 -0.00174009519 0 0 0
volume_proxy 256 -0.49496851 0.269601159 -0.0048751869 0 0 0
volume_proxy 259 0.135241378 -0.0698790308 0.00219881569 0 0 0
volume_proxy 269 0.336341309 -0.347095069 0.0103077045 0 0 0
volume_proxy 277 -0.966721522 -0.427348198 -0.00652981363 0 0 0
volume_proxy 294 -0.0557346845 0.114605255 -0.0056978192 0 0 0
volume_proxy 296 0.172361843 -0.210820084 0.00446668016 0 0 0
volume_proxy 298 1.25028461 -0.531764469 0.0102400501 0 0 0
volume_proxy 305 0.933488447 -0.877296006 -0.000167430581 0 0 0
volume_proxy 310 0.996963009 0.474838908 -0.00694396665 0 0 0
volume_proxy 329 -0.955518991 -0.881020007 0.00728156239 0 0 0
volume_proxy 337 -0.92332085 0.79238191 0.0024412208 0 0 0
volume_proxy 344 -0.487969505 0.706720036 -0.0075183841 0 0 0
volume_proxy 347 -0.485651986 -0.651767462 -0.000713514467 0 0 0
volume_proxy 349 -0.459518829 0.457330303 0.00172969582 0 0 0
volume_proxy 356 0.392465507 0.490789297 -0.00352827408 0 0 0
volume_proxy 375 1.40151143 -0.276985163 0.0020763899 0 0 0
volume_proxy 388 -1.14607075 0.836412269 0.00637432808 0 0 0
volume_proxy 431 -1.24246375 -0.692676353 0.00133201763 0 0 0
volume_proxy 802 0.982482797 -0.442805358 0.0105331378 0 0 0
volume_proxy 876 0.340194064 -0.987462054 -0.000140981355 0 0 0
volume_proxy 904 -0.208330542 0.262461965 -0.00470882933 0 0 0
volume_proxy 1020 -1.27295721 0.954631907 0.00130835809 0 0 0
volume_proxy 1052 0.287221073 -0.793097567 -0.00893234568 0 0 0
volume_proxy 1066 0.802409775 0.599683829 0.0105349444 0 0 0
volume_proxy 1093 -0.236523035 0.114714952 0.0018769715 0 0 0
volume_proxy 1118 -0.11456335 -0.282241477 0.0065425442 0 0 0
volume_proxy 1120 -0.511042872 0.911473581 -0.0105815519 0 0 0
volume_proxy 1166 -0.535751487 0.626842802 0.0089555125 0 0 0
volume_proxy 1169 1.45338435 -0.958448295 0.00818204665 0 0 0
volume_proxy 1172 -0.0797330648 0.603269472 0.00696268261 0 0 0
volume_proxy 1186 -0.45492522 -0.279807133 -0.00309705897 0 0 0
volume_proxy 1193 -0.84075266 -0.182644196 0.00489287349 0 0 0
volume_proxy 1210 -1.37283611 0.74789103 -0.004580285 0 0 0
volume_proxy 1217 -0.433589173 -0.0388894588 0.00466971295 0 0 0
volume_proxy 1219 -1.0902075 0.903758181 0.00575783404 0 0 0
volume_proxy 1225 0.0338072175 -0.692217222 -0.00686461604 0 0 0
volume_proxy 1230 1.32297807 -0.242993915 0.00218292703 0 0 0
volume_proxy 1245 -1.48589678 0.983441836 0.00346121339 0 0 0
volume_proxy 1270 0.228263639 -0.142870748 -0.00491627956 0 0 0
volume_proxy 1280 -1.25847299 0.538496215 -0.00659389126 0 0 0
volume_proxy 1285 -1.44478644 0.92397596 -0.00758523925 0 0 0
volume_proxy 1292 0.571074769 0.143657204 0.000273508016 0 0 0
volume_proxy 1295 -1.44161423 0.967989454 0.000242646156 0 0 0
volume_proxy 1296 -0.0067905492 -0.00891522297 0.00500146569 0 0 0
volume_proxy 1297 -0.0067105294 -0.88651335 0.000487482968 0 0 0
volume_proxy 1301 -0.94656066 0.573529068 -0.00133427287 0 0 0
volume_proxy 1308 -0.489810079 0.941464175 0.0022620812 0 0 0
volume_proxy 1318 1.30094399 -0.441832408 0.0102972891 0 0 0
volume_proxy 1326 0.203650988 -0.113047173 0.00405644864 0 0 0
volume_proxy 1335 0.173358384 -0.596285744 0.00195316851 0 0 0
volume_proxy 1340 0.830525358 0.445430619 0.0103424155 0 0 0
volume_proxy 1348 1.39892679 -0.56774321 -0.00819522527 0 0 0
volume_proxy 1361 1.16505371 0.788235983 0.00989754036 0 0 0
volume_proxy 1366 0.918832336 0.939358005 -0.000369941415 0 0 0
volume_proxy 1379 0.747479172 0.727873719 -0.010522566 0 0 0
volume_proxy 1380 -0.604662992 0.511953582 0.00145128846 0 0 0
volume_proxy 1381 0.545120317 0.672704278 0.00958520579 0 0 0
volume_proxy 1384 0.374640616 0.10688172 -0.00754956614 0 0 0
volume_proxy 1386 0.847026505 0.880869631 0.00202044929 0 0 0
volume_proxy 1388 0.548739595 0.146342959 0.00803322509 0 0 0
volume_proxy 1390 -1.23532594 0.962356167 -0.0012052281 0 0 0
volume_proxy 1392 -0.00165536558 -0.989766994 0.00757205582 0 0 0
volume_proxy 1395 0.946594797 0.303683377 0.00442958441 0 0 0
volume_proxy 1397 0.516535007 0.589088774 -0.00726081386 0 0 0
volume_proxy 1398 -1.3214691 0.481728046 0.0105427381 0 0 0
volume_proxy 1403 0.889287086 0.0666585226 -0.00943472687 0 0 0
volume_proxy 1405 0.109911095 0.36530949 -0.00818135173 0 0 0
volume_proxy 1408 0.373312015 0.825561367 -0.0101252033 0 0 0
volume_proxy 1409 1.35841355 0.209970569 -0.000237347492 0 0 0
volume_proxy 1413 0.541452078 0.945904051 0.002081837 0 0 0
volume_proxy 1414 0.973934185 0.274784241 0.00270604113 0 0 0
volume_proxy 1418 -1.36779872 -0.106843528 0.00520314395 0 0 0
volume_proxy 1420 -1.22993123 -0.035818427 -0.00267629097 0 0 0
volume_proxy 1421 -1.21054095 -0.14883895 -0.00141835355 0 0 0
volume_proxy 1422 0.910843666 -0.847837805 -0.00986807636 0 0 0
volume_proxy 1423 -0.402024455 0.544846782 0.00606975833 0 0 0
volume_proxy 1425 -0.605051202 -0.969640197 -0.00971584847 0 0 0
volume_proxy 1426 0.746719973 -0.271507985 -0.00965809848 0 0 0
volume_proxy 1428 -0.159624424 0.534971129 -0.0087136119 0 0 0
volume_proxy 1429 1.27547166 -0.106084987 0.00735300248 0 0 0
volume_proxy 1433 0.997541145 0.186574225 0.00854069375 0 0 0
volume_proxy 1434 0.730313398 -0.448258819 0.00944875784 0 0 0
volume_proxy 1436 -0.855508209 -0.967123113 0.000628451157 0 0 0
volume_proxy 1437 -0.238276097 -0.229796779 -0.000877469176 0 0 0
volume_proxy 1439 -1.0114368 0.898219816 -0.00589088333 0 0 0
volume_proxy 1440 0.0317936645 -0.44484877 0.00257421901 0 0 0
volume_proxy 1441 0.159401737 -0.975828767 -0.0017906946 0 0 0
volume_proxy 1444 -0.964374372 -0.738158946 0.000891822989 0 0 0
volume_proxy 1445 0.479783325 -0.71288658 0.00988829668 0 0 0
volume_proxy 1447 1.41126218 -0.739004529 -0.00030593501 0 0 0
volume_proxy 1448 0.392212946 -0.418262123 -0.00470319432 0 0 0
volume_proxy 1454 -1.03457333 -0.961024247 0.00282507216 0 0 0
volume_proxy 1456 -0.114362787 -0.159930313 0.000691592024 0 0 0
volume_proxy 1457 0.83255525 0.971895785 -0.00235757861 0 0 0
volume_proxy 1458 0.225055644 -0.895430103 0.00880207754 0 0 0
volume_proxy 1459 -1.27543339 0.938589228 0.0100555484 0 0 0
volume_proxy 1460 0.945120276 0.482330267 -0.00380179879 0 0 0
volume_proxy 1461 -1.46216906 0.360996371 -0.00101525659 0 0 0
volume_proxy 1462 -0.908382603 -0.838742913 -0.00815061273 0 0 0
volume_proxy 1464 -0.803630771 -0.965912085 -0.00680699883 0 0 0
volume_proxy 1465 1.32204488 -0.67305354 -0.00182773429 0 0 0
volume_proxy 1466 -1.24029004 -0.598475005 0.00877454023 0 0 0
volume_proxy 1470 -1.35299624 -0.596152892 -0.0070928098 0 0 0
volume_proxy 1471 0.209004658 0.924181505 -0.0046530563 0 0 0
volume_proxy 1472 -0.23766797 0.667416831 0.0096081057 0 0 0
volume_proxy 1473 -0.350719233 0.86323983 -0.00642545693 0 0 0
volume_proxy 1474 1.15363021 -0.594839247 0.00700122609 0 0 0
