volume_proxy 0 1.128004 0.153479048 0.00863101224 0 0 0
volume_proxy 5 0.716871845 -0.348442387 0.00334940566 0 0 0
volume_proxy 6 -0.17391367 -0.302860389 -0.00889303001 0 0 0
volume_proxy 11 0.678572574 0.10614905 -0.000675240775 0 0 0
volume_proxy 12 0.338468136 -0.358967983 -0.00291730457 0 0 0
volume_proxy 14 -0.00587514365 0.354889806 -0.0057998007 0 0 0
volume_proxy 23 1.01697113 -0.602687806 0.00105495032 0 0 0
volume_proxy 38 0.389962648 0.591840374 -0.00530527019 0 0 0
volume_proxy 40 -0.0200421841 -0.0834351802 0.00620288393 0 0 0
volume_proxy 50 -0.845021385 -0.679556802 0.00547092498 0 0 0
volume_proxy 53 -0.830664389 0.435574901 -0.00349285583 0 0 0
volume_proxy 58 1.1188116 -0.489359299 -0.00826967074 0 0 0
volume_proxy 60 1.15632372 0.0865312384 0.0102407828 0 0 0
volume_proxy 72 -0.0187889247 0.188617914 0.000930630963 0 0 0
volume_proxy 85 -0.990694298 0.403211232 -0.00897291734 0 0 0
volume_proxy 97 0.954367611 0.275481678 0.000695202658 0 0 0
volume_proxy 105 1.29500776 -0.282504695 -0.00216591173 0 0 0
volume_proxy 107 1.21187803 0.927458207 -0.00793303766 0 0 0
volume_proxy 127 -1.30313949 0.597489948 -0.00211707864 0 0 0
volume_proxy 130 1.31953778 0.316226636 0.00341426396 0 0 0
volume_proxy 140 -0.601364891 0.736453178 0.000166004831 0 0 0
volume_proxy 157 1.46406576 0.104849698 0.00447384942 0 0 0
volume_proxy 159 0.0435390406 0.808172471 0.00283431208 0 0 0
volume_proxy 161 0.478547669 0.251708005 0.00346993238 0 0 0
volume_proxy 176 0.155646826 -0.245170685 0.00757584142 0 0 0
volume_proxy 186 -0.945546501 0.745174895 0.00592828637 0 0 0
volume_proxy 189 -0.975430641 0.819550541 -0.00379116236 0 0 0
volume_proxy 195 -0.185195183 -0.179137792 -0.007981168 0 0 0
volume_proxy 196 0.389112014 -0.396916798 0.0096278549 0 0 0
volume_proxy 200 -0.332059268 -0.776116051 -0.000616502345 0 0 0
volume_proxy 202 -1.18830693 0.367100125 0.00305639075 0 0 0
volume_proxy 209 -1.44796228 -0.0769935355 -0.00775919732 0 0 0
volume_proxy 210 -0.708185434 0.844780003 -0.00173368884 0 0 0
volume_proxy 226 0.425800626 -0.660315515 0.00181447273 0 0 0
volume_proxy 236 0.854963504 0.737266276 0.00376976684 0 0 0
volume_proxy 247 0.753000074 0.76949405 0.0043710698 0 0 0
volume_proxy 256 -0.581509751 0.645736931 0.00156016599 0 0 0
volume_proxy 259 0.490825173 -0.0446810283 -0.000197340527 0 0 0
volume_proxy 269 0.3137726 -0.456435326 0.00989216065 0 0 0
volume_proxy 277 -1.00802525 -0.208692229 0.00796720093 0 0 0
volume_proxy 296 0.398395881 -0.319503185 -0.00857351003 0 0 0
volume_proxy 305 0.129698778 -0.471877871 -0.00882892183 0 0 0
volume_proxy 310 1.21989535 -0.343343568 0.006189531 0 0 0
volume_proxy 329 -1.21952069 -0.197376348 -0.00823951463 0 0 0
volume_proxy 337 -0.565995735 0.667556502 0.00678262546 0 0 0
volume_proxy 344 -1.37264146 0.782604997 0.000516027513 0 0 0
volume_proxy 347 -0.530468696 0.397794514 0.00341868665 0 0 0
volume_proxy 349 -0.761445843 -0.0330374242 -0.00153973807 0 0 0
volume_proxy 356 -0.108460468 0.71153945 -0.00416737829 0 0 0
volume_proxy 375 0.466292485 -0.915988847 0.000744485329 0 0 0
volume_proxy 388 -0.765827549 0.326333052 0.0105163878 0 0 0
volume_proxy 431 -1.40301436 -0.127683414 -0.00691203183 0 0 0
volume_proxy 802 1.13618327 0.659436724 -0.000878322929 0 0 0
volume_proxy 876 0.436724581 -0.877325998 0.00368608884 0 0 0
volume_proxy 1052 0.0579828543 -0.637885548 0.00457046312 0 0 0
volume_proxy 1066 0.118443378 0.657084094 0.00420593293 0 0 0
volume_proxy 1120 -0.321758487 0.436475173 -0.00263830021 0 0 0
volume_proxy 1166 -0.55797069 0.831323049 0.00317294817 0 0 0
volume_proxy 1169 1.38307808 -0.85543429 0.0105105287 0 0 0
volume_proxy 1172 -0.0806453096 0.614069192 -0.000566319908 0 0 0
volume_proxy 1186 -0.433496749 -0.313678173 -0.00432516129 0 0 0
volume_proxy 1193 -0.629681724 0.220886566 -0.00794174961 0 0 0
volume_proxy 1219 -0.632935686 0.508743881 0.00774985507 0 0 0
volume_proxy 1225 0.285869237 -0.291239754 0.00358959893 0 0 0
volume_proxy 1245 -1.32074621 0.914084354 0.00705706252 0 0 0
volume_proxy 1280 -1.46186534 0.740931437 -0.0025105588 0 0 0
volume_proxy 1285 -1.29466862 0.990372393 -0.00031832743 0 0 0
volume_proxy 1295 -0.908092469 0.974967308 0.00296569589 0 0 0
volume_proxy 1296 0.45889164 0.10404052 -0.00279749074 0 0 0
volume_proxy 1326 0.705061065 -0.799320843 0.00904079201 0 0 0
volume_proxy 1335 0.20824054 -0.636546758 -0.00891431049 0 0 0
volume_proxy 1340 1.01421204 0.240617302 -0.0101925299 0 0 0
volume_proxy 1380 -0.153398863 0.132590009 0.00314084997 0 0 0
volume_proxy 1386 0.0704905617 0.73595529 -0.00317470713 0 0 0
volume_proxy 1397 0.923230454 0.928541763 0.00427712806 0 0 0
volume_proxy 1403 0.507344537 0.316463486 0.00222324311 0 0 0
volume_proxy 1409 0.926247929 0.809490906 0.00102299634 0 0 0
volume_proxy 1413 0.673359308 0.837431684 -0.0009989455 0 0 0
volume_proxy 1418 -1.07170105 0.242897981 -0.0037907474 0 0 0
volume_proxy 1420 -1.47979414 -0.0836833495 0.00854758567 0 0 0
volume_proxy 1421 -1.31948281 -0.269296309 -0.00552577967 0 0 0
volume_proxy 1422 1.24603726 -0.960659857 0.00614462289 0 0 0
volume_proxy 1423 -0.625347403 0.809622688 0.00961978129 0 0 0
volume_proxy 1426 0.799288711 -0.596706854 0.00720568883 0 0 0
volume_proxy 1429 1.17142996 -0.167082542 -0.000511398807 0 0 0
volume_proxy 1433 1.0530218 0.427905811 -0.0101806693 0 0 0
volume_proxy 1434 0.142445394 -0.553770762 0.00518472227 0 0 0
volume_proxy 1437 -0.0885791592 -0.209405221 0.00684188062 0 0 0
volume_proxy 1439 -0.293947767 0.791707481 0.00398761003 0 0 0
volume_proxy 1440 0.46518957 -0.3222304 0.00837608982 0 0 0
volume_proxy 1444 -1.32319965 -0.94540002 -0.00408358858 0 0 0
volume_proxy 1445 -0.0134529022 -0.648410071 -0.0104712183 0 0 0
volume_proxy 1447 1.46510505 -0.429053258 -0.00994515082 0 0 0
volume_proxy 1459 -0.610499335 0.660679247 0.00977039262 0 0 0
volume_proxy 1460 0.850478422 0.11309637 0.0107850596 0 0 0
volume_proxy 1461 -0.997748465 0.597368896 0.00716211706 0 0 0
volume_proxy 1462 -1.12509026 -0.310310521 0.00966250191 0 0 0
volume_proxy 1466 -0.536799628 -0.87645201 0.00657748212 0 0 0
volume_proxy 1470 -1.16871922 -0.748374048 0.00233878924 0 0 0
volume_proxy 1471 0.132494997 0.591217078 -0.00101471821 0 0 0
volume_proxy 1472 -1.09684441 0.911228351 -0.00266331106 0 0 0
volume_proxy 1474 1.16231717 -0.842177772 0.00714900813 0 0 0
volume_proxy 1475 0.961886653 -0.016716169 -0.00515173138 0 0 0
volume_proxy 1481 1.25744764 0.677125103 -0.00405591962 0 0 0
volume_proxy 1482 0.451229167 -0.996255798 -0.00476620366 0 0 0
volume_proxy 1485 0.227199362 -0.651576565 -0.00554899694 0 0 0
volume_proxy 1486 1.16998255 -0.493596127 0.000771385279 0 0 0
volume_proxy 1489 -0.332873516 0.696944211 -0.00508244958 0 0 0
volume_proxy 1490 1.32524346 0.722127282 0.00456206705 0 0 0
volume_proxy 1492 0.21027254 0.603034585 -0.0073651626 0 0 0
volume_proxy 1493 0.340541162 0.309568132 0.010703123 0 0 0
volume_proxy 1494 0.946216754 0.774081368 -0.00662027043 0 0 0
volume_proxy 1495 0.737830355 -0.635814656 0.00704888174 0 0 0
volume_proxy 1496 -0.656701086 0.220316485 0.00316687307 0 0 0
volume_proxy 1497 0.290189351 0.447988459 -0.00122749606 0 0 0
volume_proxy 1498 -1.25070412 0.713364588 -0.00637502307 0 0 0
volume_proxy 1501 -0.883519145 -0.937554001 0.00674588266 0 0 0
volume_proxy 1502 -1.00316019 -0.450215726 -0.00875567794 0 0 0
volume_proxy 1503 -0.587644875 0.0446868993 0.00486926855 0 0 0
volume_proxy 1505 -0.0892359054 0.812203079 0.0043922095 0 0 0
volume_proxy 1506 0.193402825 0.546339832 -0.00791336784 0 0 0
volume_proxy 1507 -0.845110055 -0.433150489 -0.00806597706 0 0 0
volume_proxy 1508 -0.147625986 -0.81421722 -0.00249390532 0 0 0
volume_proxy 1509 -1.23628926 0.900466126 -0.00188432918 0 0 0
