volume_proxy 0 1.04961031 -0.0504645506 -0.0102388679 0 0 0
volume_proxy 4 1.0978426 0.451618092 0.00973461886 0 0 0
volume_proxy 5 -0.620612036 0.0892525792 -0.00746521399 0 0 0
volume_proxy 6 1.29195429 0.272792313 -2.15327809e-05 0 0 0
volume_proxy 11 -0.809148308 0.861097271 0.00228818625 0 0 0
volume_proxy 12 0.370723124 -0.181538546 0.00714024891 0 0 0
volume_proxy 13 -1.13809091 -0.897153015 0.00966311869 0 0 0
volume_proxy 14 0.552187109 0.20441214 0.00442974988 0 0 0
volume_proxy 15 -0.516346336 -0.890791202 -0.00556130236 0 0 0
volume_proxy 17 -0.59790327 -0.0942896652 0.0100708096 0 0 0
volume_proxy 22 0.868908338 0.615963543 0.00296120541 0 0 0
volume_proxy 23 -0.81215062 -0.107057441 -0.00704475163 0 0 0
volume_proxy 31 -0.82700462 0.434408729 -0.00307059633 0 0 0
volume_proxy 36 0.683677009 0.861343169 0.00530860373 0 0 0
volume_proxy 38 0.434001381 0.111834549 -0.00432148757 0 0 0
volume_proxy 40 0.040164311 -0.746350421 0.0101088158 0 0 0
volume_proxy 46 0.523418341 -0.551007589 -0.00716814544 0 0 0
volume_proxy 47 0.819458278 0.0283651205 0.00870795081 0 0 0
volume_proxy 49 0.164039389 -0.414768542 -0.00199816552 0 0 0
volume_proxy 50 0.0100542997 -0.894994267 0.00109948905 0 0 0
volume_proxy 52 -1.21778164 -0.557698604 0.00473569453 0 0 0
volume_proxy 53 0.28993148 -0.761974014 -0.00163978377 0 0 0
volume_proxy 57 -1.43562875 0.0279631538 -0.0048541215 0 0 0
volume_proxy 58 0.430683848 -0.616434239 -0.00384641243 0 0 0
volume_proxy 59 -0.854976645 0.811751629 0.0073952248 0 0 0
volume_proxy 60 -0.193999259 0.617381195 -0.00693481334 0 0 0
volume_proxy 61 -1.41154756 -0.179446434 -0.0104227348 0 0 0
volume_proxy 62 -0.131244761 0.417102862 -0.00575481821 0 0 0
volume_proxy 64 -0.49514317 -0.108946018 0.000662124667 0 0 0
volume_proxy 66 0.570448198 0.722862403 -0.00549640631 0 0 0
volume_proxy 69 -0.698022914 -0.191985794 0.00223870115 0 0 0
volume_proxy 72 0.516984569 -0.0454034071 0.00678935482 0 0 0
volume_proxy 81 -1.36204618 0.342374231 0.000366206232 0 0 0
volume_proxy 85 -0.306004396 0.390968264 -0.0019857832 0 0 0
volume_proxy 87 1.1701251 0.901763553 0.00745477482 0 0 0
volume_proxy 88 -1.2461442 0.323695987 0.00612288522 0 0 0
volume_proxy 94 -0.238203229 -0.720688109 -0.00372474252 0 0 0
volume_proxy 97 0.921882993 -0.06146252 0.00113820371 0 0 0
volume_proxy 101 -0.686845817 0.353840358 -0.00377059887 0 0 0
volume_proxy 102 0.0959011829 -0.41977222 0.00674842914 0 0 0
volume_proxy 103 0.264680763 -0.438869207 0.00605703918 0 0 0
volume_proxy 105 -0.587219872 -0.682064345 0.00356590842 0 0 0
volume_proxy 106 -0.252589216 -0.42975025 0.0079996467 0 0 0
volume_proxy 107 0.17155887 0.383994351 0.000242525258 0 0 0
volume_proxy 108 1.1660257 -0.170330676 0.00167465786 0 0 0
volume_proxy 113 -0.613822006 -0.112135819 -0.00834069398 0 0 0
volume_proxy 125 -0.785771436 -0.0617347285 2.76900035e-05 0 0 0
volume_proxy 126 0.0141793847 -0.712059533 0.0107501041 0 0 0
volume_proxy 127 0.154056431 0.0474798129 -0.00588779405 0 0 0
volume_proxy 130 1.02008218 -0.271713652 -0.00378703802 0 0 0
volume_proxy 131 0.647102733 0.539837872 0.00297674275 0 0 0
volume_proxy 132 0.476049808 0.96750648 0.0102912473 0 0 0
volume_proxy 135 0.713003639 -0.897877838 -0.00981101972 0 0 0
volume_proxy 140 -0.944013053 0.764536684 0.00507828443 0 0 0
volume_proxy 145 -0.589026928 -0.541159688 -0.009671812 0 0 0
volume_proxy 146 1.24855814 -0.324104104 -0.00852395831 0 0 0
volume_proxy 149 -1.3052249 0.919031031 -0.00356706949 0 0 0
volume_proxy 155 0.852373056 0.238265354 -0.0070587767 0 0 0
volume_proxy 157 0.955729108 0.352136842 -0.00746712525 0 0 0
volume_proxy 159 -0.745420668 -0.490053272 -0.00758240262 0 0 0
volume_proxy 161 -0.130765606 0.0431478069 -0.00100457409 0 0 0
volume_proxy 163 -1.44904622 0.243367402 -0.000873857573 0 0 0
volume_proxy 169 0.916523551 0.119828418 0.0063112133 0 0 0
volume_proxy 173 0.0239555582 0.163069802 -0.00201793347 0 0 0
volume_proxy 176 0.135645677 0.132457291 -0.00899892091 0 0 0
volume_proxy 178 -0.742504394 0.101461645 7.61642519e-05 0 0 0
volume_proxy 186 -0.520422137 -0.291255545 0.00213150252 0 0 0
volume_proxy 189 -0.826883035 0.395618335 -0.00962891164 0 0 0
volume_proxy 194 0.178000801 -0.839419958 0.00377204364 0 0 0
volume_proxy 195 -0.911172603 0.372220578 -0.00545304785 0 0 0
volume_proxy 196 0.537147358 0.561792352 0.00132400727 0 0 0
volume_proxy 198 1.18763755 -0.655604088 -0.00980612743 0 0 0
volume_proxy 200 -1.18415369 -0.254822874 -0.0103765995 0 0 0
volume_proxy 201 -1.09608882 0.366846501 -0.00225745697 0 0 0
volume_proxy 202 -0.468162504 0.744562273 -0.00253760804 0 0 0
volume_proxy 206 0.349109164 -0.73156679 0.00719466192 0 0 0
volume_proxy 208 -1.30631485 0.357027178 -0.0100967112 0 0 0
volume_proxy 209 -0.972933215 -0.319204758 -0.0011114421 0 0 0
volume_proxy 210 0.0150956686 0.152780921 0.00711891439 0 0 0
volume_proxy 213 0.17950385 -0.194517897 -0.000894289405 0 0 0
volume_proxy 223 -1.30415836 0.266569104 -0.00802019231 0 0 0
volume_proxy 224 1.34954281 -0.995450207 0.00208845782 0 0 0
volume_proxy 226 -1.06897067 -0.544166311 -0.00992006 0 0 0
volume_proxy 228 -0.20279508 0.265253086 -0.00283070188 0 0 0
volume_proxy 230 0.259435323 0.943341556 -0.00116352881 0 0 0
volume_proxy 232 0.751795981 0.670697959 -0.00407444883 0 0 0
volume_proxy 236 0.822961569 0.27044469 -0.0056443535 0 0 0
volume_proxy 237 0.326484601 0.856941342 -0.00977391838 0 0 0
volume_proxy 242 0.978104399 0.381643888 -0.00696747625 0 0 0
volume_proxy 244 0.64408162 0.580151503 0.00839540933 0 0 0
volume_proxy 247 1.12411189 -0.29082986 0.00239220915 0 0 0
volume_proxy 251 0.47745191 0.791161265 0.00201621459 0 0 0
volume_proxy 256 0.274770579 -0.600672202 0.0104503359 0 0 0
volume_proxy 257 0.198507146 0.448841139 0.00980693603 0 0 0
volume_proxy 258 0.422521455 -0.180305585 0.0096202832 0 0 0
volume_proxy 259 0.416345205 0.103412761 -0.00979591574 0 0 0
volume_proxy 269 0.888683908 -0.122908607 -0.00562616552 0 0 0
volume_proxy 271 -1.48450811 0.82311079 -0.00558845495 0 0 0
volume_proxy 273 1.24053832 0.479967806 0.00174147319 0 0 0
volume_proxy 276 0.505914007 0.13232161 0.00920584296 0 0 0
volume_proxy 277 -0.600990087 -0.565608687 0.000623409815 0 0 0
volume_proxy 279 -0.606310207 -0.788020085 -0.00786063763 0 0 0
volume_proxy 281 -1.35680655 0.909701404 0.00649988024 0 0 0
volume_proxy 284 -0.650595648 0.767473786 0.00266271559 0 0 0
volume_proxy 285 -0.562697986 -0.893274761 0.00927117494 0 0 0
volume_proxy 293 1.118236 0.688930243 0.00659625199 0 0 0
volume_proxy 294 -0.328452929 0.998520547 -0.00530782953 0 0 0
volume_proxy 296 0.12584023 -0.335250787 0.00415926375 0 0 0
volume_proxy 297 1.24704666 0.196756906 -0.0014269739 0 0 0
volume_proxy 298 1.12520932 -0.805180571 0.00322259503 0 0 0
volume_proxy 305 0.355667351 -0.219828439 -0.0105438829 0 0 0
volume_proxy 309 0.626469457 0.584172429 0.00321451927 0 0 0
volume_proxy 310 0.647517691 0.254117814 -0.00194436005 0 0 0
volume_proxy 311 0.145996234 -0.974514679 -0.00965804265 0 0 0
volume_proxy 312 0.407361776 0.0893297109 0.00129799366 0 0 0
volume_proxy 314 -0.63358933 0.203483334 -0.00741164767 0 0 0
volume_proxy 315 0.0345059447 0.102285271 2.96449729e-05 0 0 0
volume_proxy 316 -0.202806531 -0.0808210161 -0.00798394198 0 0 0
volume_proxy 318 -1.43826789 0.0594131908 0.0075376938 0 0 0
volume_proxy 319 0.155596694 -0.694457993 0.00281888856 0 0 0
volume_proxy 321 -0.222182243 -0.802566936 -0.00142740978 0 0 0
volume_proxy 322 0.941394385 0.577935855 0.00425226224 0 0 0
volume_proxy 324 -1.00793044 -0.92494623 -0.00709765822 0 0 0
volume_proxy 329 -0.0253070843 0.95903613 -0.00882080245 0 0 0
volume_proxy 330 0.0114174562 -0.406884773 0.00507951315 0 0 0
volume_proxy 335 -1.30268208 -0.173412598 -0.000449183079 0 0 0
volume_proxy 337 -0.800215137 0.671370931 -0.00844279731 0 0 0
volume_proxy 338 -0.300270258 -0.211239726 0.00139445719 0 0 0
volume_proxy 339 -0.846374992 -0.311324953 -0.00953681712 0 0 0
volume_proxy 343 -0.128248794 0.863761619 0.000686137553 0 0 0
volume_proxy 344 0.485771916 0.265338262 -0.00409764494 0 0 0
volume_proxy 345 -0.56767632 -0.00453692201 0.00296408652 0 0 0
volume_proxy 347 0.0573301925 -0.162881113 0.00650703559 0 0 0
volume_proxy 349 0.473914681 -0.00951134266 0.0100546722 0 0 0
volume_proxy 350 -0.620757316 0.692002863 0.000743003032 0 0 0
volume_proxy 356 0.926757619 0.647953636 0.00408112469 0 0 0
volume_proxy 358 1.49957198 0.408357696 0.00934204778 0 0 0
volume_proxy 370 1.03318938 0.467779585 0.00546122724 0 0 0
volume_proxy 371 -1.24438887 0.460576706 -0.00641260625 0 0 0
volume_proxy 375 0.777736277 0.279170095 -0.010471042 0 0 0
volume_proxy 377 0.757537871 0.365342314 -0.00549188739 0 0 0
volume_proxy 380 -0.541832348 -0.736859891 -0.00986393774 0 0 0
volume_proxy 382 -0.437072746 -0.900722147 0.0102481008 0 0 0
volume_proxy 383 0.726577355 -0.835668951 -0.00665153947 0 0 0
volume_proxy 384 -0.220231986 0.840505298 0.0058346061 0 0 0
volume_proxy 388 -1.43742228 0.0639246043 0.00797156796 0 0 0
volume_proxy 391 -1.29085194 0.59233757 0.00728097094 0 0 0
volume_proxy 392 -0.176767312 0.911020677 0.00215781884 0 0 0
volume_proxy 393 1.04592488 0.199806722 0.00981034859 0 0 0
volume_proxy 396 -0.850628702 0.620501862 -0.00244476432 0 0 0
volume_proxy 397 0.996204915 0.424153659 -0.00205059886 0 0 0
volume_proxy 399 1.21359657 -0.823689094 -0.00206044213 0 0 0
volume_proxy 400 0.00517998553 -0.47106755 -0.00669186474 0 0 0
volume_proxy 402 -1.01587531 -0.560232168 0.00724283444 0 0 0
volume_proxy 409 -0.547641913 -0.905351027 0.00383855149 0 0 0
volume_proxy 412 1.32061053 -0.335058952 -0.00295010409 0 0 0
volume_proxy 415 -0.677356962 -0.76308145 0.0043583865 0 0 0
volume_proxy 418 -0.482422915 -0.592832404 0.00956152581 0 0 0
volume_proxy 425 -0.0785506679 -0.347375166 0.000459088533 0 0 0
volume_proxy 431 -1.49011238 -0.865716433 -0.00253243201 0 0 0
volume_proxy 434 -0.778797191 -0.0529287503 0.00166670888 0 0 0
volume_proxy 435 -1.2029432 -0.617429559 -0.00862521459 0 0 0
volume_proxy 442 -0.0852622779 -0.555155824 0.00951123603 0 0 0
volume_proxy 462 -0.783403426 -0.788377795 0.00796654516 0 0 0
volume_proxy 463 0.0684217371 -0.285704542 0.0107324677 0 0 0
volume_proxy 470 1.27928356 0.467594952 0.00821735092 0 0 0
volume_proxy 493 -0.733427349 -0.973240045 0.000436395888 0 0 0
volume_proxy 495 -0.741911675 -0.640568147 -0.00468410353 0 0 0
volume_proxy 497 -1.38251287 -0.810228652 0.00457898732 0 0 0
volume_proxy 499 1.39241227 -0.839892521 0.00581499877 0 0 0
volume_proxy 502 0.781912098 0.0859823411 0.00475574649 0 0 0
volume_proxy 512 0.470309814 -0.718756842 -0.000562391247 0 0 0
volume_proxy 513 0.967756171 -0.014427712 0.00639582674 0 0 0
volume_proxy 518 1.14566893 -0.620263544 -0.00501143403 0 0 0
volume_proxy 544 0.915844599 0.822361047 -0.00307568673 0 0 0
volume_proxy 547 1.10684782 0.875394372 0.00695674217 0 0 0
volume_proxy 549 0.3588359 -0.833520174 0.00929144793 0 0 0
volume_proxy 559 0.985956341 0.66763685 -0.000949730864 0 0 0
volume_proxy 561 1.35769231 0.528886298 0.00806173538 0 0 0
volume_proxy 572 0.00268876714 -0.364532524 -0.000889980041 0 0 0
volume_proxy 578 -0.736770863 0.924010514 0.00978744109 0 0 0
volume_proxy 581 1.31731365 0.786751407 0.00416219863 0 0 0
volume_proxy 591 -0.930952463 0.397050616 -0.00408037775 0 0 0
volume_proxy 594 -1.04025667 0.417537389 -0.00932600401 0 0 0
volume_proxy 603 0.168669306 -0.484467056 -0.00600479943 0 0 0
volume_proxy 608 -0.64084999 -0.422842273 -0.00638969858 0 0 0
volume_proxy 615 0.987921996 -0.788984772 0.000451877298 0 0 0
volume_proxy 616 1.2718617 0.247816445 0.00955743556 0 0 0
volume_proxy 626 1.04912211 -0.105268044 0.00288226898 0 0 0
volume_proxy 634 -0.713469541 0.348047022 -0.00656552482 0 0 0
volume_proxy 637 -1.27587419 -0.999968176 -0.0106191083 0 0 0
volume_proxy 647 -0.410606996 0.65499744 0.00116785443 0 0 0
volume_proxy 656 -0.259056339 0.0309472193 0.0011367267 0 0 0
volume_proxy 664 1.48479653 -0.801450547 -0.00293899897 0 0 0
volume_proxy 665 -0.95513748 -0.763395797 0.0035460152 0 0 0
volume_proxy 669 1.1445713 -0.13474838 -0.00187555001 0 0 0
volume_proxy 675 -1.33933002 0.592986482 0.0017641065 0 0 0
volume_proxy 682 0.176084453 0.942056823 -0.00146916094 0 0 0
volume_proxy 693 -0.135628967 0.470946991 -0.00976505708 0 0 0
volume_proxy 698 -0.243555523 0.728791549 -0.00214400371 0 0 0
volume_proxy 702 -0.179437578 -0.0590874222 0.00670500778 0 0 0
volume_proxy 703 -1.07856732 -0.0952854918 0.00899129752 0 0 0
volume_proxy 704 1.09905855 0.112571375 -0.00634950982 0 0 0
volume_proxy 708 -1.41251373 0.471263594 -0.00285226366 0 0 0
volume_proxy 722 0.805970358 0.564258703 -0.00265389454 0 0 0
volume_proxy 725 -1.45462979 -0.811017756 0.00900534085 0 0 0
volume_proxy 740 0.231230693 0.886231706 -0.00413297506 0 0 0
volume_proxy 751 0.24951368 -0.629448003 -0.000909022701 0 0 0
volume_proxy 757 0.0247891005 0.341173419 -0.000337029407 0 0 0
volume_proxy 781 -1.07951044 0.301970281 -0.00164838173 0 0 0
volume_proxy 788 -0.374878346 -0.1598933 -0.000403294272 0 0 0
volume_proxy 794 0.527877071 0.61655833 0.00453936533 0 0 0
volume_proxy 795 0.969675607 -0.874246566 -0.00507073944 0 0 0
volume_proxy 797 -1.40376952 -0.114188613 -0.00400347331 0 0 0
volume_proxy 800 -1.1518812 0.919904673 0.00207906752 0 0 0
volume_proxy 802 0.208708683 0.0904780637 -0.000704212177 0 0 0
volume_proxy 804 0.186970385 0.140402627 -0.00727300931 0 0 0
volume_proxy 810 0.689736684 0.180808869 0.00375759624 0 0 0
volume_proxy 811 0.484691952 0.638100476 -0.00986453637 0 0 0
volume_proxy 812 0.88861327 0.50448341 -0.00716576637 0 0 0
volume_proxy 814 1.0908898 -0.00422046561 -0.00986590469 0 0 0
volume_proxy 822 0.224786635 -0.705392652 0.000414030588 0 0 0
volume_proxy 825 1.42016652 0.778245061 0.00323724075 0 0 0
volume_proxy 833 -0.437788872 0.060466442 0.00859780429 0 0 0
volume_proxy 835 -0.0999748022 -0.893659202 0.00847388364 0 0 0
volume_proxy 837 0.0521751627 0.181613836 -0.0106231922 0 0 0
volume_proxy 839 -0.0998202883 -0.213568749 0.00212502174 0 0 0
volume_proxy 846 1.46372084 0.133462521 -0.00469793526 0 0 0
volume_proxy 848 -1.33166975 -0.322384518 0.00586947879 0 0 0
volume_proxy 854 -0.309048756 0.954163808 -0.00515214801 0 0 0
volume_proxy 856 1.0948934 0.365883261 -0.00344005501 0 0 0
volume_proxy 867 -0.807736439 0.129673089 0.0100575633 0 0 0
volume_proxy 869 1.43017875 0.859174578 -0.00296165602 0 0 0
volume_proxy 874 0.778817637 0.722726544 -0.01066515 0 0 0
volume_proxy 875 -0.225279563 -0.837435646 0.00368437812 0 0 0
volume_proxy 876 -0.0378095472 -0.443106293 0.0027532818 0 0 0
volume_proxy 878 1.35644627 -0.425435402 0.00216129618 0 0 0
volume_proxy 883 -0.0481986397 0.986762581 -0.0031229909 0 0 0
volume_proxy 889 -1.3344198 0.804383773 0.00729620108 0 0 0
volume_proxy 894 1.45906036 -0.544811534 0.00823838528 0 0 0
volume_proxy 896 1.21829455 0.257061626 0.00292164348 0 0 0
volume_proxy 898 0.771493183 0.0953416952 -0.0076597295 0 0 0
volume_proxy 902 0.10895001 0.826440073 0.0067948603 0 0 0
volume_proxy 903 0.166851207 0.337340153 0.00563552213 0 0 0
volume_proxy 904 -1.13350928 0.624554064 -0.00473143933 0 0 0
volume_proxy 906 1.19399338 0.595570388 -0.00171904321 0 0 0
volume_proxy 910 -1.4144099 0.358141124 0.0101627306 0 0 0
volume_proxy 911 1.41223567 0.379467835 -0.00951105651 0 0 0
volume_proxy 912 1.4823616 0.26786013 -0.00445746562 0 0 0
volume_proxy 913 -1.28039243 -0.979350412 0.00209494942 0 0 0
volume_proxy 914 0.117467322 -0.548663713 -0.0023184001 0 0 0
volume_proxy 915 -0.386488909 -0.428879989 -0.00669766803 0 0 0
volume_proxy 916 -0.335007804 0.335696261 0.0107932278 0 0 0
volume_proxy 917 -0.423676644 -0.103991867 0.00799314211 0 0 0
volume_proxy 918 -0.641022564 0.000256176018 -0.00514589947 0 0 0
volume_proxy 924 -0.38940547 0.359774145 0.00840497403 0 0 0
volume_proxy 926 -0.284400594 0.42425248 0.00176982649 0 0 0
volume_proxy 929 -0.598381676 -0.766236704 0.000596724289 0 0 0
volume_proxy 931 0.0309799577 0.0304327307 0.0016352497 0 0 0
volume_proxy 935 -1.28793234 0.382578203 -0.00198323243 0 0 0
volume_proxy 939 0.889409503 0.971561596 0.0053766539 0 0 0
volume_proxy 940 0.123698362 0.392584051 0.00797691943 0 0 0
volume_proxy 943 -0.866860076 -0.843328435 -0.00375619353 0 0 0
volume_proxy 944 0.559768688 -0.909853425 0.00741110432 0 0 0
volume_proxy 945 -0.763931722 0.328312302 -0.00702895962 0 0 0
volume_proxy 948 -0.383336494 0.0124529509 -0.000380772521 0 0 0
volume_proxy 949 -0.516153986 -0.33347721 -0.00496248363 0 0 0
volume_proxy 953 -0.745727907 -0.903533891 -0.00695803968 0 0 0
volume_proxy 958 -1.48820895 0.168785267 -0.0052119529 0 0 0
volume_proxy 963 -0.596888351 0.802489438 -0.0063758409 0 0 0
volume_proxy 964 0.658193422 0.718883265 0.00107910938 0 0 0
volume_proxy 966 -0.584190528 0.886104055 0.00850210732 0 0 0
volume_proxy 969 -0.640610263 0.018176668 0.00833342315 0 0 0
volume_proxy 973 -0.229583205 0.154088752 -0.00730685699 0 0 0
volume_proxy 974 0.779047047 -0.721539498 -0.00484406674 0 0 0
volume_proxy 977 -1.13869248 -0.167373023 -0.00184295673 0 0 0
volume_proxy 979 0.110610006 0.769041407 0.00833389099 0 0 0
volume_proxy 981 0.0533227495 0.342041264 0.00408336405 0 0 0
volume_proxy 983 1.24794824 -0.291307131 -0.00918089034 0 0 0
volume_proxy 984 1.3441974 0.525247283 0.00866900545 0 0 0
volume_proxy 985 -0.503517407 -0.866560176 -0.0106896651 0 0 0
volume_proxy 986 -0.352919304 -0.586745874 -0.00565273385 0 0 0
volume_proxy 988 0.941969996 -0.905532493 0.0102819672 0 0 0
volume_proxy 990 -1.07524396 0.181788794 0.000315561107 0 0 0
volume_proxy 991 -0.183366089 -0.197365523 -0.000806488137 0 0 0
volume_proxy 992 -0.234117027 0.318989237 0.00289832424 0 0 0
volume_proxy 996 -1.04376642 0.627819825 0.00427110527 0 0 0
volume_proxy 997 1.37353445 -0.10392311 -0.00515474242 0 0 0
volume_proxy 999 -0.799679892 -0.315756145 0.0080836498 0 0 0
volume_proxy 1001 0.614942182 0.900439613 0.00157884725 0 0 0
volume_proxy 1007 -1.26378209 -0.630449743 0.00848272541 0 0 0
volume_proxy 1008 0.435388598 -0.584012138 -0.00871439799 0 0 0
volume_proxy 1009 0.246518148 -0.531208842 0.00519449496 0 0 0
volume_proxy 1011 0.413713556 -0.926699019 -0.00900127139 0 0 0
volume_proxy 1012 0.672835785 -0.170962872 -0.0102116011 0 0 0
volume_proxy 1014 -0.535083132 -0.0919130907 0.00793768618 0 0 0
volume_proxy 1016 0.910484565 -0.981526835 -0.00338674977 0 0 0
volume_proxy 1017 0.0451341968 -0.923692823 -0.00640307875 0 0 0
volume_proxy 1018 -0.856860448 -0.721435765 0.00335958086 0 0 0
volume_proxy 1019 -0.687721146 -0.946121152 -0.00393815673 0 0 0
volume_proxy 1020 -1.05165492 0.675070232 0.000129346135 0 0 0
volume_proxy 1021 -0.958695023 -0.349220986 -0.0023363123 0 0 0
volume_proxy 1023 0.767266525 0.44388134 -0.00733678253 0 0 0
volume_proxy 1024 1.12277201 0.994599475 -0.00871074438 0 0 0
volume_proxy 1028 -1.11565829 -0.589907628 0.00259455429 0 0 0
volume_proxy 1029 1.05488353 0.98842876 0.00501792242 0 0 0
volume_proxy 1030 0.341121118 0.216185897 -0.00718418319 0 0 0
volume_proxy 1031 1.05649073 -0.692836077 -0.00973641598 0 0 0
volume_proxy 1032 1.40802715 0.127842371 -0.00546353013 0 0 0
volume_proxy 1033 0.626070788 0.696060408 -0.00661695449 0 0 0
volume_proxy 1035 0.293176852 -0.438976987 -0.0103449344 0 0 0
volume_proxy 1036 0.784513471 -0.469866938 -0.00514088866 0 0 0
volume_proxy 1040 -0.898812382 -0.756341114 0.004082455 0 0 0
volume_proxy 1041 0.201363336 0.170411362 -0.00418687556 0 0 0
volume_proxy 1042 1.02177048 0.0288817836 0.00128364979 0 0 0
volume_proxy 1044 1.10629595 -0.608718333 -0.0015092091 0 0 0
volume_proxy 1046 0.180462502 -0.30943674 -0.0043855529 0 0 0
volume_proxy 1047 -1.47545199 0.288796783 -0.00312583107 0 0 0
volume_proxy 1048 -1.46553362 0.151657149 -0.00312610929 0 0 0
volume_proxy 1049 -0.201791187 0.390967919 0.00608394255 0 0 0
volume_proxy 1050 -0.747682888 -0.328731039 -0.00420728719 0 0 0
volume_proxy 1052 -0.698994107 0.114155029 -0.00212638699 0 0 0
volume_proxy 1053 -0.461849494 -0.848362777 -0.00535694831 0 0 0
volume_proxy 1054 -1.46942664 0.262025115 0.00495332818 0 0 0
volume_proxy 1056 -1.36900292 0.843360701 0.00900910594 0 0 0
volume_proxy 1057 -0.279734416 -0.403985505 -0.00584138898 0 0 0
volume_proxy 1059 -0.462276748 0.872604007 -0.00034512172 0 0 0
volume_proxy 1060 -1.35756929 0.24935331 0.00401023883 0 0 0
volume_proxy 1061 -0.420345156 -0.274139517 -0.00594804973 0 0 0
volume_proxy 1062 0.717561764 0.499376516 -0.00195345986 0 0 0
volume_proxy 1063 -0.783297402 0.160186396 -0.00931997185 0 0 0
volume_proxy 1064 -0.653601159 -0.987006406 -0.00950192164 0 0 0
volume_proxy 1065 -1.28060211 -0.480472636 -0.0104079677 0 0 0
volume_proxy 1066 0.852126016 0.262590152 -0.00458585747 0 0 0
volume_proxy 1067 1.01385019 -0.500010874 0.0102969205 0 0 0
volume_proxy 1068 -0.939854684 -0.870132287 -0.00727665311 0 0 0
volume_proxy 1069 -0.729112423 0.683561082 -0.00576465383 0 0 0
volume_proxy 1070 -0.982567755 0.367415123 0.00834836355 0 0 0
volume_proxy 1072 -0.385876863 0.734980378 -0.00229560825 0 0 0
volume_proxy 1073 -1.45430821 0.702610505 0.0029497329 0 0 0
volume_proxy 1075 -0.0552497528 0.472322577 -0.00238193984 0 0 0
volume_proxy 1076 1.43960889 -0.561485138 0.00457097766 0 0 0
volume_proxy 1077 -1.15762811 0.853052115 0.00283675022 0 0 0
volume_proxy 1078 -0.844072159 0.992216694 0.00200872089 0 0 0
volume_proxy 1079 0.3021853 -0.0751714474 -0.00971524708 0 0 0
volume_proxy 1080 -0.24498183 0.0821621981 0.00909002945 0 0 0
volume_proxy 1082 0.883061453 -0.354388173 -0.00612386689 0 0 0
volume_proxy 1083 1.39456759 0.397486595 -0.00291586679 0 0 0
volume_proxy 1085 -0.106908669 0.156884749 0.00213651758 0 0 0
volume_proxy 1086 1.22781579 -0.773522856 -0.00848591019 0 0 0
volume_proxy 1087 1.2411052 -0.715910464 -0.00702810666 0 0 0
volume_proxy 1088 -0.277677017 0.86865732 0.0102867164 0 0 0
volume_proxy 1089 -0.777972246 0.886059692 -0.00233648619 0 0 0
volume_proxy 1091 -0.0391005495 0.193234596 0.00216247441 0 0 0
volume_proxy 1092 0.0645062736 0.0749134869 -0.00990281125 0 0 0
volume_proxy 1093 0.306171862 -0.70773392 0.00140867409 0 0 0
volume_proxy 1094 -1.39465186 0.840505768 -0.00505185309 0 0 0
volume_proxy 1096 0.384877247 0.181692556 0.00440822842 0 0 0
volume_proxy 1097 -1.45612583 0.813403343 -0.00165266926 0 0 0
volume_proxy 1098 0.327692391 0.567801072 -0.0042129557 0 0 0
volume_proxy 1100 0.988801262 -0.557033586 0.0102883727 0 0 0
volume_proxy 1101 0.623948419 0.160505713 -0.00749225434 0 0 0
volume_proxy 1102 1.0714937 0.656436574 0.00071624603 0 0 0
volume_proxy 1103 1.09013997 0.577533201 0.0089154861 0 0 0
volume_proxy 1106 0.902007359 -0.892669785 -0.009007031 0 0 0
volume_proxy 1107 -0.30422794 0.230009376 0.000833870348 0 0 0
volume_proxy 1108 0.960889432 0.613659291 -0.00665366204 0 0 0
volume_proxy 1109 0.888199617 -0.854685901 -0.00250828643 0 0 0
volume_proxy 1110 0.900412724 -0.818968703 -0.00194230668 0 0 0
volume_proxy 1111 -0.304187518 -0.213716604 -0.00340570331 0 0 0
volume_proxy 1112 -0.887959681 0.989664505 -0.00580207863 0 0 0
volume_proxy 1113 0.966343063 0.172125718 0.00777400267 0 0 0
volume_proxy 1114 -0.803940885 0.210926145 -0.0107627579 0 0 0
volume_proxy 1115 0.428856786 -0.733648856 -0.00126811182 0 0 0
volume_proxy 1116 0.87112146 -0.315993161 0.00456547634 0 0 0
