volume_proxy 0 1.27817625 0.0198638045 -0.00442571764 0 0 0
volume_proxy 5 0.72892003 0.0907738303 0.00138280526 0 0 0
volume_proxy 6 0.505075479 -0.269783534 0.00913974208 0 0 0
volume_proxy 11 0.836401516 0.423926514 -0.0101912099 0 0 0
volume_proxy 12 1.24612339 -0.279596484 0.00108461248 0 0 0
volume_proxy 14 -0.135335605 -0.295076757 -0.00306551583 0 0 0
volume_proxy 23 0.260196805 -0.16307576 0.0010105316 0 0 0
volume_proxy 38 0.672436318 -0.0465599365 0.0091358907 0 0 0
volume_proxy 40 0.178640618 -0.960425089 0.00330687367 0 0 0
volume_proxy 50 -0.263746996 -0.168936444 0.00666394052 0 0 0
volume_proxy 53 -0.144391868 -0.031462728 -0.00167588889 0 0 0
volume_proxy 58 1.26405812 -0.457812887 -0.00424113613 0 0 0
volume_proxy 60 0.511624638 0.538054789 -0.001207303 0 0 0
volume_proxy 61 0.219502881 -0.689782126 0.00476248969 0 0 0
volume_proxy 72 0.447784998 -0.0455078976 -0.00850257007 0 0 0
volume_proxy 85 -1.27364067 -0.0793127492 0.00636946705 0 0 0
volume_proxy 88 -0.757216792 -0.357107803 -0.00938624719 0 0 0
volume_proxy 97 1.20550009 -0.164888048 0.00567235287 0 0 0
volume_proxy 101 -1.16473632 0.884648968 0.00876110166 0 0 0
volume_proxy 105 0.459402986 -0.259625071 -0.00544978597 0 0 0
volume_proxy 107 1.35416357 0.226946985 -0.00388885933 0 0 0
volume_proxy 108 1.1451638 0.395411028 0.00871717436 0 0 0
volume_proxy 127 -0.788304133 0.779848368 -0.00224384966 0 0 0
volume_proxy 130 1.44567191 0.412296733 -0.0031037929 0 0 0
volume_proxy 140 -0.636490114 0.177165964 -0.00121273884 0 0 0
volume_proxy 157 0.819403127 -0.0573106963 -0.00786307042 0 0 0
volume_proxy 159 0.274900324 -0.233355857 -0.00652080545 0 0 0
volume_proxy 161 0.199275868 0.138332117 -0.00799822012 0 0 0
volume_proxy 176 0.586440633 -0.560312873 -0.00255419028 0 0 0
volume_proxy 186 0.472389295 0.258440532 0.00845390871 0 0 0
volume_proxy 189 -1.25075861 0.400423957 -0.00640166549 0 0 0
volume_proxy 195 0.284746596 -0.33213879 -0.00517034914 0 0 0
volume_proxy 196 0.262989071 0.245206623 0.0101411086 0 0 0
volume_proxy 200 -0.227517635 -0.950440028 0.00119159042 0 0 0
volume_proxy 202 -1.47073233 0.807402589 -0.00500775456 0 0 0
volume_proxy 209 -0.558114298 0.169254121 0.00778738392 0 0 0
volume_proxy 210 -0.377480406 0.257344302 -0.00114074798 0 0 0
volume_proxy 226 -0.431377357 0.072567799 -0.0073542864 0 0 0
volume_proxy 236 0.258906493 0.60842884 0.0075087446 0 0 0
volume_proxy 244 1.19259433 0.65205615 0.000745858859 0 0 0
volume_proxy 247 0.906741864 0.328655573 0.00731143487 0 0 0
volume_proxy 256 -0.285744218 0.0971564059 -0.00184308929 0 0 0
volume_proxy 259 0.122161709 -0.553922807 0.00369592558 0 0 0
volume_proxy 269 0.040735771 -0.168662248 -0.000843134744 0 0 0
volume_proxy 277 -0.55063429 -0.235357394 -0.0106933542 0 0 0
volume_proxy 294 0.111802982 0.0477872228 -0.00160176562 0 0 0
volume_proxy 296 -0.242594999 -0.333833512 0.00736243999 0 0 0
volume_proxy 298 1.49852988 -0.638103434 0.0060932041 0 0 0
volume_proxy 305 0.66921253 -0.0339449654 0.00912736985 0 0 0
volume_proxy 310 1.06742134 0.428702229 -0.00391488334 0 0 0
volume_proxy 311 1.09581469 -0.95577745 -0.0034280245 0 0 0
volume_proxy 329 -0.764410525 -0.371362389 0.00881228806 0 0 0
volume_proxy 337 -0.743621632 0.721097814 -0.000618443829 0 0 0
volume_proxy 344 -0.364739251 0.24884429 0.00948370854 0 0 0
volume_proxy 347 -0.410172606 -0.87568042 0.000760648379 0 0 0
volume_proxy 349 0.0296280415 -0.109549419 0.00270191397 0 0 0
volume_proxy 356 0.34303159 0.251963508 -0.00478284517 0 0 0
volume_proxy 375 1.17347207 -0.447447421 -0.000194715323 0 0 0
volume_proxy 388 -1.09994731 0.900009654 0.00363412156 0 0 0
volume_proxy 431 -1.15029514 -0.780887278 -0.00207095403 0 0 0
volume_proxy 518 0.80085522 0.853755581 0.00353197408 0 0 0
volume_proxy 802 1.10091572 -0.861299698 0.00232706234 0 0 0
volume_proxy 876 0.219378911 -0.758236885 0.00576746853 0 0 0
volume_proxy 904 -0.194399279 0.378514389 -0.00379956371 0 0 0
volume_proxy 914 0.138595395 -0.969915031 -0.00122256396 0 0 0
volume_proxy 1020 -1.28209075 0.859402718 0.0106065891 0 0 0
volume_proxy 1052 0.240374176 -0.503500478 -0.00194815933 0 0 0
volume_proxy 1066 0.841013564 0.533010186 -0.0103579262 0 0 0
volume_proxy 1093 0.0119270487 -0.0929527545 -0.00688857374 0 0 0
volume_proxy 1118 0.199984176 -0.506946309 0.00999708274 0 0 0
volume_proxy 1120 -0.511235475 0.865398584 -0.00298755569 0 0 0
volume_proxy 1138 1.34059592 -0.771411502 0.000219236723 0 0 0
volume_proxy 1166 -0.781140976 0.500704885 -0.0065675321 0 0 0
volume_proxy 1169 1.4524975 -0.962462356 -0.00588486161 0 0 0
volume_proxy 1172 -0.070897783 0.917620239 0.000940563052 0 0 0
volume_proxy 1180 -1.34405784 -0.335254855 0.00891668514 0 0 0
volume_proxy 1186 -0.79109393 -0.694829282 0.00208014805 0 0 0
volume_proxy 1193 -0.837974196 -0.403061874 0.00945138371 0 0 0
volume_proxy 1209 -1.40484023 0.704160609 -0.00685126467 0 0 0
volume_proxy 1210 -1.03217055 0.765325632 0.00285965213 0 0 0
volume_proxy 1217 -0.493620915 0.347951857 -6.85643252e-05 0 0 0
volume_proxy 1219 -1.03937799 0.582255385 0.00819473729 0 0 0
volume_proxy 1225 0.100012591 -0.503198043 -0.00924341245 0 0 0
volume_proxy 1230 1.0190687 -0.20988898 0.00631477457 0 0 0
volume_proxy 1237 0.0777820112 0.998539729 -0.00486800508 0 0 0
volume_proxy 1238 0.612925023 0.767890041 -0.00941112958 0 0 0
volume_proxy 1245 -1.40042506 0.764202396 -0.00864867391 0 0 0
volume_proxy 1255 1.33557448 -0.62759857 -0.00293535239 0 0 0
volume_proxy 1259 -1.28637107 0.729541976 -0.00881460599 0 0 0
volume_proxy 1270 0.274087869 -0.158031963 -0.0063863478 0 0 0
volume_proxy 1280 -1.17776391 0.475790734 0.0106429501 0 0 0
volume_proxy 1285 -1.32862252 0.656838588 0.00811925037 0 0 0
volume_proxy 1292 0.513023157 0.177655627 -0.00218122813 0 0 0
volume_proxy 1295 -1.39223741 0.709335467 0.00505196061 0 0 0
volume_proxy 1296 -0.0747484652 -0.0898014463 0.00233174337 0 0 0
volume_proxy 1297 -0.0573566793 -0.882172265 -0.00518863643 0 0 0
volume_proxy 1301 -0.621344705 0.630927324 -0.00714764778 0 0 0
volume_proxy 1308 -0.43329149 0.871339346 0.00117789492 0 0 0
volume_proxy 1318 0.979071279 -0.564522218 0.00740583656 0 0 0
volume_proxy 1326 0.139958464 -0.333900116 0.00585541788 0 0 0
volume_proxy 1334 -0.924956081 -0.675788338 0.00790127057 0 0 0
volume_proxy 1335 0.164936572 -0.684586221 0.00214191346 0 0 0
volume_proxy 1340 0.600415295 0.594220474 0.00220659479 0 0 0
volume_proxy 1347 -0.0664223748 0.730654715 0.0107992005 0 0 0
volume_proxy 1348 1.44516891 -0.922583026 -0.0021461455 0 0 0
volume_proxy 1358 -0.209764779 0.00159715911 0.0071084343 0 0 0
volume_proxy 1361 1.38758824 0.762068123 0.00389505827 0 0 0
volume_proxy 1366 1.34266038 0.892604777 -0.00139083987 0 0 0
volume_proxy 1379 0.58426203 0.482188844 -0.00469946182 0 0 0
volume_proxy 1380 -0.671805425 0.686313511 -0.00685584169 0 0 0
volume_proxy 1381 0.757835558 0.623181279 0.00332172838 0 0 0
volume_proxy 1384 0.226218417 -0.0555695322 -0.00756206227 0 0 0
volume_proxy 1385 1.00898169 0.559712746 0.00535644758 0 0 0
volume_proxy 1386 0.839557146 0.804676392 -0.00331057598 0 0 0
volume_proxy 1388 0.463416029 0.34332686 0.00323976944 0 0 0
volume_proxy 1389 -0.172725972 0.678731416 -0.00712670013 0 0 0
volume_proxy 1390 -1.27759738 0.7733366 -3.98363991e-05 0 0 0
volume_proxy 1392 0.0163126348 -0.88539051 0.00896412588 0 0 0
volume_proxy 1395 1.02413035 0.0860655604 0.00619743479 0 0 0
volume_proxy 1397 -0.0920743452 0.576895355 -0.00732172906 0 0 0
volume_proxy 1398 -1.00715 0.532610699 0.00542063477 0 0 0
volume_proxy 1403 0.662554097 0.202689259 0.00220234675 0 0 0
volume_proxy 1405 0.521878029 0.405470291 -0.00269610733 0 0 0
volume_proxy 1406 0.0539764566 -0.718503154 -0.0102700154 0 0 0
volume_proxy 1408 0.268985807 0.752884292 0.000814320629 0 0 0
volume_proxy 1409 1.18289061 0.376329829 0.00788524707 0 0 0
volume_proxy 1413 0.650759824 0.834100687 0.00237173002 0 0 0
volume_proxy 1414 1.20308981 0.546256282 -0.00135284315 0 0 0
volume_proxy 1415 1.27652503 -0.190052006 -0.00172401154 0 0 0
volume_proxy 1418 -1.45014656 -0.113131859 0.00727861403 0 0 0
volume_proxy 1419 -1.28009612 -0.890039237 -0.00955564038 0 0 0
volume_proxy 1420 -1.32263743 -0.276697063 -0.00828510371 0 0 0
volume_proxy 1421 -1.18455463 0.0262264739 0.00136836933 0 0 0
volume_proxy 1422 0.668384937 -0.880313951 -0.000660652457 0 0 0
volume_proxy 1423 -0.357012094 0.260086267 -0.000222756591 0 0 0
volume_proxy 1425 -0.578571536 -0.604683396 0.00948677294 0 0 0
volume_proxy 1426 0.684178457 -0.137160049 -0.00466518573 0 0 0
volume_proxy 1428 -0.0116936236 0.62289622 0.002349576 0 0 0
volume_proxy 1429 1.21665173 -0.0982973566 0.00999439872 0 0 0
volume_proxy 1430 -0.797906535 -0.925944499 -0.00570159802 0 0 0
volume_proxy 1433 1.1403368 0.238928983 0.0104278144 0 0 0
volume_proxy 1434 0.38718186 -0.558398787 0.00894469888 0 0 0
volume_proxy 1435 -1.00498855 -0.780132324 0.00212897913 0 0 0
volume_proxy 1436 -1.25236723 -0.894684326 -0.0105421531 0 0 0
volume_proxy 1437 -0.254137428 -0.0563597515 -0.00661287294 0 0 0
volume_proxy 1439 -1.09559576 0.891566834 0.00150759336 0 0 0
volume_proxy 1440 0.417627983 -0.65532952 0.00778243932 0 0 0
volume_proxy 1441 0.27928774 -0.734666655 0.0102446203 0 0 0
volume_proxy 1442 0.850271909 0.752194343 -0.00242978474 0 0 0
volume_proxy 1443 -0.291346772 -0.069510165 0.000934543294 0 0 0
volume_proxy 1444 -0.246219898 -0.906082877 -0.00767751777 0 0 0
volume_proxy 1445 0.220789304 -0.958258374 0.00842303809 0 0 0
volume_proxy 1446 -1.06210268 -0.540017801 0.000689647844 0 0 0
volume_proxy 1447 1.2670387 -0.943813146 -0.00928318438 0 0 0
volume_proxy 1448 0.411180542 -0.658381357 -0.00294351056 0 0 0
volume_proxy 1451 -0.960925179 -0.780772201 0.00228588501 0 0 0
volume_proxy 1452 -1.21420314 0.352265151 -0.00303846654 0 0 0
volume_proxy 1453 -1.20219791 0.354301364 0.00218643918 0 0 0
