volume_proxy 0 1.38962604 -0.368264924 0.00734741453 0 0 0
volume_proxy 5 0.692017719 0.196488523 -0.00796237194 0 0 0
volume_proxy 6 0.123120539 -0.1182755 0.00299044351 0 0 0
volume_proxy 11 0.733234282 -0.101387675 0.00417332122 0 0 0
volume_proxy 12 1.41667846 -0.377382089 -0.00689458772 0 0 0
volume_proxy 14 -0.102129768 -0.156444553 -0.00447371333 0 0 0
volume_proxy 23 0.689337495 -0.701268146 0.00254551882 0 0 0
volume_proxy 38 0.594334312 -0.208761903 -0.00289468707 0 0 0
volume_proxy 40 0.286406054 -0.689946425 0.00869338731 0 0 0
volume_proxy 50 -0.250344229 -0.512309106 0.0104869004 0 0 0
volume_proxy 53 -0.383686103 -0.196677863 -0.00381362136 0 0 0
volume_proxy 58 0.932558351 -0.518287063 0.00238057371 0 0 0
volume_proxy 60 0.978350597 0.700037099 -0.00160791053 0 0 0
volume_proxy 61 0.166026178 -0.762257657 0.0107238104 0 0 0
volume_proxy 72 0.228516209 0.155213747 0.0082549533 0 0 0
volume_proxy 85 -1.21247712 -0.179613999 -0.000413787174 0 0 0
volume_proxy 88 -1.12936356 -0.866102713 -0.000201153567 0 0 0
volume_proxy 97 1.27767744 -0.00935229942 0.00926364112 0 0 0
volume_proxy 101 -1.01027234 0.889951648 -0.0103309732 0 0 0
volume_proxy 105 0.190698813 -0.162878895 -0.00285985818 0 0 0
volume_proxy 107 1.26860524 0.286667307 -0.00832353954 0 0 0
volume_proxy 108 1.27048085 0.690683087 0.0105032586 0 0 0
volume_proxy 127 -0.646139996 0.606674245 0.00401821508 0 0 0
volume_proxy 130 1.36919817 0.651461176 -0.00343816139 0 0 0
volume_proxy 140 -0.390199465 -0.0199453124 0.00349114775 0 0 0
volume_proxy 157 1.08999915 -0.152756935 -0.00733160387 0 0 0
volume_proxy 159 0.378140338 -0.328372296 0.00379257337 0 0 0
volume_proxy 161 0.52315289 0.145996049 0.000105051548 0 0 0
volume_proxy 176 0.535275528 -0.630457157 0.00299775962 0 0 0
volume_proxy 186 0.0663558998 0.253338177 0.00825517523 0 0 0
volume_proxy 189 -1.18834089 0.56822575 -0.00321998864 0 0 0
volume_proxy 195 0.131872943 0.28297024 0.00579247944 0 0 0
volume_proxy 196 0.612930039 0.0524799859 0.00600250163 0 0 0
volume_proxy 200 -0.416587853 -0.812442699 0.00571594448 0 0 0
volume_proxy 202 -1.22724186 0.555634307 -0.00143291849 0 0 0
volume_proxy 209 -0.882855748 0.0161116291 0.00832464118 0 0 0
volume_proxy 210 -0.752362595 0.415635468 -0.00487826366 0 0 0
volume_proxy 226 -0.751988253 -0.399515207 -0.00825421758 0 0 0
volume_proxy 236 0.137462761 0.711129246 0.00961902644 0 0 0
volume_proxy 247 0.34053305 0.34030266 0.00946037356 0 0 0
volume_proxy 256 -0.552484331 0.322454303 0.00893402302 0 0 0
volume_proxy 259 0.108975172 0.217870028 0.00213833977 0 0 0
volume_proxy 269 0.358147534 -0.299407996 -0.00496434063 0 0 0
volume_proxy 277 -1.35725456 -0.519543036 0.00548796707 0 0 0
volume_proxy 294 0.0295113227 0.200539651 0.00208910659 0 0 0
volume_proxy 296 0.0356617137 -0.274718847 -0.00639130312 0 0 0
volume_proxy 298 1.34529788 -0.784007955 0.00993899441 0 0 0
volume_proxy 305 0.90318904 -0.91232504 0.00453025567 0 0 0
volume_proxy 310 0.969329754 0.222923235 -0.00291713426 0 0 0
volume_proxy 329 -1.01507428 -0.99484553 0.00730216137 0 0 0
volume_proxy 337 -0.90817818 0.87423231 0.000961102685 0 0 0
volume_proxy 344 -0.523037782 0.6205166 -0.000848698341 0 0 0
volume_proxy 347 -0.141925478 -0.778554835 0.00439066846 0 0 0
volume_proxy 349 -0.520715079 0.447904211 -0.00473853245 0 0 0
volume_proxy 356 0.61224724 0.65838714 0.00852838321 0 0 0
volume_proxy 375 1.2120378 -0.214812775 0.0029343098 0 0 0
volume_proxy 388 -1.49455042 0.921214201 -0.00217925427 0 0 0
volume_proxy 431 -1.25419764 -0.584220361 -0.00331297492 0 0 0
volume_proxy 802 1.09856032 -0.524860973 -0.00199519464 0 0 0
volume_proxy 876 0.297247134 -0.964079108 -0.00316392001 0 0 0
volume_proxy 904 0.0086051314 0.266535663 0.00684314831 0 0 0
volume_proxy 1020 -1.32195468 0.90200908 0.00976858578 0 0 0
volume_proxy 1052 0.106129429 -0.968951863 0.00858900905 0 0 0
volume_proxy 1066 0.741139005 0.458466482 0.00802342253 0 0 0
volume_proxy 1093 0.0406243065 0.0911226441 -0.000397082814 0 0 0
volume_proxy 1120 -0.669862514 0.991273531 0.00251694629 0 0 0
volume_proxy 1166 -0.602114236 0.647047048 0.00502278636 0 0 0
volume_proxy 1169 1.18314928 -0.931557658 -0.00694306865 0 0 0
volume_proxy 1172 9.14944052e-05 0.624225137 -0.00535722197 0 0 0
volume_proxy 1186 -0.460000104 -0.245016423 0.000853002412 0 0 0
volume_proxy 1193 -0.827619349 -0.224369254 -0.0088168592 0 0 0
volume_proxy 1210 -1.34639682 0.686452812 -0.0102795331 0 0 0
volume_proxy 1217 -0.364701797 -0.0754509682 -0.0103687427 0 0 0
volume_proxy 1219 -1.00682254 0.91119832 0.00424530254 0 0 0
volume_proxy 1225 0.103002009 -0.576939514 0.00372841679 0 0 0
volume_proxy 1230 1.26900235 -0.537094981 -0.000313903415 0 0 0
volume_proxy 1245 -1.4573951 0.912915423 0.00528732401 0 0 0
volume_proxy 1270 0.209600743 0.319078437 0.0104867526 0 0 0
volume_proxy 1280 -1.24633861 0.75372814 0.00110720072 0 0 0
volume_proxy 1285 -1.32015296 0.962564049 -0.00104922171 0 0 0
volume_proxy 1292 0.724602148 0.178547359 -0.0103092703 0 0 0
volume_proxy 1295 -1.15129758 0.776568268 -0.00667733507 0 0 0
volume_proxy 1296 -0.0320477504 -0.0143062928 0.00397335608 0 0 0
volume_proxy 1297 0.12344217 -0.859094094 0.00675432068 0 0 0
volume_proxy 1301 -1.02008426 0.937471819 -0.00229165212 0 0 0
volume_proxy 1308 -0.62407056 0.88526268 0.0107771972 0 0 0
volume_proxy 1318 1.17738593 -0.416586733 0.00116535358 0 0 0
volume_proxy 1326 0.202842648 -0.152111184 -0.00362561438 0 0 0
volume_proxy 1335 0.249610393 -0.524462135 0.010359973 0 0 0
volume_proxy 1340 0.789801429 0.641120423 0.00346441954 0 0 0
volume_proxy 1348 1.34245709 -0.507374903 -0.00164107892 0 0 0
volume_proxy 1361 1.29931031 0.670021926 0.00294107516 0 0 0
volume_proxy 1366 0.907415746 0.870068803 -0.00733648077 0 0 0
volume_proxy 1380 -0.511573228 0.688712028 -0.0039326703 0 0 0
volume_proxy 1381 0.787357828 0.644037328 0.00134460871 0 0 0
volume_proxy 1384 0.150952572 0.322531019 -0.00601223667 0 0 0
volume_proxy 1386 0.691529437 0.973990077 0.00372992751 0 0 0
volume_proxy 1388 0.727881667 0.0784343397 -0.0099024789 0 0 0
volume_proxy 1390 -1.42534369 0.942549105 0.00271807212 0 0 0
volume_proxy 1392 -0.116600519 -0.810595627 0.000580815171 0 0 0
volume_proxy 1397 0.469089795 0.393114421 0.00825318574 0 0 0
volume_proxy 1398 -1.30584213 0.552460189 -0.000428802044 0 0 0
volume_proxy 1403 0.67786322 0.150790662 -0.000975539928 0 0 0
volume_proxy 1405 0.0193326336 0.539968147 -0.00744263734 0 0 0
volume_proxy 1408 0.502442143 0.776890553 -0.0076801994 0 0 0
volume_proxy 1409 1.32610001 0.389398424 -0.00609981376 0 0 0
volume_proxy 1413 0.638324761 0.797074742 0.00968696303 0 0 0
volume_proxy 1418 -1.39431965 -0.0326110695 0.00186229303 0 0 0
volume_proxy 1420 -1.23255592 -0.0262126248 0.0086243492 0 0 0
volume_proxy 1421 -1.49598619 -0.183444903 -0.0106124523 0 0 0
volume_proxy 1422 0.904782962 -0.954295835 0.00291503811 0 0 0
volume_proxy 1423 -0.355036882 0.691398415 -0.000126206912 0 0 0
volume_proxy 1425 -1.03703691 -0.76331269 -0.0104116637 0 0 0
volume_proxy 1426 0.793684573 -0.333880231 0.00177625662 0 0 0
volume_proxy 1428 -0.152334907 0.635677872 0.00914559861 0 0 0
volume_proxy 1429 1.13371715 -0.17185213 0.00557643385 0 0 0
volume_proxy 1433 1.02806714 0.170216132 0.00175312399 0 0 0
volume_proxy 1434 0.621922752 -0.433029528 0.0079049391 0 0 0
volume_proxy 1436 -0.883774341 -0.86171916 0.0100203715 0 0 0
volume_proxy 1437 -0.298245811 -0.415032441 0.00191880559 0 0 0
volume_proxy 1439 -0.613866005 0.768371011 0.000813609822 0 0 0
volume_proxy 1440 0.0916618803 -0.492326441 0.000199843505 0 0 0
volume_proxy 1444 -0.808154012 -0.630509909 -0.00540401947 0 0 0
volume_proxy 1445 0.408448716 -0.74656481 -0.0104272059 0 0 0
volume_proxy 1447 1.17968823 -0.553972332 0.00957046124 0 0 0
volume_proxy 1448 0.196690291 -0.365082333 0.00598622863 0 0 0
volume_proxy 1454 -1.00939762 -0.953102006 0.00738498621 0 0 0
volume_proxy 1459 -1.14225483 0.825058227 0.00990831736 0 0 0
volume_proxy 1460 0.993590975 0.318056422 0.000780138989 0 0 0
volume_proxy 1461 -1.33528441 0.35830398 0.00538246097 0 0 0
volume_proxy 1462 -0.94750066 -0.990243477 0.00349879111 0 0 0
volume_proxy 1464 -0.959126248 -0.997090094 0.00957882406 0 0 0
volume_proxy 1465 1.26174315 -0.783105667 -0.00523190426 0 0 0
volume_proxy 1466 -1.21884707 -0.707474646 -0.00965917656 0 0 0
volume_proxy 1470 -1.41554453 -0.777792599 -0.00988031881 0 0 0
volume_proxy 1471 0.00356812331 0.981197212 0.000300782473 0 0 0
volume_proxy 1472 -0.311033378 0.748088309 -0.001415248 0 0 0
volume_proxy 1473 -0.500903949 0.805371871 0.00738629948 0 0 0
volume_proxy 1474 0.805803532 -0.770629554 0.00164174471 0 0 0
volume_proxy 1475 0.923980165 0.184750631 -0.00794764687 0 0 0
volume_proxy 1476 0.158997519 -0.941225703 0.000414963662 0 0 0
volume_proxy 1477 -0.0799584808 -0.195868414 0.005327235 0 0 0
volume_proxy 1478 -0.111798052 -0.193677227 0.00207408145 0 0 0
volume_proxy 1479 0.719841342 0.885425247 0.00337752547 0 0 0
