volume_proxy 0 1.26781084 0.153691695 -0.00463386261 0 0 0
volume_proxy 4 1.40730719 0.818890977 0.00512582454 0 0 0
volume_proxy 5 0.00975028632 0.701035371 0.00136764152 0 0 0
volume_proxy 6 1.45174142 0.259875335 -0.00737247693 0 0 0
volume_proxy 11 0.47934968 0.927852316 -0.00320182638 0 0 0
volume_proxy 12 0.783708334 -0.282269678 0.00754452972 0 0 0
volume_proxy 14 0.531598934 0.584103003 -0.00718663248 0 0 0
volume_proxy 23 -0.905869626 -0.160802906 0.000249328947 0 0 0
volume_proxy 38 0.542004233 -0.334492867 0.0098322854 0 0 0
volume_proxy 40 -0.278251368 -0.355937267 -0.002160363 0 0 0
volume_proxy 50 -0.0811660653 -0.881748827 -0.00608655543 0 0 0
volume_proxy 52 -1.43201591 -0.546439903 0.0084728871 0 0 0
volume_proxy 53 -0.116444238 -0.553152066 0.00798926217 0 0 0
volume_proxy 58 1.11732197 -0.486870419 0.0063435242 0 0 0
volume_proxy 60 -0.600711424 0.435055636 -0.000875825027 0 0 0
volume_proxy 61 -0.740069574 -0.90011232 0.00903273649 0 0 0
volume_proxy 72 0.700949393 0.27648845 0.00785773898 0 0 0
volume_proxy 81 -1.2632183 -0.100045984 0.00801231073 0 0 0
volume_proxy 85 -0.66375465 0.216613238 -0.00763479263 0 0 0
volume_proxy 88 -0.98456023 0.518221374 0.000709200281 0 0 0
volume_proxy 97 1.11037954 -0.421450274 0.00359854736 0 0 0
volume_proxy 101 -1.47080814 0.795127892 0.00389022369 0 0 0
volume_proxy 105 -0.32789863 -0.487643928 0.0105899636 0 0 0
volume_proxy 106 -0.675834483 -0.833688331 -0.00116891302 0 0 0
volume_proxy 107 0.674893784 0.54771177 -0.00495592551 0 0 0
volume_proxy 108 1.28288016 0.210876597 -0.00904092705 0 0 0
volume_proxy 126 -0.268072066 -0.940068992 0.00992324695 0 0 0
volume_proxy 127 -0.702284151 0.180882256 -0.00483372096 0 0 0
volume_proxy 130 1.44303786 0.836797278 -0.00871152901 0 0 0
volume_proxy 132 0.86772266 0.658450359 0.0107086652 0 0 0
volume_proxy 135 -0.069422161 -0.88196771 0.00745108616 0 0 0
volume_proxy 140 -0.661746115 0.948869676 -0.00338582754 0 0 0
volume_proxy 145 -1.06148585 -0.477779432 0.00434905845 0 0 0
volume_proxy 157 0.521898608 -0.134842108 0.00421775156 0 0 0
volume_proxy 159 -0.661340033 -0.504073487 0.00706440398 0 0 0
volume_proxy 161 -0.564181059 0.246439433 0.00297565787 0 0 0
volume_proxy 169 0.991094183 0.615220621 -0.00139964339 0 0 0
volume_proxy 176 0.22118346 -0.374724467 -0.00627053069 0 0 0
volume_proxy 178 -1.2497454 0.614957018 0.00827858048 0 0 0
volume_proxy 186 -0.249427147 0.241504514 -0.000471995964 0 0 0
volume_proxy 189 -1.19569361 0.7158458 0.000294328663 0 0 0
volume_proxy 195 -0.448004863 0.0503264737 0.0048071965 0 0 0
volume_proxy 196 0.675996771 0.223069739 0.00980539006 0 0 0
volume_proxy 198 1.34679156 -0.553046108 0.00413532456 0 0 0
volume_proxy 200 -1.1516351 -0.253789509 0.0087573161 0 0 0
volume_proxy 202 -0.566438522 0.801337836 -0.00972756101 0 0 0
volume_proxy 209 -0.892849371 -0.909642022 -0.00835837367 0 0 0
volume_proxy 210 -0.0525005494 0.364844168 0.0104650277 0 0 0
volume_proxy 224 1.14294684 -0.834334035 -0.00121161505 0 0 0
volume_proxy 226 -0.676514682 -0.787067339 0.0037103958 0 0 0
volume_proxy 228 -0.336065916 0.576421083 -0.0100117348 0 0 0
volume_proxy 236 0.132270222 0.0808347965 0.00586216077 0 0 0
volume_proxy 237 0.342867734 0.651973051 -0.00412673797 0 0 0
volume_proxy 244 0.933878197 0.0487566281 -0.00696453132 0 0 0
volume_proxy 247 1.34575662 -0.330660529 0.00702345958 0 0 0
volume_proxy 251 0.530108128 -0.119255765 -0.00388301321 0 0 0
volume_proxy 256 -0.0376523069 -0.719817511 -0.000409206547 0 0 0
volume_proxy 258 0.548038868 0.0351379984 -0.00157905674 0 0 0
volume_proxy 259 1.02476368 0.744134478 0.0105977474 0 0 0
volume_proxy 269 0.914567089 -0.256772795 0.00164239831 0 0 0
volume_proxy 271 -1.4297449 0.868681433 -0.00261947222 0 0 0
volume_proxy 276 0.693255296 -0.435229848 0.00312937338 0 0 0
volume_proxy 277 -0.606952519 -0.856716712 0.00929295195 0 0 0
volume_proxy 279 -0.108573772 0.0832420853 -0.00927874954 0 0 0
volume_proxy 294 0.0319762724 0.712273324 0.000592325909 0 0 0
volume_proxy 296 0.162342928 -0.492914165 -0.00681252017 0 0 0
volume_proxy 298 0.759544806 -0.968464648 -0.00693128614 0 0 0
volume_proxy 305 0.243857266 -0.0144297074 0.00903264326 0 0 0
volume_proxy 310 0.817981662 0.605618209 -0.00241399367 0 0 0
volume_proxy 311 0.999824223 -0.856694754 0.0100254279 0 0 0
volume_proxy 314 -0.505836005 0.508292223 0.0014626978 0 0 0
volume_proxy 329 -0.842117001 0.768181653 0.00172079806 0 0 0
volume_proxy 337 -1.34506558 0.46283439 0.00910572122 0 0 0
volume_proxy 344 0.841007555 0.568329253 0.00875587128 0 0 0
volume_proxy 345 -0.756527418 0.514377751 -0.00868844731 0 0 0
volume_proxy 347 -0.270263013 -0.639972475 0.000570750667 0 0 0
volume_proxy 349 0.593544868 -0.187648197 -0.00637019046 0 0 0
volume_proxy 356 0.277911816 0.817379825 0.00591566602 0 0 0
volume_proxy 358 1.32888797 0.78683109 0.00577753566 0 0 0
volume_proxy 370 1.13568487 0.746544926 -0.00592897822 0 0 0
volume_proxy 375 0.688637335 -0.0903914774 -0.00689455673 0 0 0
volume_proxy 377 0.355706433 0.132257888 0.000172522122 0 0 0
volume_proxy 388 -1.03204878 0.0500077676 -0.00766933034 0 0 0
volume_proxy 393 1.314843 -0.0125494844 0.01010984 0 0 0
volume_proxy 397 0.550292585 0.00395734848 0.00370669519 0 0 0
volume_proxy 399 0.479237126 -0.571325243 0.00605114175 0 0 0
volume_proxy 409 -0.030336509 -0.398223898 0.00895123336 0 0 0
volume_proxy 412 1.16066831 -0.75627001 -0.00844332406 0 0 0
volume_proxy 431 -0.968515258 -0.510048931 0.00176781356 0 0 0
volume_proxy 497 -0.976239552 -0.2708734 -0.000847806076 0 0 0
volume_proxy 512 0.238088595 -0.986004678 0.00123737803 0 0 0
volume_proxy 513 0.654411894 -0.0473393654 -0.00647512913 0 0 0
volume_proxy 518 1.40931656 -0.51480748 0.00384703649 0 0 0
volume_proxy 591 -0.441562942 0.750928399 -0.00566034944 0 0 0
volume_proxy 616 0.853717998 0.58406403 0.00654995829 0 0 0
volume_proxy 637 -1.10885365 -0.694778745 0.010704733 0 0 0
volume_proxy 669 0.964646436 -0.546286238 0.00653124968 0 0 0
volume_proxy 682 0.0484578552 0.0248889618 -0.00233337833 0 0 0
volume_proxy 725 -1.27192089 -0.724721233 -0.000410907238 0 0 0
volume_proxy 751 -0.0537605983 -0.49086546 -0.00130972382 0 0 0
volume_proxy 797 -0.9572336 -0.712616128 -0.00653146709 0 0 0
volume_proxy 802 1.15999583 -0.174822439 0.00240348306 0 0 0
volume_proxy 814 0.993837882 -0.495365247 -0.0035179531 0 0 0
volume_proxy 848 -1.02339624 -0.345380762 0.00214788777 0 0 0
volume_proxy 856 1.15705262 -0.0313297437 -0.0043073876 0 0 0
volume_proxy 876 -0.430011427 -0.341371225 -0.00812437262 0 0 0
volume_proxy 883 0.255316905 0.668838721 0.0027905251 0 0 0
volume_proxy 902 0.0610015378 0.0553826984 0.00850669232 0 0 0
volume_proxy 903 0.259735415 0.186587292 -0.00980655949 0 0 0
volume_proxy 904 -0.892894827 0.613952327 0.00544750007 0 0 0
volume_proxy 914 0.576145796 -0.98742783 0.00971008506 0 0 0
volume_proxy 915 -0.966332877 0.220541136 0.00929968101 0 0 0
volume_proxy 926 -0.739176457 0.254898544 -0.00480892791 0 0 0
volume_proxy 929 -0.772068335 -0.603382042 -0.00430354132 0 0 0
volume_proxy 944 0.817587463 -0.687375736 -0.00778806956 0 0 0
volume_proxy 974 -0.368687333 -0.49059974 -0.00124453637 0 0 0
volume_proxy 979 0.0246922692 0.580191959 -0.00798476824 0 0 0
volume_proxy 991 -0.754053873 -0.492124229 0.0086944218 0 0 0
volume_proxy 992 0.34224477 0.129867407 0.00350640255 0 0 0
volume_proxy 997 1.37069099 0.150220329 -0.00277970379 0 0 0
volume_proxy 1001 0.010403152 0.755602995 0.00234059637 0 0 0
volume_proxy 1020 -1.04716239 0.30999792 -0.00428140907 0 0 0
volume_proxy 1021 -0.785389682 -0.981521029 0.00451104674 0 0 0
volume_proxy 1031 1.14683531 -0.427498022 -0.00927786685 0 0 0
volume_proxy 1036 0.316593523 0.537618945 -0.00894834725 0 0 0
volume_proxy 1040 -1.11889349 -0.584806785 0.00233053135 0 0 0
volume_proxy 1042 0.916089184 0.870457638 -0.000926056025 0 0 0
volume_proxy 1050 -0.781895952 -0.451692308 0.00926277694 0 0 0
volume_proxy 1052 -0.557095859 0.276856128 0.0103902793 0 0 0
volume_proxy 1062 0.408998227 0.355377155 -0.00669106247 0 0 0
volume_proxy 1066 0.704197884 0.469178502 -0.00920090206 0 0 0
volume_proxy 1069 -1.17951691 -0.235278536 -0.00280586797 0 0 0
volume_proxy 1086 0.302791615 -0.425491353 0.00965597863 0 0 0
volume_proxy 1093 -0.246157566 -0.57863125 0.00247239231 0 0 0
volume_proxy 1098 0.205404682 0.996262277 0.00130329995 0 0 0
volume_proxy 1102 1.28706018 0.47120183 -0.0010069541 0 0 0
volume_proxy 1110 0.839040195 -0.450668519 -0.00926838166 0 0 0
volume_proxy 1113 1.28180272 0.566223909 0.0100528518 0 0 0
volume_proxy 1117 0.858699472 0.191722906 0.0106640804 0 0 0
volume_proxy 1118 -0.0616725028 -0.6167676 -0.000771328439 0 0 0
volume_proxy 1120 0.042788611 0.494445314 -0.00575513223 0 0 0
volume_proxy 1133 0.976573292 -0.973861191 -0.00190884424 0 0 0
volume_proxy 1134 0.195464484 0.427388617 0.00335037371 0 0 0
volume_proxy 1137 -0.7383224 -0.000566070638 -0.00326071778 0 0 0
volume_proxy 1138 1.32395579 -0.629686952 0.00328022426 0 0 0
volume_proxy 1143 -0.640738042 0.466530076 -0.00343459063 0 0 0
volume_proxy 1147 0.179650069 0.291025224 0.00333101549 0 0 0
volume_proxy 1151 0.586555649 -0.974349805 0.0091700039 0 0 0
volume_proxy 1157 -0.163274767 0.439778189 -0.00619997285 0 0 0
volume_proxy 1166 -1.33647303 0.431303744 -0.00921554054 0 0 0
volume_proxy 1168 -0.260043126 -0.793565945 0.00091156359 0 0 0
volume_proxy 1169 1.49728685 -0.619193452 -0.00961349626 0 0 0
volume_proxy 1170 -1.20031577 -0.0704832851 0.00774222546 0 0 0
volume_proxy 1171 -0.718348219 0.169615215 0.00339689497 0 0 0
volume_proxy 1172 -0.211844656 0.361230267 -0.0100404381 0 0 0
volume_proxy 1174 0.143008782 0.284934627 0.00112432987 0 0 0
volume_proxy 1179 0.726010476 0.0796370789 0.00777155553 0 0 0
volume_proxy 1180 -0.671523149 0.530703766 -0.00675006448 0 0 0
volume_proxy 1182 0.0353202897 0.82847554 0.0091842206 0 0 0
volume_proxy 1186 -0.342613684 -0.238609933 0.00214394556 0 0 0
volume_proxy 1191 1.03480117 0.870166825 0.000639441156 0 0 0
volume_proxy 1193 -1.20528396 0.211068661 -0.00684866211 0 0 0
volume_proxy 1195 -1.43285915 -0.403555324 0.0074302311 0 0 0
volume_proxy 1197 -0.95450036 -0.905099601 -0.00255197596 0 0 0
volume_proxy 1198 0.046756403 0.540160475 0.0017024816 0 0 0
volume_proxy 1206 1.04735481 0.322725323 0.0100487009 0 0 0
volume_proxy 1208 -0.273621093 -0.0629908544 -0.00923147165 0 0 0
volume_proxy 1209 -1.3239721 0.210221329 -0.0101390533 0 0 0
volume_proxy 1210 -1.38540065 0.978395708 -0.0065416411 0 0 0
volume_proxy 1214 -0.457941025 0.155776713 0.00312918819 0 0 0
volume_proxy 1217 -0.471011957 0.575263268 -0.00799899625 0 0 0
volume_proxy 1219 -0.835600258 0.134818446 0.00246830802 0 0 0
volume_proxy 1220 0.804663162 0.0559046356 0.00970852165 0 0 0
volume_proxy 1223 1.21726164 0.530467943 0.00216971823 0 0 0
volume_proxy 1225 -0.234742437 -0.160033459 0.00375215311 0 0 0
volume_proxy 1229 1.27009484 0.926095729 -0.0028646666 0 0 0
volume_proxy 1230 1.03644815 -0.741021244 -0.00539190629 0 0 0
volume_proxy 1231 -0.914949887 0.0794832343 -0.0069930952 0 0 0
volume_proxy 1237 0.661186472 0.734587605 0.0047458828 0 0 0
volume_proxy 1238 0.662815769 0.963726498 0.0064160364 0 0 0
volume_proxy 1240 1.16687138 0.608128083 0.00184637137 0 0 0
volume_proxy 1243 -0.795201891 -0.73099156 -0.00757557589 0 0 0
volume_proxy 1245 -1.4938003 0.668161592 -0.00929886971 0 0 0
volume_proxy 1247 -1.20295529 0.425003134 -0.0103058319 0 0 0
volume_proxy 1248 0.952016602 0.35475812 0.00374359039 0 0 0
volume_proxy 1252 0.746860939 -0.752917746 0.00738071092 0 0 0
volume_proxy 1254 0.68219664 -0.793376463 0.00709437302 0 0 0
volume_proxy 1255 0.955898823 -0.465756373 0.0028389256 0 0 0
volume_proxy 1257 0.409853004 -0.575804689 -0.00441642324 0 0 0
volume_proxy 1258 1.03311677 0.526367825 0.00766981054 0 0 0
volume_proxy 1259 -1.02289701 0.880682532 -0.0106111092 0 0 0
volume_proxy 1260 0.521194615 0.640268554 0.00218229192 0 0 0
volume_proxy 1261 -0.53665818 0.862009352 0.008584714 0 0 0
volume_proxy 1262 0.759176983 0.318636524 0.00333021565 0 0 0
volume_proxy 1263 0.795458518 -0.0196990956 0.0082322759 0 0 0
volume_proxy 1264 0.298613943 -0.296349142 0.00783487527 0 0 0
volume_proxy 1267 -1.10680441 -0.34351892 0.00698371384 0 0 0
volume_proxy 1270 0.518723027 -0.538066181 -0.00823516651 0 0 0
volume_proxy 1271 -1.26874224 -0.181765557 -0.0107235218 0 0 0
volume_proxy 1272 0.505312913 0.00797744774 0.00786929134 0 0 0
volume_proxy 1273 -0.671668956 0.929929134 -0.00529461591 0 0 0
volume_proxy 1275 -0.998160266 0.601213587 0.00756773505 0 0 0
volume_proxy 1276 1.01943135 0.3908565 -0.0041159336 0 0 0
volume_proxy 1277 1.4039462 0.604270674 -0.00217313357 0 0 0
volume_proxy 1278 1.22338201 0.120409579 -0.0012649371 0 0 0
volume_proxy 1279 -1.00462252 0.623480973 0.0083442574 0 0 0
volume_proxy 1280 -1.32535753 0.536973544 -0.00983361358 0 0 0
volume_proxy 1281 -0.143497374 -0.81783025 0.00319508498 0 0 0
volume_proxy 1285 -0.960805823 0.749296293 0.00871193974 0 0 0
volume_proxy 1289 0.774518713 -0.639342548 0.00829732379 0 0 0
volume_proxy 1290 -1.44985735 -0.800319992 -0.000127944864 0 0 0
volume_proxy 1291 -0.12916293 0.946448434 0.00248598602 0 0 0
volume_proxy 1292 -0.137587924 0.287244539 0.00723094883 0 0 0
volume_proxy 1293 -0.400700133 -0.806337718 0.010118337 0 0 0
volume_proxy 1294 1.41139799 0.906001891 0.00927172002 0 0 0
volume_proxy 1295 -1.3426389 0.488437978 0.00945016386 0 0 0
volume_proxy 1296 -0.140480209 -0.324070841 0.000525576487 0 0 0
volume_proxy 1297 -0.489997815 -0.630535693 0.00587631519 0 0 0
volume_proxy 1298 -0.335099707 -0.857101414 -0.000266581193 0 0 0
volume_proxy 1299 -0.690953672 -0.00938977776 0.0020671791 0 0 0
volume_proxy 1300 -1.40757454 0.906551287 -0.00648405584 0 0 0
volume_proxy 1301 -1.03113548 0.964778828 -0.00857726322 0 0 0
volume_proxy 1303 -0.820061243 0.607026711 0.0102051664 0 0 0
volume_proxy 1306 -0.362602247 -0.235962462 0.0032636943 0 0 0
volume_proxy 1308 -0.538020541 -0.0631393964 0.00205081482 0 0 0
volume_proxy 1309 0.00274081702 -0.492491314 0.00750503508 0 0 0
volume_proxy 1310 -0.093530371 0.91540084 0.00237115073 0 0 0
volume_proxy 1312 0.979512539 -0.234032296 -0.00262076094 0 0 0
volume_proxy 1313 0.0713145923 0.359049001 -0.0105723235 0 0 0
volume_proxy 1314 0.182382455 0.351666914 -0.00532454208 0 0 0
volume_proxy 1315 -0.716007042 -0.564202766 0.0055305886 0 0 0
volume_proxy 1316 -0.339823269 0.897355652 -0.00630561772 0 0 0
volume_proxy 1317 1.3713748 0.397579953 -0.00588325899 0 0 0
volume_proxy 1318 0.921893247 -0.697238563 0.00571219932 0 0 0
volume_proxy 1320 -0.405779015 -0.901897072 0.00809159829 0 0 0
volume_proxy 1321 -0.857080132 -0.0659946643 0.00630431569 0 0 0
volume_proxy 1322 0.883073953 -0.886361358 -0.00615396743 0 0 0
volume_proxy 1323 0.910502662 0.977399867 0.0054633783 0 0 0
volume_proxy 1324 0.916915894 0.99142556 0.00530214488 0 0 0
volume_proxy 1325 0.0682966725 -0.229499902 0.00570834641 0 0 0
volume_proxy 1326 0.0743043492 -0.243700287 0.00809649802 0 0 0
