volume_proxy 0 1.32475757 -0.0354333822 -0.00135290833 0 0 0
volume_proxy 5 0.249691602 0.41186022 0.000890888958 0 0 0
volume_proxy 6 0.919138689 -0.170499896 0.00418381032 0 0 0
volume_proxy 11 0.345788187 0.547586724 -0.000404114682 0 0 0
volume_proxy 12 1.38595324 -0.222251914 -0.00101884803 0 0 0
volume_proxy 14 0.436799827 0.156612146 -0.00984235515 0 0 0
volume_proxy 23 -0.452148703 -0.129166064 0.00463063603 0 0 0
volume_proxy 38 0.533926935 -0.0746116129 -0.00379031458 0 0 0
volume_proxy 40 0.118717341 -0.91814348 -0.00535487507 0 0 0
volume_proxy 50 -0.758838553 -0.585485594 0.00751162316 0 0 0
volume_proxy 53 -0.279691724 -0.922151307 0.0016026784 0 0 0
volume_proxy 58 1.4084439 -0.463030395 -0.00901194739 0 0 0
volume_proxy 60 0.0956314348 0.549386784 -0.00459839845 0 0 0
volume_proxy 61 -0.0230975783 -0.888807375 -0.00169248273 0 0 0
volume_proxy 72 0.0942149475 -0.292908794 -0.00630282212 0 0 0
volume_proxy 81 -0.669633812 -0.548305384 -0.00208847473 0 0 0
volume_proxy 85 -0.504964696 0.163892273 -0.00110090688 0 0 0
volume_proxy 88 -0.817669469 -0.215854359 0.0107789145 0 0 0
volume_proxy 97 1.45617917 -0.552155563 -0.0080466429 0 0 0
volume_proxy 101 -1.19003611 0.901628657 0.00505095723 0 0 0
volume_proxy 105 -0.024035514 -0.924561975 -0.00402680065 0 0 0
volume_proxy 106 0.121661043 -0.784725961 0.0017032441 0 0 0
volume_proxy 107 0.8410049 0.24092574 -0.000349018357 0 0 0
volume_proxy 108 1.45961033 0.154675092 0.0012105066 0 0 0
volume_proxy 126 -0.110913223 -0.43454046 0.010491099 0 0 0
volume_proxy 127 -0.588413643 0.394745613 0.00165595947 0 0 0
volume_proxy 130 0.86963703 0.496795287 0.0104373867 0 0 0
volume_proxy 132 0.624973369 0.882734508 -0.00873967556 0 0 0
volume_proxy 140 -0.570785825 0.546924579 0.00256983145 0 0 0
volume_proxy 145 -0.932889835 -0.932210191 -0.00689728344 0 0 0
volume_proxy 157 0.33748005 0.324511412 -0.00121396558 0 0 0
volume_proxy 159 -0.131976866 -0.554536311 -0.000535893297 0 0 0
volume_proxy 161 -0.400341474 0.0127619113 0.00972858402 0 0 0
volume_proxy 176 0.369961087 -0.739299875 -0.00119093007 0 0 0
volume_proxy 178 -1.23893709 0.756190817 0.00862820336 0 0 0
volume_proxy 186 -0.0842916889 0.78234186 -0.0100759306 0 0 0
volume_proxy 189 -1.24121276 0.524046312 -0.00461882727 0 0 0
volume_proxy 195 -0.374299838 -0.372583419 0.00670703831 0 0 0
volume_proxy 196 0.509333323 0.38857007 -0.00240907531 0 0 0
volume_proxy 200 -0.0555081806 -0.872106695 -0.00165460195 0 0 0
volume_proxy 202 -0.813908943 0.882656526 -0.0079768554 0 0 0
volume_proxy 209 -0.762885177 -0.300272248 0.0045013833 0 0 0
volume_proxy 210 -0.382871077 0.165242647 -0.00743035034 0 0 0
volume_proxy 224 0.607787449 -0.777385458 0.00719751765 0 0 0
volume_proxy 226 -0.590169935 -0.405750694 -0.00111236245 0 0 0
volume_proxy 236 0.465717935 0.240520584 0.00931994176 0 0 0
volume_proxy 244 1.4192767 0.416839942 0.00418439227 0 0 0
volume_proxy 247 0.742412077 0.0793347829 0.00147691801 0 0 0
volume_proxy 256 -0.372207625 -0.686198185 -0.00413702821 0 0 0
volume_proxy 259 0.231517502 -0.0398239284 0.0106855529 0 0 0
volume_proxy 269 -0.127057312 -0.78323029 0.00712121996 0 0 0
volume_proxy 276 0.715601779 -0.316039649 0.0107972533 0 0 0
volume_proxy 277 -0.732371317 -0.434554272 0.0046510994 0 0 0
volume_proxy 294 0.669213395 0.500867279 -0.00933888068 0 0 0
volume_proxy 296 0.336632857 -0.293526698 -0.000545143283 0 0 0
volume_proxy 298 1.12316713 -0.471244601 -0.0105233878 0 0 0
volume_proxy 305 0.371104139 -0.291704096 -0.00791060094 0 0 0
volume_proxy 310 1.2194886 0.522877014 0.00589657921 0 0 0
volume_proxy 311 1.34508177 -0.311012967 -0.0065397308 0 0 0
volume_proxy 329 -0.770293652 -0.0329282783 -0.00369596497 0 0 0
volume_proxy 337 -0.886955262 0.477065589 0.00748883229 0 0 0
volume_proxy 344 0.576819367 0.356397992 0.00458798762 0 0 0
volume_proxy 347 -0.634178938 -0.760795672 -0.00708827565 0 0 0
volume_proxy 349 0.627591563 0.0159079295 0.00102137659 0 0 0
volume_proxy 356 0.527343295 0.414435405 0.010397162 0 0 0
volume_proxy 358 1.00218897 0.866507342 0.00107265385 0 0 0
volume_proxy 375 1.18594808 -0.352752649 -0.0087099929 0 0 0
volume_proxy 388 -1.05424579 0.244219841 -0.0011523582 0 0 0
volume_proxy 399 0.799950913 -0.489236782 0.00124288869 0 0 0
volume_proxy 409 0.416159761 -0.629311004 0.00450814896 0 0 0
volume_proxy 412 1.45739734 -0.0221901553 0.006732021 0 0 0
volume_proxy 431 -1.07135668 -0.992606907 -0.00291415886 0 0 0
volume_proxy 512 0.297849385 -0.889325477 0.00463139614 0 0 0
volume_proxy 518 1.44088471 0.792277542 0.0105947603 0 0 0
volume_proxy 591 -0.270988752 0.351611297 0.00113189407 0 0 0
volume_proxy 682 0.353085524 -0.310040376 0.0105149907 0 0 0
volume_proxy 725 -1.16852535 -0.767765032 0.000173712465 0 0 0
volume_proxy 751 -0.36486956 -0.873282015 -0.00465914191 0 0 0
volume_proxy 802 0.896427422 -0.375710499 -0.00409406689 0 0 0
volume_proxy 814 0.298712608 0.102174401 0.0101543669 0 0 0
volume_proxy 876 -0.242601519 -0.270724328 -0.00970457497 0 0 0
volume_proxy 904 -0.649637246 0.729456219 -0.00771409436 0 0 0
volume_proxy 914 0.183217517 -0.662899427 -0.00524995759 0 0 0
volume_proxy 929 -1.06471707 -0.487763699 -5.26689261e-05 0 0 0
volume_proxy 944 0.260609969 -0.714102646 0.0054890717 0 0 0
volume_proxy 991 -1.23808996 -0.743751595 0.00385895279 0 0 0
volume_proxy 1020 -1.12308613 0.576839261 -0.00140729036 0 0 0
volume_proxy 1021 -0.73283898 -0.894524035 0.00509527452 0 0 0
volume_proxy 1042 0.749574486 0.923812549 0.005560645 0 0 0
volume_proxy 1050 -1.40452803 -0.37468116 -0.00488753362 0 0 0
volume_proxy 1052 -0.323140023 -0.0652292849 0.00824720313 0 0 0
volume_proxy 1062 0.901984078 0.106935293 -0.00143472126 0 0 0
volume_proxy 1066 0.510030166 0.472115287 -0.00331117314 0 0 0
volume_proxy 1093 -0.210850921 -0.503663399 -0.00850840533 0 0 0
volume_proxy 1098 0.819826024 0.899383261 -0.00547459118 0 0 0
volume_proxy 1118 -0.273881257 -0.421523566 0.00211805731 0 0 0
volume_proxy 1120 -0.241750347 0.550671414 -0.0069895046 0 0 0
volume_proxy 1133 0.754055401 -0.695282409 0.00551402558 0 0 0
volume_proxy 1137 -0.632656634 -0.0810099336 -0.00556829303 0 0 0
volume_proxy 1138 1.28279555 -0.978161312 -0.00677444877 0 0 0
volume_proxy 1151 0.71690768 -0.979706149 0.00054637457 0 0 0
volume_proxy 1166 -0.868134548 0.520070875 0.00127943051 0 0 0
volume_proxy 1169 1.2902036 -0.84613602 0.00951634225 0 0 0
volume_proxy 1172 0.20213715 0.498919747 -0.00187473772 0 0 0
volume_proxy 1180 -0.918274551 0.0943092021 0.00236211754 0 0 0
volume_proxy 1186 -0.607128839 -0.891119526 -0.00166095113 0 0 0
volume_proxy 1193 -0.968011706 -0.175519152 -0.00776233072 0 0 0
volume_proxy 1195 -1.30815226 -0.425756048 -0.00063657114 0 0 0
volume_proxy 1197 -0.413637958 -0.467303086 -0.00993471342 0 0 0
volume_proxy 1198 -0.033558373 0.770123754 -0.00992846649 0 0 0
volume_proxy 1208 -0.560269105 -0.342967289 0.00993724299 0 0 0
volume_proxy 1209 -0.997788424 0.511115556 0.00642767454 0 0 0
volume_proxy 1210 -1.03677715 0.868224783 -0.00581334185 0 0 0
volume_proxy 1217 -0.389403906 0.400322875 0.000518075031 0 0 0
volume_proxy 1219 -0.717984503 0.658318023 -0.00574193715 0 0 0
volume_proxy 1223 1.30461916 0.290696176 0.00979864962 0 0 0
volume_proxy 1225 0.00260242493 -0.155555052 -0.00840981418 0 0 0
volume_proxy 1230 1.00705654 -0.300171994 0.00397185192 0 0 0
volume_proxy 1231 -1.48349332 -0.0321645963 -0.00410522562 0 0 0
volume_proxy 1237 0.176913339 0.847454481 0.0037446642 0 0 0
volume_proxy 1238 0.588327076 0.936320681 0.00534618866 0 0 0
volume_proxy 1245 -1.24575295 0.940895425 -0.00435460431 0 0 0
volume_proxy 1255 1.12422739 -0.499506988 0.000737525216 0 0 0
volume_proxy 1259 -0.822334222 0.644326616 -0.000522060342 0 0 0
volume_proxy 1262 1.44083194 0.30004663 -0.000898019053 0 0 0
volume_proxy 1264 0.172341551 -0.338881343 0.00762933337 0 0 0
volume_proxy 1270 0.412896234 -0.0126070041 0.00850587207 0 0 0
volume_proxy 1273 -0.752013574 0.489394377 0.00495713584 0 0 0
volume_proxy 1280 -1.07891091 0.215168522 0.00801802054 0 0 0
volume_proxy 1285 -1.29550022 0.896817542 0.00933045458 0 0 0
volume_proxy 1292 0.137859199 0.25186931 -0.000123478248 0 0 0
volume_proxy 1293 -0.281883133 -0.978511974 0.00641971441 0 0 0
volume_proxy 1294 1.07176454 0.549167318 -0.00854377658 0 0 0
volume_proxy 1295 -1.36550637 0.609691174 -0.00538574261 0 0 0
volume_proxy 1296 -0.0289255178 -0.115037721 0.00335038015 0 0 0
volume_proxy 1297 -0.246005391 -0.722013338 -0.0012323779 0 0 0
volume_proxy 1298 -1.13208925 -0.949528446 0.00482937411 0 0 0
volume_proxy 1301 -0.723542289 0.910260087 0.00415493891 0 0 0
volume_proxy 1303 -0.781243543 0.919560663 0.00249482639 0 0 0
volume_proxy 1308 -0.358730589 0.138999128 -0.00148667639 0 0 0
volume_proxy 1309 -0.310736533 -0.273126583 -0.00380642238 0 0 0
volume_proxy 1315 -0.985078542 -0.719460501 -0.00875612667 0 0 0
volume_proxy 1318 0.711906017 -0.368395317 0.00931312142 0 0 0
volume_proxy 1325 -0.0948766587 -0.478065839 0.00802359262 0 0 0
volume_proxy 1326 -0.0956370767 -0.0111021457 0.0014605812 0 0 0
volume_proxy 1329 0.978850358 0.769258493 0.00481014333 0 0 0
volume_proxy 1330 0.513824704 0.459417072 0.00786322662 0 0 0
volume_proxy 1331 0.284868194 0.253832182 0.00183833814 0 0 0
volume_proxy 1334 -1.3685963 -0.106460176 -0.00441488917 0 0 0
volume_proxy 1335 0.400096484 -0.194810311 -0.00491524878 0 0 0
volume_proxy 1336 0.615591794 -0.0193576641 -0.00377122971 0 0 0
volume_proxy 1337 -0.0982444788 0.545379993 -0.00201976511 0 0 0
volume_proxy 1340 0.325124232 0.893550507 -0.00047232908 0 0 0
volume_proxy 1341 -0.713571031 -0.456733969 0.00619075781 0 0 0
volume_proxy 1345 0.352872691 -0.920345313 0.010480418 0 0 0
volume_proxy 1347 -0.413181398 0.315930965 -0.00612111216 0 0 0
volume_proxy 1348 0.751005702 -0.738361696 -0.000212448675 0 0 0
volume_proxy 1349 -1.48592169 -0.168824118 -0.00598443431 0 0 0
volume_proxy 1353 1.18266242 -0.162830126 0.00766061541 0 0 0
volume_proxy 1354 -0.391222686 -0.361399373 -0.000556313626 0 0 0
volume_proxy 1357 -1.48485108 0.0695407292 -0.00646354911 0 0 0
volume_proxy 1358 -0.581521419 -0.342336673 -0.00528452322 0 0 0
volume_proxy 1360 -1.30023023 -0.905485395 0.00646736702 0 0 0
volume_proxy 1361 1.07398725 0.88108238 -0.00803269571 0 0 0
volume_proxy 1366 1.02660171 0.903581627 0.00419108342 0 0 0
volume_proxy 1367 -0.522629716 -0.873711453 0.00333027548 0 0 0
volume_proxy 1368 1.03742394 -0.910401895 -8.41732858e-05 0 0 0
volume_proxy 1369 1.07953997 0.856917564 -0.00839630471 0 0 0
volume_proxy 1376 0.85739515 -0.410961513 0.00669533557 0 0 0
volume_proxy 1378 0.548636337 -0.550530678 -0.00717101022 0 0 0
volume_proxy 1379 0.552861635 0.304689259 0.00479280941 0 0 0
volume_proxy 1380 -0.247313756 0.29617734 -0.0061055903 0 0 0
volume_proxy 1381 0.752884992 0.6001054 -0.00816282488 0 0 0
volume_proxy 1382 -0.386205381 -0.0760274223 -0.00382025214 0 0 0
volume_proxy 1383 -1.22289758 0.607361328 -0.00425836406 0 0 0
volume_proxy 1384 0.525265637 0.401291514 0.000262671915 0 0 0
volume_proxy 1385 1.16365742 0.587988671 -0.00405002035 0 0 0
volume_proxy 1386 0.561348267 0.533080811 0.00471990237 0 0 0
volume_proxy 1387 -0.00614694226 0.793062345 -0.0087105923 0 0 0
volume_proxy 1388 0.12302344 0.198509861 -0.00438037068 0 0 0
volume_proxy 1389 -0.068941351 0.811305927 0.00989604486 0 0 0
volume_proxy 1390 -1.39914865 0.329042754 -0.00667801449 0 0 0
volume_proxy 1391 0.66076826 0.0364715188 -0.000207191006 0 0 0
volume_proxy 1392 -0.438135229 -0.952380176 -0.00475611772 0 0 0
volume_proxy 1393 0.851689442 0.118381319 -0.0064552397 0 0 0
volume_proxy 1394 1.32944741 0.673108829 -0.00599992234 0 0 0
volume_proxy 1395 1.3480583 0.289720695 -0.0066455955 0 0 0
volume_proxy 1396 -0.956429083 -0.562983081 0.0045936104 0 0 0
volume_proxy 1397 -0.642823781 0.447752737 -0.00388878908 0 0 0
volume_proxy 1398 -0.769522784 0.409904996 -0.00746289566 0 0 0
volume_proxy 1401 1.06974552 0.391605333 0.00363109181 0 0 0
volume_proxy 1403 0.891605416 0.0800418121 -0.00694994811 0 0 0
volume_proxy 1404 0.957228652 0.679265521 -0.00458877574 0 0 0
