volume_proxy 0 0.343345275 0.127940158 0.00280943467 0 0 0
volume_proxy 5 1.14004445 -0.602279781 -0.000595775031 0 0 0
volume_proxy 6 -0.208546931 0.0157367401 -0.00643069135 0 0 0
volume_proxy 11 1.35819243 0.604099457 0.00835540491 0 0 0
volume_proxy 12 0.237634786 -0.861586871 -0.00615753144 0 0 0
volume_proxy 14 -0.726607111 0.858047444 -0.00951264929 0 0 0
volume_proxy 23 1.45320541 -0.833830323 -0.00575444245 0 0 0
volume_proxy 38 0.505576344 -0.42472124 0.00846854084 0 0 0
volume_proxy 40 -0.314817166 -0.497510937 0.0102603935 0 0 0
volume_proxy 50 -0.765319533 -0.0751148292 -0.00886743014 0 0 0
volume_proxy 53 -0.622522655 0.640862084 0.000498535566 0 0 0
volume_proxy 58 0.748745303 -0.717322552 0.000615420917 0 0 0
volume_proxy 60 0.669852668 0.750682865 -0.000111486429 0 0 0
volume_proxy 85 -0.897789827 0.625362812 -0.0103279402 0 0 0
volume_proxy 97 1.18940086 0.676463646 -0.0074859738 0 0 0
volume_proxy 107 1.21263293 -0.632591482 -0.00357881724 0 0 0
volume_proxy 127 -0.787089843 -0.11576885 -0.00915919037 0 0 0
volume_proxy 130 0.575701849 0.760992217 -0.00875130523 0 0 0
volume_proxy 140 -0.59942348 0.959506106 0.00218694102 0 0 0
volume_proxy 157 1.42622615 0.818361383 0.00600899789 0 0 0
volume_proxy 159 1.29367668 0.676635001 -0.00818771659 0 0 0
volume_proxy 161 0.899509426 0.473716007 0.00669559038 0 0 0
volume_proxy 176 0.893074072 0.000102154815 -0.000921130456 0 0 0
volume_proxy 186 -1.4273078 -0.465079997 0.00767879647 0 0 0
volume_proxy 189 -0.88742865 0.598868996 -0.00803495136 0 0 0
volume_proxy 195 -0.430424487 -0.147505756 0.00574507595 0 0 0
volume_proxy 196 0.564239426 0.593441531 -0.00482382195 0 0 0
volume_proxy 200 -0.0830416323 -0.9130931 0.0043946156 0 0 0
volume_proxy 202 -0.1680972 0.775888687 -0.000106113616 0 0 0
volume_proxy 209 -0.963409908 -0.233983946 0.00151918167 0 0 0
volume_proxy 210 -0.0331001936 0.724679193 0.00593384311 0 0 0
volume_proxy 226 0.363006771 -0.297543111 -0.00926721096 0 0 0
volume_proxy 236 0.557179864 0.405216607 -0.00374751045 0 0 0
volume_proxy 247 1.10138639 0.706025059 0.000392652234 0 0 0
volume_proxy 256 -1.32938961 0.806671307 -0.00643400932 0 0 0
volume_proxy 259 0.854762555 0.269861613 0.00756073666 0 0 0
volume_proxy 269 -1.05362901 -0.0479898809 -0.00411918264 0 0 0
volume_proxy 277 -1.11351727 -0.529233889 0.00108038817 0 0 0
volume_proxy 296 -1.25072924 -0.04593131 0.00835498429 0 0 0
volume_proxy 305 1.15756742 -0.288736165 0.00288761949 0 0 0
volume_proxy 310 -0.490947948 -0.908411248 -0.0085336794 0 0 0
volume_proxy 344 -1.19739457 0.37022427 -0.00542034927 0 0 0
volume_proxy 347 -0.351996326 0.802395422 0.000382972776 0 0 0
volume_proxy 356 -0.649269065 0.796965011 -0.00295934788 0 0 0
volume_proxy 375 0.767552781 -0.84544285 0.00236599538 0 0 0
volume_proxy 388 0.604022229 -0.076608531 0.00568340541 0 0 0
volume_proxy 802 1.48954016 -0.309254329 -0.00403625989 0 0 0
volume_proxy 1052 -0.761662528 -0.953880778 -0.00598487635 0 0 0
volume_proxy 1066 -0.424794593 -0.0339238531 -0.00689110753 0 0 0
volume_proxy 1120 -0.338551525 0.0203786679 -0.00319336654 0 0 0
volume_proxy 1166 -0.524679681 0.152816383 -0.00414212166 0 0 0
volume_proxy 1169 0.881645407 -0.786685597 -0.00890642547 0 0 0
volume_proxy 1193 -1.39693595 -0.552504754 -0.00604011255 0 0 0
volume_proxy 1225 -0.271570727 -0.197299756 0.0010728807 0 0 0
volume_proxy 1245 -0.973871722 0.0502187935 0.0004805341 0 0 0
volume_proxy 1280 -0.885768609 0.894250316 -0.004415192 0 0 0
volume_proxy 1285 -1.27805023 -0.250277307 -0.000323575729 0 0 0
volume_proxy 1295 -0.473517031 0.193981094 -0.00413816039 0 0 0
volume_proxy 1296 0.270365139 -0.658344802 0.003928081 0 0 0
volume_proxy 1340 1.05257184 0.664413152 0.00513083774 0 0 0
volume_proxy 1380 -0.0643550683 0.939069642 0.00804502955 0 0 0
volume_proxy 1386 0.800461108 0.384661555 0.00212407866 0 0 0
volume_proxy 1397 1.06921276 0.993430535 -0.00521775483 0 0 0
volume_proxy 1409 0.177472145 0.838482273 0.00677770075 0 0 0
volume_proxy 1413 0.717906097 0.725361868 0.00900368892 0 0 0
volume_proxy 1422 0.453593147 -0.722904143 -0.00434733263 0 0 0
volume_proxy 1433 1.14103354 0.948665111 -0.0085102271 0 0 0
volume_proxy 1434 -0.0949921668 -0.949190157 -0.00538111874 0 0 0
volume_proxy 1437 -0.122300943 -0.116483153 0.00279257384 0 0 0
volume_proxy 1439 -0.163201721 0.611406914 0.0106603941 0 0 0
volume_proxy 1447 0.699373404 -0.584604386 -0.00986584564 0 0 0
volume_proxy 1459 -0.811147508 0.342158771 -0.00931628133 0 0 0
volume_proxy 1460 0.702770834 0.650152136 0.00608377696 0 0 0
volume_proxy 1461 -1.22181345 0.617343845 -0.00482625245 0 0 0
volume_proxy 1466 -0.530414849 -0.128680006 -0.00407589845 0 0 0
volume_proxy 1472 -1.24340363 0.596065172 -0.000372936117 0 0 0
volume_proxy 1474 0.467803373 -0.763046693 -0.0044106031 0 0 0
volume_proxy 1481 1.14035462 0.64164231 0.00556608338 0 0 0
volume_proxy 1482 1.33798964 -0.0369885852 0.00808092031 0 0 0
volume_proxy 1485 0.481979892 -0.538558894 0.000727192539 0 0 0
volume_proxy 1489 -0.0440015519 -0.31022158 -0.00348861746 0 0 0
volume_proxy 1490 1.29630228 0.969828059 0.0102358236 0 0 0
volume_proxy 1492 0.431719604 0.532668147 -7.03398279e-05 0 0 0
volume_proxy 1493 0.642891674 0.454326632 -0.00528738453 0 0 0
volume_proxy 1494 0.982229526 -0.0825732707 0.000376065375 0 0 0
volume_proxy 1496 -1.14956615 0.783541625 0.0106214376 0 0 0
volume_proxy 1498 -0.486451846 0.550741197 -0.00216845368 0 0 0
volume_proxy 1501 -0.351847069 -0.718957994 0.0105636444 0 0 0
volume_proxy 1503 0.134503528 0.174183495 0.00319205162 0 0 0
volume_proxy 1506 0.397103329 0.956252082 -0.00836424201 0 0 0
volume_proxy 1507 -1.03211694 -0.405534155 0.00587316302 0 0 0
volume_proxy 1508 -0.723779837 -0.787330471 0.000571752154 0 0 0
volume_proxy 1509 -1.12685804 0.739237647 -0.00933644981 0 0 0
volume_proxy 1510 0.290907073 -0.476490853 0.00451922929 0 0 0
volume_proxy 1511 1.36289557 0.536176053 0.00461670829 0 0 0
volume_proxy 1513 -1.41119842 0.56092016 -0.00025542339 0 0 0
volume_proxy 1515 0.553964264 -0.12264917 -0.00351973885 0 0 0
volume_proxy 1516 -0.306368526 -0.976731051 0.00412845213 0 0 0
volume_proxy 1517 -1.12010845 -0.422301198 -0.00875261016 0 0 0
volume_proxy 1519 0.15551304 -0.364302133 0.000676822683 0 0 0
volume_proxy 1520 0.64904187 -0.488114054 0.00269623325 0 0 0
volume_proxy 1521 -0.657796529 -0.0128109258 -0.00263460508 0 0 0
volume_proxy 1522 0.305256069 0.682043274 -0.00805221071 0 0 0
volume_proxy 1523 1.43387795 -0.25719854 -0.00243238859 0 0 0
volume_proxy 1525 -0.877132927 0.715992703 -0.0103642285 0 0 0
volume_proxy 1526 1.16812897 -0.124777768 0.00321042751 0 0 0
volume_proxy 1528 0.552322725 -0.628019625 0.00642525768 0 0 0
volume_proxy 1529 -0.784415003 -0.158691928 -0.00676416332 0 0 0
volume_proxy 1530 -0.806662378 -0.319634537 -0.00561177026 0 0 0
