volume_proxy 0 1.28597096 0.182870094 0.00303789797 0 0 0
volume_proxy 4 1.42477612 0.872696219 0.00911380806 0 0 0
volume_proxy 5 0.14394897 0.803926372 -0.00645952296 0 0 0
volume_proxy 6 1.38566884 0.233565762 -0.00786154478 0 0 0
volume_proxy 11 0.468338074 0.906199976 -0.0012952172 0 0 0
volume_proxy 12 0.806551984 -0.200227302 -0.00049875897 0 0 0
volume_proxy 14 0.699130998 0.533351943 -0.00489747384 0 0 0
volume_proxy 23 -0.745915148 -0.203621545 -0.00634022829 0 0 0
volume_proxy 38 0.472737693 -0.37903089 0.00932131295 0 0 0
volume_proxy 40 -0.230371043 -0.316959594 -0.002908457 0 0 0
volume_proxy 50 -0.122728094 -0.998209665 0.00579223791 0 0 0
volume_proxy 52 -1.42732155 -0.631817445 -8.19074468e-05 0 0 0
volume_proxy 53 -0.150913812 -0.499806867 -0.00170574024 0 0 0
volume_proxy 58 1.194338 -0.430953129 0.000750258783 0 0 0
volume_proxy 60 -0.679347237 0.398823797 -0.00660122171 0 0 0
volume_proxy 61 -0.73853521 -0.936529647 0.00279533352 0 0 0
volume_proxy 72 0.631030489 0.320712962 0.00107759417 0 0 0
volume_proxy 81 -1.21375176 0.0614474665 0.00965880298 0 0 0
volume_proxy 85 -0.612081186 0.35004031 -0.00643236941 0 0 0
volume_proxy 88 -0.897029468 0.607767406 -0.00386517626 0 0 0
volume_proxy 97 0.981287469 -0.547611571 -0.0076411206 0 0 0
volume_proxy 101 -1.4895034 0.816334986 -0.00428475565 0 0 0
volume_proxy 105 -0.240346504 -0.492088859 0.00442970254 0 0 0
volume_proxy 106 -0.726583782 -0.675332924 0.00815652304 0 0 0
volume_proxy 107 0.674059859 0.567525877 -0.0107695728 0 0 0
volume_proxy 108 1.40002411 0.241100942 0.00645284009 0 0 0
volume_proxy 126 -0.263000336 -0.930697099 0.0100939753 0 0 0
volume_proxy 127 -0.772997028 0.0585320021 -0.00626741564 0 0 0
volume_proxy 130 1.39062135 0.854553348 -0.00989342647 0 0 0
volume_proxy 132 0.850729213 0.611907292 0.00569511284 0 0 0
volume_proxy 135 -0.206113546 -0.873308382 -0.00184003889 0 0 0
volume_proxy 140 -0.772943114 0.960449696 0.0038991048 0 0 0
volume_proxy 145 -1.2126293 -0.574236638 -0.000635492325 0 0 0
volume_proxy 157 0.369502535 -0.0863381371 -0.00999005382 0 0 0
volume_proxy 159 -0.778876562 -0.662243257 -0.00528453781 0 0 0
volume_proxy 161 -0.638859554 0.412166225 -0.00474829489 0 0 0
volume_proxy 169 1.04972204 0.565944676 -0.000210258594 0 0 0
volume_proxy 176 0.30680105 -0.388956574 0.00414616312 0 0 0
volume_proxy 178 -1.28404859 0.628368917 -0.0099755196 0 0 0
volume_proxy 186 -0.118161762 0.290560563 -0.0016249896 0 0 0
volume_proxy 189 -1.12249396 0.567155559 0.00340740559 0 0 0
volume_proxy 195 -0.451148446 0.144636177 -0.00774983192 0 0 0
volume_proxy 196 0.756778496 0.375576714 0.00428597538 0 0 0
volume_proxy 198 1.24355645 -0.6199339 0.00605912417 0 0 0
volume_proxy 200 -1.06127554 -0.237830435 -0.000687793251 0 0 0
volume_proxy 202 -0.538871837 0.763041927 -0.00683867143 0 0 0
volume_proxy 209 -0.968635513 -0.819533321 0.00903566347 0 0 0
volume_proxy 210 0.0791097972 0.466294746 0.00212799017 0 0 0
volume_proxy 224 0.95241675 -0.829989141 0.00805542575 0 0 0
volume_proxy 226 -0.688808113 -0.921398944 -0.00916990226 0 0 0
volume_proxy 228 -0.386132925 0.732383698 -0.00264213995 0 0 0
volume_proxy 236 0.301491989 0.0993451117 -0.00496651882 0 0 0
volume_proxy 237 0.365184544 0.633160454 -0.00544262701 0 0 0
volume_proxy 244 0.946646874 0.294989839 -0.00316574489 0 0 0
volume_proxy 247 1.47633297 -0.285730605 -0.00549555311 0 0 0
volume_proxy 251 0.595500631 -0.225595431 -0.0011910025 0 0 0
volume_proxy 256 -0.00583677273 -0.733989239 -0.00964660578 0 0 0
volume_proxy 258 0.573107519 -0.134044247 0.0082247076 0 0 0
volume_proxy 259 1.02850539 0.823641439 0.00388411916 0 0 0
volume_proxy 269 0.9367776 -0.308522066 0.00532641896 0 0 0
volume_proxy 271 -1.45217007 0.873673722 0.00764639311 0 0 0
volume_proxy 276 0.719253101 -0.590637508 0.00458167201 0 0 0
volume_proxy 277 -0.570523567 -0.766887329 0.00758341576 0 0 0
volume_proxy 279 0.0529658824 0.0415908414 -0.00472119336 0 0 0
volume_proxy 294 0.159241981 0.729836709 0.00567133042 0 0 0
volume_proxy 296 0.0969096765 -0.505751168 0.0106933082 0 0 0
volume_proxy 298 0.817618654 -0.899092258 0.00669590708 0 0 0
volume_proxy 305 0.158948585 -0.037200947 -0.00150408752 0 0 0
volume_proxy 310 0.902948674 0.617119001 0.00238510686 0 0 0
volume_proxy 311 0.980215225 -0.698533793 0.00916019507 0 0 0
volume_proxy 314 -0.561193255 0.372267499 -0.00517612758 0 0 0
volume_proxy 329 -0.898668494 0.823245045 0.000540138959 0 0 0
volume_proxy 337 -1.33991332 0.300267686 0.0101843998 0 0 0
volume_proxy 344 0.782534826 0.495873346 -0.000291061256 0 0 0
volume_proxy 345 -0.645262137 0.516649488 -0.00693696183 0 0 0
volume_proxy 347 -0.358984974 -0.659117075 -0.00928376228 0 0 0
volume_proxy 349 0.605376447 -0.15530115 0.00245636826 0 0 0
volume_proxy 356 0.186738131 0.893931265 -0.00178284374 0 0 0
volume_proxy 358 1.35721336 0.931288754 -0.000478719195 0 0 0
volume_proxy 370 0.964737001 0.671857005 -0.007967667 0 0 0
volume_proxy 375 0.733523031 -0.17095082 -0.00261455669 0 0 0
volume_proxy 377 0.386501744 0.0312238848 0.00369496635 0 0 0
volume_proxy 388 -1.06814233 0.113198594 -0.00529341642 0 0 0
volume_proxy 393 1.22401716 0.0223774713 0.00474838914 0 0 0
volume_proxy 399 0.537771551 -0.557667016 0.00675704942 0 0 0
volume_proxy 409 -0.0609118271 -0.432873427 0.00819202043 0 0 0
volume_proxy 412 1.17630688 -0.823700052 -0.0078661809 0 0 0
volume_proxy 431 -1.00892126 -0.493124438 -0.00384291141 0 0 0
volume_proxy 497 -0.907888754 -0.372979826 0.00488629617 0 0 0
volume_proxy 512 0.266671263 -0.943507424 0.0102956502 0 0 0
volume_proxy 518 1.43883335 -0.494313644 0.000117933489 0 0 0
volume_proxy 591 -0.340992674 0.687524942 -0.0064089839 0 0 0
volume_proxy 616 0.826266808 0.638279054 0.00233074422 0 0 0
volume_proxy 637 -1.12314531 -0.666878332 -0.00348420856 0 0 0
volume_proxy 669 1.03426049 -0.554057479 0.00406764785 0 0 0
volume_proxy 682 0.0730844841 0.04721155 0.00960224495 0 0 0
volume_proxy 725 -1.27187121 -0.568528548 0.00117577976 0 0 0
volume_proxy 751 0.000690362116 -0.470355468 -0.00380706989 0 0 0
volume_proxy 797 -0.981793294 -0.617943504 -0.00716573704 0 0 0
volume_proxy 802 1.1868383 -0.157628733 -0.00366501861 0 0 0
volume_proxy 814 0.870013833 -0.473661935 -0.00439459688 0 0 0
volume_proxy 848 -1.13203831 -0.289784023 0.000309899646 0 0 0
volume_proxy 856 1.09607248 0.00855956994 -0.00158810029 0 0 0
volume_proxy 876 -0.415066129 -0.282645139 -0.0053496523 0 0 0
volume_proxy 883 0.258477336 0.668670579 0.0074742952 0 0 0
volume_proxy 902 -0.0193567386 0.132673085 -0.00953814538 0 0 0
volume_proxy 903 0.240833003 0.16127502 -0.00311912968 0 0 0
volume_proxy 904 -0.969403089 0.659158056 0.00690246923 0 0 0
volume_proxy 914 0.528449235 -0.930430429 -0.00600708951 0 0 0
volume_proxy 915 -0.985824398 0.0938456132 0.000290540074 0 0 0
volume_proxy 926 -0.809289031 0.256674896 -0.00339528111 0 0 0
volume_proxy 929 -0.843457776 -0.578030607 -0.00739605741 0 0 0
volume_proxy 944 0.696641884 -0.676358235 -0.000361018191 0 0 0
volume_proxy 974 -0.376580304 -0.394939806 0.00435381555 0 0 0
volume_proxy 979 -0.017192652 0.607125026 -0.00531647331 0 0 0
volume_proxy 991 -0.800822452 -0.454833835 0.00332547656 0 0 0
volume_proxy 992 0.333344294 0.113352659 0.00257479461 0 0 0
volume_proxy 997 1.38837736 0.13880642 -0.0105661756 0 0 0
volume_proxy 1001 0.0399990302 0.747185182 -0.00842507638 0 0 0
volume_proxy 1020 -1.02050892 0.313662279 0.00546992752 0 0 0
volume_proxy 1021 -0.787627966 -0.91205808 -0.00013531327 0 0 0
volume_proxy 1031 1.01379977 -0.398957844 0.00998215814 0 0 0
volume_proxy 1036 0.234474302 0.529987389 0.0103418596 0 0 0
volume_proxy 1040 -1.2526919 -0.5803355 0.00237701284 0 0 0
volume_proxy 1042 0.794742067 0.921675957 0.00429838311 0 0 0
volume_proxy 1050 -0.757887691 -0.43260989 0.0061210448 0 0 0
volume_proxy 1052 -0.525256369 0.260582516 -0.00249500569 0 0 0
volume_proxy 1062 0.454786462 0.193979486 -0.00904855639 0 0 0
volume_proxy 1066 0.658674054 0.510538916 0.00133933034 0 0 0
volume_proxy 1069 -1.17366347 -0.218053662 -0.00928220619 0 0 0
volume_proxy 1086 0.422334239 -0.467112332 0.0083547699 0 0 0
volume_proxy 1093 -0.275630341 -0.69433909 -0.00153816826 0 0 0
volume_proxy 1098 0.346490798 0.914890913 0.00438762637 0 0 0
volume_proxy 1102 1.09339974 0.455797102 -4.36573525e-06 0 0 0
volume_proxy 1110 0.824700345 -0.429136304 0.00499786824 0 0 0
volume_proxy 1113 1.24142902 0.536824428 -0.00719168862 0 0 0
volume_proxy 1117 0.859215074 0.187137874 0.00796427154 0 0 0
volume_proxy 1118 0.0380173159 -0.635727656 -0.00223057653 0 0 0
volume_proxy 1120 0.111558007 0.325695777 -0.00442826635 0 0 0
volume_proxy 1133 0.930095715 -0.957813115 0.00664031738 0 0 0
volume_proxy 1134 0.126850733 0.538555017 0.00773735994 0 0 0
volume_proxy 1137 -0.668050659 0.104036055 0.00546915242 0 0 0
volume_proxy 1138 1.26535384 -0.643174055 0.00446524831 0 0 0
volume_proxy 1143 -0.667519502 0.411726738 -0.00420034886 0 0 0
volume_proxy 1147 0.299014232 0.259325182 0.00518882822 0 0 0
volume_proxy 1151 0.496912517 -0.954631428 -0.00727755121 0 0 0
volume_proxy 1157 -0.0203265255 0.567988266 -0.00531033562 0 0 0
volume_proxy 1166 -1.31946458 0.395129017 0.010286238 0 0 0
volume_proxy 1168 -0.375577527 -0.846005384 -0.00798433429 0 0 0
volume_proxy 1169 1.43584911 -0.602332733 0.00730632989 0 0 0
volume_proxy 1170 -1.17009383 -0.148833088 0.0023516384 0 0 0
volume_proxy 1171 -0.638433694 0.338685761 -0.00791807532 0 0 0
volume_proxy 1172 -0.27789988 0.271381194 -0.00943710185 0 0 0
volume_proxy 1174 0.228091752 0.196839552 0.00740863898 0 0 0
volume_proxy 1179 0.732453931 -0.0551907915 -0.00126617022 0 0 0
volume_proxy 1180 -0.678839959 0.497592911 -0.000618924947 0 0 0
volume_proxy 1182 -0.0709114205 0.795266764 0.00820350882 0 0 0
volume_proxy 1186 -0.349944257 -0.230960819 0.0080030573 0 0 0
volume_proxy 1191 1.00264505 0.931922786 -0.00747144223 0 0 0
volume_proxy 1193 -1.28057959 0.25625065 -0.00544870959 0 0 0
volume_proxy 1195 -1.36654623 -0.262097502 -0.00216571092 0 0 0
volume_proxy 1197 -1.08925884 -0.840887954 -0.00686649829 0 0 0
volume_proxy 1198 0.0434318617 0.553769585 0.000470582017 0 0 0
volume_proxy 1206 0.937819317 0.372836512 0.00459035206 0 0 0
volume_proxy 1208 -0.342381275 0.0191080972 -0.000550251377 0 0 0
volume_proxy 1209 -1.49948507 0.147951644 0.00767345088 0 0 0
volume_proxy 1210 -1.36131882 0.957354584 0.00784558929 0 0 0
volume_proxy 1214 -0.496977359 0.0976498573 -0.00189913816 0 0 0
volume_proxy 1217 -0.571232836 0.546398567 0.0090106978 0 0 0
volume_proxy 1219 -0.79288104 0.156599214 0.0102421232 0 0 0
volume_proxy 1220 0.798085304 0.169452381 -0.0102981623 0 0 0
volume_proxy 1223 1.27084707 0.512582542 -0.00439639188 0 0 0
volume_proxy 1225 -0.332997402 -0.250756374 0.00127939081 0 0 0
volume_proxy 1229 1.26293642 0.855317757 0.00920224149 0 0 0
volume_proxy 1230 1.06887292 -0.700597123 -0.000920808698 0 0 0
volume_proxy 1231 -0.745848582 0.0031892806 -0.00254779214 0 0 0
volume_proxy 1237 0.598821334 0.61808657 0.00809737409 0 0 0
volume_proxy 1238 0.654062646 0.998156088 0.00423618821 0 0 0
volume_proxy 1240 1.07045865 0.522181368 0.00825645237 0 0 0
volume_proxy 1243 -0.79727098 -0.683496912 -0.00587267898 0 0 0
volume_proxy 1245 -1.45366058 0.766523648 -0.00409312092 0 0 0
volume_proxy 1247 -1.21604839 0.411941822 0.00933666838 0 0 0
volume_proxy 1248 0.839060292 0.367496705 -0.00213956251 0 0 0
volume_proxy 1252 0.740520356 -0.745348037 0.00682418885 0 0 0
volume_proxy 1254 0.658054306 -0.835277283 0.00835930239 0 0 0
volume_proxy 1255 0.965165566 -0.400447848 0.00614540393 0 0 0
volume_proxy 1257 0.429320292 -0.644376477 0.0102216962 0 0 0
volume_proxy 1258 1.05456819 0.51868441 0.000265558372 0 0 0
volume_proxy 1259 -1.07183167 0.917049845 0.010428953 0 0 0
volume_proxy 1260 0.507284975 0.700300065 1.98613494e-05 0 0 0
volume_proxy 1261 -0.58535245 0.955822137 -0.00931977692 0 0 0
volume_proxy 1262 0.718370726 0.405321022 -0.00802652345 0 0 0
volume_proxy 1263 0.95506691 -0.0259690051 -0.00115998601 0 0 0
volume_proxy 1264 0.250129036 -0.300452355 -0.00196783411 0 0 0
volume_proxy 1267 -1.110547 -0.4102264 -0.000789094853 0 0 0
volume_proxy 1270 0.56294459 -0.314238773 0.00893375602 0 0 0
volume_proxy 1271 -1.24318072 -0.271410875 -0.00973073596 0 0 0
volume_proxy 1272 0.54718745 0.00208522734 -0.0091966718 0 0 0
volume_proxy 1273 -0.681991778 0.975755105 -0.00813743423 0 0 0
volume_proxy 1276 1.10704599 0.424877333 0.00644786657 0 0 0
volume_proxy 1277 1.48762959 0.540294718 0.0100103171 0 0 0
volume_proxy 1278 1.15079684 0.0889082332 -0.00137134635 0 0 0
volume_proxy 1280 -1.39902655 0.497264712 -0.00983899897 0 0 0
volume_proxy 1281 -0.14317046 -0.847318331 -0.00992618944 0 0 0
volume_proxy 1285 -0.932418986 0.897573632 0.00251358225 0 0 0
volume_proxy 1289 0.747644931 -0.608252639 -0.00383098167 0 0 0
volume_proxy 1290 -1.34512671 -0.802960316 0.00536513263 0 0 0
volume_proxy 1291 -0.151456378 0.951199234 -0.00117281711 0 0 0
volume_proxy 1292 -0.191807881 0.279211683 0.00677538842 0 0 0
volume_proxy 1293 -0.521032712 -0.802360301 0.00232605331 0 0 0
volume_proxy 1294 1.42867005 0.956270932 -0.00908316754 0 0 0
volume_proxy 1295 -1.33792092 0.462090329 0.00848376361 0 0 0
volume_proxy 1296 -0.1554384 -0.374378985 0.00903986814 0 0 0
volume_proxy 1297 -0.344971804 -0.521261811 -0.00516108302 0 0 0
volume_proxy 1298 -0.426813219 -0.930547018 -0.00432097585 0 0 0
volume_proxy 1299 -0.645495027 0.0745034259 0.00617239372 0 0 0
volume_proxy 1300 -1.40506345 0.939282173 -0.00419002256 0 0 0
volume_proxy 1301 -0.967248904 0.980242887 0.00456342925 0 0 0
volume_proxy 1303 -0.859956024 0.54478922 -0.00872041819 0 0 0
volume_proxy 1306 -0.360610943 -0.212875438 0.00392641504 0 0 0
volume_proxy 1308 -0.511898339 -0.0788588133 0.0056970359 0 0 0
volume_proxy 1309 -0.138983995 -0.538075405 -0.00983620408 0 0 0
volume_proxy 1310 0.0180706617 0.967754789 -0.000791947422 0 0 0
volume_proxy 1312 1.00465478 -0.317711995 -0.0101637999 0 0 0
volume_proxy 1313 0.170303445 0.400392467 -0.00298544237 0 0 0
volume_proxy 1314 0.165483095 0.354160725 -0.0102035231 0 0 0
volume_proxy 1315 -0.637321259 -0.48159617 0.0105361789 0 0 0
volume_proxy 1316 -0.232779583 0.983638821 0.00539806806 0 0 0
volume_proxy 1317 1.36857353 0.298691947 0.00169462471 0 0 0
volume_proxy 1318 0.904108922 -0.630735494 0.00168201859 0 0 0
volume_proxy 1320 -0.378471936 -0.907693266 0.00755389111 0 0 0
volume_proxy 1321 -0.904785547 -0.0942619665 0.00386871723 0 0 0
volume_proxy 1322 0.884176141 -0.913661009 0.00986245049 0 0 0
volume_proxy 1323 0.944646764 0.850380281 -0.00287746037 0 0 0
volume_proxy 1324 0.903588237 0.880707132 -0.00145764126 0 0 0
volume_proxy 1325 0.121716807 -0.125795342 -0.00468948605 0 0 0
volume_proxy 1326 0.054625468 -0.278726015 -0.0107565421 0 0 0
volume_proxy 1327 0.622753785 -0.0604114962 0.00526294041 0 0 0
volume_proxy 1328 -0.939390203 0.602368154 0.00487528458 0 0 0
