volume_proxy 0 -0.319655224 -0.5347667 -0.000718075804 0 0 0
volume_proxy 6 -0.365805997 -0.0168339289 0.000845010823 0 0 0
volume_proxy 11 0.801857394 0.223738921 -0.00911447552 0 0 0
volume_proxy 12 1.14447756 -0.469423181 -0.00411461819 0 0 0
volume_proxy 14 -1.38736185 0.932087672 -0.00878074763 0 0 0
volume_proxy 23 1.21477862 -0.290422405 0.00156645572 0 0 0
volume_proxy 38 -0.984473703 -0.916353102 -0.0066642596 0 0 0
volume_proxy 40 -1.11485493 -0.281029647 0.00235736934 0 0 0
volume_proxy 50 -1.11759263 -0.561675757 0.00798774899 0 0 0
volume_proxy 53 -1.3113871 0.97613776 0.00187469389 0 0 0
volume_proxy 58 0.728261514 -0.291354584 -0.00193757781 0 0 0
volume_proxy 60 -0.389323669 0.66199009 0.000950354309 0 0 0
volume_proxy 85 -0.992943621 0.57262539 -0.00250593764 0 0 0
volume_proxy 97 0.677764697 0.640134837 0.00957593312 0 0 0
volume_proxy 107 0.214961018 -0.0257991981 0.00701299921 0 0 0
volume_proxy 127 -1.34300457 -0.765841349 -0.0107892493 0 0 0
volume_proxy 130 0.0961479784 -0.996011005 -0.00386126512 0 0 0
volume_proxy 140 0.117192719 -0.103707267 -0.0106326835 0 0 0
volume_proxy 157 0.789362973 0.150225006 0.00115480217 0 0 0
volume_proxy 159 0.272824461 0.722685128 0.00170021854 0 0 0
volume_proxy 161 -0.382434184 -0.21133722 -0.00854787138 0 0 0
volume_proxy 176 0.815423404 0.583204133 0.0105114398 0 0 0
volume_proxy 186 -0.821849914 0.0740062062 0.00553871172 0 0 0
volume_proxy 189 -0.913429039 -0.630809315 -0.00906981239 0 0 0
volume_proxy 195 -1.19286238 -0.574974759 -0.00669568411 0 0 0
volume_proxy 196 -0.954322949 0.381721122 -0.0088615322 0 0 0
volume_proxy 200 -1.37309899 0.91770588 -0.00748067478 0 0 0
volume_proxy 202 -0.807289328 -0.109234583 -0.00840867768 0 0 0
volume_proxy 209 -0.797321533 -0.0187234595 0.00785310764 0 0 0
volume_proxy 210 0.429697064 0.474691769 0.00834161066 0 0 0
volume_proxy 226 1.28392432 0.29997692 0.000407536221 0 0 0
volume_proxy 236 0.830643174 -0.182588301 -0.0102457273 0 0 0
volume_proxy 247 -0.197965759 -0.853537498 -0.00904659022 0 0 0
volume_proxy 256 0.753083403 -0.919678501 -0.00199628464 0 0 0
volume_proxy 259 0.72097617 -0.0417883062 0.00705757843 0 0 0
volume_proxy 269 -1.23657793 0.813033154 0.0103911938 0 0 0
volume_proxy 277 -1.2320532 -0.59131285 0.00411623211 0 0 0
volume_proxy 296 -0.918956659 -0.0529714541 0.0059366166 0 0 0
volume_proxy 305 0.471313815 -0.749966699 -0.00930795329 0 0 0
volume_proxy 310 0.993731828 0.650553036 0.00327914234 0 0 0
volume_proxy 344 -0.971061509 -0.239859509 0.00388209377 0 0 0
volume_proxy 347 -0.466414567 0.89038842 -0.002636422 0 0 0
volume_proxy 356 -0.156137056 0.373800382 -0.0052269685 0 0 0
volume_proxy 375 0.925293494 -0.618631385 -0.00811746601 0 0 0
volume_proxy 388 1.41983104 -0.724819496 0.00944847624 0 0 0
volume_proxy 1052 -0.851630823 -0.198582817 0.00706960116 0 0 0
volume_proxy 1066 -0.478946365 0.283960822 -0.00575149846 0 0 0
volume_proxy 1120 -0.47683055 0.72382838 0.00277951345 0 0 0
volume_proxy 1166 -0.70318699 -0.966013773 -0.00990750981 0 0 0
volume_proxy 1193 -0.974825078 -0.234919252 -0.00758001436 0 0 0
volume_proxy 1225 -1.10179315 -0.977171384 -0.0107627346 0 0 0
volume_proxy 1245 -1.39554774 0.860545333 -0.00802801836 0 0 0
volume_proxy 1280 -1.49395942 0.765679152 0.00894508904 0 0 0
volume_proxy 1285 -0.716819622 0.335999653 -0.00433967934 0 0 0
volume_proxy 1295 0.519584606 0.363915478 -0.00228934031 0 0 0
volume_proxy 1296 -0.523306867 -0.392374071 0.00370468826 0 0 0
volume_proxy 1340 1.23719652 -0.167876748 -0.00119043111 0 0 0
volume_proxy 1380 -1.49138955 -0.16660368 -0.00892328337 0 0 0
volume_proxy 1386 1.07487717 0.988582893 0.00601192878 0 0 0
volume_proxy 1397 0.118380245 0.683043658 -0.00718236872 0 0 0
volume_proxy 1409 0.451328174 0.332930438 -0.00514503297 0 0 0
volume_proxy 1413 0.666215085 0.441340164 0.00858158205 0 0 0
volume_proxy 1422 0.805612911 -0.771980242 -0.000253056839 0 0 0
volume_proxy 1433 1.31512167 0.91277278 -0.00501771434 0 0 0
volume_proxy 1437 -0.215874663 -0.933766239 -0.00926849552 0 0 0
volume_proxy 1459 -0.652075118 -0.375688601 -0.00407594047 0 0 0
volume_proxy 1460 -0.84765742 0.302871776 -0.00206631922 0 0 0
volume_proxy 1461 -1.06219765 0.648982494 -0.00699882639 0 0 0
volume_proxy 1472 -1.02248371 -0.338516684 -0.00649668153 0 0 0
volume_proxy 1474 1.17089041 0.059607591 0.00378926758 0 0 0
volume_proxy 1481 -0.0913859306 0.260196804 0.00570800813 0 0 0
volume_proxy 1482 0.746830555 0.661162806 -0.00445156698 0 0 0
volume_proxy 1485 0.734492794 -0.56035011 0.00688167147 0 0 0
volume_proxy 1489 0.235509788 -0.981098066 0.00852613917 0 0 0
volume_proxy 1490 0.989623897 0.574140122 -0.0106156756 0 0 0
volume_proxy 1496 -1.28267604 0.389059596 0.00133148641 0 0 0
volume_proxy 1498 0.050396959 -0.341556107 0.00922223938 0 0 0
volume_proxy 1503 -1.17088412 -0.627771816 -0.00205017083 0 0 0
volume_proxy 1506 0.507595326 0.800570943 0.000263756037 0 0 0
volume_proxy 1507 -0.503906262 -0.726050974 0.00132557264 0 0 0
volume_proxy 1508 -0.777037941 -0.172687053 0.00236144631 0 0 0
volume_proxy 1509 -1.02823138 -0.0764579051 0.000744818343 0 0 0
volume_proxy 1510 -0.68929803 -0.872818029 0.0107321419 0 0 0
volume_proxy 1513 -1.23588231 0.263756246 -0.00174736828 0 0 0
volume_proxy 1515 0.439711086 -0.757075353 0.00656402666 0 0 0
volume_proxy 1516 -0.152848326 -0.725163234 -0.00880714539 0 0 0
volume_proxy 1517 -1.08199792 -0.430132215 0.00048827916 0 0 0
volume_proxy 1519 0.317573929 0.0774681129 0.00440072167 0 0 0
volume_proxy 1520 0.124648882 -0.516700388 -0.00281314064 0 0 0
volume_proxy 1521 -1.26373655 -0.965124036 -0.00598706947 0 0 0
volume_proxy 1523 0.0733883313 -0.162406565 -0.00236060269 0 0 0
volume_proxy 1525 -0.617854865 0.808438793 -0.00725267703 0 0 0
volume_proxy 1526 1.43464923 -0.187696008 -0.00657315838 0 0 0
volume_proxy 1528 1.15356182 -0.933310026 -0.00860109654 0 0 0
volume_proxy 1529 -0.956944269 0.0573124254 0.00136125798 0 0 0
volume_proxy 1531 0.322432176 0.914280631 0.00423809531 0 0 0
volume_proxy 1533 1.02846795 0.542183147 0.00537755105 0 0 0
volume_proxy 1534 -0.829125818 0.256193208 0.00346174527 0 0 0
volume_proxy 1536 -0.572412951 -0.736415493 -0.00337447529 0 0 0
volume_proxy 1537 -0.540461499 -0.745713067 0.00436522243 0 0 0
volume_proxy 1538 1.28877178 -0.143937251 0.010018208 0 0 0
volume_proxy 1539 0.319393462 0.730837414 0.00683823311 0 0 0
volume_proxy 1540 1.34914552 0.0943421003 0.0101615308 0 0 0
