volume_proxy 0 0.301274698 -0.321355045 0.00110862787 0 0 0
volume_proxy 6 -0.689132283 0.809861247 0.00244823636 0 0 0
volume_proxy 11 1.49604504 0.722565227 0.00791631979 0 0 0
volume_proxy 12 0.92958957 0.0970834969 0.00342936392 0 0 0
volume_proxy 14 -1.12381077 0.69568323 0.0006647417 0 0 0
volume_proxy 23 0.684171992 -0.377142193 0.00636274045 0 0 0
volume_proxy 38 -0.921054653 -0.971812742 -0.00317081206 0 0 0
volume_proxy 40 -0.866090924 0.317224251 -0.00589726544 0 0 0
volume_proxy 50 -0.786320007 -0.544287687 0.00288010435 0 0 0
volume_proxy 53 -1.22616016 0.0966762439 0.00206897092 0 0 0
volume_proxy 58 0.634285342 -0.928445636 -0.00328903649 0 0 0
volume_proxy 60 0.377619866 0.858574336 -0.00289499665 0 0 0
volume_proxy 85 -1.3989615 0.7928279 0.00655694436 0 0 0
volume_proxy 97 1.16943587 0.723118328 0.00265255944 0 0 0
volume_proxy 107 0.953963837 0.083271943 0.00369246422 0 0 0
volume_proxy 127 -1.30278659 -0.725454537 0.0015234782 0 0 0
volume_proxy 130 0.616460191 0.121068769 0.00191511282 0 0 0
volume_proxy 140 -1.03896592 0.663814564 -0.00863417139 0 0 0
volume_proxy 157 0.695810217 -0.601136982 -0.00699797388 0 0 0
volume_proxy 159 1.2799517 0.490155308 0.00147818107 0 0 0
volume_proxy 161 -0.19905942 0.654641702 -0.00884218251 0 0 0
volume_proxy 176 1.37407498 0.00504375774 -0.000207927446 0 0 0
volume_proxy 186 -0.229392859 0.055794921 -0.00789281494 0 0 0
volume_proxy 189 -0.802260822 -0.650641284 -0.00501954871 0 0 0
volume_proxy 195 -1.32486497 -0.829722513 -0.00990136777 0 0 0
volume_proxy 196 0.671179542 0.285390177 0.00504044432 0 0 0
volume_proxy 200 -1.21723833 -0.548837223 0.000586056487 0 0 0
volume_proxy 202 0.273282159 0.607172833 -0.0106039482 0 0 0
volume_proxy 209 -0.761378645 0.51976687 0.00250429183 0 0 0
volume_proxy 210 0.0927239515 0.78113535 -0.00638470958 0 0 0
volume_proxy 226 0.333852298 -0.635190235 -0.00142382656 0 0 0
volume_proxy 236 1.2137229 -0.669260464 -0.0103703262 0 0 0
volume_proxy 247 1.07749787 0.708184662 -0.00168116654 0 0 0
volume_proxy 256 -0.886207888 0.524302332 -0.00900257936 0 0 0
volume_proxy 259 0.52791462 0.988858503 -0.00818412397 0 0 0
volume_proxy 269 -0.799144457 0.458224552 0.00768165719 0 0 0
volume_proxy 277 -0.837902729 0.0146098697 -0.00275655219 0 0 0
volume_proxy 296 -1.3815265 0.912423339 -0.00405658428 0 0 0
volume_proxy 305 0.764598449 -0.275724856 0.00837719129 0 0 0
volume_proxy 310 0.22628569 -0.0444297024 0.000400599732 0 0 0
volume_proxy 344 -1.2890194 -0.390994742 -0.00920089067 0 0 0
volume_proxy 347 -0.526152369 0.905268036 0.00058299464 0 0 0
volume_proxy 356 -0.354196248 -0.065443186 -0.00314396545 0 0 0
volume_proxy 375 0.864576771 0.369269568 0.000163608319 0 0 0
volume_proxy 388 1.03122863 0.144590221 0.000586856827 0 0 0
volume_proxy 802 0.897060573 0.13105319 -0.00738006264 0 0 0
volume_proxy 1052 -0.787670651 -0.890459725 -0.00730679669 0 0 0
volume_proxy 1066 0.0197805486 0.244515936 0.00779761172 0 0 0
volume_proxy 1120 -0.782857059 0.452572997 -0.00247391649 0 0 0
volume_proxy 1166 -0.744667684 -0.160159103 -0.00212766753 0 0 0
volume_proxy 1193 -1.05771096 -0.316396501 0.00887240754 0 0 0
volume_proxy 1225 -0.64887028 -0.354175387 0.00729291044 0 0 0
volume_proxy 1245 -1.25794157 -0.065618227 0.00475073431 0 0 0
volume_proxy 1280 -0.290858607 0.622704133 0.00519514327 0 0 0
volume_proxy 1285 -1.30118226 0.545352345 0.00828600349 0 0 0
volume_proxy 1295 0.394058504 -0.0786743229 0.00180735062 0 0 0
volume_proxy 1296 0.26411556 -0.67194811 -0.00338622225 0 0 0
volume_proxy 1340 0.659405046 0.618492166 0.000896505477 0 0 0
volume_proxy 1380 -0.436736683 -0.0555622714 0.00945862814 0 0 0
volume_proxy 1386 1.33052954 0.613290795 -0.00632541092 0 0 0
volume_proxy 1397 1.00692609 0.793445399 0.00774007043 0 0 0
volume_proxy 1409 -0.243058123 0.824404981 0.00860551004 0 0 0
volume_proxy 1413 0.766241854 0.946686281 0.0032877587 0 0 0
volume_proxy 1422 0.215579254 -0.520889305 0.0023256502 0 0 0
volume_proxy 1433 1.45158083 0.744137093 -0.000166375686 0 0 0
volume_proxy 1437 0.151363837 -0.0256622485 0.00871433535 0 0 0
volume_proxy 1447 1.12927338 -0.147435928 -0.00101925978 0 0 0
volume_proxy 1459 -1.22047896 0.0887864189 -0.00388482013 0 0 0
volume_proxy 1460 -0.0638535257 0.559706132 0.00900527705 0 0 0
volume_proxy 1461 -0.70778387 0.956086452 -0.00833798885 0 0 0
volume_proxy 1466 -0.893401199 0.174089287 -0.00196525092 0 0 0
volume_proxy 1472 -1.24860684 0.600345944 0.00410276882 0 0 0
volume_proxy 1474 1.20826057 -0.564452251 0.00116878151 0 0 0
volume_proxy 1481 0.544603179 0.99084679 0.0103959742 0 0 0
volume_proxy 1482 0.7968318 0.0837053191 0.00255903037 0 0 0
volume_proxy 1485 0.351536691 -0.274399936 -0.00408330328 0 0 0
volume_proxy 1489 0.117024551 -0.657700058 -0.00887513932 0 0 0
volume_proxy 1490 1.03990488 0.934568683 -0.00218483663 0 0 0
volume_proxy 1494 1.29337281 -0.0741042791 0.00989137905 0 0 0
volume_proxy 1496 -1.17055501 0.481158895 -0.00108249172 0 0 0
volume_proxy 1498 -0.100281783 0.475365884 0.00510087272 0 0 0
volume_proxy 1503 -0.781584593 -0.0469782947 -0.00896070416 0 0 0
volume_proxy 1506 0.398365868 0.703299104 -0.00278249206 0 0 0
volume_proxy 1507 -1.22575395 -0.035667753 0.00784461541 0 0 0
volume_proxy 1508 -0.612321909 -0.323543931 0.00373010966 0 0 0
volume_proxy 1509 -1.04705342 0.0152047021 0.0059941319 0 0 0
volume_proxy 1510 0.00511632603 -0.687190938 -0.00165771325 0 0 0
volume_proxy 1511 1.04313436 0.348023997 -0.00343566213 0 0 0
volume_proxy 1513 -1.25970874 0.622204462 0.00923100235 0 0 0
volume_proxy 1515 0.68220045 -0.564382559 0.00665689827 0 0 0
volume_proxy 1516 -0.277255333 -0.905448103 -0.00308968894 0 0 0
volume_proxy 1517 -0.714931242 -0.342574978 -0.000893800975 0 0 0
volume_proxy 1519 0.095687015 -0.786540985 0.00123214738 0 0 0
volume_proxy 1520 0.194328549 -0.307339379 -0.00727652239 0 0 0
volume_proxy 1521 -1.26815499 -0.5742637 0.00818807011 0 0 0
volume_proxy 1523 0.765094664 0.0321915966 0.000172238434 0 0 0
volume_proxy 1525 -0.765687356 0.97047785 0.00323212466 0 0 0
volume_proxy 1526 1.02650685 -0.694025421 0.00375848682 0 0 0
volume_proxy 1528 0.506478803 -0.69064509 0.00829807299 0 0 0
volume_proxy 1529 -1.08319117 0.134606076 -0.00976144993 0 0 0
volume_proxy 1531 0.60130432 0.577551218 -0.000776944193 0 0 0
volume_proxy 1533 0.962071399 -0.340807694 0.00270404477 0 0 0
volume_proxy 1534 0.543611386 0.748442682 0.0107476106 0 0 0
volume_proxy 1535 0.235262912 0.996453058 -0.00236038146 0 0 0
volume_proxy 1536 -0.601661285 -0.823344269 0.0102867393 0 0 0
volume_proxy 1537 -0.559116068 -0.568521148 0.00808841479 0 0 0
