volume_proxy 0 0.0164390788 0.512502468 0.00991194246 0 0 0
volume_proxy 5 0.858130576 -0.487910331 -0.00134118797 0 0 0
volume_proxy 6 -0.374277448 -0.224307093 -0.00896277904 0 0 0
volume_proxy 11 1.35179312 0.776091958 -0.00558151871 0 0 0
volume_proxy 12 0.417424877 -0.407342515 -0.0102025634 0 0 0
volume_proxy 14 -0.824895239 0.987203556 -0.00848542023 0 0 0
volume_proxy 23 1.33360097 -0.984215037 0.0103647296 0 0 0
volume_proxy 38 0.26832172 -0.357003524 -0.00817600238 0 0 0
volume_proxy 40 -0.816191996 -0.464659983 0.00370516901 0 0 0
volume_proxy 50 -0.717911768 -0.440474369 -0.00245817733 0 0 0
volume_proxy 53 -1.09789043 0.496296648 7.01589553e-05 0 0 0
volume_proxy 58 0.974694432 -0.913640893 -0.0012712755 0 0 0
volume_proxy 60 0.124343293 0.564236485 -0.0062135081 0 0 0
volume_proxy 85 -0.768107324 0.787375565 -0.00203121854 0 0 0
volume_proxy 97 1.04120803 0.910398882 0.00345475348 0 0 0
volume_proxy 107 1.41718576 -0.326102895 -0.00855445872 0 0 0
volume_proxy 127 -1.11436432 -0.31870673 0.00686033799 0 0 0
volume_proxy 130 0.880801497 0.903493301 -0.00421653974 0 0 0
volume_proxy 140 -0.961002459 0.881538204 -0.00906159855 0 0 0
volume_proxy 157 1.12593887 0.729951328 0.00852292138 0 0 0
volume_proxy 159 1.05611686 0.407501706 -0.00269708929 0 0 0
volume_proxy 161 1.04545482 0.768475623 0.00458265428 0 0 0
volume_proxy 176 0.940465285 0.0125283821 -0.0100616575 0 0 0
volume_proxy 186 -1.44115068 -0.279662083 0.00904870992 0 0 0
volume_proxy 189 -0.865551673 0.675711187 0.00962333351 0 0 0
volume_proxy 195 -0.419510129 -0.374785401 0.000943185804 0 0 0
volume_proxy 196 0.587733776 0.140558631 0.00197325215 0 0 0
volume_proxy 200 -0.161579129 -0.889711951 -0.00733217382 0 0 0
volume_proxy 202 0.251277958 0.722093023 -0.00338459523 0 0 0
volume_proxy 209 -0.967311881 -0.543610025 0.00379370938 0 0 0
volume_proxy 210 -0.207188712 0.57157241 -0.00417179028 0 0 0
volume_proxy 226 0.524138378 -0.281666251 -0.00966060552 0 0 0
volume_proxy 236 0.415702436 0.177162757 -0.00771566752 0 0 0
volume_proxy 247 0.790525024 0.801524808 -0.00352978397 0 0 0
volume_proxy 256 -1.32931906 0.810591276 -0.0107245858 0 0 0
volume_proxy 259 0.870150268 0.253714021 0.00323451042 0 0 0
volume_proxy 269 -1.03959366 -0.118928458 -0.00451276369 0 0 0
volume_proxy 277 -0.965127262 -0.15513025 -0.00946457771 0 0 0
volume_proxy 296 -1.23992954 0.308340861 -0.00593091245 0 0 0
volume_proxy 305 1.43485959 -0.48194808 -0.00257132296 0 0 0
volume_proxy 310 -0.420268599 -0.891273543 -0.0103436733 0 0 0
volume_proxy 344 -1.35103274 0.664262677 -0.00987875604 0 0 0
volume_proxy 347 -0.152689885 0.923134755 -0.0106617315 0 0 0
volume_proxy 356 -0.699564654 0.442762495 -0.00332807597 0 0 0
volume_proxy 375 0.959416272 -0.834252445 0.00152590333 0 0 0
volume_proxy 388 0.598024223 -0.251294219 0.00403409085 0 0 0
volume_proxy 802 1.43607084 -0.258843204 -0.00448013657 0 0 0
volume_proxy 1052 -1.11642837 -0.697716536 -0.00439853614 0 0 0
volume_proxy 1066 -0.628557301 0.209780407 -0.00726714218 0 0 0
volume_proxy 1120 -0.180211607 0.323020032 -0.0029977598 0 0 0
volume_proxy 1166 -0.705231324 0.278066319 -0.00209960534 0 0 0
volume_proxy 1169 1.22209746 -0.882012443 -0.00994742159 0 0 0
volume_proxy 1193 -1.39849372 -0.581729918 -0.00049299273 0 0 0
volume_proxy 1225 -0.303573582 -0.689587459 0.0032810636 0 0 0
volume_proxy 1245 -1.21376898 -0.206280413 -0.00098022625 0 0 0
volume_proxy 1280 -0.775733577 0.888061657 -0.00572908536 0 0 0
volume_proxy 1285 -1.26326014 0.0893512134 0.00986863848 0 0 0
volume_proxy 1295 -0.235381181 -0.020356556 0.00608020613 0 0 0
volume_proxy 1296 0.231047701 -0.558195148 0.00460971136 0 0 0
volume_proxy 1340 0.685509759 0.861584487 -0.0025437221 0 0 0
volume_proxy 1380 -0.370318099 0.817232508 3.82133622e-06 0 0 0
volume_proxy 1386 0.754737901 0.229683113 0.00757301955 0 0 0
volume_proxy 1397 1.30401082 0.731832594 -0.0016141286 0 0 0
volume_proxy 1409 0.135287498 0.937646247 0.00889486384 0 0 0
volume_proxy 1413 0.956257253 0.788868993 -0.00599951051 0 0 0
volume_proxy 1422 0.269844349 -0.46788204 -0.00188873389 0 0 0
volume_proxy 1433 0.955904305 0.994340797 0.00568991585 0 0 0
volume_proxy 1434 -0.118816434 -0.964524235 0.000889566671 0 0 0
volume_proxy 1437 0.0488281885 -0.0823409715 0.0053320561 0 0 0
volume_proxy 1439 -0.0895741376 0.785145477 -0.00223839994 0 0 0
volume_proxy 1447 0.861600702 -0.543900881 0.00606108223 0 0 0
volume_proxy 1459 -0.832271903 0.51509807 -0.00716364809 0 0 0
volume_proxy 1460 0.320789421 0.329743444 0.00724283806 0 0 0
volume_proxy 1461 -0.913092803 0.674008196 -0.00209050274 0 0 0
volume_proxy 1466 -0.398195262 -0.0570751728 0.00320200839 0 0 0
volume_proxy 1472 -0.804969032 0.433918005 -0.00148142124 0 0 0
volume_proxy 1474 0.785695426 -0.880654833 0.00645188777 0 0 0
volume_proxy 1481 1.04052175 0.303766579 -0.00345875752 0 0 0
volume_proxy 1482 1.24542774 0.169776561 -0.00748286661 0 0 0
volume_proxy 1485 0.448732024 -0.61361024 0.00980470826 0 0 0
volume_proxy 1489 -0.137779128 -0.571546519 0.00306767031 0 0 0
volume_proxy 1490 1.37105658 0.921096496 0.00257383913 0 0 0
volume_proxy 1492 0.488381011 0.457414438 -0.000544900684 0 0 0
volume_proxy 1493 0.757527926 0.373438995 -0.00131353073 0 0 0
volume_proxy 1494 1.15586123 -0.121334336 -0.00198083106 0 0 0
volume_proxy 1496 -1.14622757 0.503474042 0.00647414605 0 0 0
volume_proxy 1498 -0.201166934 0.437268409 -0.00615744406 0 0 0
volume_proxy 1501 -0.465051347 -0.922732211 -0.00399913599 0 0 0
volume_proxy 1503 0.199633885 0.0382645616 -0.000474999652 0 0 0
volume_proxy 1506 0.17280939 0.941265323 -0.00480869039 0 0 0
volume_proxy 1507 -1.12604364 -0.298885303 0.00662150744 0 0 0
volume_proxy 1508 -0.723537291 -0.587319418 0.000365133746 0 0 0
volume_proxy 1509 -1.32892135 0.775416721 0.00818825087 0 0 0
volume_proxy 1510 0.153250629 -0.795067417 0.00684307194 0 0 0
volume_proxy 1511 1.26244711 0.396997614 0.00406489351 0 0 0
volume_proxy 1513 -1.44238458 0.362307621 -0.00978738376 0 0 0
volume_proxy 1515 0.839144684 -0.116501546 0.00899691092 0 0 0
volume_proxy 1516 -0.267601807 -0.89328359 0.00946178567 0 0 0
volume_proxy 1517 -1.10887108 -0.501520779 -0.0033694758 0 0 0
volume_proxy 1519 0.29988623 -0.335581275 -0.00450512372 0 0 0
volume_proxy 1520 0.478079688 -0.269309933 -0.000201120923 0 0 0
volume_proxy 1521 -0.526540087 -0.077664061 -0.00414229656 0 0 0
volume_proxy 1522 0.526919389 0.357571775 -7.03303709e-06 0 0 0
volume_proxy 1523 1.33118013 -0.228711318 0.00345132555 0 0 0
volume_proxy 1525 -1.01764204 0.82508957 0.00921145334 0 0 0
volume_proxy 1526 1.08825282 -0.345536598 0.00218022252 0 0 0
volume_proxy 1528 0.490842863 -0.556271268 0.00768258683 0 0 0
volume_proxy 1529 -1.017964 0.000193993953 -0.0102397597 0 0 0
volume_proxy 1530 -0.681930295 -0.311570427 0.0104662323 0 0 0
