volume_proxy 0 0.209639035 0.186202164 -0.0076772389 0 0 0
volume_proxy 5 1.07901338 -0.518561119 -0.000464373358 0 0 0
volume_proxy 6 -0.32449221 -0.0541624558 0.00907586525 0 0 0
volume_proxy 11 1.30759521 0.593720551 0.0042836228 0 0 0
volume_proxy 12 0.352521422 -0.595757478 0.00424552481 0 0 0
volume_proxy 14 -0.799450107 0.949722451 0.0034798407 0 0 0
volume_proxy 23 1.46944923 -0.899414606 0.000901715925 0 0 0
volume_proxy 38 0.502245376 -0.449161076 0.00600839874 0 0 0
volume_proxy 40 -0.612795372 -0.488774177 0.00408233559 0 0 0
volume_proxy 50 -0.721596742 -0.132223746 -0.00289726679 0 0 0
volume_proxy 53 -0.791143698 0.621859825 -0.0101410895 0 0 0
volume_proxy 58 0.575274651 -0.838887636 -0.00875846024 0 0 0
volume_proxy 60 0.551456092 0.517667131 -0.0100203796 0 0 0
volume_proxy 85 -0.843289985 0.905388022 -0.00140443173 0 0 0
volume_proxy 97 1.08721718 0.869459794 0.00509483482 0 0 0
volume_proxy 107 1.27702139 -0.622541115 0.000695671184 0 0 0
volume_proxy 127 -0.794343962 -0.119525286 -0.00514794208 0 0 0
volume_proxy 130 0.511911952 0.936946733 0.00290147825 0 0 0
volume_proxy 140 -0.597360798 0.998045083 0.00412087068 0 0 0
volume_proxy 157 1.29735073 0.729904625 -0.00432492785 0 0 0
volume_proxy 159 1.23978815 0.502261812 -0.000556278516 0 0 0
volume_proxy 161 0.885212384 0.435107395 0.00235469381 0 0 0
volume_proxy 176 0.921501891 -0.0886038315 -0.00164787041 0 0 0
volume_proxy 186 -1.47836365 -0.525713477 0.00482361893 0 0 0
volume_proxy 189 -0.966808909 0.639483846 0.00495151877 0 0 0
volume_proxy 195 -0.224253326 -0.355047013 0.00909728692 0 0 0
volume_proxy 196 0.63388988 0.479136762 -0.00461628265 0 0 0
volume_proxy 200 -0.115816158 -0.935406269 -0.00513615231 0 0 0
volume_proxy 202 -0.0610734011 0.793263521 0.000861447881 0 0 0
volume_proxy 209 -1.01697772 -0.432004816 -0.0102475895 0 0 0
volume_proxy 210 -0.0357041192 0.659284737 0.00123003647 0 0 0
volume_proxy 226 0.495303471 -0.133888949 -0.00501184588 0 0 0
volume_proxy 236 0.480553811 0.358864305 5.09421304e-06 0 0 0
volume_proxy 247 0.942338646 0.750197151 -0.00831788515 0 0 0
volume_proxy 256 -1.46474011 0.787587976 0.00483525452 0 0 0
volume_proxy 259 0.711962988 0.23491964 0.00795515598 0 0 0
volume_proxy 269 -1.02431909 -0.0545747952 0.00966316214 0 0 0
volume_proxy 277 -1.03692404 -0.29527441 -0.00906179305 0 0 0
volume_proxy 296 -1.21550143 -0.066026292 0.00238014178 0 0 0
volume_proxy 305 1.19027721 -0.402070044 -0.0034497115 0 0 0
volume_proxy 310 -0.542603349 -0.959548887 -0.00691963685 0 0 0
volume_proxy 344 -1.39729417 0.575300664 0.00714380174 0 0 0
volume_proxy 347 -0.462684125 0.828627201 -0.0100553252 0 0 0
volume_proxy 356 -0.94331215 0.487516365 0.00683550463 0 0 0
volume_proxy 375 0.714571804 -0.639218141 -0.000153626366 0 0 0
volume_proxy 388 0.557817118 -0.0196849969 -0.00321707644 0 0 0
volume_proxy 802 1.43536281 -0.199511378 -0.00419736468 0 0 0
volume_proxy 1052 -0.864562235 -0.859082169 0.00968630644 0 0 0
volume_proxy 1066 -0.506774176 0.0100600678 -0.0040371367 0 0 0
volume_proxy 1120 -0.271158838 0.0981556452 -0.00553325941 0 0 0
volume_proxy 1166 -0.52875648 0.186083495 -0.00253070062 0 0 0
volume_proxy 1169 1.03300207 -0.711731256 -0.005326561 0 0 0
volume_proxy 1193 -1.32727796 -0.560610852 0.0100103137 0 0 0
volume_proxy 1225 -0.214675348 -0.396003288 0.00749024689 0 0 0
volume_proxy 1245 -1.08790636 0.0319996706 -0.00951487838 0 0 0
volume_proxy 1280 -0.865327259 0.788441231 -0.00924115025 0 0 0
volume_proxy 1285 -1.28501308 -0.174935129 0.0106835696 0 0 0
volume_proxy 1295 -0.429036833 0.0572042001 2.75062899e-05 0 0 0
volume_proxy 1296 0.199626303 -0.620723663 0.00645547067 0 0 0
volume_proxy 1340 0.950314652 0.841359206 -0.00893301842 0 0 0
volume_proxy 1380 -0.102746255 0.899055857 0.00571386609 0 0 0
volume_proxy 1386 0.805760772 0.337248083 0.00993467862 0 0 0
volume_proxy 1397 1.28833202 0.9475683 0.0103069743 0 0 0
volume_proxy 1409 0.0504273586 0.821912185 -0.00039634745 0 0 0
volume_proxy 1413 0.87680522 0.973818647 0.00211551421 0 0 0
volume_proxy 1422 0.517160597 -0.860885332 0.00719502386 0 0 0
volume_proxy 1433 1.04896496 0.883127504 0.00207594473 0 0 0
volume_proxy 1434 -0.13212356 -0.982718434 0.00326132654 0 0 0
volume_proxy 1437 -0.153976492 -0.0761804834 0.00166337435 0 0 0
volume_proxy 1439 -0.0359647053 0.627023225 0.00270143345 0 0 0
volume_proxy 1447 0.789806828 -0.494793623 0.00977228486 0 0 0
volume_proxy 1459 -0.718428481 0.344845482 -0.00804621751 0 0 0
volume_proxy 1460 0.666258973 0.541352248 -0.00998541635 0 0 0
volume_proxy 1461 -1.05347377 0.607171069 0.000927946645 0 0 0
volume_proxy 1466 -0.48758965 -0.0736369575 0.0100183265 0 0 0
volume_proxy 1472 -1.09282258 0.66991387 -0.0101417785 0 0 0
volume_proxy 1474 0.520473437 -0.696232879 -0.00821161449 0 0 0
volume_proxy 1481 1.23762136 0.547194793 -0.00442507603 0 0 0
volume_proxy 1482 1.10022944 -0.000403670236 -0.00176860762 0 0 0
volume_proxy 1485 0.426643848 -0.581956387 -0.00680464606 0 0 0
volume_proxy 1489 -0.000709604251 -0.417340737 -0.00587666038 0 0 0
volume_proxy 1490 1.20987803 0.861665359 -0.00172533854 0 0 0
volume_proxy 1492 0.437364839 0.594723791 -0.00447235423 0 0 0
volume_proxy 1493 0.574581791 0.323999926 0.00442859337 0 0 0
volume_proxy 1494 1.04385223 -0.182685948 -0.00941503289 0 0 0
volume_proxy 1496 -1.25797386 0.713632687 -0.00938074622 0 0 0
volume_proxy 1498 -0.344078351 0.640152474 0.00739702803 0 0 0
volume_proxy 1501 -0.499782303 -0.720634176 -0.0023738971 0 0 0
volume_proxy 1503 0.156114038 -0.00816501217 -0.00897188963 0 0 0
volume_proxy 1506 0.361785196 0.974021308 -0.00566117726 0 0 0
volume_proxy 1507 -1.23897295 -0.416210987 -0.0080902715 0 0 0
volume_proxy 1508 -0.630542086 -0.718599243 -0.00668837231 0 0 0
volume_proxy 1509 -1.20864479 0.639718009 -0.0100289857 0 0 0
volume_proxy 1510 0.31388579 -0.554773782 0.00174517359 0 0 0
volume_proxy 1511 1.42741694 0.500840144 -0.0070493697 0 0 0
volume_proxy 1513 -1.35199811 0.439473817 0.00732870214 0 0 0
volume_proxy 1515 0.666069239 -0.156661392 -0.00642633588 0 0 0
volume_proxy 1516 -0.355220692 -0.98069294 0.00333877903 0 0 0
volume_proxy 1517 -1.24553996 -0.479948132 -0.00713898723 0 0 0
volume_proxy 1519 0.169831298 -0.289960238 0.00676385139 0 0 0
volume_proxy 1520 0.621764401 -0.460029698 0.000378012513 0 0 0
volume_proxy 1521 -0.766652246 -0.0629039523 -0.0031649067 0 0 0
volume_proxy 1522 0.231351856 0.601784267 0.00519236434 0 0 0
volume_proxy 1523 1.46990664 -0.28004477 -0.00112559384 0 0 0
volume_proxy 1525 -0.911991669 0.837353419 0.00751928578 0 0 0
volume_proxy 1526 1.18798047 -0.184463796 0.0096656013 0 0 0
volume_proxy 1528 0.485142792 -0.690126621 0.00575777275 0 0 0
volume_proxy 1529 -0.869838024 -0.0566623313 -0.00893028108 0 0 0
volume_proxy 1530 -0.755678417 -0.255650447 0.00684654376 0 0 0
