volume_proxy 0 1.47087085 -0.521441698 -0.00555125534 0 0 0
volume_proxy 5 1.00924571 0.262290896 -0.00919829471 0 0 0
volume_proxy 6 0.300197376 0.22492085 0.00513523911 0 0 0
volume_proxy 11 0.788836581 0.0045652605 -0.00970212682 0 0 0
volume_proxy 12 1.47646268 -0.389812437 -0.00570048448 0 0 0
volume_proxy 14 -0.351062165 -0.32664765 0.00745376494 0 0 0
volume_proxy 23 0.553680661 -0.734630644 0.00667727952 0 0 0
volume_proxy 38 0.653011108 0.193395575 -0.00638407889 0 0 0
volume_proxy 40 0.00269264989 -0.505062718 0.00300211627 0 0 0
volume_proxy 50 -0.367183891 -0.603695122 0.00788116801 0 0 0
volume_proxy 53 -0.651277205 0.221073317 -0.00613664163 0 0 0
volume_proxy 58 1.17821744 -0.677225294 -0.00136346196 0 0 0
volume_proxy 60 0.942327722 0.741732662 0.00271175642 0 0 0
volume_proxy 61 0.103003035 -0.827284613 -0.000260563149 0 0 0
volume_proxy 72 0.0637170869 0.454120777 -0.00763961005 0 0 0
volume_proxy 85 -0.969605903 -0.264053074 0.00305138152 0 0 0
volume_proxy 88 -1.22299512 -0.567575837 0.00618056906 0 0 0
volume_proxy 97 0.768860266 0.189819523 0.00450661567 0 0 0
volume_proxy 101 -0.948646168 0.95124775 0.00115688928 0 0 0
volume_proxy 105 0.335582272 -0.276775291 -0.000932027787 0 0 0
volume_proxy 107 1.16797692 0.439040173 -0.00733594327 0 0 0
volume_proxy 127 -0.859467027 0.481363742 -0.00997909926 0 0 0
volume_proxy 130 1.42219979 0.427427943 -0.00292063533 0 0 0
volume_proxy 140 -0.299095921 0.080768434 0.0057479627 0 0 0
volume_proxy 157 1.08879436 -0.431857546 -0.00446535937 0 0 0
volume_proxy 159 0.316043924 -0.215706618 -0.00234267622 0 0 0
volume_proxy 161 0.507203829 0.27219203 0.000822948337 0 0 0
volume_proxy 176 0.582796552 -0.516693305 0.00825849337 0 0 0
volume_proxy 186 -0.540509143 0.163668178 -0.00336466556 0 0 0
volume_proxy 189 -1.02798635 0.985114153 -0.00722232716 0 0 0
volume_proxy 195 -0.119090509 0.232512895 0.00733828702 0 0 0
volume_proxy 196 0.262549297 -0.255220879 0.00498520811 0 0 0
volume_proxy 200 -0.586452677 -0.812269033 -0.00633436668 0 0 0
volume_proxy 202 -1.02935584 0.935657521 0.00961130443 0 0 0
volume_proxy 209 -1.06582697 0.261039253 -0.00186962717 0 0 0
volume_proxy 210 -0.729482374 0.563787115 -0.00502746582 0 0 0
volume_proxy 226 -0.485461856 -0.541737017 0.00493232913 0 0 0
volume_proxy 236 0.304640524 0.770704964 0.00546651723 0 0 0
volume_proxy 247 0.432289677 0.455312306 0.00158729361 0 0 0
volume_proxy 256 -0.705724562 0.251342188 0.00604646491 0 0 0
volume_proxy 259 0.305974311 0.114517769 0.00406634896 0 0 0
volume_proxy 269 0.196608816 -0.166080834 -0.00852234593 0 0 0
volume_proxy 277 -1.14717975 -0.23133073 0.00112811908 0 0 0
volume_proxy 294 0.0392841238 0.231028111 0.00532965674 0 0 0
volume_proxy 296 0.0270107605 -0.0737410311 0.00220547135 0 0 0
volume_proxy 305 0.766183285 -0.843268628 0.00602441701 0 0 0
volume_proxy 310 0.940575312 0.104297977 -0.00358012043 0 0 0
volume_proxy 329 -0.717108697 -0.859464558 0.00361632559 0 0 0
volume_proxy 337 -0.936252187 0.956642237 -0.00429025103 0 0 0
volume_proxy 344 -0.772022949 0.73107712 0.00538585842 0 0 0
volume_proxy 347 -0.517891588 -0.602983997 0.00287409256 0 0 0
volume_proxy 349 -0.411751621 0.310807886 0.000587257833 0 0 0
volume_proxy 356 0.234088094 0.837085818 -0.00774810291 0 0 0
volume_proxy 375 0.94330195 -0.273034808 -0.000687525515 0 0 0
volume_proxy 388 -1.40656909 0.694125733 0.00836502498 0 0 0
volume_proxy 431 -1.26538179 -0.184972762 0.00969285943 0 0 0
volume_proxy 802 1.09374101 -0.382870467 0.0102780501 0 0 0
volume_proxy 876 0.405927924 -0.918468519 -0.00463312747 0 0 0
volume_proxy 1020 -1.40616187 0.984921041 -0.00216940082 0 0 0
volume_proxy 1052 0.311003661 -0.987979758 0.00922782449 0 0 0
volume_proxy 1066 0.756636451 0.206169889 -0.00820265829 0 0 0
volume_proxy 1093 -0.156184566 0.300445974 0.00752800119 0 0 0
volume_proxy 1120 -0.483605329 0.794718295 -0.00285239557 0 0 0
volume_proxy 1166 -0.611798389 0.68051892 -0.00574859713 0 0 0
volume_proxy 1169 1.30713656 -0.822402135 0.00509937953 0 0 0
volume_proxy 1172 -0.0369995458 0.676452115 0.00270851091 0 0 0
volume_proxy 1186 -0.697001654 -0.522312067 -0.00893638613 0 0 0
volume_proxy 1193 -0.488026486 0.0912751521 0.00334142339 0 0 0
volume_proxy 1210 -1.20698998 0.722069564 0.00557728248 0 0 0
volume_proxy 1219 -0.841288388 0.998018704 0.00836555675 0 0 0
volume_proxy 1225 0.0144642427 -0.379328987 -0.00518151144 0 0 0
volume_proxy 1245 -1.36818083 0.722176761 0.00537084091 0 0 0
volume_proxy 1270 0.0572857924 0.0441050606 0.000426081014 0 0 0
volume_proxy 1280 -1.48956474 0.943741078 0.00901762538 0 0 0
volume_proxy 1285 -1.31476267 0.915823271 0.00551756228 0 0 0
volume_proxy 1292 0.640390153 0.403183929 -0.00738911786 0 0 0
volume_proxy 1295 -1.22672213 0.635392311 0.00878764638 0 0 0
volume_proxy 1296 0.0655474928 -0.160022347 7.09053313e-05 0 0 0
volume_proxy 1301 -1.11417321 0.977473453 0.000298082725 0 0 0
volume_proxy 1318 1.39024051 -0.493687933 -0.00251426521 0 0 0
volume_proxy 1326 0.623744651 -0.234734599 0.00673127294 0 0 0
volume_proxy 1335 0.155222744 -0.57280648 -0.0105819548 0 0 0
volume_proxy 1340 0.850704013 0.552387271 -0.00220805804 0 0 0
volume_proxy 1380 -0.303813011 0.593308239 -0.00184098614 0 0 0
volume_proxy 1381 0.368144222 0.563035022 -0.00681778446 0 0 0
volume_proxy 1386 0.560219324 0.942422235 0.00641282248 0 0 0
volume_proxy 1388 0.67407565 0.3303191 0.00840255628 0 0 0
volume_proxy 1390 -1.44481978 0.958900895 0.000656859813 0 0 0
volume_proxy 1392 -0.0276173113 -0.608297703 -0.00139792306 0 0 0
volume_proxy 1397 0.264352639 0.434528097 0.0083086333 0 0 0
volume_proxy 1398 -1.46672252 0.679641697 0.00531839215 0 0 0
volume_proxy 1403 0.490619025 0.0911150905 -0.00245950869 0 0 0
volume_proxy 1405 -0.0307473503 0.593925189 0.00289327826 0 0 0
volume_proxy 1408 0.532424359 0.691447771 0.000608512342 0 0 0
volume_proxy 1409 1.12529387 0.419447239 -0.00790614007 0 0 0
volume_proxy 1413 0.548572363 0.955658695 0.00802304306 0 0 0
volume_proxy 1418 -1.26245147 -0.151880331 -0.00964280165 0 0 0
volume_proxy 1420 -1.417922 0.1132771 0.00812479092 0 0 0
volume_proxy 1421 -1.42112454 -0.226645752 -0.00349229637 0 0 0
volume_proxy 1422 0.916412947 -0.960823487 -0.00735559401 0 0 0
volume_proxy 1423 -0.492726311 0.650429156 0.00646412001 0 0 0
volume_proxy 1425 -1.19742651 -0.809046861 0.01037409 0 0 0
volume_proxy 1426 0.946390509 -0.533858907 0.00954412199 0 0 0
volume_proxy 1428 -0.227397753 0.540231025 -0.00618707417 0 0 0
volume_proxy 1429 0.967940904 -0.221626337 0.00828545398 0 0 0
volume_proxy 1433 1.01163905 0.234382318 0.00859956223 0 0 0
volume_proxy 1434 0.620654713 -0.420738323 -0.00097049279 0 0 0
volume_proxy 1436 -0.817748965 -0.902044216 0.00932908493 0 0 0
volume_proxy 1437 -0.402954933 -0.542612729 -0.00620058695 0 0 0
volume_proxy 1439 -0.529109904 0.878720562 0.00588470692 0 0 0
volume_proxy 1440 0.427902841 -0.439387033 -0.00902750804 0 0 0
volume_proxy 1444 -0.892593926 -0.561029155 0.00434046507 0 0 0
volume_proxy 1445 0.428740125 -0.574393724 0.00490444424 0 0 0
volume_proxy 1447 1.40905217 -0.624936449 0.00252090258 0 0 0
volume_proxy 1454 -0.991644077 -0.838636434 -0.00731538114 0 0 0
volume_proxy 1459 -0.877224398 0.923437739 0.00433037492 0 0 0
volume_proxy 1460 1.05092888 0.234975558 0.00463234738 0 0 0
volume_proxy 1461 -1.29531852 0.418680132 0.00762933182 0 0 0
volume_proxy 1462 -0.90266245 -0.60465132 -0.0101757338 0 0 0
volume_proxy 1464 -0.960633739 -0.929344846 0.00993157659 0 0 0
volume_proxy 1466 -1.10409867 -0.880419422 -0.00139108894 0 0 0
volume_proxy 1470 -1.30503271 -0.884680825 -0.00647599134 0 0 0
volume_proxy 1471 -0.223617061 0.960803309 0.00540855984 0 0 0
volume_proxy 1472 -0.459459048 0.910970633 -0.00762646388 0 0 0
volume_proxy 1474 0.857421513 -0.89396965 -0.00929103458 0 0 0
volume_proxy 1475 1.05657935 0.152529707 -0.00762771364 0 0 0
volume_proxy 1480 1.38588868 -0.433521162 0.0043166273 0 0 0
volume_proxy 1481 1.16991508 0.523349718 -0.00220218241 0 0 0
volume_proxy 1482 0.145458164 -0.992087485 0.00199157893 0 0 0
volume_proxy 1483 0.0662910307 -0.972350553 -0.00841297608 0 0 0
volume_proxy 1484 0.0434158196 0.218836236 -0.00558225915 0 0 0
volume_proxy 1485 0.110905013 -0.206033015 0.000673189761 0 0 0
volume_proxy 1486 1.08782285 -0.701084194 -0.000507707452 0 0 0
volume_proxy 1489 -0.558629521 0.879705701 -0.00270118371 0 0 0
volume_proxy 1490 0.883211765 0.952462696 0.000517003174 0 0 0
volume_proxy 1491 -0.218180863 -0.261055608 -0.00492104989 0 0 0
