volume_proxy 0 1.1389136 -0.253646966 -0.000423450043 0 0 0
volume_proxy 4 0.729059921 0.591064254 0.005072514 0 0 0
volume_proxy 5 -0.579328348 0.0133398919 -0.00074794449 0 0 0
volume_proxy 6 1.46034471 0.328344926 0.00670886066 0 0 0
volume_proxy 11 -0.661363031 0.954213163 -0.0083684631 0 0 0
volume_proxy 12 0.351312541 -0.393748842 0.00689475542 0 0 0
volume_proxy 13 -1.16271922 -0.878342228 -0.00057752768 0 0 0
volume_proxy 14 0.479929412 0.234536525 0.00271298525 0 0 0
volume_proxy 15 -0.433951834 -0.834646295 -0.00718773838 0 0 0
volume_proxy 23 -0.644728792 -0.283483376 -0.00761195579 0 0 0
volume_proxy 31 -0.833387883 0.533646167 0.00166591542 0 0 0
volume_proxy 36 0.656914254 0.981726962 -0.00275741768 0 0 0
volume_proxy 38 0.596823752 -0.138861396 0.00821324303 0 0 0
volume_proxy 40 0.0441568045 -0.946560847 -0.00993594484 0 0 0
volume_proxy 46 0.617224897 -0.829277817 -0.00681239703 0 0 0
volume_proxy 47 0.961246995 -0.0267451649 -0.00546552924 0 0 0
volume_proxy 49 0.0593867967 -0.572214125 0.00873560654 0 0 0
volume_proxy 50 -0.084354375 -0.719199029 -0.00946870597 0 0 0
volume_proxy 52 -1.15723447 -0.531249638 0.000639279738 0 0 0
volume_proxy 53 0.347462645 -0.630736412 -0.00286850084 0 0 0
volume_proxy 57 -1.39082887 -0.112677497 -0.00145370374 0 0 0
volume_proxy 58 0.51123652 -0.669203485 0.00897915938 0 0 0
volume_proxy 59 -0.773157699 0.938177068 -0.0100502944 0 0 0
volume_proxy 60 -0.191896305 0.703626419 -0.00467981584 0 0 0
volume_proxy 61 -1.4139202 -0.378436517 -0.00662363705 0 0 0
volume_proxy 62 -0.0251288287 0.346174995 0.0101946369 0 0 0
volume_proxy 69 -0.759935358 -0.1714385 0.00977963498 0 0 0
volume_proxy 72 0.414970553 -0.0975219801 0.0012681863 0 0 0
volume_proxy 81 -1.46817048 0.186667537 -0.00642704309 0 0 0
volume_proxy 85 -0.38479041 0.341271314 -0.00775816821 0 0 0
volume_proxy 87 1.04312307 0.990607885 0.00651516383 0 0 0
volume_proxy 88 -1.09556982 0.167070711 0.0051595376 0 0 0
volume_proxy 94 -0.0965609635 -0.684733183 -0.00889673822 0 0 0
volume_proxy 97 1.09068449 -0.0651708208 0.00333186627 0 0 0
volume_proxy 101 -0.872991809 0.688935867 0.0030608572 0 0 0
volume_proxy 102 0.212944611 -0.32320777 -0.00179436344 0 0 0
volume_proxy 105 -0.701484798 -0.663487528 0.00556052685 0 0 0
volume_proxy 106 -0.223282512 -0.502210971 0.00306476156 0 0 0
volume_proxy 107 0.340932013 0.403981377 0.00139357785 0 0 0
volume_proxy 108 1.10570712 -0.202103207 0.00224829308 0 0 0
volume_proxy 113 -0.580787719 0.0141655978 0.0059872076 0 0 0
volume_proxy 125 -0.857546449 -0.19810125 -0.00445322592 0 0 0
volume_proxy 126 -0.189768048 -0.510286415 -0.00732982661 0 0 0
volume_proxy 127 0.132277628 0.0986395483 0.00434614531 0 0 0
volume_proxy 130 1.063231 -0.103946072 -0.000456294518 0 0 0
volume_proxy 131 0.612258797 0.675206654 0.000192955237 0 0 0
volume_proxy 132 0.450422885 0.868555525 0.0012863014 0 0 0
volume_proxy 135 0.671083249 -0.984518721 0.00561942011 0 0 0
volume_proxy 140 -0.882941264 0.81919046 -0.00855639296 0 0 0
volume_proxy 145 -0.672659387 -0.358555438 0.00400235873 0 0 0
volume_proxy 146 1.49147177 -0.353568236 0.00593639681 0 0 0
volume_proxy 149 -1.15246748 0.825744204 -0.00347452544 0 0 0
volume_proxy 157 0.767248863 0.490640188 0.00523146912 0 0 0
volume_proxy 159 -0.828934191 -0.478630658 0.0030930562 0 0 0
volume_proxy 161 -0.143547327 -0.165050822 0.00937818269 0 0 0
volume_proxy 163 -1.48105275 0.0883998343 0.00727855607 0 0 0
volume_proxy 169 1.14753196 0.104509051 0.00510794343 0 0 0
volume_proxy 176 0.142715273 0.034113626 -0.00386778877 0 0 0
volume_proxy 178 -0.698411108 0.08381268 -0.0107000478 0 0 0
volume_proxy 186 -0.458149047 -0.297261663 -0.00377379867 0 0 0
volume_proxy 189 -0.827271389 0.504598633 -0.00273953259 0 0 0
volume_proxy 194 0.158031679 -0.962700885 -0.00743420307 0 0 0
volume_proxy 195 -0.871547401 0.31173778 -0.00900129352 0 0 0
volume_proxy 196 0.583587737 0.61173459 0.00824131941 0 0 0
volume_proxy 198 1.16319654 -0.704022311 0.0081544055 0 0 0
volume_proxy 200 -1.24094195 -0.120027579 -0.00573962915 0 0 0
volume_proxy 201 -1.03173152 0.335044405 -0.00683155585 0 0 0
volume_proxy 202 -0.758391846 0.605945575 -0.000961266302 0 0 0
volume_proxy 206 0.392510815 -0.802177168 0.000894730526 0 0 0
volume_proxy 208 -1.17290182 0.37848694 -0.0084629393 0 0 0
volume_proxy 209 -0.914759578 -0.284336205 -0.00693212264 0 0 0
volume_proxy 210 0.188184173 0.161518335 0.00429771206 0 0 0
volume_proxy 213 0.0384343916 -0.0429742406 -0.00429072092 0 0 0
volume_proxy 223 -1.1468559 0.126276844 -0.00577290541 0 0 0
volume_proxy 224 1.19462212 -0.926997572 0.00260873056 0 0 0
volume_proxy 226 -0.906828757 -0.769603599 0.00171810476 0 0 0
volume_proxy 228 -0.0619557476 0.226308427 0.00686215456 0 0 0
volume_proxy 230 0.353457232 0.934980979 0.000164374862 0 0 0
volume_proxy 232 0.59380977 0.46919424 0.00323927594 0 0 0
volume_proxy 236 0.839446417 0.0817191086 0.0045888344 0 0 0
volume_proxy 237 0.233981264 0.777747674 0.000458816565 0 0 0
volume_proxy 242 1.04578024 0.546767717 0.00662718728 0 0 0
volume_proxy 244 0.564202541 0.803941697 -0.00355393649 0 0 0
volume_proxy 247 1.23384066 -0.191754387 -0.00642750592 0 0 0
volume_proxy 251 0.657230659 0.768513412 -0.00119822731 0 0 0
volume_proxy 256 0.321985367 -0.708447263 -0.000320443191 0 0 0
volume_proxy 257 -0.0156885877 0.483061168 0.00431915661 0 0 0
volume_proxy 258 0.332806257 -0.206161442 0.0100601648 0 0 0
volume_proxy 259 0.506314269 0.414224467 -0.00362066309 0 0 0
volume_proxy 269 0.983028614 -0.0442498303 0.00694601918 0 0 0
volume_proxy 271 -1.45696839 0.808515384 -0.00225924921 0 0 0
volume_proxy 273 1.3205459 0.385277946 -0.0100184644 0 0 0
volume_proxy 276 0.499385788 -0.0120950012 0.00432535574 0 0 0
volume_proxy 277 -0.489658186 -0.718574095 -0.000648242344 0 0 0
volume_proxy 279 -0.356922161 -0.693926665 -0.00474002447 0 0 0
volume_proxy 281 -1.28029152 0.833433854 9.23318836e-05 0 0 0
volume_proxy 284 -0.776407394 0.684313013 0.00471796461 0 0 0
volume_proxy 285 -0.624232039 -0.814637001 0.00154865995 0 0 0
volume_proxy 294 -0.179035761 0.845550246 0.00766365035 0 0 0
volume_proxy 296 0.401384892 -0.357215688 -0.00634598183 0 0 0
volume_proxy 297 1.21780276 0.275729002 0.0107290792 0 0 0
volume_proxy 298 1.09701745 -0.863940483 -0.00428724416 0 0 0
volume_proxy 305 0.286499165 -0.19874215 -0.00559220121 0 0 0
volume_proxy 309 0.703961284 0.766533919 -0.00123923869 0 0 0
volume_proxy 310 0.616785414 0.164059637 0.00046174141 0 0 0
volume_proxy 311 0.22361059 -0.99263605 0.0101512526 0 0 0
volume_proxy 312 0.483915323 -0.0986045636 -0.00287912274 0 0 0
volume_proxy 314 -0.618307481 0.27018555 0.00150539245 0 0 0
volume_proxy 315 -0.1288227 0.130113988 0.0007724636 0 0 0
volume_proxy 316 -0.211115064 -0.0829038057 0.00503319737 0 0 0
volume_proxy 318 -1.46207489 0.0640755733 -0.00250697578 0 0 0
volume_proxy 319 0.109147178 -0.716532841 0.00345851755 0 0 0
volume_proxy 321 -0.250382925 -0.969039659 -0.00950968693 0 0 0
volume_proxy 322 0.639263704 0.580977737 0.00335784294 0 0 0
volume_proxy 324 -0.889964834 -0.969015872 -0.00868729332 0 0 0
volume_proxy 329 0.067230779 0.994875183 -0.0100893336 0 0 0
volume_proxy 330 0.124696449 -0.332039892 0.00466264147 0 0 0
volume_proxy 335 -1.24399619 -0.082073692 -0.0022450645 0 0 0
volume_proxy 337 -0.669231482 0.632441795 0.0103393869 0 0 0
volume_proxy 338 -0.484402003 -0.123059816 0.00771642733 0 0 0
volume_proxy 339 -0.704539647 -0.475131159 0.00252375065 0 0 0
volume_proxy 343 -0.217746777 0.844580942 -0.000341460881 0 0 0
volume_proxy 344 0.55832879 0.282784102 -0.00184085854 0 0 0
volume_proxy 345 -0.756294341 -0.100557472 -5.8271815e-06 0 0 0
volume_proxy 347 0.111829377 -0.184203462 -0.00753058716 0 0 0
volume_proxy 349 0.512706773 0.0744544789 0.00602723591 0 0 0
volume_proxy 350 -0.582983716 0.615996662 0.000526483828 0 0 0
volume_proxy 356 0.844263303 0.543401072 0.000844574151 0 0 0
volume_proxy 358 1.43772724 0.763795299 -0.00874760044 0 0 0
volume_proxy 370 1.03231296 0.474338707 0.00947444675 0 0 0
volume_proxy 371 -1.32190747 0.262812056 0.00157107246 0 0 0
volume_proxy 375 0.862531511 0.14236843 -0.0106391944 0 0 0
volume_proxy 377 0.669881934 0.44200517 -0.00224118013 0 0 0
volume_proxy 380 -0.38145468 -0.767289058 -0.00500889754 0 0 0
volume_proxy 382 -0.359234405 -0.964882675 -0.00137786781 0 0 0
volume_proxy 383 0.878924083 -0.972079325 0.00907940318 0 0 0
volume_proxy 384 -0.216220496 0.939231992 -0.0107521933 0 0 0
volume_proxy 388 -1.39408701 -0.100890642 0.00184823814 0 0 0
volume_proxy 392 0.0495280098 0.888095858 -0.00392205715 0 0 0
volume_proxy 393 1.43421158 0.142206722 -0.00463100416 0 0 0
volume_proxy 396 -0.870576779 0.869870684 -0.00447328232 0 0 0
volume_proxy 397 1.08121802 0.41603612 -0.00717687167 0 0 0
volume_proxy 399 1.27204051 -0.985796084 0.00758153103 0 0 0
volume_proxy 400 0.0435099214 -0.558499382 -0.00843541706 0 0 0
volume_proxy 402 -0.931668531 -0.59150843 0.00867642515 0 0 0
volume_proxy 409 -0.54675545 -0.760726992 0.00420123936 0 0 0
volume_proxy 412 1.43480114 -0.50288873 0.00440754819 0 0 0
volume_proxy 415 -0.785271396 -0.858949281 0.00959184437 0 0 0
volume_proxy 418 -0.636787159 -0.490052336 -0.00493431255 0 0 0
volume_proxy 425 -0.13190736 -0.317530935 0.00617592101 0 0 0
volume_proxy 431 -1.49994431 -0.83760339 -0.0040930832 0 0 0
volume_proxy 435 -1.1027822 -0.62294105 -0.00818020024 0 0 0
volume_proxy 442 -0.0202503604 -0.428944223 0.00885628533 0 0 0
volume_proxy 463 0.223266384 -0.500757011 -0.0041304389 0 0 0
volume_proxy 470 1.29513816 0.526558954 0.000642602793 0 0 0
volume_proxy 493 -0.592653768 -0.939909512 0.00595682283 0 0 0
volume_proxy 497 -1.18501177 -0.949618484 0.00237681038 0 0 0
volume_proxy 502 0.790150849 0.00283792197 0.00913345951 0 0 0
volume_proxy 512 0.298866374 -0.857422045 -0.00806753421 0 0 0
volume_proxy 513 0.737896413 -0.0375925634 0.0101662687 0 0 0
volume_proxy 518 1.18391361 -0.578832471 -0.00807286234 0 0 0
volume_proxy 544 0.787607966 0.793413243 -0.00896068529 0 0 0
volume_proxy 547 1.08451063 0.722452881 0.0107557677 0 0 0
volume_proxy 549 0.276945867 -0.941765698 0.00229679881 0 0 0
volume_proxy 559 1.30336092 0.685353565 0.00367592301 0 0 0
volume_proxy 572 0.110851343 -0.188864998 -0.00867842029 0 0 0
volume_proxy 578 -0.880947877 0.832427099 -0.00575613585 0 0 0
volume_proxy 581 1.44371495 0.571229477 0.00995845147 0 0 0
volume_proxy 591 -0.761286221 0.55300751 0.00771332356 0 0 0
volume_proxy 594 -1.16423739 0.549601046 -0.00976847365 0 0 0
volume_proxy 603 0.375171579 -0.21816325 -0.00966010145 0 0 0
volume_proxy 608 -0.432093729 -0.560840292 -0.0011027702 0 0 0
volume_proxy 615 1.00522872 -0.605297952 -0.0102714699 0 0 0
volume_proxy 616 1.47613419 0.17137222 0.00235626957 0 0 0
volume_proxy 626 1.02573307 -0.00149823766 0.00298936989 0 0 0
volume_proxy 634 -0.5590534 0.671949653 0.00501198884 0 0 0
volume_proxy 637 -1.15058379 -0.996808425 0.00402984684 0 0 0
volume_proxy 647 -0.0991217753 0.660651686 0.0107205539 0 0 0
volume_proxy 656 -0.167227486 0.182300325 0.00794429577 0 0 0
volume_proxy 665 -0.944052391 -0.920745286 0.00857304384 0 0 0
volume_proxy 669 1.20107121 -0.0703115332 0.00129490393 0 0 0
volume_proxy 682 0.286521531 0.865517955 0.00653200903 0 0 0
volume_proxy 693 -0.249574164 0.71664643 -0.00533273593 0 0 0
volume_proxy 698 -0.287991733 0.713122858 0.00504965019 0 0 0
volume_proxy 702 -0.241114267 -0.1754917 -0.00610039467 0 0 0
volume_proxy 703 -0.878986537 0.0823154626 0.00123980435 0 0 0
volume_proxy 704 1.22339949 0.101404083 -0.00245747754 0 0 0
volume_proxy 708 -1.25912397 0.507191779 0.00463758326 0 0 0
volume_proxy 722 0.769367054 0.675393874 0.00733144895 0 0 0
volume_proxy 725 -1.37792615 -0.803748155 -0.00809155762 0 0 0
volume_proxy 740 0.126687242 0.730749089 -0.00373030385 0 0 0
volume_proxy 751 0.182879211 -0.760022783 0.00329375071 0 0 0
volume_proxy 757 0.0708763636 0.17219753 0.0107115053 0 0 0
volume_proxy 781 -0.843575365 0.176674929 0.00554137084 0 0 0
volume_proxy 788 -0.278214088 -0.108942315 -0.00617017343 0 0 0
volume_proxy 795 0.76269862 -0.747999028 0.00934376028 0 0 0
volume_proxy 797 -1.47332498 -0.1829787 0.00656342045 0 0 0
volume_proxy 800 -1.05928705 0.888636733 0.00970355457 0 0 0
volume_proxy 802 0.366287831 0.0602868346 0.00133753301 0 0 0
volume_proxy 804 0.293253431 0.00774619775 0.00603628864 0 0 0
volume_proxy 810 0.713179004 0.228643968 0.00277627876 0 0 0
volume_proxy 811 0.643601722 0.677792974 0.00540604969 0 0 0
volume_proxy 812 0.920235303 0.56621944 0.00857064618 0 0 0
volume_proxy 814 1.00974746 -0.00163244495 0.0011982492 0 0 0
volume_proxy 822 0.243614769 -0.712514901 0.0100050496 0 0 0
volume_proxy 825 1.40368664 0.550626716 -0.00270684051 0 0 0
volume_proxy 833 -0.234094964 0.203422327 0.007967097 0 0 0
volume_proxy 835 -0.160917934 -0.948455529 -0.00951494838 0 0 0
volume_proxy 839 -0.171336758 -0.262829985 -0.000281006714 0 0 0
volume_proxy 846 1.49240936 0.140505395 0.00329448373 0 0 0
volume_proxy 848 -1.13317097 -0.132053596 -0.00820812115 0 0 0
volume_proxy 854 -0.22712006 0.966059802 -0.0047972913 0 0 0
volume_proxy 856 0.9985608 0.541994289 0.00351821078 0 0 0
volume_proxy 869 1.45415145 0.795858001 0.0103661734 0 0 0
volume_proxy 875 -0.345771471 -0.906351865 -0.00436845297 0 0 0
volume_proxy 876 0.00282157569 -0.598112215 -0.00705257986 0 0 0
volume_proxy 878 1.26620091 -0.575683317 0.00866649479 0 0 0
volume_proxy 883 0.016637206 0.974636703 0.00598278661 0 0 0
volume_proxy 889 -1.23487951 0.694201401 0.00910569792 0 0 0
volume_proxy 896 1.35705675 0.441492332 0.00518109339 0 0 0
volume_proxy 898 0.560734788 0.00690665614 -0.0104998323 0 0 0
volume_proxy 902 0.0628290204 0.535958509 0.0080991026 0 0 0
volume_proxy 903 0.200128713 0.460325197 -0.00233627011 0 0 0
volume_proxy 904 -1.06400419 0.780606036 -0.00180129623 0 0 0
volume_proxy 906 1.08985059 0.663611217 -0.00571833595 0 0 0
volume_proxy 910 -1.43892429 0.493166471 0.00965947956 0 0 0
volume_proxy 912 1.4876044 0.272238159 0.0089483542 0 0 0
volume_proxy 913 -1.32069456 -0.917833838 -0.00938529484 0 0 0
volume_proxy 914 0.0974961522 -0.641264221 0.00765396149 0 0 0
volume_proxy 915 -0.390691207 -0.331345603 0.0107123252 0 0 0
volume_proxy 916 -0.264230991 0.37719991 0.00179217953 0 0 0
volume_proxy 924 -0.430443931 0.2705451 -0.00716606804 0 0 0
volume_proxy 926 -0.225643174 0.410565949 0.00746565934 0 0 0
volume_proxy 929 -0.598814503 -0.687099459 -0.00499406721 0 0 0
volume_proxy 931 0.0226213 -0.119280718 0.0053370948 0 0 0
volume_proxy 935 -1.37077689 0.370428897 -0.00298101098 0 0 0
volume_proxy 939 0.919753131 0.972962315 0.0079828221 0 0 0
volume_proxy 940 -0.182742515 0.319633393 0.00558376583 0 0 0
volume_proxy 944 0.583163845 -0.904570817 -0.00190716775 0 0 0
volume_proxy 945 -0.744395906 0.476245644 -0.0100078078 0 0 0
volume_proxy 948 -0.46593171 0.0445498213 0.00159303589 0 0 0
volume_proxy 949 -0.602529421 -0.213912492 -0.00573216002 0 0 0
volume_proxy 953 -0.720718783 -0.931112023 0.00892164243 0 0 0
volume_proxy 958 -1.44805126 0.284863477 -0.00718367276 0 0 0
volume_proxy 963 -0.663882318 0.66329931 0.0033340481 0 0 0
volume_proxy 964 0.543837431 0.692369308 -0.0107003458 0 0 0
volume_proxy 966 -0.619667078 0.821987568 -0.00476926701 0 0 0
volume_proxy 969 -0.921620004 0.110795847 -0.00349164011 0 0 0
volume_proxy 973 -0.150403927 0.0588845498 0.00213844504 0 0 0
volume_proxy 974 0.718960962 -0.70018581 -0.00630638072 0 0 0
volume_proxy 977 -1.14117175 -0.164614012 -0.00863768559 0 0 0
volume_proxy 979 0.0823256304 0.830936365 -0.00423864292 0 0 0
volume_proxy 981 -0.0267313355 0.171634347 -0.00583524917 0 0 0
volume_proxy 983 1.20800492 -0.382035888 -0.00310855294 0 0 0
volume_proxy 984 1.40450356 0.630009369 0.000932831293 0 0 0
volume_proxy 985 -0.514201102 -0.962093609 0.0060760052 0 0 0
volume_proxy 986 -0.219330701 -0.703866202 -0.000567979071 0 0 0
volume_proxy 988 0.930414544 -0.742247009 -0.00736024379 0 0 0
volume_proxy 990 -1.32782668 0.27892251 0.00172653086 0 0 0
volume_proxy 991 -0.429428688 -0.422453326 0.00663955582 0 0 0
volume_proxy 992 -0.0568389241 0.354999659 0.00562420197 0 0 0
volume_proxy 996 -1.07150943 0.510260201 0.00605853326 0 0 0
volume_proxy 997 1.23557677 -0.0403368708 -0.00196169094 0 0 0
volume_proxy 999 -0.811251071 -0.290554348 -0.00704497656 0 0 0
volume_proxy 1001 0.583484752 0.957995407 0.00165492198 0 0 0
volume_proxy 1007 -1.3176093 -0.577154504 -0.00840906265 0 0 0
volume_proxy 1008 0.441599985 -0.484372028 -0.00382652502 0 0 0
volume_proxy 1011 0.388172906 -0.801670238 0.00157093629 0 0 0
volume_proxy 1012 0.818268655 -0.203550575 0.00471434052 0 0 0
volume_proxy 1016 0.909539489 -0.952716387 0.00904199205 0 0 0
volume_proxy 1017 0.390614615 -0.85128358 0.00568553723 0 0 0
volume_proxy 1018 -1.01940729 -0.756461472 -0.00315769944 0 0 0
volume_proxy 1019 -0.821016503 -0.905157971 0.00510234364 0 0 0
volume_proxy 1020 -0.9137876 0.536552298 0.00140309631 0 0 0
volume_proxy 1021 -0.986532995 -0.391432026 0.00627339326 0 0 0
volume_proxy 1023 0.816337793 0.366133168 -0.00808035765 0 0 0
volume_proxy 1024 1.05629455 0.854726778 -0.00460489481 0 0 0
volume_proxy 1028 -1.30430428 -0.590726651 -0.00403904323 0 0 0
volume_proxy 1029 1.07475213 0.92480133 -0.00423693632 0 0 0
volume_proxy 1030 0.331259988 0.531848841 0.00186886923 0 0 0
volume_proxy 1031 1.17902791 -0.72668531 0.00435246301 0 0 0
volume_proxy 1032 1.28995439 0.220332381 -0.00263132491 0 0 0
volume_proxy 1033 0.721967417 0.785126742 0.00849321537 0 0 0
volume_proxy 1035 0.214266567 -0.61340354 0.00293878005 0 0 0
volume_proxy 1036 0.87686334 -0.34547036 0.00934130364 0 0 0
volume_proxy 1040 -0.982104891 -0.732765032 -0.00060314157 0 0 0
volume_proxy 1041 0.171410377 0.227430503 0.00573147547 0 0 0
volume_proxy 1042 0.903881092 0.0662957508 0.00188998171 0 0 0
volume_proxy 1046 0.206737021 -0.291053228 -0.0030101255 0 0 0
volume_proxy 1047 -1.47552235 0.133866496 0.0010907163 0 0 0
volume_proxy 1048 -1.48967614 0.330036878 0.000651924461 0 0 0
volume_proxy 1049 -0.24249404 0.3884518 -0.003870797 0 0 0
volume_proxy 1050 -0.668267032 -0.443150512 -0.00222792606 0 0 0
volume_proxy 1052 -0.693432157 0.0203343368 0.0102979465 0 0 0
volume_proxy 1053 -0.352128667 -0.764519385 -0.00599021782 0 0 0
volume_proxy 1054 -1.40349976 0.0536084943 -0.0018366057 0 0 0
volume_proxy 1056 -1.39545596 0.897398136 -0.00585179069 0 0 0
volume_proxy 1057 -0.17904161 -0.392490498 0.00144298022 0 0 0
volume_proxy 1059 -0.441332024 0.978147694 -0.00146528732 0 0 0
volume_proxy 1060 -1.44402511 0.267280834 0.000388008282 0 0 0
volume_proxy 1061 -0.481862884 -0.368448136 0.00976537028 0 0 0
volume_proxy 1062 0.638419799 0.412818343 -0.0084495526 0 0 0
volume_proxy 1064 -0.603630588 -0.931368515 0.00388839334 0 0 0
volume_proxy 1065 -1.37067183 -0.378763173 0.0039371763 0 0 0
volume_proxy 1066 1.02079955 0.151319274 -0.00726821918 0 0 0
volume_proxy 1067 0.917582435 -0.45882558 -0.00187441632 0 0 0
volume_proxy 1069 -0.77460267 0.703616989 0.00306534332 0 0 0
volume_proxy 1070 -1.03464232 0.238850829 -0.00558290694 0 0 0
volume_proxy 1072 -0.397916748 0.803806309 0.00484564862 0 0 0
volume_proxy 1075 -0.222067551 0.280674157 0.00626207724 0 0 0
volume_proxy 1076 1.45294603 -0.413194727 -0.00851865061 0 0 0
volume_proxy 1077 -1.10552758 0.812768751 0.00184918577 0 0 0
volume_proxy 1078 -0.894148539 0.981673348 0.00352988144 0 0 0
volume_proxy 1079 0.268830404 -0.0279323503 -0.00674527875 0 0 0
volume_proxy 1080 -0.176388331 0.154282038 -0.00363162558 0 0 0
volume_proxy 1085 0.147933043 -0.0391804081 -0.00479716449 0 0 0
volume_proxy 1086 1.11288761 -0.677548787 -0.00018432968 0 0 0
volume_proxy 1088 -0.390521614 0.843222601 -0.000174938106 0 0 0
volume_proxy 1089 -0.822831438 0.961516502 -0.00777821986 0 0 0
volume_proxy 1091 0.221416373 0.322482246 0.00425547509 0 0 0
volume_proxy 1092 0.0909706613 -0.00265846872 -0.00431278926 0 0 0
volume_proxy 1093 0.258445157 -0.706970548 -0.00384568184 0 0 0
volume_proxy 1094 -1.39575255 0.792018315 0.000910147139 0 0 0
volume_proxy 1096 0.226469493 0.257466073 0.00488466879 0 0 0
volume_proxy 1098 0.303696626 0.52769426 -9.35424313e-05 0 0 0
volume_proxy 1102 1.29152588 0.613656296 -0.000188230141 0 0 0
volume_proxy 1106 0.921436563 -0.838415806 0.00909095826 0 0 0
volume_proxy 1107 -0.27585469 0.289484224 -0.00525522288 0 0 0
volume_proxy 1108 1.12570277 0.63748955 0.00964961084 0 0 0
volume_proxy 1109 0.820964644 -0.777666043 0.00683227608 0 0 0
volume_proxy 1110 0.802856427 -0.855776643 -0.00497908401 0 0 0
volume_proxy 1111 -0.407920934 -0.230412482 0.00832108068 0 0 0
volume_proxy 1112 -0.731150864 0.993072462 -0.00346907759 0 0 0
volume_proxy 1113 1.12098139 0.201214629 -0.0103578705 0 0 0
volume_proxy 1114 -0.898678465 0.0514121264 0.000798385378 0 0 0
volume_proxy 1115 0.661148952 -0.820114396 -0.00130199002 0 0 0
volume_proxy 1117 0.791408894 -0.26793744 0.00461325125 0 0 0
volume_proxy 1118 0.388696434 -0.561539969 0.00997468625 0 0 0
volume_proxy 1119 -1.38159157 0.457567197 0.00150948505 0 0 0
volume_proxy 1120 0.0513519708 0.285356379 -0.00398188116 0 0 0
volume_proxy 1123 -1.46956593 0.915356315 0.00117649462 0 0 0
volume_proxy 1126 0.828244615 -0.641471032 -0.00774699836 0 0 0
volume_proxy 1127 0.436921606 0.650896851 0.00884650547 0 0 0
volume_proxy 1128 -0.595820962 -0.0536898393 0.00289203254 0 0 0
volume_proxy 1129 1.12496584 0.636542682 0.000306128435 0 0 0
volume_proxy 1130 -0.767146567 0.222285658 0.00127866584 0 0 0
volume_proxy 1131 -0.687182442 0.19892435 0.00900983978 0 0 0
volume_proxy 1132 0.64481963 0.127472742 -0.000445290495 0 0 0
volume_proxy 1133 1.26051945 -0.787468404 -0.00842502026 0 0 0
volume_proxy 1134 0.93865683 0.757671562 -0.00182631285 0 0 0
volume_proxy 1135 -0.809161264 -0.987640726 -0.010137966 0 0 0
volume_proxy 1136 -0.836284856 -0.796916848 0.00196350591 0 0 0
volume_proxy 1137 -0.605891446 -0.0412226833 0.00916517456 0 0 0
volume_proxy 1138 1.48939719 -0.687553246 -0.00901724563 0 0 0
volume_proxy 1139 1.45177586 -0.745164642 -0.00582714948 0 0 0
volume_proxy 1141 1.42168877 0.459626445 0.0097183754 0 0 0
volume_proxy 1142 1.37697202 0.465574636 0.00117418839 0 0 0
volume_proxy 1143 -0.456496534 -0.101493864 -0.00399810487 0 0 0
