volume_proxy 0 -0.778502004 -0.0827365862 0.00110034698 0 0 0
volume_proxy 6 -0.0931844806 0.0862444872 0.00168374682 0 0 0
volume_proxy 11 0.953436519 0.526625563 0.00449511868 0 0 0
volume_proxy 12 1.35167074 -0.441159022 0.0074546836 0 0 0
volume_proxy 14 -1.40313059 0.654283823 0.000846512603 0 0 0
volume_proxy 23 1.21640955 -0.154755777 0.00385237472 0 0 0
volume_proxy 38 -0.808814985 -0.799508519 -0.00300505012 0 0 0
volume_proxy 40 -1.43065277 -0.217072479 0.00843713834 0 0 0
volume_proxy 50 -1.363523 -0.836356527 -0.00499101829 0 0 0
volume_proxy 53 -1.34622336 0.31830006 0.00446886298 0 0 0
volume_proxy 58 0.363577001 -0.43153804 0.00538797645 0 0 0
volume_proxy 60 -0.387663944 0.612731814 -0.00853499119 0 0 0
volume_proxy 85 -1.06323387 0.939533697 -0.00449365173 0 0 0
volume_proxy 97 0.601676805 0.873126638 -0.00160261316 0 0 0
volume_proxy 107 0.151709233 0.654195129 0.00402079304 0 0 0
volume_proxy 127 -1.49461515 -0.645031577 0.00892905276 0 0 0
volume_proxy 130 -0.0626541073 -0.579343018 0.00796797875 0 0 0
volume_proxy 140 0.868959192 0.108157719 -0.00168042086 0 0 0
volume_proxy 157 0.480866954 0.288944744 9.65880328e-05 0 0 0
volume_proxy 159 0.0980199838 0.642568957 -0.00885659292 0 0 0
volume_proxy 161 -0.150367146 0.0449212445 0.0036072293 0 0 0
volume_proxy 176 1.21932252 0.241009102 -0.00165220895 0 0 0
volume_proxy 186 -0.835758434 0.188046837 -0.00611560849 0 0 0
volume_proxy 189 -0.740073851 -0.794050234 0.00299403154 0 0 0
volume_proxy 195 -0.903591247 -0.805791028 -0.00518032838 0 0 0
volume_proxy 196 -1.41214581 -0.0628444875 0.00701154705 0 0 0
volume_proxy 200 -1.33757976 0.86938892 0.00101321937 0 0 0
volume_proxy 202 -0.655597263 -0.465900364 -0.00744851376 0 0 0
volume_proxy 209 -1.17754178 -0.0909768303 0.0100994783 0 0 0
volume_proxy 210 0.464236111 0.187403732 -0.00956090156 0 0 0
volume_proxy 226 1.03401263 0.206218584 -0.00313586157 0 0 0
volume_proxy 236 0.47620564 0.653814064 0.00263928318 0 0 0
volume_proxy 247 0.025073488 -0.743643807 0.00946410629 0 0 0
volume_proxy 256 0.726162025 -0.92382183 -0.00108066111 0 0 0
volume_proxy 259 0.94922219 0.127670497 0.0044254471 0 0 0
volume_proxy 269 -1.47564438 0.53264101 -0.00661494514 0 0 0
volume_proxy 277 -1.21821734 0.219652196 -0.00516283084 0 0 0
volume_proxy 296 -0.516983911 -0.218506803 0.0105882131 0 0 0
volume_proxy 305 0.275111371 -0.426463851 0.0105924918 0 0 0
volume_proxy 310 1.49682139 0.537104763 2.97660759e-05 0 0 0
volume_proxy 344 -0.284139564 -0.430942247 -0.00287692803 0 0 0
volume_proxy 347 -0.848465959 0.783507819 0.000317826514 0 0 0
volume_proxy 356 -0.753146027 0.237333608 -0.0104081809 0 0 0
volume_proxy 375 1.49465822 -0.122524526 -0.00104525981 0 0 0
volume_proxy 388 1.42141398 -0.107463288 -0.00944335473 0 0 0
volume_proxy 1052 -1.44811208 -0.375265987 -0.00563852196 0 0 0
volume_proxy 1066 -0.25061104 -0.0531067889 -0.00222228358 0 0 0
volume_proxy 1120 -1.15913321 0.744140995 -0.010502005 0 0 0
volume_proxy 1166 -0.789180074 -0.926897339 0.00276600305 0 0 0
volume_proxy 1193 -0.942317323 -0.168529494 0.00721271996 0 0 0
volume_proxy 1225 -1.19444799 -0.803017655 0.00770328908 0 0 0
volume_proxy 1245 -1.19577114 0.91204944 0.00879005253 0 0 0
volume_proxy 1280 -1.30588291 0.851353785 -0.00414804255 0 0 0
volume_proxy 1285 -0.567363581 0.652789101 0.00869709994 0 0 0
volume_proxy 1295 0.737365609 0.580430048 -0.00784857517 0 0 0
volume_proxy 1296 -0.269173576 -0.264173989 -0.00376279851 0 0 0
volume_proxy 1340 1.41793823 -0.0257747694 -0.00725740016 0 0 0
volume_proxy 1380 -1.48070633 -0.551998566 -0.00444266884 0 0 0
volume_proxy 1386 1.08630891 0.507139884 0.00769209254 0 0 0
volume_proxy 1397 0.315865841 0.719752308 -0.00327409966 0 0 0
volume_proxy 1409 0.635285683 0.205947045 -0.00242916681 0 0 0
volume_proxy 1413 0.519391224 0.274914998 0.00538539526 0 0 0
volume_proxy 1422 1.47386468 -0.929202852 -0.00573209103 0 0 0
volume_proxy 1433 1.42659521 0.754829454 -0.00710867426 0 0 0
volume_proxy 1459 -0.966664042 -0.412135994 0.00323183149 0 0 0
volume_proxy 1460 -1.05304865 0.121829703 9.91933846e-05 0 0 0
volume_proxy 1461 -1.19103967 0.245139608 0.00267010488 0 0 0
volume_proxy 1472 -1.27763875 -0.303254587 0.00101335819 0 0 0
volume_proxy 1474 1.35726024 -0.0135086693 0.00787223815 0 0 0
volume_proxy 1481 -0.512689495 0.401545342 0.0041169028 0 0 0
volume_proxy 1482 0.673939088 0.224865044 -0.0101932654 0 0 0
volume_proxy 1485 0.640313573 -0.156989733 -0.00437577926 0 0 0
volume_proxy 1489 0.0388556878 -0.770016002 -0.00169911978 0 0 0
volume_proxy 1490 0.554985191 0.702975415 -0.00395114702 0 0 0
volume_proxy 1496 -1.44861917 0.525502658 0.0107699879 0 0 0
volume_proxy 1498 -0.211256558 -0.235896423 -0.010208858 0 0 0
volume_proxy 1503 -1.46212506 -0.91306642 -0.00705699811 0 0 0
volume_proxy 1506 0.0867866891 0.771414945 -0.00925891889 0 0 0
volume_proxy 1507 -0.0709129733 -0.116360398 0.00391265717 0 0 0
volume_proxy 1508 -0.96833464 0.302150796 -0.00241615097 0 0 0
volume_proxy 1509 -1.13605927 -0.184136787 0.0065648501 0 0 0
volume_proxy 1513 -1.31056223 -0.0591498309 -0.000925327339 0 0 0
volume_proxy 1515 0.070617987 -0.97184674 -0.00765118427 0 0 0
volume_proxy 1516 -0.0528503108 -0.605755043 -0.00978640942 0 0 0
volume_proxy 1517 -1.31535015 -0.622739589 -0.005111654 0 0 0
volume_proxy 1519 0.392784433 0.591045042 0.00821163535 0 0 0
volume_proxy 1520 0.0234703345 -0.444021901 0.00196945548 0 0 0
volume_proxy 1521 -1.18881632 -0.415470795 0.00762781123 0 0 0
volume_proxy 1523 -0.00625602659 -0.304363155 0.00528354444 0 0 0
volume_proxy 1525 -0.431775586 0.94094335 -0.00337742268 0 0 0
volume_proxy 1526 1.36045389 -0.130371474 -0.00770074049 0 0 0
volume_proxy 1528 1.0227762 -0.789806374 -0.00199385013 0 0 0
volume_proxy 1529 -0.868978208 -0.22267178 -0.00656757171 0 0 0
volume_proxy 1531 0.398393166 0.786547304 -0.004102883 0 0 0
volume_proxy 1533 1.02546383 0.131423779 -0.0048089659 0 0 0
volume_proxy 1534 -0.482140275 -0.0208894292 -0.00522364724 0 0 0
volume_proxy 1537 -1.05155083 -0.668715263 -0.00547458834 0 0 0
volume_proxy 1538 0.991241165 -0.260997605 0.00406420521 0 0 0
volume_proxy 1539 0.149581563 0.828862118 0.010012289 0 0 0
volume_proxy 1540 1.31802089 0.0593732055 0.00664221198 0 0 0
volume_proxy 1542 -0.445763116 -0.990155352 -0.00622714159 0 0 0
volume_proxy 1543 -0.424721965 -0.982870703 0.00854512899 0 0 0
