volume_proxy 0 1.48303018 -0.131827604 0.0086837278 0 0 0
volume_proxy 5 0.561045295 0.203283474 0.0066111641 0 0 0
volume_proxy 6 0.261845835 -0.133400833 -0.00707896766 0 0 0
volume_proxy 11 0.89118338 0.329701877 0.00113043116 0 0 0
volume_proxy 12 1.26668341 -0.451289527 0.00613336376 0 0 0
volume_proxy 14 0.167779296 -0.414106653 -0.00677609043 0 0 0
volume_proxy 23 0.482276507 -0.499997928 0.00393386126 0 0 0
volume_proxy 38 0.615537218 -0.0915024432 -0.00785082503 0 0 0
volume_proxy 40 0.306339912 -0.694161925 0.00998459963 0 0 0
volume_proxy 50 -0.245920548 -0.252676783 -0.00097219739 0 0 0
volume_proxy 53 -0.164108774 -0.307216866 -0.00727146868 0 0 0
volume_proxy 58 0.922547162 -0.533932821 -0.00439505415 0 0 0
volume_proxy 60 0.856634638 0.587514632 -0.00483392554 0 0 0
volume_proxy 61 0.091308167 -0.635509093 0.00185192057 0 0 0
volume_proxy 72 0.116719643 0.361761836 0.000993771675 0 0 0
volume_proxy 85 -1.1262864 -0.401913255 -0.00858720919 0 0 0
volume_proxy 88 -1.01468188 -0.739404664 0.00648430331 0 0 0
volume_proxy 97 1.38288867 -0.495653143 0.00357240491 0 0 0
volume_proxy 101 -0.670004236 0.868687789 0.00332620934 0 0 0
volume_proxy 105 0.187566771 -0.210103991 0.00394421495 0 0 0
volume_proxy 107 1.0934147 0.207139574 0.00417241702 0 0 0
volume_proxy 108 1.32045725 0.5169992 -0.005453627 0 0 0
volume_proxy 127 -0.818140397 0.889599965 0.0107295516 0 0 0
volume_proxy 130 1.39218488 0.48631045 0.00173489657 0 0 0
volume_proxy 140 -0.568870936 0.186791054 -0.00335400609 0 0 0
volume_proxy 157 0.943306666 -0.274727944 0.00423285156 0 0 0
volume_proxy 159 0.520371153 -0.557690141 -0.0056774436 0 0 0
volume_proxy 161 0.508116609 -0.0310579311 -0.00518753445 0 0 0
volume_proxy 176 0.70240631 -0.981189366 0.010441044 0 0 0
volume_proxy 186 0.22424378 0.163768326 0.0107117773 0 0 0
volume_proxy 189 -1.35493067 0.342297289 -0.00302601643 0 0 0
volume_proxy 195 0.0286969426 -0.33593374 -0.00803118187 0 0 0
volume_proxy 196 0.389758996 0.316154628 -0.000753604577 0 0 0
volume_proxy 200 -0.265619809 -0.907402925 -0.000282303684 0 0 0
volume_proxy 202 -1.35211791 0.659690325 0.00214676136 0 0 0
volume_proxy 209 -0.859315625 -0.153952038 -0.00988090834 0 0 0
volume_proxy 210 -0.767136495 0.101542534 -0.00570926696 0 0 0
volume_proxy 226 -0.818860207 -0.13507006 -0.0106297029 0 0 0
volume_proxy 236 0.304860602 0.976464792 0.0087813517 0 0 0
volume_proxy 247 0.739617024 -0.037372129 -0.00238633961 0 0 0
volume_proxy 256 -0.497458697 0.251766923 -0.00411624276 0 0 0
volume_proxy 259 0.0736718438 -0.187310382 -0.00633216499 0 0 0
volume_proxy 269 0.373561287 -0.268312061 0.0076775933 0 0 0
volume_proxy 277 -0.923296453 -0.510973972 0.0034754306 0 0 0
volume_proxy 294 -0.176250696 0.241865069 0.00695669484 0 0 0
volume_proxy 296 -0.0390583929 -0.0402548959 0.00410712894 0 0 0
volume_proxy 298 1.26168826 -0.452187101 -0.00910249951 0 0 0
volume_proxy 305 1.03517241 -0.889671508 0.00199305233 0 0 0
volume_proxy 310 1.12517348 0.183606047 -0.00501058974 0 0 0
volume_proxy 311 1.13051545 -0.782896255 -0.00352900131 0 0 0
volume_proxy 329 -0.932468837 -0.872592426 -0.00665233003 0 0 0
volume_proxy 337 -0.878092354 0.816971444 0.00168911454 0 0 0
volume_proxy 344 -0.639296187 0.414965555 -0.000776144232 0 0 0
volume_proxy 347 -0.430425177 -0.555075149 0.00774769018 0 0 0
volume_proxy 349 -0.405176684 0.466455533 0.000307226411 0 0 0
volume_proxy 356 0.5190385 0.475051102 -0.00841478319 0 0 0
volume_proxy 375 1.36033392 -0.262284692 0.00528654305 0 0 0
volume_proxy 388 -1.02945687 0.938976137 0.00617334511 0 0 0
volume_proxy 431 -1.36262665 -0.608730663 0.00454977843 0 0 0
volume_proxy 802 1.00533792 -0.627355731 0.00644643351 0 0 0
volume_proxy 876 0.0483371652 -0.8900641 -0.00866334921 0 0 0
volume_proxy 904 -0.23971355 0.247568042 -0.00041983848 0 0 0
volume_proxy 1020 -1.33652499 0.993389514 0.0040719213 0 0 0
volume_proxy 1052 0.1753783 -0.719348758 -0.00406194199 0 0 0
volume_proxy 1066 0.775644636 0.715605782 -0.00295268198 0 0 0
volume_proxy 1093 -0.323963142 0.02259829 -0.00628347269 0 0 0
volume_proxy 1118 -0.063575733 -0.255386662 -0.00503161574 0 0 0
volume_proxy 1120 -0.608071789 0.884848495 0.00745072489 0 0 0
volume_proxy 1138 1.12521289 -0.67182343 -0.00750420678 0 0 0
volume_proxy 1166 -0.545832164 0.653318714 0.00602765663 0 0 0
volume_proxy 1169 1.33933583 -0.937797629 0.00837081143 0 0 0
volume_proxy 1172 -0.0523528725 0.658018825 0.00867099983 0 0 0
volume_proxy 1186 -0.470657907 -0.337746587 0.00730820104 0 0 0
volume_proxy 1193 -0.764826371 -0.242837015 -0.00807461619 0 0 0
volume_proxy 1210 -1.24693661 0.775596787 0.0047067322 0 0 0
volume_proxy 1217 -0.401161736 0.0803319271 -0.000588448382 0 0 0
volume_proxy 1219 -1.02754487 0.882458421 -0.00398757067 0 0 0
volume_proxy 1225 -0.0506042208 -0.719892482 0.0101179305 0 0 0
volume_proxy 1230 1.37304388 -0.199016484 -0.00678593481 0 0 0
volume_proxy 1245 -1.35175658 0.985539823 0.00194970221 0 0 0
volume_proxy 1270 0.463960023 -0.314202565 0.00424511304 0 0 0
volume_proxy 1280 -1.17753068 0.61362459 0.00440521671 0 0 0
volume_proxy 1285 -1.45216049 0.902614459 -0.00797762634 0 0 0
volume_proxy 1292 0.559209209 0.243110442 -0.00886837681 0 0 0
volume_proxy 1295 -1.3559037 0.960360951 0.0040956337 0 0 0
volume_proxy 1296 0.0300745393 -0.0102627668 -0.00592908201 0 0 0
volume_proxy 1297 -0.06974307 -0.936498954 -0.00593289905 0 0 0
volume_proxy 1301 -0.972585229 0.569335964 0.000989012594 0 0 0
volume_proxy 1308 -0.548255438 0.936846953 -0.00714371693 0 0 0
volume_proxy 1318 1.37441276 -0.347215027 -0.00916511004 0 0 0
volume_proxy 1326 0.0952511159 -0.234440885 -0.00741983624 0 0 0
volume_proxy 1335 0.11150148 -0.560812875 -0.000551041117 0 0 0
volume_proxy 1340 0.648446189 0.449565249 0.00926365909 0 0 0
volume_proxy 1347 -0.285355645 0.804176207 -0.00255337414 0 0 0
volume_proxy 1348 1.48071542 -0.521034595 0.00622984471 0 0 0
volume_proxy 1361 1.18483905 0.561292783 0.00696190152 0 0 0
volume_proxy 1366 0.803337582 0.889239248 -0.00634524884 0 0 0
volume_proxy 1379 0.724331034 0.804463977 0.000614719137 0 0 0
volume_proxy 1380 -0.70210972 0.503835225 0.00557111373 0 0 0
volume_proxy 1381 0.524338071 0.713848431 -0.00099328221 0 0 0
volume_proxy 1384 0.488749426 0.270632517 -0.00999547649 0 0 0
volume_proxy 1386 0.939776226 0.857376503 0.00309875775 0 0 0
volume_proxy 1388 0.419658462 0.163589915 0.00204773225 0 0 0
volume_proxy 1389 -0.315956494 0.831348283 0.00769148107 0 0 0
volume_proxy 1390 -1.38705717 0.999844019 0.008576875 0 0 0
volume_proxy 1392 0.0146678408 -0.974639992 0.00354338528 0 0 0
volume_proxy 1395 0.953204085 0.391567113 0.00406465563 0 0 0
volume_proxy 1397 0.267521024 0.567705319 -0.00991295024 0 0 0
volume_proxy 1398 -1.32175422 0.548261212 -0.00860454855 0 0 0
volume_proxy 1403 0.82944239 0.228059716 -0.00932340007 0 0 0
volume_proxy 1405 0.189877125 0.421028422 0.00275017832 0 0 0
volume_proxy 1408 0.428825861 0.738321418 0.00619463731 0 0 0
volume_proxy 1409 1.2729559 0.239618854 -0.00119137134 0 0 0
volume_proxy 1413 0.523129167 0.925382967 0.000830402731 0 0 0
volume_proxy 1414 1.06802559 0.274487427 0.0029373533 0 0 0
volume_proxy 1418 -1.4238992 -0.109011753 -0.00440511017 0 0 0
volume_proxy 1420 -1.22342141 -0.0328719489 0.00115718963 0 0 0
volume_proxy 1421 -1.07505774 -0.00320955236 -0.00250858369 0 0 0
volume_proxy 1422 0.803715284 -0.651473634 -0.00197843254 0 0 0
volume_proxy 1423 -0.376327639 0.517564767 -0.00295158331 0 0 0
volume_proxy 1425 -0.729932897 -0.997067148 -0.0052649891 0 0 0
volume_proxy 1426 0.7813046 -0.197942788 0.0103094925 0 0 0
volume_proxy 1428 -0.247152064 0.452854472 0.0107554946 0 0 0
volume_proxy 1429 1.33619802 -0.197088531 -0.00485595787 0 0 0
volume_proxy 1433 1.13230266 0.236944746 -0.000663825859 0 0 0
volume_proxy 1434 0.557991628 -0.445960135 -0.00221427872 0 0 0
volume_proxy 1436 -0.930228847 -0.918476475 0.0051691205 0 0 0
volume_proxy 1437 -0.173570436 -0.336520404 0.00617096777 0 0 0
volume_proxy 1439 -1.0699769 0.871921256 -0.00670085195 0 0 0
volume_proxy 1440 0.0385623438 -0.498201578 0.00166554089 0 0 0
volume_proxy 1441 0.0456456578 -0.96191295 0.00716825548 0 0 0
volume_proxy 1444 -0.880576252 -0.790296167 0.00142189069 0 0 0
volume_proxy 1445 0.477798285 -0.833030734 -0.00603702629 0 0 0
volume_proxy 1447 1.30985493 -0.695338794 0.004171941 0 0 0
volume_proxy 1448 0.316464486 -0.432979731 -0.00344816154 0 0 0
volume_proxy 1454 -1.02181416 -0.986563754 0.00338004147 0 0 0
volume_proxy 1456 -0.0827772481 -0.153556594 0.00820417359 0 0 0
volume_proxy 1457 0.984014529 0.895288662 0.000391258945 0 0 0
volume_proxy 1458 0.193398434 -0.984554656 0.00746840298 0 0 0
volume_proxy 1459 -1.18708816 0.991311204 -0.0049403647 0 0 0
volume_proxy 1460 0.918030041 0.459659642 -0.00183711144 0 0 0
volume_proxy 1461 -1.48846196 0.284148084 -0.010092031 0 0 0
volume_proxy 1462 -0.866457183 -0.96242539 0.00557397725 0 0 0
volume_proxy 1464 -0.783834994 -0.992601547 -0.00696500776 0 0 0
volume_proxy 1465 1.37377199 -0.577491229 -0.00452296037 0 0 0
volume_proxy 1466 -1.27051773 -0.65308104 -0.000300124415 0 0 0
volume_proxy 1470 -1.46554375 -0.611050496 -0.00613859978 0 0 0
volume_proxy 1471 0.283604689 0.988641913 -0.001828541 0 0 0
