volume_proxy 0 0.20234069 0.313543984 0.00534243028 0 0 0
volume_proxy 5 0.796762798 -0.711083598 -0.00492561371 0 0 0
volume_proxy 6 -0.236486775 -0.11837124 -0.00314494872 0 0 0
volume_proxy 11 1.19453857 0.406914779 -0.0045801506 0 0 0
volume_proxy 12 0.32798359 -0.500309045 0.00216598841 0 0 0
volume_proxy 14 -0.634636071 0.914768079 0.00589202692 0 0 0
volume_proxy 23 1.2613924 -0.682019467 -0.000900293168 0 0 0
volume_proxy 38 -0.29923473 -0.595410781 0.00274104914 0 0 0
volume_proxy 40 -0.879153984 -0.361834614 0.00352177703 0 0 0
volume_proxy 50 -0.868209489 -0.375420504 0.00581110991 0 0 0
volume_proxy 53 -1.23015171 0.559368575 0.00250048797 0 0 0
volume_proxy 58 0.937683254 -0.977724614 -0.0018627467 0 0 0
volume_proxy 60 0.0151374462 0.0945074896 0.0054198559 0 0 0
volume_proxy 85 -1.22407561 0.811241932 -0.00942220974 0 0 0
volume_proxy 97 0.713953958 0.69265123 -0.000204593829 0 0 0
volume_proxy 107 1.35545446 -0.325275077 0.00446414395 0 0 0
volume_proxy 127 -1.4080198 -0.542239919 -0.00486113283 0 0 0
volume_proxy 130 0.798857675 0.900816512 -0.00048538618 0 0 0
volume_proxy 140 -1.19438347 0.95537417 0.003017541 0 0 0
volume_proxy 157 1.03269176 0.355597538 -0.00419818897 0 0 0
volume_proxy 159 1.08106565 0.629569403 -0.00364450973 0 0 0
volume_proxy 161 0.627422711 0.549424476 0.00137560121 0 0 0
volume_proxy 176 0.903472159 -0.26853081 0.0066793496 0 0 0
volume_proxy 186 -1.35569248 -0.358607163 0.000322428045 0 0 0
volume_proxy 189 -1.23218645 0.876406066 0.00760535413 0 0 0
volume_proxy 195 -0.920994564 -0.00575447922 -0.00389746698 0 0 0
volume_proxy 196 0.778297392 0.433495404 -0.00651022639 0 0 0
volume_proxy 200 -0.730577764 -0.827676106 -0.00394052989 0 0 0
volume_proxy 202 0.157911197 0.920671251 0.00183458925 0 0 0
volume_proxy 209 -1.28056763 -0.400438578 -0.00261184171 0 0 0
volume_proxy 210 -0.715951482 0.867484217 -0.00596136643 0 0 0
volume_proxy 226 0.00367639707 -0.0548825226 -0.00568949639 0 0 0
volume_proxy 236 1.16583256 0.253239912 0.00424700017 0 0 0
volume_proxy 247 0.402685201 0.670082499 0.00322240831 0 0 0
volume_proxy 256 -1.01946448 0.776203066 -0.00681621686 0 0 0
volume_proxy 259 0.868177295 0.306604758 -0.00439761883 0 0 0
volume_proxy 269 -0.869553896 0.114051807 -0.000396660926 0 0 0
volume_proxy 277 -1.14458226 -0.115448534 -0.00863637927 0 0 0
volume_proxy 296 -1.34960332 0.489262866 0.00565736196 0 0 0
volume_proxy 305 1.22412187 -0.516447749 -0.00304124095 0 0 0
volume_proxy 310 -0.23233869 -0.930769047 -0.000729234596 0 0 0
volume_proxy 344 -1.0241372 0.65104756 0.00964636286 0 0 0
volume_proxy 347 -0.186703674 0.868530386 -0.0079078954 0 0 0
volume_proxy 356 -0.83475581 0.409996895 -0.0104737264 0 0 0
volume_proxy 375 1.145269 -0.747878077 0.00791055469 0 0 0
volume_proxy 388 0.935240268 -0.326250662 -0.000754995325 0 0 0
volume_proxy 802 1.40709294 -0.208355163 0.00823100275 0 0 0
volume_proxy 1052 -0.97250612 -0.782732299 0.010740557 0 0 0
volume_proxy 1066 -0.871740001 0.327204188 -0.00728145146 0 0 0
volume_proxy 1120 -0.416863196 0.342238813 -0.00295861583 0 0 0
volume_proxy 1166 -0.672579516 0.422412244 0.00540344418 0 0 0
volume_proxy 1169 1.05923875 -0.730054429 0.00381378074 0 0 0
volume_proxy 1193 -1.36836554 -0.556948416 -0.00937309871 0 0 0
volume_proxy 1225 -0.318406079 -0.421648296 0.00579326976 0 0 0
volume_proxy 1245 -1.48531363 -0.315546487 0.00624011515 0 0 0
volume_proxy 1280 -0.878354775 0.757132689 -0.00417472794 0 0 0
volume_proxy 1285 -1.31007169 0.352602189 -0.00786942941 0 0 0
volume_proxy 1295 -0.167344572 -0.342338705 -0.00477799579 0 0 0
volume_proxy 1296 0.37542341 -0.509775761 -0.00190971158 0 0 0
volume_proxy 1340 1.01526513 0.690030956 -0.00644571046 0 0 0
volume_proxy 1380 -0.348190046 0.746814298 0.00867108425 0 0 0
volume_proxy 1386 1.15278101 0.413312732 0.00593540008 0 0 0
volume_proxy 1397 1.2776562 0.928314455 0.00504983339 0 0 0
volume_proxy 1409 0.0681119798 0.953456122 -0.000910014504 0 0 0
volume_proxy 1413 0.906212826 0.785875061 -0.00272996951 0 0 0
volume_proxy 1422 0.706568419 -0.329292774 -0.00646957145 0 0 0
volume_proxy 1433 1.2264373 0.743551169 -0.00474756582 0 0 0
volume_proxy 1434 0.016117206 -0.987847098 -0.00949572417 0 0 0
volume_proxy 1437 -0.112465101 -0.0405851327 -0.00966354729 0 0 0
volume_proxy 1439 0.0683818646 0.923759347 -0.00101013066 0 0 0
volume_proxy 1447 0.785216284 -0.0821026866 0.0107584921 0 0 0
volume_proxy 1459 -0.947549786 0.586917849 -0.00305410793 0 0 0
volume_proxy 1460 0.150152828 0.424774944 0.0024361885 0 0 0
volume_proxy 1461 -0.713841985 0.699786648 -0.00826148429 0 0 0
volume_proxy 1466 -0.496005111 0.20379804 -0.00660227272 0 0 0
volume_proxy 1472 -0.583942332 0.539266316 0.00553932836 0 0 0
volume_proxy 1474 0.818506946 -0.741400703 0.00793415792 0 0 0
volume_proxy 1481 0.812381913 0.483946743 -0.00069186842 0 0 0
volume_proxy 1482 1.08470107 0.107346869 0.00166262929 0 0 0
volume_proxy 1485 0.330594287 -0.625253459 -0.00581430043 0 0 0
volume_proxy 1489 0.0830550563 -0.690269503 -0.00141692054 0 0 0
volume_proxy 1490 1.09255464 0.914168449 0.00313825105 0 0 0
volume_proxy 1494 1.28952183 -0.277740684 -0.00843112305 0 0 0
volume_proxy 1496 -0.966025532 0.615944183 -0.0037159993 0 0 0
volume_proxy 1498 -0.204522873 0.303988191 0.000832949784 0 0 0
volume_proxy 1501 -0.452431753 -0.566217935 -0.00993866532 0 0 0
volume_proxy 1503 0.198128642 0.028294998 0.00747994518 0 0 0
volume_proxy 1506 0.238259776 0.91265495 -0.00081776854 0 0 0
volume_proxy 1507 -1.23400336 -0.56325061 -0.00262059696 0 0 0
volume_proxy 1508 -0.805235974 -0.882815428 -0.00725905093 0 0 0
volume_proxy 1509 -1.34764551 0.468697055 -0.00122175455 0 0 0
volume_proxy 1510 0.199329677 -0.678225593 0.0101913338 0 0 0
volume_proxy 1511 1.32500658 0.766048749 0.00797876842 0 0 0
volume_proxy 1513 -1.43826258 0.822639017 0.00666723417 0 0 0
volume_proxy 1515 0.692584833 0.345337118 0.00410733582 0 0 0
volume_proxy 1516 -0.248784847 -0.967072278 -0.00284208987 0 0 0
volume_proxy 1517 -0.865719288 -0.510216101 0.0067853146 0 0 0
volume_proxy 1519 0.195012849 -0.355079232 -0.00454907736 0 0 0
volume_proxy 1520 0.239803548 -0.175369574 -0.00306374271 0 0 0
volume_proxy 1521 -0.615735233 -0.169431391 -0.00590096377 0 0 0
volume_proxy 1522 0.497719357 0.553051051 0.00470924066 0 0 0
volume_proxy 1523 1.48267683 -0.155647062 0.00702901813 0 0 0
volume_proxy 1525 -1.11800742 0.99194544 -0.00204405604 0 0 0
volume_proxy 1526 1.17665142 -0.312409912 0.00638679868 0 0 0
volume_proxy 1528 0.69645527 -0.591915388 -0.0076893064 0 0 0
volume_proxy 1529 -0.85381795 0.011786493 -0.00198235089 0 0 0
volume_proxy 1530 -0.761241241 -0.367114876 -0.00027749392 0 0 0
volume_proxy 1531 0.377148854 0.437983917 0.00360999707 0 0 0
