volume_proxy 0 -0.0641745037 -0.404596608 -0.000833571793 0 0 0
volume_proxy 6 -0.335368554 0.453291335 -0.0023503752 0 0 0
volume_proxy 11 1.15182571 0.844001661 0.0105716772 0 0 0
volume_proxy 12 1.15595838 -0.276835244 -0.00252185827 0 0 0
volume_proxy 14 -1.44519911 0.0586311701 0.00406868441 0 0 0
volume_proxy 23 0.352327485 -0.249247568 -0.00624568822 0 0 0
volume_proxy 38 -0.900991044 -0.869739453 0.00208750911 0 0 0
volume_proxy 40 -0.805058928 0.191097701 -0.00410015233 0 0 0
volume_proxy 50 -0.697809078 0.0254478985 0.00551080257 0 0 0
volume_proxy 53 -1.31048009 0.876544363 -0.00615685306 0 0 0
volume_proxy 58 1.46408826 -0.805787188 -0.00423016321 0 0 0
volume_proxy 60 -0.236442149 0.647475063 -0.00950217182 0 0 0
volume_proxy 85 -0.954382846 0.547554679 -0.00511702097 0 0 0
volume_proxy 97 0.689463316 0.869475098 -0.00802334876 0 0 0
volume_proxy 107 0.371725928 0.0370621629 -0.0103721223 0 0 0
volume_proxy 127 -1.37275359 -0.757808231 0.0102262131 0 0 0
volume_proxy 130 0.882076939 -0.672670085 0.00127270824 0 0 0
volume_proxy 140 -0.438960716 0.204509465 -0.00619448208 0 0 0
volume_proxy 157 0.583049474 -0.854552716 -0.00158697226 0 0 0
volume_proxy 159 1.33156824 0.487432621 4.39089872e-05 0 0 0
volume_proxy 161 -0.217644418 0.158453393 0.004141494 0 0 0
volume_proxy 176 1.43067115 0.286689817 -0.00776127893 0 0 0
volume_proxy 186 -0.521406342 -0.168430625 0.00925412692 0 0 0
volume_proxy 189 -0.194781987 -0.107986476 0.0039809029 0 0 0
volume_proxy 195 -1.41490474 -0.914534458 0.00834767272 0 0 0
volume_proxy 196 0.574207132 0.698003427 -0.00850134063 0 0 0
volume_proxy 200 -0.785780908 0.706616302 0.00649362829 0 0 0
volume_proxy 202 0.0690506296 0.882592548 0.00794151003 0 0 0
volume_proxy 209 -0.844299656 0.0732753914 -0.00531575626 0 0 0
volume_proxy 210 -0.0424532524 0.578114888 -0.000863882897 0 0 0
volume_proxy 226 0.674028321 -0.882055753 0.0106466379 0 0 0
volume_proxy 236 1.07330894 -0.663650156 -0.00211774562 0 0 0
volume_proxy 247 0.988347908 0.308841979 -0.00703925516 0 0 0
volume_proxy 256 -0.753988519 0.782740824 0.00212603589 0 0 0
volume_proxy 259 0.913184783 -0.019158245 0.00180722564 0 0 0
volume_proxy 269 -0.915893563 0.0366456508 0.00522847388 0 0 0
volume_proxy 277 -0.305576704 -0.828320844 -0.00408923308 0 0 0
volume_proxy 296 -1.20361225 0.532605305 -0.00213174055 0 0 0
volume_proxy 305 0.679617544 -0.332407462 -0.000521144459 0 0 0
volume_proxy 310 0.581584357 0.347571133 0.010537088 0 0 0
volume_proxy 344 -1.42968255 -0.0779569333 0.00399519739 0 0 0
volume_proxy 347 -0.3212745 0.63986756 -0.00434299371 0 0 0
volume_proxy 356 -0.443992324 0.0146987231 0.00396703246 0 0 0
volume_proxy 375 0.705012412 -0.367611921 -0.00445748321 0 0 0
volume_proxy 388 1.46411464 -0.50661801 -0.00738129575 0 0 0
volume_proxy 802 0.768838094 0.390346189 0.00596729013 0 0 0
volume_proxy 1052 -1.46150593 -0.261781404 -0.00547872759 0 0 0
volume_proxy 1066 -0.126216447 0.564378281 0.009168866 0 0 0
volume_proxy 1120 -0.454862734 0.742439072 0.00263133318 0 0 0
volume_proxy 1166 -1.16906973 -0.558855391 0.00571617712 0 0 0
volume_proxy 1193 -1.24305469 -0.474152615 -0.00840241916 0 0 0
volume_proxy 1225 -0.768468824 -0.450304121 -0.00488378901 0 0 0
volume_proxy 1245 -1.46691278 0.166764127 0.00289772405 0 0 0
volume_proxy 1280 -0.762821666 0.945835126 -0.00693103298 0 0 0
volume_proxy 1285 -1.26694298 0.463513564 0.00879500583 0 0 0
volume_proxy 1295 0.904360054 -0.183940697 -0.000637757612 0 0 0
volume_proxy 1296 -0.0293782329 -0.935746066 -0.00860498759 0 0 0
volume_proxy 1340 0.745373851 0.303870532 -0.00514821261 0 0 0
volume_proxy 1380 -1.13285744 0.0436823518 0.00757240622 0 0 0
volume_proxy 1386 1.35120356 0.468059206 -0.000496256359 0 0 0
volume_proxy 1397 0.568745059 0.82984309 0.00289305554 0 0 0
volume_proxy 1409 -0.178886629 0.401952965 -0.010550515 0 0 0
volume_proxy 1413 1.34817514 0.942082465 -0.00773148469 0 0 0
volume_proxy 1422 0.809786029 -0.638108608 -0.000424598305 0 0 0
volume_proxy 1433 1.16439254 0.495889319 -0.00463830843 0 0 0
volume_proxy 1437 -0.0241149199 -0.449544913 0.00753188527 0 0 0
volume_proxy 1459 -1.05922874 -0.140192764 0.00417123389 0 0 0
volume_proxy 1460 -0.245346223 0.903961108 -0.00360559277 0 0 0
volume_proxy 1461 -1.28433463 0.956020153 -0.00645018741 0 0 0
volume_proxy 1466 -0.396548937 0.567720239 -0.00252174193 0 0 0
volume_proxy 1472 -1.45717317 0.620585788 0.00575680339 0 0 0
volume_proxy 1474 1.33260467 0.0746589191 -0.0105111697 0 0 0
volume_proxy 1481 0.4096492 0.531918598 -0.00744668198 0 0 0
volume_proxy 1482 0.905133623 0.815961983 0.00583374668 0 0 0
volume_proxy 1485 0.391332312 -0.355640726 0.00510857163 0 0 0
volume_proxy 1489 0.390270369 -0.685177444 -0.00666511643 0 0 0
volume_proxy 1490 0.637049739 0.919869681 -0.00158926129 0 0 0
volume_proxy 1496 -1.39723202 0.832141152 -0.00751669542 0 0 0
volume_proxy 1498 -0.00365842832 0.430068143 -0.0103259415 0 0 0
volume_proxy 1503 -1.41009534 -0.818751633 0.00657923348 0 0 0
volume_proxy 1506 0.223959482 0.698344071 -0.00163245714 0 0 0
volume_proxy 1507 -1.38167663 -0.138509305 0.00571890746 0 0 0
volume_proxy 1508 -0.427860743 -0.218758258 -0.0103250726 0 0 0
volume_proxy 1509 -1.24627706 -0.0403364466 0.00228741591 0 0 0
volume_proxy 1510 -0.171848525 -0.979968407 0.000580800304 0 0 0
volume_proxy 1511 1.21642997 0.422207123 -0.0035150495 0 0 0
volume_proxy 1513 -1.33384099 0.737052585 -0.00206406813 0 0 0
volume_proxy 1515 0.618162818 -0.826418384 0.00777941542 0 0 0
volume_proxy 1516 -0.0918788364 -0.970986128 0.00908323282 0 0 0
volume_proxy 1517 -1.25686424 -0.337905449 0.00455309507 0 0 0
volume_proxy 1519 0.057708359 -0.523049536 -0.00968176767 0 0 0
volume_proxy 1520 0.187801046 -0.38797608 -0.00505732938 0 0 0
volume_proxy 1521 -1.32939709 -0.408058475 0.00324056395 0 0 0
volume_proxy 1523 0.334663348 -0.378754905 9.60129126e-05 0 0 0
volume_proxy 1525 -1.02025746 0.958410388 0.00217820687 0 0 0
volume_proxy 1526 0.993881178 -0.773254715 0.00553733611 0 0 0
volume_proxy 1528 0.552104696 -0.701681487 -0.00892359561 0 0 0
volume_proxy 1529 -1.26534178 0.21313128 0.00986387453 0 0 0
volume_proxy 1531 0.301967788 0.580018864 0.0102969378 0 0 0
volume_proxy 1533 1.29066667 0.00741376414 0.00719835504 0 0 0
volume_proxy 1534 0.422518503 0.440833775 0.00373425626 0 0 0
volume_proxy 1535 0.853473624 0.560625351 0.00505308738 0 0 0
volume_proxy 1536 -0.47984419 -0.56148305 -0.00201678318 0 0 0
volume_proxy 1537 -0.277643392 -0.841504822 0.00662987816 0 0 0
volume_proxy 1538 1.36465854 -0.0501252013 0.00739379466 0 0 0
