volume_proxy 0 1.09301687 0.634063984 -0.00625046988 0 0 0
volume_proxy 5 1.36848309 -0.587644436 0.00816093681 0 0 0
volume_proxy 6 -0.68431232 0.528816777 0.000615264609 0 0 0
volume_proxy 11 1.40890568 0.950390191 -0.00847822147 0 0 0
volume_proxy 12 0.286585234 -0.668477882 0.00116643376 0 0 0
volume_proxy 14 -0.849737784 0.509929475 0.00330345454 0 0 0
volume_proxy 23 1.29211328 -0.586588194 0.0102331233 0 0 0
volume_proxy 38 0.642807143 0.157915676 -0.00699741262 0 0 0
volume_proxy 40 -0.282009432 -0.306384694 0.00557234294 0 0 0
volume_proxy 50 -1.13640348 0.103872305 0.0104031857 0 0 0
volume_proxy 53 -0.626785744 0.664250066 -0.00628191588 0 0 0
volume_proxy 58 1.32007137 -0.891957032 -0.010173814 0 0 0
volume_proxy 60 0.338601928 0.455289262 -0.000958056411 0 0 0
volume_proxy 85 -0.454684253 0.516852013 -0.00314490837 0 0 0
volume_proxy 97 0.974452154 0.773687269 0.00862919355 0 0 0
volume_proxy 107 0.85653076 0.239796808 0.0046742643 0 0 0
volume_proxy 127 -1.06962297 -0.166276077 0.00791520222 0 0 0
volume_proxy 130 0.477839614 0.78214091 -0.00772372115 0 0 0
volume_proxy 140 -0.244554426 0.0965138257 -0.00277675992 0 0 0
volume_proxy 157 1.03586796 0.115298766 -0.000707837414 0 0 0
volume_proxy 159 0.745014791 0.756819636 -0.0105364562 0 0 0
volume_proxy 161 0.689609057 0.996139631 -0.00999726235 0 0 0
volume_proxy 176 0.514108244 -0.316852642 -0.00656298823 0 0 0
volume_proxy 186 -1.4193122 -0.0188335788 -0.000416128347 0 0 0
volume_proxy 189 -0.727914094 0.727561903 -0.000952438632 0 0 0
volume_proxy 195 0.00935892785 -0.24401798 0.00325811252 0 0 0
volume_proxy 196 0.572535484 -0.0235581274 -0.000666457686 0 0 0
volume_proxy 200 -0.904616152 -0.724225695 -0.00836763773 0 0 0
volume_proxy 202 -0.0927151045 0.910087669 0.000281870049 0 0 0
volume_proxy 209 -1.13784705 0.0678673899 -0.00141276012 0 0 0
volume_proxy 210 -0.112331736 0.264801552 -0.00272638017 0 0 0
volume_proxy 226 0.121180277 -0.746832375 0.00705257356 0 0 0
volume_proxy 236 0.907788842 0.516956742 0.00426849701 0 0 0
volume_proxy 247 1.06033113 0.996121197 0.0063960244 0 0 0
volume_proxy 256 -1.27964817 0.849792464 0.00806272895 0 0 0
volume_proxy 259 0.626592484 0.660602034 -0.00141627936 0 0 0
volume_proxy 269 -0.792395677 -0.451994047 0.00330670922 0 0 0
volume_proxy 277 -1.20374098 -0.4182 0.00631874092 0 0 0
volume_proxy 296 -0.969012701 -0.600169259 -0.00996456886 0 0 0
volume_proxy 305 0.379341612 0.0947916411 -0.00319325437 0 0 0
volume_proxy 310 -0.20156907 -0.993143115 -0.00966391951 0 0 0
volume_proxy 344 -1.46543055 0.520324636 -0.000316133711 0 0 0
volume_proxy 347 0.187836284 -0.0284199025 0.00934522146 0 0 0
volume_proxy 356 -0.0440259574 0.949047927 -0.00799458351 0 0 0
volume_proxy 375 1.04372344 -0.786465272 0.00155492268 0 0 0
volume_proxy 388 0.417428797 0.0102727363 0.00256785422 0 0 0
volume_proxy 802 1.41849688 -0.507965981 -0.00186153841 0 0 0
volume_proxy 1052 -0.80322798 -0.931198558 0.00538053332 0 0 0
volume_proxy 1066 0.0298793653 -0.0698804485 0.00949376225 0 0 0
volume_proxy 1120 -0.340475942 0.0686189943 -0.00154606871 0 0 0
volume_proxy 1166 -0.616302042 0.246558547 -0.00675569995 0 0 0
volume_proxy 1169 1.01010691 -0.841151658 0.00479975024 0 0 0
volume_proxy 1193 -1.41567373 -0.32152504 0.00831776719 0 0 0
volume_proxy 1225 -0.0897521596 -0.108700653 -0.0101544197 0 0 0
volume_proxy 1245 -1.32762671 0.134191372 0.000948275863 0 0 0
volume_proxy 1280 -1.28577395 0.508668305 -0.00508233559 0 0 0
volume_proxy 1285 -1.26612579 -0.592142946 -0.0030255858 0 0 0
volume_proxy 1295 -0.610039636 0.149369771 0.000584497369 0 0 0
volume_proxy 1296 0.667636958 -0.413286226 -0.0104685814 0 0 0
volume_proxy 1335 0.466901851 -0.664251863 -0.00118419144 0 0 0
volume_proxy 1340 1.20524757 0.494739131 9.26119461e-05 0 0 0
volume_proxy 1380 0.146050666 0.818119732 0.00633566465 0 0 0
volume_proxy 1386 0.0848197528 0.169778385 -0.00340433194 0 0 0
volume_proxy 1397 0.773736694 0.576695471 -0.00564677088 0 0 0
volume_proxy 1409 0.055062404 0.958346818 0.0102679318 0 0 0
volume_proxy 1413 1.41113991 0.724106248 -0.00178760306 0 0 0
volume_proxy 1420 -0.946507038 -0.161136101 0.00478053094 0 0 0
volume_proxy 1422 0.595694538 -0.513272307 0.00908781544 0 0 0
volume_proxy 1429 0.786735971 -0.431181209 0.00447161361 0 0 0
volume_proxy 1433 1.44535718 0.953092985 -0.00551386774 0 0 0
volume_proxy 1434 0.211925454 -0.848846438 0.000265661434 0 0 0
volume_proxy 1437 -0.0204432658 -0.0133136516 -0.000599910509 0 0 0
volume_proxy 1439 0.103308598 0.218088181 0.00346067236 0 0 0
volume_proxy 1447 0.807193132 -0.976197759 -0.00345118337 0 0 0
volume_proxy 1459 -0.664528728 0.358289614 0.00394197418 0 0 0
volume_proxy 1460 0.997993491 0.721489968 0.000483947477 0 0 0
volume_proxy 1461 -1.23809811 0.626278787 -0.001336332 0 0 0
volume_proxy 1466 -0.853358899 -0.201627802 -0.00195475062 0 0 0
volume_proxy 1470 -1.05347 -0.303200592 0.00331325018 0 0 0
volume_proxy 1472 -1.31418488 0.719273646 0.00312545043 0 0 0
volume_proxy 1474 0.923860147 -0.704002335 -0.0044613351 0 0 0
volume_proxy 1481 1.12418072 0.779971658 0.00890164508 0 0 0
volume_proxy 1482 1.01077824 -0.338819969 0.00980353005 0 0 0
volume_proxy 1485 0.316818741 -0.769128588 -0.00804761373 0 0 0
volume_proxy 1489 0.211493792 -0.458971497 -4.17139737e-05 0 0 0
volume_proxy 1490 1.44669713 0.839407473 0.0105644366 0 0 0
volume_proxy 1492 0.384779405 0.528147007 -0.00396849823 0 0 0
volume_proxy 1493 0.255529554 0.0950754085 -0.00218850581 0 0 0
volume_proxy 1494 1.09221269 0.0635619845 0.00937834867 0 0 0
volume_proxy 1496 -1.32103967 0.645326949 -0.00114026109 0 0 0
volume_proxy 1498 -0.892890633 0.388145446 -0.00254072186 0 0 0
volume_proxy 1501 -0.545442093 -0.719244458 -0.00964589378 0 0 0
volume_proxy 1503 -0.352757621 0.402916332 -0.0022195714 0 0 0
volume_proxy 1506 0.261541048 0.862397078 0.0100583612 0 0 0
volume_proxy 1507 -0.979332142 -0.570394788 0.00283781871 0 0 0
volume_proxy 1508 -0.718767135 -0.881831799 -0.00326902035 0 0 0
volume_proxy 1509 -0.985204492 0.733305244 -0.00564082443 0 0 0
volume_proxy 1510 0.200854205 -0.699107336 -0.0076852604 0 0 0
volume_proxy 1511 1.16112486 0.713506326 0.00152752441 0 0 0
volume_proxy 1513 -0.997527093 0.977921122 0.0100297999 0 0 0
volume_proxy 1515 0.774086124 0.176562771 -0.00309967436 0 0 0
volume_proxy 1516 -0.391271909 -0.514492258 -0.00721532556 0 0 0
volume_proxy 1517 -0.694508895 -0.773774024 0.0101245341 0 0 0
volume_proxy 1518 -0.875004851 -0.0706526815 0.00265835159 0 0 0
volume_proxy 1519 0.188186223 -0.158786615 -0.00956138952 0 0 0
volume_proxy 1520 0.202486669 -0.480556157 -0.0102640118 0 0 0
volume_proxy 1521 -0.791073808 -0.0533588156 -0.00289847792 0 0 0
volume_proxy 1522 -0.159841952 0.712129013 0.00151013482 0 0 0
volume_proxy 1523 1.00755823 -0.285059096 0.00202428534 0 0 0
volume_proxy 1525 -1.0148755 0.62355874 -0.00110859143 0 0 0
volume_proxy 1526 1.04595257 -0.24547703 0.00303116285 0 0 0
