volume_proxy 0 0.930769352 0.0502362132 0.00711501741 0 0 0
volume_proxy 4 1.06300379 0.844783808 -0.00162236669 0 0 0
volume_proxy 5 -0.590492449 0.188426689 0.00935163367 0 0 0
volume_proxy 6 1.17439238 0.358937779 0.0043363294 0 0 0
volume_proxy 11 -1.09517881 0.883216996 -0.00958729031 0 0 0
volume_proxy 12 0.364994108 -0.2096618 -0.0104699009 0 0 0
volume_proxy 13 -1.37056073 -0.774125931 0.0030207276 0 0 0
volume_proxy 14 0.856962563 0.0937722718 0.010741111 0 0 0
volume_proxy 15 -0.587898948 -0.863014383 0.00762808595 0 0 0
volume_proxy 16 -1.33553362 0.55486458 -0.0100147404 0 0 0
volume_proxy 17 -0.783720004 -0.117684513 -0.00458610977 0 0 0
volume_proxy 18 -1.4569364 -0.407970135 -0.00589361466 0 0 0
volume_proxy 19 -0.942417325 -0.762968405 0.00784780103 0 0 0
volume_proxy 22 0.840524838 0.214413414 0.00577887897 0 0 0
volume_proxy 23 -0.802628408 0.0522718872 0.00958358756 0 0 0
volume_proxy 31 -0.934036305 0.145696347 0.0063853214 0 0 0
volume_proxy 36 0.669671111 0.901660682 0.000864925969 0 0 0
volume_proxy 38 0.571222517 0.319840821 0.00662449161 0 0 0
volume_proxy 40 -0.052972339 -0.942021536 0.00898179449 0 0 0
volume_proxy 46 0.526328594 -0.645602894 -0.00714920316 0 0 0
volume_proxy 47 0.744956888 0.0985325847 0.00879913175 0 0 0
volume_proxy 49 0.0409126749 -0.46581877 -0.00343558374 0 0 0
volume_proxy 50 0.125601362 -0.766208876 -0.00292331315 0 0 0
volume_proxy 52 -1.47383671 -0.769572705 0.0066195215 0 0 0
volume_proxy 53 0.454356362 -0.62406433 -0.00377765742 0 0 0
volume_proxy 57 -1.30426907 -0.294499395 0.00776589821 0 0 0
volume_proxy 58 0.357092906 -0.426904047 0.000325461802 0 0 0
volume_proxy 59 -0.603943208 0.678002548 0.00274704138 0 0 0
volume_proxy 60 -0.126913894 0.41084469 -0.00369646865 0 0 0
volume_proxy 61 -1.20970735 -0.0775218488 0.00447535395 0 0 0
volume_proxy 62 -0.0806375695 0.108825181 0.00917734397 0 0 0
volume_proxy 63 0.539532594 0.219989765 0.00517451542 0 0 0
volume_proxy 64 -0.338249828 -0.0450894097 0.00135089941 0 0 0
volume_proxy 66 0.536484775 0.818407637 0.000896766788 0 0 0
volume_proxy 69 -0.713389371 -0.272560512 0.00454811835 0 0 0
volume_proxy 72 0.541305751 -0.0108202504 -0.000685448296 0 0 0
volume_proxy 81 -1.13226632 0.632446676 -0.00630979039 0 0 0
volume_proxy 85 -0.339243793 0.244806027 0.00494770137 0 0 0
volume_proxy 87 1.11201442 0.354636309 0.00127501633 0 0 0
volume_proxy 88 -0.973570757 0.270819511 -0.00880000518 0 0 0
volume_proxy 94 -0.0814993629 -0.631874647 0.00693217233 0 0 0
volume_proxy 97 1.02392733 -0.426469763 0.00659416748 0 0 0
volume_proxy 100 0.388155938 -0.778389153 -0.000426574 0 0 0
volume_proxy 101 -0.696044578 0.1933013 -0.000752929912 0 0 0
volume_proxy 102 0.094359091 -0.639952484 0.00647011047 0 0 0
volume_proxy 103 0.77234654 -0.458691738 -0.000330932253 0 0 0
volume_proxy 105 -0.480913246 -0.636313407 0.00489871201 0 0 0
volume_proxy 106 -0.497059069 -0.353222397 -0.0059330408 0 0 0
volume_proxy 107 -0.143809022 0.452673563 -0.00594744421 0 0 0
volume_proxy 108 1.13488497 -0.0199230841 -9.71036504e-05 0 0 0
volume_proxy 113 -0.692564395 -0.209730842 -0.00304770442 0 0 0
volume_proxy 124 -0.622106668 0.396210357 -0.0102082326 0 0 0
volume_proxy 125 -0.7230722 -0.238945534 1.28050242e-05 0 0 0
volume_proxy 126 -0.128627229 -0.737248724 -0.00158275733 0 0 0
volume_proxy 127 0.0672059677 0.0344631982 -0.00404598877 0 0 0
volume_proxy 130 0.934978202 -0.159773159 -0.0102226663 0 0 0
volume_proxy 131 0.778659861 0.413740383 -0.0017952081 0 0 0
volume_proxy 132 0.338583076 0.783668396 0.0066033046 0 0 0
volume_proxy 135 0.634305266 -0.627237366 -0.00759838104 0 0 0
volume_proxy 140 -0.652973214 0.453460147 -0.00153960921 0 0 0
volume_proxy 145 -0.483533649 -0.190448795 0.00882768236 0 0 0
volume_proxy 146 1.3641592 -0.250481456 -0.00126880474 0 0 0
volume_proxy 149 -1.41302648 0.847221774 0.000441783768 0 0 0
volume_proxy 155 0.746800056 0.432245736 0.00619413342 0 0 0
volume_proxy 157 0.911079693 0.548659377 -0.00661673378 0 0 0
volume_proxy 159 -0.622693835 -0.367609021 0.00247328243 0 0 0
volume_proxy 161 -0.205058878 0.146733713 -0.00978233488 0 0 0
volume_proxy 163 -1.37767525 0.471025305 -0.00215743177 0 0 0
volume_proxy 169 0.80772334 0.112287809 -0.00756714539 0 0 0
volume_proxy 173 -0.0109867659 0.341590506 -0.00131966031 0 0 0
volume_proxy 176 0.177062755 -0.0415785585 -0.00178289184 0 0 0
volume_proxy 178 -0.551981503 0.111263996 0.00847652245 0 0 0
volume_proxy 186 -0.581871994 -0.453975796 0.0048227757 0 0 0
volume_proxy 189 -0.913510571 0.357947412 0.00793055816 0 0 0
volume_proxy 194 -0.037850055 -0.686540008 0.00188231097 0 0 0
volume_proxy 195 -0.79409558 0.586161384 0.00962182187 0 0 0
volume_proxy 196 0.636107981 0.314719663 -0.00901590642 0 0 0
volume_proxy 198 1.0145916 -0.897576604 -0.00892532579 0 0 0
volume_proxy 200 -1.16344878 -0.00418066182 -0.00940493699 0 0 0
volume_proxy 201 -1.14515713 0.223748972 -0.00424446995 0 0 0
volume_proxy 202 -0.604961169 0.728154938 -0.00444637939 0 0 0
volume_proxy 206 0.645388129 -0.357507417 -0.00625061882 0 0 0
volume_proxy 208 -1.32641277 0.441122283 -0.00358841167 0 0 0
volume_proxy 209 -1.07034047 -0.320685444 -0.00250535685 0 0 0
volume_proxy 210 0.00766597358 0.185656471 0.003107523 0 0 0
volume_proxy 212 1.24155127 -0.0917143952 0.00590607438 0 0 0
volume_proxy 213 0.0730862788 -0.344281923 -0.0078584669 0 0 0
volume_proxy 219 -0.174298419 0.524291492 -0.00687417919 0 0 0
volume_proxy 223 -1.30933805 0.372472488 -0.00774095916 0 0 0
volume_proxy 224 1.07132802 -0.961896071 0.000950286927 0 0 0
volume_proxy 225 -1.13339523 0.114533881 -0.00409678907 0 0 0
volume_proxy 226 -1.15763471 -0.697273006 0.00138855335 0 0 0
volume_proxy 228 -0.223406167 -0.130306991 0.00644129966 0 0 0
volume_proxy 230 0.1916231 0.893705652 -0.00529279677 0 0 0
volume_proxy 232 0.780695553 0.761769873 0.0105854679 0 0 0
volume_proxy 236 0.981795555 0.185397073 -0.0105752067 0 0 0
volume_proxy 237 0.251131628 0.724854218 0.00970166634 0 0 0
volume_proxy 238 -0.177313035 0.144943494 -0.00342374511 0 0 0
volume_proxy 242 0.953057619 0.286730158 -0.00704637296 0 0 0
volume_proxy 244 0.485271064 0.319116249 0.00508737135 0 0 0
volume_proxy 247 1.01683902 -0.558633987 -0.00479016355 0 0 0
volume_proxy 251 0.476620514 0.983498544 -0.00833446639 0 0 0
volume_proxy 254 -1.39195751 0.887065237 0.00256637247 0 0 0
volume_proxy 256 0.278944574 -0.22283376 0.00654563544 0 0 0
volume_proxy 257 0.126229369 0.380386125 -0.00780225995 0 0 0
volume_proxy 258 0.334550815 -0.0234224559 -0.00675923025 0 0 0
volume_proxy 259 0.204447926 0.0876049365 0.00104737076 0 0 0
volume_proxy 260 -0.291368053 0.916393781 0.00398455271 0 0 0
volume_proxy 262 -0.95511511 0.319453147 0.0059086598 0 0 0
volume_proxy 269 1.01134431 -0.145252315 0.0038983072 0 0 0
volume_proxy 271 -1.43616938 0.52085442 0.00618491689 0 0 0
volume_proxy 273 1.42423592 0.606777568 -0.00233142348 0 0 0
volume_proxy 276 0.395831213 0.189950705 -0.00185230188 0 0 0
volume_proxy 277 -0.687979607 -0.438922701 -0.00205301853 0 0 0
volume_proxy 279 -0.772322393 -0.706907054 -0.0104450748 0 0 0
volume_proxy 281 -1.46213016 0.927797168 0.00993778013 0 0 0
volume_proxy 284 -1.10451544 0.826234452 0.00299866313 0 0 0
volume_proxy 285 -0.492285453 -0.892608322 -0.00809586206 0 0 0
volume_proxy 293 0.958774587 0.492878589 0.00276018408 0 0 0
volume_proxy 294 -0.498461281 0.836589 -0.00594088766 0 0 0
volume_proxy 296 0.176301038 -0.222639424 0.00852464465 0 0 0
volume_proxy 297 1.35405401 0.102706508 0.000250868334 0 0 0
volume_proxy 298 1.14123358 -0.76431908 -0.00477208356 0 0 0
volume_proxy 303 -0.202747786 -0.152863947 -0.00848583223 0 0 0
volume_proxy 305 0.44158129 0.190286495 0.00901370696 0 0 0
volume_proxy 309 0.611816881 0.546672822 0.00579512339 0 0 0
volume_proxy 310 0.415456598 0.04286727 -0.00366668938 0 0 0
volume_proxy 311 0.0488876274 -0.952223442 0.00694113182 0 0 0
volume_proxy 312 0.297632563 -0.0492468438 -0.00679894665 0 0 0
volume_proxy 314 -0.595343609 -0.103810804 -0.00578330487 0 0 0
volume_proxy 315 -0.201023328 0.323962702 0.00970841002 0 0 0
volume_proxy 316 -0.227116404 -0.0357002359 -0.00670784272 0 0 0
volume_proxy 318 -1.23914994 -0.00116626373 -0.00666853892 0 0 0
volume_proxy 319 0.032492992 -0.667716066 -0.00545152739 0 0 0
volume_proxy 321 -0.372082613 -0.746224739 0.00351303982 0 0 0
volume_proxy 322 0.851001737 0.664923851 -0.00665980141 0 0 0
volume_proxy 324 -1.18763689 -0.886751256 0.00658238042 0 0 0
volume_proxy 329 0.185667311 0.70972277 -0.00431730568 0 0 0
volume_proxy 330 0.122218922 -0.50684515 -0.003638672 0 0 0
volume_proxy 334 0.802547078 -0.845042436 0.00180165834 0 0 0
volume_proxy 335 -1.46810136 -0.243993286 -0.00737142994 0 0 0
volume_proxy 337 -0.827970061 0.753378685 -0.00630273959 0 0 0
volume_proxy 338 -0.28069685 -0.150568952 0.00901307979 0 0 0
volume_proxy 339 -0.581002856 -0.31270727 0.0100106934 0 0 0
volume_proxy 341 1.12536473 0.679325819 0.00766352429 0 0 0
volume_proxy 343 -0.0436629811 0.844672501 0.00885781878 0 0 0
volume_proxy 344 0.342948585 0.114933566 0.0106373162 0 0 0
volume_proxy 345 -0.682800773 0.0919902347 0.00651404148 0 0 0
volume_proxy 347 0.262315495 -0.332051273 -0.00634817691 0 0 0
volume_proxy 349 0.315106404 0.0537475264 -0.000843903913 0 0 0
volume_proxy 350 -0.7134225 0.520634781 -0.00511810538 0 0 0
volume_proxy 353 -0.235638115 0.0280466513 0.00900213197 0 0 0
volume_proxy 355 0.864083423 0.178827253 -0.00130512643 0 0 0
volume_proxy 356 1.04373998 0.637039208 -0.00442925293 0 0 0
volume_proxy 358 1.31869947 0.835908063 0.00508328165 0 0 0
volume_proxy 370 1.3161204 0.358986971 0.00118911733 0 0 0
volume_proxy 371 -1.27167395 0.369252153 -0.00236134817 0 0 0
volume_proxy 372 0.302690172 0.569087786 0.000762925133 0 0 0
volume_proxy 373 0.657937807 0.200817502 -0.00332340451 0 0 0
volume_proxy 375 0.966898047 0.251551811 0.00901626222 0 0 0
volume_proxy 377 0.803256908 0.25902553 0.00944847979 0 0 0
volume_proxy 380 -0.569880027 -0.715402933 0.00579446714 0 0 0
volume_proxy 382 -0.432055486 -0.575281348 0.00449572522 0 0 0
volume_proxy 383 0.754923463 -0.864126524 -0.00565186924 0 0 0
volume_proxy 384 0.0874778264 0.892501175 0.00071094168 0 0 0
volume_proxy 388 -1.20911564 0.18125836 -0.00181299401 0 0 0
volume_proxy 389 0.170682313 0.00665445949 -0.00855929419 0 0 0
volume_proxy 391 -1.30653335 0.617382612 0.0101863631 0 0 0
volume_proxy 392 -0.379489745 0.882123427 -0.00494338573 0 0 0
volume_proxy 393 0.876675802 0.192032459 0.00363378429 0 0 0
volume_proxy 396 -0.931485624 0.584152378 -0.00321573837 0 0 0
volume_proxy 397 0.899377747 0.169797853 -0.00719392661 0 0 0
volume_proxy 399 1.35623859 -0.803963667 0.000169232853 0 0 0
volume_proxy 400 -0.0207669056 -0.545588179 -0.00304001121 0 0 0
volume_proxy 402 -0.948169256 -0.590900768 0.00125319238 0 0 0
volume_proxy 409 -0.402508475 -0.789323108 0.00116229742 0 0 0
volume_proxy 412 1.4304494 -0.171069058 0.0100056825 0 0 0
volume_proxy 413 0.665372752 0.122649264 0.00711691028 0 0 0
volume_proxy 415 -0.805713959 -0.570373077 0.00401319188 0 0 0
volume_proxy 418 -0.628706749 -0.542377081 0.00852855782 0 0 0
volume_proxy 424 0.600837815 0.626347205 0.00950463899 0 0 0
volume_proxy 425 -0.0789869459 -0.275705023 -0.0045021017 0 0 0
volume_proxy 431 -1.47308218 -0.713574897 -0.00533969207 0 0 0
volume_proxy 434 -0.624314983 -0.240694862 0.00925379163 0 0 0
volume_proxy 435 -1.38471932 -0.640397452 -0.00981121067 0 0 0
volume_proxy 442 -0.149503691 -0.601823955 0.00160077832 0 0 0
volume_proxy 451 0.49627019 -0.631204383 -0.00663707598 0 0 0
volume_proxy 459 -0.652661595 0.433800095 -0.00784047756 0 0 0
volume_proxy 462 -0.663642876 -0.770499106 0.010202134 0 0 0
volume_proxy 463 0.0216011585 -0.281550683 -0.00311007106 0 0 0
volume_proxy 470 1.13686497 0.827236 0.00961428278 0 0 0
volume_proxy 492 0.711399334 -0.653549696 0.0087456628 0 0 0
volume_proxy 493 -0.710915945 -0.946446114 0.00549222768 0 0 0
volume_proxy 495 -0.931888922 -0.61153336 -0.00165157634 0 0 0
volume_proxy 497 -1.1189399 -0.936731475 -0.00896961899 0 0 0
volume_proxy 499 1.37804211 -0.858068099 -0.00272261533 0 0 0
volume_proxy 502 0.659860518 -0.140273777 0.00506816202 0 0 0
volume_proxy 512 0.338012775 -0.697037657 -0.0107700581 0 0 0
volume_proxy 513 0.917093369 -0.178836785 0.000493460355 0 0 0
volume_proxy 518 1.17778524 -0.497285621 -0.00654066446 0 0 0
volume_proxy 526 0.991470238 0.735162352 -0.00122171796 0 0 0
volume_proxy 531 -0.0950666649 0.376115224 -0.00938187017 0 0 0
volume_proxy 533 -0.812903203 -0.885603446 0.00900996899 0 0 0
volume_proxy 544 0.98977346 0.775912789 -0.00796363722 0 0 0
volume_proxy 547 1.32406932 0.827435774 0.000298576637 0 0 0
volume_proxy 549 0.451657803 -0.722944193 0.00523528006 0 0 0
volume_proxy 559 0.935612754 0.621141148 -0.00211689394 0 0 0
volume_proxy 561 1.06714869 0.373442648 0.00342583765 0 0 0
volume_proxy 563 -0.890041114 0.813680668 0.00213127663 0 0 0
volume_proxy 568 -0.531815001 -0.0176591809 -0.00548644009 0 0 0
volume_proxy 572 0.137444606 -0.652096739 -0.00427005972 0 0 0
volume_proxy 578 -0.512933541 0.869027921 0.000319428483 0 0 0
volume_proxy 579 -0.37310781 0.199122029 -0.00701064676 0 0 0
volume_proxy 581 1.21645073 0.905116689 -0.00717925531 0 0 0
volume_proxy 582 0.827764701 -0.36857651 -0.0048047054 0 0 0
volume_proxy 591 -0.960335184 0.138253971 -0.00901366766 0 0 0
volume_proxy 594 -0.978870577 0.313164011 0.00149260894 0 0 0
volume_proxy 595 0.921683344 0.177646208 -0.00959518294 0 0 0
volume_proxy 603 0.26442022 -0.399311718 0.00874027487 0 0 0
volume_proxy 604 -0.886251616 0.449828425 -0.00212208225 0 0 0
volume_proxy 606 -0.827055782 0.20407519 -0.000374403953 0 0 0
volume_proxy 608 -0.725655799 -0.774900333 -0.00196423669 0 0 0
volume_proxy 615 1.10127462 -0.969297129 0.00392243504 0 0 0
volume_proxy 616 1.2820053 0.0739203236 -4.85303071e-05 0 0 0
volume_proxy 626 1.20055972 -0.178582408 0.00457279832 0 0 0
volume_proxy 634 -0.823920785 0.517917377 -0.0100492736 0 0 0
volume_proxy 637 -1.20644808 -0.631818573 -0.0051006097 0 0 0
volume_proxy 642 0.979889586 -0.295277997 0.00304479671 0 0 0
volume_proxy 644 -0.50809872 0.847040078 0.0103963678 0 0 0
volume_proxy 647 -0.0475587606 0.80587076 0.00177776497 0 0 0
volume_proxy 656 -0.226026378 0.238032259 0.00392010765 0 0 0
volume_proxy 664 1.4616017 -0.883114211 -0.00329780293 0 0 0
volume_proxy 665 -0.832447647 -0.846720379 -0.00585040639 0 0 0
volume_proxy 666 -0.250797845 0.123327139 -0.00917175459 0 0 0
volume_proxy 669 1.22337279 0.0417782764 -0.000302039752 0 0 0
volume_proxy 675 -1.44698323 0.645776547 -0.00193084258 0 0 0
volume_proxy 682 0.0612383725 0.984099843 -0.00164112649 0 0 0
volume_proxy 691 1.02756689 -0.321910049 -0.00044614613 0 0 0
volume_proxy 693 0.0817662452 0.24892342 -0.00333509118 0 0 0
volume_proxy 698 -0.124951822 0.740180449 -0.00699744272 0 0 0
volume_proxy 701 -1.25173106 0.749992122 0.00637024322 0 0 0
volume_proxy 702 -0.135338188 -0.0939175172 -0.00161574755 0 0 0
volume_proxy 703 -0.99289205 -0.285754308 0.00681733973 0 0 0
volume_proxy 704 1.32032933 0.124590543 0.0103076457 0 0 0
volume_proxy 708 -1.2768566 0.339353035 -0.00202071084 0 0 0
volume_proxy 711 0.290041974 0.0624843565 0.00110137156 0 0 0
volume_proxy 722 0.53094273 0.521416957 -0.00996731231 0 0 0
volume_proxy 725 -1.26872422 -0.780847808 0.00161347331 0 0 0
volume_proxy 740 0.292370298 0.663696373 0.00538091451 0 0 0
volume_proxy 751 0.22173532 -0.556980285 -0.00955472674 0 0 0
volume_proxy 757 -0.228686337 0.53723781 0.00840040148 0 0 0
volume_proxy 762 -1.14274674 0.949840189 -0.00803790927 0 0 0
volume_proxy 781 -0.928344343 0.382075871 -0.0100719482 0 0 0
volume_proxy 784 1.45059061 0.577096258 -0.00957027523 0 0 0
volume_proxy 788 -0.491155135 -0.032341099 0.0103016274 0 0 0
volume_proxy 791 0.557780342 -0.725945587 -0.00311702233 0 0 0
volume_proxy 794 0.560512828 0.771567169 -0.000291681264 0 0 0
volume_proxy 795 0.885725044 -0.976835682 0.00588295729 0 0 0
volume_proxy 796 -0.89127539 0.550663283 0.00210398621 0 0 0
volume_proxy 797 -1.39632354 -0.231371878 0.00963759203 0 0 0
volume_proxy 800 -1.26029633 0.839287546 0.00168761874 0 0 0
volume_proxy 802 0.0145610381 -0.02083697 -0.0086577812 0 0 0
volume_proxy 804 0.357671086 0.38508462 0.00616557028 0 0 0
volume_proxy 810 0.628314998 0.158743821 -0.00574517412 0 0 0
volume_proxy 811 0.540054665 0.589288922 -0.00409266095 0 0 0
volume_proxy 812 0.942381994 0.500515921 0.00720741067 0 0 0
volume_proxy 814 1.09355001 0.106515118 -0.00742887022 0 0 0
volume_proxy 822 0.302757448 -0.698804212 0.00341604082 0 0 0
volume_proxy 824 1.39249116 -0.564611872 0.00180627832 0 0 0
volume_proxy 825 1.26853993 0.745271482 -0.00667407339 0 0 0
volume_proxy 827 1.36534464 0.472752726 0.00201535436 0 0 0
volume_proxy 833 -0.48033015 -0.0379875037 -0.00753821811 0 0 0
volume_proxy 835 -0.260174027 -0.93901098 0.00303895738 0 0 0
volume_proxy 837 0.129574501 -0.0313970947 0.00926752188 0 0 0
volume_proxy 839 0.087205263 -0.287270782 -0.0103979379 0 0 0
volume_proxy 846 1.49111373 0.183045965 0.00804287127 0 0 0
volume_proxy 848 -1.48300559 -0.207693844 -0.00730222194 0 0 0
volume_proxy 854 -0.18703143 0.969034145 -5.81825291e-05 0 0 0
volume_proxy 856 0.962289762 0.247937655 0.00461833671 0 0 0
volume_proxy 859 0.542580745 0.158174624 0.00932281036 0 0 0
volume_proxy 867 -1.03223993 0.159137174 0.0105357679 0 0 0
volume_proxy 868 0.564724105 0.146957696 -0.00969377654 0 0 0
volume_proxy 869 1.29233138 0.972601396 -0.00313390452 0 0 0
volume_proxy 874 0.748982181 0.639309711 -0.00507979403 0 0 0
volume_proxy 875 -0.28303551 -0.98125384 0.00803779248 0 0 0
volume_proxy 876 0.0392648314 -0.759551249 -0.00330640623 0 0 0
volume_proxy 878 1.38346805 -0.532915426 0.00549992713 0 0 0
volume_proxy 883 -0.174620343 0.899017061 0.000983784875 0 0 0
volume_proxy 889 -1.41722471 0.793432251 0.00489088746 0 0 0
volume_proxy 890 0.970391982 0.957236848 -0.00932261018 0 0 0
volume_proxy 894 1.3180134 -0.664240868 0.000973626071 0 0 0
volume_proxy 896 1.10104732 0.181679781 0.00754716198 0 0 0
volume_proxy 898 0.986936197 -0.0898422391 -0.00218962384 0 0 0
volume_proxy 902 0.230547118 0.876605798 0.00529580433 0 0 0
volume_proxy 903 0.0314503408 0.278452247 0.00422208995 0 0 0
volume_proxy 904 -1.07094276 0.450111349 0.0036463903 0 0 0
volume_proxy 906 1.23514956 0.491722473 -0.00334782333 0 0 0
volume_proxy 908 0.134484366 0.186555334 -0.00179876275 0 0 0
volume_proxy 910 -1.39178999 0.28193371 0.00175714291 0 0 0
volume_proxy 911 1.48914963 0.357887432 -0.00707776222 0 0 0
volume_proxy 912 1.44466646 0.144631319 -0.00871206065 0 0 0
volume_proxy 913 -1.22003378 -0.96284394 0.0103598978 0 0 0
volume_proxy 914 0.285303601 -0.817434411 0.000162050842 0 0 0
volume_proxy 915 -0.308246075 -0.649706558 -0.00317055901 0 0 0
volume_proxy 916 -0.31402948 0.260273602 0.00261600182 0 0 0
volume_proxy 917 -0.350769475 -0.0717645885 0.010318612 0 0 0
volume_proxy 918 -0.637027016 0.0402129637 0.0104812879 0 0 0
volume_proxy 924 -0.388962909 0.607333511 -0.00394208786 0 0 0
volume_proxy 926 -0.228505488 0.69827107 0.00319163726 0 0 0
volume_proxy 929 -0.336400641 -0.605699745 0.00526941232 0 0 0
volume_proxy 931 -0.0546180667 0.0711066057 0.00844752692 0 0 0
volume_proxy 935 -1.39360832 0.40242369 0.000296828166 0 0 0
volume_proxy 939 0.892919773 0.930432644 0.000488677343 0 0 0
volume_proxy 940 0.107199221 0.100295911 -0.00736783411 0 0 0
volume_proxy 941 -1.14702112 0.970779341 -0.000114221491 0 0 0
volume_proxy 942 0.733790891 -0.546306179 -0.00226467416 0 0 0
volume_proxy 943 -1.11001715 -0.801553473 -0.00484547487 0 0 0
volume_proxy 944 0.661466125 -0.875240984 0.00170079907 0 0 0
volume_proxy 945 -0.936141531 0.392955642 -0.00845163351 0 0 0
volume_proxy 948 -0.389025509 -0.0330742466 0.00632784322 0 0 0
volume_proxy 949 -0.67934698 -0.490624113 0.00268033262 0 0 0
volume_proxy 950 -1.30260842 0.929370165 0.00713148179 0 0 0
volume_proxy 953 -0.659927692 -0.975174324 -0.00285844182 0 0 0
volume_proxy 958 -1.33690643 0.362991532 -0.00672076342 0 0 0
volume_proxy 959 0.890280918 0.517774976 -0.00488082071 0 0 0
volume_proxy 961 -0.97063746 0.934006 0.00497991743 0 0 0
volume_proxy 963 -0.685260966 0.739362108 -0.00861722539 0 0 0
volume_proxy 964 0.777989143 0.783695272 -0.00545797293 0 0 0
volume_proxy 965 0.930192432 -0.638116205 0.010608623 0 0 0
volume_proxy 966 -0.677323659 0.751202228 -0.000567749106 0 0 0
volume_proxy 969 -0.723682074 -0.168110806 -0.00789101046 0 0 0
volume_proxy 971 0.902385471 0.434503612 0.0106769477 0 0 0
volume_proxy 973 -0.0761306055 0.149211911 -0.0041574489 0 0 0
volume_proxy 974 1.0142595 -0.714998899 -0.00154321636 0 0 0
volume_proxy 977 -1.04811394 -0.0220835186 0.00149069395 0 0 0
volume_proxy 979 0.0846342054 0.544912068 -0.0105303165 0 0 0
volume_proxy 980 -0.324037961 0.87441395 0.00773185308 0 0 0
volume_proxy 981 0.00775465994 0.505646188 -0.000691688405 0 0 0
volume_proxy 983 1.20027631 -0.426774471 -0.00657677999 0 0 0
volume_proxy 984 1.39588292 0.602784021 0.000178998687 0 0 0
volume_proxy 985 -0.361670198 -0.984888742 -0.00557452388 0 0 0
volume_proxy 986 -0.390116985 -0.732436694 -0.0103677485 0 0 0
volume_proxy 987 -1.4976231 0.926898384 -0.00861572765 0 0 0
volume_proxy 988 0.852424376 -0.948704479 -0.00739542943 0 0 0
volume_proxy 990 -1.0031653 0.139110554 0.00426997501 0 0 0
volume_proxy 991 -0.163793724 -0.385057898 -0.00891714482 0 0 0
volume_proxy 992 -0.173844616 0.288342302 0.00793404991 0 0 0
volume_proxy 993 -0.174320459 0.0262490344 -0.000217662393 0 0 0
volume_proxy 995 1.48132939 -0.626608473 0.00951242854 0 0 0
volume_proxy 996 -0.962429822 0.597055533 -0.00626282482 0 0 0
volume_proxy 997 1.41875248 0.0054919834 0.00626620459 0 0 0
volume_proxy 998 0.993132471 -0.229604239 0.000450784068 0 0 0
volume_proxy 999 -0.846888381 -0.228460366 -0.0060602357 0 0 0
volume_proxy 1000 1.44062224 -0.688317754 0.00513196211 0 0 0
volume_proxy 1001 0.627124236 0.818390285 0.000688529671 0 0 0
volume_proxy 1004 0.0593331869 0.0940367329 0.00801205641 0 0 0
volume_proxy 1005 1.03765812 -0.369503751 -0.00624525824 0 0 0
volume_proxy 1007 -1.22745591 -0.593788978 0.000189786852 0 0 0
volume_proxy 1008 0.33109912 -0.542676252 0.00512610119 0 0 0
volume_proxy 1009 0.442022677 -0.673919123 0.0100366625 0 0 0
volume_proxy 1010 0.268316183 -0.298088922 0.00547961565 0 0 0
volume_proxy 1011 0.455545303 -0.9734628 0.00768942446 0 0 0
volume_proxy 1012 0.460426502 -0.256882585 -0.0103181911 0 0 0
volume_proxy 1013 0.785726085 -0.912708684 0.00380056523 0 0 0
volume_proxy 1014 -0.692131914 -0.0501054399 0.00180118851 0 0 0
volume_proxy 1016 0.941611809 -0.831591958 -0.00298992513 0 0 0
volume_proxy 1017 -0.0352656301 -0.609584763 -0.00849149191 0 0 0
volume_proxy 1018 -0.749049992 -0.947254633 -0.00115136039 0 0 0
volume_proxy 1019 -0.547020563 -0.827483593 0.00746071155 0 0 0
volume_proxy 1020 -0.932522441 0.705963856 0.0058038484 0 0 0
volume_proxy 1021 -0.693410929 -0.45248577 6.16983803e-05 0 0 0
volume_proxy 1023 0.762386375 0.371405412 -0.00699799612 0 0 0
volume_proxy 1024 1.24003165 0.918986242 0.00809863074 0 0 0
volume_proxy 1025 0.641231513 0.27409068 -0.00339879961 0 0 0
volume_proxy 1028 -1.00410717 -0.538668473 -0.00833896078 0 0 0
volume_proxy 1029 0.899901521 0.800549528 0.00851839903 0 0 0
volume_proxy 1030 0.515948986 0.101010433 0.00446892184 0 0 0
volume_proxy 1031 0.897609632 -0.884129252 0.00508698276 0 0 0
volume_proxy 1032 1.37834315 -0.0662115739 -0.00209450335 0 0 0
volume_proxy 1033 0.69457783 0.759556578 0.00576473154 0 0 0
volume_proxy 1035 0.307818239 -0.16934194 0.000593230754 0 0 0
volume_proxy 1036 0.934793164 -0.497219785 0.00811599334 0 0 0
volume_proxy 1037 0.446991591 -0.609441198 -0.00868283935 0 0 0
volume_proxy 1038 0.999350939 0.686807778 -0.00318274969 0 0 0
volume_proxy 1039 -0.899202903 0.919973224 2.79020518e-05 0 0 0
volume_proxy 1040 -0.864257425 -0.833632317 -0.00740980628 0 0 0
volume_proxy 1041 0.157842708 -0.104213602 -0.00315453438 0 0 0
volume_proxy 1042 1.12100563 -0.107498225 0.00583171257 0 0 0
volume_proxy 1043 1.20798024 -0.497239324 -0.00085653659 0 0 0
volume_proxy 1044 1.09685541 -0.617780615 -0.00706941614 0 0 0
volume_proxy 1046 0.193447921 -0.0844551842 0.0105620172 0 0 0
volume_proxy 1047 -1.44835825 0.0597435005 -0.00788873377 0 0 0
volume_proxy 1048 -1.42026755 -0.0765419938 0.00203892085 0 0 0
volume_proxy 1049 -0.165998077 0.418977593 0.00790691577 0 0 0
volume_proxy 1050 -0.760864331 -0.267997245 -0.00651299305 0 0 0
volume_proxy 1051 0.198751209 -0.301064595 0.00858902487 0 0 0
volume_proxy 1052 -0.879319727 -0.0262829296 0.00587105633 0 0 0
volume_proxy 1053 -0.135616995 -0.869561665 0.00549656225 0 0 0
volume_proxy 1054 -1.34921908 0.264528434 -0.0035504196 0 0 0
volume_proxy 1055 -1.401611 0.921960474 -0.0072983972 0 0 0
volume_proxy 1056 -1.40547833 0.948239875 0.00123602818 0 0 0
volume_proxy 1057 -0.43091467 -0.241499812 -0.000851492957 0 0 0
volume_proxy 1058 -1.42209855 -0.448721467 -0.00200289616 0 0 0
volume_proxy 1059 -0.583813219 0.897583986 -0.00958277435 0 0 0
volume_proxy 1060 -1.37848196 0.409964368 0.00391233525 0 0 0
volume_proxy 1061 -0.285417305 -0.126391512 0.00456312643 0 0 0
volume_proxy 1062 0.683984739 0.652179314 -0.0107984655 0 0 0
volume_proxy 1063 -0.522547616 0.179033509 -0.00753464837 0 0 0
volume_proxy 1064 -0.441052327 -0.986880456 -0.00412554604 0 0 0
