volume_proxy 0 0.906455073 0.519501047 -0.00894099922 0 0 0
volume_proxy 5 1.36726944 -0.722169828 -0.00461664405 0 0 0
volume_proxy 6 -0.189603951 0.707924579 -0.00608652291 0 0 0
volume_proxy 11 1.33810293 0.57153431 -0.00869024232 0 0 0
volume_proxy 12 0.329618007 -0.568993046 -0.00412662664 0 0 0
volume_proxy 14 -0.814866827 0.782726842 -0.00330483645 0 0 0
volume_proxy 23 1.21408092 -0.795714986 -0.00871889465 0 0 0
volume_proxy 38 1.06962951 -0.304184071 -0.00445306116 0 0 0
volume_proxy 40 -0.500959512 -0.329242443 0.00511965403 0 0 0
volume_proxy 50 -0.768302727 -0.226415696 0.0104824876 0 0 0
volume_proxy 53 -0.659878413 0.665651618 -0.00806271181 0 0 0
volume_proxy 58 0.959281428 -0.679035422 -0.00123380334 0 0 0
volume_proxy 60 0.24483156 0.413718736 -0.00927970986 0 0 0
volume_proxy 85 -0.902522789 -0.000649258595 -0.00434151532 0 0 0
volume_proxy 97 0.980751352 0.856710952 0.00694297123 0 0 0
volume_proxy 107 1.11375453 0.418708262 -0.00408409644 0 0 0
volume_proxy 127 -1.25705954 -0.12681258 -0.00145602636 0 0 0
volume_proxy 130 0.677149407 0.489002604 0.00715985852 0 0 0
volume_proxy 140 0.0184643665 -0.00333212051 0.0077751837 0 0 0
volume_proxy 157 0.957061143 -0.29394248 -0.00979574961 0 0 0
volume_proxy 159 0.865201049 0.493023942 0.00719177159 0 0 0
volume_proxy 161 0.666276431 0.859885128 -0.00983711905 0 0 0
volume_proxy 176 0.686736239 0.0316449897 0.00126616365 0 0 0
volume_proxy 186 -1.1549968 0.120560255 0.00222656621 0 0 0
volume_proxy 189 -0.981621603 0.790599714 -0.00931988433 0 0 0
volume_proxy 195 0.211034511 -0.553801107 0.00109174851 0 0 0
volume_proxy 196 0.813048222 0.0471171612 -0.000564078341 0 0 0
volume_proxy 200 -0.706419288 -0.973884548 0.00987243911 0 0 0
volume_proxy 202 -0.465452278 0.82666467 0.0041983701 0 0 0
volume_proxy 209 -1.1932835 0.0734536255 -0.00308130703 0 0 0
volume_proxy 210 -0.0293674677 0.403600157 0.00817534138 0 0 0
volume_proxy 226 0.313643592 -0.97618653 0.00995864941 0 0 0
volume_proxy 236 0.824792099 0.882659338 -0.00561402061 0 0 0
volume_proxy 247 1.29718089 0.70487196 -0.0018978186 0 0 0
volume_proxy 256 -1.25874154 0.992090607 0.00657231232 0 0 0
volume_proxy 259 0.472363778 0.944404781 0.000483070058 0 0 0
volume_proxy 269 -0.716916794 -0.275881083 0.00727603853 0 0 0
volume_proxy 277 -1.21416697 -0.416875818 0.00519182207 0 0 0
volume_proxy 296 -0.898225554 -0.620061677 0.00184204677 0 0 0
volume_proxy 305 0.0179554967 0.0296823347 0.00157259515 0 0 0
volume_proxy 310 0.0159345177 -0.465891144 -0.0101465151 0 0 0
volume_proxy 344 -1.3300703 0.662126691 -8.35980156e-06 0 0 0
volume_proxy 347 0.383541823 -0.0462808484 0.00705221736 0 0 0
volume_proxy 356 -0.185355732 0.850726911 0.00595012047 0 0 0
volume_proxy 375 1.19196925 -0.875443585 -0.00915862543 0 0 0
volume_proxy 388 0.544195475 0.114179422 0.00922251311 0 0 0
volume_proxy 802 1.45036488 -0.358974935 0.00510577517 0 0 0
volume_proxy 1052 -0.799135597 -0.886290977 -0.00758052965 0 0 0
volume_proxy 1066 0.178519423 0.114541407 0.00489231104 0 0 0
volume_proxy 1120 -0.234694191 0.0750068063 0.00154964314 0 0 0
volume_proxy 1166 -0.521675503 0.392430814 -0.00755746997 0 0 0
volume_proxy 1169 0.958958299 -0.866660315 0.00813398665 0 0 0
volume_proxy 1193 -1.18778137 -0.272139441 -0.00166987826 0 0 0
volume_proxy 1225 -0.363852216 -0.108783234 0.00508789908 0 0 0
volume_proxy 1245 -1.3782986 0.318561131 0.00248364249 0 0 0
volume_proxy 1280 -1.29857305 0.437742067 -0.00237909604 0 0 0
volume_proxy 1285 -0.994627074 0.165515305 0.000453367539 0 0 0
volume_proxy 1295 -0.674455573 0.210352154 0.00430337955 0 0 0
volume_proxy 1296 0.555606224 -0.223029856 -0.001192429 0 0 0
volume_proxy 1335 0.264487191 -0.823775649 0.00849530464 0 0 0
volume_proxy 1340 1.03367509 0.446091219 -0.00906438491 0 0 0
volume_proxy 1380 0.156696122 0.496206027 -0.00105043899 0 0 0
volume_proxy 1386 0.026755629 0.156708764 0.00366747811 0 0 0
volume_proxy 1397 0.955313579 0.393479573 0.000965835805 0 0 0
volume_proxy 1409 0.0430535664 0.974102618 0.00643311106 0 0 0
volume_proxy 1413 1.49871311 0.439164257 -0.00549211998 0 0 0
volume_proxy 1420 -0.88189125 -0.412334888 -0.0057145041 0 0 0
volume_proxy 1422 0.728880756 -0.767197545 0.00667433845 0 0 0
volume_proxy 1429 0.839893896 -0.424908444 0.00831111013 0 0 0
volume_proxy 1433 1.49740635 0.72505004 -0.00536642599 0 0 0
volume_proxy 1434 0.149337341 -0.796147345 0.0092940864 0 0 0
volume_proxy 1437 -0.00507989923 -0.0159249588 -0.00129480004 0 0 0
volume_proxy 1439 -0.143379564 0.460863081 0.0057266627 0 0 0
volume_proxy 1447 0.479346444 -0.798271396 0.00531173411 0 0 0
volume_proxy 1459 -0.452768098 0.352099971 0.00118281658 0 0 0
volume_proxy 1460 1.35861775 0.953022281 -0.00202047925 0 0 0
volume_proxy 1461 -1.13851099 0.563738018 0.0103124984 0 0 0
volume_proxy 1466 -1.01140088 -0.0511713809 0.00424551229 0 0 0
volume_proxy 1470 -1.0664666 -0.59243507 -0.0106296082 0 0 0
volume_proxy 1472 -1.22566658 0.627982785 -0.00126950452 0 0 0
volume_proxy 1474 1.01757478 -0.82926806 0.0046297187 0 0 0
volume_proxy 1481 1.16148535 0.902826375 0.00751460685 0 0 0
volume_proxy 1482 0.789354788 -0.414372169 -0.00809424042 0 0 0
volume_proxy 1485 0.342407432 -0.965683198 0.00273489205 0 0 0
volume_proxy 1486 0.967362478 -0.418670772 0.00757109029 0 0 0
volume_proxy 1489 0.427713558 -0.220298487 -0.00611540426 0 0 0
volume_proxy 1490 1.47675396 0.832339692 0.00266114657 0 0 0
volume_proxy 1492 0.336637069 0.448664977 -0.00528341381 0 0 0
volume_proxy 1493 0.253797945 -0.153823461 -0.00516851151 0 0 0
volume_proxy 1494 0.887409496 0.19971229 0.00408328861 0 0 0
volume_proxy 1496 -1.43629534 0.485155453 0.00763063237 0 0 0
volume_proxy 1498 -0.834208793 0.285790006 0.00984458121 0 0 0
volume_proxy 1501 -0.661318376 -0.800777218 -0.0106987817 0 0 0
volume_proxy 1503 -0.127262502 0.222084305 -0.00204537518 0 0 0
volume_proxy 1506 0.303079469 0.991601526 -0.00676497779 0 0 0
volume_proxy 1507 -1.07313879 -0.285203668 0.00615070638 0 0 0
volume_proxy 1508 -0.470382315 -0.843622847 0.00136822118 0 0 0
volume_proxy 1509 -1.40907985 0.697127829 -0.00632626047 0 0 0
volume_proxy 1510 0.309975616 -0.707748453 0.00553704626 0 0 0
volume_proxy 1511 1.0715274 0.912503485 -0.00711766734 0 0 0
volume_proxy 1513 -0.880593782 0.987075572 -0.00326360446 0 0 0
volume_proxy 1515 1.02274666 0.313750605 0.0029107604 0 0 0
volume_proxy 1516 -0.518419843 -0.43657727 0.00217761849 0 0 0
volume_proxy 1517 -0.75857954 -0.96869556 0.00750094923 0 0 0
volume_proxy 1518 -1.05636653 0.0331631191 0.00195285401 0 0 0
volume_proxy 1519 -0.00318191396 -0.133449015 -0.00710584538 0 0 0
volume_proxy 1520 -0.0202152503 -0.49358309 0.0104595593 0 0 0
volume_proxy 1521 -0.469200866 0.394214441 0.00332567528 0 0 0
volume_proxy 1522 -0.0295499958 0.650281576 -0.00339949474 0 0 0
volume_proxy 1523 1.17082618 -0.358660242 0.00372876352 0 0 0
volume_proxy 1524 1.12602527 -0.440884176 0.00480983228 0 0 0
volume_proxy 1525 -1.11873799 0.548647432 3.30489227e-06 0 0 0
