volume_proxy 0 0.767494941 0.302803923 0.00615068821 0 0 0
volume_proxy 1 -0.169812779 -0.799672538 -0.00429848357 0 0 0
volume_proxy 2 0.547779184 0.15394945 0.00375502267 0 0 0
volume_proxy 4 1.1649632 0.829810988 -0.000651188712 0 0 0
volume_proxy 5 -0.709301034 0.567345323 0.00587004517 0 0 0
volume_proxy 6 0.957332687 0.217293199 0.00324967175 0 0 0
volume_proxy 7 -0.378787171 -0.0644299747 0.00262144895 0 0 0
volume_proxy 8 0.379166689 -0.492121697 0.0028823203 0 0 0
volume_proxy 9 1.25925181 0.433876774 0.0100737629 0 0 0
volume_proxy 11 -1.20563703 0.464847901 0.0052498124 0 0 0
volume_proxy 12 0.400394176 -0.426297674 -0.00763355089 0 0 0
volume_proxy 13 -1.18583809 -0.961697606 -0.00677276321 0 0 0
volume_proxy 14 0.330602916 0.193146839 0.00435800638 0 0 0
volume_proxy 15 0.0256523722 -0.734779166 0.00649969178 0 0 0
volume_proxy 16 -1.19045909 0.817901994 0.00397226882 0 0 0
volume_proxy 17 -0.798719763 -0.091331631 -0.00806244957 0 0 0
volume_proxy 18 -1.43755183 -0.615606953 -0.00530530258 0 0 0
volume_proxy 19 -1.11150656 -0.360951849 0.00406567856 0 0 0
volume_proxy 21 -0.502524441 0.424325604 -0.00666698897 0 0 0
volume_proxy 22 1.01587117 0.404225835 0.000881473675 0 0 0
volume_proxy 23 -0.538857717 -0.0119113731 -0.00456433478 0 0 0
volume_proxy 24 -0.612900637 0.220438959 0.00967765809 0 0 0
volume_proxy 25 -1.17084664 -0.184492771 0.0019297736 0 0 0
volume_proxy 26 -0.741750357 0.311831368 0.00153792457 0 0 0
volume_proxy 28 -0.772295364 0.239940599 -0.0103749287 0 0 0
volume_proxy 29 -1.0537968 0.460772221 0.000629186554 0 0 0
volume_proxy 31 -0.618542572 -0.248535877 -0.00477850234 0 0 0
volume_proxy 32 -0.423546575 -0.652461496 0.009466474 0 0 0
volume_proxy 33 0.0845521513 -0.142282006 0.00456136816 0 0 0
volume_proxy 35 0.104071465 0.554663979 0.00932362837 0 0 0
volume_proxy 36 0.772878483 0.985613699 0.00969848601 0 0 0
volume_proxy 37 -0.732074583 -0.834325281 -0.00322678841 0 0 0
volume_proxy 38 0.587054435 -0.21464559 -0.0107122113 0 0 0
volume_proxy 39 0.52627651 0.835516795 -0.00632471276 0 0 0
volume_proxy 40 -0.318721991 -0.441348267 0.0038586729 0 0 0
volume_proxy 42 1.26030913 -0.190146663 0.0106598336 0 0 0
volume_proxy 43 -0.387897395 -0.520578915 -0.00019306458 0 0 0
volume_proxy 45 0.325658245 0.626075916 0.00701270218 0 0 0
volume_proxy 46 0.452025422 -0.523176797 0.00019891551 0 0 0
volume_proxy 47 1.30744576 0.568723588 0.00898141863 0 0 0
volume_proxy 48 -0.192543274 -0.326117333 -0.00567834251 0 0 0
volume_proxy 49 0.0717459003 -0.406239577 -0.00822272493 0 0 0
volume_proxy 50 -0.195954216 -0.835304184 -0.00262572438 0 0 0
volume_proxy 51 -1.41096864 0.95458753 -0.00784671093 0 0 0
volume_proxy 52 -1.2156532 -0.912097004 0.00879398886 0 0 0
volume_proxy 53 0.318374037 -0.489440166 -0.00674597121 0 0 0
volume_proxy 54 -0.687977641 0.427317443 -0.00773151595 0 0 0
volume_proxy 55 -0.754936355 -0.187139359 0.00254368698 0 0 0
volume_proxy 56 -1.31403577 0.526465003 0.00843482314 0 0 0
volume_proxy 57 -1.45611749 -0.446713369 -0.000567666887 0 0 0
volume_proxy 58 0.427492645 -0.37501002 -0.00496116523 0 0 0
volume_proxy 59 -0.472687645 0.102271356 -0.0019492546 0 0 0
volume_proxy 60 -0.0480410476 0.288439542 0.00339442664 0 0 0
volume_proxy 61 -1.23442212 -0.205507141 0.00754556954 0 0 0
volume_proxy 62 -0.145111247 0.0870164983 0.00345679794 0 0 0
volume_proxy 63 0.631115358 0.317387679 0.0055679573 0 0 0
volume_proxy 64 -0.470036469 -0.373103565 0.000299543746 0 0 0
volume_proxy 66 0.394399513 0.624816654 0.00835841594 0 0 0
volume_proxy 67 -0.18580611 -0.25531863 -0.00590054869 0 0 0
volume_proxy 69 -0.203599484 -0.277514869 -0.00169361989 0 0 0
volume_proxy 70 0.993330411 0.666893644 -0.00663759622 0 0 0
volume_proxy 71 0.803606831 0.62962782 -0.00943529718 0 0 0
volume_proxy 72 0.661817429 -0.482103772 -0.00467838484 0 0 0
volume_proxy 73 0.899268026 -0.707278798 0.0107019063 0 0 0
volume_proxy 75 0.945267691 -0.805312869 0.00446282343 0 0 0
volume_proxy 77 1.42930825 -0.00658060023 0.0047057826 0 0 0
volume_proxy 78 1.46078029 0.0648553399 0.00434086677 0 0 0
volume_proxy 79 -0.726163407 0.200625871 -0.0100157381 0 0 0
volume_proxy 80 -0.857960938 0.683271973 0.0102680922 0 0 0
volume_proxy 81 -0.856786 0.957961172 0.00152655862 0 0 0
volume_proxy 83 -0.499536152 0.0281500285 0.00786028285 0 0 0
volume_proxy 84 -0.794774827 0.00363050929 -0.0076940874 0 0 0
volume_proxy 85 -0.591802114 0.31163068 0.00903039061 0 0 0
volume_proxy 86 0.433111247 -0.417885111 0.00573078551 0 0 0
volume_proxy 87 1.13065933 0.373251567 0.00464452277 0 0 0
volume_proxy 88 -0.811511548 0.344099574 -0.00967959549 0 0 0
volume_proxy 89 0.496656338 0.379580306 0.000851101848 0 0 0
volume_proxy 90 0.653482868 -0.630761886 -0.00469211528 0 0 0
volume_proxy 91 0.993935016 -0.965191273 -0.00952330122 0 0 0
volume_proxy 92 -0.988939715 0.571552408 0.00487435698 0 0 0
volume_proxy 93 0.479196472 0.154836634 -0.00632959971 0 0 0
volume_proxy 94 -0.736210431 -0.747706668 3.07993118e-05 0 0 0
volume_proxy 96 0.72712025 -0.440637965 0.00645812717 0 0 0
volume_proxy 97 0.803195917 0.341760753 0.00104220545 0 0 0
volume_proxy 99 1.28365577 -0.338243762 0.00628144327 0 0 0
volume_proxy 100 -0.122569751 -0.853714581 -0.00165895505 0 0 0
volume_proxy 101 -0.688977064 -0.0823646652 0.00137667597 0 0 0
volume_proxy 102 -0.10704254 -0.643383448 -0.0072657841 0 0 0
volume_proxy 103 0.252178219 -0.516250501 0.00769759817 0 0 0
volume_proxy 104 0.542213105 0.871709951 0.0101687032 0 0 0
volume_proxy 105 -0.398719162 -0.2353028 -0.00191549232 0 0 0
volume_proxy 106 0.0405866766 -0.993759918 0.00986040274 0 0 0
volume_proxy 107 0.64977463 0.213044082 0.00597638351 0 0 0
volume_proxy 108 0.923697603 -0.0817673141 0.000356947968 0 0 0
volume_proxy 109 1.46473221 -0.0810580272 -0.0029433262 0 0 0
volume_proxy 110 1.21018796 0.31879879 -0.00118859762 0 0 0
volume_proxy 111 0.527843384 0.142250667 -0.0058150656 0 0 0
volume_proxy 112 0.874840472 0.22108189 0.000638630082 0 0 0
volume_proxy 113 -0.751267212 -0.121722472 0.00258964338 0 0 0
volume_proxy 114 -0.883424217 -0.18922947 0.0081139069 0 0 0
volume_proxy 115 1.28638705 -0.547627659 -0.0079023943 0 0 0
volume_proxy 116 -1.33471325 -0.992029118 -0.00415902702 0 0 0
volume_proxy 117 -0.983485069 -0.526958605 -0.00205847006 0 0 0
volume_proxy 121 0.426418951 0.735801725 -0.0106443 0 0 0
volume_proxy 123 0.375471478 -0.816839371 0.0012406121 0 0 0
volume_proxy 124 -0.533448777 0.0579818301 -0.00564280538 0 0 0
volume_proxy 125 -0.681818823 -0.572528 -0.00784682543 0 0 0
volume_proxy 126 -0.646674916 -0.487444032 0.00115429464 0 0 0
volume_proxy 127 0.0441226487 0.0220448344 -0.00653398509 0 0 0
volume_proxy 129 1.23623645 -0.8250895 -0.00400812858 0 0 0
volume_proxy 130 0.916073814 -0.562127474 -0.0105442467 0 0 0
volume_proxy 131 0.913318433 0.204304276 0.00702938252 0 0 0
volume_proxy 132 0.193940755 0.629497837 0.00497673971 0 0 0
volume_proxy 135 0.501560642 -0.205194273 0.0084318528 0 0 0
volume_proxy 138 0.660233065 -0.6978319 0.0055947 0 0 0
volume_proxy 139 -0.430219503 0.430919794 0.00980761092 0 0 0
volume_proxy 140 -0.895098454 0.769544906 0.0106031159 0 0 0
volume_proxy 141 1.34003569 -0.369032736 0.0100978999 0 0 0
volume_proxy 144 -1.11251732 0.146809933 0.00112443347 0 0 0
volume_proxy 145 -0.792938031 -0.949592308 -0.00490231984 0 0 0
volume_proxy 146 1.2026552 -0.595687254 -0.0105228737 0 0 0
volume_proxy 147 0.469518722 0.0159362126 0.0103874445 0 0 0
volume_proxy 149 -1.19076823 0.642163688 0.00609699133 0 0 0
volume_proxy 150 1.4510137 0.535488216 0.00831529343 0 0 0
volume_proxy 153 -0.61610173 -0.778648437 -0.00299909192 0 0 0
volume_proxy 155 0.957970751 0.100896652 0.00799451974 0 0 0
volume_proxy 156 0.217456911 0.0125855311 -0.0101332977 0 0 0
volume_proxy 157 1.14252894 0.803869088 -0.00106686888 0 0 0
volume_proxy 159 -0.0134433318 -0.272901899 -0.00128237427 0 0 0
volume_proxy 160 -0.238697362 -0.412771148 -0.0035373837 0 0 0
volume_proxy 161 -0.0362432766 -0.288934774 0.00394288067 0 0 0
volume_proxy 162 -0.534068693 -0.416386156 0.00577571264 0 0 0
volume_proxy 163 -1.29065255 0.857053553 -0.00604213985 0 0 0
volume_proxy 164 -1.08335344 0.500281992 -0.00239619598 0 0 0
volume_proxy 165 1.08219233 0.320821123 -0.0101632594 0 0 0
volume_proxy 166 0.467378404 0.562372979 0.00290007715 0 0 0
volume_proxy 167 0.250026256 0.0359535973 -0.00374073312 0 0 0
volume_proxy 168 1.09910261 0.403668301 -0.00381448133 0 0 0
volume_proxy 169 0.680625258 -0.25157704 -0.0107347753 0 0 0
volume_proxy 170 1.01687732 -0.401775864 -0.00946796651 0 0 0
volume_proxy 171 -0.689901059 0.703035528 0.00205104036 0 0 0
volume_proxy 172 -1.11260607 0.428326217 0.00402898886 0 0 0
volume_proxy 173 0.0284022 0.497918826 -0.00717828968 0 0 0
volume_proxy 174 0.694045515 -0.553963897 -0.00948553664 0 0 0
volume_proxy 176 0.408285331 -0.387813634 -0.0040919936 0 0 0
volume_proxy 177 -1.39932308 0.999607574 0.00718125224 0 0 0
volume_proxy 178 -0.983811031 0.149744211 0.00774650697 0 0 0
volume_proxy 181 0.36444123 -0.642354788 -0.0103644351 0 0 0
volume_proxy 182 -0.466391439 0.775040381 0.000977774424 0 0 0
volume_proxy 183 1.01342111 -0.967471485 -0.00757104618 0 0 0
volume_proxy 184 -0.664743669 -0.890512394 -0.00260653527 0 0 0
volume_proxy 185 -0.615022715 0.230610831 0.000697866636 0 0 0
volume_proxy 186 -0.196750978 -0.781094712 -0.00225337048 0 0 0
volume_proxy 187 -0.62322109 0.65888384 0.00804831269 0 0 0
volume_proxy 189 -1.28603781 0.0259868023 -0.00112060178 0 0 0
volume_proxy 191 -0.00287025139 0.763430798 -0.00388836469 0 0 0
volume_proxy 192 0.339213619 -0.301808076 0.00311256061 0 0 0
volume_proxy 193 -0.617206544 0.855132597 -0.00192221377 0 0 0
volume_proxy 194 -0.244896464 -0.721977609 0.0089135322 0 0 0
volume_proxy 195 -1.46057493 0.395426519 0.00356712198 0 0 0
volume_proxy 196 0.812632681 0.992445291 -0.00756151378 0 0 0
volume_proxy 197 -0.474144838 -0.816431128 -0.00749437231 0 0 0
volume_proxy 198 0.971942513 -0.86138449 -0.00434191266 0 0 0
volume_proxy 199 -0.578192404 -0.00235709662 0.00421814731 0 0 0
volume_proxy 200 -0.935526898 0.375399162 0.00699886733 0 0 0
volume_proxy 201 -1.07778245 0.443740806 0.00827636199 0 0 0
volume_proxy 202 -0.539314403 0.929751172 -0.00707116628 0 0 0
volume_proxy 204 -1.20102408 0.0576059716 -0.00899660622 0 0 0
volume_proxy 205 0.0247731072 0.489640565 -0.00113190954 0 0 0
volume_proxy 206 0.556087328 0.108670588 0.00666456861 0 0 0
volume_proxy 208 -1.24937806 0.936864803 0.000978461091 0 0 0
volume_proxy 209 -1.12379512 -0.60097623 -0.00475713338 0 0 0
volume_proxy 210 0.416021169 0.0916905567 0.00265531308 0 0 0
volume_proxy 211 -0.398860674 -0.652806108 0.000883005257 0 0 0
volume_proxy 212 1.25716592 -0.388822485 -0.00458069513 0 0 0
volume_proxy 213 -0.0421584831 -0.590159306 -0.00707633864 0 0 0
volume_proxy 214 -0.604787178 -0.0356930822 -0.00474257383 0 0 0
volume_proxy 215 0.225672894 -0.672447253 -0.00389265875 0 0 0
volume_proxy 217 -1.25133759 0.944462974 0.00901347454 0 0 0
volume_proxy 218 -0.183111121 0.77878086 -0.00777589156 0 0 0
volume_proxy 219 0.0807593409 0.223639348 0.005380462 0 0 0
volume_proxy 220 1.19151495 0.341017392 0.00964488259 0 0 0
volume_proxy 221 -0.419176299 0.984485637 -0.00650911966 0 0 0
volume_proxy 222 0.938345029 0.686888961 -0.0100583484 0 0 0
volume_proxy 223 -1.28580458 0.716057531 -0.0022550656 0 0 0
volume_proxy 224 0.50233731 -0.879052936 0.00294805788 0 0 0
volume_proxy 225 -1.38765871 0.226800692 -0.00228582353 0 0 0
volume_proxy 226 -0.953379075 -0.193537281 0.000548699929 0 0 0
volume_proxy 227 -0.810958511 -0.411601838 -0.00548369987 0 0 0
volume_proxy 228 -0.402301316 -0.124484941 -0.00890665194 0 0 0
volume_proxy 229 0.281712317 -0.116598394 0.00950391722 0 0 0
volume_proxy 230 -0.137794979 0.722643169 0.00533138195 0 0 0
volume_proxy 231 0.51328837 -0.0585890735 -0.0101819913 0 0 0
volume_proxy 232 0.911416028 0.858889753 -0.00183264499 0 0 0
volume_proxy 233 1.29693045 0.89158849 -0.00400399962 0 0 0
volume_proxy 234 1.34633156 -0.666707945 -0.00859764459 0 0 0
volume_proxy 235 -0.80473988 -0.888994888 -0.00690958203 0 0 0
volume_proxy 236 1.23817753 0.259767529 -0.00506207809 0 0 0
volume_proxy 237 0.553558183 0.550306409 -0.00990701606 0 0 0
volume_proxy 238 0.320855685 -0.38502413 0.0103559166 0 0 0
volume_proxy 239 0.160210615 -0.0169439885 -0.00735945682 0 0 0
volume_proxy 240 0.11755826 0.0369520588 0.00528057103 0 0 0
volume_proxy 241 -0.00292467886 -0.332499938 0.000552409549 0 0 0
volume_proxy 242 1.20142059 0.0303844191 9.93763443e-05 0 0 0
volume_proxy 243 0.564180373 0.354371794 0.00475242262 0 0 0
volume_proxy 244 -0.204462047 0.384942759 -0.0106442468 0 0 0
volume_proxy 245 0.591017121 -0.514174386 0.000480515501 0 0 0
volume_proxy 246 -0.904129138 -0.178972367 -0.00127302928 0 0 0
volume_proxy 247 1.17620053 -0.722755337 0.0102886756 0 0 0
volume_proxy 249 1.22559772 0.226952243 -0.00176108262 0 0 0
volume_proxy 250 -1.24783151 0.737966217 0.001321335 0 0 0
volume_proxy 251 0.524458519 0.738997957 -0.0019177886 0 0 0
volume_proxy 252 -0.498913284 -0.972344714 -0.00568838503 0 0 0
volume_proxy 253 -1.03956246 0.595451864 0.00682308891 0 0 0
volume_proxy 254 -1.37884118 0.904278759 0.00707493779 0 0 0
volume_proxy 255 0.749142351 -0.92930153 -0.00315492665 0 0 0
volume_proxy 256 0.195400425 0.0464808267 -0.00718928163 0 0 0
volume_proxy 257 -0.499489623 0.825050775 -0.00763421663 0 0 0
volume_proxy 258 -0.167138255 -0.331587372 -0.00310079075 0 0 0
volume_proxy 259 -0.0524023549 -0.0404201324 -0.0107688975 0 0 0
volume_proxy 260 0.0623157434 0.923262596 -0.0102608352 0 0 0
volume_proxy 261 1.20900116 0.653762554 -0.00605051753 0 0 0
volume_proxy 262 -1.23557636 -0.0297936302 0.00780643278 0 0 0
volume_proxy 263 0.546447056 -0.411567725 0.00168732685 0 0 0
volume_proxy 264 -0.265407552 -0.0486259507 -0.00777128267 0 0 0
volume_proxy 265 -0.23854553 -0.188520607 0.00838460411 0 0 0
volume_proxy 266 -0.495600976 -0.0206270359 -0.0107358128 0 0 0
volume_proxy 268 -0.0971886234 0.352531463 -0.00316639952 0 0 0
volume_proxy 269 0.773036709 -0.123602176 -0.000700566447 0 0 0
volume_proxy 270 0.789258059 -0.531250905 0.00394746569 0 0 0
volume_proxy 271 -1.3456613 -0.0182935308 0.00054903491 0 0 0
volume_proxy 272 -0.192946456 -0.70081 -0.00838820313 0 0 0
volume_proxy 273 1.38367438 0.725783995 0.00310568387 0 0 0
volume_proxy 274 -0.518619467 -0.4850099 -0.00697930191 0 0 0
volume_proxy 275 -1.15012439 0.928199487 -0.00462194718 0 0 0
volume_proxy 276 0.585422432 0.266880108 0.00990828564 0 0 0
volume_proxy 277 -0.558263393 -0.612722271 -0.0107989303 0 0 0
volume_proxy 279 -0.919110085 -0.686970581 -0.00369465872 0 0 0
volume_proxy 280 0.617490322 -0.941536104 -0.0058358685 0 0 0
volume_proxy 281 -1.11617917 0.96874971 0.0107927447 0 0 0
volume_proxy 282 0.193820548 -0.64257353 0.00104862334 0 0 0
volume_proxy 283 -1.06611384 0.554267401 -0.00639961744 0 0 0
volume_proxy 284 -1.37873938 0.738475891 0.00192707948 0 0 0
volume_proxy 285 -0.821892409 -0.420363642 -0.000794336759 0 0 0
volume_proxy 286 0.743566892 -0.703656386 -0.00296437533 0 0 0
volume_proxy 291 1.05000035 0.836063708 -0.0067918536 0 0 0
volume_proxy 292 -0.765865093 -0.804902618 0.000872091525 0 0 0
volume_proxy 293 1.3988225 0.0187707007 0.00601974249 0 0 0
volume_proxy 294 -1.07882078 0.77336188 0.00466740767 0 0 0
volume_proxy 295 0.221291612 -0.630083554 -0.00130362447 0 0 0
volume_proxy 296 0.390576655 -0.482427554 -0.00503090026 0 0 0
volume_proxy 297 0.995617142 0.145482798 -0.0059551506 0 0 0
volume_proxy 298 0.507188697 -0.588135354 -0.00256428936 0 0 0
volume_proxy 299 -1.40915631 0.703702635 0.00381721593 0 0 0
volume_proxy 301 0.973706627 0.21639809 -0.00893491251 0 0 0
volume_proxy 303 -0.0185215432 -0.462058242 -0.00398145 0 0 0
volume_proxy 304 -1.17295806 0.975589647 -0.000821372322 0 0 0
volume_proxy 305 0.899469799 0.908610304 -0.00466499173 0 0 0
volume_proxy 306 1.28891384 -0.514113798 -0.00252661669 0 0 0
volume_proxy 307 -1.36224348 -0.507850155 -0.004168478 0 0 0
volume_proxy 308 0.594369402 -0.865229962 -0.00386192986 0 0 0
volume_proxy 309 0.523505572 0.620400501 0.00317774308 0 0 0
volume_proxy 310 0.902690617 -0.249521864 0.0045051805 0 0 0
volume_proxy 311 -0.23637498 -0.891964406 0.00326486486 0 0 0
volume_proxy 312 0.455202276 -0.198106968 0.00396977785 0 0 0
volume_proxy 313 0.9809047 0.555583603 0.00758835893 0 0 0
volume_proxy 314 -0.39667668 -0.395671703 -0.00779430985 0 0 0
volume_proxy 315 -0.220298471 0.3539431 0.000967931782 0 0 0
volume_proxy 316 -0.112788549 -0.379454713 -0.0060071747 0 0 0
volume_proxy 317 0.234854357 0.405092495 0.00518087902 0 0 0
volume_proxy 318 -0.867153149 0.246482479 -0.00940563488 0 0 0
volume_proxy 319 -0.0315070383 -0.664557874 -0.00427362456 0 0 0
volume_proxy 320 -1.02618958 -0.430117899 0.00347061399 0 0 0
volume_proxy 321 -0.414904627 -0.857370544 -0.00595808584 0 0 0
volume_proxy 322 0.696473479 0.497970413 -0.00338463764 0 0 0
volume_proxy 324 -1.06137513 -0.984438436 0.00923947818 0 0 0
volume_proxy 325 -0.190418447 0.898010622 0.000206431054 0 0 0
volume_proxy 326 -0.850061139 0.699852467 -0.00608751603 0 0 0
volume_proxy 327 1.46664639 -0.778738127 8.77582881e-05 0 0 0
volume_proxy 328 0.688849642 0.428833979 0.00945115096 0 0 0
volume_proxy 329 0.288487438 0.893849201 -0.00417744511 0 0 0
volume_proxy 330 0.529615504 -0.547536271 -0.00862286104 0 0 0
volume_proxy 331 -1.38166815 0.671677792 0.00327186753 0 0 0
volume_proxy 333 -1.18020539 -0.336865731 0.00896883784 0 0 0
volume_proxy 334 0.894605618 -0.534954551 0.00228310542 0 0 0
volume_proxy 335 -0.61124009 -0.00294939895 0.0043472177 0 0 0
volume_proxy 336 0.68112896 0.585578456 -0.00443190491 0 0 0
volume_proxy 337 -0.859727805 0.304427286 -0.00204737521 0 0 0
volume_proxy 338 -0.580602481 -0.0811617086 0.00559697549 0 0 0
volume_proxy 339 -0.535151349 0.121595991 -0.00385081332 0 0 0
volume_proxy 340 0.246213742 0.85486713 -0.0104404716 0 0 0
volume_proxy 341 1.22038565 0.532177547 -0.00275455842 0 0 0
volume_proxy 342 -0.207576708 0.274491195 -0.00865424421 0 0 0
volume_proxy 343 -0.44580489 0.871985466 -0.000117374084 0 0 0
volume_proxy 344 0.599840693 0.29096316 0.00712387344 0 0 0
volume_proxy 345 -0.933892574 0.399800965 0.00857923113 0 0 0
volume_proxy 347 0.336009508 -0.141564177 -0.00986357884 0 0 0
volume_proxy 349 -0.0821220213 0.345227141 -0.000914595821 0 0 0
volume_proxy 350 -0.524515157 0.569673191 0.0093847486 0 0 0
volume_proxy 351 -1.37109193 0.110601319 0.00425174906 0 0 0
volume_proxy 352 1.30031126 0.842341124 0.00279703632 0 0 0
volume_proxy 353 -0.236047789 0.746900219 0.00298886649 0 0 0
volume_proxy 355 1.01304118 0.211525681 -0.00984346967 0 0 0
volume_proxy 356 0.613488009 0.365741392 -0.00271170039 0 0 0
volume_proxy 357 -1.13011749 -0.943501034 -0.00286748793 0 0 0
volume_proxy 358 1.49178673 0.636444556 -0.000694680296 0 0 0
volume_proxy 359 0.33106894 0.131509302 0.00936717363 0 0 0
volume_proxy 360 1.14208071 -0.271768126 -0.00579242282 0 0 0
volume_proxy 361 0.217936741 -0.340978992 -0.00176264801 0 0 0
volume_proxy 363 1.47761238 0.692698291 0.00116082328 0 0 0
volume_proxy 364 1.28830781 -0.960086084 -0.00277512426 0 0 0
volume_proxy 365 -0.637126331 0.501966632 -0.00106449264 0 0 0
volume_proxy 366 1.40499988 -0.310254867 -0.00688439329 0 0 0
volume_proxy 367 -1.45373252 0.737963484 0.00622700052 0 0 0
volume_proxy 368 0.915408641 0.195140634 -0.00833428028 0 0 0
volume_proxy 369 -0.0395928287 -0.0435590355 -0.0101196315 0 0 0
volume_proxy 370 1.3244869 0.211830666 -0.00870002778 0 0 0
volume_proxy 371 -1.05710506 0.762071785 -0.000473531152 0 0 0
volume_proxy 372 -0.112562682 0.290364676 0.00343481311 0 0 0
volume_proxy 373 1.16221473 0.169956501 0.0083479939 0 0 0
volume_proxy 374 0.971591634 -0.977124509 0.00667539372 0 0 0
volume_proxy 375 1.17491423 0.712800347 -0.00425754249 0 0 0
volume_proxy 376 0.351418202 -0.095404797 0.00195758326 0 0 0
volume_proxy 377 0.60957625 -0.336982448 -0.00836956831 0 0 0
volume_proxy 379 -1.3413408 0.232847658 0.00164516633 0 0 0
volume_proxy 380 -0.534279861 -0.615000573 -0.00330310957 0 0 0
volume_proxy 382 -0.364517388 -0.822573659 0.00451158069 0 0 0
volume_proxy 383 -0.121699453 -0.783769985 -0.00157644596 0 0 0
volume_proxy 384 0.0668508098 0.500866969 0.000649589502 0 0 0
volume_proxy 385 0.799725364 -0.428603243 -0.00289646089 0 0 0
volume_proxy 386 0.717460624 0.679467086 -0.00170436143 0 0 0
volume_proxy 387 -0.409201418 0.275696269 0.0078860446 0 0 0
volume_proxy 388 -1.1285184 0.094729918 -0.00461683325 0 0 0
volume_proxy 389 0.074676332 0.396548456 0.00904518414 0 0 0
volume_proxy 390 -1.22972185 -0.447333286 -0.00503676657 0 0 0
volume_proxy 391 -1.35169654 0.497329489 -0.00299421128 0 0 0
volume_proxy 392 -0.32537115 0.795503553 -0.00636653203 0 0 0
volume_proxy 393 1.43598572 -0.204796931 0.0101487581 0 0 0
volume_proxy 394 -0.453259323 0.85570196 -0.00259894337 0 0 0
volume_proxy 395 -0.337120176 -0.870788514 0.0046600404 0 0 0
volume_proxy 396 -0.782637603 0.641048928 -0.00286321115 0 0 0
volume_proxy 397 0.855474975 0.269474704 -0.00555905871 0 0 0
volume_proxy 398 -1.46347225 0.0340494272 -0.00735933069 0 0 0
volume_proxy 399 0.592969595 -0.892661054 -0.00181381966 0 0 0
volume_proxy 400 -0.53998075 -0.596451368 0.00514069399 0 0 0
volume_proxy 401 0.345772878 0.0244305469 -0.00163042157 0 0 0
volume_proxy 402 -0.775411379 -0.523159324 0.00213729047 0 0 0
volume_proxy 404 -0.0163939122 -0.834929159 0.00185292278 0 0 0
volume_proxy 405 0.978162676 -0.234977685 0.00647362285 0 0 0
volume_proxy 406 1.17751893 -0.14538872 -0.00104091639 0 0 0
volume_proxy 407 0.936665083 -0.68415985 -0.00550251498 0 0 0
volume_proxy 408 0.404988628 -0.783727825 4.1160326e-05 0 0 0
volume_proxy 409 0.0887841671 -0.577661411 0.0106471678 0 0 0
volume_proxy 410 1.14056876 0.929821872 0.0105639322 0 0 0
volume_proxy 411 -0.237218775 0.224327422 0.00238917326 0 0 0
volume_proxy 412 1.17057118 0.0564919974 -0.0063852791 0 0 0
volume_proxy 413 0.269355613 0.354884351 -0.00487983802 0 0 0
volume_proxy 414 1.31682395 0.50723818 -0.00854603364 0 0 0
volume_proxy 415 -1.02049844 -0.710242936 0.00457877503 0 0 0
volume_proxy 416 -0.595400162 0.129103343 0.000853470779 0 0 0
volume_proxy 417 -1.22117396 0.739262874 2.33141284e-05 0 0 0
volume_proxy 418 0.00551899067 -0.257289494 -0.000476818158 0 0 0
volume_proxy 419 -1.49961184 -0.382374274 0.0102319845 0 0 0
volume_proxy 420 1.18105134 -0.736836705 0.0101054354 0 0 0
volume_proxy 421 -0.42547993 -0.642584161 0.00811766998 0 0 0
volume_proxy 422 -0.372596785 0.543336465 -0.00997610889 0 0 0
volume_proxy 424 1.09192225 0.920001762 -0.0103403291 0 0 0
volume_proxy 425 0.489029709 -0.396228054 -0.00809671264 0 0 0
volume_proxy 426 -0.537650665 0.801019567 -0.000110747512 0 0 0
volume_proxy 427 1.46847831 0.148710391 0.00610578212 0 0 0
volume_proxy 429 -0.693502757 0.0481138673 -0.00799188594 0 0 0
volume_proxy 430 0.671474933 0.543384465 0.00873731429 0 0 0
volume_proxy 431 -1.35412418 -0.97129816 0.000644150487 0 0 0
volume_proxy 432 -0.913769436 0.378075219 0.00123484368 0 0 0
volume_proxy 433 -1.37387397 0.92678013 -0.00987099505 0 0 0
volume_proxy 434 -0.622437484 -0.830398039 -0.004858271 0 0 0
volume_proxy 435 -1.34352015 -0.958624084 0.00154317228 0 0 0
volume_proxy 436 0.604541569 -0.21188259 -0.00438466107 0 0 0
volume_proxy 437 -0.0612664395 -0.00400677517 0.00867292674 0 0 0
volume_proxy 438 -0.129288056 0.034142421 0.00519054301 0 0 0
volume_proxy 439 -0.597487201 0.259947268 0.0107467099 0 0 0
volume_proxy 440 0.315739368 -0.874944528 0.00913474095 0 0 0
volume_proxy 442 -0.908829518 -0.781377647 -0.00712050615 0 0 0
volume_proxy 443 1.13334014 -0.572609983 -0.00803131847 0 0 0
volume_proxy 444 0.728331079 -0.941551451 -0.00270231396 0 0 0
volume_proxy 445 -1.35731777 -0.638387205 0.00545952679 0 0 0
volume_proxy 448 -0.523319747 0.309361621 0.00154840645 0 0 0
volume_proxy 450 1.2264217 0.639373963 0.00113777439 0 0 0
volume_proxy 451 0.32868222 -0.282052307 0.00294411226 0 0 0
volume_proxy 452 -0.216421015 0.824769543 0.00146440195 0 0 0
volume_proxy 453 -1.45977486 0.614122253 0.00850361494 0 0 0
volume_proxy 455 1.32822606 0.390787245 -0.00952069535 0 0 0
volume_proxy 456 0.299997347 -0.793660312 0.000756820026 0 0 0
volume_proxy 457 -1.49756487 0.50509014 -0.00661227612 0 0 0
volume_proxy 459 -0.930688937 0.51948872 0.0103674824 0 0 0
volume_proxy 460 -0.00236464556 -0.122432694 -0.00565942423 0 0 0
volume_proxy 461 1.23556697 0.258343778 -0.0018807705 0 0 0
volume_proxy 462 -0.66283012 -0.604212341 0.00784292438 0 0 0
volume_proxy 463 0.749273899 -0.750346374 -0.0101704863 0 0 0
volume_proxy 465 -0.260440621 0.826206037 -0.00887579655 0 0 0
volume_proxy 468 0.748169411 0.343509122 0.00473186853 0 0 0
volume_proxy 469 1.39104421 -0.643580255 -0.00151236854 0 0 0
volume_proxy 470 1.25247643 0.915160478 0.000356204922 0 0 0
volume_proxy 471 0.372283093 -0.738663676 0.00467283331 0 0 0
volume_proxy 472 0.82116405 0.570867523 0.00216749989 0 0 0
volume_proxy 474 -0.152206778 -0.952922756 0.00660529671 0 0 0
volume_proxy 475 -0.551649099 0.332030331 0.00744971328 0 0 0
volume_proxy 476 1.4196206 0.627991106 0.0084527609 0 0 0
volume_proxy 479 0.665044777 0.788353934 -0.00777481062 0 0 0
volume_proxy 480 0.510959802 0.38187362 0.00782765944 0 0 0
volume_proxy 481 -0.0706610657 -0.445710982 0.00564594314 0 0 0
volume_proxy 482 -0.360037821 -0.141887564 -0.00653812254 0 0 0
volume_proxy 484 0.319270674 -0.668914326 -0.00711729909 0 0 0
volume_proxy 485 -0.540581264 -0.741802377 -0.00701017556 0 0 0
volume_proxy 486 -0.893673313 -0.257321863 -0.00599292896 0 0 0
volume_proxy 487 -0.241631322 0.634085088 -4.72907106e-05 0 0 0
volume_proxy 488 -0.710437149 -0.870310813 -0.00892166931 0 0 0
volume_proxy 489 -0.984532781 -0.581508189 0.00886588751 0 0 0
volume_proxy 490 -0.108267489 0.856144075 -0.00280085039 0 0 0
volume_proxy 492 1.43838269 -0.82151456 -0.00349599467 0 0 0
volume_proxy 493 -1.32273439 -0.453417152 0.0104258734 0 0 0
volume_proxy 494 -0.369475559 0.765632555 -0.000780310636 0 0 0
volume_proxy 495 -0.747758297 -0.264495451 -0.0100031579 0 0 0
volume_proxy 496 1.03066039 0.729833512 0.00568955608 0 0 0
volume_proxy 497 -1.42161119 -0.787280625 0.00908379903 0 0 0
volume_proxy 499 1.35572438 -0.803002496 -0.00685484466 0 0 0
volume_proxy 500 -1.0145995 -0.378564974 0.0068483455 0 0 0
volume_proxy 501 -1.47071114 0.761561801 0.00296567642 0 0 0
volume_proxy 502 0.880523527 -0.390526079 -0.00680814425 0 0 0
volume_proxy 503 -0.407898772 0.384261096 0.00171949008 0 0 0
volume_proxy 504 1.32833443 0.260124256 0.00353792278 0 0 0
volume_proxy 505 0.536977095 -0.939804364 -0.00932298305 0 0 0
volume_proxy 506 0.853689973 -0.302337432 0.0033279367 0 0 0
volume_proxy 508 0.992878142 0.887759439 -0.000637065872 0 0 0
volume_proxy 510 -0.252903115 -0.267216431 -0.00274186472 0 0 0
volume_proxy 512 0.319430741 -0.510874517 0.00831412553 0 0 0
volume_proxy 513 0.370952711 -0.391981825 0.000464766404 0 0 0
volume_proxy 518 1.26608051 -0.636346357 0.00352174585 0 0 0
volume_proxy 519 -0.904221025 0.921525811 -0.00922657703 0 0 0
volume_proxy 520 0.615805633 0.631072126 0.00445100843 0 0 0
volume_proxy 521 0.463605 0.794300213 -0.00295589925 0 0 0
volume_proxy 522 1.1494523 -0.722570503 -0.00347272833 0 0 0
volume_proxy 523 -0.10757083 0.0447198488 -0.00798219011 0 0 0
volume_proxy 525 -0.142018943 0.440932709 -0.00492850911 0 0 0
volume_proxy 526 0.870658575 0.492888313 -0.00750503876 0 0 0
volume_proxy 527 -0.493853255 -0.231083335 0.00487415657 0 0 0
volume_proxy 529 0.698045055 -0.804299951 0.00332367423 0 0 0
volume_proxy 530 0.284871462 0.364632373 0.00899960058 0 0 0
volume_proxy 531 0.215206357 0.33995269 -0.0104816578 0 0 0
volume_proxy 532 -0.935644264 0.568231108 0.000996050983 0 0 0
volume_proxy 533 -1.07637022 -0.328987157 0.00850990677 0 0 0
volume_proxy 534 -0.646824704 -0.819452709 0.00145343457 0 0 0
volume_proxy 535 0.950529634 0.10615361 -0.00554587277 0 0 0
volume_proxy 536 -0.965138442 -0.942121134 -0.0013687459 0 0 0
volume_proxy 537 -1.11873541 0.0322033777 0.00639446456 0 0 0
volume_proxy 539 -0.179266472 -0.254647075 0.0096887227 0 0 0
volume_proxy 540 0.251955849 -0.795713988 -0.0106658209 0 0 0
volume_proxy 541 1.3248144 -0.486555046 -0.00544927888 0 0 0
volume_proxy 542 0.885305846 0.44167338 -0.00235994038 0 0 0
volume_proxy 544 0.577980341 0.673728889 -0.000849115339 0 0 0
volume_proxy 545 -1.24743969 0.588580829 -0.00470082032 0 0 0
volume_proxy 546 -1.12144552 -0.787208018 -0.00905444749 0 0 0
volume_proxy 547 1.10723457 0.728076268 -0.00367312629 0 0 0
volume_proxy 548 0.931654051 -0.76418922 -0.00362688957 0 0 0
volume_proxy 549 0.334772629 -0.832205702 0.00438034321 0 0 0
volume_proxy 550 0.0735018938 0.159836743 0.00570596433 0 0 0
volume_proxy 552 -0.420817932 -0.607863642 -0.00100312995 0 0 0
volume_proxy 553 0.996491467 -0.324067501 0.00446292799 0 0 0
volume_proxy 554 0.221416357 -0.387698382 0.000192549198 0 0 0
volume_proxy 555 1.33352783 0.239952763 0.00617558781 0 0 0
volume_proxy 557 -0.343236741 -0.436945649 0.00114419459 0 0 0
volume_proxy 558 0.489685432 -0.965516543 0.00374145281 0 0 0
volume_proxy 559 1.33624248 0.579494357 0.00276231002 0 0 0
volume_proxy 561 1.13204262 0.839265824 0.00540726414 0 0 0
volume_proxy 562 -0.805373183 0.613529359 0.00925611368 0 0 0
volume_proxy 563 -0.935691284 0.921482067 -0.00529110356 0 0 0
volume_proxy 564 -1.22122163 0.72178883 -0.000986345988 0 0 0
volume_proxy 565 -0.531379668 0.155913091 0.00158887025 0 0 0
volume_proxy 567 -1.06293528 0.1054922 0.00456232726 0 0 0
volume_proxy 568 -0.224148965 0.329459129 -0.00391732176 0 0 0
volume_proxy 569 -1.25451286 0.742674647 0.00511828724 0 0 0
volume_proxy 571 1.15820461 0.982464077 0.00514090543 0 0 0
volume_proxy 572 0.257537694 -0.633559426 0.0048294477 0 0 0
volume_proxy 574 -0.0732070424 -0.621632123 0.00072781263 0 0 0
volume_proxy 575 -1.42505735 0.682422953 0.00191926968 0 0 0
volume_proxy 576 -0.269999243 0.779449483 0.00389215539 0 0 0
volume_proxy 577 -1.09570974 0.486795652 0.00524335173 0 0 0
volume_proxy 578 -0.739556771 0.55396691 -0.00976524453 0 0 0
volume_proxy 579 -1.04323986 0.763946627 -0.00677281751 0 0 0
volume_proxy 581 0.578540397 0.9678112 -0.0069588454 0 0 0
volume_proxy 582 1.15546369 -0.477508171 0.00796778724 0 0 0
volume_proxy 583 0.237412103 -0.89311953 -0.00464879791 0 0 0
volume_proxy 584 -0.960238895 0.31760955 -0.010186386 0 0 0
volume_proxy 585 0.288707828 -0.608889262 0.000841671302 0 0 0
volume_proxy 586 0.937462139 0.626059651 -0.00454850393 0 0 0
volume_proxy 587 1.48051357 -0.0563298068 0.00584359786 0 0 0
volume_proxy 588 -1.36454626 0.921631956 -0.000948586991 0 0 0
volume_proxy 590 1.42247173 0.171821648 -0.00423022818 0 0 0
volume_proxy 591 -0.343297745 -0.609872922 -0.0078846485 0 0 0
volume_proxy 592 0.75670613 -0.84790211 -0.00130794895 0 0 0
volume_proxy 593 1.28396297 -0.44241098 0.0107508058 0 0 0
volume_proxy 594 -0.804212071 -0.216560902 -0.0060743901 0 0 0
volume_proxy 595 1.07335223 0.990466401 0.00431892179 0 0 0
volume_proxy 596 -1.22919428 0.102701727 0.00945466205 0 0 0
volume_proxy 599 1.26932656 -0.772725836 -0.00697636385 0 0 0
volume_proxy 600 0.91186261 0.85487844 -0.00852425396 0 0 0
volume_proxy 602 -0.23932087 -0.684761418 0.00255481107 0 0 0
volume_proxy 603 -0.100536443 -0.362876269 0.00809879425 0 0 0
volume_proxy 604 -0.609596583 0.614617956 0.00833157687 0 0 0
volume_proxy 605 0.871555649 0.520057891 0.00634988113 0 0 0
volume_proxy 606 -0.522897393 0.486711545 0.00357958506 0 0 0
volume_proxy 607 1.0309868 -0.232383042 -0.00336033429 0 0 0
volume_proxy 608 -0.143522461 -0.946405405 0.0043814397 0 0 0
volume_proxy 610 -1.32318277 -0.0943160102 -0.00521110215 0 0 0
volume_proxy 611 -0.0838601013 0.523820078 -0.00853244967 0 0 0
volume_proxy 612 -0.28549809 -0.133686508 0.00638880246 0 0 0
volume_proxy 613 -1.04669952 -0.916274144 -0.00123038229 0 0 0
volume_proxy 614 -0.790452806 -0.167359535 0.00427223791 0 0 0
volume_proxy 615 1.13719664 -0.95798833 0.00362917858 0 0 0
volume_proxy 616 1.3934035 -0.186995452 -0.00710149682 0 0 0
volume_proxy 617 -0.86823666 -0.918866671 -0.0106761117 0 0 0
volume_proxy 620 -0.36555722 -0.293914036 0.0014653238 0 0 0
volume_proxy 621 0.259922797 -0.591454127 -0.00421039246 0 0 0
volume_proxy 623 -1.07791669 0.200620467 -0.00493474169 0 0 0
volume_proxy 624 0.569785603 0.719645319 0.00827303017 0 0 0
volume_proxy 625 -1.32849184 -0.149201404 0.0074176154 0 0 0
volume_proxy 626 0.521562049 0.424938014 0.000932500196 0 0 0
volume_proxy 627 0.530827695 -0.487492037 0.00346864929 0 0 0
volume_proxy 628 0.111651125 -0.248386843 0.00787524333 0 0 0
volume_proxy 629 -1.37597009 0.714739016 -0.00504364078 0 0 0
volume_proxy 630 -0.971751155 -0.752105736 0.000378908095 0 0 0
volume_proxy 631 -1.41156389 -0.277735465 0.00196345064 0 0 0
volume_proxy 632 -0.000936935267 0.234475644 -0.00248673481 0 0 0
volume_proxy 633 0.0710831674 -0.122834239 -0.00868509869 0 0 0
volume_proxy 634 -1.02581531 -0.116813358 -0.00961813926 0 0 0
volume_proxy 635 0.56463651 -0.278698576 0.00572064714 0 0 0
volume_proxy 636 1.46469057 -0.403836602 -0.00473097122 0 0 0
volume_proxy 637 -1.11578434 -0.861517454 -0.00907602141 0 0 0
volume_proxy 638 -0.904579128 0.654424684 -0.0101562493 0 0 0
volume_proxy 639 -0.728941269 0.081861654 0.00940976568 0 0 0
volume_proxy 640 -0.931592169 -0.547312575 0.0104606555 0 0 0
volume_proxy 641 -0.585549941 -0.593864345 -0.00952531132 0 0 0
volume_proxy 642 0.941218053 -0.373459724 0.00463743767 0 0 0
volume_proxy 644 -0.445628648 0.707377189 -0.00550614283 0 0 0
volume_proxy 645 -0.394583726 0.532875655 -0.0097697951 0 0 0
volume_proxy 646 1.19351105 -0.75999806 0.00596975813 0 0 0
volume_proxy 647 -0.322497676 0.347121774 -0.00512733336 0 0 0
volume_proxy 649 -0.700484997 -0.872975055 0.00723697563 0 0 0
volume_proxy 650 0.813686517 -0.201137055 -0.00106897719 0 0 0
volume_proxy 652 0.321297032 -0.00256343365 0.00108005912 0 0 0
volume_proxy 654 1.14470961 -0.652956093 0.00968375829 0 0 0
volume_proxy 655 -0.772316825 0.232155612 0.00529550282 0 0 0
volume_proxy 656 0.320201089 -0.386144915 -0.00441414756 0 0 0
volume_proxy 657 -0.578843216 0.0917481087 0.00736140374 0 0 0
volume_proxy 658 -1.41041895 0.967784844 -0.000660056931 0 0 0
volume_proxy 659 -0.784471308 -0.718418129 0.00754882184 0 0 0
volume_proxy 660 1.24807289 0.928970859 -0.00759699584 0 0 0
volume_proxy 663 0.476936579 -0.374111669 0.00228950612 0 0 0
volume_proxy 664 1.18949439 -0.724349637 0.00836477136 0 0 0
volume_proxy 665 -0.999059197 -0.732619096 -0.00623583423 0 0 0
volume_proxy 666 -0.222505348 0.0758059137 0.00611869617 0 0 0
volume_proxy 668 -0.801879297 0.993093673 -0.0107196594 0 0 0
volume_proxy 669 1.11412447 -0.232205036 0.00613151519 0 0 0
volume_proxy 673 -0.763892344 0.400822001 -0.00280334438 0 0 0
volume_proxy 674 -1.24911137 -0.843047654 -0.00677231842 0 0 0
volume_proxy 675 -0.989351878 0.401472494 0.00864539343 0 0 0
volume_proxy 676 0.860706787 0.66331813 0.00389225441 0 0 0
volume_proxy 677 -0.00936017633 0.832304532 0.0081958298 0 0 0
volume_proxy 678 -0.919335469 -0.0486217285 0.00639387613 0 0 0
volume_proxy 680 1.29955808 0.0430673733 0.00951043544 0 0 0
volume_proxy 682 -0.138668647 0.978624897 -0.00576121621 0 0 0
volume_proxy 683 0.197421305 0.541789312 0.00365284131 0 0 0
volume_proxy 684 -0.792962818 0.704974137 0.00531585611 0 0 0
volume_proxy 685 0.0696415076 -0.623705699 -0.0070787533 0 0 0
volume_proxy 686 0.169443053 -0.398395976 0.00843384152 0 0 0
volume_proxy 687 1.00404681 0.856836314 -0.00591712005 0 0 0
volume_proxy 688 -0.562795906 0.416348361 -0.00527414752 0 0 0
volume_proxy 689 0.15709945 0.962466175 0.00281829677 0 0 0
volume_proxy 690 -0.663399522 0.971400251 -0.0010081735 0 0 0
volume_proxy 691 1.12590141 0.0849697414 0.00950887401 0 0 0
volume_proxy 692 -1.44954628 -0.684292993 -0.00464673845 0 0 0
volume_proxy 693 0.167966029 0.147959167 0.00741666804 0 0 0
volume_proxy 694 -0.619297487 -0.200840973 -0.00645031724 0 0 0
volume_proxy 695 1.1594835 -0.633358588 -0.00407877873 0 0 0
volume_proxy 696 0.7687347 -0.486468147 -0.00350820373 0 0 0
volume_proxy 698 -0.239936008 0.709466393 0.0070832718 0 0 0
volume_proxy 699 0.232185214 0.743782427 0.00534671839 0 0 0
volume_proxy 700 0.714560981 -0.135618843 0.0099600633 0 0 0
volume_proxy 701 -0.969971442 0.979902387 0.00924179112 0 0 0
volume_proxy 702 0.159441638 0.215426176 -0.000652971108 0 0 0
volume_proxy 703 -1.30433611 -0.796427499 -0.0026773615 0 0 0
volume_proxy 704 1.11495242 -0.00444980289 -0.00259337573 0 0 0
volume_proxy 706 -0.915998529 0.222682144 0.00887696135 0 0 0
volume_proxy 707 -0.785728761 0.480892976 0.00407618873 0 0 0
volume_proxy 708 -1.45850279 0.424092593 0.00616640813 0 0 0
volume_proxy 710 0.106681751 0.627428461 0.00867325982 0 0 0
volume_proxy 711 0.129925672 0.364723393 0.00528708099 0 0 0
volume_proxy 712 0.207549379 -0.692636865 -0.00283883318 0 0 0
volume_proxy 716 0.00150747173 0.950749015 -0.00150532976 0 0 0
volume_proxy 717 0.731065928 -0.283637765 0.00148521169 0 0 0
volume_proxy 719 -1.34540357 0.204675245 0.00422696609 0 0 0
volume_proxy 720 1.48580655 0.859360156 0.00117539119 0 0 0
volume_proxy 721 -1.05054979 -0.52844056 -0.000795133384 0 0 0
volume_proxy 722 0.433875872 0.97228169 0.00435923095 0 0 0
volume_proxy 725 -0.819316418 -0.705050228 0.00714666245 0 0 0
volume_proxy 726 -0.345159331 0.0486928482 0.00195131922 0 0 0
volume_proxy 727 -0.809320286 -0.768712229 0.00142021348 0 0 0
volume_proxy 728 -0.334639171 -0.98662529 -0.000440512838 0 0 0
volume_proxy 729 1.48815515 0.185737795 0.00682591204 0 0 0
volume_proxy 730 -1.210095 -0.898277859 -0.0105316255 0 0 0
volume_proxy 731 -0.975816839 -0.841704708 -0.00792714119 0 0 0
volume_proxy 732 1.38757154 -0.70944791 0.00306437089 0 0 0
volume_proxy 733 1.2728053 -0.766694593 -0.00780450777 0 0 0
volume_proxy 734 1.29138432 0.773312896 0.0107962129 0 0 0
volume_proxy 735 -0.443929581 0.0106400784 -0.00474065563 0 0 0
volume_proxy 736 -1.30784021 0.182260107 0.00420580987 0 0 0
volume_proxy 737 0.0956100964 -0.70349098 0.00929327919 0 0 0
volume_proxy 738 -0.116261175 -0.918111129 -0.000567236537 0 0 0
volume_proxy 739 -1.31163057 0.284772665 0.010458961 0 0 0
volume_proxy 740 -2.50909392e-05 0.254574227 -0.00236444637 0 0 0
volume_proxy 741 0.792936359 0.690453236 -0.00351071598 0 0 0
volume_proxy 742 0.656114233 0.552674253 0.00110887365 0 0 0
volume_proxy 743 0.0638250079 0.29696298 -0.00129402298 0 0 0
volume_proxy 745 -0.925934222 0.569468 -0.0061217596 0 0 0
volume_proxy 746 0.663421952 0.924789928 -0.00492614529 0 0 0
volume_proxy 747 1.40474258 -0.404159656 -0.00961768253 0 0 0
volume_proxy 748 1.05955053 -0.680544489 0.000864686245 0 0 0
volume_proxy 749 1.15123022 -0.320577693 0.00982719367 0 0 0
volume_proxy 750 -0.873097733 0.514313799 0.0104488195 0 0 0
volume_proxy 751 0.133641418 -0.936415384 -0.00305068789 0 0 0
volume_proxy 752 -0.350619399 -0.420888284 0.00023653942 0 0 0
volume_proxy 753 0.0410135926 0.225598948 -0.00896431848 0 0 0
volume_proxy 754 -0.619572979 0.0850287218 -0.00436498803 0 0 0
volume_proxy 755 1.23124867 0.00559995611 -0.00820897195 0 0 0
volume_proxy 756 0.263771142 -0.486149727 0.00602974381 0 0 0
volume_proxy 757 -0.18061067 0.256816454 -0.00611926491 0 0 0
volume_proxy 758 0.94405935 0.767603807 0.000564468904 0 0 0
volume_proxy 759 0.677538049 -0.851760276 0.00677380279 0 0 0
volume_proxy 760 0.618856788 0.490368988 -0.0102329269 0 0 0
volume_proxy 761 -0.255027585 0.0731888125 0.00381174333 0 0 0
