volume_proxy 0 0.506017639 -0.135069751 -0.000394150953 0 0 0
volume_proxy 5 0.750138852 -0.438268298 -0.00411372751 0 0 0
volume_proxy 6 -0.0104613194 -0.297840232 0.00536162005 0 0 0
volume_proxy 11 0.783692379 0.162546715 -0.00555682093 0 0 0
volume_proxy 12 0.085575332 -0.819962877 0.000783545386 0 0 0
volume_proxy 14 -0.509474764 0.20866856 -0.00674533756 0 0 0
volume_proxy 23 1.0534972 -0.813347253 0.00622012793 0 0 0
volume_proxy 38 0.387068056 0.922680272 -0.0010797377 0 0 0
volume_proxy 40 -0.0384136875 -0.241826175 0.00601592417 0 0 0
volume_proxy 50 -0.463967207 -0.71005674 -0.00959822279 0 0 0
volume_proxy 53 -0.685515786 0.847609968 -0.00893638241 0 0 0
volume_proxy 58 1.48959979 -0.434724468 0.00741528555 0 0 0
volume_proxy 60 0.936469563 0.171847349 -0.00747513991 0 0 0
volume_proxy 72 0.134234126 0.086707312 0.00966754063 0 0 0
volume_proxy 85 -1.42808143 0.333223222 -0.000641730731 0 0 0
volume_proxy 97 1.15274974 0.441713873 -0.00707572045 0 0 0
volume_proxy 107 1.06374414 0.935822194 -0.00636017128 0 0 0
volume_proxy 127 -1.23138371 0.472765217 0.00941328872 0 0 0
volume_proxy 130 1.10422063 0.104709708 0.0104821011 0 0 0
volume_proxy 140 -0.204260876 0.97758817 -0.0028211291 0 0 0
volume_proxy 157 1.35306371 0.137728434 0.00285792408 0 0 0
volume_proxy 159 -0.076471362 0.683026388 -0.00492882876 0 0 0
volume_proxy 161 0.857718192 0.0211603914 0.00144539369 0 0 0
volume_proxy 176 0.0195915009 -0.144072535 -0.00958947169 0 0 0
volume_proxy 186 -0.887527957 0.743706698 -0.00378148823 0 0 0
volume_proxy 189 -1.4292008 0.587820011 -0.0105559006 0 0 0
volume_proxy 195 -0.40393746 -0.491203058 -0.00419816524 0 0 0
volume_proxy 196 0.454958743 -0.373194817 0.00487524 0 0 0
volume_proxy 200 -0.361956865 -0.951876049 -0.0080399919 0 0 0
volume_proxy 202 -1.20831872 0.739957715 -0.0004392043 0 0 0
volume_proxy 209 -1.14227347 0.123169145 0.00470493322 0 0 0
volume_proxy 210 -0.734253635 0.614842482 0.00183183589 0 0 0
volume_proxy 226 0.373956126 -0.61499878 -0.00673631836 0 0 0
volume_proxy 236 1.11321731 0.572846714 0.00216054733 0 0 0
volume_proxy 247 1.12999661 0.805344753 0.00732134436 0 0 0
volume_proxy 256 -0.203882364 0.679688388 -0.00733263279 0 0 0
volume_proxy 259 0.390163762 0.256824863 0.00868929704 0 0 0
volume_proxy 269 0.236845425 -0.713754315 -0.00559048654 0 0 0
volume_proxy 277 -1.16280378 -0.0426169247 -0.00908065613 0 0 0
volume_proxy 296 0.254177245 -0.711600417 0.000214316057 0 0 0
volume_proxy 305 0.254284219 -0.0527572813 -0.00377536477 0 0 0
volume_proxy 310 1.47882238 -0.663931583 -0.00666488702 0 0 0
volume_proxy 329 -1.48315634 -0.206718037 -0.00135832084 0 0 0
volume_proxy 337 -0.776267678 0.67613338 -0.0100388328 0 0 0
volume_proxy 344 -1.36521468 0.697945355 0.00931151931 0 0 0
volume_proxy 347 -0.391399635 0.224814322 0.000641895095 0 0 0
volume_proxy 349 -0.960262159 -0.182021773 0.00597796056 0 0 0
volume_proxy 356 -0.191204344 0.516956325 0.0107021983 0 0 0
volume_proxy 375 0.080496997 -0.877220094 -0.00428580406 0 0 0
volume_proxy 388 -0.359081724 0.391198613 -0.00483671051 0 0 0
volume_proxy 431 -1.48426561 0.0386234179 -0.00982279364 0 0 0
volume_proxy 802 1.29672633 0.630927669 -0.000866183501 0 0 0
volume_proxy 876 0.260710946 -0.464142943 0.00232421064 0 0 0
volume_proxy 1052 0.0343610174 -0.387347293 0.00708227391 0 0 0
volume_proxy 1066 0.529592889 0.980939859 0.00748633901 0 0 0
volume_proxy 1120 -0.471302586 0.340794311 0.00335509252 0 0 0
volume_proxy 1166 -0.549107493 0.933195136 0.00238614231 0 0 0
volume_proxy 1169 1.26220687 -0.758490997 -0.010253061 0 0 0
volume_proxy 1172 -0.0241323598 0.306353345 0.00129810499 0 0 0
volume_proxy 1186 -0.741439245 -0.533714305 -0.00903732567 0 0 0
volume_proxy 1193 -0.786087544 0.117174549 0.00697541929 0 0 0
volume_proxy 1225 0.0290979505 -0.19515624 -0.000170247182 0 0 0
volume_proxy 1245 -1.33901859 0.769224598 -0.00502327633 0 0 0
volume_proxy 1280 -1.17677343 0.624168484 -0.00918006898 0 0 0
volume_proxy 1285 -1.1028673 0.705836116 0.00525369155 0 0 0
volume_proxy 1295 -0.585980599 0.785723518 0.00891858952 0 0 0
volume_proxy 1296 0.226796224 -0.0811415306 -0.0102977918 0 0 0
volume_proxy 1335 0.32987929 -0.86365703 -0.000543046346 0 0 0
volume_proxy 1340 1.11486827 0.143788467 0.00165798284 0 0 0
volume_proxy 1380 -0.329882168 0.0273651537 2.57506105e-05 0 0 0
volume_proxy 1386 -0.045752654 0.901280621 0.00219269959 0 0 0
volume_proxy 1397 1.04051922 0.980091682 0.0043734953 0 0 0
volume_proxy 1403 0.425837969 0.324297537 0.00683997068 0 0 0
volume_proxy 1409 0.841651708 0.962335184 0.00670001752 0 0 0
volume_proxy 1413 0.902079838 0.680734027 0.00911635899 0 0 0
volume_proxy 1420 -1.30721184 0.184499141 0.00429331537 0 0 0
volume_proxy 1421 -1.37725497 -0.147198818 0.00494774855 0 0 0
volume_proxy 1422 0.987767891 -0.964980175 -0.00123343298 0 0 0
volume_proxy 1423 -0.58802691 0.605674218 0.00729367134 0 0 0
volume_proxy 1426 0.860060943 -0.357294123 -0.00289375785 0 0 0
volume_proxy 1429 1.1980748 -0.139513285 0.00751802277 0 0 0
volume_proxy 1433 1.2854837 0.359805114 -0.0102158017 0 0 0
volume_proxy 1434 0.0988914698 -0.558997176 0.0062055958 0 0 0
volume_proxy 1437 0.0731563655 -0.320154567 0.00215729497 0 0 0
volume_proxy 1439 -0.618948025 0.77409489 0.00139581739 0 0 0
volume_proxy 1440 0.681364052 -0.226224283 0.00523960538 0 0 0
volume_proxy 1444 -0.834136393 -0.759077833 -0.00823441618 0 0 0
volume_proxy 1445 -0.00497897775 -0.748814206 -0.00465534939 0 0 0
volume_proxy 1447 1.02742114 -0.35152452 -0.00142602169 0 0 0
volume_proxy 1459 -0.732224119 0.69444943 -0.00232275694 0 0 0
volume_proxy 1460 0.992113828 0.116325682 -0.00552067375 0 0 0
volume_proxy 1461 -1.16347684 0.660086876 -0.0061810306 0 0 0
volume_proxy 1462 -0.942307557 -0.0124303779 -0.00186479013 0 0 0
volume_proxy 1466 -0.580958299 -0.830899997 -0.0106624503 0 0 0
volume_proxy 1470 -1.40930777 -0.767053544 -0.00192268143 0 0 0
volume_proxy 1471 0.294188125 0.74645358 0.0101976592 0 0 0
volume_proxy 1472 -0.947013545 0.631159613 0.00105404664 0 0 0
volume_proxy 1474 0.911417242 -0.419116427 -0.00662144852 0 0 0
volume_proxy 1481 1.23810307 0.611927798 -0.00186094869 0 0 0
volume_proxy 1482 0.450449938 -0.993093675 0.00558397007 0 0 0
volume_proxy 1485 0.184274156 -0.592465819 0.00180495875 0 0 0
volume_proxy 1486 1.22403518 -0.49996871 3.96956028e-05 0 0 0
volume_proxy 1489 -0.435596138 0.628396979 -0.00328806596 0 0 0
volume_proxy 1490 1.155874 0.753747768 -0.00207393147 0 0 0
volume_proxy 1492 0.253036626 0.696470464 -0.00686392971 0 0 0
volume_proxy 1493 0.401081873 0.186527732 0.000855316814 0 0 0
volume_proxy 1494 0.872369114 0.770134624 0.00530716844 0 0 0
volume_proxy 1496 -1.18474557 0.40551321 -0.00252415218 0 0 0
volume_proxy 1497 0.0471445751 0.250789577 0.0035020334 0 0 0
volume_proxy 1498 -1.24165691 0.356242086 0.00305893951 0 0 0
volume_proxy 1501 -0.947960372 -0.641096977 0.0086614397 0 0 0
volume_proxy 1502 -0.883383029 -0.603571852 -0.00629953493 0 0 0
volume_proxy 1503 -0.568842569 0.0839036033 0.00369165614 0 0 0
volume_proxy 1505 0.0669938087 0.856555392 0.00650444807 0 0 0
volume_proxy 1506 0.279917723 0.29381327 0.0067462771 0 0 0
volume_proxy 1507 -1.02511117 -0.451143675 0.00712610001 0 0 0
volume_proxy 1508 -0.340504531 -0.973244652 -0.00921700793 0 0 0
volume_proxy 1509 -1.39556359 0.946227167 -0.000484475859 0 0 0
volume_proxy 1510 0.674967824 -0.72200875 0.00471848889 0 0 0
volume_proxy 1511 1.15238208 0.2589204 -0.00966732273 0 0 0
volume_proxy 1512 -1.07489374 0.321483314 0.0100731667 0 0 0
