volume_proxy 0 1.45752102 -0.424277648 0.00565428789 0 0 0
volume_proxy 5 0.75882062 0.281637006 0.0106512752 0 0 0
volume_proxy 6 0.112818773 -0.125420367 0.00287754286 0 0 0
volume_proxy 11 0.91114971 -0.0902796102 0.00602690166 0 0 0
volume_proxy 12 1.29796481 -0.353757742 -0.00563521218 0 0 0
volume_proxy 14 -0.106711808 -0.0784171473 -0.00945506756 0 0 0
volume_proxy 23 0.675259787 -0.636968927 -0.00112165074 0 0 0
volume_proxy 38 0.527110573 -0.257297034 -0.00188638037 0 0 0
volume_proxy 40 0.179720472 -0.474285311 0.000192952073 0 0 0
volume_proxy 50 -0.242108603 -0.220924744 -0.00651295282 0 0 0
volume_proxy 53 -0.384422021 -0.268210544 0.00518123998 0 0 0
volume_proxy 58 0.850175941 -0.57336182 0.00894093958 0 0 0
volume_proxy 60 0.925856477 0.590604227 0.00344785616 0 0 0
volume_proxy 61 0.323349236 -0.735970997 -0.00904463392 0 0 0
volume_proxy 72 0.396733785 0.131523861 0.00113561667 0 0 0
volume_proxy 85 -1.30056709 -0.252073046 -0.00573845797 0 0 0
volume_proxy 88 -1.01169459 -0.812856954 0.00963898722 0 0 0
volume_proxy 97 1.33491945 0.0112561476 0.00658139634 0 0 0
volume_proxy 101 -0.871983697 0.955813341 -0.00588324882 0 0 0
volume_proxy 105 0.110977504 -0.267049783 0.00896066914 0 0 0
volume_proxy 107 1.38576373 0.211504886 -0.000523425684 0 0 0
volume_proxy 108 1.37801949 0.581418878 -0.000420310827 0 0 0
volume_proxy 127 -0.724496267 0.642316372 0.0079373119 0 0 0
volume_proxy 130 1.43843593 0.521563938 0.00157365907 0 0 0
volume_proxy 140 -0.340435295 0.0299333703 0.00634712152 0 0 0
volume_proxy 157 0.992762699 -0.235737548 0.00796391186 0 0 0
volume_proxy 159 0.391346911 -0.161452561 0.00537473882 0 0 0
volume_proxy 161 0.63706464 0.172810931 -0.00449425962 0 0 0
volume_proxy 176 0.545153962 -0.832433597 -0.00634092842 0 0 0
volume_proxy 186 0.0856071818 0.347658522 0.0105604124 0 0 0
volume_proxy 189 -1.17361453 0.569037626 -0.000554064138 0 0 0
volume_proxy 195 0.130839879 0.181651162 -0.00723832648 0 0 0
volume_proxy 196 0.491844121 0.00787266238 0.00211851537 0 0 0
volume_proxy 200 -0.455220376 -0.940305095 0.00293706906 0 0 0
volume_proxy 202 -1.30001236 0.500054008 -0.00669177255 0 0 0
volume_proxy 209 -0.910750775 0.128489738 0.00850058951 0 0 0
volume_proxy 210 -0.829322691 0.327684154 -0.00784227959 0 0 0
volume_proxy 226 -0.73482914 -0.413248197 -0.00958026446 0 0 0
volume_proxy 236 0.249021542 0.751640746 -0.00415382835 0 0 0
volume_proxy 247 0.415023043 0.19298589 -0.0107816712 0 0 0
volume_proxy 256 -0.44101377 0.206386093 0.000706951947 0 0 0
volume_proxy 259 0.163270197 0.223134211 -0.00340945887 0 0 0
volume_proxy 269 0.370742395 -0.263367951 0.0100565383 0 0 0
volume_proxy 277 -1.24622112 -0.634405121 0.00867589952 0 0 0
volume_proxy 294 0.043026676 0.180344461 -0.00185617102 0 0 0
volume_proxy 296 0.138848078 -0.358467815 0.0080805422 0 0 0
volume_proxy 298 1.22939433 -0.709336796 -0.00572101552 0 0 0
volume_proxy 305 1.01114911 -0.93010666 0.00194962523 0 0 0
volume_proxy 310 0.937687965 0.310814668 0.00183810439 0 0 0
volume_proxy 329 -0.99407958 -0.886825046 -0.00677337698 0 0 0
volume_proxy 337 -0.792985768 0.899901641 -0.00417280642 0 0 0
volume_proxy 344 -0.470325274 0.646891925 -0.0021968809 0 0 0
volume_proxy 347 -0.202085417 -0.849825748 -8.12264407e-06 0 0 0
volume_proxy 349 -0.461760409 0.527993792 -0.0105426656 0 0 0
volume_proxy 356 0.504557129 0.709459773 -0.000831854211 0 0 0
volume_proxy 375 1.30587966 -0.257142072 0.00119651068 0 0 0
volume_proxy 388 -1.37524999 0.932381458 0.0092961626 0 0 0
volume_proxy 431 -1.26723045 -0.705242818 -0.004024541 0 0 0
volume_proxy 802 1.19265004 -0.581971109 -0.00100552963 0 0 0
volume_proxy 876 0.232002613 -0.932075816 0.003119188 0 0 0
volume_proxy 904 -0.118657958 0.264121514 -0.00714656993 0 0 0
volume_proxy 1020 -1.24831599 0.860684068 -0.000691466357 0 0 0
volume_proxy 1052 0.118216255 -0.880011946 0.00337659786 0 0 0
volume_proxy 1066 0.797912154 0.558008564 0.00137715786 0 0 0
volume_proxy 1093 -0.0688658286 0.298846093 -0.00377012183 0 0 0
volume_proxy 1120 -0.528523127 0.928192495 -0.000317630312 0 0 0
volume_proxy 1166 -0.594959606 0.579954759 -0.00781205666 0 0 0
volume_proxy 1169 1.38342139 -0.933431356 -0.00809564291 0 0 0
volume_proxy 1172 -0.113581364 0.732488511 0.0094980182 0 0 0
volume_proxy 1186 -0.56234917 -0.376025549 -0.000229125188 0 0 0
volume_proxy 1193 -0.836120144 -0.184908876 0.0033576216 0 0 0
volume_proxy 1210 -1.43712657 0.740460733 0.00393885778 0 0 0
volume_proxy 1217 -0.41608865 -0.123341881 0.010188566 0 0 0
volume_proxy 1219 -1.11129258 0.817201631 -0.00371089118 0 0 0
volume_proxy 1225 0.0539491276 -0.766529357 0.000126735445 0 0 0
volume_proxy 1230 1.35963263 -0.469716661 0.0107072041 0 0 0
volume_proxy 1245 -1.45073812 0.842818671 -0.000205772514 0 0 0
volume_proxy 1270 0.0455037648 0.120586579 0.00142665848 0 0 0
volume_proxy 1280 -1.22897489 0.762621463 -0.00414391766 0 0 0
volume_proxy 1285 -1.43672632 0.968588122 0.0077197267 0 0 0
volume_proxy 1292 0.700919215 0.180671519 0.010397612 0 0 0
volume_proxy 1295 -1.22766195 0.880373301 0.00217116775 0 0 0
volume_proxy 1296 -0.0738476393 -0.00857245524 0.00980732393 0 0 0
volume_proxy 1297 0.128299085 -0.919693633 -0.00949880631 0 0 0
volume_proxy 1301 -0.994809002 0.971092738 0.00517109039 0 0 0
volume_proxy 1308 -0.463410692 0.989059557 -0.0008119841 0 0 0
volume_proxy 1318 1.27649683 -0.460802681 0.00208327815 0 0 0
volume_proxy 1326 0.436254634 -0.227056862 0.00175854749 0 0 0
volume_proxy 1335 0.216932386 -0.573059101 -0.00688480363 0 0 0
volume_proxy 1340 0.913898867 0.542938603 -0.000518508179 0 0 0
volume_proxy 1348 1.43469914 -0.350799098 -0.00725180439 0 0 0
volume_proxy 1361 1.22396312 0.757159568 0.00316931433 0 0 0
volume_proxy 1366 1.00669179 0.864448323 -0.0102369529 0 0 0
volume_proxy 1380 -0.530426242 0.640538345 -0.00544871076 0 0 0
volume_proxy 1381 0.687347129 0.634125595 -0.00236002579 0 0 0
volume_proxy 1384 0.151034443 0.264027009 -0.00954559525 0 0 0
volume_proxy 1386 0.738360233 0.989454184 0.00738987638 0 0 0
volume_proxy 1388 0.662773284 0.110338484 0.00639490014 0 0 0
volume_proxy 1390 -1.33523305 0.902691515 0.00755945853 0 0 0
volume_proxy 1392 -0.115172324 -0.845238235 -0.00553848262 0 0 0
volume_proxy 1397 0.443397439 0.5149653 -0.000792559977 0 0 0
volume_proxy 1398 -1.44532408 0.627125231 0.00303944593 0 0 0
volume_proxy 1403 0.761859699 0.169887921 0.0043570287 0 0 0
volume_proxy 1405 0.0278846497 0.508685074 0.00493378875 0 0 0
volume_proxy 1408 0.536353976 0.738670943 -0.00302397531 0 0 0
volume_proxy 1409 1.47692 0.342387694 0.00373965284 0 0 0
volume_proxy 1413 0.652677027 0.964683466 -0.00619534403 0 0 0
volume_proxy 1418 -1.34929952 -0.0752790704 -0.0102578592 0 0 0
volume_proxy 1420 -1.27269869 -0.0731408962 0.00736459531 0 0 0
volume_proxy 1421 -1.43193102 -0.160876559 -0.000962355231 0 0 0
volume_proxy 1422 0.955667851 -0.959388669 0.0104081131 0 0 0
volume_proxy 1423 -0.425245157 0.699448789 -0.00301929274 0 0 0
volume_proxy 1425 -0.940842666 -0.831492795 -0.00710972586 0 0 0
volume_proxy 1426 0.785390113 -0.231426461 -0.00450533146 0 0 0
volume_proxy 1428 -0.179379787 0.61751457 0.0060950778 0 0 0
volume_proxy 1429 1.2291469 -0.0278386328 0.00292180043 0 0 0
volume_proxy 1433 1.05353528 0.137745121 0.00317669118 0 0 0
volume_proxy 1434 0.742563987 -0.422337409 0.00333417937 0 0 0
volume_proxy 1436 -0.92929421 -0.899133908 -0.00712867841 0 0 0
volume_proxy 1437 -0.339309377 -0.331368029 0.00892831759 0 0 0
volume_proxy 1439 -0.762452664 0.797794486 -0.00598281837 0 0 0
volume_proxy 1440 0.0970488539 -0.453733044 -0.00454897087 0 0 0
volume_proxy 1444 -0.877912137 -0.658020997 0.00962598243 0 0 0
volume_proxy 1445 0.454530834 -0.794071313 0.0084486583 0 0 0
volume_proxy 1447 1.27018831 -0.607742532 0.0098315372 0 0 0
volume_proxy 1448 0.231201082 -0.38257179 -0.00776993996 0 0 0
volume_proxy 1454 -1.03962687 -0.913984089 0.00917345303 0 0 0
volume_proxy 1459 -1.16084273 0.854820258 0.00277439008 0 0 0
volume_proxy 1460 0.977100643 0.331938066 0.000316711722 0 0 0
volume_proxy 1461 -1.44150658 0.40663457 0.00703283296 0 0 0
volume_proxy 1462 -0.91591878 -0.879531553 -0.0079839531 0 0 0
volume_proxy 1464 -0.881823751 -0.974668031 -0.00324439899 0 0 0
volume_proxy 1465 1.31101238 -0.736485241 0.0104923522 0 0 0
volume_proxy 1466 -1.18906623 -0.680345533 -0.00566578599 0 0 0
volume_proxy 1470 -1.45146527 -0.740239655 0.00051052409 0 0 0
volume_proxy 1471 0.145830868 0.999632047 -0.00767428921 0 0 0
volume_proxy 1472 -0.358002199 0.768776145 0.000253792202 0 0 0
volume_proxy 1473 -0.41720239 0.831230907 -0.00164336782 0 0 0
volume_proxy 1474 0.860719196 -0.707460085 -0.00989117901 0 0 0
volume_proxy 1475 0.885726716 0.176416374 0.00584020991 0 0 0
volume_proxy 1476 0.115685292 -0.911283083 0.00275538824 0 0 0
volume_proxy 1477 -0.119298676 -0.214810911 0.000491791767 0 0 0
volume_proxy 1478 -0.172966027 -0.192625088 -0.00453268125 0 0 0
volume_proxy 1479 0.765793486 0.940889273 -0.00253922194 0 0 0
