volume_proxy 0 -0.922119319 -0.278765276 -0.00713512872 0 0 0
volume_proxy 6 0.051800783 0.307339356 -0.00510333697 0 0 0
volume_proxy 11 1.032541 0.777121259 -0.00184528584 0 0 0
volume_proxy 12 1.34977645 -0.429355896 -0.00140265333 0 0 0
volume_proxy 14 -1.47476781 0.776012206 0.000661452851 0 0 0
volume_proxy 23 1.25235349 0.133277317 -0.00439959439 0 0 0
volume_proxy 38 -0.671599796 -0.939748128 -0.0104166477 0 0 0
volume_proxy 40 -1.24671199 -0.0298426693 -0.0107626507 0 0 0
volume_proxy 50 -0.983415517 -0.876182851 0.00726462489 0 0 0
volume_proxy 53 -1.34401529 0.592643394 -0.0105111734 0 0 0
volume_proxy 58 0.52631056 -0.501329249 -0.00133571964 0 0 0
volume_proxy 60 -0.570783036 0.879002273 0.00353253779 0 0 0
volume_proxy 85 -0.968194168 0.956093022 -0.00114759714 0 0 0
volume_proxy 97 0.313332595 0.975768641 -0.0103600191 0 0 0
volume_proxy 107 0.0184830197 0.359848517 -0.00492616826 0 0 0
volume_proxy 127 -1.31843824 -0.628253428 -0.00322588119 0 0 0
volume_proxy 130 0.187443481 -0.724935429 -0.0106902265 0 0 0
volume_proxy 140 0.658444664 0.236625728 0.00479482601 0 0 0
volume_proxy 157 0.368606696 0.0791458478 0.00486364541 0 0 0
volume_proxy 159 -0.108342021 0.641217307 -0.00935573506 0 0 0
volume_proxy 161 -0.308757034 0.0335011979 0.00864715231 0 0 0
volume_proxy 176 1.11802146 0.412676241 0.00210707434 0 0 0
volume_proxy 186 -1.16407919 0.24479496 0.00990179129 0 0 0
volume_proxy 189 -0.967570257 -0.905913282 0.009379059 0 0 0
volume_proxy 195 -1.38000489 -0.964979359 -0.000208266479 0 0 0
volume_proxy 196 -1.01517175 0.0649947089 0.00755852675 0 0 0
volume_proxy 200 -1.12305855 0.792650027 -0.00477019405 0 0 0
volume_proxy 202 -0.736855014 -0.497122825 0.00707876318 0 0 0
volume_proxy 209 -1.18276792 0.134907656 0.00656483185 0 0 0
volume_proxy 210 0.418767472 0.117109739 0.00101917176 0 0 0
volume_proxy 226 1.17233887 0.225046044 0.00268756926 0 0 0
volume_proxy 236 0.494663597 0.452721951 -0.00462347879 0 0 0
volume_proxy 247 -0.132184763 -0.97801033 -0.00961257972 0 0 0
volume_proxy 256 0.632419217 -0.877198412 -0.010688156 0 0 0
volume_proxy 259 0.830704181 -0.0252929153 -0.00997962577 0 0 0
volume_proxy 269 -1.47357911 0.661989111 -0.00168388171 0 0 0
volume_proxy 277 -0.991850111 0.093527898 0.00719604556 0 0 0
volume_proxy 296 -0.722117856 -0.138363034 -0.0107094761 0 0 0
volume_proxy 305 0.556232188 -0.450785127 -0.00373453136 0 0 0
volume_proxy 310 1.37220811 0.638940139 0.00154556502 0 0 0
volume_proxy 344 -0.346582986 -0.523309814 0.00786088189 0 0 0
volume_proxy 347 -0.628652745 0.852647302 -0.00831287593 0 0 0
volume_proxy 356 -0.730574275 0.301824192 0.00633375717 0 0 0
volume_proxy 375 1.41775534 -0.0915550237 -0.00750221702 0 0 0
volume_proxy 388 1.45915027 -0.412229675 -0.00577886639 0 0 0
volume_proxy 1052 -1.37057918 -0.44837058 0.00590487427 0 0 0
volume_proxy 1066 -0.219457926 0.0199031383 -0.00349769545 0 0 0
volume_proxy 1120 -0.7584853 0.84259799 0.000254822212 0 0 0
volume_proxy 1166 -0.891257321 -0.752879121 0.00445560049 0 0 0
volume_proxy 1193 -0.954136279 -0.156879746 0.00761201067 0 0 0
volume_proxy 1225 -1.27395099 -0.92489635 -0.000835709659 0 0 0
volume_proxy 1245 -1.0793791 0.728134712 -0.00390856134 0 0 0
volume_proxy 1280 -1.37755107 0.902929713 -0.00319918238 0 0 0
volume_proxy 1285 -0.546756221 0.948006067 0.00265509573 0 0 0
volume_proxy 1295 0.634859041 0.488928495 0.00557242881 0 0 0
volume_proxy 1296 -0.525692822 -0.433584916 0.00737317689 0 0 0
volume_proxy 1340 1.3384219 0.012323366 -0.00355475105 0 0 0
volume_proxy 1380 -1.47038596 -0.606977209 0.0073094044 0 0 0
volume_proxy 1386 1.23138789 0.461452213 -0.00267187423 0 0 0
volume_proxy 1397 0.0386969133 0.781811001 -0.00634053464 0 0 0
volume_proxy 1409 0.476181916 0.308561727 -0.00137922276 0 0 0
volume_proxy 1413 0.594693723 0.63035502 0.00971564098 0 0 0
volume_proxy 1422 1.38953731 -0.794024088 -0.00606347826 0 0 0
volume_proxy 1433 1.46056334 0.783578437 0.0103208503 0 0 0
volume_proxy 1437 -0.34626521 -0.991619248 0.00697616586 0 0 0
volume_proxy 1459 -0.863378706 -0.436674287 0.00343107255 0 0 0
volume_proxy 1460 -1.06702704 0.0745641407 -0.00320498663 0 0 0
volume_proxy 1461 -1.16325929 0.276147339 -0.00139345689 0 0 0
volume_proxy 1472 -1.17920567 -0.108500321 0.000182897845 0 0 0
volume_proxy 1474 1.28614696 -0.0326314327 -0.00567853286 0 0 0
volume_proxy 1481 -0.401690482 0.217747614 -0.00175124332 0 0 0
volume_proxy 1482 0.770223656 0.364654237 -0.0086635271 0 0 0
volume_proxy 1485 0.711550651 -0.168638954 0.00451005479 0 0 0
volume_proxy 1489 0.268680454 -0.82756377 0.00520266926 0 0 0
volume_proxy 1490 0.542057061 0.536959932 -0.0107330602 0 0 0
volume_proxy 1496 -1.33068552 0.589902062 0.00726849967 0 0 0
volume_proxy 1498 -0.32584218 -0.29695156 -0.00671716281 0 0 0
volume_proxy 1503 -1.33511623 -0.962495086 0.00226860182 0 0 0
volume_proxy 1506 0.329417911 0.764937975 -0.00172388355 0 0 0
volume_proxy 1507 -0.0756909348 -0.260198789 0.00164116704 0 0 0
volume_proxy 1508 -0.90277324 0.276869631 0.00304509351 0 0 0
volume_proxy 1509 -1.02965989 -0.272640731 -0.00366393221 0 0 0
volume_proxy 1513 -1.27896397 0.132159188 -0.00652671571 0 0 0
volume_proxy 1515 0.18867059 -0.94052924 0.00284009802 0 0 0
volume_proxy 1516 -0.174643108 -0.761084878 0.00048828827 0 0 0
volume_proxy 1517 -1.22296169 -0.575682206 0.00723868844 0 0 0
volume_proxy 1519 0.369341938 0.54560453 -0.00979545502 0 0 0
volume_proxy 1520 0.00348442308 -0.401184028 -0.00655478766 0 0 0
volume_proxy 1521 -0.941082303 -0.46894717 0.00440977598 0 0 0
volume_proxy 1523 -0.0864435314 -0.358839075 0.00144277808 0 0 0
volume_proxy 1525 -0.551526111 0.861320134 0.00658522396 0 0 0
volume_proxy 1526 1.41197235 -0.108633934 0.00555285789 0 0 0
volume_proxy 1528 0.849176857 -0.687368244 -0.00792818085 0 0 0
volume_proxy 1529 -0.792110751 -0.137464675 0.00710661867 0 0 0
volume_proxy 1531 0.399579578 0.859900264 0.00974137931 0 0 0
volume_proxy 1533 0.810096498 0.0159602907 -0.0070046054 0 0 0
volume_proxy 1534 -0.574146755 -0.0260661427 0.00247351641 0 0 0
volume_proxy 1537 -0.992970317 -0.609580217 0.000225376882 0 0 0
volume_proxy 1538 1.18325834 -0.353934767 0.00173503929 0 0 0
volume_proxy 1539 0.205983691 0.709305406 0.00209253565 0 0 0
volume_proxy 1540 1.40378211 0.131347883 -0.00696218757 0 0 0
volume_proxy 1541 -0.443824921 -0.929153629 0.00796844752 0 0 0
