volume_proxy 0 1.18541309 0.051595243 -0.000122579162 0 0 0
volume_proxy 4 1.2886408 0.717444915 -0.00825885523 0 0 0
volume_proxy 5 -0.197962866 0.286715371 -0.00540392953 0 0 0
volume_proxy 6 1.26667466 0.64219183 -0.00879423429 0 0 0
volume_proxy 11 -0.101513639 0.809158493 0.0043314092 0 0 0
volume_proxy 12 0.575808786 -0.0972877217 0.0069242997 0 0 0
volume_proxy 14 0.538387548 0.466640247 -0.00490763291 0 0 0
volume_proxy 15 -0.379505795 -0.664361498 0.00989061492 0 0 0
volume_proxy 23 -0.589363323 -0.0397628145 -0.00128911242 0 0 0
volume_proxy 38 0.325634251 -0.015040268 0.00552351705 0 0 0
volume_proxy 40 0.036662094 -0.559256101 -0.00250613278 0 0 0
volume_proxy 47 1.25852732 -0.324716337 0.0086245239 0 0 0
volume_proxy 49 0.347047268 -0.822789121 0.00781420545 0 0 0
volume_proxy 50 -0.233112036 -0.680866573 0.00303437674 0 0 0
volume_proxy 52 -0.935640466 -0.363019869 -0.00051962726 0 0 0
volume_proxy 53 0.15701939 -0.181268957 -0.00268469518 0 0 0
volume_proxy 57 -1.38039034 0.12621681 0.000627569372 0 0 0
volume_proxy 58 0.700020392 -0.856545135 0.0043690358 0 0 0
volume_proxy 60 -0.316377466 0.794823967 -0.00553131301 0 0 0
volume_proxy 61 -1.39545504 -0.513966348 -0.00884014689 0 0 0
volume_proxy 69 -0.86648064 -0.214306402 0.00399858196 0 0 0
volume_proxy 72 0.485953666 0.0139994131 -0.00722064393 0 0 0
volume_proxy 81 -1.1887256 0.00220741967 -0.00273058033 0 0 0
volume_proxy 85 -0.581421114 0.356296086 0.00999331541 0 0 0
volume_proxy 88 -0.910936511 -0.135616627 0.00477176356 0 0 0
volume_proxy 97 1.19748355 0.0397021084 -0.00638397389 0 0 0
volume_proxy 101 -0.88584131 0.643337132 -0.00596252267 0 0 0
volume_proxy 102 0.312005538 -0.478417266 0.00336865002 0 0 0
volume_proxy 105 -0.407188265 -0.812685376 -0.00903792206 0 0 0
volume_proxy 106 -0.287184458 -0.803331859 0.00118470007 0 0 0
volume_proxy 107 0.390515616 0.61792287 0.0067690695 0 0 0
volume_proxy 108 1.33847417 -0.523327795 0.00908892992 0 0 0
volume_proxy 125 -0.959437122 -0.116574792 -0.00836204576 0 0 0
volume_proxy 126 -0.169078966 -0.438439061 0.00908394953 0 0 0
volume_proxy 127 0.374829429 0.189333435 -0.00726078224 0 0 0
volume_proxy 130 1.39238458 0.267312616 -0.0071447677 0 0 0
volume_proxy 132 0.686301072 0.834938094 0.00350032597 0 0 0
volume_proxy 135 0.613325202 -0.931822188 -0.0100793397 0 0 0
volume_proxy 140 -0.743552132 0.809854019 -0.00447724855 0 0 0
volume_proxy 145 -0.721819566 -0.461757154 0.00640539532 0 0 0
volume_proxy 149 -1.20115732 0.945002356 0.00287645464 0 0 0
volume_proxy 157 0.936580167 0.548723885 0.00959094454 0 0 0
volume_proxy 159 -1.08638471 -0.862941969 0.00660550134 0 0 0
volume_proxy 161 -0.12464651 0.273316754 0.00355571976 0 0 0
volume_proxy 163 -1.36858488 0.0245421144 0.00299421456 0 0 0
volume_proxy 169 1.02360884 0.0988802246 0.00633138856 0 0 0
volume_proxy 176 -0.0102729255 -0.166005718 0.00245048203 0 0 0
volume_proxy 178 -0.827836061 -0.0131205494 0.00234645335 0 0 0
volume_proxy 186 -0.410647358 0.269558364 0.000929318775 0 0 0
volume_proxy 189 -0.717414219 0.179068298 0.00217593494 0 0 0
volume_proxy 194 0.0885331917 -0.75682954 -0.00299319912 0 0 0
volume_proxy 195 -0.552122783 0.39077936 0.00342832461 0 0 0
volume_proxy 196 0.614598798 0.250834522 -0.00237319518 0 0 0
volume_proxy 198 1.24295387 -0.816841035 -7.58776768e-05 0 0 0
volume_proxy 200 -1.21424902 -0.32082218 -0.0107315553 0 0 0
volume_proxy 201 -1.20378135 0.292113042 -0.00798386202 0 0 0
volume_proxy 202 -0.50598241 0.345524127 0.00643868369 0 0 0
volume_proxy 208 -1.18071859 0.390846531 0.00683419856 0 0 0
volume_proxy 209 -0.692800463 -0.237888941 0.0073252568 0 0 0
volume_proxy 210 -0.107209506 -0.0412737587 0.0079820258 0 0 0
volume_proxy 213 -0.442745809 0.0589730335 -0.00886903371 0 0 0
volume_proxy 223 -1.14363079 0.223263242 -0.00466887657 0 0 0
volume_proxy 224 1.46635176 -0.830143827 0.00455704288 0 0 0
volume_proxy 226 -0.55272381 -0.902736465 -0.00553933041 0 0 0
volume_proxy 228 -0.0633275136 0.288958664 -0.00642561499 0 0 0
volume_proxy 230 0.657115909 0.848761908 0.00777574268 0 0 0
volume_proxy 232 0.561287911 0.176761552 -0.00523912506 0 0 0
volume_proxy 236 0.721925876 0.00621405098 -0.00319783772 0 0 0
volume_proxy 237 0.312508847 0.871760088 -0.0107803957 0 0 0
volume_proxy 242 1.12998606 0.4460692 -0.00250233022 0 0 0
volume_proxy 244 0.808749489 0.726892745 -0.00898767227 0 0 0
volume_proxy 247 1.08457309 -0.196572122 -0.000927726551 0 0 0
volume_proxy 251 0.49717973 0.494643859 -0.0104848793 0 0 0
volume_proxy 256 0.686344767 -0.381307604 0.00189648774 0 0 0
volume_proxy 257 -0.191233206 0.478486078 -0.000878089387 0 0 0
volume_proxy 258 0.54363646 0.0441518434 0.0063266325 0 0 0
volume_proxy 259 0.549126712 0.438063378 0.000435733274 0 0 0
volume_proxy 269 1.20665781 0.493260665 0.00461866772 0 0 0
volume_proxy 271 -1.42940646 0.773963926 -0.00869958988 0 0 0
volume_proxy 273 1.4943297 0.408433373 -0.0056246405 0 0 0
volume_proxy 276 0.333911728 0.130733417 -0.00844841218 0 0 0
volume_proxy 277 -0.427888394 -0.676177502 -0.00465751492 0 0 0
volume_proxy 279 -0.369766759 -0.47326935 -0.00294311721 0 0 0
volume_proxy 281 -1.49796573 0.979554063 -0.00127488591 0 0 0
volume_proxy 284 -0.676665091 0.750529359 -0.00388288076 0 0 0
volume_proxy 285 -0.65236724 -0.649403084 0.00513266467 0 0 0
volume_proxy 294 0.0625260857 0.784708364 0.000878885548 0 0 0
volume_proxy 296 0.294113813 -0.51113737 -0.00930795773 0 0 0
volume_proxy 297 1.10130703 0.0648974888 0.00662243707 0 0 0
volume_proxy 298 0.897479255 -0.782350278 -0.00897322011 0 0 0
volume_proxy 305 0.0563956868 0.0558588263 -0.000817310868 0 0 0
volume_proxy 309 1.18025446 0.499362402 -0.00379435559 0 0 0
volume_proxy 310 0.834625146 0.367805032 -0.00642799689 0 0 0
volume_proxy 311 0.494884385 -0.952526729 0.00413312511 0 0 0
volume_proxy 314 -0.188063039 0.297875227 0.00555235701 0 0 0
volume_proxy 315 -0.232800501 -0.0140911079 0.00201525104 0 0 0
volume_proxy 319 0.0219280347 -0.962866876 0.0086805363 0 0 0
volume_proxy 321 -0.253497255 -0.84136113 -0.00196640052 0 0 0
volume_proxy 329 -0.40712032 0.697866163 0.00278991638 0 0 0
volume_proxy 335 -1.37742092 -0.169502771 0.00498998904 0 0 0
volume_proxy 337 -0.739324798 0.397630313 0.00971220606 0 0 0
volume_proxy 339 -0.370735961 -0.587552708 -0.00387182566 0 0 0
volume_proxy 343 -0.135161486 0.690555085 0.00995254909 0 0 0
volume_proxy 344 0.644208702 0.540472882 0.00701569843 0 0 0
volume_proxy 345 -0.627043381 -0.212160679 0.0067386012 0 0 0
volume_proxy 347 -0.0917679552 -0.235160346 0.00789528368 0 0 0
volume_proxy 349 0.519212926 -0.0259025963 0.00846936697 0 0 0
volume_proxy 356 0.612644737 0.770670116 -0.00932730362 0 0 0
volume_proxy 358 1.3273114 0.708819869 -0.00352694374 0 0 0
volume_proxy 370 1.33907783 0.504485389 -0.00936616569 0 0 0
volume_proxy 375 0.836273409 0.1723597 0.000388425585 0 0 0
volume_proxy 377 0.489432566 0.255636673 -0.00600238673 0 0 0
volume_proxy 380 -0.566236608 -0.673332023 -0.000978156491 0 0 0
volume_proxy 383 0.892015746 -0.960211353 0.00192600188 0 0 0
volume_proxy 384 -0.326774866 0.854109925 -0.00651566569 0 0 0
volume_proxy 388 -1.39894628 -0.11019778 0.00759605707 0 0 0
volume_proxy 393 1.2754686 -0.0476716746 0.00998785425 0 0 0
volume_proxy 396 -0.695863708 0.952289681 -0.00250107216 0 0 0
volume_proxy 397 0.811256073 0.175159747 -0.00780039256 0 0 0
volume_proxy 399 1.13055746 -0.911862177 -0.00803019628 0 0 0
volume_proxy 402 -0.644353395 -0.74416189 -0.00335747086 0 0 0
volume_proxy 409 -0.55208021 -0.497631703 0.00945198502 0 0 0
volume_proxy 412 1.37833817 -0.546229245 -0.00592825378 0 0 0
volume_proxy 418 -0.761603342 0.0551716528 0.00246997071 0 0 0
volume_proxy 431 -1.15521848 -0.71489508 -0.00597426777 0 0 0
volume_proxy 463 -0.0458252739 -0.785330984 0.0006054824 0 0 0
volume_proxy 497 -1.06794294 -0.924151012 -0.00578300616 0 0 0
volume_proxy 502 1.41582975 -0.488639201 -0.0098838736 0 0 0
volume_proxy 512 0.179331785 -0.883019684 -0.00816829355 0 0 0
volume_proxy 513 0.471168296 -0.0292234909 -0.000792613912 0 0 0
volume_proxy 518 1.44614615 -0.688631237 0.00111709306 0 0 0
volume_proxy 547 1.25746222 0.916827634 0.0100827411 0 0 0
volume_proxy 549 0.212005276 -0.673721841 -0.00547665824 0 0 0
volume_proxy 572 0.0810563669 -0.268384724 0.00837772741 0 0 0
volume_proxy 578 -0.839528487 0.964026412 -0.00736222404 0 0 0
volume_proxy 581 1.2767311 0.641607047 -0.00838363105 0 0 0
volume_proxy 591 -0.785127277 0.58084469 0.00800433907 0 0 0
volume_proxy 594 -1.04680749 0.330539142 -0.00497790212 0 0 0
volume_proxy 615 1.11392995 -0.150547697 -0.00898991865 0 0 0
volume_proxy 616 1.43699189 0.196494651 -0.0038094841 0 0 0
volume_proxy 637 -1.46622057 -0.856494443 -0.00222303665 0 0 0
volume_proxy 647 -0.193363103 0.973705832 -0.0073600385 0 0 0
volume_proxy 669 1.32746945 -0.333330813 -0.0052610728 0 0 0
volume_proxy 682 -0.186206863 0.478099393 0.00423332357 0 0 0
volume_proxy 698 -0.322218689 0.820009248 -0.00135911709 0 0 0
volume_proxy 702 -0.136292485 -0.047981071 0.00481238538 0 0 0
volume_proxy 703 -0.745889699 -0.0755651945 -0.00677231384 0 0 0
volume_proxy 722 0.617081805 0.541941922 0.000378115739 0 0 0
volume_proxy 725 -1.41935394 -0.812256462 0.00126434877 0 0 0
volume_proxy 751 0.164505786 -0.448477762 0.0098153864 0 0 0
volume_proxy 757 0.204508281 0.219811209 -0.000678014749 0 0 0
volume_proxy 797 -1.17534978 -0.400296128 -0.00219744666 0 0 0
volume_proxy 800 -1.0657248 0.806057425 0.00464496515 0 0 0
volume_proxy 802 0.805802597 0.0561409009 -0.00840728996 0 0 0
volume_proxy 810 1.14617726 -0.00217304231 0.000839357939 0 0 0
volume_proxy 811 0.680576424 0.606970085 0.00488984176 0 0 0
volume_proxy 812 1.05750804 0.488251161 -0.00480948106 0 0 0
volume_proxy 814 1.12011889 -0.312043536 -0.00268526177 0 0 0
volume_proxy 822 0.0970768557 -0.844671633 -0.0050815414 0 0 0
volume_proxy 833 -0.414050978 0.088822806 0.0106847179 0 0 0
volume_proxy 835 -0.256829616 -0.980894211 0.00742314005 0 0 0
volume_proxy 839 -0.234642921 -0.179203282 -0.00623961146 0 0 0
volume_proxy 846 1.26704795 0.103275591 -0.00318126762 0 0 0
volume_proxy 848 -0.943635547 -0.173010495 0.000357503855 0 0 0
volume_proxy 854 -0.624928244 0.975294558 -0.00447022121 0 0 0
volume_proxy 856 1.44327543 0.553750209 -0.0038351501 0 0 0
volume_proxy 869 1.37871541 0.693715937 0.000983863737 0 0 0
volume_proxy 876 -0.133645615 -0.611480293 -0.0103441131 0 0 0
volume_proxy 878 1.47263343 -0.508151492 -0.0017449313 0 0 0
volume_proxy 883 0.332944075 0.843280931 -0.00274134289 0 0 0
volume_proxy 889 -1.39080914 0.584219332 -0.00761517999 0 0 0
volume_proxy 896 1.44483635 0.8154523 0.000362718128 0 0 0
volume_proxy 902 -0.075127906 0.474632682 0.00779018929 0 0 0
volume_proxy 903 0.467569459 0.709791902 0.00351251006 0 0 0
volume_proxy 904 -0.909103437 0.370516276 0.00445458656 0 0 0
volume_proxy 906 0.859681251 0.642197899 0.00941708971 0 0 0
volume_proxy 910 -1.39829182 0.566261644 0.000580357257 0 0 0
volume_proxy 912 1.3784902 0.0665540916 -0.0040673382 0 0 0
volume_proxy 914 0.00344826657 -0.868536985 -0.00828784331 0 0 0
volume_proxy 915 -0.455421185 -0.162429701 -0.00556065742 0 0 0
volume_proxy 926 -0.213437606 0.216046144 0.00500171536 0 0 0
volume_proxy 929 -0.571533364 -0.717943776 8.12800202e-05 0 0 0
volume_proxy 931 -0.11608676 -0.1151668 -0.00281220195 0 0 0
volume_proxy 935 -1.48776776 0.323516608 -0.0105335383 0 0 0
volume_proxy 944 0.527411925 -0.999364534 0.000273065175 0 0 0
volume_proxy 945 -0.521020982 0.784691813 -0.0101848296 0 0 0
volume_proxy 948 -0.267406373 -0.101034115 -0.00528993955 0 0 0
volume_proxy 949 -0.561313302 -0.0617668308 -0.00451966047 0 0 0
volume_proxy 963 -0.650281068 0.568655633 -0.00791838467 0 0 0
volume_proxy 966 -0.423027958 0.763384975 0.00937136509 0 0 0
volume_proxy 969 -0.753200075 -0.0456411073 -0.00396470641 0 0 0
volume_proxy 974 0.3123237 -0.705206588 0.00994399049 0 0 0
volume_proxy 977 -1.11022111 -0.35509733 0.00701985431 0 0 0
volume_proxy 979 -0.134067109 0.73906886 0.00189489342 0 0 0
volume_proxy 981 -0.447560531 0.166211779 0.00807092192 0 0 0
volume_proxy 983 1.00791616 -0.328964185 0.00683960753 0 0 0
volume_proxy 990 -1.41253254 0.487638397 -0.00258230787 0 0 0
volume_proxy 991 -0.52454207 -0.233428203 -0.0039086583 0 0 0
volume_proxy 992 -0.0574428704 0.245290207 0.00075997104 0 0 0
volume_proxy 997 1.17151686 0.132064129 0.00497996783 0 0 0
volume_proxy 1001 0.607120477 0.994826143 -0.0055377625 0 0 0
volume_proxy 1007 -1.22751151 -0.651548142 0.00976856414 0 0 0
volume_proxy 1008 0.314138816 -0.48194556 0.00576334998 0 0 0
volume_proxy 1012 0.779430193 -0.0817355664 -0.00828893017 0 0 0
volume_proxy 1016 0.850009659 -0.940937395 -0.00799873228 0 0 0
volume_proxy 1018 -0.984807453 -0.721656418 -0.000696294883 0 0 0
volume_proxy 1019 -0.75182339 -0.925362914 -0.0100138105 0 0 0
volume_proxy 1020 -0.925983493 0.59359896 0.00337977922 0 0 0
volume_proxy 1021 -0.870791487 -0.658543356 -0.00592252246 0 0 0
volume_proxy 1023 0.769275918 0.183936262 0.00223136641 0 0 0
volume_proxy 1024 1.01580565 0.807906614 0.00526112945 0 0 0
volume_proxy 1028 -1.43616261 -0.813703867 -0.00654162056 0 0 0
volume_proxy 1030 0.636763116 0.336138609 0.00237488227 0 0 0
volume_proxy 1031 1.29004362 -0.573025635 -0.00976309802 0 0 0
volume_proxy 1032 1.35360278 0.30951359 0.00849937783 0 0 0
volume_proxy 1033 1.00914515 0.96017811 0.0102289832 0 0 0
volume_proxy 1035 0.392943042 -0.522846807 0.00738831324 0 0 0
volume_proxy 1036 0.932624399 -0.105046736 -0.00875043202 0 0 0
volume_proxy 1040 -0.799730671 -0.869553095 0.00991216761 0 0 0
volume_proxy 1042 0.927279977 0.214857217 0.00138572553 0 0 0
volume_proxy 1050 -0.648154799 -0.562260198 -0.00367527402 0 0 0
volume_proxy 1052 -0.677167777 0.172122551 -0.00525688064 0 0 0
volume_proxy 1053 -0.507030666 -0.924678429 -0.00925593228 0 0 0
volume_proxy 1056 -1.41698984 0.972717002 -0.00810411312 0 0 0
volume_proxy 1057 0.0640622673 -0.670502614 -0.00832047515 0 0 0
volume_proxy 1061 -0.526874008 -0.454123921 0.0006561925 0 0 0
volume_proxy 1062 0.767039129 0.415404255 0.00183689401 0 0 0
volume_proxy 1065 -1.39354934 -0.545267404 -0.010048904 0 0 0
volume_proxy 1066 0.800718183 0.174755742 0.00867975761 0 0 0
volume_proxy 1067 0.840688127 -0.348052424 -0.0039995645 0 0 0
volume_proxy 1069 -0.76279314 0.0659071609 0.00790605278 0 0 0
volume_proxy 1070 -1.26004123 0.515587728 -0.000712204012 0 0 0
volume_proxy 1075 -0.353063878 0.335652667 0.0105384573 0 0 0
volume_proxy 1077 -1.11132387 0.971679127 0.00993216377 0 0 0
volume_proxy 1078 -1.19737654 0.815469848 -0.00393386332 0 0 0
volume_proxy 1079 0.0987364439 -0.0926478139 -0.00142638148 0 0 0
volume_proxy 1085 0.0849178189 -0.390580567 -0.00443247358 0 0 0
volume_proxy 1086 1.01044254 -0.574665684 -0.00489805681 0 0 0
volume_proxy 1089 -0.781526275 0.63103896 0.00230165383 0 0 0
volume_proxy 1091 0.235266641 0.140036466 -0.00537895952 0 0 0
volume_proxy 1093 -0.123056063 -0.765439127 -0.00928379426 0 0 0
volume_proxy 1094 -1.41649322 0.680217279 -0.00182475353 0 0 0
volume_proxy 1096 0.345387361 0.340851388 0.00579603836 0 0 0
volume_proxy 1098 0.534568045 0.510685629 -0.00511010956 0 0 0
volume_proxy 1102 1.11588603 0.578261136 -0.00889920552 0 0 0
volume_proxy 1106 0.856852699 -0.610044491 0.0014862008 0 0 0
volume_proxy 1108 1.20514888 0.499309469 -0.00545915377 0 0 0
volume_proxy 1109 1.09295677 -0.987508167 -0.00894408699 0 0 0
volume_proxy 1110 0.913005025 -0.903091322 0.00160645755 0 0 0
volume_proxy 1111 -0.509467478 -0.200810616 -0.0092573895 0 0 0
volume_proxy 1112 -0.658965829 0.81621445 -0.00790642195 0 0 0
volume_proxy 1113 1.16245328 0.214406504 0.0021837541 0 0 0
volume_proxy 1114 -1.1870897 0.250116976 -0.00059277898 0 0 0
volume_proxy 1117 0.731872156 -0.151925172 -0.00733405793 0 0 0
volume_proxy 1118 0.188673833 -0.467249624 0.0077592243 0 0 0
volume_proxy 1119 -1.26796674 0.34160728 0.00600056685 0 0 0
volume_proxy 1120 -0.05523577 0.164155685 -0.00322215066 0 0 0
volume_proxy 1123 -1.39733581 0.851337188 -0.00876657771 0 0 0
volume_proxy 1127 0.418681095 0.587352057 0.0102921124 0 0 0
volume_proxy 1129 1.07539337 0.8636829 -0.00379917717 0 0 0
volume_proxy 1130 -0.448634916 0.285659221 0.00412104529 0 0 0
volume_proxy 1131 -0.979534104 0.213349616 0.000105735013 0 0 0
volume_proxy 1132 0.44057966 0.220223372 -0.00299034557 0 0 0
volume_proxy 1133 1.38916575 -0.679108837 -0.00309590291 0 0 0
volume_proxy 1134 0.886393133 0.700780947 0.00557072863 0 0 0
volume_proxy 1137 -0.776306818 -0.0774782523 -0.00215963161 0 0 0
volume_proxy 1138 1.10564151 -0.606761766 0.00810156757 0 0 0
volume_proxy 1139 1.46962532 -0.902193674 -0.00895283143 0 0 0
volume_proxy 1143 -0.415731868 0.00835307474 -0.00848570037 0 0 0
volume_proxy 1144 0.386503846 -0.88718743 0.00813474744 0 0 0
volume_proxy 1145 -0.655372973 -0.953930896 0.00571473702 0 0 0
volume_proxy 1146 -0.243770949 0.35048059 0.00380806989 0 0 0
volume_proxy 1147 -0.0791017555 0.35169078 -0.00580510263 0 0 0
volume_proxy 1148 -0.204875532 -0.166321166 -0.00531613681 0 0 0
volume_proxy 1149 -0.740721176 0.58754227 0.00644358969 0 0 0
volume_proxy 1150 -0.375123937 -0.768447523 0.00252112626 0 0 0
volume_proxy 1151 0.828104738 -0.822366067 0.00177062891 0 0 0
volume_proxy 1152 0.112369765 0.597048095 0.000192465949 0 0 0
volume_proxy 1157 -0.315910126 0.123902136 -0.00825899836 0 0 0
volume_proxy 1159 -0.42672709 0.998242494 -0.00613186289 0 0 0
volume_proxy 1160 -0.25042585 0.770721934 -0.00520081784 0 0 0
volume_proxy 1161 0.733082368 -0.889074809 -0.000382152714 0 0 0
volume_proxy 1163 1.25969589 0.28086868 0.00441025925 0 0 0
volume_proxy 1165 -0.344722778 -0.800891182 -0.00672061696 0 0 0
volume_proxy 1166 -1.37159906 0.433154616 0.00716899795 0 0 0
volume_proxy 1167 -1.45286254 0.350683241 -0.00921985904 0 0 0
volume_proxy 1168 0.0362562952 -0.367465331 -0.0106369814 0 0 0
volume_proxy 1169 1.44610959 -0.401716688 -0.0044379568 0 0 0
volume_proxy 1170 -1.45586318 0.132599899 0.000916705618 0 0 0
volume_proxy 1171 -0.643835207 0.222343762 -0.00458365164 0 0 0
volume_proxy 1172 -0.326321097 0.344363718 -0.00141722463 0 0 0
volume_proxy 1174 0.46363461 -0.114344354 -0.00454967174 0 0 0
volume_proxy 1175 -0.540310109 -0.716955879 -0.00348739614 0 0 0
volume_proxy 1177 0.94072411 -0.048738782 -0.00321083753 0 0 0
volume_proxy 1178 -0.482035325 0.761026305 -0.0023818363 0 0 0
volume_proxy 1179 0.522876289 0.593986505 0.0106179648 0 0 0
volume_proxy 1180 -1.16613072 0.433806157 0.00520632519 0 0 0
volume_proxy 1181 -1.12175787 0.649483662 -0.000713537512 0 0 0
volume_proxy 1182 0.519149752 0.997913979 0.0099516609 0 0 0
volume_proxy 1183 0.630604639 -0.724398334 0.00805759438 0 0 0
volume_proxy 1184 1.45105454 0.594664351 -0.00581275781 0 0 0
volume_proxy 1185 -0.00817506309 0.0453018666 0.00307121192 0 0 0
volume_proxy 1186 -0.357002201 -0.428928274 0.00940343436 0 0 0
volume_proxy 1187 0.987809222 0.929844887 0.00398531547 0 0 0
volume_proxy 1188 -0.188105605 0.0513212944 0.00487941257 0 0 0
volume_proxy 1191 1.39327871 0.893281988 0.00439222359 0 0 0
volume_proxy 1193 -0.847160828 0.0752590027 0.0055926146 0 0 0
volume_proxy 1194 -1.12490236 -0.562629961 0.00613542679 0 0 0
volume_proxy 1195 -1.0838825 -0.679847428 -0.00725926639 0 0 0
volume_proxy 1196 -0.782950879 -0.618998505 0.0075987922 0 0 0
volume_proxy 1197 -1.03862547 -0.921551425 -0.00656145373 0 0 0
volume_proxy 1198 0.0742174117 0.0985125024 -0.00575466504 0 0 0
volume_proxy 1199 -0.064733318 0.0839564575 -0.00577382247 0 0 0
volume_proxy 1201 -0.732191551 0.486369225 -0.0101347355 0 0 0
volume_proxy 1202 -1.27327231 -0.951496626 0.00648436698 0 0 0
volume_proxy 1203 -0.570153656 -0.190499042 -0.00496529454 0 0 0
volume_proxy 1204 -0.0349637266 -0.340655824 -0.00428945026 0 0 0
volume_proxy 1205 1.41126306 0.566229756 0.0077128824 0 0 0
volume_proxy 1206 1.41704499 0.556605209 0.0043865686 0 0 0
