volume_proxy 0 1.42075248 -0.417587901 -0.0107470483 0 0 0
volume_proxy 5 1.03490667 -0.109140356 0.00272510396 0 0 0
volume_proxy 6 0.56354988 0.194682355 0.00157417968 0 0 0
volume_proxy 11 1.02481044 0.113214303 0.00121352902 0 0 0
volume_proxy 12 1.24579947 -0.28585686 0.00374916132 0 0 0
volume_proxy 14 -0.522545067 -0.18340389 0.00974003249 0 0 0
volume_proxy 23 0.624104825 -0.822361121 0.00783600729 0 0 0
volume_proxy 38 0.752181787 -0.0116041029 -0.00391192513 0 0 0
volume_proxy 40 -0.0835991915 -0.199708445 0.00596833874 0 0 0
volume_proxy 50 -0.768677121 -0.714319753 0.00167679647 0 0 0
volume_proxy 53 -0.764987957 0.31586953 0.0102725437 0 0 0
volume_proxy 58 1.22017199 -0.557818403 -0.0041040342 0 0 0
volume_proxy 60 1.06252837 0.394784519 -0.00587535757 0 0 0
volume_proxy 72 0.109113827 0.133727776 0.00845854325 0 0 0
volume_proxy 85 -1.1270977 0.163189001 -0.00059243378 0 0 0
volume_proxy 88 -0.997609377 -0.538031299 0.00256638247 0 0 0
volume_proxy 97 1.08569342 0.483458267 -0.00439736169 0 0 0
volume_proxy 105 0.547890884 -0.0399626943 0.000108220138 0 0 0
volume_proxy 107 1.39742375 0.824852333 -0.00178247169 0 0 0
volume_proxy 127 -1.11317814 0.614986176 -0.00112348752 0 0 0
volume_proxy 130 1.42780791 0.269451907 0.0049712537 0 0 0
volume_proxy 140 -0.574138264 0.353026172 0.00161892527 0 0 0
volume_proxy 157 1.45690543 -0.3869537 0.00321750348 0 0 0
volume_proxy 159 0.215377447 0.136256679 0.00468020982 0 0 0
volume_proxy 161 0.669812257 0.0487976589 -0.00558791658 0 0 0
volume_proxy 176 0.526083946 -0.183428542 0.00149180357 0 0 0
volume_proxy 186 -0.825520488 0.206592907 0.00362856163 0 0 0
volume_proxy 189 -0.828948868 0.980438505 -0.00592655285 0 0 0
volume_proxy 195 -0.289956536 0.154365141 -0.010303351 0 0 0
volume_proxy 196 0.314757035 -0.420563647 0.0037824277 0 0 0
volume_proxy 200 -0.334378921 -0.69108601 -0.000894150163 0 0 0
volume_proxy 202 -1.30243081 0.699482896 -0.0106403849 0 0 0
volume_proxy 209 -1.09655398 0.251586499 0.00960859418 0 0 0
volume_proxy 210 -1.18614547 0.596965729 -0.00269137659 0 0 0
volume_proxy 226 -0.476388411 -0.56038353 0.00372220728 0 0 0
volume_proxy 236 0.77205256 0.849195533 -0.00562227435 0 0 0
volume_proxy 247 0.320926283 0.740223965 6.99315931e-05 0 0 0
volume_proxy 256 -0.835844602 0.267504322 0.00135807553 0 0 0
volume_proxy 259 0.416027899 0.146120302 -0.00814486839 0 0 0
volume_proxy 269 -0.010208064 -0.0253605255 -0.00413457852 0 0 0
volume_proxy 277 -1.35161677 -0.102021577 -0.0069217837 0 0 0
volume_proxy 296 0.235263913 -0.329700314 0.00628456154 0 0 0
volume_proxy 305 0.172295248 -0.811400134 -0.00802090324 0 0 0
volume_proxy 310 1.2418625 -0.0534838681 0.00961653202 0 0 0
volume_proxy 329 -0.582185718 -0.743040214 -0.00318839012 0 0 0
volume_proxy 337 -1.14267526 0.855255193 -0.000435351566 0 0 0
volume_proxy 344 -1.00357767 0.925653758 -0.00562516348 0 0 0
volume_proxy 347 -0.747910854 -0.363160629 0.00696066977 0 0 0
volume_proxy 349 -0.468712655 -0.0998991363 -0.00807673364 0 0 0
volume_proxy 356 0.0857846378 0.561330711 0.00609119474 0 0 0
volume_proxy 375 0.573314088 -0.208633672 0.0064644704 0 0 0
volume_proxy 388 -1.03423379 0.728856419 0.00758938242 0 0 0
volume_proxy 431 -1.12443864 -0.0699022173 0.00921017405 0 0 0
volume_proxy 802 1.24007603 0.466197747 -0.0053942061 0 0 0
volume_proxy 876 0.451828738 -0.948357019 0.00265987755 0 0 0
volume_proxy 1052 0.0603502164 -0.813469562 0.0058344243 0 0 0
volume_proxy 1066 0.819034257 0.482481777 0.0033204419 0 0 0
volume_proxy 1120 -0.318306045 0.634413947 -0.0099022871 0 0 0
volume_proxy 1166 -0.60974906 0.822373044 0.00514759398 0 0 0
volume_proxy 1169 1.41506398 -0.883231338 0.00677607758 0 0 0
volume_proxy 1172 0.296771186 0.631478252 0.00584385197 0 0 0
volume_proxy 1186 -0.495162798 -0.2982116 -0.00680512345 0 0 0
volume_proxy 1193 -0.737386313 0.173542069 -0.0045376552 0 0 0
volume_proxy 1219 -0.898623866 0.910309098 -0.00306330567 0 0 0
volume_proxy 1225 -0.194119443 -0.283933452 -0.00381865055 0 0 0
volume_proxy 1245 -1.33163944 0.739321104 0.00122953796 0 0 0
volume_proxy 1280 -1.3196291 0.554092204 0.00897902295 0 0 0
volume_proxy 1285 -1.07043717 0.964113555 -0.00722810504 0 0 0
volume_proxy 1295 -1.23758872 0.790938678 -0.00827458107 0 0 0
volume_proxy 1296 -0.0423720525 -0.0349887074 0.0106694987 0 0 0
volume_proxy 1301 -1.4366406 0.801041062 0.00997277697 0 0 0
volume_proxy 1326 0.805225191 -0.0438969639 -0.00342746766 0 0 0
volume_proxy 1335 0.105452138 -0.80209769 0.00218246418 0 0 0
volume_proxy 1340 1.02556102 0.68598648 0.0087732352 0 0 0
volume_proxy 1380 -0.116645987 0.334163402 -0.00465698655 0 0 0
volume_proxy 1386 0.496304891 0.953012673 -0.00739594079 0 0 0
volume_proxy 1390 -1.49433095 0.915119037 -0.0100763704 0 0 0
volume_proxy 1392 0.0603332334 -0.605379799 0.00792538339 0 0 0
volume_proxy 1397 0.605330667 0.566474965 -0.00567140073 0 0 0
volume_proxy 1403 0.586668642 -0.300374492 0.00928912138 0 0 0
volume_proxy 1405 0.0336239647 0.685357293 0.00708352128 0 0 0
volume_proxy 1409 1.49593725 0.568134134 0.000973919436 0 0 0
volume_proxy 1413 0.287169173 0.7878144 -0.00367617919 0 0 0
volume_proxy 1418 -1.38480873 -0.0634610104 0.00432056747 0 0 0
volume_proxy 1420 -1.34616027 -0.246806231 0.00196496944 0 0 0
volume_proxy 1421 -1.47916173 -0.325008893 0.000983746942 0 0 0
volume_proxy 1422 1.40279991 -0.972556751 -0.00677356598 0 0 0
volume_proxy 1423 -0.679056469 0.969191583 0.000281071809 0 0 0
volume_proxy 1426 0.898202243 -0.637823304 -0.00958284951 0 0 0
volume_proxy 1428 -0.059498105 0.623902785 0.0102350049 0 0 0
volume_proxy 1429 1.04161156 -0.18016235 -0.00497402797 0 0 0
volume_proxy 1433 1.05518495 0.437204375 -0.0010398744 0 0 0
volume_proxy 1434 0.385225358 -0.518286342 -0.00354234334 0 0 0
volume_proxy 1437 -0.327793216 -0.481741543 0.000348580474 0 0 0
volume_proxy 1439 -0.557263141 0.76774113 -0.00188835017 0 0 0
volume_proxy 1440 0.702859998 -0.58431204 0.00460154249 0 0 0
volume_proxy 1444 -1.03975272 -0.547343499 0.0026365845 0 0 0
volume_proxy 1445 0.239135963 -0.889417669 0.00662673922 0 0 0
volume_proxy 1447 1.39620304 -0.566689037 0.00211351951 0 0 0
volume_proxy 1459 -0.833550233 0.876439844 -0.00362648135 0 0 0
volume_proxy 1460 1.0166263 0.312460377 -0.00959630738 0 0 0
volume_proxy 1461 -1.04372162 0.606108387 -0.00106933987 0 0 0
volume_proxy 1462 -0.971163781 -0.325419467 0.000799360655 0 0 0
volume_proxy 1466 -0.932815522 -0.816208849 -0.000326820835 0 0 0
volume_proxy 1470 -1.28251292 -0.601704568 0.0057632485 0 0 0
volume_proxy 1471 -0.369495472 0.823440513 0.00243354942 0 0 0
volume_proxy 1472 -0.647218049 0.765133958 -0.000937856053 0 0 0
volume_proxy 1474 1.13314985 -0.947907733 0.00330939625 0 0 0
volume_proxy 1475 1.07212876 0.174036585 0.00776434989 0 0 0
volume_proxy 1481 1.29426079 0.52826478 -0.00695001461 0 0 0
volume_proxy 1482 0.595239533 -0.961847928 -0.00914900124 0 0 0
volume_proxy 1485 -0.0810071774 -0.592160419 -0.0107029321 0 0 0
volume_proxy 1486 1.00072081 -0.774441615 -0.00296223405 0 0 0
volume_proxy 1489 -0.466151577 0.71440511 0.00344514607 0 0 0
volume_proxy 1490 0.906364765 0.950037259 -0.0107532187 0 0 0
volume_proxy 1491 -0.771095804 -0.266147932 -0.00411088243 0 0 0
volume_proxy 1492 0.138314045 0.200683038 -0.0061505558 0 0 0
volume_proxy 1493 0.484441043 0.367285841 0.0038684131 0 0 0
volume_proxy 1494 0.886543168 0.476548743 -0.00130907636 0 0 0
volume_proxy 1495 0.909375433 -0.710736067 -0.00574992777 0 0 0
volume_proxy 1496 -0.861330988 0.641262559 -0.00373749573 0 0 0
volume_proxy 1497 0.354291926 0.512196986 -0.00647648692 0 0 0
volume_proxy 1498 -1.26073429 0.772831948 -0.00546039027 0 0 0
volume_proxy 1501 -0.90528496 -0.922832691 -0.00595527082 0 0 0
volume_proxy 1502 -0.952704038 -0.556717986 -0.00309694432 0 0 0
volume_proxy 1503 0.0212965648 0.0112685693 0.00956260678 0 0 0
volume_proxy 1504 0.152984887 -0.74596992 -0.00843931933 0 0 0
