volume_proxy 0 0.925508844 0.527520744 -0.00777188693 0 0 0
volume_proxy 5 1.37837593 -0.726664239 0.00352632887 0 0 0
volume_proxy 6 -0.199587297 0.696107018 -0.00155894071 0 0 0
volume_proxy 11 1.32277864 0.591928398 -0.00849415508 0 0 0
volume_proxy 12 0.256546347 -0.582931659 -0.00219891459 0 0 0
volume_proxy 14 -0.851985789 0.807726448 -0.00658349269 0 0 0
volume_proxy 23 1.21734034 -0.830646254 -0.00516324199 0 0 0
volume_proxy 38 1.03541674 -0.305309755 -0.00798388267 0 0 0
volume_proxy 40 -0.497898381 -0.340425171 -0.000541796771 0 0 0
volume_proxy 50 -0.760369651 -0.201045191 0.00564034072 0 0 0
volume_proxy 53 -0.651738641 0.684446119 0.00897573398 0 0 0
volume_proxy 58 1.01686199 -0.696012092 -0.00984026335 0 0 0
volume_proxy 60 0.203698896 0.480815878 0.00530834329 0 0 0
volume_proxy 85 -0.87884223 0.0151004935 -0.0107619349 0 0 0
volume_proxy 97 0.997669626 0.880248844 0.00261491778 0 0 0
volume_proxy 107 1.22102912 0.454872338 0.00269927641 0 0 0
volume_proxy 127 -1.28109334 -0.0877405908 -0.00678059331 0 0 0
volume_proxy 130 0.69725169 0.529294053 0.00897553242 0 0 0
volume_proxy 140 -0.00897840875 -0.00271445483 0.00618844576 0 0 0
volume_proxy 157 0.965404571 -0.266403807 0.00227545988 0 0 0
volume_proxy 159 0.892021366 0.479971847 -0.00249339564 0 0 0
volume_proxy 161 0.689779006 0.8881131 -0.00433928158 0 0 0
volume_proxy 176 0.698109103 -0.0123172502 0.00227656262 0 0 0
volume_proxy 186 -1.11639656 0.120133557 0.000436362821 0 0 0
volume_proxy 189 -0.97081137 0.791286019 -0.00268778624 0 0 0
volume_proxy 195 0.227562908 -0.53136484 0.00769235323 0 0 0
volume_proxy 196 0.847161516 0.053720346 -0.00065399832 0 0 0
volume_proxy 200 -0.703928897 -0.992733777 -0.00496302316 0 0 0
volume_proxy 202 -0.476528961 0.815511846 0.00489516755 0 0 0
volume_proxy 209 -1.20883525 0.0771642364 -0.00296983537 0 0 0
volume_proxy 210 -0.0175479665 0.34766158 -0.00911310427 0 0 0
volume_proxy 226 0.274518392 -0.991735479 0.00957852091 0 0 0
volume_proxy 236 0.808342263 0.928263975 -0.00376383145 0 0 0
volume_proxy 247 1.32204876 0.741609711 -0.00889808954 0 0 0
volume_proxy 256 -1.26804439 0.986661847 -0.00505850644 0 0 0
volume_proxy 259 0.528250395 0.944354282 -0.00925635846 0 0 0
volume_proxy 269 -0.703318857 -0.239978254 -0.00699061965 0 0 0
volume_proxy 277 -1.17731363 -0.418906721 -0.00100238748 0 0 0
volume_proxy 296 -0.920995815 -0.625707173 0.00677046812 0 0 0
volume_proxy 305 0.0321828003 0.0619332795 0.010102739 0 0 0
volume_proxy 310 0.0210038291 -0.434136001 -0.00604363862 0 0 0
volume_proxy 344 -1.32613861 0.665189842 -0.00116503459 0 0 0
volume_proxy 347 0.36107726 -0.0146943505 0.00609814129 0 0 0
volume_proxy 356 -0.150406389 0.84530582 -0.00605057259 0 0 0
volume_proxy 375 1.1112236 -0.881380812 0.0101510157 0 0 0
volume_proxy 388 0.518088876 0.0669060248 -0.000795641066 0 0 0
volume_proxy 802 1.42865571 -0.32433708 -0.0104346049 0 0 0
volume_proxy 1052 -0.844792114 -0.860311572 0.00687924181 0 0 0
volume_proxy 1066 0.21968291 0.10790408 -0.00813927056 0 0 0
volume_proxy 1120 -0.21345776 0.0785229338 -0.00505676682 0 0 0
volume_proxy 1166 -0.520019066 0.413675338 -0.00581820725 0 0 0
volume_proxy 1169 0.976954912 -0.914889062 -0.00354974041 0 0 0
volume_proxy 1193 -1.19092288 -0.291225323 0.00630166049 0 0 0
volume_proxy 1225 -0.363111663 -0.0972337917 -0.0045285807 0 0 0
volume_proxy 1245 -1.39101678 0.363423679 0.00354350545 0 0 0
volume_proxy 1280 -1.26640016 0.44289856 0.000714092539 0 0 0
volume_proxy 1285 -1.00926903 0.145580332 0.00536331888 0 0 0
volume_proxy 1295 -0.675956576 0.185985764 -0.00129009386 0 0 0
volume_proxy 1296 0.544790146 -0.207115445 -0.000740222836 0 0 0
volume_proxy 1335 0.260734134 -0.786078362 -0.00346347083 0 0 0
volume_proxy 1340 1.05160246 0.456409474 0.00121774661 0 0 0
volume_proxy 1380 0.153594169 0.491998139 -0.00137237217 0 0 0
volume_proxy 1386 0.00646169283 0.169990962 0.00827560959 0 0 0
volume_proxy 1397 0.945110584 0.360685358 0.00059231171 0 0 0
volume_proxy 1409 0.0338185845 0.993932151 0.00369866462 0 0 0
volume_proxy 1413 1.45064169 0.445557718 8.57467404e-07 0 0 0
volume_proxy 1420 -0.919313561 -0.381966237 -0.00486510956 0 0 0
volume_proxy 1422 0.750104498 -0.742087426 -0.00926657434 0 0 0
volume_proxy 1429 0.853365827 -0.430182076 -0.00435904512 0 0 0
volume_proxy 1433 1.47725582 0.677800163 0.00602685908 0 0 0
volume_proxy 1434 0.14744544 -0.765615263 -0.0107244874 0 0 0
volume_proxy 1437 0.00250112244 0.0376908001 -0.00907413845 0 0 0
volume_proxy 1439 -0.141450584 0.482025409 0.0104895362 0 0 0
volume_proxy 1447 0.472581509 -0.838301815 -0.00929890783 0 0 0
volume_proxy 1459 -0.453382778 0.367280564 0.00682605211 0 0 0
volume_proxy 1460 1.37816232 0.954614972 -0.00445401138 0 0 0
volume_proxy 1461 -1.11452052 0.590799751 0.00565078698 0 0 0
volume_proxy 1466 -1.01733353 -0.0296793666 -0.00165864309 0 0 0
volume_proxy 1470 -1.11577373 -0.566547731 0.0105821783 0 0 0
volume_proxy 1472 -1.23261738 0.622619405 0.00373524532 0 0 0
volume_proxy 1474 1.00506157 -0.826325479 0.00467967781 0 0 0
volume_proxy 1481 1.21209385 0.869090193 -0.000334322921 0 0 0
volume_proxy 1482 0.791800287 -0.43631813 0.00474004368 0 0 0
volume_proxy 1485 0.345199385 -0.987470468 -0.00452421702 0 0 0
volume_proxy 1486 0.971513427 -0.415100781 -0.0103332623 0 0 0
volume_proxy 1489 0.439771116 -0.220485112 0.00872541408 0 0 0
volume_proxy 1490 1.4530444 0.833368992 0.00463295341 0 0 0
volume_proxy 1492 0.314001184 0.448365313 0.00570733564 0 0 0
volume_proxy 1493 0.253099425 -0.167284108 -0.0091426863 0 0 0
volume_proxy 1494 0.894960397 0.195295115 0.00447159891 0 0 0
volume_proxy 1496 -1.46399795 0.520508212 -0.00216808609 0 0 0
volume_proxy 1498 -0.842578222 0.264740971 -0.000736323195 0 0 0
volume_proxy 1501 -0.669126873 -0.806997515 -0.00282434061 0 0 0
volume_proxy 1503 -0.103306175 0.242529986 0.00807499904 0 0 0
volume_proxy 1506 0.313408578 0.997627677 0.0107018991 0 0 0
volume_proxy 1507 -1.09038688 -0.305157741 -0.00571351786 0 0 0
volume_proxy 1508 -0.466760745 -0.854570586 0.0103176365 0 0 0
volume_proxy 1509 -1.41740655 0.677427689 -0.0103184342 0 0 0
volume_proxy 1510 0.273008194 -0.711141909 -0.00904444966 0 0 0
volume_proxy 1511 1.07975204 0.868873964 -0.000547278036 0 0 0
volume_proxy 1513 -0.890629756 0.954806911 -0.00834392632 0 0 0
volume_proxy 1515 0.997368546 0.337002545 0.000885391646 0 0 0
volume_proxy 1516 -0.502912388 -0.435976968 0.00601414614 0 0 0
volume_proxy 1517 -0.72798842 -0.975444295 -0.00463827968 0 0 0
volume_proxy 1518 -1.07633683 0.0460298557 0.0083321302 0 0 0
volume_proxy 1519 0.00323257705 -0.121460277 -0.0101661053 0 0 0
volume_proxy 1520 -0.0289923868 -0.489029807 -0.00413541244 0 0 0
volume_proxy 1521 -0.462464417 0.374053216 -0.00503338922 0 0 0
volume_proxy 1522 -0.0153725254 0.631161497 0.00605608329 0 0 0
volume_proxy 1523 1.20622442 -0.305777537 -0.00153681175 0 0 0
volume_proxy 1524 1.09970151 -0.439519944 0.00143911696 0 0 0
volume_proxy 1525 -1.11571534 0.538088173 0.0101255427 0 0 0
