volume_proxy 0 -0.812611836 -0.83049359 0.0037409349 0 0 0
volume_proxy 6 -0.0433505982 0.346964372 -0.00680377594 0 0 0
volume_proxy 11 1.39218936 0.861721974 0.00334217049 0 0 0
volume_proxy 12 1.06167461 -0.807041822 0.00956637505 0 0 0
volume_proxy 14 -0.980754033 0.048943317 0.00157000806 0 0 0
volume_proxy 23 0.552488504 -0.579962855 -0.00620395788 0 0 0
volume_proxy 38 -0.879411937 -0.714769726 -0.00891223811 0 0 0
volume_proxy 40 -0.981930567 -0.184689471 -0.0100077044 0 0 0
volume_proxy 50 -0.65354146 -0.0633338352 -0.0056735464 0 0 0
volume_proxy 53 -1.24911954 0.913354671 0.00567804244 0 0 0
volume_proxy 58 1.46162188 -0.997658281 -0.00196089594 0 0 0
volume_proxy 60 -0.367399255 0.964725667 -0.00568222858 0 0 0
volume_proxy 85 -1.17682073 0.746080883 -0.00584348338 0 0 0
volume_proxy 97 0.795195498 0.577314641 -0.00226620966 0 0 0
volume_proxy 107 0.370545545 -0.304584016 0.00169555923 0 0 0
volume_proxy 127 -1.30923014 -0.490622211 0.00917604226 0 0 0
volume_proxy 130 1.01916113 -0.898579771 0.007158474 0 0 0
volume_proxy 140 -0.303731808 0.0465164464 -0.000241709157 0 0 0
volume_proxy 157 0.279847851 -0.787183591 0.00420942272 0 0 0
volume_proxy 159 1.24572329 0.19582559 -0.00409157606 0 0 0
volume_proxy 161 -0.405293453 0.118876258 -0.00141255629 0 0 0
volume_proxy 176 1.11431839 0.057260969 -0.00198920781 0 0 0
volume_proxy 186 -0.785226126 -0.199680277 -0.00994603499 0 0 0
volume_proxy 189 -0.306537765 -0.341776168 -0.00640545341 0 0 0
volume_proxy 195 -1.06636967 -0.659543186 -0.00222449523 0 0 0
volume_proxy 196 0.389902575 0.740510465 0.00986011893 0 0 0
volume_proxy 200 -0.541483471 0.443433651 0.00100440056 0 0 0
volume_proxy 202 -0.167709197 0.75930687 0.00129935993 0 0 0
volume_proxy 209 -1.10064692 -0.214447306 0.0105640912 0 0 0
volume_proxy 210 0.0257870935 0.464013098 0.00454449844 0 0 0
volume_proxy 226 0.457546096 -0.914366947 -0.00359456533 0 0 0
volume_proxy 236 1.21023567 -0.820237475 0.00367495359 0 0 0
volume_proxy 247 0.501059159 -0.211614972 -0.00249701659 0 0 0
volume_proxy 256 -0.504829063 0.931478246 -0.00276148048 0 0 0
volume_proxy 259 0.260179747 -0.0587073435 -0.000721345655 0 0 0
volume_proxy 269 -0.608981229 -0.108257605 -0.00915833541 0 0 0
volume_proxy 277 -0.703692253 -0.843228411 0.00699251852 0 0 0
volume_proxy 296 -1.22582649 0.841248138 0.00211743228 0 0 0
volume_proxy 305 0.226504374 -0.554158336 0.00365822842 0 0 0
volume_proxy 310 0.628557356 0.50312464 0.00104579621 0 0 0
volume_proxy 344 -1.31976135 -0.226571778 -0.00661063436 0 0 0
volume_proxy 347 -0.162887369 0.757567787 -0.00748928134 0 0 0
volume_proxy 356 -0.0258334161 0.136298336 0.0104827854 0 0 0
volume_proxy 375 0.910099075 -0.619028887 0.00385341717 0 0 0
volume_proxy 388 1.31312612 -0.929752824 -0.00681013738 0 0 0
volume_proxy 802 0.531951931 0.312197596 0.00876740023 0 0 0
volume_proxy 1052 -1.18218955 -0.520404607 -0.00421761242 0 0 0
volume_proxy 1066 0.0257502151 0.611236917 0.00715294005 0 0 0
volume_proxy 1120 -0.359932312 0.655716353 -0.00231476304 0 0 0
volume_proxy 1166 -1.12288337 -0.463034877 -0.000925487613 0 0 0
volume_proxy 1193 -1.18966352 -0.417262627 -0.00191121756 0 0 0
volume_proxy 1225 -0.952380606 -0.677109885 0.00571525248 0 0 0
volume_proxy 1245 -1.38483967 0.228530549 -0.0105514444 0 0 0
volume_proxy 1280 -0.954014224 0.778433384 -0.00952543855 0 0 0
volume_proxy 1285 -1.41813507 0.327861307 0.00395186007 0 0 0
volume_proxy 1295 0.675430742 0.0860563633 -0.00109551528 0 0 0
volume_proxy 1296 -0.16694811 -0.984570825 -0.0103899321 0 0 0
volume_proxy 1340 0.959722595 -0.00390852911 0.000941968377 0 0 0
volume_proxy 1380 -1.34068932 -0.0824385285 0.00630388929 0 0 0
volume_proxy 1386 1.30331887 0.535459988 -0.0105650316 0 0 0
volume_proxy 1397 0.47751943 0.824552485 -0.00683002079 0 0 0
volume_proxy 1409 -0.271912381 0.418701651 -0.00630436018 0 0 0
volume_proxy 1413 1.0013229 0.983854909 -0.00813824326 0 0 0
volume_proxy 1422 0.741605774 -0.655733589 -0.005726446 0 0 0
volume_proxy 1433 1.19406549 0.477990933 -0.0106148801 0 0 0
volume_proxy 1437 -0.0256609216 -0.532767527 -0.0076708604 0 0 0
volume_proxy 1459 -0.968478363 -0.160346094 -0.000176731298 0 0 0
volume_proxy 1460 -0.127645538 0.876717641 -0.00629987876 0 0 0
volume_proxy 1461 -1.49952089 0.808413039 -0.00894395019 0 0 0
volume_proxy 1466 -0.285428406 0.558385611 -0.00667926846 0 0 0
volume_proxy 1472 -1.29691832 0.718820118 0.00451421411 0 0 0
volume_proxy 1474 1.39201368 -0.0125629003 -0.00154262861 0 0 0
volume_proxy 1481 0.252978641 0.689892716 0.00542833572 0 0 0
volume_proxy 1482 1.25495636 0.744456435 -0.00395026015 0 0 0
volume_proxy 1485 0.574296943 -0.283662656 -0.0102326326 0 0 0
volume_proxy 1489 0.365443978 -0.704676038 -0.0091253816 0 0 0
volume_proxy 1490 0.681290828 0.905235154 0.00667820173 0 0 0
volume_proxy 1496 -1.17304515 0.821105539 0.00994565958 0 0 0
volume_proxy 1498 -0.318940502 0.246690111 -0.00899027677 0 0 0
volume_proxy 1503 -1.04241778 -0.666786117 -0.00704369649 0 0 0
volume_proxy 1506 0.238844296 0.773033658 0.00879967833 0 0 0
volume_proxy 1507 -1.25759247 -0.105804302 0.00519110051 0 0 0
volume_proxy 1508 -0.24907608 -0.20378213 -0.00722363318 0 0 0
volume_proxy 1509 -1.33737061 -0.213856778 -0.00713954106 0 0 0
volume_proxy 1510 -0.0827001975 -0.922229052 0.00370532073 0 0 0
volume_proxy 1511 1.31150656 0.545900178 0.00349149474 0 0 0
volume_proxy 1513 -1.30396847 0.733833778 0.00776268046 0 0 0
volume_proxy 1515 0.665138705 -0.883536005 -0.00944802977 0 0 0
volume_proxy 1516 -0.193077254 -0.994410012 0.0086576226 0 0 0
volume_proxy 1517 -1.20498465 -0.338134698 0.0051125103 0 0 0
volume_proxy 1519 -0.0395311116 -0.654203975 -0.00394080273 0 0 0
volume_proxy 1520 0.278647728 -0.341074224 -0.00981155304 0 0 0
volume_proxy 1521 -1.26902353 -0.716459064 -0.00538021671 0 0 0
volume_proxy 1523 0.362705722 -0.431670747 -0.00412107977 0 0 0
volume_proxy 1525 -0.858360394 0.906990002 0.00277998871 0 0 0
volume_proxy 1526 0.955503642 -0.761514644 0.00616732507 0 0 0
volume_proxy 1528 0.7021559 -0.633991004 0.0042517268 0 0 0
volume_proxy 1529 -1.01504268 0.290477176 0.0100063955 0 0 0
volume_proxy 1531 0.286680769 0.452495923 0.00579113258 0 0 0
volume_proxy 1533 0.991505334 -0.0359682994 -0.0097952654 0 0 0
volume_proxy 1534 0.199807886 0.741323912 0.00943309798 0 0 0
volume_proxy 1535 0.802394207 0.73701763 0.00230579911 0 0 0
volume_proxy 1536 -0.294089344 -0.496097713 0.00363738573 0 0 0
volume_proxy 1537 -0.370067004 -0.895974948 -0.00722150537 0 0 0
volume_proxy 1538 1.22370043 -0.315545788 -0.00503651041 0 0 0
