volume_proxy 0 1.40481397 0.0943856381 -0.00482691645 0 0 0
volume_proxy 5 0.372853985 0.380160118 0.00932653598 0 0 0
volume_proxy 6 0.538160078 -0.0108799464 0.000761845671 0 0 0
volume_proxy 11 0.585224447 0.33193108 -0.00850130719 0 0 0
volume_proxy 12 1.31720712 -0.37824668 0.0107339673 0 0 0
volume_proxy 14 0.246788505 0.100321659 0.00154376047 0 0 0
volume_proxy 23 -0.530260829 0.0774176407 0.00253680247 0 0 0
volume_proxy 38 0.639398117 -0.218386887 0.00736678819 0 0 0
volume_proxy 40 0.083584876 -0.954683115 0.0102396827 0 0 0
volume_proxy 50 -0.631954239 -0.546226362 0.00171345169 0 0 0
volume_proxy 53 -0.327082907 -0.634855274 -0.00695414971 0 0 0
volume_proxy 58 1.20283588 -0.595922547 -0.0031790749 0 0 0
volume_proxy 60 0.169313305 0.824395035 0.00343263157 0 0 0
volume_proxy 61 -0.0307939596 -0.822107767 0.00773647197 0 0 0
volume_proxy 72 0.195985426 -0.541973158 0.00477551828 0 0 0
volume_proxy 81 -0.787260709 -0.92377879 -0.00888184992 0 0 0
volume_proxy 85 -0.500535173 0.110867369 0.00888572767 0 0 0
volume_proxy 88 -0.921436657 -0.412884234 0.00681899225 0 0 0
volume_proxy 97 1.45267564 -0.476912152 0.00509654235 0 0 0
volume_proxy 101 -1.13560042 0.871164758 0.00118584011 0 0 0
volume_proxy 105 0.013849534 -0.965868012 0.000693304941 0 0 0
volume_proxy 106 -0.0502837586 -0.86385466 -0.00515506567 0 0 0
volume_proxy 107 0.941679253 0.121668207 0.00890509374 0 0 0
volume_proxy 108 1.43119577 0.390405491 0.00138229985 0 0 0
volume_proxy 127 -0.899222323 0.361082764 0.00102734733 0 0 0
volume_proxy 130 0.940217892 0.395461764 0.00758548678 0 0 0
volume_proxy 132 0.630303476 0.697214465 0.00204706422 0 0 0
volume_proxy 140 -0.383384782 0.594478495 -0.00654976025 0 0 0
volume_proxy 145 -1.08427478 -0.988384737 0.00736806637 0 0 0
volume_proxy 157 0.387092006 0.219247506 0.00203933151 0 0 0
volume_proxy 159 -0.248003837 -0.634444238 -0.00292750649 0 0 0
volume_proxy 161 -0.257007374 -0.196952588 -0.000570633439 0 0 0
volume_proxy 176 0.316348782 -0.853179776 0.00891471183 0 0 0
volume_proxy 178 -1.28713131 0.874049228 -0.00365379497 0 0 0
volume_proxy 186 0.0648489343 0.839536636 0.0043201686 0 0 0
volume_proxy 189 -1.17942632 0.456083489 0.000139187011 0 0 0
volume_proxy 195 -0.247293726 -0.228937251 0.00274233741 0 0 0
volume_proxy 196 0.520398356 0.393298017 -0.00644773729 0 0 0
volume_proxy 200 -0.0691800788 -0.720090595 0.00809270976 0 0 0
volume_proxy 202 -1.22385678 0.896789031 -0.000554918592 0 0 0
volume_proxy 209 -0.868632342 -0.402482395 0.0029232505 0 0 0
volume_proxy 210 -0.351926942 0.199255535 -0.00506979215 0 0 0
volume_proxy 224 0.705297586 -0.831394578 -0.00135206647 0 0 0
volume_proxy 226 -0.642738428 -0.206118733 -0.010476045 0 0 0
volume_proxy 236 0.378707443 0.150395003 0.00714840662 0 0 0
volume_proxy 244 1.37369767 0.659356637 0.0041881628 0 0 0
volume_proxy 247 0.762245755 0.262673984 -0.0106281668 0 0 0
volume_proxy 256 -0.209562539 -0.648509665 1.46980391e-06 0 0 0
volume_proxy 259 0.236509653 -0.290935654 0.00293289566 0 0 0
volume_proxy 269 0.13405998 -0.805804248 -0.00840555199 0 0 0
volume_proxy 276 0.771526031 -0.27334703 0.0018008991 0 0 0
volume_proxy 277 -0.566246299 -0.360240616 0.0103404062 0 0 0
volume_proxy 294 0.762624163 0.423549428 0.00627814448 0 0 0
volume_proxy 296 0.164620182 -0.0410062595 0.00868323657 0 0 0
volume_proxy 298 1.22744854 -0.534302991 -0.00798545513 0 0 0
volume_proxy 305 0.656840539 -0.15126933 -0.00847296519 0 0 0
volume_proxy 310 1.34626253 0.457246707 0.00688992495 0 0 0
volume_proxy 311 1.30845802 -0.0922516303 0.000311899447 0 0 0
volume_proxy 329 -1.10713886 0.121045585 -0.0014067351 0 0 0
volume_proxy 337 -0.848040168 0.45122069 5.22550966e-05 0 0 0
volume_proxy 344 0.270663409 0.345995194 0.010076259 0 0 0
volume_proxy 347 -0.724490736 -0.79381882 0.00345795091 0 0 0
volume_proxy 349 0.578911421 -0.193294639 -0.00618160895 0 0 0
volume_proxy 356 0.456089989 0.349073578 0.00231188126 0 0 0
volume_proxy 358 0.960647983 0.702160488 -0.0042820626 0 0 0
volume_proxy 375 1.0237819 -0.111335385 -0.000898257518 0 0 0
volume_proxy 388 -1.11556941 0.452958034 -0.0010286162 0 0 0
volume_proxy 399 0.610451365 -0.479010875 -0.003151359 0 0 0
volume_proxy 409 0.324763982 -0.764791983 0.00675238451 0 0 0
volume_proxy 431 -1.35045621 -0.898247077 0.0104951306 0 0 0
volume_proxy 512 0.287423311 -0.956494333 -0.00499205108 0 0 0
volume_proxy 518 1.4710441 0.782511689 0.00754080642 0 0 0
volume_proxy 591 -0.481636471 0.332469805 -0.00479812948 0 0 0
volume_proxy 682 0.312426201 -0.457126385 -0.0087849276 0 0 0
volume_proxy 725 -1.37142971 -0.90428425 0.00330980104 0 0 0
volume_proxy 751 -0.617508231 -0.940722088 -0.00254023783 0 0 0
volume_proxy 802 0.864484675 -0.54103469 0.00615069429 0 0 0
volume_proxy 814 0.141791819 0.263814962 0.00158296251 0 0 0
volume_proxy 876 -0.00425001888 -0.46760954 0.00245385099 0 0 0
volume_proxy 904 -0.490993222 0.613730508 -0.00786723236 0 0 0
volume_proxy 914 0.0953148877 -0.54282544 -0.000265967464 0 0 0
volume_proxy 929 -1.08799072 -0.395201883 -0.00535926964 0 0 0
volume_proxy 944 0.521369185 -0.802856574 0.0031703682 0 0 0
volume_proxy 991 -1.07086656 -0.829904733 -0.00260374151 0 0 0
volume_proxy 1020 -1.08782895 0.72128282 0.0080557875 0 0 0
volume_proxy 1021 -0.721081077 -0.937112628 -0.00361395653 0 0 0
volume_proxy 1042 0.917926628 0.722934975 -0.00689268235 0 0 0
volume_proxy 1050 -1.34539719 -0.271136814 0.000582131382 0 0 0
volume_proxy 1052 -0.154157507 -0.0523547535 -0.00236784808 0 0 0
volume_proxy 1066 0.63493075 0.545027262 0.00955216548 0 0 0
volume_proxy 1093 -0.112816646 -0.541438236 0.0069680029 0 0 0
volume_proxy 1098 0.635965472 0.811211767 -0.00596824479 0 0 0
volume_proxy 1118 -0.137362241 -0.628611349 0.00181439794 0 0 0
volume_proxy 1120 -0.424865854 0.56889865 0.0105429396 0 0 0
volume_proxy 1133 0.703425311 -0.679687836 0.00116215175 0 0 0
volume_proxy 1137 -0.452664892 0.123975885 0.00715227363 0 0 0
volume_proxy 1138 1.38735716 -0.951944897 -0.007769591 0 0 0
volume_proxy 1151 0.758260041 -0.967990674 -0.00925098876 0 0 0
volume_proxy 1166 -1.00069351 0.553370889 0.00604087534 0 0 0
volume_proxy 1169 1.36701501 -0.844739099 0.00245827283 0 0 0
volume_proxy 1172 0.00110844907 0.405829874 -0.00742608306 0 0 0
volume_proxy 1180 -0.898967293 0.153995737 0.00226946597 0 0 0
volume_proxy 1186 -0.697795331 -0.948775334 0.00256371869 0 0 0
volume_proxy 1193 -0.928371161 -0.242010425 0.00646940765 0 0 0
volume_proxy 1195 -1.39391214 -0.500327928 0.0029329173 0 0 0
volume_proxy 1197 -0.5901692 -0.597626816 0.00714173337 0 0 0
volume_proxy 1208 -0.544029433 -0.278814061 0.00441839153 0 0 0
volume_proxy 1209 -1.22275015 0.419607792 0.00600965867 0 0 0
volume_proxy 1210 -0.999645075 0.906792778 0.00650836406 0 0 0
volume_proxy 1217 -0.39047138 0.416724198 0.00680826616 0 0 0
volume_proxy 1219 -0.964673732 0.38833486 -0.0086589697 0 0 0
volume_proxy 1223 1.45620918 0.258274574 0.00684667672 0 0 0
volume_proxy 1225 0.0649071807 -0.341737685 0.00599518796 0 0 0
volume_proxy 1230 0.973056503 -0.284223295 -0.00797828457 0 0 0
volume_proxy 1231 -1.44758853 -0.106625375 -0.00612783404 0 0 0
volume_proxy 1237 -0.00183521895 0.918315156 -0.00408460338 0 0 0
volume_proxy 1238 0.348652361 0.717635891 -0.00156020004 0 0 0
volume_proxy 1245 -1.48509202 0.88958103 0.00784756475 0 0 0
volume_proxy 1255 1.21406387 -0.705317602 0.00807703613 0 0 0
volume_proxy 1259 -0.779378038 0.815268146 -0.000963129406 0 0 0
volume_proxy 1264 0.168640805 -0.507517886 0.00491208519 0 0 0
volume_proxy 1270 0.203651746 0.0814567811 -0.000510176112 0 0 0
volume_proxy 1273 -0.613852086 0.451648336 0.00618722127 0 0 0
volume_proxy 1280 -1.00490922 0.251455243 0.0057422928 0 0 0
volume_proxy 1285 -1.389848 0.776692619 0.00184195767 0 0 0
volume_proxy 1292 0.0662064354 0.111347643 0.00749684926 0 0 0
volume_proxy 1293 -0.406764785 -0.999021392 0.00483230757 0 0 0
volume_proxy 1294 1.00206498 0.706641126 -0.00517198538 0 0 0
volume_proxy 1295 -1.33585772 0.776364173 0.000909831721 0 0 0
volume_proxy 1296 0.00674807473 -0.0532597012 -0.00173550579 0 0 0
volume_proxy 1297 -0.153951208 -0.793638704 0.00669836741 0 0 0
volume_proxy 1298 -1.22614142 -0.966531673 -0.00165423882 0 0 0
volume_proxy 1301 -0.26521465 0.803028222 0.00628496756 0 0 0
volume_proxy 1303 -0.691922171 0.84224666 -0.0028168611 0 0 0
volume_proxy 1308 -0.350352184 0.325510537 -0.000678842383 0 0 0
volume_proxy 1315 -1.15718811 -0.628127894 0.0059995256 0 0 0
volume_proxy 1318 0.774261958 -0.61345944 0.00995490909 0 0 0
volume_proxy 1325 -0.320132154 -0.767006802 -0.00133201821 0 0 0
volume_proxy 1326 -0.260801105 0.141794308 -0.00324265138 0 0 0
volume_proxy 1329 0.901686132 0.835713579 0.000803361854 0 0 0
volume_proxy 1330 0.558487006 0.308448801 -0.00283954132 0 0 0
volume_proxy 1331 0.34722547 0.13946674 -0.00473228812 0 0 0
volume_proxy 1334 -1.3613086 -0.0806139549 0.00387435115 0 0 0
volume_proxy 1335 0.356514591 -0.327893946 0.0045746014 0 0 0
volume_proxy 1336 0.599330622 -0.136075364 -0.000641128035 0 0 0
volume_proxy 1337 0.0792041583 0.316069591 0.000349631047 0 0 0
volume_proxy 1340 0.372266312 0.653571649 0.00530851297 0 0 0
volume_proxy 1341 -0.812886344 -0.515271146 0.00128098289 0 0 0
volume_proxy 1345 0.398366188 -0.848366857 0.0042974436 0 0 0
volume_proxy 1347 -0.209021193 0.310985544 -0.000124341388 0 0 0
volume_proxy 1348 0.925823299 -0.516499022 0.00522767062 0 0 0
volume_proxy 1349 -1.45561015 -0.285170598 -0.00516612906 0 0 0
volume_proxy 1353 1.09143852 -0.251016225 0.00431092308 0 0 0
volume_proxy 1354 -0.293450085 -0.19906942 0.000401781941 0 0 0
volume_proxy 1357 -1.39183178 -0.134938186 0.00991508473 0 0 0
volume_proxy 1358 -0.460764593 -0.321830617 0.00240887083 0 0 0
volume_proxy 1360 -1.49591279 -0.986927883 -0.00182488985 0 0 0
volume_proxy 1361 1.24391968 0.927870974 -0.000488791589 0 0 0
volume_proxy 1366 1.04060704 0.606917556 -0.00457681286 0 0 0
volume_proxy 1367 -0.449904628 -0.873146664 0.000521168639 0 0 0
volume_proxy 1368 0.90693501 -0.88641055 -0.00693992697 0 0 0
volume_proxy 1369 1.06195689 0.926013181 -0.00627472693 0 0 0
volume_proxy 1376 0.927569401 -0.288314943 -0.00412000565 0 0 0
volume_proxy 1378 0.503285797 -0.51212537 0.00238694305 0 0 0
volume_proxy 1379 0.560931641 0.506826189 -0.0100471802 0 0 0
volume_proxy 1380 -0.373496983 0.559614868 -0.00492012227 0 0 0
volume_proxy 1381 0.787154481 0.598282445 -0.00851447024 0 0 0
volume_proxy 1382 -0.346893755 -0.102232002 -0.00321430239 0 0 0
volume_proxy 1383 -1.42510877 0.661545319 0.0095018702 0 0 0
volume_proxy 1384 0.533442827 0.296791495 0.00891620004 0 0 0
volume_proxy 1385 1.07880288 0.782702624 -0.00859197428 0 0 0
volume_proxy 1386 0.571155595 0.638096595 0.00738898673 0 0 0
volume_proxy 1388 0.144318075 0.173517619 0.00976802262 0 0 0
volume_proxy 1389 -0.0794496377 0.688910845 0.0102122884 0 0 0
volume_proxy 1390 -1.45019325 0.479833259 -0.00298928901 0 0 0
volume_proxy 1391 0.524559533 -0.0266383918 0.00662104598 0 0 0
volume_proxy 1392 -0.238915242 -0.8675708 -0.00560706394 0 0 0
volume_proxy 1394 1.04855431 0.697103185 0.00798780899 0 0 0
volume_proxy 1395 1.22700864 0.131613877 -0.00976511657 0 0 0
volume_proxy 1396 -0.890395792 -0.674158029 0.0102838532 0 0 0
volume_proxy 1397 -0.518932889 0.441352224 -0.00198382829 0 0 0
volume_proxy 1398 -0.846072485 0.362414852 0.0101223832 0 0 0
volume_proxy 1401 1.00968361 0.661485424 0.00368399483 0 0 0
volume_proxy 1403 0.772807355 0.0940458943 -0.00973434974 0 0 0
volume_proxy 1404 0.859694883 0.66046972 0.000805698477 0 0 0
volume_proxy 1405 0.778928679 0.105879091 -0.00634176526 0 0 0
volume_proxy 1406 -0.19568894 -0.444380989 -0.00511314144 0 0 0
volume_proxy 1407 1.43973537 0.220468004 -0.0052448887 0 0 0
volume_proxy 1408 -0.00293753239 0.632640465 0.0101762742 0 0 0
