volume_proxy 0 -0.0510359943 0.65079889 0.00213462214 0 0 0
volume_proxy 5 1.43357974 -0.505421442 -0.00711423188 0 0 0
volume_proxy 6 -0.0362425705 0.444779672 -0.00454895577 0 0 0
volume_proxy 11 1.15894243 0.553307798 -6.57653394e-05 0 0 0
volume_proxy 12 0.612457925 -0.377660614 0.00179912713 0 0 0
volume_proxy 14 -0.822207303 0.504747847 -0.0075573388 0 0 0
volume_proxy 23 1.16499112 -0.98147919 -0.00916950785 0 0 0
volume_proxy 38 -0.697525606 -0.958077142 0.00604705789 0 0 0
volume_proxy 40 -1.37168216 0.248463718 0.00390421908 0 0 0
volume_proxy 50 -1.03500848 -0.586112152 0.0106559747 0 0 0
volume_proxy 53 -1.09396408 0.535635038 0.00941027379 0 0 0
volume_proxy 58 0.865171152 -0.955452018 0.00342861551 0 0 0
volume_proxy 60 -0.0522993176 0.129150982 -0.00555320862 0 0 0
volume_proxy 85 -0.878067076 0.800295071 0.0063271963 0 0 0
volume_proxy 97 0.526061453 0.86650952 -0.00282922375 0 0 0
volume_proxy 107 1.24268595 0.0592060655 -0.00949543702 0 0 0
volume_proxy 127 -1.32689803 -0.997752349 -0.00915827059 0 0 0
volume_proxy 130 0.583060709 0.849453823 0.00512599664 0 0 0
volume_proxy 140 -1.0567438 0.819767068 -0.00590602506 0 0 0
volume_proxy 157 0.697881999 0.0954389363 0.00669832433 0 0 0
volume_proxy 159 1.3672355 0.367195665 0.00835734894 0 0 0
volume_proxy 161 0.219880801 0.428709334 -0.00227676038 0 0 0
volume_proxy 176 0.945329725 -0.358174474 -0.00933601324 0 0 0
volume_proxy 186 -0.852678778 -0.485293566 -0.0070134608 0 0 0
volume_proxy 189 -1.19059704 0.752984311 -0.00621263686 0 0 0
volume_proxy 195 -0.982356373 -0.670584479 0.00155177494 0 0 0
volume_proxy 196 0.760807187 0.0985654732 -0.00619863783 0 0 0
volume_proxy 200 -0.749092262 -0.720910763 -0.00920326185 0 0 0
volume_proxy 202 0.423745964 0.684300355 0.0054507207 0 0 0
volume_proxy 209 -1.02899629 -0.143723898 -0.00406983898 0 0 0
volume_proxy 210 -0.625004147 0.806250504 -0.00484049178 0 0 0
volume_proxy 226 -0.120364407 -0.608303756 0.00676490961 0 0 0
volume_proxy 236 1.42330476 0.0610656592 -0.010065423 0 0 0
volume_proxy 247 0.87834855 0.862265691 -0.00453921279 0 0 0
volume_proxy 256 -0.962595126 0.811609035 0.0100963704 0 0 0
volume_proxy 259 0.372216999 0.916683644 -0.00167734063 0 0 0
volume_proxy 269 -0.63346858 0.309185594 0.00861083102 0 0 0
volume_proxy 277 -1.4150833 -0.23246253 0.00241016529 0 0 0
volume_proxy 296 -1.45294392 0.569027632 0.00452413681 0 0 0
volume_proxy 305 0.906093323 -0.775684075 0.003963565 0 0 0
volume_proxy 310 -0.204075108 -0.232691392 -0.000401958863 0 0 0
volume_proxy 344 -1.15802218 0.44164972 -0.0024714668 0 0 0
volume_proxy 347 0.212955657 0.864227796 0.00872350095 0 0 0
volume_proxy 356 -0.795021157 0.34977151 0.000354004238 0 0 0
volume_proxy 375 0.764249676 -0.763978325 4.46771755e-05 0 0 0
volume_proxy 388 1.38941043 -0.19546632 0.00820908243 0 0 0
volume_proxy 802 1.00314804 -0.0428855409 0.00927573912 0 0 0
volume_proxy 1052 -0.73744942 -0.692426809 -0.00954763138 0 0 0
volume_proxy 1066 -0.630269555 -0.193203036 -0.00264671494 0 0 0
volume_proxy 1120 -0.294652035 -0.110124434 0.0102822238 0 0 0
volume_proxy 1166 -0.754615535 0.00404462937 -0.000235423068 0 0 0
volume_proxy 1169 1.25503395 -0.544667358 0.00101501362 0 0 0
volume_proxy 1193 -1.09543589 -0.798309541 -0.00503163841 0 0 0
volume_proxy 1225 -0.192573259 -0.301176454 0.010325558 0 0 0
volume_proxy 1245 -1.45930474 -0.420180318 0.00411593212 0 0 0
volume_proxy 1280 -0.477281616 0.781957764 -0.00501764193 0 0 0
volume_proxy 1285 -1.11539485 0.374665615 0.00642063992 0 0 0
volume_proxy 1295 0.0774327732 0.251515592 0.00804784539 0 0 0
volume_proxy 1296 0.276735394 -0.586081213 -0.00351368711 0 0 0
volume_proxy 1340 1.12555471 0.998097077 0.00281914984 0 0 0
volume_proxy 1380 -0.170135768 0.736965224 -0.00906583636 0 0 0
volume_proxy 1386 1.37619813 0.250075221 0.00844774052 0 0 0
volume_proxy 1397 1.06710646 0.7279084 -0.00835424151 0 0 0
volume_proxy 1409 -0.316742671 0.352915653 0.00100334286 0 0 0
volume_proxy 1413 0.504083513 0.983188656 0.00408324485 0 0 0
volume_proxy 1422 0.620089634 -0.0726630103 0.00473659023 0 0 0
volume_proxy 1433 1.33228087 0.877528472 -0.00217762507 0 0 0
volume_proxy 1434 -0.130162031 -0.812080975 -0.0104297226 0 0 0
volume_proxy 1437 -0.0429282817 -0.139455079 -0.00886377499 0 0 0
volume_proxy 1439 -0.0205809346 0.794443758 0.000562124141 0 0 0
volume_proxy 1447 1.00972842 0.0459500265 -0.010292028 0 0 0
volume_proxy 1459 -1.36082807 0.422573546 0.00267989894 0 0 0
volume_proxy 1460 -0.0961579946 0.409890767 -0.00198042685 0 0 0
volume_proxy 1461 -0.765848079 0.70483892 -0.00865941904 0 0 0
volume_proxy 1466 -0.853109138 -0.189964485 0.000107703667 0 0 0
volume_proxy 1472 -0.801777788 0.555760488 -0.00253202107 0 0 0
volume_proxy 1474 0.775594803 -0.874381808 -0.00726137976 0 0 0
volume_proxy 1481 0.770697385 0.466478939 -0.00584081655 0 0 0
volume_proxy 1482 0.898835259 0.0663342356 -0.00718513075 0 0 0
volume_proxy 1485 0.539396517 -0.228216857 -0.00894077403 0 0 0
volume_proxy 1489 0.365553744 -0.941137625 -0.00230795492 0 0 0
volume_proxy 1490 0.969964422 0.705262413 -0.00273823623 0 0 0
volume_proxy 1494 1.15757656 -0.200569713 -0.00449661513 0 0 0
volume_proxy 1496 -1.12063669 0.180347724 -0.00406198756 0 0 0
volume_proxy 1498 -0.19073076 0.228693741 0.0010190511 0 0 0
volume_proxy 1501 -0.378807062 -0.702249196 -0.000736162228 0 0 0
volume_proxy 1503 0.164647763 0.27449766 -0.0100900093 0 0 0
volume_proxy 1506 0.380512939 0.851355148 -0.00604451455 0 0 0
volume_proxy 1507 -1.08634661 -0.304823076 0.000164731038 0 0 0
volume_proxy 1508 -0.870345064 -0.628512574 0.00421878308 0 0 0
volume_proxy 1509 -1.47401622 0.491516897 -0.00775116714 0 0 0
volume_proxy 1510 0.0350342013 -0.706087194 0.00606402626 0 0 0
volume_proxy 1511 1.427954 0.70100214 -0.00347139919 0 0 0
volume_proxy 1513 -1.34527594 0.728200443 -0.00640300706 0 0 0
volume_proxy 1515 0.629772608 0.00204007002 0.00366808851 0 0 0
volume_proxy 1516 -0.303630898 -0.847379656 -0.000146915735 0 0 0
volume_proxy 1517 -0.634851115 -0.844786988 0.00230317535 0 0 0
volume_proxy 1519 0.0360990175 -0.171051977 -0.0105401169 0 0 0
volume_proxy 1520 0.180980357 -0.0335711283 -0.00471072676 0 0 0
volume_proxy 1521 -1.00485719 -0.423787019 -0.000747009385 0 0 0
volume_proxy 1522 0.389934055 0.777852833 0.003223916 0 0 0
volume_proxy 1523 1.33533134 -0.339372434 -0.00967410799 0 0 0
volume_proxy 1525 -0.885853197 0.986487096 0.00928125259 0 0 0
volume_proxy 1526 1.27247098 -0.334923022 0.00459978325 0 0 0
volume_proxy 1528 0.68626988 -0.982578709 -0.00171332114 0 0 0
volume_proxy 1529 -0.841808092 -0.0294615124 0.00795876011 0 0 0
volume_proxy 1530 -1.13642351 -0.577597849 0.00675555361 0 0 0
volume_proxy 1531 0.597526284 0.54420592 -0.0030591641 0 0 0
