volume_proxy 0 0.982766034 0.0281859027 0.000459372936 0 0 0
volume_proxy 4 1.07088175 0.427898942 0.00660904075 0 0 0
volume_proxy 5 -0.634593094 0.285861824 0.00554504174 0 0 0
volume_proxy 6 1.38243038 0.30433876 0.0084144204 0 0 0
volume_proxy 11 -0.785353677 0.983559211 -0.0102420959 0 0 0
volume_proxy 12 0.348164996 -0.148112704 0.00504753677 0 0 0
volume_proxy 13 -1.13333609 -0.877188818 -0.00534786698 0 0 0
volume_proxy 14 0.651478933 0.186786008 -0.00652505151 0 0 0
volume_proxy 15 -0.414464659 -0.961085484 -0.00805134229 0 0 0
volume_proxy 17 -0.660313443 -0.149810806 0.00491844518 0 0 0
volume_proxy 22 0.73259621 0.461857331 0.00959673029 0 0 0
volume_proxy 23 -0.722137963 -0.117877429 0.00273403188 0 0 0
volume_proxy 31 -0.7493925 0.411957154 0.000821148477 0 0 0
volume_proxy 36 0.571305663 0.97695993 -0.00845120263 0 0 0
volume_proxy 38 0.458039292 0.108801247 0.000369869349 0 0 0
volume_proxy 40 -0.0485535353 -0.740918348 0.0050247412 0 0 0
volume_proxy 46 0.501160158 -0.539818984 0.000421917731 0 0 0
volume_proxy 47 0.751981263 -0.0261872289 -0.00828937266 0 0 0
volume_proxy 49 0.0889139344 -0.526028649 0.00628620576 0 0 0
volume_proxy 50 0.143290969 -0.849698406 -0.00423281699 0 0 0
volume_proxy 52 -1.33661342 -0.58842964 0.000878963201 0 0 0
volume_proxy 53 0.374030045 -0.728216351 -0.000135127016 0 0 0
volume_proxy 57 -1.31919504 -0.167435281 0.00937803023 0 0 0
volume_proxy 58 0.462677773 -0.644554306 0.00576921568 0 0 0
volume_proxy 59 -0.664017609 0.77717316 0.00603627078 0 0 0
volume_proxy 60 -0.151956404 0.511934179 -0.010637884 0 0 0
volume_proxy 61 -1.33045725 -0.196875975 -0.00437560946 0 0 0
volume_proxy 62 -0.096861799 0.318522092 0.00854678725 0 0 0
volume_proxy 64 -0.404809216 -0.0696195583 -0.00349378537 0 0 0
volume_proxy 66 0.613083603 0.855862802 -0.000251851591 0 0 0
volume_proxy 69 -0.772692645 -0.212748145 0.0107533168 0 0 0
volume_proxy 72 0.609606343 -0.0490125415 0.00574798283 0 0 0
volume_proxy 81 -1.32420604 0.279844281 -0.00125976258 0 0 0
volume_proxy 85 -0.302604395 0.363552327 -0.0098156477 0 0 0
volume_proxy 87 1.03168151 0.847416637 -0.00990465838 0 0 0
volume_proxy 88 -1.29750747 0.327578662 -0.0100772529 0 0 0
volume_proxy 94 -0.200878359 -0.786741756 -0.00692060131 0 0 0
volume_proxy 97 0.896515778 -0.203623945 -0.00987253044 0 0 0
volume_proxy 101 -0.782803787 0.37672363 -0.00444034819 0 0 0
volume_proxy 102 0.0808377137 -0.438313378 -0.00317258064 0 0 0
volume_proxy 103 0.327139021 -0.43615704 0.00915052287 0 0 0
volume_proxy 105 -0.509888615 -0.595418546 0.00926373353 0 0 0
volume_proxy 106 -0.42558302 -0.318558577 0.00327863002 0 0 0
volume_proxy 107 0.109008348 0.415599596 0.00870200904 0 0 0
volume_proxy 108 1.14780984 -0.156418245 -0.0038665216 0 0 0
volume_proxy 113 -0.619101417 -0.183925309 -0.00891173524 0 0 0
volume_proxy 125 -0.809434653 -0.095072713 -0.00839914507 0 0 0
volume_proxy 126 0.0409874655 -0.718904272 -0.00975994039 0 0 0
volume_proxy 127 0.172901058 -0.122767513 -0.000821940318 0 0 0
volume_proxy 130 1.09878129 -0.169195951 -0.000506132367 0 0 0
volume_proxy 131 0.81992901 0.470673158 0.00138584613 0 0 0
volume_proxy 132 0.401022437 0.972384393 -1.99263264e-06 0 0 0
volume_proxy 135 0.704962952 -0.779055234 0.0049151216 0 0 0
volume_proxy 140 -0.924291781 0.683738992 -0.00854807558 0 0 0
volume_proxy 145 -0.521710768 -0.430215595 -0.00368799542 0 0 0
volume_proxy 146 1.27940179 -0.293624308 0.00297965709 0 0 0
volume_proxy 149 -1.2865005 0.872857175 0.00902467753 0 0 0
volume_proxy 155 0.719287466 0.336784378 -0.00895641218 0 0 0
volume_proxy 157 0.901040483 0.444123945 0.00260864513 0 0 0
volume_proxy 159 -0.518492196 -0.323245328 0.00468636695 0 0 0
volume_proxy 161 -0.184064952 0.0247484864 0.00696479113 0 0 0
volume_proxy 163 -1.3036816 0.166888824 -0.00322343057 0 0 0
volume_proxy 169 0.866421687 -0.00842114487 -0.000695925588 0 0 0
volume_proxy 173 0.170788139 0.253656443 -0.000769786844 0 0 0
volume_proxy 176 0.0105516398 0.0864953674 -0.00990975476 0 0 0
volume_proxy 178 -0.755420169 0.189303715 0.0058351545 0 0 0
volume_proxy 186 -0.594881207 -0.305658283 -0.00289003853 0 0 0
volume_proxy 189 -0.893277568 0.465690261 -0.00275648563 0 0 0
volume_proxy 194 0.180408101 -0.722480025 0.00525618815 0 0 0
volume_proxy 195 -1.01005107 0.543263664 -0.00757764348 0 0 0
volume_proxy 196 0.412756236 0.531821752 -0.00541261245 0 0 0
volume_proxy 198 1.14926202 -0.645081353 -0.00785773982 0 0 0
volume_proxy 200 -1.10795907 -0.169166254 -0.0102786206 0 0 0
volume_proxy 201 -1.11924663 0.435980531 -0.00177454055 0 0 0
volume_proxy 202 -0.558220698 0.781348718 0.00654789588 0 0 0
volume_proxy 206 0.48258539 -0.524279264 -0.00757233539 0 0 0
volume_proxy 208 -1.2670122 0.355425367 -0.000122298136 0 0 0
volume_proxy 209 -0.962777838 -0.368064187 -0.00732747601 0 0 0
volume_proxy 210 -0.0108798967 0.147387201 -0.00976417551 0 0 0
volume_proxy 212 0.947776474 -0.198875812 -0.0074030285 0 0 0
volume_proxy 213 0.224917665 -0.0747665538 0.00630238213 0 0 0
volume_proxy 223 -1.30541055 0.297081947 -0.000351242252 0 0 0
volume_proxy 224 1.26493108 -0.918320549 0.00926412582 0 0 0
volume_proxy 225 -0.733228567 0.194172429 0.00057256299 0 0 0
volume_proxy 226 -1.08067213 -0.56983536 -0.00471363113 0 0 0
volume_proxy 228 -0.248064664 0.048058918 -0.00268780674 0 0 0
volume_proxy 230 0.35143481 0.905953645 -0.00386861692 0 0 0
volume_proxy 232 0.707995944 0.749765631 0.00763437396 0 0 0
volume_proxy 236 0.782377633 0.204811293 -0.00466632044 0 0 0
volume_proxy 237 0.349690037 0.659469689 -0.0107870886 0 0 0
volume_proxy 242 0.953828396 0.295013292 0.00247311811 0 0 0
volume_proxy 244 0.663994302 0.328030829 -0.00518452387 0 0 0
volume_proxy 247 1.22836327 -0.499803544 0.00607657684 0 0 0
volume_proxy 251 0.364360021 0.713274981 -0.0105374741 0 0 0
volume_proxy 256 0.397011416 -0.48952514 -0.00366469713 0 0 0
volume_proxy 257 0.17132719 0.236799636 0.00517958552 0 0 0
volume_proxy 258 0.472115036 -0.0881009718 -0.00596163574 0 0 0
volume_proxy 259 0.395585037 0.101628562 0.00707987152 0 0 0
volume_proxy 262 -0.847254905 0.231411521 -0.00705144686 0 0 0
volume_proxy 269 1.01373893 -0.176929126 -0.000612291943 0 0 0
volume_proxy 271 -1.44358831 0.597160496 0.00253592655 0 0 0
volume_proxy 273 1.1203681 0.543721501 0.00256791043 0 0 0
volume_proxy 276 0.496260273 0.0762444621 0.00886978395 0 0 0
volume_proxy 277 -0.708831019 -0.577181032 0.00833188611 0 0 0
volume_proxy 279 -0.729155685 -0.705124911 -0.000288683117 0 0 0
volume_proxy 281 -1.40333631 0.975259296 -0.00748181322 0 0 0
volume_proxy 284 -0.858740043 0.657671973 -0.0103096275 0 0 0
volume_proxy 285 -0.395439229 -0.765346879 -0.00361007059 0 0 0
volume_proxy 293 1.1644037 0.688053964 0.00438720072 0 0 0
volume_proxy 294 -0.473705773 0.976803997 -0.00529888972 0 0 0
volume_proxy 296 0.342985142 -0.278501154 0.00053394169 0 0 0
volume_proxy 297 1.31456638 0.161993846 -0.00395028441 0 0 0
volume_proxy 298 1.03900542 -0.785494879 0.00201719449 0 0 0
volume_proxy 303 -0.316145159 -0.269170923 -0.0103230422 0 0 0
volume_proxy 305 0.345512866 -0.0555986681 -0.00809111009 0 0 0
volume_proxy 309 0.737657302 0.641610572 0.00736119053 0 0 0
volume_proxy 310 0.618256555 0.202879812 -0.0104819468 0 0 0
volume_proxy 311 0.169428522 -0.831310685 -0.000590735014 0 0 0
volume_proxy 312 0.393147836 -0.00608698921 -0.007714325 0 0 0
volume_proxy 314 -0.603626605 0.181076999 -0.00308239303 0 0 0
volume_proxy 315 -0.00789691123 0.0141884203 -0.00941842345 0 0 0
volume_proxy 316 -0.21419336 -0.170188212 -0.00755548515 0 0 0
volume_proxy 318 -1.42556758 0.00787786086 -0.0104722708 0 0 0
volume_proxy 319 0.273469931 -0.638344106 0.00866861566 0 0 0
volume_proxy 321 -0.282526706 -0.772738186 0.0105805967 0 0 0
volume_proxy 322 0.944424999 0.502054711 0.00536494775 0 0 0
volume_proxy 324 -1.16551217 -0.978805806 -0.00778390374 0 0 0
volume_proxy 329 0.0709738172 0.969891398 0.00221453429 0 0 0
volume_proxy 330 0.135577559 -0.502366692 -0.00702031883 0 0 0
volume_proxy 335 -1.24651297 -0.273384713 0.00879485327 0 0 0
volume_proxy 337 -0.880991011 0.619583965 -0.00981231312 0 0 0
volume_proxy 338 -0.462134414 -0.229570913 6.30505799e-05 0 0 0
volume_proxy 339 -0.809396192 -0.341992109 0.00826231011 0 0 0
volume_proxy 343 -0.109405848 0.981250638 -0.000209188423 0 0 0
volume_proxy 344 0.546389629 0.218398519 -0.000918854788 0 0 0
volume_proxy 345 -0.694107707 0.0113493216 0.0071362551 0 0 0
volume_proxy 347 0.0443180836 -0.231259774 0.00551509965 0 0 0
volume_proxy 349 0.350879978 0.00609322132 -0.00357934257 0 0 0
volume_proxy 350 -0.770285364 0.63624159 0.0100278287 0 0 0
volume_proxy 353 -0.396660876 0.176661958 -0.00182148947 0 0 0
volume_proxy 355 0.814865329 0.10046048 0.00661041796 0 0 0
volume_proxy 356 0.876007174 0.496704365 -0.00728459163 0 0 0
volume_proxy 358 1.44679619 0.399368023 0.0103683527 0 0 0
volume_proxy 370 1.09586276 0.333120188 0.000362298982 0 0 0
volume_proxy 371 -1.24691892 0.471720318 -0.00762465864 0 0 0
volume_proxy 375 0.755266003 0.235647866 0.0097844623 0 0 0
volume_proxy 377 0.743814846 0.312411657 0.00458390078 0 0 0
volume_proxy 380 -0.526986611 -0.798930713 -0.00800187432 0 0 0
volume_proxy 382 -0.458993224 -0.880282196 0.00228354049 0 0 0
volume_proxy 383 0.766311946 -0.911092164 0.000432357578 0 0 0
volume_proxy 384 -0.274711391 0.871126074 0.00548913451 0 0 0
volume_proxy 388 -1.45272086 0.147882638 0.0092003512 0 0 0
volume_proxy 391 -1.29143068 0.502961418 -0.00663297139 0 0 0
volume_proxy 392 -0.280305623 0.972881247 -0.00727239707 0 0 0
volume_proxy 393 0.954510325 0.110257591 -0.00251144777 0 0 0
volume_proxy 396 -0.876706938 0.623537043 -0.00746731288 0 0 0
volume_proxy 397 0.917197048 0.451057809 0.00555217538 0 0 0
volume_proxy 399 1.18352635 -0.855701346 -0.0102272292 0 0 0
volume_proxy 400 -0.0567918632 -0.422857909 0.000662335259 0 0 0
volume_proxy 402 -0.950626093 -0.597448896 -0.00728193582 0 0 0
volume_proxy 409 -0.435096126 -0.843294147 0.00342474211 0 0 0
volume_proxy 412 1.38671113 -0.489498462 0.00440217822 0 0 0
volume_proxy 413 0.520089262 0.150854631 -0.00112276412 0 0 0
volume_proxy 415 -0.712991432 -0.712659846 0.00175825599 0 0 0
volume_proxy 418 -0.568614092 -0.524003618 0.0087669454 0 0 0
volume_proxy 425 -0.111689881 -0.391023476 0.00435729926 0 0 0
volume_proxy 431 -1.39098993 -0.910820106 -0.00186950097 0 0 0
volume_proxy 434 -0.815305511 -0.196626242 3.22250506e-06 0 0 0
volume_proxy 435 -1.33153266 -0.54760554 0.00280842801 0 0 0
volume_proxy 442 -0.145480627 -0.599571471 -0.00922953361 0 0 0
volume_proxy 451 0.491978712 -0.609424596 -0.00848885648 0 0 0
volume_proxy 462 -0.784857628 -0.769163097 -0.00157742351 0 0 0
volume_proxy 463 -0.0203069167 -0.160235478 0.00777957823 0 0 0
volume_proxy 470 1.06095997 0.43981121 0.00376410536 0 0 0
volume_proxy 493 -0.634539411 -0.965260435 -0.00130527838 0 0 0
volume_proxy 495 -0.938463142 -0.605428057 0.00660547626 0 0 0
volume_proxy 497 -1.31409084 -0.886771546 0.00931232154 0 0 0
volume_proxy 499 1.45297419 -0.73687738 0.00300938792 0 0 0
volume_proxy 502 0.863531482 0.0333184092 0.00267429068 0 0 0
volume_proxy 512 0.49008193 -0.685632274 -0.000582535975 0 0 0
volume_proxy 513 1.03388926 -0.0453693865 -0.00682486907 0 0 0
volume_proxy 518 1.23507273 -0.633204494 -0.00951058071 0 0 0
volume_proxy 544 0.925212562 0.8641107 -0.00672363209 0 0 0
volume_proxy 547 1.24737342 0.992552607 0.0100988683 0 0 0
volume_proxy 549 0.334096308 -0.739028546 0.00675060918 0 0 0
volume_proxy 559 0.926879511 0.596270982 -0.00241200162 0 0 0
volume_proxy 561 1.25769074 0.520433973 -0.00532594411 0 0 0
volume_proxy 568 -0.340076642 -0.22335751 0.0027655865 0 0 0
volume_proxy 572 0.000730224463 -0.438366936 -0.00508054448 0 0 0
volume_proxy 578 -0.530181638 0.885173833 -0.00895790038 0 0 0
volume_proxy 579 -0.32868294 0.146341108 -0.00703429391 0 0 0
volume_proxy 581 1.32723871 0.605785913 0.00639975361 0 0 0
volume_proxy 591 -1.00478344 0.355099459 0.00308670019 0 0 0
volume_proxy 594 -1.02774029 0.450658395 -0.00102352874 0 0 0
volume_proxy 603 0.247549691 -0.311253154 0.00608975161 0 0 0
volume_proxy 606 -0.891048145 0.2644363 0.000292138832 0 0 0
volume_proxy 608 -0.563018236 -0.620246931 0.00230704543 0 0 0
volume_proxy 615 0.915063491 -0.889706665 -0.001157091 0 0 0
volume_proxy 616 1.13836992 0.186228558 0.010573002 0 0 0
volume_proxy 626 1.12078806 -0.0669428 0.00796855746 0 0 0
volume_proxy 634 -0.688756955 0.461019353 -0.00961363891 0 0 0
volume_proxy 637 -1.29181801 -0.975639009 -0.00566002718 0 0 0
volume_proxy 647 -0.234033017 0.713091309 0.0072101217 0 0 0
volume_proxy 656 -0.256619747 0.105925722 0.00941527223 0 0 0
volume_proxy 664 1.49586481 -0.742050547 -0.000127187254 0 0 0
volume_proxy 665 -0.848961807 -0.677921792 0.00719214256 0 0 0
volume_proxy 669 1.07680866 0.0454594578 -0.000355338064 0 0 0
volume_proxy 675 -1.38209709 0.677377191 -0.00614371703 0 0 0
volume_proxy 682 0.196988255 0.852018904 0.00585017429 0 0 0
volume_proxy 693 -0.0215264303 0.508945215 -0.000111773313 0 0 0
volume_proxy 698 -0.269577057 0.708407306 0.0104149163 0 0 0
volume_proxy 702 -0.128998236 -0.167961443 -0.00490422615 0 0 0
volume_proxy 703 -0.959195732 -0.129597159 0.00190097299 0 0 0
volume_proxy 704 1.1263828 0.174059299 0.00049678369 0 0 0
volume_proxy 708 -1.28288581 0.613255427 0.0107493051 0 0 0
volume_proxy 722 0.721214554 0.57112023 -0.00791526961 0 0 0
volume_proxy 725 -1.44220695 -0.789391951 -0.00220692162 0 0 0
volume_proxy 740 0.271454267 0.792124331 0.00274517399 0 0 0
volume_proxy 751 0.190019125 -0.570515014 -0.00443521365 0 0 0
volume_proxy 757 -0.0720684967 0.377940044 -0.0105167871 0 0 0
volume_proxy 781 -1.04358617 0.338531832 -0.00274182967 0 0 0
volume_proxy 788 -0.330548275 -0.0762905541 -0.00447766218 0 0 0
volume_proxy 794 0.492467009 0.779243398 0.00739070733 0 0 0
volume_proxy 795 1.02681901 -0.879960522 0.00720521785 0 0 0
volume_proxy 797 -1.42621276 -0.224116166 0.000941772924 0 0 0
volume_proxy 800 -1.18459926 0.923486462 -0.000685867924 0 0 0
volume_proxy 802 0.15886955 0.0099361154 0.000117759158 0 0 0
volume_proxy 804 0.227652677 0.250213257 0.000824584993 0 0 0
volume_proxy 810 0.55968551 0.195950865 0.00102877364 0 0 0
volume_proxy 811 0.51119017 0.683209787 -0.00586189552 0 0 0
volume_proxy 812 0.890246021 0.588511966 0.00334464916 0 0 0
volume_proxy 814 1.19753777 0.0741984824 -0.00433000168 0 0 0
volume_proxy 822 0.254130386 -0.770409757 -0.00698230846 0 0 0
volume_proxy 825 1.31102596 0.787110486 -0.00958718083 0 0 0
volume_proxy 833 -0.422610346 0.00138705628 0.00281032819 0 0 0
volume_proxy 835 -0.144986874 -0.913041808 -0.00301941541 0 0 0
volume_proxy 837 0.0468007124 0.138129943 -0.00695208366 0 0 0
volume_proxy 839 0.045828697 -0.265096037 0.00274699773 0 0 0
volume_proxy 846 1.49732951 0.10041347 0.00695589965 0 0 0
volume_proxy 848 -1.4078765 -0.31838655 0.0100642407 0 0 0
volume_proxy 854 -0.274100923 0.967540661 0.00658221308 0 0 0
volume_proxy 856 1.00780365 0.30013851 0.0106688906 0 0 0
volume_proxy 859 0.541466807 0.173116483 8.3896863e-05 0 0 0
volume_proxy 867 -0.894874222 0.0994277469 0.00574677767 0 0 0
volume_proxy 869 1.45371579 0.91884331 0.00921553342 0 0 0
volume_proxy 874 0.758726943 0.684158326 -0.0064542703 0 0 0
volume_proxy 875 -0.144237108 -0.959456337 -0.00939786896 0 0 0
volume_proxy 876 0.0838890009 -0.548604954 -0.00495979817 0 0 0
volume_proxy 878 1.35354619 -0.472957092 0.0059729664 0 0 0
volume_proxy 883 -0.0572427088 0.994079344 -0.00239197491 0 0 0
volume_proxy 889 -1.49147762 0.755506658 0.00555896374 0 0 0
volume_proxy 890 1.05704402 0.678619512 -0.00265921811 0 0 0
volume_proxy 894 1.43676286 -0.636532812 -0.00184369621 0 0 0
volume_proxy 896 1.21728039 0.262521732 0.00407364677 0 0 0
volume_proxy 898 0.809827533 0.0622624926 -0.000997218445 0 0 0
volume_proxy 902 0.139869196 0.85688474 -0.0101582358 0 0 0
volume_proxy 903 0.128874986 0.235012352 0.0073196908 0 0 0
volume_proxy 904 -1.06637652 0.527396315 -0.00927318229 0 0 0
volume_proxy 906 1.20864482 0.587037005 -0.00836882484 0 0 0
volume_proxy 910 -1.33155358 0.326052681 -0.00477975987 0 0 0
volume_proxy 911 1.48813095 0.356881226 -0.00751789164 0 0 0
volume_proxy 912 1.49732615 0.220909893 -0.00212659923 0 0 0
volume_proxy 913 -1.25779522 -0.939161641 0.00595330108 0 0 0
volume_proxy 914 0.168677234 -0.637660012 -0.000253667778 0 0 0
volume_proxy 915 -0.357807051 -0.538948129 -0.0026596551 0 0 0
volume_proxy 916 -0.366429786 0.352561729 -0.00490683912 0 0 0
volume_proxy 917 -0.419354041 -0.0560256063 -0.00761160948 0 0 0
volume_proxy 918 -0.640223823 -0.0405270133 -0.0024681788 0 0 0
volume_proxy 924 -0.351893057 0.510023256 -0.0106643339 0 0 0
volume_proxy 926 -0.375590962 0.561889578 -0.00848845094 0 0 0
volume_proxy 929 -0.545114712 -0.637500501 -0.00150244088 0 0 0
volume_proxy 931 0.0789780927 0.0153253643 -0.000352487749 0 0 0
volume_proxy 935 -1.48762063 0.448074631 0.000176271445 0 0 0
volume_proxy 939 0.923939339 0.958459589 -0.0106484324 0 0 0
volume_proxy 940 0.205350594 0.315674975 0.00380709553 0 0 0
volume_proxy 941 -0.92068172 0.969051247 -0.0105100091 0 0 0
volume_proxy 943 -1.00368065 -0.799492931 0.00564077243 0 0 0
volume_proxy 944 0.493867914 -0.831201346 0.0024483367 0 0 0
volume_proxy 945 -0.673324022 0.399311723 0.00151723665 0 0 0
volume_proxy 948 -0.303262039 0.0107822093 0.00317667612 0 0 0
volume_proxy 949 -0.507680634 -0.342497886 0.00661103407 0 0 0
volume_proxy 953 -0.736008979 -0.934463032 -0.00788726886 0 0 0
volume_proxy 958 -1.49345454 0.258144285 0.00547686533 0 0 0
volume_proxy 959 0.841381129 0.205271601 -0.00493484287 0 0 0
volume_proxy 963 -0.606676633 0.760119376 -0.00628796617 0 0 0
volume_proxy 964 0.654387819 0.789685015 -0.00349084944 0 0 0
volume_proxy 965 0.808113993 -0.907882019 0.0067382051 0 0 0
volume_proxy 966 -0.706008317 0.888354667 -0.00932782323 0 0 0
volume_proxy 969 -0.660529028 0.00852918415 0.00828623444 0 0 0
volume_proxy 971 0.973711609 0.581579162 -0.0106026933 0 0 0
volume_proxy 973 -0.249602611 0.138489647 0.000642525237 0 0 0
volume_proxy 974 0.802881589 -0.706886518 0.00541205392 0 0 0
volume_proxy 977 -1.14663941 0.0291244111 -0.00655174988 0 0 0
volume_proxy 979 0.0658624421 0.765590649 -0.00388594128 0 0 0
volume_proxy 981 0.0427514094 0.408637354 0.00821940197 0 0 0
volume_proxy 983 1.29281389 -0.322110908 0.00257786601 0 0 0
volume_proxy 984 1.31530987 0.543223742 -0.00432331342 0 0 0
volume_proxy 985 -0.500718496 -0.856183896 -0.00924234486 0 0 0
volume_proxy 986 -0.312989347 -0.73743161 -0.00802389282 0 0 0
volume_proxy 988 0.958243774 -0.849249188 -0.0101166945 0 0 0
volume_proxy 990 -1.15567429 0.205274051 0.010519318 0 0 0
volume_proxy 991 -0.166562887 -0.259362042 0.00999345776 0 0 0
volume_proxy 992 -0.0593186418 0.336792208 0.00221240426 0 0 0
volume_proxy 996 -1.10985315 0.629182951 -0.00972582802 0 0 0
volume_proxy 997 1.47153033 -0.0166390805 -0.00412158087 0 0 0
volume_proxy 999 -0.898144427 -0.299522742 0.00282968324 0 0 0
volume_proxy 1001 0.556164761 0.926757655 -0.00700158984 0 0 0
volume_proxy 1007 -1.2749404 -0.545970424 0.00804450207 0 0 0
volume_proxy 1008 0.389730784 -0.676884062 -0.000807241916 0 0 0
volume_proxy 1009 0.312104591 -0.599261969 -8.27727744e-05 0 0 0
volume_proxy 1011 0.420204071 -0.894791114 0.00895602096 0 0 0
volume_proxy 1012 0.639543958 -0.18434773 0.00924726299 0 0 0
volume_proxy 1013 0.889326957 -0.813666063 -0.00122186726 0 0 0
volume_proxy 1014 -0.540587718 -0.122644399 0.00497441578 0 0 0
volume_proxy 1016 0.91183441 -0.916196192 -0.00793313671 0 0 0
volume_proxy 1017 0.101272134 -0.767942195 6.66217353e-06 0 0 0
volume_proxy 1018 -0.793379078 -0.709907968 0.00673067563 0 0 0
volume_proxy 1019 -0.646001197 -0.878145481 0.00760600103 0 0 0
volume_proxy 1020 -1.05492573 0.641063665 0.010331347 0 0 0
volume_proxy 1021 -0.924390458 -0.371044678 0.0015816745 0 0 0
volume_proxy 1023 0.757684687 0.428741291 -0.00294183413 0 0 0
volume_proxy 1024 1.20479599 0.926872193 -0.00532810704 0 0 0
volume_proxy 1028 -1.15086688 -0.501281543 0.00266711111 0 0 0
volume_proxy 1029 1.02507934 0.972805268 -0.00619134427 0 0 0
volume_proxy 1030 0.369291415 0.216337816 -0.00655470963 0 0 0
volume_proxy 1031 0.948900079 -0.800860342 0.0096260937 0 0 0
volume_proxy 1032 1.3655721 0.0906665588 -0.00807894739 0 0 0
volume_proxy 1033 0.735746054 0.68544587 -0.0048445324 0 0 0
volume_proxy 1035 0.331703378 -0.403699103 -0.00130377568 0 0 0
volume_proxy 1036 0.868499021 -0.464849568 0.00851029929 0 0 0
volume_proxy 1037 0.440984212 -0.593882001 -0.00669614775 0 0 0
volume_proxy 1038 0.953197435 0.625665908 -0.00605764285 0 0 0
volume_proxy 1040 -0.827538781 -0.700169057 -0.00212877295 0 0 0
volume_proxy 1041 0.15384879 0.124385945 -0.00358686543 0 0 0
volume_proxy 1042 1.11207634 0.105187017 0.00205157087 0 0 0
volume_proxy 1044 1.11137062 -0.61648866 -0.00791489353 0 0 0
volume_proxy 1046 0.0998270882 -0.160246727 -0.00712583495 0 0 0
volume_proxy 1047 -1.47731929 0.162025644 0.00541945768 0 0 0
volume_proxy 1048 -1.38070009 -0.0299948127 0.00221431075 0 0 0
volume_proxy 1049 -0.134097735 0.281365086 0.000969023352 0 0 0
volume_proxy 1050 -0.695688298 -0.289904589 0.00149579469 0 0 0
volume_proxy 1052 -0.708859775 0.11137038 -0.00316277455 0 0 0
volume_proxy 1053 -0.427175887 -0.871118398 -0.00374541512 0 0 0
volume_proxy 1054 -1.46841935 0.287334273 -0.00842000755 0 0 0
volume_proxy 1056 -1.28901974 0.887415101 0.00657257627 0 0 0
volume_proxy 1057 -0.291971631 -0.452096422 -0.000831267054 0 0 0
volume_proxy 1059 -0.591927907 0.882310647 -0.00262505762 0 0 0
volume_proxy 1060 -1.38509054 0.203312173 0.00765352064 0 0 0
volume_proxy 1061 -0.385636909 -0.196759775 -0.000600251228 0 0 0
volume_proxy 1062 0.747361604 0.524409211 -0.0031645942 0 0 0
volume_proxy 1063 -0.705951841 0.182403661 0.000212013584 0 0 0
volume_proxy 1064 -0.630769184 -0.946557292 0.00203684537 0 0 0
volume_proxy 1065 -1.32885335 -0.44271925 0.00856817057 0 0 0
volume_proxy 1066 0.782713247 0.331352378 -0.00795605275 0 0 0
volume_proxy 1067 0.947898616 -0.385365145 -0.00208971905 0 0 0
volume_proxy 1068 -1.02462522 -0.738544955 0.00672042299 0 0 0
volume_proxy 1069 -0.72998391 0.601715128 -0.00117366422 0 0 0
volume_proxy 1070 -1.036498 0.439198044 -4.83421487e-05 0 0 0
volume_proxy 1072 -0.349754433 0.716801827 0.00923499861 0 0 0
volume_proxy 1073 -1.4902467 0.761714581 -0.000307808931 0 0 0
volume_proxy 1074 1.21362149 0.612333617 -0.00554903731 0 0 0
volume_proxy 1075 -0.0392583538 0.47996342 -0.00947896709 0 0 0
volume_proxy 1076 1.44866546 -0.492339479 0.00559317856 0 0 0
volume_proxy 1077 -1.13967905 0.864664922 0.0084008276 0 0 0
volume_proxy 1078 -0.922607085 0.887414549 -0.00675440122 0 0 0
volume_proxy 1079 0.298518632 -0.0818675056 0.00395157396 0 0 0
volume_proxy 1080 -0.352856944 0.123918955 0.00921732171 0 0 0
volume_proxy 1081 0.808840726 -0.767678562 -0.00714111284 0 0 0
volume_proxy 1082 0.954118052 -0.327561391 0.00970603577 0 0 0
volume_proxy 1083 1.32877859 0.360612627 -0.0101438133 0 0 0
volume_proxy 1085 -0.123707717 0.108411951 0.00382134512 0 0 0
volume_proxy 1086 1.22032846 -0.667961213 0.00684598878 0 0 0
volume_proxy 1087 1.29756118 -0.744153592 -0.00906608698 0 0 0
volume_proxy 1088 -0.323605264 0.783089683 0.00776360154 0 0 0
volume_proxy 1089 -0.912169575 0.851561151 0.00293320102 0 0 0
volume_proxy 1090 -0.83290394 0.952560941 0.00423800301 0 0 0
volume_proxy 1091 -0.0500964475 0.10457852 0.00318952884 0 0 0
volume_proxy 1092 0.159357982 0.0697300254 0.0107137931 0 0 0
volume_proxy 1093 0.341213577 -0.629215632 0.00708798801 0 0 0
volume_proxy 1094 -1.36973252 0.93104605 0.0102486133 0 0 0
volume_proxy 1096 0.551845857 0.151552743 0.00369334563 0 0 0
volume_proxy 1097 -1.43501534 0.803459472 -0.00991301271 0 0 0
volume_proxy 1098 0.248282747 0.505157561 -0.00337342176 0 0 0
volume_proxy 1099 0.858522015 -0.401260676 0.00829217408 0 0 0
volume_proxy 1100 0.872661221 -0.433753426 0.0103032149 0 0 0
