volume_proxy 0 -0.78594103 -0.0352932172 -0.00268812519 0 0 0
volume_proxy 6 -0.21696356 -0.149434791 0.00827315558 0 0 0
volume_proxy 11 1.0143013 0.723957481 0.0096759642 0 0 0
volume_proxy 12 1.4790045 -0.420001564 -0.00865332445 0 0 0
volume_proxy 14 -1.1876949 0.605069249 0.00163845684 0 0 0
volume_proxy 23 1.01984993 0.166683639 0.000270825164 0 0 0
volume_proxy 38 -0.940950207 -0.674838588 -0.00149377819 0 0 0
volume_proxy 40 -1.10360734 -0.209316278 0.00123866824 0 0 0
volume_proxy 50 -1.47921971 -0.707908592 -0.0028195829 0 0 0
volume_proxy 53 -1.24381074 -0.0530041759 -0.00265373488 0 0 0
volume_proxy 58 0.419210868 -0.581558842 0.00296394462 0 0 0
volume_proxy 60 -0.260877587 0.490217605 -0.00197501913 0 0 0
volume_proxy 85 -1.00856393 0.970496803 0.00792874364 0 0 0
volume_proxy 97 0.786055936 0.950000566 -0.00407273782 0 0 0
volume_proxy 107 -0.0243803743 0.737327844 -0.00928730236 0 0 0
volume_proxy 127 -1.46677876 -0.740114584 -0.0100387482 0 0 0
volume_proxy 130 0.0901882262 -0.560943598 0.0078182487 0 0 0
volume_proxy 140 1.24379454 0.121148675 -0.00592416413 0 0 0
volume_proxy 157 0.250732994 0.0160535204 0.00569514004 0 0 0
volume_proxy 159 0.494592523 0.856925105 -0.000729712185 0 0 0
volume_proxy 161 -0.489398184 -0.0350254448 -0.00403988276 0 0 0
volume_proxy 176 1.16131538 0.65460709 0.00108678874 0 0 0
volume_proxy 186 -1.08296067 0.383897508 0.00872593669 0 0 0
volume_proxy 189 -0.744560881 -0.611351472 0.00201936509 0 0 0
volume_proxy 195 -0.741213815 -0.699360792 -0.0040567529 0 0 0
volume_proxy 196 -1.49128174 0.0536408803 0.00824168757 0 0 0
volume_proxy 200 -1.49944536 0.985390227 -0.00763437592 0 0 0
volume_proxy 202 -0.662733058 -0.205237616 -0.00878879268 0 0 0
volume_proxy 209 -1.3174101 -0.0209658057 -0.00177214121 0 0 0
volume_proxy 210 0.429537893 0.303288104 0.00701142281 0 0 0
volume_proxy 226 1.04205594 0.0320268052 7.31094429e-05 0 0 0
volume_proxy 236 -0.010634896 0.744293325 0.000530767689 0 0 0
volume_proxy 247 0.206056074 -0.707531085 0.0105614612 0 0 0
volume_proxy 256 0.842124765 -0.606551274 0.00373169731 0 0 0
volume_proxy 259 0.968670193 0.34100222 -0.00603798303 0 0 0
volume_proxy 269 -1.43322368 0.799567707 0.00066505095 0 0 0
volume_proxy 277 -1.44596951 0.163038391 -0.00698612309 0 0 0
volume_proxy 296 -0.508805384 -0.304705273 0.0101202289 0 0 0
volume_proxy 305 0.167930853 -0.0502699206 -0.0052003057 0 0 0
volume_proxy 310 1.47716919 0.19405326 0.0101749974 0 0 0
volume_proxy 344 -0.270001535 -0.904093579 0.00784651441 0 0 0
volume_proxy 347 -1.20105522 0.731285379 -0.00289597888 0 0 0
volume_proxy 356 -0.796207486 -0.0310251861 0.00655775322 0 0 0
volume_proxy 375 1.23832504 -0.242922205 -0.00628185027 0 0 0
volume_proxy 388 1.24919242 -0.296771021 0.000292585293 0 0 0
volume_proxy 1052 -1.20411449 -0.413074487 0.00082621008 0 0 0
volume_proxy 1066 -0.469183034 0.0173075033 0.00822709318 0 0 0
volume_proxy 1120 -1.28935057 0.500895781 -0.00449979397 0 0 0
volume_proxy 1166 -0.999006144 -0.750048187 0.00324046533 0 0 0
volume_proxy 1193 -1.06091278 -0.160738361 -5.90443027e-05 0 0 0
volume_proxy 1225 -1.11214983 -0.70839063 -0.000766566773 0 0 0
volume_proxy 1245 -1.29121442 0.882635474 0.000652777816 0 0 0
volume_proxy 1280 -1.42960354 0.810434919 -0.00798283981 0 0 0
volume_proxy 1285 -0.732923719 0.58157371 0.00123100214 0 0 0
volume_proxy 1295 0.318062738 0.69993234 0.00997784408 0 0 0
volume_proxy 1296 -0.233384328 -0.20820384 -0.00649713311 0 0 0
volume_proxy 1340 1.20946979 -0.116839065 0.00658296883 0 0 0
volume_proxy 1380 -1.4388933 -0.386900395 0.00945952719 0 0 0
volume_proxy 1386 1.09302845 0.465518788 -0.00302096026 0 0 0
volume_proxy 1397 0.53602938 0.883155139 -0.00770187826 0 0 0
volume_proxy 1409 0.61671409 0.381869105 0.00311428871 0 0 0
volume_proxy 1413 0.498022454 0.617168394 0.0095535296 0 0 0
volume_proxy 1422 1.33655791 -0.856962706 -0.00250335709 0 0 0
volume_proxy 1433 1.15113477 0.67637561 0.00530540515 0 0 0
volume_proxy 1459 -1.18169648 -0.749257085 0.00030341105 0 0 0
volume_proxy 1460 -1.25752451 0.428922044 -0.00278026006 0 0 0
volume_proxy 1461 -1.26137255 0.451524746 -0.00683095607 0 0 0
volume_proxy 1472 -1.17235483 -0.433927757 -0.00613950653 0 0 0
volume_proxy 1474 1.36618233 0.0263436315 0.00667746787 0 0 0
volume_proxy 1481 -0.587686503 0.46448426 -0.00796529312 0 0 0
volume_proxy 1482 0.546706989 0.298571665 0.00776192389 0 0 0
volume_proxy 1485 0.519433227 -0.215536079 0.00168200568 0 0 0
volume_proxy 1489 -0.121127931 -0.804250081 0.00923219403 0 0 0
volume_proxy 1490 0.450773531 0.580659194 0.00359669703 0 0 0
volume_proxy 1496 -1.38584304 0.467627961 0.00556119067 0 0 0
volume_proxy 1498 -0.344397848 -0.467728042 -0.00190500523 0 0 0
volume_proxy 1503 -1.35983929 -0.949672807 -0.00378217313 0 0 0
volume_proxy 1506 0.140748876 0.915474326 -0.00853942928 0 0 0
volume_proxy 1507 -0.094666696 -0.22985577 -0.0073644158 0 0 0
volume_proxy 1508 -1.000434 0.111598285 0.00356332956 0 0 0
volume_proxy 1509 -1.18422865 -0.111609747 -0.000459568467 0 0 0
volume_proxy 1513 -1.19351881 -0.00512928947 -0.00149965496 0 0 0
volume_proxy 1515 0.190548962 -0.823316003 -0.00203162378 0 0 0
volume_proxy 1516 -0.158092222 -0.679628307 0.00643279243 0 0 0
volume_proxy 1517 -1.29545123 -0.365820112 -0.00382117019 0 0 0
volume_proxy 1519 0.34379425 0.56402224 -0.00249002314 0 0 0
volume_proxy 1520 -0.193216821 -0.582085123 0.00536819994 0 0 0
volume_proxy 1521 -1.32487301 -0.397618904 -0.00438621717 0 0 0
volume_proxy 1523 0.0399956372 -0.186110389 -0.00933215439 0 0 0
volume_proxy 1525 -0.480453479 0.898048735 0.0104555482 0 0 0
volume_proxy 1526 1.40048865 -0.190335749 -0.00274230738 0 0 0
volume_proxy 1528 0.962617722 -0.772633564 -0.00288576726 0 0 0
volume_proxy 1529 -1.11356388 -0.0697669334 0.0011912486 0 0 0
volume_proxy 1531 0.46812878 0.680755362 0.00229418726 0 0 0
volume_proxy 1533 1.04935659 0.11889314 0.00889181434 0 0 0
volume_proxy 1534 -0.393565281 -0.0878277689 0.00331160887 0 0 0
volume_proxy 1537 -0.992537678 -0.898268939 -0.00609301775 0 0 0
volume_proxy 1538 1.03932805 -0.167089866 -0.00337680721 0 0 0
volume_proxy 1539 0.0771872731 0.687460825 0.00503679248 0 0 0
volume_proxy 1540 1.32390869 0.114108731 0.0105336148 0 0 0
volume_proxy 1542 -0.452785481 -0.867035211 0.000249947414 0 0 0
volume_proxy 1543 -0.36931353 -0.897034692 -0.00616245457 0 0 0
