volume_proxy 0 -0.850749563 -0.525345734 0.00393870414 0 0 0
volume_proxy 6 -0.0583392786 0.824444989 -0.00480998176 0 0 0
volume_proxy 11 0.799290403 0.398934706 -0.00627657743 0 0 0
volume_proxy 12 0.906351963 -0.829008313 -0.000311451665 0 0 0
volume_proxy 14 -1.03755456 0.855355851 -0.0104428714 0 0 0
volume_proxy 23 1.01164564 -0.879866 0.00544147716 0 0 0
volume_proxy 38 -0.648998118 -0.710856519 -0.00966044012 0 0 0
volume_proxy 40 -0.628756543 -0.189520023 0.00015397622 0 0 0
volume_proxy 50 -1.30128485 -0.0184652727 0.00934511799 0 0 0
volume_proxy 53 -0.968668365 0.371400283 -0.00310753027 0 0 0
volume_proxy 58 0.927215712 -0.197073034 0.00297810249 0 0 0
volume_proxy 60 -0.218438217 0.891397119 -0.00280009695 0 0 0
volume_proxy 85 -1.12080655 0.740751275 -0.00786501276 0 0 0
volume_proxy 97 0.93177724 0.514585121 0.00173725708 0 0 0
volume_proxy 107 0.395024967 0.0677813619 -0.00979029092 0 0 0
volume_proxy 127 -1.46773918 -0.170136721 -0.00542604636 0 0 0
volume_proxy 130 0.424762523 -0.917960781 -0.0102134881 0 0 0
volume_proxy 140 0.327910159 -0.0418306157 0.00747897208 0 0 0
volume_proxy 157 1.07056944 -0.757651464 -0.0105905313 0 0 0
volume_proxy 159 0.845713655 0.548380247 0.00603525004 0 0 0
volume_proxy 161 -0.329284246 -0.825143843 0.00716584429 0 0 0
volume_proxy 176 0.641412988 0.340877496 0.00634455662 0 0 0
volume_proxy 186 -1.20937357 0.235233371 0.000536037235 0 0 0
volume_proxy 189 -0.634526953 -0.40627953 0.0023793784 0 0 0
volume_proxy 195 -1.38329842 -0.527559132 -0.0107448035 0 0 0
volume_proxy 196 -0.189761704 0.182866678 -0.000356011713 0 0 0
volume_proxy 200 -1.40574546 0.286801761 -0.00478470337 0 0 0
volume_proxy 202 -0.230659277 -0.348769839 0.00553507624 0 0 0
volume_proxy 209 -1.33941333 0.168988698 0.00880953883 0 0 0
volume_proxy 210 0.929285425 0.629937187 -0.00794687028 0 0 0
volume_proxy 226 1.17222394 -0.163986783 0.0040080349 0 0 0
volume_proxy 236 1.11502017 0.284372247 0.00332024377 0 0 0
volume_proxy 247 0.633804448 -0.957563977 0.00276454022 0 0 0
volume_proxy 256 -0.0754411791 -0.261741793 -0.00490920477 0 0 0
volume_proxy 259 0.347533252 -0.115602511 0.010076164 0 0 0
volume_proxy 269 -0.554353094 0.45857645 -0.00323232611 0 0 0
volume_proxy 277 -0.322011889 -0.450688344 -0.00192821211 0 0 0
volume_proxy 296 -0.787018937 0.805107893 0.00838306542 0 0 0
volume_proxy 305 0.752322597 -0.503783011 0.00687209815 0 0 0
volume_proxy 310 1.49765321 0.893280664 -0.00665412281 0 0 0
volume_proxy 344 -0.838172291 -0.542168344 -0.00418450785 0 0 0
volume_proxy 347 -0.327454178 0.580735638 0.00137933358 0 0 0
volume_proxy 356 -0.429877654 -0.137569636 0.000146411448 0 0 0
volume_proxy 375 1.06978119 0.374720801 0.00770223329 0 0 0
volume_proxy 388 0.716443668 -0.715978906 -0.00253640024 0 0 0
volume_proxy 1052 -0.719684382 -0.206139442 0.00539227767 0 0 0
volume_proxy 1066 -0.449638818 0.403581506 0.00497670762 0 0 0
volume_proxy 1120 -0.857197212 0.397546499 -0.0107282376 0 0 0
volume_proxy 1166 -0.734900115 -0.928357382 -0.00143698118 0 0 0
volume_proxy 1193 -1.14061708 -0.490426988 -0.010729573 0 0 0
volume_proxy 1225 -1.48540454 -0.587908277 0.00356254457 0 0 0
volume_proxy 1245 -1.389621 0.551100066 -0.000975166916 0 0 0
volume_proxy 1280 -1.045838 0.630244566 -0.0015506588 0 0 0
volume_proxy 1285 -0.320723242 0.735124658 0.00826833769 0 0 0
volume_proxy 1295 0.668669141 -0.0273214528 0.00737546881 0 0 0
volume_proxy 1296 -0.250218009 -0.860838236 0.00650236563 0 0 0
volume_proxy 1340 1.44954854 -0.211296277 0.0101155186 0 0 0
volume_proxy 1380 -1.1154463 -0.300608709 0.00762247085 0 0 0
volume_proxy 1386 1.24175559 0.750952291 0.0103625954 0 0 0
volume_proxy 1397 0.534748716 0.539522848 0.00924969294 0 0 0
volume_proxy 1409 0.48294424 0.21797477 0.0060323137 0 0 0
volume_proxy 1413 1.15627719 0.403828705 -0.00373534465 0 0 0
volume_proxy 1422 0.187356667 -0.883987957 -0.00644698336 0 0 0
volume_proxy 1433 1.00390377 0.626747544 0.00801505932 0 0 0
volume_proxy 1437 0.158820362 -0.875566 -0.00142999942 0 0 0
volume_proxy 1459 -0.617727841 -0.628927956 0.00995539847 0 0 0
volume_proxy 1460 -0.308248159 0.689071758 -0.00844755315 0 0 0
volume_proxy 1461 -1.4415436 0.692275054 -0.00747594487 0 0 0
volume_proxy 1472 -1.14474104 0.30924544 -0.00741007729 0 0 0
volume_proxy 1474 1.46891087 0.231246259 0.00536701818 0 0 0
volume_proxy 1481 0.176777902 0.00269379213 0.00813460815 0 0 0
volume_proxy 1482 1.12214707 0.829256236 -0.0016675605 0 0 0
volume_proxy 1485 0.728021389 -0.560917608 -0.00328726037 0 0 0
volume_proxy 1489 0.512170141 -0.678306683 0.0104021424 0 0 0
volume_proxy 1490 0.751613689 0.949887254 -0.00378420695 0 0 0
volume_proxy 1496 -1.39977294 0.633957177 0.0011139651 0 0 0
volume_proxy 1498 0.1649274 -0.0602429468 0.00458051133 0 0 0
volume_proxy 1503 -1.1606612 -0.907138605 0.00994759561 0 0 0
volume_proxy 1506 0.553649486 0.978771069 -0.00325441927 0 0 0
volume_proxy 1507 -0.630025397 -0.651643909 0.00747807698 0 0 0
volume_proxy 1508 -0.550488104 -0.0667206097 -0.00498237107 0 0 0
volume_proxy 1509 -1.28624913 -0.117975444 -0.00899517001 0 0 0
volume_proxy 1510 -0.723531283 -0.837223705 -0.00522608784 0 0 0
volume_proxy 1513 -0.949839862 0.821883209 0.00576918416 0 0 0
volume_proxy 1515 0.554732164 -0.819715152 0.00905849115 0 0 0
volume_proxy 1516 -0.235172399 -0.605392557 -0.00129454136 0 0 0
volume_proxy 1517 -1.22352054 -0.312033033 -0.00418946046 0 0 0
volume_proxy 1519 0.182283271 -0.649896353 -0.00207012393 0 0 0
volume_proxy 1520 -0.141706039 -0.659943753 0.00626013977 0 0 0
volume_proxy 1521 -1.49491305 -0.993601722 -0.00357666451 0 0 0
volume_proxy 1523 0.0858199726 -0.023556836 -0.00779670709 0 0 0
volume_proxy 1525 -0.948763161 0.671261355 -0.0064840885 0 0 0
volume_proxy 1526 1.30293278 -0.44361417 0.00571813605 0 0 0
volume_proxy 1528 1.07558733 -0.920742993 0.00172692931 0 0 0
volume_proxy 1529 -1.13913833 -0.227260456 -0.00385131618 0 0 0
volume_proxy 1531 0.691699397 0.636554327 0.0019432019 0 0 0
volume_proxy 1533 1.39397432 0.324891336 0.00132518647 0 0 0
volume_proxy 1534 -0.188089581 0.500043856 -0.00653898578 0 0 0
volume_proxy 1536 -0.738810386 -0.838152315 0.00130786239 0 0 0
volume_proxy 1537 -0.610939088 -0.743894889 -0.00284203801 0 0 0
volume_proxy 1538 0.745145515 -0.31930364 -0.00114846973 0 0 0
volume_proxy 1539 0.337329367 0.830352211 -0.0013965264 0 0 0
volume_proxy 1540 1.25451974 0.304590768 0.00868478553 0 0 0
