volume_proxy 0 0.378492725 -0.500407571 -0.0104350829 0 0 0
volume_proxy 6 -0.0359868518 0.698013011 0.00309109638 0 0 0
volume_proxy 11 1.18063245 0.942466477 -0.00196069883 0 0 0
volume_proxy 12 1.43756482 -0.212554821 0.0105416383 0 0 0
volume_proxy 14 -1.47507027 0.245580682 0.00137462216 0 0 0
volume_proxy 23 0.262501956 -0.287266557 -0.00693324826 0 0 0
volume_proxy 38 -0.923981541 -0.741931657 9.77316883e-05 0 0 0
volume_proxy 40 -0.680664956 0.146799767 -0.00937273992 0 0 0
volume_proxy 50 -0.619240891 -0.13692268 0.00239757789 0 0 0
volume_proxy 53 -1.40661442 0.972344974 0.00612408173 0 0 0
volume_proxy 58 1.33800324 -0.684755187 0.00971681642 0 0 0
volume_proxy 60 -0.0258803069 0.679764537 -0.00251412248 0 0 0
volume_proxy 85 -0.899834038 0.598437052 0.00174157988 0 0 0
volume_proxy 97 0.735303627 0.895331489 0.00511049099 0 0 0
volume_proxy 107 0.738226178 -0.0384050945 -0.0013375378 0 0 0
volume_proxy 127 -1.07440473 -0.848846558 -0.00152321947 0 0 0
volume_proxy 130 0.734973768 -0.624442082 0.00556512013 0 0 0
volume_proxy 140 -0.790295088 0.314978086 -0.00861155579 0 0 0
volume_proxy 157 0.126328324 -0.827054219 -0.00626635219 0 0 0
volume_proxy 159 1.45450881 0.785005522 -0.00916780086 0 0 0
volume_proxy 161 -0.386958219 0.220466783 -0.0024423705 0 0 0
volume_proxy 176 1.31344601 0.312336283 -0.00352169696 0 0 0
volume_proxy 186 -1.0785697 -0.301160713 -0.00886220265 0 0 0
volume_proxy 189 -0.402297465 -0.319910912 0.00569675494 0 0 0
volume_proxy 195 -1.35351238 -0.782128145 -0.00313824225 0 0 0
volume_proxy 196 0.462052091 0.710299347 0.00716632176 0 0 0
volume_proxy 200 -1.33291317 0.217718099 -0.00366360839 0 0 0
volume_proxy 202 -0.0382397125 0.961536919 -0.000737190255 0 0 0
volume_proxy 209 -0.901420885 0.0693286882 -0.00683942462 0 0 0
volume_proxy 210 0.0999208481 0.985089499 -0.00818224082 0 0 0
volume_proxy 226 0.343763386 -0.720687848 0.00780469235 0 0 0
volume_proxy 236 1.07412964 -0.948864247 0.00956284304 0 0 0
volume_proxy 247 1.24555598 0.765364607 -0.010206562 0 0 0
volume_proxy 256 -0.75168953 0.878443706 0.00306147249 0 0 0
volume_proxy 259 0.844686941 0.280046102 -0.00290401682 0 0 0
volume_proxy 269 -1.0223243 -0.147685459 0.00168240734 0 0 0
volume_proxy 277 -0.34342326 -0.25089713 0.00688793628 0 0 0
volume_proxy 296 -1.23557919 0.271838418 -0.00493291372 0 0 0
volume_proxy 305 0.715608721 -0.256679518 -0.008525874 0 0 0
volume_proxy 310 0.591249843 0.212523717 -0.00993849017 0 0 0
volume_proxy 344 -1.40684549 -0.400681821 -0.00822796375 0 0 0
volume_proxy 347 -0.335424676 0.585024275 -0.00860878672 0 0 0
volume_proxy 356 -0.586488505 -0.0788188059 -0.00980203615 0 0 0
volume_proxy 375 0.691253362 -0.449189702 -0.00297122915 0 0 0
volume_proxy 388 1.46798873 -0.361095244 -0.00197451376 0 0 0
volume_proxy 802 1.01738705 0.38308303 -0.00928855843 0 0 0
volume_proxy 1052 -1.45698494 -0.655160608 -0.00715146609 0 0 0
volume_proxy 1066 0.0757466406 0.646975457 0.00608449815 0 0 0
volume_proxy 1120 -0.607407438 0.697610187 -0.00763073027 0 0 0
volume_proxy 1166 -0.984541962 -0.527908403 0.00172613634 0 0 0
volume_proxy 1193 -1.43935441 -0.901728638 0.00131973214 0 0 0
volume_proxy 1225 -1.03717185 -0.47198279 -0.00618208638 0 0 0
volume_proxy 1245 -1.42275858 0.165254157 -0.00941658891 0 0 0
volume_proxy 1280 -0.458906216 0.862733565 -0.0104361966 0 0 0
volume_proxy 1285 -1.47733843 0.402007337 -0.00521771377 0 0 0
volume_proxy 1295 0.859776252 -0.312771243 -0.00945393919 0 0 0
volume_proxy 1296 -0.0532750997 -0.760709017 0.00826831033 0 0 0
volume_proxy 1340 0.766386334 0.669444242 0.00658430096 0 0 0
volume_proxy 1380 -0.806269505 -0.164715946 -0.00316017301 0 0 0
volume_proxy 1386 1.39229408 0.427960879 -0.000687903665 0 0 0
volume_proxy 1397 0.418902227 0.727857077 -0.000907798939 0 0 0
volume_proxy 1409 -0.101343723 0.385220304 -0.000132467324 0 0 0
volume_proxy 1413 1.40259426 0.967664518 0.00860576665 0 0 0
volume_proxy 1422 0.358340485 -0.395461193 0.00912646512 0 0 0
volume_proxy 1433 1.16654878 0.466891271 -0.00356431614 0 0 0
volume_proxy 1437 0.0720527061 -0.0971335212 -0.0102765373 0 0 0
volume_proxy 1459 -1.11218642 0.17343704 0.00188911964 0 0 0
volume_proxy 1460 0.0548801803 0.999488589 0.00989256307 0 0 0
volume_proxy 1461 -1.24134825 0.861078948 0.00374154372 0 0 0
volume_proxy 1466 -0.196897063 0.360694545 0.00469698509 0 0 0
volume_proxy 1472 -1.46524759 0.642797712 -0.00858359627 0 0 0
volume_proxy 1474 1.24222851 -0.178605604 -0.00207106604 0 0 0
volume_proxy 1481 0.758402537 0.778813633 0.0105135876 0 0 0
volume_proxy 1482 0.909855221 0.687948992 -0.00672058307 0 0 0
volume_proxy 1485 0.419684021 -0.311972692 -0.00718015049 0 0 0
volume_proxy 1489 0.292981199 -0.772636863 -0.00312132333 0 0 0
volume_proxy 1490 0.882113747 0.980631421 -0.00886623351 0 0 0
volume_proxy 1496 -1.44956129 0.939981462 0.00662023194 0 0 0
volume_proxy 1498 -0.0800782546 0.256958567 0.00820817106 0 0 0
volume_proxy 1503 -1.24591035 -0.862854121 0.00975032538 0 0 0
volume_proxy 1506 0.27365758 0.607399935 -0.00545368751 0 0 0
volume_proxy 1507 -1.34322372 -0.0741771145 -0.00735721593 0 0 0
volume_proxy 1508 -0.469902501 -0.217593389 0.00162896989 0 0 0
volume_proxy 1509 -1.29065387 -0.0734039921 -0.00904810585 0 0 0
volume_proxy 1510 0.0612539632 -0.851525971 0.00114061134 0 0 0
volume_proxy 1511 1.41228223 0.360016492 -0.00776711792 0 0 0
volume_proxy 1513 -1.23782106 0.90487117 -0.0016531045 0 0 0
volume_proxy 1515 0.780077219 -0.564194008 -0.00237775872 0 0 0
volume_proxy 1516 0.0727734679 -0.909374228 -0.00644300508 0 0 0
volume_proxy 1517 -1.22339771 -0.114901519 0.00104807486 0 0 0
volume_proxy 1519 -0.0212527059 -0.569707539 -0.00100878313 0 0 0
volume_proxy 1520 0.250722937 -0.166695 -0.00805609719 0 0 0
volume_proxy 1521 -1.37019622 -0.442192228 0.00742041945 0 0 0
volume_proxy 1523 0.229041907 -0.059804632 -0.000937675905 0 0 0
volume_proxy 1525 -0.900220465 0.994738579 0.00476030941 0 0 0
volume_proxy 1526 1.01349024 -0.584965769 0.00447293487 0 0 0
volume_proxy 1528 0.659435605 -0.535526332 -0.00296578655 0 0 0
volume_proxy 1529 -1.27470779 0.253037563 0.00243541197 0 0 0
volume_proxy 1531 0.679403483 0.518261997 -0.00343587649 0 0 0
volume_proxy 1533 1.33388942 -0.0365285762 0.00136660522 0 0 0
volume_proxy 1534 0.347904282 0.462754614 -0.000952869033 0 0 0
volume_proxy 1535 0.957213126 0.650973625 -0.00884251039 0 0 0
volume_proxy 1536 -0.541577565 -0.645059443 -0.00752660859 0 0 0
volume_proxy 1537 -0.531532227 -0.806160398 0.00528654963 0 0 0
volume_proxy 1538 1.48248147 0.174737461 -0.00157410472 0 0 0
