volume_proxy 0 0.16111622 0.214564069 0.00357813407 0 0 0
volume_proxy 5 1.10139619 -0.580961933 -0.00619597422 0 0 0
volume_proxy 6 -0.352509328 -0.0380506463 0.000671463125 0 0 0
volume_proxy 11 1.30223085 0.57005563 -0.00432630041 0 0 0
volume_proxy 12 0.358811983 -0.609440617 -0.00869997169 0 0 0
volume_proxy 14 -0.800242488 0.894747452 -0.00943368805 0 0 0
volume_proxy 23 1.44897654 -0.944576515 -0.00594190686 0 0 0
volume_proxy 38 0.521640622 -0.399338797 0.00201562401 0 0 0
volume_proxy 40 -0.597781936 -0.475434302 -7.30789815e-05 0 0 0
volume_proxy 50 -0.710056508 -0.160041205 0.000389163273 0 0 0
volume_proxy 53 -0.80366351 0.616974482 -0.00228922224 0 0 0
volume_proxy 58 0.614537527 -0.865831444 -0.000709873452 0 0 0
volume_proxy 60 0.536338376 0.492713571 0.00662380894 0 0 0
volume_proxy 85 -0.882803553 0.917531943 -0.0088994967 0 0 0
volume_proxy 97 1.11252347 0.869714374 -0.00473619603 0 0 0
volume_proxy 107 1.3181871 -0.595397828 -0.00531948107 0 0 0
volume_proxy 127 -0.763252496 -0.105010046 -0.00312464759 0 0 0
volume_proxy 130 0.528709064 0.910278431 0.00781558493 0 0 0
volume_proxy 140 -0.646824538 0.983182451 0.000815527121 0 0 0
volume_proxy 157 1.29443435 0.773388093 -0.00988293065 0 0 0
volume_proxy 159 1.20287766 0.50938687 -0.00518728123 0 0 0
volume_proxy 161 0.934179602 0.450765106 0.00173652622 0 0 0
volume_proxy 176 0.923841593 -0.107027513 -0.00346344663 0 0 0
volume_proxy 186 -1.45035096 -0.522804006 -0.00550610835 0 0 0
volume_proxy 189 -0.940983589 0.595388129 0.00958410521 0 0 0
volume_proxy 195 -0.247733394 -0.339990862 -0.00790243863 0 0 0
volume_proxy 196 0.629625316 0.460676222 -0.00687342721 0 0 0
volume_proxy 200 -0.129154215 -0.938871778 -0.00232461387 0 0 0
volume_proxy 202 -0.115301835 0.797207492 0.00803403329 0 0 0
volume_proxy 209 -1.06626417 -0.491833637 0.000336784187 0 0 0
volume_proxy 210 0.0203660342 0.687942552 0.000129997107 0 0 0
volume_proxy 226 0.455313146 -0.156026294 -0.00379853029 0 0 0
volume_proxy 236 0.537577831 0.387681743 -0.0104784955 0 0 0
volume_proxy 247 0.895333513 0.773900063 0.00282975011 0 0 0
volume_proxy 256 -1.4487586 0.763025067 -0.00430556637 0 0 0
volume_proxy 259 0.706509475 0.19569349 -0.00806639016 0 0 0
volume_proxy 269 -1.05055731 -0.0239074306 -0.00674920677 0 0 0
volume_proxy 277 -1.04862224 -0.312040276 -0.00141765077 0 0 0
volume_proxy 296 -1.22427762 -0.0187484731 -0.00674961218 0 0 0
volume_proxy 305 1.14630128 -0.369664284 -0.00237752042 0 0 0
volume_proxy 310 -0.410346254 -0.9594966 -0.00199737748 0 0 0
volume_proxy 344 -1.44217594 0.551386215 0.00347907284 0 0 0
volume_proxy 347 -0.468087293 0.813267866 -0.00391051433 0 0 0
volume_proxy 356 -0.917527932 0.446174579 0.00824370906 0 0 0
volume_proxy 375 0.783127547 -0.632913773 0.00277064431 0 0 0
volume_proxy 388 0.555011363 -0.0332857334 0.00673108802 0 0 0
volume_proxy 802 1.41806914 -0.183923369 0.00322431529 0 0 0
volume_proxy 1052 -0.890416437 -0.833397789 0.00587825632 0 0 0
volume_proxy 1066 -0.517682464 0.00471208031 -0.00488052967 0 0 0
volume_proxy 1120 -0.26198102 0.0769469159 -0.000993090994 0 0 0
volume_proxy 1166 -0.507695562 0.191973445 -0.00893065974 0 0 0
volume_proxy 1169 1.05771302 -0.749574489 0.00647595345 0 0 0
volume_proxy 1193 -1.33702616 -0.600376362 0.00763200439 0 0 0
volume_proxy 1225 -0.187193197 -0.370196083 0.00984839547 0 0 0
volume_proxy 1245 -1.09836937 0.0558053444 0.00203994038 0 0 0
volume_proxy 1280 -0.835869336 0.797508509 -0.00640424926 0 0 0
volume_proxy 1285 -1.28729779 -0.130604216 0.0100425422 0 0 0
volume_proxy 1295 -0.43570092 0.0381683706 0.00797674035 0 0 0
volume_proxy 1296 0.215906733 -0.61230886 -0.00717679758 0 0 0
volume_proxy 1340 0.963276989 0.858483405 -0.00968341232 0 0 0
volume_proxy 1380 -0.0760877804 0.918166615 0.00012238264 0 0 0
volume_proxy 1386 0.822277122 0.345923817 0.00300297422 0 0 0
volume_proxy 1397 1.28079109 0.98207401 0.00021774426 0 0 0
volume_proxy 1409 0.0500531463 0.803103453 -0.00444264393 0 0 0
volume_proxy 1413 0.881192915 0.948639575 0.00142686562 0 0 0
volume_proxy 1422 0.509758143 -0.87543397 0.000896209859 0 0 0
volume_proxy 1433 1.07214648 0.888609349 0.00642940337 0 0 0
volume_proxy 1434 -0.1455463 -0.999434314 -0.00405458864 0 0 0
volume_proxy 1437 -0.12223377 -0.0595573111 0.00958340233 0 0 0
volume_proxy 1439 -0.0281758583 0.59359021 -0.00856157192 0 0 0
volume_proxy 1447 0.806970009 -0.469580907 -0.00416736522 0 0 0
volume_proxy 1459 -0.698953134 0.343378366 0.0101516391 0 0 0
volume_proxy 1460 0.660139957 0.519771911 0.00613022762 0 0 0
volume_proxy 1461 -1.05059199 0.597747064 -0.0104318832 0 0 0
volume_proxy 1466 -0.46862623 -0.0684584758 -0.004167309 0 0 0
volume_proxy 1472 -1.07626107 0.613422107 -0.00210423248 0 0 0
volume_proxy 1474 0.501822367 -0.713648153 -0.00579964413 0 0 0
volume_proxy 1481 1.24827781 0.557658263 0.00351242183 0 0 0
volume_proxy 1482 1.11201828 -0.0125739415 0.00164989162 0 0 0
volume_proxy 1485 0.408709479 -0.593930027 -0.00029947188 0 0 0
volume_proxy 1489 -0.0233834891 -0.399756497 -0.00013870485 0 0 0
volume_proxy 1490 1.21629112 0.871473835 -0.00508385985 0 0 0
volume_proxy 1492 0.413101961 0.593798492 -0.00297901643 0 0 0
volume_proxy 1493 0.583020464 0.345141112 0.00604227248 0 0 0
volume_proxy 1494 1.01363722 -0.165778987 0.000231645811 0 0 0
volume_proxy 1496 -1.22989149 0.70861378 0.00467129575 0 0 0
volume_proxy 1498 -0.384988004 0.633418982 0.00802989788 0 0 0
volume_proxy 1501 -0.511860856 -0.715979078 -0.0098528747 0 0 0
volume_proxy 1503 0.140335019 0.0110770185 3.26340233e-05 0 0 0
volume_proxy 1506 0.371094937 0.92613118 0.00269415799 0 0 0
volume_proxy 1507 -1.3025053 -0.42176671 -0.00539358837 0 0 0
volume_proxy 1508 -0.631946198 -0.710171951 0.00266774501 0 0 0
volume_proxy 1509 -1.21203517 0.631469567 -0.00613583562 0 0 0
volume_proxy 1510 0.355595579 -0.568404577 0.00471163539 0 0 0
volume_proxy 1511 1.39910394 0.498978367 0.00668686246 0 0 0
volume_proxy 1513 -1.32068605 0.421517124 -0.0014808806 0 0 0
volume_proxy 1515 0.660467157 -0.149084304 -0.00227462566 0 0 0
volume_proxy 1516 -0.355792161 -0.956722231 0.00945592592 0 0 0
volume_proxy 1517 -1.23096668 -0.465273696 0.000251900942 0 0 0
volume_proxy 1519 0.179955396 -0.285170401 0.00296568272 0 0 0
volume_proxy 1520 0.609064785 -0.450135639 -0.00968090721 0 0 0
volume_proxy 1521 -0.741692786 -0.0492217596 0.00164580488 0 0 0
volume_proxy 1522 0.239608574 0.639483538 -0.0107896621 0 0 0
volume_proxy 1523 1.45993614 -0.276180669 -0.00718871021 0 0 0
volume_proxy 1525 -0.963828685 0.839354095 0.00832685211 0 0 0
volume_proxy 1526 1.18198699 -0.189116641 0.00971509184 0 0 0
volume_proxy 1528 0.481043159 -0.684932234 0.00365253456 0 0 0
volume_proxy 1529 -0.897583958 -0.0513594054 -0.00407319814 0 0 0
volume_proxy 1530 -0.756741834 -0.252233661 0.00269803218 0 0 0
