volume_proxy 0 -0.750997899 -0.541972033 0.0041593581 0 0 0
volume_proxy 6 0.00762933115 0.754107034 0.00448944295 0 0 0
volume_proxy 11 0.757350076 0.37638151 -0.00100520706 0 0 0
volume_proxy 12 0.922475104 -0.801706645 -0.0073784493 0 0 0
volume_proxy 14 -1.04646931 0.828398 -0.00474930463 0 0 0
volume_proxy 23 1.14088715 -0.716943121 -0.00449679353 0 0 0
volume_proxy 38 -0.715355628 -0.702026835 -0.00610822193 0 0 0
volume_proxy 40 -0.671453259 -0.256548247 0.0105700413 0 0 0
volume_proxy 50 -1.27355771 -0.051629396 0.00323795694 0 0 0
volume_proxy 53 -0.915919286 0.413668675 -0.00674091956 0 0 0
volume_proxy 58 0.931004663 -0.17267354 0.00556024626 0 0 0
volume_proxy 60 -0.351239801 0.905008804 0.00674435823 0 0 0
volume_proxy 85 -1.16539836 0.816853054 -0.00887471502 0 0 0
volume_proxy 97 0.907232753 0.611735807 0.00315586499 0 0 0
volume_proxy 107 0.308402799 0.099422268 -0.00450838787 0 0 0
volume_proxy 127 -1.42051385 -0.203262377 0.0076422197 0 0 0
volume_proxy 130 0.381547882 -0.860992945 0.00459240235 0 0 0
volume_proxy 140 0.342593969 -0.00220169504 -0.000178655048 0 0 0
volume_proxy 157 0.979823363 -0.7877203 0.00372350602 0 0 0
volume_proxy 159 0.885897555 0.497445905 -0.00494745839 0 0 0
volume_proxy 161 -0.332806099 -0.824948957 -0.00578654897 0 0 0
volume_proxy 176 0.630454846 0.360204653 0.00137626539 0 0 0
volume_proxy 186 -1.18963574 0.1691022 0.00174924562 0 0 0
volume_proxy 189 -0.734230618 -0.315385054 0.00501411655 0 0 0
volume_proxy 195 -1.27058988 -0.510141695 0.00108400907 0 0 0
volume_proxy 196 -0.269215218 0.0978516751 -0.000408710929 0 0 0
volume_proxy 200 -1.35773203 0.390872446 -0.00158855571 0 0 0
volume_proxy 202 -0.231126141 -0.285879857 0.0024702643 0 0 0
volume_proxy 209 -1.30086375 0.0891722927 0.00309194351 0 0 0
volume_proxy 210 0.90565324 0.583439121 0.00893792368 0 0 0
volume_proxy 226 1.21356676 -0.137220388 0.00876421399 0 0 0
volume_proxy 236 1.21840507 0.185651973 0.00935903689 0 0 0
volume_proxy 247 0.628537217 -0.823079998 0.00265176474 0 0 0
volume_proxy 256 -0.0451905724 -0.22152743 0.0105422477 0 0 0
volume_proxy 259 0.419716449 -0.0464988157 -0.00768606621 0 0 0
volume_proxy 269 -0.676604163 0.56941817 -0.00434717171 0 0 0
volume_proxy 277 -0.320956795 -0.496792981 0.00564086014 0 0 0
volume_proxy 296 -0.920120127 0.748869524 0.00441145681 0 0 0
volume_proxy 305 0.750364916 -0.407223567 -0.00681266104 0 0 0
volume_proxy 310 1.40858183 0.881359076 9.58934289e-05 0 0 0
volume_proxy 344 -0.856646031 -0.527425772 -0.000121087659 0 0 0
volume_proxy 347 -0.274210998 0.530690325 -0.00662170019 0 0 0
volume_proxy 356 -0.416830443 -0.0899667599 -0.00455912926 0 0 0
volume_proxy 375 1.10156298 0.273936852 -0.0046256171 0 0 0
volume_proxy 388 0.655011067 -0.778074048 -0.00787398572 0 0 0
volume_proxy 1052 -0.745940693 -0.198016199 0.00443865885 0 0 0
volume_proxy 1066 -0.357304921 0.377925798 0.00205129509 0 0 0
volume_proxy 1120 -0.830013014 0.372075267 -0.00693515612 0 0 0
volume_proxy 1166 -0.697589871 -0.937947231 0.00562664518 0 0 0
volume_proxy 1193 -1.12076014 -0.421674062 -0.0022223567 0 0 0
volume_proxy 1225 -1.4886446 -0.569833216 -0.00335287093 0 0 0
volume_proxy 1245 -1.31303263 0.579846376 0.00352845182 0 0 0
volume_proxy 1280 -1.01743397 0.644753566 -0.0083158993 0 0 0
volume_proxy 1285 -0.297274942 0.685330606 -0.000861767529 0 0 0
volume_proxy 1295 0.731861871 -0.0164025261 0.00374859987 0 0 0
volume_proxy 1296 -0.250021125 -0.938246108 0.0106550212 0 0 0
volume_proxy 1340 1.39028346 -0.184211256 0.000454226672 0 0 0
volume_proxy 1380 -1.13318425 -0.303944895 -0.00389317429 0 0 0
volume_proxy 1386 1.30010686 0.790980748 0.00688341688 0 0 0
volume_proxy 1397 0.578368718 0.591795068 -0.00357106472 0 0 0
volume_proxy 1409 0.527367081 0.242428981 -0.00166218417 0 0 0
volume_proxy 1413 1.10216222 0.461904574 -0.00287050902 0 0 0
volume_proxy 1422 0.131022348 -0.923504294 -0.00661941749 0 0 0
volume_proxy 1433 1.01418976 0.635821084 -0.00586974234 0 0 0
volume_proxy 1437 0.136282689 -0.89465561 -0.000795289574 0 0 0
volume_proxy 1459 -0.6851352 -0.69827555 0.0103502348 0 0 0
volume_proxy 1460 -0.276111155 0.643743966 -0.00778223583 0 0 0
volume_proxy 1461 -1.44969062 0.697134548 0.00687627425 0 0 0
volume_proxy 1472 -1.18843798 0.309009631 -0.00102118069 0 0 0
volume_proxy 1474 1.37645737 0.193588266 -0.006426757 0 0 0
volume_proxy 1481 0.200548881 -0.063119258 0.00627056396 0 0 0
volume_proxy 1482 1.09622332 0.914366887 -0.00675829952 0 0 0
volume_proxy 1485 0.721087703 -0.642809071 0.00803356302 0 0 0
volume_proxy 1489 0.553752347 -0.726302892 0.0072739761 0 0 0
volume_proxy 1490 0.81322018 0.907721489 0.00977721293 0 0 0
volume_proxy 1496 -1.36027443 0.621716642 -0.00771951441 0 0 0
volume_proxy 1498 0.155254598 -0.121654399 -0.00516559403 0 0 0
volume_proxy 1503 -1.12221271 -0.851737228 0.0100836726 0 0 0
volume_proxy 1506 0.486469917 0.944957074 -0.00658940437 0 0 0
volume_proxy 1507 -0.567778365 -0.647931518 -0.00222377421 0 0 0
volume_proxy 1508 -0.519397669 -0.0563139521 -0.00617478838 0 0 0
volume_proxy 1509 -1.21850964 -0.166919389 0.00156054276 0 0 0
volume_proxy 1510 -0.698327241 -0.876929403 -0.00334066206 0 0 0
volume_proxy 1513 -0.92206638 0.829887538 0.00237266713 0 0 0
volume_proxy 1515 0.513739962 -0.73184896 -0.0047624928 0 0 0
volume_proxy 1516 -0.17155332 -0.55667038 0.0104995395 0 0 0
volume_proxy 1517 -1.23402167 -0.389784956 -0.010119499 0 0 0
volume_proxy 1519 0.208232325 -0.702389424 0.00293531182 0 0 0
volume_proxy 1520 -0.101109361 -0.681897883 0.00839998464 0 0 0
volume_proxy 1521 -1.47454624 -0.899722932 -0.000804847236 0 0 0
volume_proxy 1523 0.0741276063 0.00928050148 0.00173243151 0 0 0
volume_proxy 1525 -0.954576498 0.702605531 0.00789864577 0 0 0
volume_proxy 1526 1.34557683 -0.418485722 -0.000423024293 0 0 0
volume_proxy 1528 1.12219696 -0.910257947 -0.00422142144 0 0 0
volume_proxy 1529 -1.1509936 -0.132103083 -0.0027228028 0 0 0
volume_proxy 1531 0.643176339 0.650743348 0.00226212195 0 0 0
volume_proxy 1533 1.4464405 0.278455859 -0.00802195838 0 0 0
volume_proxy 1534 -0.133620752 0.464882749 -0.0062897212 0 0 0
volume_proxy 1536 -0.734329681 -0.84685962 0.00800105697 0 0 0
volume_proxy 1537 -0.596996508 -0.725807714 -0.00604922027 0 0 0
volume_proxy 1538 0.814369926 -0.317244113 -0.00890266886 0 0 0
volume_proxy 1539 0.340319186 0.788891899 -0.00467652661 0 0 0
volume_proxy 1540 1.36040721 0.331482338 -0.00824662099 0 0 0
