volume_proxy 0 1.0972113 -0.198381583 -0.00632797749 0 0 0
volume_proxy 5 0.465551429 0.708874972 -0.00305783409 0 0 0
volume_proxy 6 1.42735545 -0.244282341 -0.00367420372 0 0 0
volume_proxy 11 0.280909995 0.771398468 0.00656777705 0 0 0
volume_proxy 12 0.885926959 -0.135100844 -0.00266007721 0 0 0
volume_proxy 14 0.616541823 0.635689973 -0.00508778067 0 0 0
volume_proxy 23 -0.748608894 -0.165946857 -0.00205306991 0 0 0
volume_proxy 38 0.0744360568 -0.349483105 -0.00927175549 0 0 0
volume_proxy 40 -0.0330484605 -0.217002544 -0.010739516 0 0 0
volume_proxy 50 -0.274128181 -0.663124758 -0.00165654215 0 0 0
volume_proxy 53 -0.121696612 -0.711886696 0.00919135652 0 0 0
volume_proxy 58 1.19703399 -0.402298536 -0.00554325918 0 0 0
volume_proxy 60 -0.368498105 0.45779751 -0.0107628898 0 0 0
volume_proxy 61 -0.303364552 -0.736493103 0.00347751783 0 0 0
volume_proxy 72 0.670302772 -0.0211130908 -0.00243233117 0 0 0
volume_proxy 81 -1.10806465 0.00790140736 -0.00658703409 0 0 0
volume_proxy 85 -0.396265868 0.234329949 0.00314714586 0 0 0
volume_proxy 88 -0.813636339 -0.104137181 -0.0102427154 0 0 0
volume_proxy 97 1.16676049 -0.0726927062 -0.00541682384 0 0 0
volume_proxy 101 -1.35946163 0.609521053 -0.0057673733 0 0 0
volume_proxy 105 -0.0840411279 -0.761593776 -0.00185546148 0 0 0
volume_proxy 106 -0.661405632 -0.920621037 -0.00348194527 0 0 0
volume_proxy 107 0.667021532 0.35810354 -0.00781667286 0 0 0
volume_proxy 108 1.35082681 0.349956374 -0.0102201888 0 0 0
volume_proxy 126 -0.256342512 -0.987178806 -0.00604445653 0 0 0
volume_proxy 127 -0.655057842 0.129404903 0.00409380459 0 0 0
volume_proxy 130 1.14582041 0.811159178 0.00832934728 0 0 0
volume_proxy 132 0.827736795 0.815922277 -0.00273834432 0 0 0
volume_proxy 140 -0.829807235 0.976424632 -0.00610681169 0 0 0
volume_proxy 145 -0.987234181 -0.626965844 -0.00698687303 0 0 0
volume_proxy 157 0.498736602 0.158845089 0.0035903993 0 0 0
volume_proxy 159 -0.740237389 -0.676720285 -0.00913789016 0 0 0
volume_proxy 161 -0.573494453 0.417896793 0.000934433714 0 0 0
volume_proxy 176 0.168709922 -0.575652743 0.00499798101 0 0 0
volume_proxy 178 -1.4357432 0.543762244 0.00972651112 0 0 0
volume_proxy 186 0.0581976127 0.725311705 0.0013381613 0 0 0
volume_proxy 189 -1.29079184 0.547500119 -0.00863051496 0 0 0
volume_proxy 195 -0.554466758 0.263990852 -0.00369570235 0 0 0
volume_proxy 196 0.651720984 0.296445318 -0.01037998 0 0 0
volume_proxy 200 -0.497101656 -0.517014186 -0.00507240393 0 0 0
volume_proxy 202 -0.841546358 0.958108259 -0.0090522665 0 0 0
volume_proxy 209 -1.04472493 -0.457122509 0.0106373713 0 0 0
volume_proxy 210 0.00434029787 0.683331116 0.00127237648 0 0 0
volume_proxy 224 0.494622872 -0.771015596 0.000300928095 0 0 0
volume_proxy 226 -0.695791035 -0.838709862 -0.0106280865 0 0 0
volume_proxy 236 0.336197407 0.109066315 -0.00105316673 0 0 0
volume_proxy 237 0.342439714 0.410178923 -0.00671835135 0 0 0
volume_proxy 244 1.05555666 0.441426401 0.00641958317 0 0 0
volume_proxy 247 1.33545455 -0.470710197 -0.00150830919 0 0 0
volume_proxy 256 0.111032688 -0.553939057 0.00406445222 0 0 0
volume_proxy 258 0.841595057 0.259949863 0.00850215172 0 0 0
volume_proxy 259 0.585043928 0.274823439 0.00204916763 0 0 0
volume_proxy 269 0.182078121 -0.326894092 0.00569050999 0 0 0
volume_proxy 276 0.602478469 -0.454203394 0.00711547887 0 0 0
volume_proxy 277 -0.469015887 -0.494443327 -0.00768859783 0 0 0
volume_proxy 279 0.610517667 0.43877692 0.00507661334 0 0 0
volume_proxy 294 0.514372742 0.542970548 0.00799946194 0 0 0
volume_proxy 296 0.47520583 -0.263967347 0.009559877 0 0 0
volume_proxy 298 0.543901363 -0.413256241 -0.00667667477 0 0 0
volume_proxy 305 -0.0522247148 -0.0608435283 0.000362842763 0 0 0
volume_proxy 310 1.19657483 0.659150821 0.000291844967 0 0 0
volume_proxy 311 1.16079899 -0.124189063 -0.00702264148 0 0 0
volume_proxy 314 -0.230852081 0.321418998 0.00730089262 0 0 0
volume_proxy 329 -0.786795954 0.615552789 -0.00164181303 0 0 0
volume_proxy 337 -1.07913889 0.433868455 -0.00587182797 0 0 0
volume_proxy 344 0.541673689 0.612288486 0.00550864902 0 0 0
volume_proxy 345 -1.12533489 0.721741729 0.0076903592 0 0 0
volume_proxy 347 -0.448897384 -0.978036655 -0.0017268343 0 0 0
volume_proxy 349 0.330257038 -0.0364629513 -0.00449466791 0 0 0
volume_proxy 356 0.229772738 0.56188097 0.00369287833 0 0 0
volume_proxy 358 1.19912566 0.884523122 -0.00713379952 0 0 0
volume_proxy 375 1.21875824 -0.184012229 -0.00734551075 0 0 0
volume_proxy 388 -1.45877335 0.070133204 -0.00584828498 0 0 0
volume_proxy 399 0.660231592 -0.504834549 0.00471027037 0 0 0
volume_proxy 409 -0.0378803419 -0.743954415 -0.00133113007 0 0 0
volume_proxy 412 1.10082638 -0.934462055 -0.00401090507 0 0 0
volume_proxy 431 -1.19965102 -0.982973632 0.00952918604 0 0 0
volume_proxy 512 0.217498609 -0.907047522 0.00271395482 0 0 0
volume_proxy 518 1.45058391 -0.0399458007 0.00929166619 0 0 0
volume_proxy 591 -0.0639121557 0.3502769 8.85494235e-05 0 0 0
volume_proxy 682 0.140235688 -0.39286691 -0.00178560669 0 0 0
volume_proxy 725 -1.41879619 -0.416039115 -0.00607165371 0 0 0
volume_proxy 751 -0.183356718 -0.710751317 2.92187957e-06 0 0 0
volume_proxy 802 1.25520211 -0.223208963 0.00481923848 0 0 0
volume_proxy 814 0.741653515 -0.437213443 0.00807226016 0 0 0
volume_proxy 876 -0.535792377 -0.365061068 -0.00494531852 0 0 0
volume_proxy 883 0.437602169 0.422615006 0.00059891207 0 0 0
volume_proxy 902 -0.0782064741 0.207838914 -0.00700478081 0 0 0
volume_proxy 904 -0.846927249 0.693931279 -0.00636895212 0 0 0
volume_proxy 914 0.580068977 -0.555046728 0.00416511978 0 0 0
volume_proxy 915 -0.655313798 -0.262708092 0.00871920407 0 0 0
volume_proxy 929 -0.981768554 -0.715572542 0.0030016906 0 0 0
volume_proxy 944 0.33373047 -0.410957114 -0.00336672434 0 0 0
volume_proxy 991 -1.16295878 -0.758407058 0.00461447726 0 0 0
volume_proxy 1001 -0.268842362 0.888161625 -0.00930453027 0 0 0
volume_proxy 1020 -0.912207339 0.212658104 0.00424643107 0 0 0
volume_proxy 1021 -0.943588347 -0.674410064 -0.00368845011 0 0 0
volume_proxy 1042 0.972576259 0.655763416 0.00675483716 0 0 0
volume_proxy 1050 -1.20303821 -0.489341832 0.00737323813 0 0 0
volume_proxy 1052 -0.467787727 0.136632744 -0.00378982423 0 0 0
volume_proxy 1062 0.407918215 0.653762406 0.00226263553 0 0 0
volume_proxy 1066 0.730341547 0.56414445 0.00749825914 0 0 0
volume_proxy 1093 -0.0134157069 -0.73823823 -0.00231934538 0 0 0
volume_proxy 1098 0.202729366 0.834081129 -0.00441085461 0 0 0
volume_proxy 1102 1.20503605 0.877218142 -0.000302681662 0 0 0
volume_proxy 1113 0.904304624 0.615588473 -0.00546077415 0 0 0
volume_proxy 1117 0.815252116 0.369866465 0.00545192228 0 0 0
volume_proxy 1118 -0.479145968 -0.436782797 -0.00580987111 0 0 0
volume_proxy 1120 -0.236064348 0.655093273 -0.000667159001 0 0 0
volume_proxy 1133 0.736066149 -0.960281756 -0.00495430941 0 0 0
volume_proxy 1137 -0.568276026 0.293640089 0.00129582804 0 0 0
volume_proxy 1138 1.46070286 -0.842007004 0.00871543928 0 0 0
volume_proxy 1147 0.797383437 0.395341001 0.00129702278 0 0 0
volume_proxy 1151 0.696628809 -0.952628567 -0.00124167382 0 0 0
volume_proxy 1166 -1.05009387 0.515639441 -0.00815995945 0 0 0
volume_proxy 1169 1.4998029 -0.993436433 -0.00694805641 0 0 0
volume_proxy 1172 -0.205775543 0.426451331 -0.00518424438 0 0 0
volume_proxy 1179 0.612846329 0.251314012 -0.000715876733 0 0 0
volume_proxy 1180 -0.531385066 0.349680082 0.00092832671 0 0 0
volume_proxy 1186 -0.52767122 -0.137142004 -0.00454606961 0 0 0
volume_proxy 1193 -1.03606003 0.0135328371 -0.00149175456 0 0 0
volume_proxy 1195 -1.36921076 -0.3204516 -0.00807990634 0 0 0
volume_proxy 1197 -0.65503125 -0.567917331 -0.00755129179 0 0 0
volume_proxy 1198 -0.201851047 0.495530107 -0.00595658548 0 0 0
volume_proxy 1206 0.579908456 0.281245262 0.00255630845 0 0 0
volume_proxy 1208 -0.390954133 0.0902685673 0.00815022837 0 0 0
volume_proxy 1209 -1.46534354 0.239282745 0.000490737124 0 0 0
volume_proxy 1210 -1.39745994 0.953192283 0.00291584404 0 0 0
volume_proxy 1214 -0.587651087 0.637600235 0.000933957145 0 0 0
volume_proxy 1217 -0.657037282 0.511213442 0.000848899104 0 0 0
volume_proxy 1219 -0.781609061 0.673741803 -0.000171435332 0 0 0
volume_proxy 1220 0.584440877 0.392553473 0.00465065769 0 0 0
volume_proxy 1223 1.42134044 0.367244941 -0.00384497139 0 0 0
volume_proxy 1225 -0.0856937313 -0.156761455 0.00482261902 0 0 0
volume_proxy 1230 1.20392283 -0.581741358 -0.000868697754 0 0 0
volume_proxy 1231 -0.789745297 0.202404375 0.00857022268 0 0 0
volume_proxy 1237 0.428148335 0.800426047 0.00308255889 0 0 0
volume_proxy 1238 0.909212355 0.812283378 0.00793679612 0 0 0
volume_proxy 1245 -1.39019155 0.985829568 0.00320872356 0 0 0
volume_proxy 1252 0.487158392 -0.670010493 0.00536655095 0 0 0
volume_proxy 1255 1.39425038 -0.44355293 -0.00626133685 0 0 0
volume_proxy 1259 -1.10877104 0.953083183 0.0053877329 0 0 0
volume_proxy 1260 0.312753205 0.534034161 -0.00403004973 0 0 0
volume_proxy 1261 -0.4612683 0.785320654 0.00344529884 0 0 0
volume_proxy 1262 1.19108572 0.399353779 0.00411273856 0 0 0
volume_proxy 1263 0.547896085 -0.438782056 0.00279117829 0 0 0
volume_proxy 1264 0.266589262 -0.435779899 0.00112061945 0 0 0
volume_proxy 1270 0.469337033 -0.181201926 -0.0105092225 0 0 0
volume_proxy 1273 -0.662606787 0.945258125 -0.00404653905 0 0 0
volume_proxy 1276 1.05165876 0.586489222 0.00456843661 0 0 0
volume_proxy 1277 1.43823683 0.3564097 -0.00672239268 0 0 0
volume_proxy 1280 -1.2185016 0.316049196 -0.00356691127 0 0 0
volume_proxy 1281 -0.498708111 -0.867716832 -0.0095245585 0 0 0
volume_proxy 1285 -1.04829954 0.922716776 0.00567633501 0 0 0
volume_proxy 1289 0.407535819 -0.497669922 -0.00391232084 0 0 0
volume_proxy 1291 -0.221411518 0.888229603 -0.00571907896 0 0 0
volume_proxy 1292 -0.0864271254 0.21881416 -0.00730009865 0 0 0
volume_proxy 1293 -0.32212114 -0.712863577 -0.00596295548 0 0 0
volume_proxy 1294 1.33856889 0.663276753 0.0106142988 0 0 0
volume_proxy 1295 -1.22333115 0.229855579 0.00813067714 0 0 0
volume_proxy 1296 -0.160361384 -0.208608902 -0.00869830882 0 0 0
volume_proxy 1297 -0.256870977 -0.746541028 -0.00945955524 0 0 0
volume_proxy 1298 -1.10341649 -0.730745646 0.00299057865 0 0 0
volume_proxy 1300 -1.19189521 0.576315937 -0.010702199 0 0 0
volume_proxy 1301 -1.17606523 0.599799163 0.00562859931 0 0 0
volume_proxy 1303 -0.790775675 0.669010924 0.000442190511 0 0 0
volume_proxy 1308 -0.635920964 -0.111820518 -0.000161182329 0 0 0
volume_proxy 1309 0.0143331504 -0.45424098 -0.00267466142 0 0 0
volume_proxy 1312 0.83310944 -0.584323279 -0.00157167887 0 0 0
volume_proxy 1314 0.15289711 0.278701566 -0.00778516008 0 0 0
volume_proxy 1315 -0.910254201 -0.720698451 -0.000363640697 0 0 0
volume_proxy 1317 1.49170646 0.287632092 0.0106426227 0 0 0
volume_proxy 1318 0.751998088 -0.623169823 0.00885092572 0 0 0
volume_proxy 1320 -0.467025681 -0.902842694 0.0061728348 0 0 0
volume_proxy 1321 -1.3770227 -0.0154328876 0.00340445888 0 0 0
volume_proxy 1322 0.905052565 -0.603781742 0.00615369968 0 0 0
volume_proxy 1325 0.0950193174 -0.359601002 0.00195226073 0 0 0
volume_proxy 1326 -0.0216676896 0.0160439573 -0.00730949302 0 0 0
volume_proxy 1328 -1.08759162 0.552058312 -0.00422210896 0 0 0
volume_proxy 1329 1.00742892 0.681122107 -0.00894935383 0 0 0
volume_proxy 1330 0.0711428695 0.302438289 0.00207906811 0 0 0
volume_proxy 1331 0.395059733 0.670908349 0.00298595308 0 0 0
volume_proxy 1332 1.08371647 0.485702152 0.00976230286 0 0 0
volume_proxy 1333 1.15513262 0.522586518 -0.00537420189 0 0 0
volume_proxy 1334 -1.30631074 -0.467167399 0.00813535035 0 0 0
volume_proxy 1335 0.440953924 0.106827011 -0.00145386613 0 0 0
volume_proxy 1336 0.760438094 0.00792308692 -0.00560106177 0 0 0
volume_proxy 1337 -0.56111335 0.82370921 0.00902809686 0 0 0
volume_proxy 1340 0.438547725 0.366843917 -0.00602645158 0 0 0
volume_proxy 1341 -1.03302544 -0.586992001 0.00711600233 0 0 0
volume_proxy 1345 0.726053169 -0.747985227 -0.00888266413 0 0 0
volume_proxy 1347 -0.287730367 0.607222684 0.00454966681 0 0 0
volume_proxy 1348 0.647608449 -0.391296793 0.00261785098 0 0 0
volume_proxy 1349 -1.26267775 -0.229347383 -0.00149936183 0 0 0
volume_proxy 1350 0.577700838 -0.363423856 -0.00485018686 0 0 0
volume_proxy 1351 0.839475588 0.444927719 0.00672938252 0 0 0
volume_proxy 1353 1.24779606 0.129151853 0.000917678773 0 0 0
volume_proxy 1354 -0.304761795 -0.00934681725 -0.00724520596 0 0 0
volume_proxy 1355 -0.272949123 -0.0588889932 -0.0037927591 0 0 0
volume_proxy 1356 0.218348311 0.455684514 -0.0012407244 0 0 0
volume_proxy 1357 -1.48339132 0.253965873 -0.00288353852 0 0 0
volume_proxy 1358 -1.09690676 -0.414289776 -0.00945574618 0 0 0
volume_proxy 1359 -0.577806312 0.134849706 0.0102119196 0 0 0
volume_proxy 1360 -1.40898514 -0.705866421 0.0016736856 0 0 0
volume_proxy 1361 0.855841448 0.929874392 0.00750737411 0 0 0
volume_proxy 1362 0.070392472 0.954226406 0.0036743082 0 0 0
volume_proxy 1363 0.0694856655 0.915220104 -0.00605404701 0 0 0
volume_proxy 1364 -1.14377523 -0.578543208 -0.000779093518 0 0 0
volume_proxy 1366 1.01564116 0.842051572 0.00363303332 0 0 0
volume_proxy 1367 -0.492300242 -0.928761029 0.0101353194 0 0 0
volume_proxy 1368 1.20306748 -0.898236703 0.0058902503 0 0 0
volume_proxy 1369 1.27049497 0.9444944 0.00201236123 0 0 0
