volume_proxy 0 -0.0601318073 0.506774614 0.00746285576 0 0 0
volume_proxy 6 -0.503288768 0.533535467 -0.00267458732 0 0 0
volume_proxy 11 1.14555343 0.69917531 0.00255085184 0 0 0
volume_proxy 12 0.738414742 -0.370813603 0.0047110969 0 0 0
volume_proxy 14 -0.87193674 0.462507937 -0.00535165498 0 0 0
volume_proxy 23 1.20940511 -0.803932257 -0.0102563797 0 0 0
volume_proxy 38 -1.02069004 -0.925611711 -0.00182722594 0 0 0
volume_proxy 40 -1.14555125 -0.194594822 0.00840871659 0 0 0
volume_proxy 50 -0.789157961 -0.484566234 -0.00392267964 0 0 0
volume_proxy 53 -1.22519683 0.583667335 0.000193623821 0 0 0
volume_proxy 58 0.421374099 -0.710876324 0.00209930258 0 0 0
volume_proxy 60 0.440134911 0.340955892 0.00486877305 0 0 0
volume_proxy 85 -0.953897983 0.40146764 -0.00548122632 0 0 0
volume_proxy 97 0.980735969 0.638346835 -0.00525382101 0 0 0
volume_proxy 107 1.40528122 0.20772417 0.00230995513 0 0 0
volume_proxy 127 -1.23414872 -0.99335259 -0.00612882488 0 0 0
volume_proxy 130 0.585541176 0.673814141 0.00781849063 0 0 0
volume_proxy 140 -0.936353082 0.512587933 0.00821097265 0 0 0
volume_proxy 157 1.01339459 -0.112735949 0.00892334915 0 0 0
volume_proxy 159 1.00117182 0.234160194 -0.00874415624 0 0 0
volume_proxy 161 -0.146686649 0.450057064 -0.000624978567 0 0 0
volume_proxy 176 1.29020833 -0.210124694 0.00820765612 0 0 0
volume_proxy 186 -0.490060706 0.00212483015 0.00923452941 0 0 0
volume_proxy 189 -1.21115321 -0.230849904 0.00459001263 0 0 0
volume_proxy 195 -1.48015819 -0.751662343 -0.00553279287 0 0 0
volume_proxy 196 0.479820213 0.353093953 0.00918707372 0 0 0
volume_proxy 200 -0.821572965 -0.673761609 0.00210666836 0 0 0
volume_proxy 202 0.642559559 0.956328592 -0.00416586743 0 0 0
volume_proxy 209 -0.915261853 0.150921754 -0.00388278078 0 0 0
volume_proxy 210 -0.241687413 0.760272777 -0.00462791225 0 0 0
volume_proxy 226 0.0336261494 -0.44256403 0.0068886151 0 0 0
volume_proxy 236 1.4411961 -0.479540181 0.00861397745 0 0 0
volume_proxy 247 1.26896004 0.321567182 0.00113781579 0 0 0
volume_proxy 256 -0.692227082 0.776634904 0.00731381679 0 0 0
volume_proxy 259 0.396479589 0.967239924 -0.00558731326 0 0 0
volume_proxy 269 -0.679398312 0.159156705 0.00764882546 0 0 0
volume_proxy 277 -0.965237691 -0.243791791 0.00210074644 0 0 0
volume_proxy 296 -1.2177997 0.820814598 0.00289966729 0 0 0
volume_proxy 305 0.503602008 -0.368503424 -0.00713795872 0 0 0
volume_proxy 310 -0.0336825836 -0.255794393 -0.00566052454 0 0 0
volume_proxy 344 -1.27426988 -0.0903556495 -0.00607625477 0 0 0
volume_proxy 347 0.312202209 0.659769628 0.00122781234 0 0 0
volume_proxy 356 -0.58174507 0.416323886 -0.00849215772 0 0 0
volume_proxy 375 0.718400581 -0.0288217553 0.00455557014 0 0 0
volume_proxy 388 1.36817793 0.123485287 -0.00659631338 0 0 0
volume_proxy 802 0.867758556 -0.0815122156 0.00371009131 0 0 0
volume_proxy 1052 -0.936455896 -0.776539424 -0.00300426681 0 0 0
volume_proxy 1066 -0.457701849 -0.0374825635 0.0101774603 0 0 0
volume_proxy 1120 -0.669313533 -0.117116547 0.0037740715 0 0 0
volume_proxy 1166 -0.861597851 -0.100218172 0.00758193429 0 0 0
volume_proxy 1193 -1.3250407 -0.773764763 0.00620431285 0 0 0
volume_proxy 1225 -0.242421196 0.0867602623 0.00178015564 0 0 0
volume_proxy 1245 -1.1426777 -0.115454799 -0.00888787033 0 0 0
volume_proxy 1280 -0.540693016 0.797807037 0.00942793132 0 0 0
volume_proxy 1285 -1.04456942 0.428340541 -0.00394945757 0 0 0
volume_proxy 1295 0.222528511 0.039905082 0.0105816989 0 0 0
volume_proxy 1296 0.259558868 -0.539780456 0.0070156784 0 0 0
volume_proxy 1340 0.871976935 0.761412531 0.00724448064 0 0 0
volume_proxy 1380 -0.456663692 0.179029032 0.00543500088 0 0 0
volume_proxy 1386 1.44290406 0.382234269 -0.000593896356 0 0 0
volume_proxy 1397 0.961367174 0.887946572 -0.00698902873 0 0 0
volume_proxy 1409 -0.292220239 0.61170462 -0.00287528725 0 0 0
volume_proxy 1413 0.527089933 0.642611117 -0.00100528031 0 0 0
volume_proxy 1422 0.485780092 -0.196651815 0.0106006468 0 0 0
volume_proxy 1433 1.49695522 0.784736832 -0.00817404197 0 0 0
volume_proxy 1437 0.0221655298 0.0674950419 -0.00400378681 0 0 0
volume_proxy 1439 0.1904567 0.936626341 0.00589296793 0 0 0
volume_proxy 1447 0.891510557 -0.283997038 0.00600275382 0 0 0
volume_proxy 1459 -1.43814689 0.306052001 0.00529603747 0 0 0
volume_proxy 1460 -0.0797663966 0.352385843 -0.00984246081 0 0 0
volume_proxy 1461 -0.790084013 0.952523681 -0.0107254352 0 0 0
volume_proxy 1466 -0.733064989 -0.122235482 -0.00871805058 0 0 0
volume_proxy 1472 -0.917716176 0.739464546 -0.00763575805 0 0 0
volume_proxy 1474 1.08648566 -0.709206156 0.00164695148 0 0 0
volume_proxy 1481 0.810955217 0.602691052 0.00304036788 0 0 0
volume_proxy 1482 0.953064802 0.0210495075 0.00730524854 0 0 0
volume_proxy 1485 0.43355145 -0.0332200287 0.00806801071 0 0 0
volume_proxy 1489 0.0269561362 -0.961272466 -0.0104664141 0 0 0
volume_proxy 1490 0.829340015 0.94209529 0.000695051759 0 0 0
volume_proxy 1494 1.29927049 -0.0530626327 0.00537397119 0 0 0
volume_proxy 1496 -1.18982171 0.168378079 -0.000985189584 0 0 0
volume_proxy 1498 -0.174784691 0.2976334 4.78393472e-05 0 0 0
volume_proxy 1503 -0.418730137 0.0629352574 0.00290342201 0 0 0
volume_proxy 1506 0.343867156 0.793176824 -0.00110733894 0 0 0
volume_proxy 1507 -1.1814259 -0.179819913 -0.00337899105 0 0 0
volume_proxy 1508 -0.668026714 -0.567537062 0.000461440124 0 0 0
volume_proxy 1509 -1.2895583 0.182610245 -0.00824650479 0 0 0
volume_proxy 1510 -0.129037469 -0.810304465 -0.00424693776 0 0 0
volume_proxy 1511 1.34275228 0.984136449 0.00219387408 0 0 0
volume_proxy 1513 -1.28660036 0.47730392 -0.000341600345 0 0 0
volume_proxy 1515 0.627452427 -0.311281969 -0.00935887825 0 0 0
volume_proxy 1516 -0.411930895 -0.934431629 -0.0107235238 0 0 0
volume_proxy 1517 -0.728003459 -0.288303618 0.000968943792 0 0 0
volume_proxy 1519 0.211832188 -0.367301513 -0.00985356957 0 0 0
volume_proxy 1520 0.0587073702 0.119937637 0.00425171668 0 0 0
volume_proxy 1521 -1.2575957 -0.453254904 0.00576917248 0 0 0
volume_proxy 1522 0.128611097 0.949187628 0.00916200149 0 0 0
volume_proxy 1523 0.99903976 -0.0952807105 0.000692670043 0 0 0
volume_proxy 1525 -0.844195574 0.738894249 -0.0036432841 0 0 0
volume_proxy 1526 1.21648522 -0.554506269 0.00304410452 0 0 0
volume_proxy 1528 0.68711936 -0.740862123 -0.00564693411 0 0 0
volume_proxy 1529 -1.04274757 0.0633232547 0.0101986797 0 0 0
volume_proxy 1530 -0.760369198 -0.807492497 -0.00499205853 0 0 0
volume_proxy 1531 0.760473242 0.542023844 0.00239531953 0 0 0
volume_proxy 1532 -0.407715448 -0.979438625 -0.00310905166 0 0 0
volume_proxy 1533 1.36734008 -0.443437727 -0.00226296497 0 0 0
