volume_proxy 0 0.668449742 0.44405596 0.00678222845 0 0 0
volume_proxy 5 1.28188276 -0.849566868 0.00378003805 0 0 0
volume_proxy 6 -0.450943833 0.0678312663 -0.00322578573 0 0 0
volume_proxy 11 0.589310041 0.603548866 -0.00610280109 0 0 0
volume_proxy 12 0.483027695 -0.896262957 -0.000494317041 0 0 0
volume_proxy 14 -0.942808875 0.590719666 0.00521504417 0 0 0
volume_proxy 23 1.22966036 -0.949818707 -0.00688640151 0 0 0
volume_proxy 38 0.931890489 -0.164599181 0.00735103494 0 0 0
volume_proxy 40 -0.30320554 -0.156347438 0.00658759143 0 0 0
volume_proxy 50 -1.01113158 -0.296299949 -0.00369168862 0 0 0
volume_proxy 53 -0.194140867 0.83161224 0.00404995663 0 0 0
volume_proxy 58 0.747183135 -0.912432717 0.00414590281 0 0 0
volume_proxy 60 0.590098569 0.567298044 -0.00273503656 0 0 0
volume_proxy 72 -0.216604702 -0.451490891 0.00937118503 0 0 0
volume_proxy 85 -0.721866988 -0.141350311 -0.00983016226 0 0 0
volume_proxy 97 0.745714538 0.610276989 -0.00386435634 0 0 0
volume_proxy 107 1.24376177 0.904370085 0.00645415041 0 0 0
volume_proxy 127 -1.21970438 -0.176071142 -0.00433592632 0 0 0
volume_proxy 130 1.04788433 0.0789988876 0.0104821808 0 0 0
volume_proxy 140 0.217962829 0.726257567 0.00715478898 0 0 0
volume_proxy 157 1.11781057 -0.268866689 -0.00555133244 0 0 0
volume_proxy 159 0.701564649 0.68393385 -0.0107816128 0 0 0
volume_proxy 161 0.810606293 0.44973103 0.00341360508 0 0 0
volume_proxy 176 0.773939771 0.0457178916 -1.55275272e-05 0 0 0
volume_proxy 186 -1.00746958 0.0905298365 -0.00469029684 0 0 0
volume_proxy 189 -0.462512578 0.894653525 0.00902438506 0 0 0
volume_proxy 195 -0.225469134 -0.244386842 -0.00686140078 0 0 0
volume_proxy 196 0.644083162 -0.622785623 -0.000344889487 0 0 0
volume_proxy 200 -0.291369197 -0.459475348 0.00129675696 0 0 0
volume_proxy 202 -0.324118722 0.347550809 -0.00599955092 0 0 0
volume_proxy 209 -1.46851341 0.603273273 -0.0082275615 0 0 0
volume_proxy 210 -0.980338862 0.588114583 0.00823021289 0 0 0
volume_proxy 226 0.306871904 -0.856463766 0.000898050386 0 0 0
volume_proxy 236 0.987247545 0.98598037 -0.00234730653 0 0 0
volume_proxy 247 1.30918236 0.975378354 -0.000730424601 0 0 0
volume_proxy 256 -0.235441195 0.853974724 -0.00213820152 0 0 0
volume_proxy 259 0.276176776 0.461484184 -0.00288845769 0 0 0
volume_proxy 269 -0.15726565 -0.762325335 -0.000868826416 0 0 0
volume_proxy 277 -1.36914211 0.27022 0.0062294028 0 0 0
volume_proxy 296 -0.32300952 -0.652981522 0.00806291738 0 0 0
volume_proxy 305 0.285259058 -0.0453604854 -0.00543121655 0 0 0
volume_proxy 310 0.816915434 -0.921032661 -0.0107452767 0 0 0
volume_proxy 344 -0.963204697 0.681125302 -0.0107415762 0 0 0
volume_proxy 347 -0.405255639 -0.294480209 0.00772659584 0 0 0
volume_proxy 356 0.376174964 0.986237877 -0.00924714508 0 0 0
volume_proxy 375 0.635433882 -0.875061096 0.00899048695 0 0 0
volume_proxy 388 -0.0139315995 0.526765689 0.00666434846 0 0 0
volume_proxy 802 1.36139654 -0.14055227 0.00746804841 0 0 0
volume_proxy 1052 -0.531712375 -0.634047952 0.0100751015 0 0 0
volume_proxy 1066 0.224287591 0.462681387 -0.00239062548 0 0 0
volume_proxy 1120 -0.713131507 0.422040852 -0.00781854309 0 0 0
volume_proxy 1166 -0.510128424 0.831440243 0.00105475556 0 0 0
volume_proxy 1169 0.774703796 -0.971967583 0.0107935687 0 0 0
volume_proxy 1193 -1.34577537 -0.668979672 0.00276396054 0 0 0
volume_proxy 1225 -0.356300485 -0.402535628 -0.00531028735 0 0 0
volume_proxy 1245 -1.25882413 0.717281539 0.00628523223 0 0 0
volume_proxy 1280 -1.25182036 0.165556282 0.0101082737 0 0 0
volume_proxy 1285 -1.04084661 0.427443774 -0.00900484185 0 0 0
volume_proxy 1295 -0.711522953 0.620992208 -0.00566915433 0 0 0
volume_proxy 1296 0.27637042 0.156576648 0.00521490802 0 0 0
volume_proxy 1335 0.772399217 -0.689744831 0.00854217805 0 0 0
volume_proxy 1340 1.16102394 0.0636378513 -0.00255606478 0 0 0
volume_proxy 1380 0.0677931247 0.229069682 -0.00177226042 0 0 0
volume_proxy 1386 0.329660892 0.522059574 -0.00785972869 0 0 0
volume_proxy 1397 0.879276584 0.000146054129 0.00873809068 0 0 0
volume_proxy 1409 0.798142933 0.857269922 -0.00851751756 0 0 0
volume_proxy 1413 1.42048019 0.588180163 -0.0100157283 0 0 0
volume_proxy 1420 -1.39251959 -0.0362529372 0.00630372302 0 0 0
volume_proxy 1422 1.37423725 -0.788983695 -0.00328778554 0 0 0
volume_proxy 1426 1.0853075 -0.13206396 0.000558986794 0 0 0
volume_proxy 1429 1.1546136 -0.424721607 -0.00216469502 0 0 0
volume_proxy 1433 1.33809828 0.663502837 0.0034247057 0 0 0
volume_proxy 1434 -0.251654561 -0.923387557 -0.00341002791 0 0 0
volume_proxy 1437 -0.183568043 -0.217863906 -0.00578060236 0 0 0
volume_proxy 1439 -0.381014563 0.881715882 -0.000528600496 0 0 0
volume_proxy 1440 1.09188393 -0.351082227 -0.00678876415 0 0 0
volume_proxy 1445 -0.154427144 -0.952427803 -0.00670950764 0 0 0
volume_proxy 1447 0.818036101 -0.462715973 0.00462942734 0 0 0
volume_proxy 1459 -0.813559863 -0.0529056986 -0.0105881751 0 0 0
volume_proxy 1460 1.42161416 0.87346866 0.00551931671 0 0 0
volume_proxy 1461 -1.11253697 0.677371561 -0.00900180302 0 0 0
volume_proxy 1466 -1.30565575 0.0881328766 0.00391815652 0 0 0
volume_proxy 1470 -1.48839584 -0.553110367 0.00632940669 0 0 0
volume_proxy 1471 -0.00432612619 0.811023966 0.00457740386 0 0 0
volume_proxy 1472 -1.06083158 0.415896096 -0.00583580418 0 0 0
volume_proxy 1474 0.937802983 -0.715735833 -0.00474415875 0 0 0
volume_proxy 1481 1.05623347 0.749728123 0.0100823659 0 0 0
volume_proxy 1482 0.538936615 -0.426305719 -0.00603120677 0 0 0
volume_proxy 1485 0.125166228 -0.67559934 -0.00838083915 0 0 0
volume_proxy 1486 1.05960138 -0.45884258 -0.00753514585 0 0 0
volume_proxy 1489 -0.341815832 0.15743814 -0.00712038112 0 0 0
volume_proxy 1490 1.32216318 0.806396886 0.00326946387 0 0 0
volume_proxy 1492 0.521298133 0.747666543 -0.00073005842 0 0 0
volume_proxy 1493 0.310368367 0.0961771564 0.00266293443 0 0 0
volume_proxy 1494 0.957443465 0.624405906 -0.00358041498 0 0 0
volume_proxy 1496 -1.01846241 0.225519265 0.00729854432 0 0 0
volume_proxy 1498 -1.18065634 0.224745483 -0.000556088269 0 0 0
volume_proxy 1501 -0.984117233 -0.832990711 0.00442822252 0 0 0
volume_proxy 1503 -0.0946215283 0.12840716 -0.007456792 0 0 0
volume_proxy 1505 -0.284575654 0.926519552 -0.00998355412 0 0 0
volume_proxy 1506 0.553467151 0.961267997 -0.0098791899 0 0 0
volume_proxy 1507 -1.22209878 -0.431207823 0.000754728778 0 0 0
volume_proxy 1508 -0.596981957 -0.960670433 -0.00214450918 0 0 0
volume_proxy 1509 -1.3849011 0.640182532 0.00926035134 0 0 0
volume_proxy 1510 0.418534795 -0.229381816 -0.00266907368 0 0 0
volume_proxy 1511 1.10764214 0.725428713 0.00195988912 0 0 0
volume_proxy 1512 -1.1105865 0.552002678 -0.00448713414 0 0 0
volume_proxy 1513 -0.509287658 0.693682291 -0.00307992707 0 0 0
volume_proxy 1514 -1.42705281 0.250301272 0.000972074656 0 0 0
volume_proxy 1515 0.38340034 0.40987381 -0.00810218835 0 0 0
volume_proxy 1516 -0.89530058 -0.555055806 -0.00525463225 0 0 0
volume_proxy 1517 -1.04762654 -0.621090878 -0.0062555903 0 0 0
volume_proxy 1518 -1.04929746 -0.144772998 0.00694084807 0 0 0
volume_proxy 1519 0.132361496 -0.273384488 -0.00176199602 0 0 0
