volume_proxy 0 -0.0822188901 0.271150416 -0.00242702575 0 0 0
volume_proxy 6 -0.195027664 0.67584772 0.00601088141 0 0 0
volume_proxy 11 1.09030395 0.635756904 -0.00756627414 0 0 0
volume_proxy 12 0.700140221 0.20163572 0.00168506877 0 0 0
volume_proxy 14 -1.17444704 0.698255254 0.0006302445 0 0 0
volume_proxy 23 0.778874195 -0.526062227 -0.00853725611 0 0 0
volume_proxy 38 -0.9162323 -0.747992865 -0.00734230579 0 0 0
volume_proxy 40 -1.02399002 0.157078717 -0.00599494233 0 0 0
volume_proxy 50 -0.995841203 -0.504313407 0.00735308057 0 0 0
volume_proxy 53 -1.34817211 0.441219786 -0.000345997051 0 0 0
volume_proxy 58 0.442765271 -0.924937891 -0.0059341436 0 0 0
volume_proxy 60 0.372242777 0.596786125 0.00536159506 0 0 0
volume_proxy 85 -1.1143111 0.693174072 -0.00854678315 0 0 0
volume_proxy 97 1.44634505 0.801413206 0.00470696394 0 0 0
volume_proxy 107 1.178249 0.0277882057 0.00747904086 0 0 0
volume_proxy 127 -1.4451462 -0.646173313 0.00298576758 0 0 0
volume_proxy 130 0.455954203 0.682781181 0.00523332035 0 0 0
volume_proxy 140 -1.19434488 0.514489217 0.00299834172 0 0 0
volume_proxy 157 0.645235246 -0.18286498 0.00244361896 0 0 0
volume_proxy 159 1.14801793 0.279353412 0.00866747529 0 0 0
volume_proxy 161 -0.137230236 0.53702038 -4.38722982e-05 0 0 0
volume_proxy 176 1.41183341 -0.143173193 0.00908909189 0 0 0
volume_proxy 186 -0.253444617 0.134132971 -0.000911231271 0 0 0
volume_proxy 189 -1.0707914 -0.663003055 -0.00129643586 0 0 0
volume_proxy 195 -1.33134997 -0.956369827 -0.00680415222 0 0 0
volume_proxy 196 0.642179227 0.297718523 -0.00955926576 0 0 0
volume_proxy 200 -0.996070636 -0.455987875 -0.00987765749 0 0 0
volume_proxy 202 0.746850399 0.745921766 -0.00439438834 0 0 0
volume_proxy 209 -1.08532769 0.382057219 -0.00266053324 0 0 0
volume_proxy 210 0.0226628556 0.978356279 0.000724267286 0 0 0
volume_proxy 226 0.0263652079 -0.0924212752 0.0093588619 0 0 0
volume_proxy 236 1.49604497 -0.870684025 -0.00484396466 0 0 0
volume_proxy 247 1.02357731 0.320584159 0.0094034304 0 0 0
volume_proxy 256 -0.898239042 0.292179564 0.00971292752 0 0 0
volume_proxy 259 0.508782547 0.861244439 -0.00966757576 0 0 0
volume_proxy 269 -0.692588612 0.241195457 -0.00754795919 0 0 0
volume_proxy 277 -0.954724802 0.173090262 -0.00537827103 0 0 0
volume_proxy 296 -1.26266057 0.94992948 -0.00266294572 0 0 0
volume_proxy 305 0.809010798 -0.298566215 -0.00010880454 0 0 0
volume_proxy 310 0.104306778 -0.141810667 -0.00710955905 0 0 0
volume_proxy 344 -1.19364222 -0.15933035 0.00539664157 0 0 0
volume_proxy 347 -0.115616463 0.635512846 0.00698219224 0 0 0
volume_proxy 356 -0.842242266 -0.0488675171 -0.0011733001 0 0 0
volume_proxy 375 0.779445663 -0.000610878669 -0.00245242387 0 0 0
volume_proxy 388 1.32233051 0.0616608229 0.0069732158 0 0 0
volume_proxy 802 0.748335422 0.0423192495 -0.00465245991 0 0 0
volume_proxy 1052 -0.972519548 -0.766010413 0.00978553389 0 0 0
volume_proxy 1066 -0.223247711 0.0332107781 -0.000151854661 0 0 0
volume_proxy 1120 -0.83777791 -0.00699608121 0.00448924022 0 0 0
volume_proxy 1166 -0.783953593 0.0537523684 0.0064379548 0 0 0
volume_proxy 1193 -1.12186555 -0.568045171 -0.00665826505 0 0 0
volume_proxy 1225 -0.604813229 -0.173340553 -0.00574549784 0 0 0
volume_proxy 1245 -1.14972217 -0.100326701 0.00917234278 0 0 0
volume_proxy 1280 -0.377774066 0.612742877 -0.00741098835 0 0 0
volume_proxy 1285 -1.13098928 0.375265546 0.00305695286 0 0 0
volume_proxy 1295 0.287982579 -0.202512311 0.00543879389 0 0 0
volume_proxy 1296 0.158668273 -0.588561337 0.0080838127 0 0 0
volume_proxy 1340 0.906659438 0.756254327 -0.00653105428 0 0 0
volume_proxy 1380 -0.330446067 0.0983498147 0.0056931285 0 0 0
volume_proxy 1386 1.47177487 0.336874156 -0.00974727434 0 0 0
volume_proxy 1397 1.00152834 0.624910008 -0.00511111215 0 0 0
volume_proxy 1409 -0.428799835 0.681362403 -5.99683488e-05 0 0 0
volume_proxy 1413 0.739559358 0.724497666 -0.00705252488 0 0 0
volume_proxy 1422 0.37094772 -0.252330435 0.00354967388 0 0 0
volume_proxy 1433 1.46545852 0.899311827 0.0107972884 0 0 0
volume_proxy 1437 0.108861864 0.0737814909 0.00877572584 0 0 0
volume_proxy 1447 1.08336247 -0.325091497 -0.00784841695 0 0 0
volume_proxy 1459 -1.49950043 0.208368183 0.00509355666 0 0 0
volume_proxy 1460 -0.0769133038 0.310204988 0.00147549243 0 0 0
volume_proxy 1461 -0.850445602 0.807729845 -0.000441616364 0 0 0
volume_proxy 1466 -0.719731555 0.100253837 -0.000364927849 0 0 0
volume_proxy 1472 -1.28285565 0.700939276 0.00830524311 0 0 0
volume_proxy 1474 1.06453422 -0.522743752 0.000311478717 0 0 0
volume_proxy 1481 0.810512571 0.622976055 -0.000486895742 0 0 0
volume_proxy 1482 0.892177277 0.0218419857 -0.00414389926 0 0 0
volume_proxy 1485 0.420563019 0.0034834443 0.0100725025 0 0 0
volume_proxy 1489 -0.0107238076 -0.95309077 0.0041816145 0 0 0
volume_proxy 1490 0.909786692 0.969903458 0.00552320937 0 0 0
volume_proxy 1494 1.40877882 -0.0964519648 -0.00605901926 0 0 0
volume_proxy 1496 -1.02666288 0.445683879 -0.00457100686 0 0 0
volume_proxy 1498 -0.247702895 0.195949141 0.00327220474 0 0 0
volume_proxy 1503 -0.80410919 0.0108003161 0.00289633834 0 0 0
volume_proxy 1506 0.41883123 0.912134315 0.00166058624 0 0 0
volume_proxy 1507 -1.05409249 -0.192315549 -0.00532017672 0 0 0
volume_proxy 1508 -0.683359906 -0.352773587 -0.00204614503 0 0 0
volume_proxy 1509 -1.23593115 0.133474707 -0.000811440522 0 0 0
volume_proxy 1510 -0.131532165 -0.97970835 0.00823792831 0 0 0
volume_proxy 1511 1.07909279 0.90408908 -0.00974742715 0 0 0
volume_proxy 1513 -1.29908518 0.228233793 -0.00626209132 0 0 0
volume_proxy 1515 0.691245065 -0.333888074 0.000232752338 0 0 0
volume_proxy 1516 -0.341070289 -0.864894301 0.00193828513 0 0 0
volume_proxy 1517 -0.794990345 -0.347205388 -0.00660969481 0 0 0
volume_proxy 1519 0.104319454 -0.7632846 0.00110162759 0 0 0
volume_proxy 1520 0.230972231 -0.108562724 -0.00888437864 0 0 0
volume_proxy 1521 -1.26031718 -0.419023752 0.0104361762 0 0 0
volume_proxy 1523 0.789425485 -0.1256963 0.00164751114 0 0 0
volume_proxy 1525 -0.796823593 0.927564679 -0.00432492953 0 0 0
volume_proxy 1526 1.13655975 -0.634370565 0.00947295017 0 0 0
volume_proxy 1528 0.551241042 -0.687795179 0.00756666922 0 0 0
volume_proxy 1529 -1.05641778 0.081112489 0.00783900074 0 0 0
volume_proxy 1530 -0.584780809 -0.757766352 -0.00909883611 0 0 0
volume_proxy 1531 0.708649402 0.513119271 -0.00490610393 0 0 0
volume_proxy 1532 -0.51894982 -0.817242235 0.00489861716 0 0 0
volume_proxy 1533 1.08948428 -0.437412841 0.00102525397 0 0 0
volume_proxy 1534 0.124465887 0.807601056 -0.00399414926 0 0 0
volume_proxy 1535 0.326884351 0.94375112 -0.00238553611 0 0 0
