volume_proxy 0 1.2100108 0.0715960283 -0.00237193747 0 0 0
volume_proxy 4 1.27892098 0.69454753 0.00988413695 0 0 0
volume_proxy 5 -0.300899573 0.291677426 0.00164334715 0 0 0
volume_proxy 6 1.3434228 0.666305929 -0.00959633556 0 0 0
volume_proxy 11 -0.0902729282 0.798843477 0.00926702765 0 0 0
volume_proxy 12 0.61577086 -0.1364987 0.00522173621 0 0 0
volume_proxy 13 -1.24972846 -0.963647256 -0.00114503791 0 0 0
volume_proxy 14 0.53269611 0.451137287 -0.00748951251 0 0 0
volume_proxy 15 -0.362365657 -0.680548086 -0.00512369777 0 0 0
volume_proxy 23 -0.555073981 -0.0964798043 0.00250094727 0 0 0
volume_proxy 38 0.275616042 -0.025897856 -0.00558679791 0 0 0
volume_proxy 40 0.020815775 -0.62332953 -0.00333197786 0 0 0
volume_proxy 47 1.16699911 -0.288945449 0.00878400701 0 0 0
volume_proxy 49 0.323817537 -0.885441127 0.00710354411 0 0 0
volume_proxy 50 -0.227801097 -0.57521361 -0.00797126754 0 0 0
volume_proxy 52 -0.933688297 -0.390002064 -0.00478881936 0 0 0
volume_proxy 53 0.234613407 -0.293054534 0.00190237854 0 0 0
volume_proxy 57 -1.37313436 0.163339192 -0.00126086785 0 0 0
volume_proxy 58 0.617589993 -0.838196763 -0.00958612921 0 0 0
volume_proxy 60 -0.218315811 0.818213188 0.00983725185 0 0 0
volume_proxy 61 -1.47396036 -0.50066614 0.00709784111 0 0 0
volume_proxy 69 -0.792466192 -0.17989814 -0.0085775949 0 0 0
volume_proxy 72 0.416648545 0.0471564636 0.0070308588 0 0 0
volume_proxy 81 -1.27911617 0.0371808903 0.0100209166 0 0 0
volume_proxy 85 -0.583821479 0.403915925 0.00235667499 0 0 0
volume_proxy 88 -0.874906173 -0.105558819 0.00301601504 0 0 0
volume_proxy 97 1.09707262 0.106950321 0.00116121041 0 0 0
volume_proxy 101 -0.951858953 0.819730354 -0.00128017162 0 0 0
volume_proxy 102 0.358431447 -0.480710899 -0.0101306462 0 0 0
volume_proxy 105 -0.445736311 -0.799768957 -0.00753525203 0 0 0
volume_proxy 106 -0.23713315 -0.747335402 0.0046178774 0 0 0
volume_proxy 107 0.474324701 0.631419015 -0.00853364533 0 0 0
volume_proxy 108 1.32816072 -0.516953875 -0.00757495755 0 0 0
volume_proxy 125 -0.955872637 -0.120328183 0.00856240916 0 0 0
volume_proxy 126 -0.126123048 -0.541799206 0.00550026171 0 0 0
volume_proxy 127 0.395900425 0.209943829 0.00934832648 0 0 0
volume_proxy 130 1.39532802 0.211540317 0.00768291837 0 0 0
volume_proxy 132 0.673852071 0.813234454 -0.00810589163 0 0 0
volume_proxy 135 0.578076039 -0.89873531 -0.00717930624 0 0 0
volume_proxy 140 -0.722328706 0.779906041 0.0107921038 0 0 0
volume_proxy 145 -0.717668768 -0.511572836 -0.00884159208 0 0 0
volume_proxy 149 -1.24373566 0.914335072 -0.0107210043 0 0 0
volume_proxy 157 0.988868487 0.487265289 0.00122101483 0 0 0
volume_proxy 159 -1.09599249 -0.838747698 0.00190506939 0 0 0
volume_proxy 161 -0.0477583265 0.338411831 0.00275716234 0 0 0
volume_proxy 163 -1.37931424 0.0139868056 0.00625082102 0 0 0
volume_proxy 169 1.02440089 0.172008826 -0.00496995856 0 0 0
volume_proxy 176 0.0371596174 -0.0473357438 0.00787948688 0 0 0
volume_proxy 178 -0.879534837 -0.067187442 0.00963369127 0 0 0
volume_proxy 186 -0.413365726 0.226663122 -0.00273777346 0 0 0
volume_proxy 189 -0.744831325 0.210782858 0.00400843678 0 0 0
volume_proxy 194 0.0218361652 -0.78783542 0.00793092541 0 0 0
volume_proxy 195 -0.55464688 0.412687976 0.00377518782 0 0 0
volume_proxy 196 0.645861496 0.327991003 -0.00345223702 0 0 0
volume_proxy 198 1.19548849 -0.813779162 -0.00096693832 0 0 0
volume_proxy 200 -1.23475831 -0.297346541 0.0101064077 0 0 0
volume_proxy 201 -1.21430735 0.287645568 -0.00591641313 0 0 0
volume_proxy 202 -0.532173945 0.436815181 0.00136183762 0 0 0
volume_proxy 208 -1.20277232 0.399314677 -0.00746331459 0 0 0
volume_proxy 209 -0.734771157 -0.24895068 -0.00679189687 0 0 0
volume_proxy 210 -0.116851701 -0.0134044711 0.0086102792 0 0 0
volume_proxy 213 -0.396383733 0.0503597778 0.00212335632 0 0 0
volume_proxy 223 -1.08469821 0.246648144 0.00592566327 0 0 0
volume_proxy 224 1.47189076 -0.853086231 0.000835820406 0 0 0
volume_proxy 226 -0.579264894 -0.929386709 -0.010438691 0 0 0
volume_proxy 228 -0.00935303042 0.231165672 -0.0102833002 0 0 0
volume_proxy 230 0.659753022 0.803065333 0.00626754293 0 0 0
volume_proxy 232 0.543478176 0.179598758 -0.00299004149 0 0 0
volume_proxy 236 0.735584471 0.00357700132 0.00142017519 0 0 0
volume_proxy 237 0.381226247 0.94625597 -0.00147496253 0 0 0
volume_proxy 242 1.0614489 0.429426546 0.00457683758 0 0 0
volume_proxy 244 0.770512 0.655843414 0.00324135852 0 0 0
volume_proxy 247 1.1151373 -0.247324703 0.00975100219 0 0 0
volume_proxy 251 0.554215429 0.571460871 0.00197659141 0 0 0
volume_proxy 256 0.661671708 -0.379169426 0.00487779584 0 0 0
volume_proxy 257 -0.239200982 0.536954626 0.00116309514 0 0 0
volume_proxy 258 0.521674287 0.0803574089 5.70990684e-05 0 0 0
volume_proxy 259 0.523118028 0.496216161 0.0040757913 0 0 0
volume_proxy 269 1.10332172 0.407693575 0.00153684209 0 0 0
volume_proxy 271 -1.43804881 0.809610472 -0.00994331048 0 0 0
volume_proxy 273 1.44455381 0.376111725 0.00353372149 0 0 0
volume_proxy 276 0.376022588 0.183805029 0.00690228529 0 0 0
volume_proxy 277 -0.410332644 -0.645197698 0.00745155899 0 0 0
volume_proxy 279 -0.372631451 -0.52873482 -0.00114359101 0 0 0
volume_proxy 281 -1.49006986 0.979878891 -0.00700439126 0 0 0
volume_proxy 284 -0.685778468 0.738504326 -0.000808129576 0 0 0
volume_proxy 285 -0.653075958 -0.617501625 0.00075369988 0 0 0
volume_proxy 294 -0.00989863073 0.858519948 0.00949020158 0 0 0
volume_proxy 296 0.336513055 -0.483629941 -0.00166079281 0 0 0
volume_proxy 297 1.10603439 0.217682478 -0.00387811231 0 0 0
volume_proxy 298 0.965090385 -0.658940876 -0.00523754118 0 0 0
volume_proxy 305 -0.048759775 0.019491868 -0.0107425334 0 0 0
volume_proxy 309 1.15955668 0.622100755 0.00612676148 0 0 0
volume_proxy 310 0.8419088 0.388910686 -0.00474358335 0 0 0
volume_proxy 311 0.481850999 -0.924362276 -0.00979204081 0 0 0
volume_proxy 314 -0.223929489 0.316741104 -0.00033592963 0 0 0
volume_proxy 315 -0.267058515 -0.0627844995 0.00375709049 0 0 0
volume_proxy 319 0.0276185015 -0.856061669 0.00282982607 0 0 0
volume_proxy 321 -0.282856448 -0.879915671 -0.000511168998 0 0 0
volume_proxy 329 -0.332477418 0.700390624 -0.00830850417 0 0 0
volume_proxy 335 -1.32633448 -0.182891822 -0.00919672077 0 0 0
volume_proxy 337 -0.797195301 0.384297745 -0.00924294234 0 0 0
volume_proxy 338 -0.613383606 -0.113628216 0.0103658103 0 0 0
volume_proxy 339 -0.393838371 -0.656831518 -0.0071139678 0 0 0
volume_proxy 343 -0.0308443479 0.73863742 0.00746310567 0 0 0
volume_proxy 344 0.666532892 0.477705732 -0.00966185714 0 0 0
volume_proxy 345 -0.712884458 -0.193532553 0.00750179974 0 0 0
volume_proxy 347 -0.0276487895 -0.257880548 0.00200582421 0 0 0
volume_proxy 349 0.496711166 -0.018401437 0.00395264763 0 0 0
volume_proxy 356 0.533855658 0.778984731 -0.00607154687 0 0 0
volume_proxy 358 1.3701221 0.696050023 0.00942621269 0 0 0
volume_proxy 370 1.329959 0.41467528 -0.0105987854 0 0 0
volume_proxy 375 0.915365419 0.107352161 0.00622138316 0 0 0
volume_proxy 377 0.588127324 0.351025033 -0.00425160257 0 0 0
volume_proxy 380 -0.507752522 -0.7381466 0.00175149608 0 0 0
volume_proxy 383 0.91307621 -0.880023567 -0.00426770518 0 0 0
volume_proxy 384 -0.289018049 0.906469229 0.00519979198 0 0 0
volume_proxy 388 -1.4557382 -0.115976307 0.00639693455 0 0 0
volume_proxy 393 1.18651659 -0.0256495742 0.00471970207 0 0 0
volume_proxy 396 -0.729113174 0.983253514 0.00628067841 0 0 0
volume_proxy 397 0.920237489 0.209320724 -0.00988787498 0 0 0
volume_proxy 399 1.08549302 -0.970903723 0.00365918755 0 0 0
volume_proxy 402 -0.749970557 -0.827855522 0.00555719208 0 0 0
volume_proxy 409 -0.49163197 -0.623868959 -0.00296890408 0 0 0
volume_proxy 412 1.40041381 -0.529454945 0.00936959534 0 0 0
volume_proxy 418 -0.759692148 -0.0330661241 0.00108993614 0 0 0
volume_proxy 431 -1.21362054 -0.693421405 -0.00787635819 0 0 0
volume_proxy 435 -1.27174837 -0.967216472 0.00603204973 0 0 0
volume_proxy 442 -0.0958549598 -0.335866312 -0.00890383614 0 0 0
volume_proxy 463 0.00767621583 -0.789741909 -0.00625932904 0 0 0
volume_proxy 497 -1.05776616 -0.85244636 -0.00314982647 0 0 0
volume_proxy 502 1.48979569 -0.455571504 0.0100843087 0 0 0
volume_proxy 512 0.190313754 -0.870037365 0.00492450957 0 0 0
volume_proxy 513 0.469628401 -0.0417119181 0.00933665974 0 0 0
volume_proxy 518 1.46098947 -0.622964866 0.000752860321 0 0 0
volume_proxy 547 1.27936412 0.987676392 0.00488349044 0 0 0
volume_proxy 549 0.193031528 -0.76470382 0.00105902678 0 0 0
volume_proxy 572 0.12568182 -0.276417877 0.00572267601 0 0 0
volume_proxy 578 -0.833714234 0.996960041 0.0102341845 0 0 0
volume_proxy 581 1.30661091 0.730069889 0.00218842915 0 0 0
volume_proxy 591 -0.762511051 0.579620583 -0.00572920339 0 0 0
volume_proxy 594 -1.15151121 0.410399833 0.00866195934 0 0 0
volume_proxy 615 1.11180649 -0.203225738 0.000832924403 0 0 0
volume_proxy 616 1.41159739 0.116534354 0.00697508603 0 0 0
volume_proxy 637 -1.37697411 -0.857350501 0.00751361686 0 0 0
volume_proxy 647 -0.246052651 0.979772811 0.000382710043 0 0 0
volume_proxy 669 1.23729657 -0.325719016 -0.000260992973 0 0 0
volume_proxy 682 -0.142398843 0.497071438 -0.00529758067 0 0 0
volume_proxy 693 -0.648948536 0.432321141 0.00202191146 0 0 0
volume_proxy 698 -0.229526163 0.755633386 0.0044752273 0 0 0
volume_proxy 702 -0.143829108 -0.0660577518 -0.000567771469 0 0 0
volume_proxy 703 -0.781766531 -0.0476326003 -0.00849125175 0 0 0
volume_proxy 722 0.630202032 0.584988898 0.0079846364 0 0 0
volume_proxy 725 -1.45880594 -0.833223703 -0.00223022801 0 0 0
volume_proxy 751 0.258094485 -0.477899369 0.00497271909 0 0 0
volume_proxy 757 0.191411043 0.309515495 0.00387736856 0 0 0
volume_proxy 797 -1.1668332 -0.424900634 0.00937990815 0 0 0
volume_proxy 800 -1.02280087 0.954994216 0.00107987104 0 0 0
volume_proxy 802 0.729308819 0.0890774855 0.00458538804 0 0 0
volume_proxy 810 1.11410357 0.013619693 0.0057780446 0 0 0
volume_proxy 811 0.7192492 0.582184959 0.000547873886 0 0 0
volume_proxy 812 1.00169936 0.470587351 0.00801950231 0 0 0
volume_proxy 814 1.11119144 -0.254290566 -0.0106239477 0 0 0
volume_proxy 822 0.0780360424 -0.817763784 -0.000237325115 0 0 0
volume_proxy 833 -0.426717776 0.0474979529 -0.00465370249 0 0 0
volume_proxy 835 -0.293520074 -0.979048705 0.0014377115 0 0 0
volume_proxy 839 -0.253464769 -0.190777272 -0.00119948479 0 0 0
volume_proxy 846 1.30511625 0.11039829 -0.00717985603 0 0 0
volume_proxy 848 -0.951308346 -0.215187924 -0.00119662728 0 0 0
volume_proxy 854 -0.613629327 0.9541614 0.00568833291 0 0 0
volume_proxy 856 1.38043425 0.502222448 0.00342971215 0 0 0
volume_proxy 869 1.28611129 0.709811797 0.00750501909 0 0 0
volume_proxy 876 -0.133510772 -0.572023448 0.00472463122 0 0 0
volume_proxy 878 1.39238845 -0.536028882 -0.00628593265 0 0 0
volume_proxy 883 0.2320531 0.799593906 -0.010193916 0 0 0
volume_proxy 889 -1.41524387 0.63407058 0.00317572461 0 0 0
volume_proxy 896 1.4030673 0.774622005 0.00721933659 0 0 0
volume_proxy 902 -0.0740343017 0.56039131 0.0032812332 0 0 0
volume_proxy 903 0.503715188 0.734911483 0.00269657779 0 0 0
volume_proxy 904 -0.863607455 0.424808094 -0.00542961009 0 0 0
volume_proxy 906 0.865227416 0.541984705 -0.00882935576 0 0 0
volume_proxy 910 -1.43596454 0.607308765 -0.00169094889 0 0 0
volume_proxy 912 1.34275789 0.0692321421 -0.00855718303 0 0 0
volume_proxy 914 -0.0152522154 -0.810583981 0.0013087126 0 0 0
volume_proxy 915 -0.398972689 -0.176442923 0.00788222438 0 0 0
volume_proxy 924 -0.651543405 0.454492581 -0.00542502503 0 0 0
volume_proxy 926 -0.233435925 0.228309171 0.00618605046 0 0 0
volume_proxy 929 -0.610540129 -0.801762778 0.00251690115 0 0 0
volume_proxy 931 -0.0991562042 -0.0524333487 -0.00768235017 0 0 0
volume_proxy 935 -1.45552336 0.310865094 -0.00908778006 0 0 0
volume_proxy 944 0.560503634 -0.998421713 0.00497952826 0 0 0
volume_proxy 945 -0.571484604 0.756404615 0.00757306376 0 0 0
volume_proxy 948 -0.338108399 -0.154581001 0.00379820653 0 0 0
volume_proxy 949 -0.61919943 -0.0301098122 0.00623837774 0 0 0
volume_proxy 963 -0.722946701 0.574947043 -0.00818709763 0 0 0
volume_proxy 966 -0.424152282 0.779487734 0.0029159471 0 0 0
volume_proxy 969 -0.795268672 -0.0429849073 -0.00767913801 0 0 0
volume_proxy 974 0.379729292 -0.748832741 -0.00224842253 0 0 0
volume_proxy 977 -1.11796154 -0.266135942 0.00619568128 0 0 0
volume_proxy 979 -0.188357762 0.709890863 0.00515737059 0 0 0
volume_proxy 981 -0.423141866 0.182678343 -0.00259075873 0 0 0
volume_proxy 983 1.00767551 -0.270726501 0.00424321607 0 0 0
volume_proxy 984 1.44389662 0.537815719 -0.00791109374 0 0 0
volume_proxy 990 -1.39618225 0.39433666 -0.00699041869 0 0 0
volume_proxy 991 -0.466366624 -0.197753395 -0.00174831542 0 0 0
volume_proxy 992 -0.106159978 0.252250032 -3.93612087e-05 0 0 0
volume_proxy 997 1.15959137 0.113145176 -0.00193453768 0 0 0
volume_proxy 1001 0.58993389 0.945349288 -0.00566555728 0 0 0
volume_proxy 1007 -1.21996935 -0.601617203 0.00152228411 0 0 0
volume_proxy 1008 0.273657092 -0.51677442 -0.00539044039 0 0 0
volume_proxy 1012 0.795548326 -0.154709439 -0.0096126204 0 0 0
volume_proxy 1016 0.928693145 -0.924223632 0.00915203828 0 0 0
volume_proxy 1018 -1.03978196 -0.7490523 0.00619616303 0 0 0
volume_proxy 1019 -0.778943683 -0.911174421 -0.009021222 0 0 0
volume_proxy 1020 -0.960799431 0.470106816 0.00849969475 0 0 0
volume_proxy 1021 -0.847334193 -0.72103115 -0.00376044382 0 0 0
volume_proxy 1023 0.841510212 0.192281026 0.00138022647 0 0 0
volume_proxy 1024 1.15644282 0.873944316 0.00600769552 0 0 0
volume_proxy 1028 -1.39475632 -0.785460248 -0.00222669373 0 0 0
volume_proxy 1030 0.620990119 0.323129924 0.00866434807 0 0 0
volume_proxy 1031 1.22310872 -0.560621883 0.00669655939 0 0 0
volume_proxy 1032 1.36858684 0.342889663 0.00869238593 0 0 0
volume_proxy 1033 0.975969667 0.997220627 -0.0103072447 0 0 0
volume_proxy 1035 0.426275946 -0.483025026 -0.0044826731 0 0 0
volume_proxy 1036 0.926044546 -0.0576767063 -0.00510150171 0 0 0
volume_proxy 1040 -0.800254774 -0.831660631 -0.00683784058 0 0 0
volume_proxy 1042 0.859081976 0.190885381 0.00411281419 0 0 0
volume_proxy 1050 -0.540515648 -0.528480895 0.00233627609 0 0 0
volume_proxy 1052 -0.591842486 0.182107461 -0.00833780014 0 0 0
volume_proxy 1053 -0.474559503 -0.997981901 -0.000283940417 0 0 0
volume_proxy 1056 -1.36160204 0.929138365 0.000158490121 0 0 0
volume_proxy 1057 0.101659161 -0.650501876 0.00387506521 0 0 0
volume_proxy 1061 -0.527265291 -0.499924346 -0.00556893729 0 0 0
volume_proxy 1062 0.795099826 0.434940933 0.00842753706 0 0 0
volume_proxy 1065 -1.41705176 -0.540737463 -0.00865339522 0 0 0
volume_proxy 1066 0.775942903 0.12963782 -0.00433136697 0 0 0
volume_proxy 1067 0.853141908 -0.302989103 -0.00341266941 0 0 0
volume_proxy 1069 -0.650401125 0.124332907 -0.00577029611 0 0 0
volume_proxy 1070 -1.29858727 0.549782932 -0.00696379479 0 0 0
volume_proxy 1075 -0.291871931 0.2972012 -8.69028257e-06 0 0 0
volume_proxy 1077 -1.08574595 0.928718394 0.0104239503 0 0 0
volume_proxy 1078 -1.22363529 0.82824452 -0.00262606862 0 0 0
volume_proxy 1079 -0.0165861794 -0.0398210472 0.00158055235 0 0 0
volume_proxy 1085 0.085638634 -0.31359917 -0.00844861955 0 0 0
volume_proxy 1086 0.958821744 -0.601443997 0.00190554117 0 0 0
volume_proxy 1089 -0.808417083 0.715902379 -0.000334251114 0 0 0
volume_proxy 1091 0.275486737 0.216589502 -0.000239626884 0 0 0
volume_proxy 1093 -0.00979027701 -0.77621368 -0.00426306048 0 0 0
volume_proxy 1094 -1.4075873 0.724980957 -0.00624820352 0 0 0
volume_proxy 1096 0.403785698 0.291065447 0.00642110793 0 0 0
volume_proxy 1098 0.493088778 0.452441436 0.00968867474 0 0 0
volume_proxy 1102 1.08242519 0.574419067 0.00619572455 0 0 0
volume_proxy 1106 0.922709888 -0.616043361 0.00509276332 0 0 0
volume_proxy 1108 1.1830657 0.469581247 -0.00042024721 0 0 0
volume_proxy 1109 1.14363483 -0.971818429 -0.00718943059 0 0 0
volume_proxy 1110 0.867944626 -0.870457653 -0.00354276196 0 0 0
volume_proxy 1111 -0.444420824 -0.277012504 -0.00361502978 0 0 0
volume_proxy 1112 -0.730657603 0.831500734 -0.00811678352 0 0 0
volume_proxy 1113 1.13430782 0.1898953 -0.0102084294 0 0 0
volume_proxy 1114 -1.17960759 0.187406543 0.00248987038 0 0 0
volume_proxy 1117 0.746730586 -0.203245471 -0.00123755057 0 0 0
volume_proxy 1118 0.215850974 -0.49053659 -0.00588296976 0 0 0
volume_proxy 1119 -1.38787552 0.374283127 0.0101000777 0 0 0
volume_proxy 1120 -0.0688119722 0.136495985 -0.00105359257 0 0 0
volume_proxy 1123 -1.33357611 0.846320008 0.00493321164 0 0 0
volume_proxy 1127 0.402411106 0.667596436 -0.00842989119 0 0 0
volume_proxy 1128 -0.593516358 -0.118145744 0.00143645966 0 0 0
volume_proxy 1129 1.09249903 0.86368739 0.00721799919 0 0 0
volume_proxy 1130 -0.53920213 0.223564432 -0.00729789298 0 0 0
volume_proxy 1131 -0.953040147 0.184126469 0.00996158324 0 0 0
volume_proxy 1132 0.47263275 0.257815145 0.0105384414 0 0 0
volume_proxy 1133 1.37594955 -0.610857777 -0.00376964419 0 0 0
volume_proxy 1134 0.896644824 0.730163004 0.00220411469 0 0 0
volume_proxy 1137 -0.840568331 -0.112958158 0.0055748212 0 0 0
volume_proxy 1138 1.08555286 -0.553139641 -0.0105282271 0 0 0
volume_proxy 1139 1.44716434 -0.832912071 0.00985317548 0 0 0
volume_proxy 1143 -0.446994807 -0.0600344275 0.010358457 0 0 0
volume_proxy 1144 0.38485513 -0.943219237 -0.00240317609 0 0 0
volume_proxy 1145 -0.643484237 -0.984147708 0.0106971342 0 0 0
volume_proxy 1146 -0.123416037 0.380978134 0.00948738995 0 0 0
volume_proxy 1147 -0.101952025 0.308760482 -0.00836414172 0 0 0
volume_proxy 1148 -0.266283508 -0.106706975 0.00255560837 0 0 0
volume_proxy 1149 -0.688635899 0.591212286 0.00145158481 0 0 0
volume_proxy 1150 -0.405505932 -0.729118536 -0.00118058919 0 0 0
volume_proxy 1151 0.834963181 -0.837659936 -0.00531072752 0 0 0
volume_proxy 1152 0.120782275 0.539998563 -0.00385454031 0 0 0
volume_proxy 1157 -0.296947833 0.189770516 0.00526316667 0 0 0
volume_proxy 1159 -0.426090736 0.975187534 -0.00128718101 0 0 0
volume_proxy 1160 -0.169757933 0.776252946 0.00791449345 0 0 0
volume_proxy 1161 0.79057004 -0.896402061 -0.0101216921 0 0 0
volume_proxy 1163 1.19336402 0.280439114 0.00381230738 0 0 0
volume_proxy 1164 1.45150591 0.567278845 0.00764805172 0 0 0
volume_proxy 1165 -0.306712355 -0.797720479 0.00274527003 0 0 0
volume_proxy 1166 -1.44554501 0.450193771 0.0091728182 0 0 0
volume_proxy 1167 -1.40299568 0.373308798 0.00249959649 0 0 0
volume_proxy 1168 0.018156191 -0.359756491 -0.000571863482 0 0 0
volume_proxy 1169 1.41766484 -0.416965424 0.00230214342 0 0 0
volume_proxy 1170 -1.37615308 0.197108688 0.00323028269 0 0 0
volume_proxy 1171 -0.558975494 0.193004026 0.0105594017 0 0 0
volume_proxy 1172 -0.318009197 0.295468389 -0.00417226781 0 0 0
volume_proxy 1174 0.473759641 -0.0318992217 0.00189668522 0 0 0
volume_proxy 1175 -0.488378309 -0.697589899 -0.00118215311 0 0 0
volume_proxy 1177 1.00672214 -0.0512804447 -0.00938640462 0 0 0
volume_proxy 1178 -0.508925756 0.78592521 -0.00512027842 0 0 0
volume_proxy 1179 0.51767177 0.56190717 -0.00475229191 0 0 0
volume_proxy 1180 -1.12691899 0.388566781 0.0102320113 0 0 0
volume_proxy 1181 -1.07229841 0.583868805 0.00497242934 0 0 0
volume_proxy 1182 0.513887348 0.993768136 0.00284614168 0 0 0
volume_proxy 1183 0.637189567 -0.707826582 -0.000749225121 0 0 0
volume_proxy 1184 1.47483658 0.61134654 0.00712764664 0 0 0
volume_proxy 1185 -0.0967332232 0.0817469311 0.00220029465 0 0 0
volume_proxy 1186 -0.373386898 -0.326761392 -0.00706069817 0 0 0
volume_proxy 1187 0.972318299 0.873027093 -0.00733822386 0 0 0
volume_proxy 1188 -0.184863803 0.0716262696 -0.00118939669 0 0 0
volume_proxy 1191 1.36588504 0.966103169 0.007649497 0 0 0
volume_proxy 1193 -0.882575216 0.105466592 -0.00456165084 0 0 0
volume_proxy 1194 -1.15472409 -0.606675642 0.0083016117 0 0 0
volume_proxy 1195 -1.04951491 -0.685476924 -0.00830865972 0 0 0
volume_proxy 1196 -0.714742224 -0.575671995 0.00638056454 0 0 0
volume_proxy 1197 -1.07962561 -0.935472107 0.00886074328 0 0 0
volume_proxy 1198 0.126365523 0.0718443377 -0.00229212301 0 0 0
volume_proxy 1199 -0.0389247681 0.0909349371 0.00949935343 0 0 0
volume_proxy 1200 -0.035231569 -0.38648949 0.00687908578 0 0 0
