volume_proxy 0 1.3218885 -0.20206191 -0.00240198185 0 0 0
volume_proxy 4 1.21489758 0.860350847 0.00994591659 0 0 0
volume_proxy 5 -0.148522224 0.353283969 -0.00359913625 0 0 0
volume_proxy 6 1.2185497 0.76041996 0.00732010729 0 0 0
volume_proxy 11 -0.227486531 0.851526474 -0.00661190829 0 0 0
volume_proxy 12 0.651284828 -0.262800383 -0.00752374394 0 0 0
volume_proxy 14 0.787917723 0.476222459 -0.00886788364 0 0 0
volume_proxy 15 -0.524799647 -0.806691008 -0.00470953415 0 0 0
volume_proxy 23 -0.799217738 -0.259628971 -0.00473724163 0 0 0
volume_proxy 38 0.198148708 -0.102560055 -0.00812196906 0 0 0
volume_proxy 40 -0.258163574 -0.848904202 -0.0012582405 0 0 0
volume_proxy 47 1.06268383 -0.265440221 0.00621279085 0 0 0
volume_proxy 49 0.360466952 -0.832220125 0.0101423566 0 0 0
volume_proxy 50 -0.0997715722 -0.551622994 0.0073622341 0 0 0
volume_proxy 52 -1.32822367 -0.618405948 -0.0101688731 0 0 0
volume_proxy 53 -0.0754897258 -0.342906919 0.00683875698 0 0 0
volume_proxy 57 -1.28844452 0.108624901 -0.00994778774 0 0 0
volume_proxy 58 1.00141372 -0.674742928 -0.00513330943 0 0 0
volume_proxy 60 -0.340998173 0.910453649 -0.00762804201 0 0 0
volume_proxy 61 -1.26375314 -0.43717431 -0.0022085242 0 0 0
volume_proxy 69 -0.572208346 -0.146604374 -0.00689724284 0 0 0
volume_proxy 72 0.754815518 0.102152146 0.00322948591 0 0 0
volume_proxy 81 -1.18654712 0.0818876815 -0.00522472149 0 0 0
volume_proxy 85 -0.542503617 0.638049154 -0.00835419441 0 0 0
volume_proxy 88 -0.798606127 -0.0597890943 -0.0104764715 0 0 0
volume_proxy 97 1.02568497 -0.245845237 0.00737339197 0 0 0
volume_proxy 101 -1.11314134 0.710144575 -0.00741330019 0 0 0
volume_proxy 105 -0.446006666 -0.701939454 -0.0103809204 0 0 0
volume_proxy 106 -0.295116931 -0.839646412 0.00784560722 0 0 0
volume_proxy 107 0.327444544 0.641110271 -0.00965399832 0 0 0
volume_proxy 108 1.43839087 -0.575969958 -0.00303535305 0 0 0
volume_proxy 126 -0.124754257 -0.563772853 -0.00931800881 0 0 0
volume_proxy 127 -0.010682921 0.432469899 0.0021435987 0 0 0
volume_proxy 130 1.40350319 0.252799179 0.00117474884 0 0 0
volume_proxy 132 0.796373262 0.902788532 -0.0106157732 0 0 0
volume_proxy 135 0.337892346 -0.937764428 0.000419967255 0 0 0
volume_proxy 140 -0.767784938 0.71062563 -0.00666816191 0 0 0
volume_proxy 145 -0.614130685 -0.646367854 -0.00539196807 0 0 0
volume_proxy 149 -1.40545687 0.857796623 -0.00512266061 0 0 0
volume_proxy 157 0.798646303 0.395155665 0.00493287709 0 0 0
volume_proxy 159 -0.855709152 -0.982745448 0.00808562521 0 0 0
volume_proxy 161 0.222450963 0.720183664 -0.00157115773 0 0 0
volume_proxy 163 -1.43894495 0.0458592719 -0.00860312951 0 0 0
volume_proxy 169 0.93586137 0.0784849554 -0.00149402471 0 0 0
volume_proxy 176 0.406976408 -0.256728024 -0.00306551989 0 0 0
volume_proxy 178 -0.874176564 0.430535076 0.0052146203 0 0 0
volume_proxy 186 -0.457174619 0.198017682 0.0102584463 0 0 0
volume_proxy 189 -0.856109465 0.281693354 0.0015424767 0 0 0
volume_proxy 195 -0.45379438 0.237648386 0.00487655436 0 0 0
volume_proxy 196 0.783033992 0.312716833 -0.00807334106 0 0 0
volume_proxy 198 1.44665563 -0.865380488 -0.00320970889 0 0 0
volume_proxy 200 -0.912673047 -0.259714758 -0.00737186479 0 0 0
volume_proxy 201 -1.10627396 0.523965217 0.0105490502 0 0 0
volume_proxy 202 -0.689448279 0.404169123 -0.00940290021 0 0 0
volume_proxy 208 -1.36926348 0.378384525 -0.00821006756 0 0 0
volume_proxy 209 -0.983575291 -0.455352887 0.00112366793 0 0 0
volume_proxy 210 -0.00230280501 -0.0303623875 0.00812924466 0 0 0
volume_proxy 213 -0.408519969 -0.107631379 0.00371943786 0 0 0
volume_proxy 223 -1.17620289 0.475847038 0.0046063236 0 0 0
volume_proxy 224 1.11206053 -0.890087124 0.003064168 0 0 0
volume_proxy 226 -0.635508883 -0.919326132 -0.00473444299 0 0 0
volume_proxy 228 0.0211969013 0.503540631 -0.00889760219 0 0 0
volume_proxy 230 0.822129664 0.429523493 0.00452385396 0 0 0
volume_proxy 236 0.368995959 -0.0405396148 0.00967518312 0 0 0
volume_proxy 237 0.411126582 0.649565059 0.00306726755 0 0 0
volume_proxy 242 1.14168746 0.522919192 0.00697192022 0 0 0
volume_proxy 244 0.750218297 0.705289461 0.0060791426 0 0 0
volume_proxy 247 1.23158267 -0.408706032 -0.00142819104 0 0 0
volume_proxy 251 0.420687677 0.324008036 -0.00730582898 0 0 0
volume_proxy 256 0.530103056 -0.436982716 0.00355782636 0 0 0
volume_proxy 257 -0.140325613 0.383595071 -7.70293459e-05 0 0 0
volume_proxy 258 0.460142086 -0.17366935 0.00106115162 0 0 0
volume_proxy 259 0.379771734 0.492893122 0.0019580982 0 0 0
volume_proxy 269 1.2323933 0.243748994 0.0026495435 0 0 0
volume_proxy 271 -1.18300538 0.978706945 0.0102967132 0 0 0
volume_proxy 273 1.25562899 0.395159033 0.0105709721 0 0 0
volume_proxy 276 0.24377156 0.0674677862 0.00154514156 0 0 0
volume_proxy 277 -0.461404487 -0.765158991 0.00685650503 0 0 0
volume_proxy 279 -0.227253291 -0.428364051 -0.00631664632 0 0 0
volume_proxy 281 -1.30804147 0.842039616 -0.00651823309 0 0 0
volume_proxy 284 -0.729547655 0.79383949 -0.00645280288 0 0 0
volume_proxy 285 -0.399414954 -0.678537726 0.010704625 0 0 0
volume_proxy 294 0.0963538595 0.48587339 -0.00785747128 0 0 0
volume_proxy 296 0.0144078598 -0.648068383 -0.000106027539 0 0 0
volume_proxy 297 1.06289555 0.142040218 0.00487990394 0 0 0
volume_proxy 298 1.04014918 -0.657788226 0.00298863732 0 0 0
volume_proxy 305 0.165537541 0.0508999318 -0.00210554557 0 0 0
volume_proxy 309 1.11125622 0.456710804 0.00422868778 0 0 0
volume_proxy 310 0.907039426 0.319704776 0.00251803002 0 0 0
volume_proxy 311 0.325558643 -0.973004379 0.00115551416 0 0 0
volume_proxy 314 -0.267298968 0.207782926 0.00787045619 0 0 0
volume_proxy 319 -0.180876609 -0.788460482 0.00390009041 0 0 0
volume_proxy 321 -0.0810561829 -0.813534985 0.0062041357 0 0 0
volume_proxy 329 -0.26476405 0.872437152 0.00373788128 0 0 0
volume_proxy 335 -1.44393467 -0.393985458 0.00790146678 0 0 0
volume_proxy 337 -0.812899421 0.254139828 -0.00272283795 0 0 0
volume_proxy 339 -0.432239242 -0.641089383 0.00191012302 0 0 0
volume_proxy 344 0.656939866 0.753954949 0.00473345661 0 0 0
volume_proxy 345 -0.89373187 0.0748581693 -0.00435819276 0 0 0
volume_proxy 347 -0.0261920594 -0.098710763 0.00812375013 0 0 0
volume_proxy 349 0.289561643 -0.137718639 0.0106993651 0 0 0
volume_proxy 356 0.522438036 0.841381843 0.0054531772 0 0 0
volume_proxy 358 1.40440736 0.759125902 -0.00593820913 0 0 0
volume_proxy 370 1.4757132 0.669679483 -0.00725524391 0 0 0
volume_proxy 375 0.50120002 -0.045238276 -0.000888699842 0 0 0
volume_proxy 377 0.599532566 0.0795263882 0.0067211032 0 0 0
volume_proxy 383 0.871612875 -0.965245086 0.00345243701 0 0 0
volume_proxy 388 -1.39304785 -0.167176223 0.00646578136 0 0 0
volume_proxy 393 1.17711814 -0.0163917816 -0.00676193839 0 0 0
volume_proxy 396 -0.833901507 0.81358711 -0.00694023025 0 0 0
volume_proxy 397 0.590037733 0.0621237463 -0.00561591459 0 0 0
volume_proxy 399 0.917879474 -0.690175169 0.00255012799 0 0 0
volume_proxy 402 -0.643860678 -0.821243889 -0.00264850222 0 0 0
volume_proxy 409 -0.596314169 -0.572193335 -0.00660666553 0 0 0
volume_proxy 412 1.32909355 -0.849074685 -0.00967959547 0 0 0
volume_proxy 418 -0.693569926 -0.0572279566 -0.010312035 0 0 0
volume_proxy 431 -0.95339239 -0.848008212 0.00187887395 0 0 0
volume_proxy 463 -0.10883893 -0.989427435 -0.00117050457 0 0 0
volume_proxy 497 -1.1272988 -0.817528506 0.00272498914 0 0 0
volume_proxy 502 1.13101981 -0.503927049 -0.0100862392 0 0 0
volume_proxy 512 0.266074261 -0.80835678 -0.00301692196 0 0 0
volume_proxy 513 0.749976965 -0.207713553 0.00968577794 0 0 0
volume_proxy 518 1.4547127 -0.581632906 0.00977463432 0 0 0
volume_proxy 572 0.328954046 -0.401450297 0.00476040685 0 0 0
volume_proxy 578 -1.06039981 0.756358266 0.00248487396 0 0 0
volume_proxy 581 1.49602714 0.708204165 -0.000549929785 0 0 0
volume_proxy 591 -0.61354204 0.604673911 0.000214665202 0 0 0
volume_proxy 594 -1.06743268 0.625021804 -0.00108297306 0 0 0
volume_proxy 615 0.977950227 -0.0181081615 -0.00978710854 0 0 0
volume_proxy 616 1.17144696 0.231651032 0.00618987378 0 0 0
volume_proxy 637 -1.49447242 -0.975494675 0.00501213158 0 0 0
volume_proxy 647 -0.293030991 0.940759088 -0.00937075033 0 0 0
volume_proxy 669 1.43446634 -0.429063747 0.00350466071 0 0 0
volume_proxy 682 0.0546189715 0.411501368 -0.00998788409 0 0 0
volume_proxy 702 -0.0860500335 -0.171422601 0.0037839827 0 0 0
volume_proxy 722 0.627127135 0.676578382 0.00687697596 0 0 0
volume_proxy 725 -1.40032 -0.875524836 -0.010172673 0 0 0
volume_proxy 751 0.192044474 -0.29286267 -0.0020714339 0 0 0
volume_proxy 757 0.218926994 0.343607927 -0.00442151068 0 0 0
volume_proxy 797 -1.29825826 -0.271665013 0.00425935838 0 0 0
volume_proxy 800 -1.04002498 0.55981482 -0.00280615524 0 0 0
volume_proxy 802 0.886501681 -0.061340726 0.00922883501 0 0 0
volume_proxy 811 0.813825177 0.470548915 -0.00171031356 0 0 0
volume_proxy 812 0.914858428 0.469059632 -0.00331164323 0 0 0
volume_proxy 814 0.747403416 -0.564371511 0.00208950652 0 0 0
volume_proxy 822 -0.198586868 -0.899185343 -0.00664124758 0 0 0
volume_proxy 833 -0.29436187 0.131010174 -0.00461781763 0 0 0
volume_proxy 835 -0.297960342 -0.981719622 -0.00443700169 0 0 0
volume_proxy 848 -0.992992046 -0.425377156 -0.00647694816 0 0 0
volume_proxy 854 -0.694870011 0.863308786 -0.00160254863 0 0 0
volume_proxy 856 1.2380339 0.310994596 0.00944418402 0 0 0
volume_proxy 869 1.36732124 0.747134522 0.00579692987 0 0 0
volume_proxy 876 0.0846966131 -0.541554557 0.00778520309 0 0 0
volume_proxy 878 1.12512969 -0.574572728 -2.42558996e-05 0 0 0
volume_proxy 883 0.258855151 0.906366056 -0.00976860178 0 0 0
volume_proxy 902 0.0482333105 0.221604182 0.00066043727 0 0 0
volume_proxy 903 0.375827376 0.893569466 -0.00619027795 0 0 0
volume_proxy 904 -0.951039977 0.322595485 -0.0089076115 0 0 0
volume_proxy 906 0.816824741 0.801550061 -0.000969029997 0 0 0
volume_proxy 914 0.248466666 -0.889995542 -0.000632259934 0 0 0
volume_proxy 915 -0.471965056 -0.0358491632 -0.00999041364 0 0 0
volume_proxy 926 -0.356991731 0.513350781 0.00504647817 0 0 0
volume_proxy 929 -0.730208983 -0.654969385 0.000319639879 0 0 0
volume_proxy 944 0.728334014 -0.873331076 0.00927511183 0 0 0
volume_proxy 966 -0.502079725 0.951764401 -0.00463726836 0 0 0
volume_proxy 969 -0.638465966 -0.0485211047 -0.00972014783 0 0 0
volume_proxy 974 0.0889465568 -0.57372323 0.00525219856 0 0 0
volume_proxy 977 -1.08117748 -0.471680168 -0.0056753317 0 0 0
volume_proxy 979 -0.262169602 0.601498421 0.000420812154 0 0 0
volume_proxy 981 -0.249897681 -0.0287799897 -0.0051007817 0 0 0
volume_proxy 983 1.0631175 -0.205241302 -0.0089550996 0 0 0
volume_proxy 991 -0.604515736 -0.533680529 -0.0072307939 0 0 0
volume_proxy 992 0.0274734873 0.278645603 -0.00404922497 0 0 0
volume_proxy 997 1.18811003 -0.0129126404 0.00557032274 0 0 0
volume_proxy 1001 0.588332946 0.950707394 0.00174589548 0 0 0
volume_proxy 1008 0.724676867 -0.588981673 0.0101824958 0 0 0
volume_proxy 1012 0.835702831 0.0284030419 -0.00489409672 0 0 0
volume_proxy 1016 0.977330947 -0.960719932 -0.00229963253 0 0 0
volume_proxy 1018 -1.12253063 -0.914650627 0.0013562297 0 0 0
volume_proxy 1019 -0.829881267 -0.890850727 0.0107137298 0 0 0
volume_proxy 1020 -1.03153638 0.438069245 0.00759799424 0 0 0
volume_proxy 1021 -1.00416232 -0.796938079 -0.00752677411 0 0 0
volume_proxy 1023 1.01954569 0.245622474 -0.00738058478 0 0 0
volume_proxy 1024 0.738625363 0.635298492 -0.00936806295 0 0 0
volume_proxy 1028 -1.25122457 -0.725596937 -0.00972422966 0 0 0
volume_proxy 1031 1.00126775 -0.474238702 0.0022921842 0 0 0
volume_proxy 1032 1.48965448 0.413859834 -0.00678118994 0 0 0
volume_proxy 1033 1.07314374 0.918014099 -0.00780091348 0 0 0
volume_proxy 1035 0.691519636 -0.641943816 0.00852159852 0 0 0
volume_proxy 1036 0.763976252 -0.0608499127 -0.00317771495 0 0 0
volume_proxy 1040 -1.08507723 -0.767753018 0.00855669071 0 0 0
volume_proxy 1042 0.740356031 0.49286509 0.01036279 0 0 0
volume_proxy 1050 -0.78324532 -0.619947825 0.00814594531 0 0 0
volume_proxy 1052 -0.789328525 -0.0166555332 0.00215975648 0 0 0
volume_proxy 1053 -0.548885919 -0.912959747 -0.00371951134 0 0 0
volume_proxy 1056 -1.15085805 0.982670252 -0.0106878412 0 0 0
volume_proxy 1062 0.487736528 0.203905399 -0.00158220939 0 0 0
volume_proxy 1066 0.727312676 0.0117333027 -0.00161323158 0 0 0
volume_proxy 1067 0.809078182 -0.416163636 -0.0018025325 0 0 0
volume_proxy 1069 -1.12078916 0.140496164 0.0105757939 0 0 0
volume_proxy 1070 -1.22851012 0.610247882 0.00177742566 0 0 0
volume_proxy 1075 -0.584114239 0.320531743 -0.00761904524 0 0 0
volume_proxy 1077 -1.05793342 0.924584322 0.000252810443 0 0 0
volume_proxy 1078 -1.21622283 0.910677941 0.00047783443 0 0 0
volume_proxy 1079 -0.125449692 -0.104831005 -0.00673865455 0 0 0
volume_proxy 1085 0.151862925 -0.514972506 -0.00672184898 0 0 0
volume_proxy 1086 0.62423262 -0.469496895 0.00029128801 0 0 0
volume_proxy 1089 -0.70202758 0.686175567 -0.00833854058 0 0 0
volume_proxy 1091 0.283419286 0.174231465 0.00714211652 0 0 0
volume_proxy 1093 0.115815828 -0.636409467 0.00425506439 0 0 0
volume_proxy 1096 0.263135679 0.455184909 -0.000492800605 0 0 0
volume_proxy 1098 0.332852035 0.445124111 -0.00890064396 0 0 0
volume_proxy 1102 1.15679483 0.715845852 0.00427343356 0 0 0
volume_proxy 1106 0.67573721 -0.473601731 -0.0102936495 0 0 0
volume_proxy 1108 1.33360143 0.660923235 0.00159445979 0 0 0
volume_proxy 1110 0.928742517 -0.736109904 0.00223731662 0 0 0
volume_proxy 1113 1.24151074 0.267311751 -0.000360462095 0 0 0
volume_proxy 1114 -1.00081058 0.283077645 0.00772717518 0 0 0
volume_proxy 1117 0.688960514 -0.15668772 0.00256376467 0 0 0
volume_proxy 1118 0.521238981 -0.372109341 0.00336689732 0 0 0
volume_proxy 1119 -1.36374878 0.474547622 -0.00690286672 0 0 0
volume_proxy 1120 -0.0652352815 -0.0147025144 0.00068605363 0 0 0
volume_proxy 1123 -1.35718525 0.94073178 -0.00416311169 0 0 0
volume_proxy 1127 0.760190206 0.420743141 0.00474268454 0 0 0
volume_proxy 1130 -0.450371029 0.231900432 0.0052915118 0 0 0
volume_proxy 1132 0.459391533 0.373129185 0.00349209046 0 0 0
volume_proxy 1133 1.25502052 -0.717909717 0.00739351128 0 0 0
volume_proxy 1134 0.746152878 0.937171112 0.00415321683 0 0 0
volume_proxy 1137 -0.921568722 -0.0933142692 0.00226953144 0 0 0
volume_proxy 1138 1.46903301 -0.630621695 0.00625104407 0 0 0
volume_proxy 1143 -0.490241986 0.159614762 -0.00746765869 0 0 0
volume_proxy 1144 0.202266409 -0.806842038 0.00573357579 0 0 0
volume_proxy 1145 -0.799654677 -0.780005611 0.00851361745 0 0 0
volume_proxy 1147 0.281567228 0.379657396 0.00638471623 0 0 0
volume_proxy 1148 -0.196465249 -0.231531227 0.00544039704 0 0 0
volume_proxy 1149 -0.722614089 0.377618708 0.00770230868 0 0 0
volume_proxy 1150 -0.389994485 -0.640135257 0.00453361683 0 0 0
volume_proxy 1151 0.862922961 -0.849939292 0.00674982323 0 0 0
volume_proxy 1157 -0.23638593 0.162198938 -0.00298882607 0 0 0
volume_proxy 1161 0.632830384 -0.848646071 -0.00590624461 0 0 0
volume_proxy 1163 0.872623176 -0.070755922 -0.00924715386 0 0 0
volume_proxy 1165 -0.147150854 -0.869832613 -0.0101788047 0 0 0
volume_proxy 1166 -1.49065076 0.431553893 0.0004588172 0 0 0
volume_proxy 1167 -1.27897096 0.151546746 -0.00511352838 0 0 0
volume_proxy 1168 -0.055500529 -0.418118488 -0.000251561245 0 0 0
volume_proxy 1169 1.39261024 -0.37111959 0.000700088559 0 0 0
volume_proxy 1170 -1.37400272 -0.0762537591 -0.00342799283 0 0 0
volume_proxy 1171 -0.567116609 0.469517146 0.00542629409 0 0 0
volume_proxy 1172 -0.273799871 0.334567697 0.00491441186 0 0 0
volume_proxy 1174 0.281302271 0.0689207378 0.00514516978 0 0 0
volume_proxy 1175 -0.258227495 -0.704707318 -0.000813991142 0 0 0
volume_proxy 1178 -0.471003683 0.623349765 -0.00991207055 0 0 0
volume_proxy 1179 0.628272096 0.506214942 -0.00930209086 0 0 0
volume_proxy 1180 -1.03412567 0.514475659 0.0106841412 0 0 0
volume_proxy 1181 -1.02244733 0.910232308 -0.00954322 0 0 0
volume_proxy 1182 0.529953002 0.870565043 -9.80205992e-05 0 0 0
volume_proxy 1183 0.637094251 -0.605911955 -0.0104033535 0 0 0
volume_proxy 1186 -0.645289163 -0.347713384 -0.00546099803 0 0 0
volume_proxy 1187 0.784098898 0.782561903 0.00917502567 0 0 0
volume_proxy 1191 1.32989147 0.835698391 -4.71272007e-05 0 0 0
volume_proxy 1193 -0.762272084 0.0827045445 0.00625970357 0 0 0
volume_proxy 1194 -1.07777066 -0.57455171 -0.00401336832 0 0 0
volume_proxy 1195 -1.28362955 -0.660144861 0.00850077735 0 0 0
volume_proxy 1196 -0.866025484 -0.437495706 0.00374472413 0 0 0
volume_proxy 1197 -1.22528046 -0.978775047 0.00773194145 0 0 0
volume_proxy 1198 0.0606613705 0.12741499 -0.00881142118 0 0 0
volume_proxy 1199 0.127822231 0.189436441 -0.00371224883 0 0 0
volume_proxy 1201 -0.749671824 0.385107927 -0.00031154407 0 0 0
volume_proxy 1202 -1.1667131 -0.955615747 -0.00901121927 0 0 0
volume_proxy 1204 0.0293597258 -0.475795199 -0.00516089677 0 0 0
volume_proxy 1205 1.38721432 0.543888767 -0.00703913934 0 0 0
volume_proxy 1206 1.18191207 0.447944435 0.0103566467 0 0 0
volume_proxy 1208 -0.0434388385 -0.109633195 -0.000955593531 0 0 0
volume_proxy 1209 -1.4073826 0.58494639 0.00632247462 0 0 0
volume_proxy 1210 -1.37750655 0.47444823 -0.000636110726 0 0 0
volume_proxy 1213 -0.464739678 -0.0738779474 0.000410325875 0 0 0
volume_proxy 1214 -0.274831216 -0.0745437775 0.00157941382 0 0 0
volume_proxy 1215 -0.154381558 -0.0670033224 -0.000180616496 0 0 0
volume_proxy 1216 1.11843786 -0.0209281147 -0.00867962167 0 0 0
volume_proxy 1217 -0.333223851 0.617283129 0.00972988105 0 0 0
volume_proxy 1218 -0.125694946 -0.629035243 0.00233067088 0 0 0
volume_proxy 1219 -0.971598684 0.017588087 0.00656650053 0 0 0
volume_proxy 1220 0.356471731 0.362754471 0.00391658095 0 0 0
volume_proxy 1221 1.29886 -0.110299707 -0.00457528588 0 0 0
volume_proxy 1222 0.0586330836 -0.627423519 0.00423905342 0 0 0
volume_proxy 1223 1.20331172 0.695537605 -0.0085021179 0 0 0
volume_proxy 1224 -0.605189287 0.797080931 0.00618840854 0 0 0
volume_proxy 1225 -0.184893994 0.0995420856 -0.00159097284 0 0 0
volume_proxy 1226 -0.699681248 0.995406147 -0.00819568694 0 0 0
volume_proxy 1227 -0.661057066 0.9740857 0.00820480153 0 0 0
volume_proxy 1228 0.91061628 0.992679502 0.000326726111 0 0 0
volume_proxy 1229 0.939030545 0.97095135 0.00200508768 0 0 0
volume_proxy 1230 1.22554871 -0.914904008 0.000656669177 0 0 0
volume_proxy 1231 -0.705381046 -0.526854096 -0.00142787144 0 0 0
volume_proxy 1232 -1.33103354 -0.803219393 0.00978571513 0 0 0
volume_proxy 1233 -0.572013478 0.722593087 0.0070530817 0 0 0
volume_proxy 1234 -1.36141722 0.400079681 -0.00805719657 0 0 0
volume_proxy 1235 -1.40742921 0.61895473 0.00621416754 0 0 0
volume_proxy 1236 -0.0259898665 0.234946736 -0.00176669494 0 0 0
