volume_proxy 0 1.28667636 0.09821141 -0.00197369663 0 0 0
volume_proxy 4 1.47963551 0.901633806 0.00271476088 0 0 0
volume_proxy 5 -0.0685269653 0.73297737 -0.00338560884 0 0 0
volume_proxy 6 1.44460537 0.386347792 0.00647194334 0 0 0
volume_proxy 11 0.429942597 0.929550187 -0.00115980909 0 0 0
volume_proxy 12 0.805295885 -0.217116867 -0.00433267287 0 0 0
volume_proxy 14 0.577355441 0.487887678 0.00695452469 0 0 0
volume_proxy 23 -0.94669977 -0.0298874885 -0.00929654723 0 0 0
volume_proxy 38 0.511240459 -0.427246764 0.0099636606 0 0 0
volume_proxy 40 -0.202468164 -0.274923366 0.000237495584 0 0 0
volume_proxy 50 -0.134824477 -0.821823383 -0.0028739216 0 0 0
volume_proxy 52 -1.39581174 -0.677243008 -0.00943820972 0 0 0
volume_proxy 53 -0.235464629 -0.564999791 -0.00466045582 0 0 0
volume_proxy 58 1.00615915 -0.421701792 0.00110873098 0 0 0
volume_proxy 60 -0.55367074 0.481391923 0.00435321884 0 0 0
volume_proxy 61 -0.86518745 -0.99621651 -0.00367474837 0 0 0
volume_proxy 72 0.769559124 0.256033004 -0.000606685429 0 0 0
volume_proxy 81 -1.1919719 0.0778773141 -0.0056801413 0 0 0
volume_proxy 85 -0.681298732 0.146444767 -0.00313147033 0 0 0
volume_proxy 88 -1.0011025 0.573631108 -0.00289686801 0 0 0
volume_proxy 97 1.22156737 -0.351989051 -0.00948622472 0 0 0
volume_proxy 101 -1.46322937 0.865399921 -0.00242962299 0 0 0
volume_proxy 105 -0.191681643 -0.458139261 -0.00415564466 0 0 0
volume_proxy 106 -0.749680428 -0.899054099 0.00743707292 0 0 0
volume_proxy 107 0.710153458 0.647895995 -0.00763156819 0 0 0
volume_proxy 108 1.38126503 0.0387682813 -0.00343889651 0 0 0
volume_proxy 126 -0.164589523 -0.924261107 0.00846771477 0 0 0
volume_proxy 127 -0.575757582 0.225967964 -0.00533024798 0 0 0
volume_proxy 130 1.44265231 0.713930303 -0.00675224929 0 0 0
volume_proxy 132 0.752079873 0.662207494 -0.00557023049 0 0 0
volume_proxy 135 -0.00650892114 -0.81012731 -0.0058265198 0 0 0
volume_proxy 140 -0.619436421 0.959709335 0.00238815743 0 0 0
volume_proxy 145 -1.11329339 -0.460630445 -0.00618057219 0 0 0
volume_proxy 157 0.514462405 -0.146562544 -0.00590868368 0 0 0
volume_proxy 159 -0.638497414 -0.578354227 0.00711565803 0 0 0
volume_proxy 161 -0.467384788 0.326988935 -0.00399971985 0 0 0
volume_proxy 169 0.989529687 0.642641708 0.00742848704 0 0 0
volume_proxy 176 0.191181348 -0.357394315 0.000271532535 0 0 0
volume_proxy 178 -1.08613182 0.555068548 -0.00711521663 0 0 0
volume_proxy 186 -0.363246286 0.270855487 0.00189176677 0 0 0
volume_proxy 189 -1.17456632 0.816680594 0.00701310653 0 0 0
volume_proxy 195 -0.472505879 -0.0183925135 -0.00340962857 0 0 0
volume_proxy 196 0.691953784 0.185622488 -0.000580987737 0 0 0
volume_proxy 198 1.37150967 -0.739695454 -0.00214346838 0 0 0
volume_proxy 200 -1.09788433 -0.247183847 0.00204717799 0 0 0
volume_proxy 202 -0.352261943 0.818304829 -0.00866120028 0 0 0
volume_proxy 209 -0.898547267 -0.889212957 -0.00336171665 0 0 0
volume_proxy 210 -0.0795325869 0.376806551 -0.00927839877 0 0 0
volume_proxy 224 1.14929751 -0.67497637 -0.0089380452 0 0 0
volume_proxy 226 -0.778616664 -0.800569711 0.00358620716 0 0 0
volume_proxy 228 -0.367805681 0.620729176 0.00886298246 0 0 0
volume_proxy 236 0.144865117 0.105189101 -0.00822613429 0 0 0
volume_proxy 237 0.361829033 0.600118485 -0.00262288229 0 0 0
volume_proxy 244 0.952742972 0.0815734552 -0.00398449196 0 0 0
volume_proxy 247 1.37562781 -0.363403341 0.00382051178 0 0 0
volume_proxy 251 0.515554728 -0.117311888 -0.00897469584 0 0 0
volume_proxy 256 -0.0861434 -0.695215883 0.00847460423 0 0 0
volume_proxy 258 0.644639567 0.000162057326 0.00087987537 0 0 0
volume_proxy 259 0.918152731 0.657429284 -0.0003680269 0 0 0
volume_proxy 269 1.05034722 -0.126921623 -0.0102223537 0 0 0
volume_proxy 271 -1.42295126 0.999429006 -0.00812362462 0 0 0
volume_proxy 276 0.802330581 -0.367093253 -5.56093781e-05 0 0 0
volume_proxy 277 -0.528264563 -0.909575541 -0.000221943922 0 0 0
volume_proxy 279 -0.0454631286 0.016884332 0.00549589815 0 0 0
volume_proxy 294 0.0344497621 0.653044802 -0.00196554707 0 0 0
volume_proxy 296 0.16074204 -0.722135744 -0.00435368039 0 0 0
volume_proxy 298 0.912253165 -0.898893647 -0.000313156195 0 0 0
volume_proxy 305 0.23159444 0.0129019727 -0.010683058 0 0 0
volume_proxy 310 0.781068157 0.555283665 0.00792188783 0 0 0
volume_proxy 311 0.910971986 -0.85784904 -0.00452800093 0 0 0
volume_proxy 314 -0.52109139 0.478109305 -0.00353840736 0 0 0
volume_proxy 329 -0.792745389 0.747318824 -0.010499325 0 0 0
volume_proxy 337 -1.32394166 0.600745879 0.00250999056 0 0 0
volume_proxy 344 0.786859211 0.524554625 0.00475337556 0 0 0
volume_proxy 345 -0.795694613 0.339936877 -0.0041482879 0 0 0
volume_proxy 347 -0.148839664 -0.750134417 0.0103861435 0 0 0
volume_proxy 349 0.656857162 -0.212837183 -0.0038426008 0 0 0
volume_proxy 356 0.247256592 0.859414006 -0.00177059027 0 0 0
volume_proxy 358 1.32465492 0.873999495 0.00431516722 0 0 0
volume_proxy 370 1.283753 0.649863397 0.00812677639 0 0 0
volume_proxy 375 0.765764933 -0.0381748754 -0.010755951 0 0 0
volume_proxy 377 0.472752329 0.204323975 -0.000463485272 0 0 0
volume_proxy 388 -1.08178089 0.0223610946 -0.00239454214 0 0 0
volume_proxy 393 1.30649044 -0.184032615 0.00367444546 0 0 0
volume_proxy 397 0.432894825 -0.0352556355 -0.00344406248 0 0 0
volume_proxy 399 0.519456593 -0.528314136 0.00745582225 0 0 0
volume_proxy 409 -0.0890029508 -0.456913487 -0.00210094246 0 0 0
volume_proxy 412 1.25746809 -0.727435791 0.00718627398 0 0 0
volume_proxy 418 -0.865719283 -0.0544488672 -0.00694995621 0 0 0
volume_proxy 431 -0.98662872 -0.558153907 0.00152353791 0 0 0
volume_proxy 497 -1.0519878 -0.173582752 0.00201276007 0 0 0
volume_proxy 502 0.86178172 -0.965746084 0.00834774059 0 0 0
volume_proxy 512 0.21709407 -0.983941167 0.00486716826 0 0 0
volume_proxy 513 0.749385331 -0.0597708075 0.010657409 0 0 0
volume_proxy 518 1.37453692 -0.554574729 -0.0089827758 0 0 0
volume_proxy 591 -0.443231737 0.740207406 -0.00401976075 0 0 0
volume_proxy 616 0.829429488 0.48475031 0.00379616092 0 0 0
volume_proxy 637 -1.18909859 -0.723808836 0.00633945543 0 0 0
volume_proxy 669 0.945651583 -0.377239883 0.00126745294 0 0 0
volume_proxy 682 0.0938788755 -0.0803995474 -0.0101771527 0 0 0
volume_proxy 725 -1.30544617 -0.72663193 -0.00206773575 0 0 0
volume_proxy 751 0.00625393939 -0.536449244 0.00347101618 0 0 0
volume_proxy 797 -0.995334152 -0.735875307 -0.00600560676 0 0 0
volume_proxy 802 1.07816571 -0.266640431 -0.0106399411 0 0 0
volume_proxy 814 0.995760555 -0.404729843 0.00186987867 0 0 0
volume_proxy 835 -0.40491894 -0.888941314 0.00840298094 0 0 0
volume_proxy 848 -1.10555402 -0.375019076 -0.00465553401 0 0 0
volume_proxy 856 1.11284961 0.110825971 -0.00900979205 0 0 0
volume_proxy 876 -0.362252186 -0.357185652 0.00980238717 0 0 0
volume_proxy 883 0.303188463 0.678109097 0.00927912294 0 0 0
volume_proxy 902 0.172715163 0.150329647 -0.00609030226 0 0 0
volume_proxy 903 0.27958492 0.302954546 0.0107083837 0 0 0
volume_proxy 904 -0.949652948 0.572905069 0.00875292146 0 0 0
volume_proxy 914 0.604889275 -0.963739546 -0.00137366493 0 0 0
volume_proxy 915 -1.01079163 0.20824837 0.00746881961 0 0 0
volume_proxy 926 -0.611493561 0.234030732 -0.00541980537 0 0 0
volume_proxy 929 -0.799027302 -0.623413346 0.00267761633 0 0 0
volume_proxy 944 0.813486018 -0.765587627 0.00404255752 0 0 0
volume_proxy 974 -0.333930959 -0.492198565 -0.00782726204 0 0 0
volume_proxy 979 0.0314124082 0.5814864 0.00520550071 0 0 0
volume_proxy 991 -0.775633145 -0.507130017 -0.00157337224 0 0 0
volume_proxy 992 0.287913889 0.260731284 -0.00756362382 0 0 0
volume_proxy 997 1.31227454 0.0834966452 0.00106932379 0 0 0
volume_proxy 1001 0.0590579593 0.840569727 0.00999130769 0 0 0
volume_proxy 1020 -0.967631934 0.312840727 -0.00819285066 0 0 0
volume_proxy 1021 -0.722359945 -0.994913274 -0.0093918599 0 0 0
volume_proxy 1031 1.20661054 -0.460249346 0.00657561249 0 0 0
volume_proxy 1036 0.430431672 0.568626974 0.00200231085 0 0 0
volume_proxy 1040 -1.12501845 -0.616030781 0.000595739387 0 0 0
volume_proxy 1042 0.935649567 0.93317316 0.00805223932 0 0 0
volume_proxy 1050 -0.900446022 -0.36300552 -0.00170928023 0 0 0
volume_proxy 1052 -0.620418487 0.272913351 0.0103794834 0 0 0
volume_proxy 1062 0.449666163 0.304994102 -0.00404120463 0 0 0
volume_proxy 1066 0.753105316 0.525197029 -0.00761533898 0 0 0
volume_proxy 1069 -1.13654298 -0.406074902 0.00344539411 0 0 0
volume_proxy 1086 0.354128249 -0.301490631 0.000618083371 0 0 0
volume_proxy 1093 -0.218787351 -0.579003513 0.00469943186 0 0 0
volume_proxy 1098 0.160266656 0.999288369 -0.00478123683 0 0 0
volume_proxy 1102 1.28219753 0.399439018 0.0022358634 0 0 0
volume_proxy 1106 0.900605491 -0.962077521 -0.00164641013 0 0 0
volume_proxy 1110 0.92073822 -0.461254062 0.00464392117 0 0 0
volume_proxy 1113 1.31932652 0.597859793 0.00122285285 0 0 0
volume_proxy 1117 0.771697133 0.143173743 0.00679461281 0 0 0
volume_proxy 1118 0.0299543408 -0.578252516 -0.0106742745 0 0 0
volume_proxy 1120 -0.0151658068 0.419043341 0.00418744525 0 0 0
volume_proxy 1133 1.09344469 -0.980722833 -0.00466363761 0 0 0
volume_proxy 1134 0.266166584 0.487338186 0.00278897177 0 0 0
volume_proxy 1137 -0.651185102 -0.0215058062 -0.00962776798 0 0 0
volume_proxy 1138 1.25731814 -0.561818276 -0.00818949295 0 0 0
volume_proxy 1143 -0.61838223 0.366875398 0.00906330478 0 0 0
volume_proxy 1147 0.0748708619 0.235671063 -0.00223383264 0 0 0
volume_proxy 1151 0.521595955 -0.960312433 -0.0072745775 0 0 0
volume_proxy 1157 -0.0855304508 0.48373636 0.00873929359 0 0 0
volume_proxy 1165 -0.363042518 -0.874286502 -0.000231964623 0 0 0
volume_proxy 1166 -1.35564405 0.450288157 -0.0106923215 0 0 0
volume_proxy 1168 -0.0530593262 -0.751098905 0.0100956502 0 0 0
volume_proxy 1169 1.43307127 -0.559957179 0.000808564826 0 0 0
volume_proxy 1170 -1.19909448 -0.159828711 0.00806431748 0 0 0
volume_proxy 1171 -0.659686253 0.149998352 0.00202379762 0 0 0
volume_proxy 1172 -0.246804975 0.415835328 -0.00819629851 0 0 0
volume_proxy 1174 0.114554533 0.329867066 0.00770576886 0 0 0
volume_proxy 1179 0.777343698 0.0473591408 -0.00537469956 0 0 0
volume_proxy 1180 -0.751121493 0.436396871 -0.00960003841 0 0 0
volume_proxy 1182 0.0654202106 0.82047548 0.00612650525 0 0 0
volume_proxy 1186 -0.37653135 -0.314542103 -0.0030272547 0 0 0
volume_proxy 1191 1.00818474 0.848026664 0.000728791204 0 0 0
volume_proxy 1193 -1.13446984 0.157594964 -0.0106406425 0 0 0
volume_proxy 1195 -1.4546813 -0.491301987 -0.0097033499 0 0 0
volume_proxy 1197 -1.00574387 -0.966192708 -0.0064684678 0 0 0
volume_proxy 1198 0.0814537875 0.541186627 0.00301129283 0 0 0
volume_proxy 1199 0.0847666805 -0.135469765 -0.00588145378 0 0 0
volume_proxy 1206 1.15111938 0.381975614 -0.00691320565 0 0 0
volume_proxy 1208 -0.283861385 -0.0419789627 0.0051359526 0 0 0
volume_proxy 1209 -1.28792033 0.12672142 0.0019545041 0 0 0
volume_proxy 1210 -1.42159064 0.897245999 0.0086932621 0 0 0
volume_proxy 1214 -0.460675838 0.116510309 0.00743673124 0 0 0
volume_proxy 1217 -0.399538078 0.591896251 -0.00827040358 0 0 0
volume_proxy 1219 -0.743703266 0.179010469 -0.0106437147 0 0 0
volume_proxy 1220 0.704428558 0.0252266522 0.00453793238 0 0 0
volume_proxy 1223 1.23839979 0.506181287 -0.00794315263 0 0 0
volume_proxy 1225 -0.207030048 -0.162201327 0.00289636155 0 0 0
volume_proxy 1229 1.35231923 0.902506565 0.00619351223 0 0 0
volume_proxy 1230 1.04492156 -0.740968689 0.000926501896 0 0 0
volume_proxy 1231 -0.843164198 0.106839178 0.00726447766 0 0 0
volume_proxy 1237 0.602271499 0.798139685 -0.00582473064 0 0 0
volume_proxy 1238 0.707076979 0.886702239 0.00599960114 0 0 0
volume_proxy 1240 1.14461563 0.607460668 0.00192805592 0 0 0
volume_proxy 1243 -0.735949282 -0.79417351 -0.00827718644 0 0 0
volume_proxy 1245 -1.43700809 0.592305966 -0.000484140595 0 0 0
volume_proxy 1247 -1.21343315 0.425659505 0.00933354447 0 0 0
volume_proxy 1248 0.981102343 0.240883611 -0.00448109841 0 0 0
volume_proxy 1252 0.720905819 -0.73022036 -0.00969873157 0 0 0
volume_proxy 1254 0.653828609 -0.839241757 0.00201526146 0 0 0
volume_proxy 1255 1.04257664 -0.455341647 0.00072322761 0 0 0
volume_proxy 1257 0.337477487 -0.499990375 -0.00694474773 0 0 0
volume_proxy 1258 0.965906253 0.556474351 0.00464114651 0 0 0
volume_proxy 1259 -0.990866259 0.853825461 -0.0052047853 0 0 0
volume_proxy 1260 0.572720153 0.681363069 0.0106692436 0 0 0
volume_proxy 1261 -0.62424298 0.918757666 0.00938836069 0 0 0
volume_proxy 1262 0.717494485 0.410057159 0.000483846372 0 0 0
volume_proxy 1263 0.748821157 -0.0164004158 -0.00987526486 0 0 0
volume_proxy 1264 0.269793109 -0.244020638 -0.0062300918 0 0 0
volume_proxy 1267 -1.03932654 -0.417868326 -0.00622101473 0 0 0
volume_proxy 1269 0.0885175178 -0.145421459 0.00140225466 0 0 0
volume_proxy 1270 0.54109038 -0.546312164 0.00298682906 0 0 0
volume_proxy 1271 -1.27699445 -0.137087631 -0.00477401191 0 0 0
volume_proxy 1272 0.403653766 0.115748294 0.00665027179 0 0 0
volume_proxy 1273 -0.683219651 0.909549823 -0.00527673421 0 0 0
volume_proxy 1275 -1.14850405 0.610084896 0.0102140652 0 0 0
volume_proxy 1276 1.00350329 0.296264528 -0.00786241531 0 0 0
volume_proxy 1277 1.39331686 0.606771001 -0.00334074985 0 0 0
volume_proxy 1278 1.17967607 -0.0264820063 -0.00805303235 0 0 0
volume_proxy 1279 -0.961099633 0.712142601 0.00961408742 0 0 0
volume_proxy 1280 -1.40934543 0.538767853 -0.00298511116 0 0 0
volume_proxy 1281 -0.234868408 -0.829552586 0.00440478186 0 0 0
volume_proxy 1284 -0.404499085 -0.958474212 0.00380155406 0 0 0
volume_proxy 1285 -0.848215176 0.889582658 -0.0076663205 0 0 0
volume_proxy 1289 0.749114583 -0.644319739 -0.00160918893 0 0 0
volume_proxy 1290 -1.49177487 -0.822271837 -0.00276358084 0 0 0
volume_proxy 1291 -0.278343838 0.982221172 -0.00548858239 0 0 0
volume_proxy 1292 -0.196783729 0.187304567 -0.00525365186 0 0 0
volume_proxy 1293 -0.440845558 -0.802243926 -0.00874556015 0 0 0
volume_proxy 1294 1.42333758 0.904504779 -0.00168352175 0 0 0
volume_proxy 1295 -1.30139257 0.420578268 -0.00710802725 0 0 0
volume_proxy 1296 -0.113373244 -0.342946964 0.00332032886 0 0 0
volume_proxy 1297 -0.483780713 -0.656771754 -0.0103836456 0 0 0
volume_proxy 1298 -0.36312315 -0.83477296 0.00297596756 0 0 0
volume_proxy 1299 -0.765885749 -0.0123166029 0.0037720929 0 0 0
volume_proxy 1300 -1.42552772 0.945344397 0.00515887111 0 0 0
volume_proxy 1301 -1.11320663 0.917531507 0.00180252528 0 0 0
volume_proxy 1303 -0.77470021 0.608051733 0.00842843776 0 0 0
volume_proxy 1304 0.966076478 0.991366082 0.00290564135 0 0 0
volume_proxy 1305 0.993653558 0.898485608 -0.00264171669 0 0 0
volume_proxy 1306 -0.317838304 -0.244666921 -0.00669424929 0 0 0
volume_proxy 1307 -0.820630135 -0.00225995844 -0.00687055986 0 0 0
volume_proxy 1308 -0.497531023 -0.149940478 -0.00465686919 0 0 0
volume_proxy 1309 0.0791359129 -0.47384054 -0.00139143481 0 0 0
volume_proxy 1310 -0.123896294 0.937862641 0.00745748286 0 0 0
volume_proxy 1312 0.978994027 -0.202615283 0.00757348602 0 0 0
volume_proxy 1313 0.0960226257 0.29223962 0.000508558279 0 0 0
volume_proxy 1314 0.177561213 0.299926464 -0.000203488541 0 0 0
volume_proxy 1315 -0.74626295 -0.666382332 -0.0094096138 0 0 0
volume_proxy 1316 -0.392084166 0.932568163 -0.00919941899 0 0 0
volume_proxy 1317 1.31092029 0.334324471 -0.00113552622 0 0 0
volume_proxy 1318 0.883001728 -0.770524314 -0.00687114969 0 0 0
