volume_proxy 0 1.34334889 -0.0245045088 0.00820433954 0 0 0
volume_proxy 5 0.330076452 0.453165074 -0.00250061596 0 0 0
volume_proxy 6 0.973729159 -0.120596796 -0.0093950096 0 0 0
volume_proxy 11 0.378479449 0.565729849 -0.00290373041 0 0 0
volume_proxy 12 1.39946804 -0.232894645 -0.00947135299 0 0 0
volume_proxy 14 0.410019878 0.197227036 -0.00318160164 0 0 0
volume_proxy 23 -0.371160684 -0.142628395 -0.00621030383 0 0 0
volume_proxy 38 0.549246932 -0.0246712545 0.000503879354 0 0 0
volume_proxy 40 0.0694365682 -0.870039696 0.00193552511 0 0 0
volume_proxy 50 -0.821779948 -0.546354257 -0.00124167565 0 0 0
volume_proxy 53 -0.248852071 -0.860882238 0.00062492273 0 0 0
volume_proxy 58 1.3910232 -0.501540682 -0.00906411416 0 0 0
volume_proxy 60 0.0567486743 0.487831094 -0.0062494948 0 0 0
volume_proxy 61 0.0760848353 -0.830006785 -0.00428453251 0 0 0
volume_proxy 72 0.0790335338 -0.280759661 -0.0095595532 0 0 0
volume_proxy 81 -0.630874056 -0.519955398 -0.00541683449 0 0 0
volume_proxy 85 -0.471887983 0.158544316 0.000112631569 0 0 0
volume_proxy 88 -0.844326182 -0.223454439 0.00829188637 0 0 0
volume_proxy 97 1.45134418 -0.574743022 0.00741703207 0 0 0
volume_proxy 101 -1.15702964 0.961153542 0.00283499007 0 0 0
volume_proxy 105 -0.0182250677 -0.895668466 -0.00441516915 0 0 0
volume_proxy 106 0.0992975868 -0.84403478 -0.00804072267 0 0 0
volume_proxy 107 0.863323144 0.237515128 -0.00343302264 0 0 0
volume_proxy 108 1.46385975 0.178748521 -0.00585710479 0 0 0
volume_proxy 126 -0.184849501 -0.519997345 0.00293308608 0 0 0
volume_proxy 127 -0.512425722 0.400045776 0.00838359013 0 0 0
volume_proxy 130 0.866329592 0.567040045 -0.00155043533 0 0 0
volume_proxy 132 0.691119727 0.834063207 0.010649319 0 0 0
volume_proxy 140 -0.595577695 0.529632187 -0.00837582378 0 0 0
volume_proxy 145 -0.926664608 -0.833996974 0.00483759604 0 0 0
volume_proxy 157 0.283079297 0.263957368 0.00510877821 0 0 0
volume_proxy 159 -0.118232329 -0.607857244 0.00872596779 0 0 0
volume_proxy 161 -0.393042378 0.0147371693 0.00759312815 0 0 0
volume_proxy 176 0.441078629 -0.699061666 -0.0019484389 0 0 0
volume_proxy 178 -1.23890614 0.786769327 0.00543093971 0 0 0
volume_proxy 186 -0.0212562969 0.774593838 -0.00302938925 0 0 0
volume_proxy 189 -1.20732185 0.476796637 -0.00548977141 0 0 0
volume_proxy 195 -0.344410397 -0.319205143 0.00960388097 0 0 0
volume_proxy 196 0.541050109 0.398578724 -0.00994158453 0 0 0
volume_proxy 200 -0.102322994 -0.888610398 0.00658651212 0 0 0
volume_proxy 202 -0.797212793 0.967864269 -0.00766893934 0 0 0
volume_proxy 209 -0.734448087 -0.303194827 0.00133219425 0 0 0
volume_proxy 210 -0.411929722 0.156522877 -0.0019841619 0 0 0
volume_proxy 224 0.606380052 -0.720580872 0.00597235011 0 0 0
volume_proxy 226 -0.602499889 -0.341882298 0.00908115912 0 0 0
volume_proxy 236 0.51381922 0.261960338 0.00862482472 0 0 0
volume_proxy 244 1.47685018 0.416143021 0.00433683632 0 0 0
volume_proxy 247 0.771218726 0.0723328036 0.00110259233 0 0 0
volume_proxy 256 -0.321030187 -0.599683116 -0.00529098986 0 0 0
volume_proxy 259 0.307742583 -0.116776154 -0.00720734294 0 0 0
volume_proxy 269 -0.142431401 -0.764955425 0.0092943649 0 0 0
volume_proxy 276 0.765297618 -0.272982072 -0.00482977142 0 0 0
volume_proxy 277 -0.81950354 -0.456639373 0.00476176185 0 0 0
volume_proxy 294 0.763114345 0.508937242 0.00523288673 0 0 0
volume_proxy 296 0.340094453 -0.359697888 0.0100383431 0 0 0
volume_proxy 298 1.11098196 -0.455131614 0.00522505639 0 0 0
volume_proxy 305 0.405532121 -0.297296054 -0.0063408678 0 0 0
volume_proxy 310 1.23203266 0.518566525 -0.00202878778 0 0 0
volume_proxy 311 1.30425149 -0.342565793 -0.00852378073 0 0 0
volume_proxy 329 -0.699014845 -0.0323628462 -0.00592876352 0 0 0
volume_proxy 337 -0.861377135 0.420579983 0.00230480754 0 0 0
volume_proxy 344 0.59624121 0.352320294 0.0039462408 0 0 0
volume_proxy 347 -0.563592398 -0.763517235 0.0063247576 0 0 0
volume_proxy 349 0.658556812 0.0437140625 -0.00588609587 0 0 0
volume_proxy 356 0.551043643 0.405967528 -0.00659814258 0 0 0
volume_proxy 358 1.00775521 0.81637701 -0.000226178658 0 0 0
volume_proxy 375 1.17864246 -0.388454478 -0.0078023705 0 0 0
volume_proxy 388 -1.02096752 0.247777496 0.0014437201 0 0 0
volume_proxy 399 0.745825216 -0.497786751 -0.00890169022 0 0 0
volume_proxy 409 0.474900197 -0.659710663 -0.00787858063 0 0 0
volume_proxy 412 1.48673566 -0.00600020555 -0.00746657471 0 0 0
volume_proxy 431 -1.13363887 -0.977375431 -0.00415315708 0 0 0
volume_proxy 512 0.237656718 -0.886733229 -0.00925189741 0 0 0
volume_proxy 518 1.37058729 0.82456864 -0.0015295578 0 0 0
volume_proxy 591 -0.287047417 0.357115792 0.000118109191 0 0 0
volume_proxy 682 0.351377816 -0.349983704 0.0026979656 0 0 0
volume_proxy 725 -1.24295466 -0.770415192 -0.00851307707 0 0 0
volume_proxy 751 -0.288524107 -0.935411715 0.0105777336 0 0 0
volume_proxy 802 0.94539559 -0.441537614 0.000197985 0 0 0
volume_proxy 814 0.292699422 0.115815797 0.00649514453 0 0 0
volume_proxy 876 -0.261947087 -0.289742873 -0.00641860727 0 0 0
volume_proxy 904 -0.663870253 0.736921902 0.00281220485 0 0 0
volume_proxy 914 0.212417125 -0.704658866 -0.0106484185 0 0 0
volume_proxy 929 -1.10844196 -0.568703169 0.000969665729 0 0 0
volume_proxy 944 0.285890933 -0.666590345 -0.00402184587 0 0 0
volume_proxy 991 -1.22828114 -0.751834973 0.0062400842 0 0 0
volume_proxy 1020 -1.10507215 0.583730077 0.00266693837 0 0 0
volume_proxy 1021 -0.723224087 -0.948372594 -0.00701363219 0 0 0
volume_proxy 1042 0.75566188 0.981172687 0.00944685584 0 0 0
volume_proxy 1050 -1.33760129 -0.33032208 0.00425179658 0 0 0
volume_proxy 1052 -0.287785915 -0.0953332138 -0.0107536975 0 0 0
volume_proxy 1062 0.868345958 0.13223023 -0.00473939276 0 0 0
volume_proxy 1066 0.490953654 0.430470098 0.00600123938 0 0 0
volume_proxy 1093 -0.23148512 -0.494755903 0.00757858597 0 0 0
volume_proxy 1098 0.740549142 0.956540301 0.00696965707 0 0 0
volume_proxy 1118 -0.321280276 -0.443040876 -0.000903689826 0 0 0
volume_proxy 1120 -0.263906391 0.555152463 -0.0057660472 0 0 0
volume_proxy 1133 0.771666886 -0.752934104 -0.00117377393 0 0 0
volume_proxy 1137 -0.729825741 -0.0793373948 -0.00684802644 0 0 0
volume_proxy 1138 1.2917867 -0.927015409 0.00732451266 0 0 0
volume_proxy 1151 0.669728987 -0.948018231 0.00685796412 0 0 0
volume_proxy 1166 -0.894766245 0.528203936 0.00186218117 0 0 0
volume_proxy 1169 1.32198606 -0.824085717 0.000310208382 0 0 0
volume_proxy 1172 0.175664694 0.493001405 0.00363383152 0 0 0
volume_proxy 1180 -0.957126001 0.103873721 0.00201157175 0 0 0
volume_proxy 1186 -0.579028431 -0.877100303 -0.00638416201 0 0 0
volume_proxy 1193 -0.971572474 -0.135851947 -0.00629896334 0 0 0
volume_proxy 1195 -1.26668741 -0.453199807 -0.00734483499 0 0 0
volume_proxy 1197 -0.417118695 -0.454278023 -0.00473961811 0 0 0
volume_proxy 1198 -0.0428219758 0.726991776 0.0024682842 0 0 0
volume_proxy 1208 -0.604673907 -0.321257024 -0.0016828735 0 0 0
volume_proxy 1209 -1.0040988 0.531589551 0.00511842291 0 0 0
volume_proxy 1210 -1.0082188 0.83469227 0.0036251659 0 0 0
volume_proxy 1217 -0.460510136 0.333900756 0.000233346876 0 0 0
volume_proxy 1219 -0.726185622 0.664812693 -0.0106295983 0 0 0
volume_proxy 1223 1.31026299 0.314462101 0.00345683329 0 0 0
volume_proxy 1225 -0.0529313672 -0.145178229 0.00914765113 0 0 0
volume_proxy 1230 1.03139076 -0.309947604 0.00129372982 0 0 0
volume_proxy 1231 -1.48661069 -0.0114749506 0.00836755954 0 0 0
volume_proxy 1237 0.262451236 0.819658801 0.00732620884 0 0 0
volume_proxy 1238 0.622230574 0.93468667 -0.00214130378 0 0 0
volume_proxy 1245 -1.2744865 0.917039926 0.00890358629 0 0 0
volume_proxy 1255 1.1578069 -0.42533744 -0.00766944949 0 0 0
volume_proxy 1259 -0.884005649 0.647597953 -0.00511880227 0 0 0
volume_proxy 1262 1.4885442 0.336820529 0.00942144727 0 0 0
volume_proxy 1264 0.184721272 -0.35638318 -0.00359307424 0 0 0
volume_proxy 1270 0.449515934 -0.0215514941 0.00231344782 0 0 0
volume_proxy 1273 -0.71719696 0.488399592 -0.0021819495 0 0 0
volume_proxy 1280 -1.10030769 0.262041957 -0.0103811446 0 0 0
volume_proxy 1285 -1.30425116 0.890127897 -0.00422137502 0 0 0
volume_proxy 1292 0.118797983 0.254814156 0.00846494086 0 0 0
volume_proxy 1293 -0.291261764 -0.90734232 -0.00184658936 0 0 0
volume_proxy 1294 1.07314085 0.548183536 -0.00385709237 0 0 0
volume_proxy 1295 -1.35242937 0.634159547 0.00931138434 0 0 0
volume_proxy 1296 -0.062257717 -0.0922803271 0.00525186862 0 0 0
volume_proxy 1297 -0.263258299 -0.782202548 0.000331895401 0 0 0
volume_proxy 1298 -1.21836777 -0.986143431 -0.00306057096 0 0 0
volume_proxy 1301 -0.772199358 0.835396652 0.00797638458 0 0 0
volume_proxy 1303 -0.762004857 0.946387121 0.00959315952 0 0 0
volume_proxy 1308 -0.429170548 0.150415096 0.00411745148 0 0 0
volume_proxy 1309 -0.324996407 -0.271731802 0.00675373147 0 0 0
volume_proxy 1315 -0.973639725 -0.733086115 -0.00356985106 0 0 0
volume_proxy 1318 0.719768588 -0.405538428 -0.00887860737 0 0 0
volume_proxy 1325 -0.124707796 -0.549283113 -0.00324908317 0 0 0
volume_proxy 1326 -0.066819072 -0.037873598 -0.00842595981 0 0 0
volume_proxy 1329 0.997331879 0.761796109 -0.00820286839 0 0 0
volume_proxy 1330 0.42218793 0.499988857 0.00415267639 0 0 0
volume_proxy 1331 0.286417524 0.219870108 -0.0057563487 0 0 0
volume_proxy 1334 -1.36234224 -0.164922123 0.0092665921 0 0 0
volume_proxy 1335 0.421738257 -0.176493922 0.00231660244 0 0 0
volume_proxy 1336 0.636762191 -0.0311088041 0.00580352809 0 0 0
volume_proxy 1337 -0.13842705 0.518040283 -0.00202144865 0 0 0
volume_proxy 1340 0.313324937 0.87619855 0.0104408382 0 0 0
volume_proxy 1341 -0.684064819 -0.437925486 0.00545229888 0 0 0
volume_proxy 1345 0.332787622 -0.88889062 0.00156110057 0 0 0
volume_proxy 1347 -0.444537327 0.340866663 0.0053591896 0 0 0
volume_proxy 1348 0.743517118 -0.685871948 0.00316235727 0 0 0
volume_proxy 1349 -1.4340099 -0.153749435 -0.00144936744 0 0 0
volume_proxy 1353 1.13585895 -0.108802695 0.00984224875 0 0 0
volume_proxy 1354 -0.454050915 -0.297594072 0.00190798613 0 0 0
volume_proxy 1357 -1.46491798 0.0867577424 0.00214022532 0 0 0
volume_proxy 1358 -0.548664352 -0.34453988 0.00152186621 0 0 0
volume_proxy 1360 -1.33886015 -0.885369634 -0.00430087708 0 0 0
volume_proxy 1361 1.00718684 0.841115796 -0.00216709625 0 0 0
volume_proxy 1366 1.05233821 0.899794 0.00457539435 0 0 0
volume_proxy 1367 -0.568647017 -0.842210946 -0.00687574521 0 0 0
volume_proxy 1368 1.0283793 -0.933922793 0.00607367566 0 0 0
volume_proxy 1369 1.08410378 0.85654027 0.0105986859 0 0 0
volume_proxy 1376 0.845722411 -0.338904246 0.00713162795 0 0 0
volume_proxy 1378 0.532735195 -0.5433875 0.00729157228 0 0 0
volume_proxy 1379 0.542280326 0.352945304 -0.00701979049 0 0 0
volume_proxy 1380 -0.236947944 0.286632644 0.00431883012 0 0 0
volume_proxy 1381 0.744826353 0.605333178 -0.00625372254 0 0 0
volume_proxy 1382 -0.38701412 -0.0838561642 -0.00811607678 0 0 0
volume_proxy 1383 -1.27583731 0.627865349 -0.00197992682 0 0 0
volume_proxy 1384 0.563835193 0.428504151 0.0073604923 0 0 0
volume_proxy 1385 1.1860783 0.530129527 0.000222821774 0 0 0
volume_proxy 1386 0.548929384 0.511441514 0.00491678594 0 0 0
volume_proxy 1387 0.0293914611 0.817789017 -0.000816438322 0 0 0
volume_proxy 1388 0.140439062 0.176294521 -0.00531928428 0 0 0
volume_proxy 1389 -0.0925555259 0.814401427 0.00216782037 0 0 0
volume_proxy 1390 -1.43918962 0.35750936 0.000731286463 0 0 0
volume_proxy 1391 0.632053192 0.0553507249 0.00339881111 0 0 0
volume_proxy 1392 -0.424133571 -0.943530617 0.00590191238 0 0 0
volume_proxy 1393 0.85153131 0.102607329 -0.00862690408 0 0 0
volume_proxy 1394 1.35063579 0.609393081 0.000900524329 0 0 0
volume_proxy 1395 1.33098363 0.319150104 0.00358803128 0 0 0
volume_proxy 1396 -0.987762995 -0.546963406 0.00481304964 0 0 0
volume_proxy 1397 -0.622201179 0.350212081 -0.00771067752 0 0 0
volume_proxy 1398 -0.785779351 0.42261354 0.00927950694 0 0 0
volume_proxy 1401 1.06083345 0.359708336 0.000395326421 0 0 0
volume_proxy 1403 0.911895957 0.0535240797 0.0050388525 0 0 0
volume_proxy 1404 1.00289626 0.639775707 -0.0096782922 0 0 0
