volume_proxy 0 1.27812048 0.0269255896 0.00932073538 0 0 0
volume_proxy 5 0.725579013 0.0868981687 -0.00332096137 0 0 0
volume_proxy 6 0.480927377 -0.382944385 0.00584650027 0 0 0
volume_proxy 11 0.939078336 0.463021084 -0.0105380876 0 0 0
volume_proxy 12 1.29749554 -0.294879512 -0.00470690189 0 0 0
volume_proxy 14 -0.101376252 -0.307323324 0.00578847472 0 0 0
volume_proxy 23 0.14998537 -0.189451694 0.00882886514 0 0 0
volume_proxy 38 0.673386836 -0.0877002108 -0.00764402187 0 0 0
volume_proxy 40 0.162385849 -0.959047641 -0.00298053558 0 0 0
volume_proxy 50 -0.303172739 -0.166008264 0.000878748137 0 0 0
volume_proxy 53 -0.123191454 -0.0290959326 -0.00140673877 0 0 0
volume_proxy 58 1.3258746 -0.475495853 -0.00181034523 0 0 0
volume_proxy 60 0.462887172 0.580582117 -0.00139217281 0 0 0
volume_proxy 61 0.230910219 -0.718820779 -0.0057258114 0 0 0
volume_proxy 72 0.522362091 -0.0600559216 0.00516111226 0 0 0
volume_proxy 85 -1.1999531 -0.147057239 0.000384812226 0 0 0
volume_proxy 88 -0.719561878 -0.334252088 0.00710587713 0 0 0
volume_proxy 97 1.16879434 -0.225403118 0.00533202593 0 0 0
volume_proxy 101 -1.12899921 0.857578217 -0.00784052573 0 0 0
volume_proxy 105 0.477608921 -0.300783543 -0.00977573487 0 0 0
volume_proxy 107 1.36622007 0.225423332 -0.0011127264 0 0 0
volume_proxy 108 1.06517594 0.417217169 -0.00011893103 0 0 0
volume_proxy 127 -0.827848534 0.755735245 -0.0076717604 0 0 0
volume_proxy 130 1.48536833 0.451706664 0.00416493325 0 0 0
volume_proxy 140 -0.602923568 0.171389859 0.00692033818 0 0 0
volume_proxy 157 0.843666671 -0.130069806 -0.00775374796 0 0 0
volume_proxy 159 0.320256811 -0.226682979 0.00893077475 0 0 0
volume_proxy 161 0.16909212 0.162460478 0.00566533465 0 0 0
volume_proxy 176 0.526871913 -0.567691403 -0.00897518438 0 0 0
volume_proxy 186 0.470922935 0.351971791 -0.00207835318 0 0 0
volume_proxy 189 -1.24494168 0.363505664 -0.00346782574 0 0 0
volume_proxy 195 0.280072411 -0.298839898 -0.00212074733 0 0 0
volume_proxy 196 0.25835144 0.211326552 -0.00302112898 0 0 0
volume_proxy 200 -0.247770228 -0.951234145 -0.00405220504 0 0 0
volume_proxy 202 -1.45369497 0.730411934 0.00687400139 0 0 0
volume_proxy 209 -0.56158421 0.124773817 0.00357640006 0 0 0
volume_proxy 210 -0.465931973 0.313453484 0.00843950945 0 0 0
volume_proxy 226 -0.379631453 0.123483269 -0.00268388957 0 0 0
volume_proxy 236 0.283034376 0.585687476 0.00478797028 0 0 0
volume_proxy 244 1.19054569 0.690470312 -0.00681637811 0 0 0
volume_proxy 247 0.901612718 0.384243829 -0.00762562936 0 0 0
volume_proxy 256 -0.268145885 0.17298123 -0.00705724526 0 0 0
volume_proxy 259 0.092819609 -0.471321618 -0.00501170698 0 0 0
volume_proxy 269 0.0265651193 -0.208726959 -0.00806077903 0 0 0
volume_proxy 277 -0.569513976 -0.302399985 0.00823372584 0 0 0
volume_proxy 294 0.0411833151 0.065539874 0.000633917328 0 0 0
volume_proxy 296 -0.282939602 -0.286475126 0.00236183557 0 0 0
volume_proxy 298 1.48855657 -0.571995536 -0.000164573937 0 0 0
volume_proxy 305 0.69819879 -0.0655287487 0.0106455349 0 0 0
volume_proxy 310 1.02829219 0.460055984 -0.00697001639 0 0 0
volume_proxy 311 1.07156475 -0.859024058 0.00802126928 0 0 0
volume_proxy 329 -0.786144337 -0.326310212 0.00666747204 0 0 0
volume_proxy 337 -0.791403323 0.740770981 0.00834852165 0 0 0
volume_proxy 344 -0.333349114 0.213252103 -0.00389242809 0 0 0
volume_proxy 347 -0.421280661 -0.870231696 -0.00241473362 0 0 0
volume_proxy 349 0.0363670558 -0.103674432 -0.00926023733 0 0 0
volume_proxy 356 0.381972622 0.256090729 -0.00262462387 0 0 0
volume_proxy 375 1.22095519 -0.456223231 0.000677770674 0 0 0
volume_proxy 388 -1.12770368 0.869514639 0.00396715664 0 0 0
volume_proxy 431 -1.20583509 -0.786069696 -0.00575709176 0 0 0
volume_proxy 518 0.820259844 0.910896514 -0.00922929224 0 0 0
volume_proxy 802 1.10499837 -0.883705559 -0.00929004292 0 0 0
volume_proxy 876 0.229511059 -0.710681324 0.00534175668 0 0 0
volume_proxy 904 -0.153429287 0.407391951 0.0102318336 0 0 0
volume_proxy 914 0.128736158 -0.937769413 0.00854395528 0 0 0
volume_proxy 1020 -1.30700318 0.853979547 -0.00327022519 0 0 0
volume_proxy 1052 0.312688985 -0.472522099 0.00386279333 0 0 0
volume_proxy 1066 0.826494604 0.523119943 0.0083037141 0 0 0
volume_proxy 1093 0.0243615707 -0.0796951801 -0.00606817888 0 0 0
volume_proxy 1118 0.139125607 -0.499789172 -0.00195425035 0 0 0
volume_proxy 1120 -0.461083206 0.89358784 -0.00141972109 0 0 0
volume_proxy 1138 1.30856529 -0.79344908 0.00314154261 0 0 0
volume_proxy 1166 -0.764158463 0.542895462 -0.00731816084 0 0 0
volume_proxy 1169 1.45636915 -0.981305446 0.00864691473 0 0 0
volume_proxy 1172 -0.104102766 0.925999842 0.0100319768 0 0 0
volume_proxy 1180 -1.34794963 -0.307750747 0.00186726092 0 0 0
volume_proxy 1186 -0.750308635 -0.695043348 -0.00767461032 0 0 0
volume_proxy 1193 -0.878563524 -0.387140487 -0.00112105411 0 0 0
volume_proxy 1209 -1.37421674 0.625361163 -0.0039308672 0 0 0
volume_proxy 1210 -1.03082192 0.796454477 -0.00279254288 0 0 0
volume_proxy 1217 -0.56389489 0.332703743 0.007420363 0 0 0
volume_proxy 1219 -0.959004652 0.592578539 0.00559154603 0 0 0
volume_proxy 1225 0.0864853099 -0.54193487 0.00921522907 0 0 0
volume_proxy 1230 1.08589327 -0.206916825 -0.00373511295 0 0 0
volume_proxy 1237 0.0431172036 0.924626824 -0.00310691168 0 0 0
volume_proxy 1238 0.686869953 0.728554992 7.82172819e-05 0 0 0
volume_proxy 1245 -1.37436018 0.73855919 -0.00525639718 0 0 0
volume_proxy 1255 1.45129356 -0.6673972 0.0105355533 0 0 0
volume_proxy 1259 -1.25687132 0.767299205 -0.00872017226 0 0 0
volume_proxy 1270 0.241205008 -0.229165517 0.00174802374 0 0 0
volume_proxy 1280 -1.27822692 0.488331331 0.00022590482 0 0 0
volume_proxy 1285 -1.33265374 0.636186965 0.00672847092 0 0 0
volume_proxy 1292 0.492943996 0.190942911 -0.00381556054 0 0 0
volume_proxy 1295 -1.4199358 0.726805317 -1.04869492e-05 0 0 0
volume_proxy 1296 -0.0503133087 -0.0722166948 -0.00549611832 0 0 0
volume_proxy 1297 -0.0732183584 -0.886303786 -0.00814791546 0 0 0
volume_proxy 1301 -0.536519166 0.63526355 0.00758858316 0 0 0
volume_proxy 1308 -0.450366035 0.853606178 0.000673819575 0 0 0
volume_proxy 1318 0.92980204 -0.54253748 0.00274773081 0 0 0
volume_proxy 1326 0.14306717 -0.317000827 -0.00865314926 0 0 0
volume_proxy 1334 -0.990723437 -0.651263205 -0.00142629878 0 0 0
volume_proxy 1335 0.193454305 -0.686977403 -0.0101361519 0 0 0
volume_proxy 1340 0.592741904 0.594529247 -0.00153253601 0 0 0
volume_proxy 1347 -0.0494356358 0.706122673 -0.00668419203 0 0 0
volume_proxy 1348 1.45873322 -0.885837388 -0.00214505138 0 0 0
volume_proxy 1357 -1.16907742 0.318160184 0.00533237646 0 0 0
volume_proxy 1358 -0.169957967 0.0433068655 -0.010288091 0 0 0
volume_proxy 1361 1.37263297 0.707256156 -0.00794518811 0 0 0
volume_proxy 1366 1.37319344 0.918724307 -0.00856461894 0 0 0
volume_proxy 1379 0.532910601 0.48224182 -0.00473145298 0 0 0
volume_proxy 1380 -0.684271118 0.644340894 0.00807786278 0 0 0
volume_proxy 1381 0.790510613 0.582847115 -0.00782769701 0 0 0
volume_proxy 1383 -1.21776206 0.355557889 0.00669316256 0 0 0
volume_proxy 1384 0.201429288 -0.0408257276 -7.67923875e-05 0 0 0
volume_proxy 1385 1.01831791 0.600997143 0.0102914579 0 0 0
volume_proxy 1386 0.811678977 0.790020223 -0.00870220584 0 0 0
volume_proxy 1388 0.409513534 0.35494796 -0.00741677581 0 0 0
volume_proxy 1389 -0.155222541 0.655101623 0.00867050035 0 0 0
volume_proxy 1390 -1.29169775 0.751805769 0.00596097423 0 0 0
volume_proxy 1392 0.0289847401 -0.90013028 -0.00827202733 0 0 0
volume_proxy 1395 0.973181958 0.0865153705 0.00709434782 0 0 0
volume_proxy 1397 -0.0603626839 0.504821827 0.0106111954 0 0 0
volume_proxy 1398 -1.00253863 0.523669965 -0.0062742488 0 0 0
volume_proxy 1403 0.627361408 0.287715493 -0.00121560873 0 0 0
volume_proxy 1405 0.542829332 0.457750823 0.0105958505 0 0 0
volume_proxy 1406 0.0417791301 -0.727675287 0.00582537427 0 0 0
volume_proxy 1408 0.282855318 0.746491901 -0.0105317731 0 0 0
volume_proxy 1409 1.17560147 0.46333419 0.00239258742 0 0 0
volume_proxy 1413 0.714118023 0.849533952 0.00703491929 0 0 0
volume_proxy 1414 1.17023777 0.562309764 -0.00189273639 0 0 0
volume_proxy 1415 1.2746315 -0.152587803 0.0087086463 0 0 0
volume_proxy 1418 -1.46855362 -0.0965145576 0.0068418656 0 0 0
volume_proxy 1419 -1.33184176 -0.920326369 -0.0028080895 0 0 0
volume_proxy 1420 -1.37592518 -0.297980863 -0.00515835558 0 0 0
volume_proxy 1421 -1.15669153 0.0708375926 -0.00281878271 0 0 0
volume_proxy 1422 0.641437355 -0.850643987 -0.010358653 0 0 0
volume_proxy 1423 -0.326867035 0.214895438 0.00489431937 0 0 0
volume_proxy 1425 -0.634022655 -0.68859785 -0.010778907 0 0 0
volume_proxy 1426 0.685669681 -0.173962531 0.00617666169 0 0 0
volume_proxy 1428 0.0451703199 0.66292572 -0.0096293903 0 0 0
volume_proxy 1429 1.23494883 -0.0751139105 -0.00173927482 0 0 0
volume_proxy 1430 -0.750879223 -0.911153589 -0.00659613371 0 0 0
volume_proxy 1433 1.07110183 0.275864917 0.0017660769 0 0 0
volume_proxy 1434 0.393880314 -0.526795679 8.28470439e-05 0 0 0
volume_proxy 1435 -1.02509045 -0.762490834 0.00403588597 0 0 0
volume_proxy 1436 -1.26261534 -0.900878158 -0.00449802906 0 0 0
volume_proxy 1437 -0.225180145 -0.0714759581 -0.00245163099 0 0 0
volume_proxy 1439 -1.05026267 0.946228282 0.00533332632 0 0 0
volume_proxy 1440 0.452407535 -0.642367535 0.00459142393 0 0 0
volume_proxy 1441 0.283220305 -0.758911186 -0.00354755967 0 0 0
volume_proxy 1442 0.827588829 0.802111114 0.00156804223 0 0 0
volume_proxy 1443 -0.315403169 -0.03200863 0.000744187294 0 0 0
volume_proxy 1444 -0.256522457 -0.916291729 0.00917655519 0 0 0
volume_proxy 1445 0.211370248 -0.963323766 -0.00835490714 0 0 0
volume_proxy 1446 -1.03881998 -0.503274275 0.00679477217 0 0 0
volume_proxy 1447 1.28008913 -0.931676184 -0.0104536607 0 0 0
volume_proxy 1448 0.432630249 -0.790355834 0.00692843051 0 0 0
volume_proxy 1451 -0.973536638 -0.80119921 0.00439785364 0 0 0
