volume_proxy 0 0.545433705 0.0076650774 0.00660756943 0 0 0
volume_proxy 5 1.03488001 -0.672758879 -0.00830034868 0 0 0
volume_proxy 6 -0.338323645 -0.637332541 0.00782654828 0 0 0
volume_proxy 11 0.784750966 0.277130273 0.00104544406 0 0 0
volume_proxy 12 0.0421557397 -0.844099786 0.00768707615 0 0 0
volume_proxy 14 -0.838052659 0.134134054 -0.0107717343 0 0 0
volume_proxy 23 0.643568179 -0.802023326 0.00777996815 0 0 0
volume_proxy 38 0.606397729 0.683381451 0.00512552974 0 0 0
volume_proxy 40 -0.0649236956 -0.335457789 -0.00622178467 0 0 0
volume_proxy 50 -0.687725131 -0.647251924 0.00596974285 0 0 0
volume_proxy 53 -0.621101873 0.679033424 -0.000967487517 0 0 0
volume_proxy 58 0.939873476 -0.951127212 0.00276518196 0 0 0
volume_proxy 60 0.639347007 0.364175625 -0.00168888421 0 0 0
volume_proxy 72 0.23420548 -0.256765662 0.00949322171 0 0 0
volume_proxy 85 -1.06348975 0.263021616 -0.000177876697 0 0 0
volume_proxy 97 0.87847751 -0.0384408485 0.00713747912 0 0 0
volume_proxy 107 1.38291511 0.468172473 -0.00613543277 0 0 0
volume_proxy 127 -1.31452675 0.0215046711 0.00547841694 0 0 0
volume_proxy 130 1.0372874 0.252964954 0.00550098309 0 0 0
volume_proxy 140 -0.268498367 0.603885057 0.00923643639 0 0 0
volume_proxy 157 1.01954407 -0.0773090503 -0.00605433819 0 0 0
volume_proxy 159 0.107654484 0.991182487 -0.00251847193 0 0 0
volume_proxy 161 0.771547162 0.393503927 -0.00540381612 0 0 0
volume_proxy 176 0.282536273 0.466023904 -0.00678776946 0 0 0
volume_proxy 186 -0.982467698 0.310749733 0.00333325968 0 0 0
volume_proxy 189 -1.36092247 0.769598816 0.00192999159 0 0 0
volume_proxy 195 -0.638564389 -0.620588768 -0.00941314349 0 0 0
volume_proxy 196 0.732664577 -0.580134006 0.00477756251 0 0 0
volume_proxy 200 -0.449723482 -0.884299793 -0.00383100496 0 0 0
volume_proxy 202 -1.13888431 0.577679662 -0.00468801409 0 0 0
volume_proxy 209 -1.08655325 0.0735248089 -0.0105116135 0 0 0
volume_proxy 210 -0.966189763 0.644777252 -0.000565610138 0 0 0
volume_proxy 226 0.397117762 -0.645798094 0.00751224417 0 0 0
volume_proxy 236 1.24458813 0.669862325 0.00661862024 0 0 0
volume_proxy 247 1.21141492 0.679623252 -0.00817865891 0 0 0
volume_proxy 256 -0.416566118 0.451033717 0.00498994097 0 0 0
volume_proxy 259 0.535962501 0.526402688 -0.00908735683 0 0 0
volume_proxy 269 -0.193747036 -0.435899468 0.00796246699 0 0 0
volume_proxy 277 -1.44126718 -0.0199526883 0.0091046185 0 0 0
volume_proxy 296 -0.0793848902 -0.712086695 0.00302301412 0 0 0
volume_proxy 305 0.290092362 -0.493227426 -0.00026154028 0 0 0
volume_proxy 310 1.03969372 -0.651365621 -0.000471963386 0 0 0
volume_proxy 344 -1.18440326 0.409078735 -0.00387910404 0 0 0
volume_proxy 347 -0.459523492 0.205989941 0.00435689666 0 0 0
volume_proxy 349 -1.13487923 -0.134522298 -0.00833233925 0 0 0
volume_proxy 356 0.178999498 0.829896092 -0.00999942281 0 0 0
volume_proxy 375 0.325844483 -0.579144409 -0.00852111111 0 0 0
volume_proxy 388 -0.267345141 0.499370691 -0.0031322253 0 0 0
volume_proxy 802 1.21480152 0.490492435 -0.00289381566 0 0 0
volume_proxy 876 0.124629808 -0.371545138 -0.00949045456 0 0 0
volume_proxy 1052 -0.409964837 -0.775297792 -0.0107558857 0 0 0
volume_proxy 1066 0.507908945 0.811667755 0.00141442768 0 0 0
volume_proxy 1120 -0.5276459 0.621687802 -0.0017584987 0 0 0
volume_proxy 1166 -0.447845009 0.741358069 -0.00933063584 0 0 0
volume_proxy 1169 1.00283325 -0.759906129 -0.00842354806 0 0 0
volume_proxy 1186 -0.908528733 -0.126310878 0.00762532097 0 0 0
volume_proxy 1193 -0.678978934 -0.366203446 -0.000789446079 0 0 0
volume_proxy 1225 -0.0334608938 -0.220227093 0.00671619274 0 0 0
volume_proxy 1245 -1.49872721 0.718064531 -0.00451210189 0 0 0
volume_proxy 1280 -1.18608632 0.465347376 -0.00864563312 0 0 0
volume_proxy 1285 -0.994549797 0.540015541 0.00614077271 0 0 0
volume_proxy 1295 -0.501872426 0.544778419 -0.0103229617 0 0 0
volume_proxy 1296 0.11913049 0.0326206996 0.00596582839 0 0 0
volume_proxy 1335 0.682987449 -0.874072157 -0.00373977809 0 0 0
volume_proxy 1340 1.14838934 0.089145737 0.0092121228 0 0 0
volume_proxy 1380 -0.275334541 0.205857999 0.00225759075 0 0 0
volume_proxy 1386 -0.0244283134 0.693355957 0.00396964579 0 0 0
volume_proxy 1397 1.03972217 0.559196594 0.00286506728 0 0 0
volume_proxy 1409 0.742097105 0.975983868 0.00284674129 0 0 0
volume_proxy 1413 1.03279415 0.489586601 0.00966891699 0 0 0
volume_proxy 1420 -1.32278168 -0.113374562 -0.000743008966 0 0 0
volume_proxy 1421 -1.27882785 -0.282549599 -0.00393908597 0 0 0
volume_proxy 1422 1.28303166 -0.911037297 0.00544895115 0 0 0
volume_proxy 1426 0.689463022 0.00187301236 0.00596127643 0 0 0
volume_proxy 1429 1.08420205 -0.111742371 -0.00738226057 0 0 0
volume_proxy 1433 1.35934325 0.596687725 -0.00502265675 0 0 0
volume_proxy 1434 -0.0200940306 -0.716925577 -0.0035194547 0 0 0
volume_proxy 1437 -0.139390698 -0.0613015085 0.00793704507 0 0 0
volume_proxy 1439 -0.502516637 0.657026666 -0.00190505209 0 0 0
volume_proxy 1440 1.04233135 -0.552987738 0.00419413149 0 0 0
volume_proxy 1444 -0.640126702 -0.891847686 -0.00560425521 0 0 0
volume_proxy 1445 0.109495116 -0.822097553 0.010062046 0 0 0
volume_proxy 1447 0.835904225 -0.7707327 -0.00151037092 0 0 0
volume_proxy 1459 -0.724606465 0.368443026 -0.00527384959 0 0 0
volume_proxy 1460 0.905995958 -0.00282660779 -0.0102637346 0 0 0
volume_proxy 1461 -1.31669927 0.458413434 -0.00481938598 0 0 0
volume_proxy 1462 -0.876231612 -0.10565273 -0.00394016061 0 0 0
volume_proxy 1466 -0.468756588 -0.6631912 0.00621584832 0 0 0
volume_proxy 1470 -1.4416393 -0.551085069 -0.00168146546 0 0 0
volume_proxy 1471 -0.0356363238 0.512673379 -0.00373067335 0 0 0
volume_proxy 1472 -0.85629562 0.462085645 -0.00879890014 0 0 0
volume_proxy 1474 0.729084884 -0.363946405 -0.00465090717 0 0 0
volume_proxy 1481 1.29030563 0.624807866 0.00965758575 0 0 0
volume_proxy 1482 0.782340116 -0.846756765 -0.0033274393 0 0 0
volume_proxy 1485 0.443224048 -0.47083513 -0.00504688026 0 0 0
volume_proxy 1486 1.25370153 -0.565810725 0.00446666561 0 0 0
volume_proxy 1489 -0.68165689 0.37697868 0.0080542677 0 0 0
volume_proxy 1490 1.116277 0.629545603 -0.00403529134 0 0 0
volume_proxy 1492 0.167674155 0.617489339 0.00365638522 0 0 0
volume_proxy 1493 0.0365848714 0.352251649 0.00698692643 0 0 0
volume_proxy 1494 1.15277896 0.666603478 -0.00615920062 0 0 0
volume_proxy 1496 -1.13272088 0.435011924 -0.00174203098 0 0 0
volume_proxy 1497 0.0121779307 0.00469590802 0.0080193941 0 0 0
volume_proxy 1498 -1.29811889 0.474605586 -0.000588742054 0 0 0
volume_proxy 1501 -0.954360616 -0.908854026 0.000934595302 0 0 0
volume_proxy 1502 -1.05976323 -0.944055463 0.00670030376 0 0 0
volume_proxy 1503 -0.39357254 -0.0756419671 0.00835763619 0 0 0
volume_proxy 1505 -0.158329954 0.95448108 0.00401778137 0 0 0
volume_proxy 1506 0.324358109 0.621609375 0.00169948236 0 0 0
volume_proxy 1507 -1.04771287 -0.638850457 0.00550662965 0 0 0
volume_proxy 1508 -0.492602222 -0.963146535 -0.00330368276 0 0 0
volume_proxy 1509 -1.40304885 0.673915889 -0.000544632548 0 0 0
volume_proxy 1510 0.486186052 -0.476366484 -0.00997808583 0 0 0
volume_proxy 1511 1.12224562 0.399727136 0.000760395351 0 0 0
volume_proxy 1512 -1.00759592 0.373607755 -0.00424132248 0 0 0
volume_proxy 1513 -0.709304461 0.868777098 -0.00833923887 0 0 0
volume_proxy 1514 -0.929300496 0.335244774 0.00540797601 0 0 0
volume_proxy 1515 0.280606462 0.523095931 0.00232216187 0 0 0
