volume_proxy 0 1.10968982 0.147809262 -0.000290947532 0 0 0
volume_proxy 5 0.657538898 -0.36284488 0.00886766902 0 0 0
volume_proxy 6 -0.235066933 -0.329905997 0.00122791586 0 0 0
volume_proxy 11 0.757476003 0.168061738 0.00602822165 0 0 0
volume_proxy 12 0.306684318 -0.369617323 0.00999099394 0 0 0
volume_proxy 14 -0.0550239448 0.377319864 0.00637360948 0 0 0
volume_proxy 23 0.971471485 -0.69206992 0.00342422962 0 0 0
volume_proxy 38 0.39401616 0.60018441 0.000955600486 0 0 0
volume_proxy 40 -0.0167040228 -0.0319267296 -0.00164827838 0 0 0
volume_proxy 50 -0.844351057 -0.625062599 0.00329613569 0 0 0
volume_proxy 53 -0.799895226 0.497752337 0.00476063936 0 0 0
volume_proxy 58 1.22841749 -0.473777069 -0.00203893449 0 0 0
volume_proxy 60 1.01089834 0.0855358226 0.0104903796 0 0 0
volume_proxy 72 -0.0201099112 0.0983742079 0.00848150699 0 0 0
volume_proxy 85 -0.965972283 0.34349832 0.00636016021 0 0 0
volume_proxy 97 0.898319794 0.30543592 0.00718341548 0 0 0
volume_proxy 105 1.3293384 -0.211290453 -0.00701128217 0 0 0
volume_proxy 107 1.29911641 0.946428241 0.00495583137 0 0 0
volume_proxy 127 -1.26995427 0.676630559 -0.00772081118 0 0 0
volume_proxy 130 1.35884259 0.310273299 -0.00396854892 0 0 0
volume_proxy 140 -0.530699235 0.775726717 -0.009821437 0 0 0
volume_proxy 157 1.48790626 0.155204112 0.000229162073 0 0 0
volume_proxy 159 0.0945142954 0.834597465 0.00267652396 0 0 0
volume_proxy 161 0.4469537 0.214054148 0.00606530408 0 0 0
volume_proxy 176 0.190556919 -0.316763459 0.0089731536 0 0 0
volume_proxy 186 -0.907992305 0.745226728 0.00461287371 0 0 0
volume_proxy 189 -0.97195492 0.867108413 0.00482922585 0 0 0
volume_proxy 195 -0.132056344 -0.148829009 0.00206615643 0 0 0
volume_proxy 196 0.30557663 -0.3399893 -0.0012584368 0 0 0
volume_proxy 200 -0.33456321 -0.870246623 -0.00185297798 0 0 0
volume_proxy 202 -1.1760286 0.319301333 -0.00617901822 0 0 0
volume_proxy 209 -1.41715687 -0.134512792 -0.00761391756 0 0 0
volume_proxy 210 -0.695960652 0.873207935 -0.0106272299 0 0 0
volume_proxy 226 0.350299851 -0.654314868 -0.000177478075 0 0 0
volume_proxy 236 0.911769751 0.746109698 0.00193070514 0 0 0
volume_proxy 247 0.710020847 0.79185548 0.00593016246 0 0 0
volume_proxy 256 -0.521297085 0.590525826 0.00978086652 0 0 0
volume_proxy 259 0.622068833 -0.0641178459 -0.00540837815 0 0 0
volume_proxy 269 0.307027727 -0.504251412 0.0052781495 0 0 0
volume_proxy 277 -1.09330015 -0.244577821 -0.0103112855 0 0 0
volume_proxy 296 0.473985869 -0.276697213 0.00339915021 0 0 0
volume_proxy 305 0.106073937 -0.430503877 0.00547405358 0 0 0
volume_proxy 310 1.19889478 -0.204394597 0.000537426636 0 0 0
volume_proxy 329 -1.23214958 -0.205644263 0.0104388166 0 0 0
volume_proxy 337 -0.511503339 0.769056587 -0.00621267801 0 0 0
volume_proxy 344 -1.33823797 0.761093693 -0.00411516786 0 0 0
volume_proxy 347 -0.518252226 0.382027842 -0.00130992355 0 0 0
volume_proxy 349 -0.843617707 -0.113864157 -0.00772328423 0 0 0
volume_proxy 356 -0.184407764 0.765967188 0.0064794235 0 0 0
volume_proxy 375 0.417497675 -0.939119323 0.00693018272 0 0 0
volume_proxy 388 -0.66158275 0.329202993 0.0101104835 0 0 0
volume_proxy 431 -1.4599023 -0.0564950782 0.00709604759 0 0 0
volume_proxy 802 1.11400673 0.697689286 0.00546231827 0 0 0
volume_proxy 876 0.440977328 -0.854578399 -0.00936121817 0 0 0
volume_proxy 1052 0.0154406831 -0.637504691 -0.00360314476 0 0 0
volume_proxy 1066 0.149950076 0.671754744 -0.00774712727 0 0 0
volume_proxy 1120 -0.36911695 0.422438019 0.00167279622 0 0 0
volume_proxy 1166 -0.546670534 0.83379022 -0.00258763521 0 0 0
volume_proxy 1169 1.40384829 -0.848600602 0.00718595483 0 0 0
volume_proxy 1172 -0.0938257392 0.685481066 -0.00203579884 0 0 0
volume_proxy 1186 -0.433044943 -0.273968287 0.00109649477 0 0 0
volume_proxy 1193 -0.65585914 0.187986287 -0.00744630065 0 0 0
volume_proxy 1219 -0.73754077 0.541746712 -0.00883671472 0 0 0
volume_proxy 1225 0.264192778 -0.338908864 -0.00662691704 0 0 0
volume_proxy 1245 -1.35672985 0.892027461 -0.000788348089 0 0 0
volume_proxy 1280 -1.47111306 0.722422059 0.00336817868 0 0 0
volume_proxy 1285 -1.22986785 0.983029624 0.0103233484 0 0 0
volume_proxy 1295 -0.887542831 0.900950534 -0.00913769471 0 0 0
volume_proxy 1296 0.49528061 0.138896387 -0.00377917554 0 0 0
volume_proxy 1326 0.672105221 -0.813327117 0.00559113697 0 0 0
volume_proxy 1335 0.230633117 -0.555909968 0.00605788074 0 0 0
volume_proxy 1340 1.04666625 0.225587951 0.0042839309 0 0 0
volume_proxy 1380 -0.0776508047 0.000685661896 -0.0106746497 0 0 0
volume_proxy 1386 -0.0192514629 0.765570986 -0.0057197358 0 0 0
volume_proxy 1397 1.02480732 0.892967709 -0.00731402859 0 0 0
volume_proxy 1403 0.531852731 0.2576861 0.00307527675 0 0 0
volume_proxy 1409 0.896155849 0.824116055 -0.0100925062 0 0 0
volume_proxy 1413 0.701242462 0.833859141 0.00200715778 0 0 0
volume_proxy 1418 -1.01632012 0.265623106 0.000693427451 0 0 0
volume_proxy 1420 -1.49586194 -0.0757100357 0.00190074833 0 0 0
volume_proxy 1421 -1.28497506 -0.229844394 0.0107280651 0 0 0
volume_proxy 1422 1.27803313 -0.989826011 0.00209252475 0 0 0
volume_proxy 1423 -0.626680614 0.835814927 0.00574277064 0 0 0
volume_proxy 1426 0.823523761 -0.53346079 0.000554281109 0 0 0
volume_proxy 1429 1.14172851 -0.15125314 -0.00766026002 0 0 0
volume_proxy 1433 1.02237874 0.400881975 0.00126172166 0 0 0
volume_proxy 1434 0.135984018 -0.600426819 0.00586122764 0 0 0
volume_proxy 1437 -0.112586432 -0.180417515 -0.00673822241 0 0 0
volume_proxy 1439 -0.348385667 0.83971447 0.000254794751 0 0 0
volume_proxy 1440 0.509669367 -0.329393188 -0.00890026657 0 0 0
volume_proxy 1444 -1.30198596 -0.907103263 -0.00799199399 0 0 0
volume_proxy 1445 -0.0215478538 -0.602887478 -0.0101463085 0 0 0
volume_proxy 1447 1.45653906 -0.361909449 -0.008787106 0 0 0
volume_proxy 1459 -0.635360008 0.634776905 0.000778055101 0 0 0
volume_proxy 1460 0.813171814 0.104066788 -0.00737630692 0 0 0
volume_proxy 1461 -0.984868221 0.617997634 0.000882050184 0 0 0
volume_proxy 1462 -1.0768754 -0.348519324 0.00251633378 0 0 0
volume_proxy 1466 -0.420117822 -0.845745153 -0.00249332419 0 0 0
volume_proxy 1470 -1.17145315 -0.76141017 -0.000326599882 0 0 0
volume_proxy 1471 0.180287223 0.631720698 0.0075096781 0 0 0
volume_proxy 1472 -1.08007932 0.856081587 -0.00317485401 0 0 0
volume_proxy 1474 1.10201065 -0.763260035 -0.00571572339 0 0 0
volume_proxy 1475 1.01578454 -0.0525845538 -0.00562860168 0 0 0
volume_proxy 1481 1.25316952 0.690476049 0.00468715761 0 0 0
volume_proxy 1482 0.463098087 -0.969229311 0.000930955065 0 0 0
volume_proxy 1485 0.230149974 -0.627200366 0.00912017448 0 0 0
volume_proxy 1486 1.1168986 -0.48438012 -0.00316611523 0 0 0
volume_proxy 1489 -0.324380326 0.589942347 0.00570924364 0 0 0
volume_proxy 1490 1.29647556 0.68293878 -0.00445688113 0 0 0
volume_proxy 1492 0.222672143 0.664317846 -0.00999349342 0 0 0
volume_proxy 1493 0.359316463 0.395181122 0.000267705394 0 0 0
volume_proxy 1494 0.972506649 0.809160432 0.0048667325 0 0 0
volume_proxy 1495 0.749532388 -0.666467746 -0.00353210599 0 0 0
volume_proxy 1496 -0.672649382 0.282340734 0.00418435759 0 0 0
volume_proxy 1497 0.340550609 0.426411475 -0.00578437119 0 0 0
volume_proxy 1498 -1.23786692 0.717766758 0.00239144043 0 0 0
volume_proxy 1501 -0.859580785 -0.943456881 0.00551164668 0 0 0
volume_proxy 1502 -0.955214832 -0.473544199 -0.000959042598 0 0 0
volume_proxy 1503 -0.55784327 0.0520491375 0.00573653162 0 0 0
volume_proxy 1505 -0.0764883121 0.817460412 0.005311167 0 0 0
volume_proxy 1506 0.210550554 0.55706285 -0.00617919379 0 0 0
volume_proxy 1507 -0.915159108 -0.458538475 0.00865595966 0 0 0
volume_proxy 1508 -0.142612133 -0.85193478 -0.00975968911 0 0 0
volume_proxy 1509 -1.28224932 0.950789892 0.00289645652 0 0 0
