volume_proxy 0 0.962249359 0.164815061 5.2643026e-05 0 0 0
volume_proxy 4 1.04781739 0.763577737 -0.00727438412 0 0 0
volume_proxy 5 -0.388529257 0.30585549 0.0100604344 0 0 0
volume_proxy 6 1.26161317 0.467993761 0.00232218009 0 0 0
volume_proxy 11 -1.27494323 0.883558517 0.0105584518 0 0 0
volume_proxy 12 0.491690865 -0.292910947 -0.00267905888 0 0 0
volume_proxy 13 -0.982323197 -0.835473355 0.00151914313 0 0 0
volume_proxy 14 0.508599388 0.0349579634 -0.00213177676 0 0 0
volume_proxy 15 -0.414943596 -0.597228145 0.00387737846 0 0 0
volume_proxy 16 -1.39337831 0.562946286 0.000615853009 0 0 0
volume_proxy 17 -0.667579422 -0.149732948 -0.000301580444 0 0 0
volume_proxy 18 -1.09437847 -0.336589923 -0.00693756235 0 0 0
volume_proxy 19 -1.09908659 -0.680403591 -0.000535527304 0 0 0
volume_proxy 22 0.892256892 -0.00677649306 0.00522273567 0 0 0
volume_proxy 23 -0.853699281 -0.00953429762 0.00602275243 0 0 0
volume_proxy 31 -0.810461073 0.154045632 0.00456112745 0 0 0
volume_proxy 36 0.407092171 0.607891017 0.00326282662 0 0 0
volume_proxy 38 0.353635515 0.232441751 -0.00360079589 0 0 0
volume_proxy 40 -0.164541842 -0.616751452 -0.00570847402 0 0 0
volume_proxy 45 -0.205326226 0.664392624 0.00104702622 0 0 0
volume_proxy 46 0.556821632 -0.632044003 -0.000520810687 0 0 0
volume_proxy 47 0.979823969 0.228662789 -0.00806389607 0 0 0
volume_proxy 48 -0.2998724 -0.620394531 0.00870004437 0 0 0
volume_proxy 49 0.373080335 -0.482535404 -0.0104359015 0 0 0
volume_proxy 50 -0.0228650932 -0.774961918 -0.00628468729 0 0 0
volume_proxy 52 -1.45853502 -0.914011309 0.00718372143 0 0 0
volume_proxy 53 0.449284132 -0.324810055 -0.00973179828 0 0 0
volume_proxy 54 -0.897885816 0.499871214 0.00412938176 0 0 0
volume_proxy 57 -1.19905063 -0.0520895535 -0.00550240547 0 0 0
volume_proxy 58 0.57746195 -0.614234731 0.000242312342 0 0 0
volume_proxy 59 -0.655675021 0.436011055 -0.00284996002 0 0 0
volume_proxy 60 -0.00274408883 0.62637053 0.00791867608 0 0 0
volume_proxy 61 -1.12362773 -0.206716276 0.00586547129 0 0 0
volume_proxy 62 0.0754089774 0.210837373 0.00268968045 0 0 0
volume_proxy 63 0.53099624 0.271930973 -0.00220848857 0 0 0
volume_proxy 64 -0.277573736 -0.348801574 0.0051779635 0 0 0
volume_proxy 66 0.545367408 0.848681139 0.00654381697 0 0 0
volume_proxy 69 -0.7841227 -0.292127141 -0.010009431 0 0 0
volume_proxy 72 0.44245703 -0.0578054879 0.00650579013 0 0 0
volume_proxy 78 1.4782157 0.0453446677 -0.000799019792 0 0 0
volume_proxy 81 -1.19865734 0.817108624 -0.00611637592 0 0 0
volume_proxy 84 -0.627262047 -0.310612319 -0.00485563901 0 0 0
volume_proxy 85 -0.545752243 0.341674862 -0.00927877843 0 0 0
volume_proxy 86 0.457154333 -0.386794389 0.00916763984 0 0 0
volume_proxy 87 1.1025249 0.45601947 0.00459227785 0 0 0
volume_proxy 88 -0.921877665 0.25458595 -0.00839193966 0 0 0
volume_proxy 90 0.553537824 -0.627741867 0.00829011752 0 0 0
volume_proxy 91 0.824610306 -0.556271464 -0.00338041567 0 0 0
volume_proxy 94 -0.0362407508 -0.482238927 -0.00229134839 0 0 0
volume_proxy 96 0.987941395 -0.282383385 -0.000686718745 0 0 0
volume_proxy 97 1.15648248 -0.265892502 0.0011222492 0 0 0
volume_proxy 100 0.330472397 -0.894938092 -0.00621938452 0 0 0
volume_proxy 101 -0.891381006 0.252210602 0.00357956865 0 0 0
volume_proxy 102 0.101398882 -0.553252736 0.00465416737 0 0 0
volume_proxy 103 0.768205657 -0.562666066 -0.0032080627 0 0 0
volume_proxy 105 -0.283156444 -0.549940169 0.0104419818 0 0 0
volume_proxy 106 -0.112685297 -0.615557803 0.00559822945 0 0 0
volume_proxy 107 0.072155245 0.449840854 0.00702494416 0 0 0
volume_proxy 108 1.24549877 -0.124750296 -0.00761106305 0 0 0
volume_proxy 111 0.691410654 0.355634237 0.000509233874 0 0 0
volume_proxy 113 -0.762894507 -0.093819444 0.00970806593 0 0 0
volume_proxy 121 0.576212986 0.63567314 -0.00570741049 0 0 0
volume_proxy 124 -0.832358809 0.367010307 0.00984949488 0 0 0
volume_proxy 125 -0.980408146 -0.377352279 -0.000127455203 0 0 0
volume_proxy 126 -0.100768708 -0.366329016 0.00686142205 0 0 0
volume_proxy 127 0.0422209613 -0.0342788363 -0.0022383529 0 0 0
volume_proxy 130 0.966284028 -0.307756571 1.84992856e-05 0 0 0
volume_proxy 131 0.622629085 0.0452706007 0.00972779833 0 0 0
volume_proxy 132 0.414171774 0.341599721 0.000131901439 0 0 0
volume_proxy 135 0.487664916 -0.715213611 0.000695275965 0 0 0
volume_proxy 138 0.374651769 -0.501081243 0.000559497242 0 0 0
volume_proxy 140 -0.537634452 0.498717509 0.00193404569 0 0 0
volume_proxy 144 -1.29637952 0.508078963 -4.80093828e-05 0 0 0
volume_proxy 145 -0.469187937 -0.27357375 0.00791311151 0 0 0
volume_proxy 146 1.39500402 -0.165694191 0.00274380883 0 0 0
volume_proxy 149 -1.27377235 0.982253367 -0.00272378937 0 0 0
volume_proxy 155 0.76989154 0.461467809 0.00207562381 0 0 0
volume_proxy 157 0.864897563 0.180900051 0.0105717829 0 0 0
volume_proxy 159 -0.304303829 -0.209532541 -0.00445112855 0 0 0
volume_proxy 161 -0.192029759 0.0747497041 0.00851913178 0 0 0
volume_proxy 163 -1.38381974 0.457293151 -0.00945779271 0 0 0
volume_proxy 168 0.935395831 0.919128676 -0.00876415114 0 0 0
volume_proxy 169 0.920322504 0.0447078143 -0.010568725 0 0 0
volume_proxy 173 0.0469721791 0.249951711 -0.00834091102 0 0 0
volume_proxy 174 1.03964444 -0.956521326 0.00802960425 0 0 0
volume_proxy 176 0.070853006 -0.21060931 0.00199517152 0 0 0
volume_proxy 178 -0.4800399 0.16092419 -0.00380452821 0 0 0
volume_proxy 181 -0.0940701775 -0.584102434 -0.00581588473 0 0 0
volume_proxy 186 -0.437722567 -0.545238397 0.0100100034 0 0 0
volume_proxy 189 -0.981704075 0.0337603246 0.00488753869 0 0 0
volume_proxy 192 0.0909734342 -0.253963016 -0.000366242522 0 0 0
volume_proxy 194 -0.239134744 -0.735525258 0.00782336277 0 0 0
volume_proxy 195 -1.05318741 0.87641056 -0.0089367683 0 0 0
volume_proxy 196 0.556710862 0.468282516 -0.00508087173 0 0 0
volume_proxy 198 0.792388382 -0.971799604 0.0103487803 0 0 0
volume_proxy 200 -1.07940575 -0.0533386015 -0.00367945204 0 0 0
volume_proxy 201 -1.44291032 0.224383489 0.00598740485 0 0 0
volume_proxy 202 -0.572203969 0.687626763 -0.00887517162 0 0 0
volume_proxy 206 0.682784191 -0.0150296027 -0.00299848336 0 0 0
volume_proxy 208 -1.46265556 0.524554911 0.00475465563 0 0 0
volume_proxy 209 -1.28080285 -0.47612707 0.000406531144 0 0 0
volume_proxy 210 0.312609838 0.189415989 -0.00561624695 0 0 0
volume_proxy 212 1.01977821 -0.165113702 -0.00905587041 0 0 0
volume_proxy 213 0.0166835406 -0.469290866 -0.00169690531 0 0 0
volume_proxy 219 -0.235790346 0.369531001 0.000768797958 0 0 0
volume_proxy 223 -1.28708336 0.28769966 0.0014789586 0 0 0
volume_proxy 224 0.933155358 -0.791763179 0.000535672486 0 0 0
volume_proxy 225 -0.917404064 0.236283027 -0.0107425313 0 0 0
volume_proxy 226 -1.1134605 -0.525754346 0.0103469616 0 0 0
volume_proxy 227 -0.678903558 -0.647923304 -0.000698801578 0 0 0
volume_proxy 228 -0.464011602 0.0325469799 -0.00412265584 0 0 0
volume_proxy 229 0.36948189 -0.405500372 -0.000346562293 0 0 0
volume_proxy 230 0.145191412 0.699819332 0.00192587598 0 0 0
volume_proxy 232 0.800991791 0.713595981 0.001166962 0 0 0
volume_proxy 236 1.03955834 0.289562924 0.00693603224 0 0 0
volume_proxy 237 0.215201533 0.633810713 -0.00880875546 0 0 0
volume_proxy 238 0.0786613351 -0.20470542 -0.00939596785 0 0 0
volume_proxy 239 0.595688409 0.411487544 0.00854575816 0 0 0
volume_proxy 240 0.116980786 -0.0843235108 -0.0100841152 0 0 0
volume_proxy 242 1.27063409 0.337633162 0.00838343879 0 0 0
volume_proxy 244 0.379174348 0.457401315 -0.007389997 0 0 0
volume_proxy 245 0.192520181 -0.650705797 0.00950912793 0 0 0
volume_proxy 247 0.884012507 -0.591759737 -0.00924689932 0 0 0
volume_proxy 251 0.471871691 0.981864678 0.00340975003 0 0 0
volume_proxy 254 -1.4447492 0.880062535 0.00801386741 0 0 0
volume_proxy 256 0.460476412 -0.140065277 -0.0105266756 0 0 0
volume_proxy 257 -0.0899265967 0.39549453 0.0049871102 0 0 0
volume_proxy 258 0.447388397 -0.17458951 0.00179651176 0 0 0
volume_proxy 259 0.0182679471 0.0644286194 -0.00232904002 0 0 0
volume_proxy 260 -0.210541814 0.890644224 0.00383502291 0 0 0
volume_proxy 262 -0.889213608 0.200869854 0.00894901855 0 0 0
volume_proxy 269 0.956941619 -0.293903422 0.0100779125 0 0 0
volume_proxy 271 -1.28012901 0.373565688 -0.00366397607 0 0 0
volume_proxy 273 1.4640987 0.681818718 0.00788192372 0 0 0
volume_proxy 276 0.420937963 0.217997952 -0.000627166296 0 0 0
volume_proxy 277 -0.829769499 -0.465292502 -0.0102600976 0 0 0
volume_proxy 279 -0.858731223 -0.754853881 -0.000689072551 0 0 0
volume_proxy 281 -1.49489785 0.829149615 0.00438819862 0 0 0
volume_proxy 284 -1.15022226 0.74368224 -0.00769262938 0 0 0
volume_proxy 285 -0.466260793 -0.758276594 0.00501785647 0 0 0
volume_proxy 293 1.25323119 0.436997825 -0.0103648681 0 0 0
volume_proxy 294 -0.509098293 0.772121722 0.00260773292 0 0 0
volume_proxy 296 0.0681645693 -0.186927322 0.00921560966 0 0 0
volume_proxy 297 1.16392371 -0.0503305668 0.000990224635 0 0 0
volume_proxy 298 0.940873517 -0.589902933 -0.000207443177 0 0 0
volume_proxy 303 -0.175701113 -0.218630398 0.000687518411 0 0 0
volume_proxy 305 0.592412631 0.399046903 0.00791793398 0 0 0
volume_proxy 307 -0.987236442 -0.0892424907 0.00352084603 0 0 0
volume_proxy 309 0.691090309 0.492633102 -0.00617841183 0 0 0
volume_proxy 310 0.512411634 -0.00683778458 -0.00213012212 0 0 0
volume_proxy 311 0.199008852 -0.963736448 -0.00156989646 0 0 0
volume_proxy 312 0.142095297 -0.346690151 0.0047449388 0 0 0
volume_proxy 314 -0.598819989 -0.203704087 -0.00417642779 0 0 0
volume_proxy 315 -0.0651421729 0.290180391 0.00810058779 0 0 0
volume_proxy 316 -0.0512341271 -0.0304487936 0.0104422795 0 0 0
volume_proxy 318 -1.14736031 0.00666390536 -0.00814253217 0 0 0
volume_proxy 319 0.034593481 -0.674406202 -0.00533698726 0 0 0
volume_proxy 321 -0.362830205 -0.904982429 0.00900432592 0 0 0
volume_proxy 322 0.665737356 0.704411081 0.00858938903 0 0 0
volume_proxy 324 -1.12855908 -0.877922322 0.00886298355 0 0 0
volume_proxy 327 0.853652772 -0.978403853 -0.0106364419 0 0 0
volume_proxy 329 0.110393649 0.785627507 0.00626203106 0 0 0
volume_proxy 330 0.204813484 -0.261395347 -0.00872223334 0 0 0
volume_proxy 334 0.665588342 -0.591895653 0.000746334727 0 0 0
volume_proxy 335 -1.09474637 -0.431936616 0.00175903561 0 0 0
volume_proxy 337 -0.658542749 0.412678688 0.00678186167 0 0 0
volume_proxy 338 -0.237365424 -0.276123232 0.00941888578 0 0 0
volume_proxy 339 -0.764807418 -0.366191312 -0.00320087133 0 0 0
volume_proxy 341 1.21696516 0.636734139 -0.0102596606 0 0 0
volume_proxy 342 -0.481045123 0.187594511 -0.00311477567 0 0 0
volume_proxy 343 -0.359542229 0.990155821 -0.0074716411 0 0 0
volume_proxy 344 0.634019343 0.0848153924 -0.00531596307 0 0 0
volume_proxy 345 -0.569713667 -0.127768449 0.00262033447 0 0 0
volume_proxy 347 0.473036613 -0.0673995122 -0.0103761784 0 0 0
volume_proxy 349 0.0455290743 0.13542266 -0.00382974117 0 0 0
volume_proxy 350 -0.626239792 0.564437064 -0.00545204156 0 0 0
volume_proxy 353 -0.100186222 0.234891487 0.00910205855 0 0 0
volume_proxy 355 0.678489076 -0.00228421788 -0.00526099566 0 0 0
volume_proxy 356 0.782245423 0.377302507 0.00798916814 0 0 0
volume_proxy 357 -0.821292032 -0.509093681 -0.00260704762 0 0 0
volume_proxy 358 1.31838505 0.977422743 0.00972827727 0 0 0
volume_proxy 359 0.41430196 0.0308438524 0.00849537469 0 0 0
volume_proxy 363 0.971640401 0.760313935 -0.00488290106 0 0 0
volume_proxy 370 1.37669251 0.0652736258 0.00346866718 0 0 0
volume_proxy 371 -1.29392067 0.458702537 0.00953619593 0 0 0
volume_proxy 372 0.288484476 0.631698613 0.00544668918 0 0 0
volume_proxy 373 0.946305996 0.0693612702 -0.00808240683 0 0 0
volume_proxy 375 1.18977642 0.31268228 0.00777205546 0 0 0
volume_proxy 377 0.856514279 -0.25198302 0.00693511248 0 0 0
volume_proxy 379 -1.35050118 0.324586992 0.0102915259 0 0 0
volume_proxy 380 -0.551776013 -0.570978086 -0.00850980684 0 0 0
volume_proxy 382 -0.483315161 -0.607532189 -0.00571308221 0 0 0
volume_proxy 383 0.501299991 -0.817804364 -0.00112533424 0 0 0
volume_proxy 384 0.119064203 0.613699856 -0.00356717507 0 0 0
volume_proxy 388 -1.39205836 0.0195430759 -0.000873538151 0 0 0
volume_proxy 389 -0.102461686 0.215820606 0.00464937961 0 0 0
volume_proxy 390 -1.38604647 -0.310551355 0.00922512886 0 0 0
volume_proxy 391 -1.25697857 0.893625546 0.00868153409 0 0 0
volume_proxy 392 -0.513907394 0.881312596 -0.00705125483 0 0 0
volume_proxy 393 1.00677271 0.173105522 0.00737605528 0 0 0
volume_proxy 396 -0.86268932 0.667540928 0.00844206523 0 0 0
volume_proxy 397 1.06888149 0.230111983 -0.00129190848 0 0 0
volume_proxy 399 1.03078883 -0.822441948 0.00239166465 0 0 0
volume_proxy 400 -0.174347148 -0.519730985 0.00522431295 0 0 0
volume_proxy 401 0.697418051 0.245695124 -0.00220831394 0 0 0
volume_proxy 402 -0.788168865 -0.718511114 0.00125003406 0 0 0
volume_proxy 404 -0.480844562 -0.846394322 0.00369486766 0 0 0
volume_proxy 405 0.993874246 0.0145725666 -0.00713921503 0 0 0
volume_proxy 409 -0.394675511 -0.860130658 0.0105779579 0 0 0
volume_proxy 411 -0.238252356 0.393653178 -0.00800608037 0 0 0
volume_proxy 412 1.30965996 -0.149353863 -0.00436489238 0 0 0
volume_proxy 413 0.395921926 0.216688212 0.00745035368 0 0 0
volume_proxy 414 1.18548754 0.832740745 0.00348262713 0 0 0
volume_proxy 415 -0.965683677 -0.803185294 -0.00776482162 0 0 0
volume_proxy 418 -0.0421207597 -0.607623245 -0.000104095264 0 0 0
volume_proxy 419 -1.25073254 -0.0837923638 -0.00456616763 0 0 0
volume_proxy 424 0.845376531 0.51082638 -0.00710032805 0 0 0
volume_proxy 425 0.173130604 -0.197928085 -0.00464902573 0 0 0
volume_proxy 431 -1.32066313 -0.817026988 -0.00541439474 0 0 0
volume_proxy 434 -0.504407049 -0.320388975 -0.00320072317 0 0 0
volume_proxy 435 -1.4449652 -0.849608759 -0.00940411429 0 0 0
volume_proxy 442 -0.350482446 -0.729331092 -0.00573147983 0 0 0
volume_proxy 444 0.984018183 -0.79545497 0.0102972863 0 0 0
volume_proxy 451 0.42834857 -0.689715718 0.00108900944 0 0 0
volume_proxy 456 0.902605319 -0.921685503 -0.00220478258 0 0 0
volume_proxy 459 -0.598776508 0.553171516 -0.00754427702 0 0 0
volume_proxy 462 -0.717522498 -0.664747236 -0.00505160591 0 0 0
volume_proxy 463 0.144362026 -0.324280345 0.0079936229 0 0 0
volume_proxy 470 1.19865079 0.89238842 -0.00640007026 0 0 0
volume_proxy 471 0.912426589 -0.624250954 0.00808478161 0 0 0
volume_proxy 484 0.230774066 -0.625975723 -0.00295840565 0 0 0
volume_proxy 487 -0.573624015 0.862778875 -0.000845393219 0 0 0
volume_proxy 492 0.871404789 -0.879368272 -0.00375687773 0 0 0
volume_proxy 493 -0.926830395 -0.920321568 0.00491193772 0 0 0
volume_proxy 495 -0.740897284 -0.373095199 0.00414548963 0 0 0
volume_proxy 497 -1.43461656 -0.977021154 0.00701977847 0 0 0
volume_proxy 499 1.2083989 -0.968133123 -0.00856354918 0 0 0
volume_proxy 502 0.916157725 -0.381498252 0.00322535726 0 0 0
volume_proxy 504 1.32405305 0.77986614 -0.00463540326 0 0 0
volume_proxy 510 -0.241730473 -0.598212552 0.00930058532 0 0 0
volume_proxy 512 0.236074329 -0.681372102 -0.0100032713 0 0 0
volume_proxy 513 0.565373646 -0.261593601 -0.00567187883 0 0 0
volume_proxy 518 1.20592985 -0.314398313 -0.00935217543 0 0 0
volume_proxy 526 1.05450411 0.935653914 -0.00203210307 0 0 0
volume_proxy 527 -0.563227373 -0.106398068 -0.00498454931 0 0 0
volume_proxy 531 0.111059096 0.632947547 0.00164011969 0 0 0
volume_proxy 533 -0.750495513 -0.770063892 -0.0105032639 0 0 0
volume_proxy 534 -0.620923973 -0.872849494 -0.00334796098 0 0 0
volume_proxy 537 -1.26197396 0.270061484 0.00862642882 0 0 0
volume_proxy 540 0.516751332 -0.593090337 0.00332695537 0 0 0
volume_proxy 544 0.741338879 0.843201451 0.00315440706 0 0 0
volume_proxy 546 -0.819195704 -0.184792537 -0.00373494577 0 0 0
volume_proxy 547 1.19636479 0.798455115 0.00606805602 0 0 0
volume_proxy 549 0.687992344 -0.905166035 0.00406734519 0 0 0
volume_proxy 550 0.29002862 -0.100234324 0.0046746527 0 0 0
volume_proxy 559 1.04207328 0.647137898 -0.00907252935 0 0 0
volume_proxy 561 0.935324249 0.467629523 0.00709273804 0 0 0
volume_proxy 563 -0.676147965 0.94543519 -0.00379806457 0 0 0
volume_proxy 565 -0.299896081 0.0605285377 0.00711494663 0 0 0
volume_proxy 568 -0.554646256 0.211991413 0.00922473276 0 0 0
volume_proxy 572 0.163919336 -0.647328112 -0.00493919363 0 0 0
volume_proxy 574 0.476785311 -0.322003045 -0.00857155331 0 0 0
volume_proxy 575 -1.23408574 0.862609656 0.000593329938 0 0 0
volume_proxy 578 -0.826031268 0.784137677 -0.00424751823 0 0 0
volume_proxy 579 -0.478431711 0.282712295 0.00848428728 0 0 0
volume_proxy 581 0.890985543 0.889460391 0.00626498898 0 0 0
volume_proxy 582 1.05789532 -0.332934202 0.00258597938 0 0 0
volume_proxy 590 1.36633396 0.0144269869 -0.00222306988 0 0 0
volume_proxy 591 -0.709650904 -0.0138328653 -0.00756273223 0 0 0
volume_proxy 594 -1.02832949 0.243502042 -0.00486606745 0 0 0
volume_proxy 595 1.00693486 0.572062027 -0.0104668477 0 0 0
volume_proxy 602 0.198011486 -0.0639246499 -0.00136892258 0 0 0
volume_proxy 603 0.19237176 -0.277130697 -0.010370835 0 0 0
volume_proxy 604 -0.995789232 0.177359179 0.00745837521 0 0 0
volume_proxy 606 -0.615274146 0.403473515 -0.00788916375 0 0 0
volume_proxy 608 -0.796139125 -0.732455468 -0.0094069274 0 0 0
volume_proxy 610 -1.27262516 -0.00187548113 0.00304472088 0 0 0
volume_proxy 615 1.26167774 -0.794278268 0.00873290638 0 0 0
volume_proxy 616 1.28941315 0.0655270462 0.00797598264 0 0 0
volume_proxy 624 0.763588145 0.954859782 0.00778867972 0 0 0
volume_proxy 626 1.26294671 0.110491035 -0.00696219233 0 0 0
volume_proxy 628 -0.136084349 -0.240896125 0.00583899052 0 0 0
volume_proxy 630 -0.942714945 -0.900922433 0.00857650139 0 0 0
volume_proxy 634 -0.968791948 0.458548105 0.00974635379 0 0 0
volume_proxy 637 -0.909056613 -0.991091717 -0.00775160538 0 0 0
volume_proxy 638 -0.636525989 0.742438483 0.000473838612 0 0 0
volume_proxy 642 0.952701516 -0.423589617 0.00937036465 0 0 0
volume_proxy 644 -0.358314461 0.822555236 0.00671204627 0 0 0
volume_proxy 647 -0.105829558 0.708202225 0.00410127738 0 0 0
volume_proxy 656 0.14727789 0.132828168 0.00349065961 0 0 0
volume_proxy 664 1.448071 -0.776556616 0.0071827189 0 0 0
volume_proxy 665 -0.810533342 -0.960337167 -0.00340626732 0 0 0
volume_proxy 666 -0.28833788 0.21910766 0.00756654456 0 0 0
volume_proxy 669 1.20654954 -0.175473288 0.00710848367 0 0 0
volume_proxy 675 -1.37101576 0.493212178 0.00823423399 0 0 0
volume_proxy 682 0.224817121 0.801090876 -0.00698198271 0 0 0
volume_proxy 691 1.14819173 -0.0544867502 -0.00357685476 0 0 0
volume_proxy 693 0.290621727 0.491923389 -0.00186279271 0 0 0
volume_proxy 696 1.06229843 -0.692736044 -0.00539348143 0 0 0
volume_proxy 698 -0.223638889 0.658961933 0.0064805739 0 0 0
volume_proxy 699 0.618785579 0.827608223 -0.0106204313 0 0 0
volume_proxy 700 0.795255789 -0.583805986 -0.0072955127 0 0 0
volume_proxy 701 -1.10060814 0.713345799 -1.78811344e-05 0 0 0
volume_proxy 702 -0.138128135 -0.0905957709 -0.00308240826 0 0 0
volume_proxy 703 -1.14756618 -0.360518973 -0.000152449299 0 0 0
volume_proxy 704 1.47999207 0.0135917521 -0.00189915814 0 0 0
volume_proxy 708 -1.25308469 0.288874008 -0.00360231575 0 0 0
volume_proxy 711 0.403496692 0.207847423 0.00413289969 0 0 0
volume_proxy 712 0.359071898 -0.353088747 0.00725865936 0 0 0
volume_proxy 720 1.4254264 0.875086201 -0.00690099401 0 0 0
volume_proxy 722 0.373173789 0.720401959 0.00549711736 0 0 0
volume_proxy 725 -0.944753874 -0.839593184 -0.00145081326 0 0 0
volume_proxy 731 -0.706745616 -0.512529457 0.00674571831 0 0 0
volume_proxy 740 0.264261427 0.446262287 0.00817642024 0 0 0
volume_proxy 751 0.172621934 -0.762394535 -0.010611228 0 0 0
volume_proxy 756 0.395962493 -0.156184442 0.0026531626 0 0 0
volume_proxy 757 -0.0230814752 0.651403001 0.00939637908 0 0 0
volume_proxy 762 -1.09477795 0.98635864 -0.00539467199 0 0 0
volume_proxy 765 0.546145653 0.96533896 0.00115726637 0 0 0
volume_proxy 780 -0.631500616 0.319559771 -0.00699285218 0 0 0
volume_proxy 781 -0.936181681 0.556376056 -0.0101560082 0 0 0
volume_proxy 784 1.37952438 0.441663722 0.00314923257 0 0 0
volume_proxy 788 -0.539346738 -0.0140782922 -0.00158929397 0 0 0
volume_proxy 790 0.259473938 -0.0372713883 -0.00809082012 0 0 0
volume_proxy 791 0.687632374 -0.562167277 0.00863266953 0 0 0
volume_proxy 794 0.637758282 0.827873643 -0.000581803871 0 0 0
volume_proxy 795 0.703522817 -0.848801307 0.00676636369 0 0 0
volume_proxy 796 -0.981540143 0.684155643 0.00131657449 0 0 0
volume_proxy 797 -1.39670053 -0.0713598822 -0.000832364223 0 0 0
volume_proxy 799 -1.39596434 0.00530351633 -0.0100192077 0 0 0
volume_proxy 800 -1.34482027 0.958739207 -0.00620533005 0 0 0
volume_proxy 802 0.0983269252 0.150712537 -0.00689043334 0 0 0
volume_proxy 804 0.394021774 0.802536553 0.00859177603 0 0 0
volume_proxy 810 0.863224688 0.160195246 0.00752637192 0 0 0
volume_proxy 811 0.68580113 0.558689456 0.00416630766 0 0 0
volume_proxy 812 0.953532478 0.651161311 -0.0096697661 0 0 0
volume_proxy 814 1.12124706 0.0831472269 -0.00946971705 0 0 0
volume_proxy 816 -1.07771195 -0.618141318 -0.00772579515 0 0 0
volume_proxy 822 0.303810998 -0.595296619 0.00470814365 0 0 0
volume_proxy 824 1.36022108 -0.554972338 0.00203050886 0 0 0
volume_proxy 825 1.32707855 0.979729346 0.00360034858 0 0 0
volume_proxy 827 1.47495209 0.391272533 0.0101666808 0 0 0
volume_proxy 829 1.02470125 0.986810047 -0.00880788427 0 0 0
volume_proxy 833 -0.577087253 0.114290071 0.00459917546 0 0 0
volume_proxy 835 -0.13200952 -0.964662788 0.0106787665 0 0 0
volume_proxy 837 0.112549531 -0.165288871 -0.00289495976 0 0 0
volume_proxy 839 0.102951183 -0.28877726 -0.0044720354 0 0 0
volume_proxy 843 -1.28953194 0.941197995 -0.00165507007 0 0 0
volume_proxy 846 1.38234367 0.128014224 0.00711794539 0 0 0
volume_proxy 848 -1.49752051 -0.0679359992 0.00901934873 0 0 0
volume_proxy 854 -0.242311562 0.867561091 0.00575037363 0 0 0
volume_proxy 855 -0.827535483 0.919778947 -0.00824341786 0 0 0
volume_proxy 856 1.05780786 0.26249152 0.00414967957 0 0 0
volume_proxy 859 0.508209658 0.362048363 -0.00548175742 0 0 0
volume_proxy 862 -0.459010423 -0.16930509 -0.00462724645 0 0 0
volume_proxy 864 -0.452221676 0.752926927 -0.0101104516 0 0 0
volume_proxy 865 -0.907556647 0.501103813 0.00909975876 0 0 0
volume_proxy 867 -1.12230305 0.0278569384 0.00642006684 0 0 0
volume_proxy 868 0.547830633 0.307389593 -0.00664374149 0 0 0
volume_proxy 869 1.10435775 0.985033107 0.00914305054 0 0 0
volume_proxy 873 0.777705078 -0.845973203 -0.00631991053 0 0 0
volume_proxy 874 0.691423864 0.633534302 -0.00772712941 0 0 0
volume_proxy 875 -0.334300045 -0.955513481 -0.0043137647 0 0 0
volume_proxy 876 -0.115811237 -0.759003287 0.00875376303 0 0 0
volume_proxy 878 1.40897443 -0.671401894 -0.00960845722 0 0 0
volume_proxy 883 -0.197553234 0.987269037 0.0039322675 0 0 0
volume_proxy 889 -1.42015043 0.719243227 0.00384673995 0 0 0
volume_proxy 890 0.866554858 0.866579213 -0.003586404 0 0 0
volume_proxy 891 -0.513027731 -0.752940691 0.00198775689 0 0 0
volume_proxy 894 1.45875838 -0.660476323 -0.00666673512 0 0 0
volume_proxy 896 1.05745615 0.276452826 -0.00545702371 0 0 0
volume_proxy 898 1.06280243 -0.309763154 0.00439504752 0 0 0
volume_proxy 902 0.146633579 0.872600271 -0.00273871949 0 0 0
volume_proxy 903 0.152768668 0.286580859 0.00368146242 0 0 0
volume_proxy 904 -1.01612722 0.417995962 0.00894715847 0 0 0
volume_proxy 906 1.22553887 0.44116598 -2.92970246e-05 0 0 0
volume_proxy 907 -0.785101418 -0.910161102 0.00962016239 0 0 0
volume_proxy 908 0.152992754 0.314232284 0.000326055199 0 0 0
volume_proxy 910 -1.37980217 0.348540292 0.0107931783 0 0 0
volume_proxy 911 1.45410361 0.311513443 0.0089334396 0 0 0
volume_proxy 912 1.32521166 0.267953541 -0.00741113828 0 0 0
volume_proxy 913 -1.09637851 -0.954154693 -0.00659859383 0 0 0
volume_proxy 914 0.201770639 -0.813597262 0.000200887104 0 0 0
volume_proxy 915 -0.280242922 -0.714171629 -0.0051777331 0 0 0
volume_proxy 916 -0.315189503 0.0117972646 -0.00681692258 0 0 0
volume_proxy 917 -0.413539376 0.0969905202 0.00360754863 0 0 0
volume_proxy 918 -0.525498843 0.14254155 0.0105514458 0 0 0
volume_proxy 924 -0.463292025 0.602038338 -0.00909478619 0 0 0
volume_proxy 926 -0.421492593 0.787893036 -0.0107970451 0 0 0
volume_proxy 929 -0.459486203 -0.505249435 -0.00269270786 0 0 0
volume_proxy 930 -0.600571089 -0.162131624 0.0058897231 0 0 0
volume_proxy 931 0.0206735419 0.145565397 0.00354340576 0 0 0
volume_proxy 935 -1.43487296 0.346486226 -0.00926656276 0 0 0
volume_proxy 936 -0.983763316 -0.634703242 0.00510786318 0 0 0
volume_proxy 938 0.667667449 0.316994333 -0.00682125551 0 0 0
volume_proxy 939 0.788081966 0.758852403 0.00593139611 0 0 0
volume_proxy 940 -0.0404604282 0.20556688 0.00692222013 0 0 0
volume_proxy 941 -1.07482996 0.815560369 0.00408870689 0 0 0
volume_proxy 942 0.651878861 -0.738705274 -0.00447836803 0 0 0
volume_proxy 943 -1.10581526 -0.74962347 -0.00725794334 0 0 0
volume_proxy 944 0.638134237 -0.855724159 -0.00161008261 0 0 0
volume_proxy 945 -0.961261698 0.48669874 0.00218694352 0 0 0
volume_proxy 948 -0.610410765 0.0593952339 -0.00174467948 0 0 0
volume_proxy 949 -0.808182311 -0.561157777 0.00542303738 0 0 0
volume_proxy 950 -1.46655504 0.974533918 0.0107991149 0 0 0
volume_proxy 952 -0.784750599 -0.808928022 0.00916416736 0 0 0
volume_proxy 953 -0.679414982 -0.917009353 -0.000171501133 0 0 0
volume_proxy 954 0.500917516 -0.34944898 -0.00374523502 0 0 0
volume_proxy 955 0.436167149 -0.314044835 -0.00917881316 0 0 0
volume_proxy 958 -1.31722909 0.363208109 -0.00826450783 0 0 0
volume_proxy 959 0.999368841 0.695363089 0.00219954901 0 0 0
volume_proxy 961 -0.943301801 0.880226072 -0.000731084825 0 0 0
volume_proxy 963 -0.35893711 0.511157964 0.00998041687 0 0 0
volume_proxy 964 0.721802602 0.798665715 -0.00314570154 0 0 0
volume_proxy 965 0.972389566 -0.655984305 -0.00878057235 0 0 0
volume_proxy 966 -0.609029696 0.723723051 0.00371589872 0 0 0
volume_proxy 968 0.306041971 -0.509998886 -0.00672656171 0 0 0
volume_proxy 969 -0.936377476 -0.125381146 0.00873590005 0 0 0
volume_proxy 971 0.860750398 0.452699248 0.00878681389 0 0 0
volume_proxy 972 0.494842162 -0.990128455 -0.00565606827 0 0 0
volume_proxy 973 0.00435752439 0.0373246954 0.00451188426 0 0 0
volume_proxy 974 0.925131334 -0.668519271 -0.00267855758 0 0 0
volume_proxy 977 -0.882855566 0.121649728 -0.00158792394 0 0 0
volume_proxy 978 -0.842521434 0.0535622679 -0.00480859462 0 0 0
volume_proxy 979 0.0301996221 0.761093708 0.00304166745 0 0 0
volume_proxy 980 -0.25325611 0.874326679 0.00697418342 0 0 0
volume_proxy 981 0.251716652 0.719908593 -0.00556903964 0 0 0
volume_proxy 983 1.17772982 -0.405283131 0.00712821743 0 0 0
volume_proxy 984 1.43434083 0.570175087 -0.00690314067 0 0 0
volume_proxy 985 -0.228929422 -0.861794265 -0.00154170789 0 0 0
volume_proxy 986 -0.435195128 -0.869316985 -0.0077198015 0 0 0
volume_proxy 987 -1.39076069 0.931948779 0.00586121907 0 0 0
volume_proxy 988 0.51384739 -0.886288895 0.00718226379 0 0 0
volume_proxy 989 0.490965928 -0.991036705 0.00258261953 0 0 0
volume_proxy 990 -1.04019988 -0.0513945439 0.00620145135 0 0 0
volume_proxy 991 -0.0318255494 -0.32789995 -0.00754274258 0 0 0
volume_proxy 992 -0.141274496 0.314851997 -0.00218736511 0 0 0
volume_proxy 993 -0.20769478 -0.0347895323 0.0100685555 0 0 0
volume_proxy 994 1.09731949 -0.494791818 0.00128822062 0 0 0
volume_proxy 995 1.33463899 -0.594589441 -0.000694088488 0 0 0
volume_proxy 996 -0.845344523 0.656581648 0.0070369486 0 0 0
volume_proxy 997 1.35628517 -0.188282712 -0.0101527442 0 0 0
volume_proxy 998 1.28214443 -0.293407765 -0.000896372278 0 0 0
volume_proxy 999 -0.935544829 -0.0277432095 0.000187911659 0 0 0
volume_proxy 1000 1.32092164 -0.616858752 0.00218825468 0 0 0
volume_proxy 1001 0.584679549 0.82462139 -0.0105448637 0 0 0
volume_proxy 1002 -1.29492501 0.575510776 0.00258542157 0 0 0
volume_proxy 1003 -0.398359953 -0.322268184 0.0100804017 0 0 0
volume_proxy 1004 -0.109175104 0.0221224939 -0.00740711277 0 0 0
volume_proxy 1005 1.32985699 -0.359562107 -0.000803600824 0 0 0
volume_proxy 1006 0.00633993228 -0.975133117 0.00332470466 0 0 0
volume_proxy 1007 -1.01838575 -0.771169649 0.00391852007 0 0 0
