volume_proxy 0 1.04233944 0.410041428 0.00162633585 0 0 0
volume_proxy 5 1.34582233 -0.676315427 0.00701606709 0 0 0
volume_proxy 6 -0.225559507 0.764870992 -0.00546067866 0 0 0
volume_proxy 11 1.33875235 0.614168014 -0.00686629492 0 0 0
volume_proxy 12 0.194273038 -0.656850944 -0.00517343352 0 0 0
volume_proxy 14 -0.839645106 0.811154136 -0.00430463374 0 0 0
volume_proxy 23 1.3725423 -0.768227456 -0.0035307394 0 0 0
volume_proxy 38 1.05391236 -0.275538851 0.00362325111 0 0 0
volume_proxy 40 -0.366453305 -0.256860961 -6.83042327e-05 0 0 0
volume_proxy 50 -0.829233175 -0.154101613 0.00357573177 0 0 0
volume_proxy 53 -0.626056138 0.679621094 -0.00818339417 0 0 0
volume_proxy 58 1.00793372 -0.769293552 -0.00344006646 0 0 0
volume_proxy 60 0.342452288 0.403879926 -0.00365643999 0 0 0
volume_proxy 85 -0.788090089 0.00104269161 0.0010040098 0 0 0
volume_proxy 97 1.1042973 0.824621054 -0.00113379557 0 0 0
volume_proxy 107 1.13682539 0.322978218 0.0063019744 0 0 0
volume_proxy 127 -1.22840267 -0.229931102 -0.00182672759 0 0 0
volume_proxy 130 0.672484863 0.525421588 -0.00149943075 0 0 0
volume_proxy 140 -0.106206411 0.0443810091 -0.0100919797 0 0 0
volume_proxy 157 1.12039951 -0.356517377 -0.0103449185 0 0 0
volume_proxy 159 0.865166792 0.512703217 -0.00961317347 0 0 0
volume_proxy 161 0.654015736 0.689265327 -0.00850948498 0 0 0
volume_proxy 176 0.518780534 -0.168557226 0.00567894967 0 0 0
volume_proxy 186 -1.20748836 0.149119206 -0.00357894666 0 0 0
volume_proxy 189 -1.00377838 0.929863437 0.00227570065 0 0 0
volume_proxy 195 0.134071463 -0.598102329 -0.00511321421 0 0 0
volume_proxy 196 0.727319572 0.173995845 0.0058596547 0 0 0
volume_proxy 200 -0.78355414 -0.992335588 -0.00849785079 0 0 0
volume_proxy 202 -0.298866294 0.92452967 -0.0047620395 0 0 0
volume_proxy 209 -1.22036842 -0.000482169037 0.00834169979 0 0 0
volume_proxy 210 -0.159134039 0.432990896 0.00788735269 0 0 0
volume_proxy 226 0.27777462 -0.964698078 0.00272508092 0 0 0
volume_proxy 236 0.878377938 0.94461715 0.00908981821 0 0 0
volume_proxy 247 1.46751521 0.717522231 0.008727463 0 0 0
volume_proxy 256 -1.28301594 0.98174351 -0.00361998478 0 0 0
volume_proxy 259 0.427719591 0.848628548 0.000908073859 0 0 0
volume_proxy 269 -0.810129211 -0.316271153 0.00399506317 0 0 0
volume_proxy 277 -1.14652463 -0.31894813 0.0026404477 0 0 0
volume_proxy 296 -0.790324865 -0.554363604 -0.0104709359 0 0 0
volume_proxy 305 0.0185945598 -0.0421677137 -0.00146115098 0 0 0
volume_proxy 310 -0.0912928925 -0.472913875 -0.00626295786 0 0 0
volume_proxy 344 -1.22986151 0.540640536 0.00209882748 0 0 0
volume_proxy 347 0.330276942 -0.0984659402 0.000940639766 0 0 0
volume_proxy 356 -0.123989017 0.758322891 0.00234640542 0 0 0
volume_proxy 375 1.05754748 -0.941181745 -0.000950195751 0 0 0
volume_proxy 388 0.643223643 0.148398529 -0.00535616343 0 0 0
volume_proxy 802 1.48993905 -0.358657226 -0.00826710811 0 0 0
volume_proxy 1052 -0.722340423 -0.866585407 -0.00165978277 0 0 0
volume_proxy 1066 0.225641495 0.156403649 -0.00317877397 0 0 0
volume_proxy 1120 -0.344309457 0.120576724 -0.00125368693 0 0 0
volume_proxy 1166 -0.552760948 0.295666616 0.00657234252 0 0 0
volume_proxy 1169 0.923762439 -0.877662001 0.00230195908 0 0 0
volume_proxy 1193 -1.14738287 -0.283559191 -0.003246951 0 0 0
volume_proxy 1225 -0.319845647 -0.079639648 0.00323401051 0 0 0
volume_proxy 1245 -1.23987148 0.191098562 -0.00559056064 0 0 0
volume_proxy 1280 -1.26160502 0.448618161 -0.000376508569 0 0 0
volume_proxy 1285 -0.979999523 0.0629236476 0.00491127274 0 0 0
volume_proxy 1295 -0.707623414 0.282848576 0.00408534396 0 0 0
volume_proxy 1296 0.586844715 -0.256883781 -0.00573127333 0 0 0
volume_proxy 1335 0.261342406 -0.752996068 0.00810253365 0 0 0
volume_proxy 1340 0.959264832 0.444653467 0.00794754355 0 0 0
volume_proxy 1380 0.224170016 0.584124903 0.006152407 0 0 0
volume_proxy 1386 0.107490427 0.182797193 0.00308706363 0 0 0
volume_proxy 1397 0.852590319 0.432510961 0.00282070418 0 0 0
volume_proxy 1409 0.117044179 0.98952089 -0.00803730618 0 0 0
volume_proxy 1413 1.48757809 0.406283549 -0.00579389983 0 0 0
volume_proxy 1420 -0.803056801 -0.336127264 -0.00296304452 0 0 0
volume_proxy 1422 0.640427533 -0.642045673 0.00269874717 0 0 0
volume_proxy 1429 0.79367132 -0.431254762 -0.000376127387 0 0 0
volume_proxy 1433 1.44522555 0.743036115 -0.00944754151 0 0 0
volume_proxy 1434 0.147094116 -0.733072893 0.0047830006 0 0 0
volume_proxy 1437 -0.00366690763 -0.0532927082 -0.00230003234 0 0 0
volume_proxy 1439 -0.0346903079 0.426206354 0.00933877476 0 0 0
volume_proxy 1447 0.404257004 -0.849251561 -0.00542790481 0 0 0
volume_proxy 1459 -0.415828958 0.336473071 -0.00401569788 0 0 0
volume_proxy 1460 1.19166994 0.842058947 -0.00408707331 0 0 0
volume_proxy 1461 -1.19636336 0.617437826 0.00667893222 0 0 0
volume_proxy 1466 -0.971366402 0.0482532512 0.00935204886 0 0 0
volume_proxy 1470 -1.02951257 -0.615111634 -0.00868763248 0 0 0
volume_proxy 1472 -1.12420233 0.551961555 -0.00440464615 0 0 0
volume_proxy 1474 1.0488871 -0.80818826 0.00933776549 0 0 0
volume_proxy 1481 1.07751051 0.986132834 -0.00986470476 0 0 0
volume_proxy 1482 0.920155742 -0.425573318 -0.00239809427 0 0 0
volume_proxy 1485 0.367280351 -0.991650787 -0.00176383759 0 0 0
volume_proxy 1486 1.02562293 -0.424206402 -0.00910663154 0 0 0
volume_proxy 1489 0.458849889 -0.2442049 0.00949667373 0 0 0
volume_proxy 1490 1.4803739 0.82244223 0.00946621156 0 0 0
volume_proxy 1492 0.422485255 0.43194762 0.0023501331 0 0 0
volume_proxy 1493 0.190670774 -0.129531219 -0.00408999714 0 0 0
volume_proxy 1494 0.959230773 0.258773177 -0.00300039335 0 0 0
volume_proxy 1496 -1.41557751 0.446195205 -0.00271614027 0 0 0
volume_proxy 1498 -0.804457153 0.313803376 0.0105616647 0 0 0
volume_proxy 1501 -0.662332512 -0.820244739 -0.00535300281 0 0 0
volume_proxy 1503 -0.0852742352 0.245549026 0.00659417561 0 0 0
volume_proxy 1506 0.231455619 0.99912362 0.00568046339 0 0 0
volume_proxy 1507 -1.113231 -0.315735454 -0.00150344746 0 0 0
volume_proxy 1508 -0.510113526 -0.818038961 0.00541449232 0 0 0
volume_proxy 1509 -1.4477659 0.686263123 0.000572277811 0 0 0
volume_proxy 1510 0.272041876 -0.785843859 0.00371647929 0 0 0
volume_proxy 1511 1.00646722 0.971537476 0.00384693775 0 0 0
volume_proxy 1513 -0.885168028 0.958155145 0.0103468282 0 0 0
volume_proxy 1515 0.94509684 0.245410574 0.00323821493 0 0 0
volume_proxy 1516 -0.498021921 -0.393229573 -0.00717129931 0 0 0
volume_proxy 1517 -0.635425629 -0.904597615 -0.00220591303 0 0 0
volume_proxy 1518 -0.935156809 -0.0420607793 0.00519912379 0 0 0
volume_proxy 1519 0.0319074945 -0.164263031 0.00472686529 0 0 0
volume_proxy 1520 -0.0296906901 -0.453885153 -0.00221242987 0 0 0
volume_proxy 1521 -0.481290991 0.345640065 0.0102242293 0 0 0
volume_proxy 1522 0.012437791 0.677577814 -0.00328914308 0 0 0
volume_proxy 1523 1.20557821 -0.356947938 0.00916876043 0 0 0
volume_proxy 1524 1.14796434 -0.418622486 0.00397537553 0 0 0
volume_proxy 1525 -1.04203911 0.423586617 0.00567238388 0 0 0
