volume_proxy 0 0.246882806 -0.387752858 0.00120065703 0 0 0
volume_proxy 6 -0.0832561022 0.511846152 0.00780448868 0 0 0
volume_proxy 11 1.06951039 0.806341817 -0.00712638631 0 0 0
volume_proxy 12 1.22011 -0.0285121962 0.0058538281 0 0 0
volume_proxy 14 -1.48986342 0.19878219 -0.00779215088 0 0 0
volume_proxy 23 0.274395585 -0.319380994 -0.00581093995 0 0 0
volume_proxy 38 -0.774683499 -0.944455736 0.00569780822 0 0 0
volume_proxy 40 -0.651465401 0.208094063 -0.00647935842 0 0 0
volume_proxy 50 -0.489096578 -0.0231814948 0.0098447815 0 0 0
volume_proxy 53 -1.33647157 0.768589551 -2.58666036e-05 0 0 0
volume_proxy 58 1.28405503 -0.748204039 -0.00370498647 0 0 0
volume_proxy 60 -0.0662007871 0.644490565 -0.00465681865 0 0 0
volume_proxy 85 -0.930704273 0.645549285 0.00749593693 0 0 0
volume_proxy 97 0.790816005 0.836987017 -0.000263807197 0 0 0
volume_proxy 107 0.671123823 -0.245822729 -0.00283003369 0 0 0
volume_proxy 127 -1.36133962 -0.835271917 0.00691765631 0 0 0
volume_proxy 130 0.866183338 -0.578308015 -0.00122739389 0 0 0
volume_proxy 140 -0.371985902 -0.0143561997 -0.0105680912 0 0 0
volume_proxy 157 0.333094813 -0.995582211 -0.0104385212 0 0 0
volume_proxy 159 1.40603058 0.38684997 -0.000172235136 0 0 0
volume_proxy 161 -0.124701081 0.0970355974 0.00333142265 0 0 0
volume_proxy 176 1.39826534 0.302656638 0.00849337936 0 0 0
volume_proxy 186 -0.640119259 -0.260399971 0.00922106793 0 0 0
volume_proxy 189 -0.12672117 0.101761641 -0.00901673927 0 0 0
volume_proxy 195 -1.36357319 -0.858684963 0.00924496083 0 0 0
volume_proxy 196 0.443360024 0.670045075 -0.0010110359 0 0 0
volume_proxy 200 -0.969495905 0.606230277 -0.00512011182 0 0 0
volume_proxy 202 0.0292807336 0.89807373 0.00965416104 0 0 0
volume_proxy 209 -0.828047383 0.0705715714 0.0010238958 0 0 0
volume_proxy 210 0.0875452969 0.723823574 -0.00920065511 0 0 0
volume_proxy 226 0.52785339 -0.893426953 0.00816574845 0 0 0
volume_proxy 236 1.13636969 -0.648989571 -0.00334821285 0 0 0
volume_proxy 247 0.889931364 0.626480054 -0.00243793811 0 0 0
volume_proxy 256 -0.653273338 0.780489235 -0.00575939127 0 0 0
volume_proxy 259 1.10705806 0.161977907 0.00901959796 0 0 0
volume_proxy 269 -0.843017776 -0.108157926 -0.0102939183 0 0 0
volume_proxy 277 -0.505343046 -0.448889232 -0.00788530656 0 0 0
volume_proxy 296 -1.18540736 0.415548182 -0.00508525327 0 0 0
volume_proxy 305 0.609341602 -0.451957941 0.00733687217 0 0 0
volume_proxy 310 0.369380266 0.424203298 -0.000379538987 0 0 0
volume_proxy 344 -1.38637793 -0.232773714 0.00481521403 0 0 0
volume_proxy 347 -0.224558509 0.423960058 -0.00181443443 0 0 0
volume_proxy 356 -0.275000051 0.170496665 -0.00879741141 0 0 0
volume_proxy 375 0.773277472 -0.348507083 -0.00173226165 0 0 0
volume_proxy 388 1.49226303 -0.61288895 -0.00867775772 0 0 0
volume_proxy 802 0.772101543 0.220638163 -0.000367260183 0 0 0
volume_proxy 1052 -1.47541219 -0.469765138 -0.00740916602 0 0 0
volume_proxy 1066 0.068011487 0.607464894 0.00464113784 0 0 0
volume_proxy 1120 -0.653854364 0.580682674 -0.00068828551 0 0 0
volume_proxy 1166 -1.06197353 -0.449023868 0.00815601283 0 0 0
volume_proxy 1193 -1.38243664 -0.645639702 0.00295100353 0 0 0
volume_proxy 1225 -1.02391519 -0.385820828 -0.00636694672 0 0 0
volume_proxy 1245 -1.39494503 0.166541111 -0.00696175684 0 0 0
volume_proxy 1280 -0.736661004 0.94195553 -0.00249246198 0 0 0
volume_proxy 1285 -1.28130706 0.577246005 -0.00502458841 0 0 0
volume_proxy 1295 0.824011063 -0.323188885 0.00603293771 0 0 0
volume_proxy 1296 0.025517016 -0.86262813 -2.62722412e-06 0 0 0
volume_proxy 1340 0.67299154 0.495325665 0.00574203936 0 0 0
volume_proxy 1380 -0.961761009 -0.11821881 -0.00541886828 0 0 0
volume_proxy 1386 1.35028378 0.293951279 -0.0107028249 0 0 0
volume_proxy 1397 0.527131191 0.774795741 -0.00760824562 0 0 0
volume_proxy 1409 -0.0545813955 0.310413911 0.00175780035 0 0 0
volume_proxy 1413 1.40761061 0.937589066 0.00688850687 0 0 0
volume_proxy 1422 0.610893323 -0.670799006 -0.00763038925 0 0 0
volume_proxy 1433 1.15723284 0.513308073 -0.000491673982 0 0 0
volume_proxy 1437 -0.0771857487 -0.412526493 -0.000518770645 0 0 0
volume_proxy 1459 -1.11164004 0.0433057103 -0.00806940786 0 0 0
volume_proxy 1460 -0.0569654239 0.925648891 -0.00745939549 0 0 0
volume_proxy 1461 -1.23214347 0.891779469 -0.00870388076 0 0 0
volume_proxy 1466 -0.489884653 0.410150309 -0.00291716853 0 0 0
volume_proxy 1472 -1.39618892 0.625563898 -0.0103668163 0 0 0
volume_proxy 1474 1.488578 -0.130492401 0.00873524184 0 0 0
volume_proxy 1481 0.441438767 0.526097737 0.00281771058 0 0 0
volume_proxy 1482 0.927033963 0.859340411 0.0057112168 0 0 0
volume_proxy 1485 0.304137871 -0.39041363 -0.0100288974 0 0 0
volume_proxy 1489 0.348890861 -0.791148855 -0.00808263173 0 0 0
volume_proxy 1490 0.642951657 0.980045904 9.57520614e-05 0 0 0
volume_proxy 1496 -1.39585415 0.716846236 0.00459310432 0 0 0
volume_proxy 1498 0.0183206945 0.237408175 0.00431054256 0 0 0
volume_proxy 1503 -1.27303186 -0.969741495 -0.00167427721 0 0 0
volume_proxy 1506 0.219862525 0.581377673 -0.00642466311 0 0 0
volume_proxy 1507 -1.24419006 -0.0522789667 -0.00495121917 0 0 0
volume_proxy 1508 -0.430250906 -0.0842135907 -0.00548629985 0 0 0
volume_proxy 1509 -1.19712671 -0.0947923255 0.00207883517 0 0 0
volume_proxy 1510 -0.0746235187 -0.989643682 0.00263954448 0 0 0
volume_proxy 1511 1.36911191 0.376750454 -0.00194041853 0 0 0
volume_proxy 1513 -1.25806905 0.689252694 -0.00902443537 0 0 0
volume_proxy 1515 0.759392018 -0.619487491 -0.00355226782 0 0 0
volume_proxy 1516 -0.0435348889 -0.953500686 -0.00689353195 0 0 0
volume_proxy 1517 -1.29886259 -0.300145798 -0.00296748427 0 0 0
volume_proxy 1519 -0.0428269598 -0.675175275 0.000467499189 0 0 0
volume_proxy 1520 0.230047172 -0.165166777 -0.000838706618 0 0 0
volume_proxy 1521 -1.26520678 -0.478493733 0.00974998905 0 0 0
volume_proxy 1523 0.377411211 -0.365329749 0.0103787699 0 0 0
volume_proxy 1525 -0.96841112 0.960854757 0.00185274275 0 0 0
volume_proxy 1526 1.06862817 -0.605430103 -0.00417677335 0 0 0
volume_proxy 1528 0.537563234 -0.610563905 -0.00667585734 0 0 0
volume_proxy 1529 -1.19307904 0.207260448 -0.00124227427 0 0 0
volume_proxy 1531 0.426756617 0.572364084 0.00305605082 0 0 0
volume_proxy 1533 1.23830265 0.00968726579 0.00786501495 0 0 0
volume_proxy 1534 0.360332163 0.40521668 -0.00344750998 0 0 0
volume_proxy 1535 0.88995524 0.526886494 -0.00275573594 0 0 0
volume_proxy 1536 -0.523955497 -0.616249305 -0.00650097181 0 0 0
volume_proxy 1537 -0.264263974 -0.939567109 -0.00196296517 0 0 0
volume_proxy 1538 1.33303798 0.0492093989 -0.00775292451 0 0 0
