volume_proxy 0 0.534571302 -0.0703808597 0.00247997887 0 0 0
volume_proxy 5 0.980969789 -0.669003855 -0.00175525857 0 0 0
volume_proxy 6 -0.365861498 -0.595265251 0.00701529585 0 0 0
volume_proxy 11 0.685821175 0.307294702 0.00919709955 0 0 0
volume_proxy 12 0.0712986889 -0.85942462 0.00812105026 0 0 0
volume_proxy 14 -0.776933857 0.131190812 0.00476820514 0 0 0
volume_proxy 23 0.603205676 -0.852429605 -0.00107413209 0 0 0
volume_proxy 38 0.54209331 0.665136407 0.00813776789 0 0 0
volume_proxy 40 -0.0433021414 -0.298635837 -0.000910189997 0 0 0
volume_proxy 50 -0.682301083 -0.614855189 -0.00339572528 0 0 0
volume_proxy 53 -0.614984518 0.702049794 -0.00331448386 0 0 0
volume_proxy 58 0.891493915 -0.961132181 -0.00745246771 0 0 0
volume_proxy 60 0.57539322 0.309689847 0.00578138496 0 0 0
volume_proxy 72 0.206844641 -0.318921361 0.00947820488 0 0 0
volume_proxy 85 -1.05114434 0.282219022 -0.00122864509 0 0 0
volume_proxy 97 0.93876613 0.0236297281 0.00452518952 0 0 0
volume_proxy 107 1.36643148 0.553230242 -0.00545734767 0 0 0
volume_proxy 127 -1.36428757 0.000359657449 0.00715328263 0 0 0
volume_proxy 130 1.07226591 0.276690214 -0.00813036267 0 0 0
volume_proxy 140 -0.232469202 0.668896221 -0.00887047943 0 0 0
volume_proxy 157 0.848774525 0.00800879433 -0.00428255046 0 0 0
volume_proxy 159 0.131000658 0.881558448 0.00028010581 0 0 0
volume_proxy 161 0.854685422 0.381829417 -0.00408041454 0 0 0
volume_proxy 176 0.327822797 0.366355152 0.00342449745 0 0 0
volume_proxy 186 -1.06327408 0.209360298 0.00579940411 0 0 0
volume_proxy 189 -1.32314907 0.791671297 -0.000321488676 0 0 0
volume_proxy 195 -0.545543382 -0.701900855 -0.00299644546 0 0 0
volume_proxy 196 0.737496291 -0.547862493 -0.00334298376 0 0 0
volume_proxy 200 -0.473138512 -0.917725004 -0.010717829 0 0 0
volume_proxy 202 -1.09371977 0.600073433 -0.00459703621 0 0 0
volume_proxy 209 -1.17734659 0.0704037756 -0.00698720526 0 0 0
volume_proxy 210 -0.960486951 0.613038118 -0.00293003969 0 0 0
volume_proxy 226 0.35346267 -0.683965257 0.00879572271 0 0 0
volume_proxy 236 1.36652855 0.763954949 0.00920733019 0 0 0
volume_proxy 247 1.16781737 0.658300982 0.00641136268 0 0 0
volume_proxy 256 -0.494216799 0.375887025 0.00180880413 0 0 0
volume_proxy 259 0.490714377 0.534923272 -0.00318203277 0 0 0
volume_proxy 269 -0.173615018 -0.336350152 -0.00492894804 0 0 0
volume_proxy 277 -1.33483085 -0.00476491054 0.00793060079 0 0 0
volume_proxy 296 -0.0849260382 -0.716668972 0.00771939686 0 0 0
volume_proxy 305 0.24009896 -0.506387037 0.00693421089 0 0 0
volume_proxy 310 1.00564225 -0.605855006 -0.00939431944 0 0 0
volume_proxy 344 -1.14551543 0.391310722 -0.00399020084 0 0 0
volume_proxy 347 -0.532707319 0.155651371 0.00659763443 0 0 0
volume_proxy 349 -1.10568002 -0.183719128 0.00745703524 0 0 0
volume_proxy 356 0.194061686 0.884308584 -0.00461621835 0 0 0
volume_proxy 375 0.356753868 -0.588898768 0.00336079307 0 0 0
volume_proxy 388 -0.184364711 0.477853388 -0.00039963549 0 0 0
volume_proxy 802 1.16414518 0.511287446 0.00764669915 0 0 0
volume_proxy 876 0.172247688 -0.315400147 0.00176218038 0 0 0
volume_proxy 1052 -0.452408071 -0.846795932 0.00132982235 0 0 0
volume_proxy 1066 0.512351659 0.752533819 0.00576745594 0 0 0
volume_proxy 1120 -0.561049466 0.624060161 0.00741122586 0 0 0
volume_proxy 1166 -0.416318855 0.690578827 0.0102766333 0 0 0
volume_proxy 1169 0.968797868 -0.703141712 0.000502225981 0 0 0
volume_proxy 1186 -0.937626085 -0.141338334 0.00567743863 0 0 0
volume_proxy 1193 -0.832312427 -0.418673901 0.00222147967 0 0 0
volume_proxy 1225 -0.151963091 -0.227293405 0.00209652105 0 0 0
volume_proxy 1245 -1.48995032 0.664896282 0.0030785659 0 0 0
volume_proxy 1280 -1.09050667 0.478697101 -0.0085990197 0 0 0
volume_proxy 1285 -0.921345218 0.607219255 -0.00301240768 0 0 0
volume_proxy 1295 -0.506601543 0.562290265 -0.0023540085 0 0 0
volume_proxy 1296 0.121032034 0.0140411298 -0.00652887511 0 0 0
volume_proxy 1335 0.664294036 -0.820104401 -0.00194031506 0 0 0
volume_proxy 1340 1.16396265 0.131454866 -0.0103611589 0 0 0
volume_proxy 1380 -0.28256628 0.180929908 0.00498315569 0 0 0
volume_proxy 1386 -0.0186639829 0.676617935 0.00952063147 0 0 0
volume_proxy 1397 1.04938191 0.588463199 0.00812393597 0 0 0
volume_proxy 1409 0.635239588 0.96750255 -0.00833866065 0 0 0
volume_proxy 1413 1.07610536 0.447858422 0.00124531058 0 0 0
volume_proxy 1420 -1.36767543 -0.161232326 -0.00260498115 0 0 0
volume_proxy 1421 -1.2312229 -0.251493253 0.00747973172 0 0 0
volume_proxy 1422 1.31636432 -0.88086704 -0.00733751369 0 0 0
volume_proxy 1426 0.744622933 0.0877133182 -0.00313752173 0 0 0
volume_proxy 1429 1.14618889 -0.161559351 0.000350156776 0 0 0
volume_proxy 1433 1.39719669 0.578129457 -0.00945920205 0 0 0
volume_proxy 1434 0.012405473 -0.717247167 -0.00129323166 0 0 0
volume_proxy 1437 -0.164773074 0.00543723681 -0.00516326097 0 0 0
volume_proxy 1439 -0.468885475 0.634326201 0.00815782121 0 0 0
volume_proxy 1440 1.02740636 -0.588302444 0.00876907603 0 0 0
volume_proxy 1444 -0.619084128 -0.993250887 -0.00305072863 0 0 0
volume_proxy 1445 0.0803038628 -0.830488284 0.00203169641 0 0 0
volume_proxy 1447 0.873816914 -0.854167264 0.0039551499 0 0 0
volume_proxy 1459 -0.764794887 0.37563707 0.00734793878 0 0 0
volume_proxy 1460 0.933406489 -0.0720517772 -0.000315826799 0 0 0
volume_proxy 1461 -1.30582684 0.435588658 0.000213324977 0 0 0
volume_proxy 1462 -0.891000687 -0.149475341 0.000844457992 0 0 0
volume_proxy 1466 -0.453919571 -0.603085666 0.000108735568 0 0 0
volume_proxy 1470 -1.49410658 -0.60901893 0.00570804089 0 0 0
volume_proxy 1471 -0.0860010625 0.516226665 0.00631237598 0 0 0
volume_proxy 1472 -0.858986472 0.375279649 -0.00767727781 0 0 0
volume_proxy 1474 0.698678141 -0.417811543 0.0106757365 0 0 0
volume_proxy 1481 1.27110101 0.608438307 0.00636813181 0 0 0
volume_proxy 1482 0.826372168 -0.807380168 -0.00510392431 0 0 0
volume_proxy 1485 0.489761042 -0.494035077 0.00911746743 0 0 0
volume_proxy 1486 1.18620615 -0.547753387 -0.00578109893 0 0 0
volume_proxy 1489 -0.660178981 0.357902994 -0.0078607747 0 0 0
volume_proxy 1490 1.09684144 0.657939347 -0.00948352573 0 0 0
volume_proxy 1492 0.218166165 0.606921295 -0.0100188771 0 0 0
volume_proxy 1493 0.0816179003 0.414163228 -0.00577635873 0 0 0
volume_proxy 1494 1.19256695 0.567048368 0.00837513024 0 0 0
volume_proxy 1496 -1.23076202 0.43933058 0.00039721755 0 0 0
volume_proxy 1497 -0.0273540721 -0.0349787409 -0.00120449547 0 0 0
volume_proxy 1498 -1.22200585 0.490985247 -0.0040212674 0 0 0
volume_proxy 1501 -0.905135565 -0.915282041 0.0102172513 0 0 0
volume_proxy 1502 -0.977980655 -0.917898621 0.00608130071 0 0 0
volume_proxy 1503 -0.389400835 -0.173494972 0.00340276495 0 0 0
volume_proxy 1505 -0.16422241 0.992560171 9.09432364e-05 0 0 0
volume_proxy 1506 0.312807491 0.651644944 -0.0064537021 0 0 0
volume_proxy 1507 -1.0629859 -0.648943264 0.00161433405 0 0 0
volume_proxy 1508 -0.515440478 -0.970875085 0.00140100101 0 0 0
volume_proxy 1509 -1.34701844 0.692150307 0.0101275945 0 0 0
volume_proxy 1510 0.494992388 -0.480985787 0.0105291857 0 0 0
volume_proxy 1511 1.10151149 0.389581253 0.00499331754 0 0 0
volume_proxy 1512 -0.998181754 0.330733283 0.00354467111 0 0 0
volume_proxy 1513 -0.652290359 0.928131383 0.00445862295 0 0 0
volume_proxy 1514 -0.930383795 0.316515813 0.000214612696 0 0 0
volume_proxy 1515 0.318550083 0.457749858 -0.00327159752 0 0 0
