volume_proxy 0 1.34258025 -0.037722043 0.0093426142 0 0 0
volume_proxy 4 1.23816362 0.874748532 -0.00517696144 0 0 0
volume_proxy 5 0.0159054476 0.667272226 -0.000187445611 0 0 0
volume_proxy 6 1.38789595 0.588983362 -0.00446496088 0 0 0
volume_proxy 11 0.119533375 0.844564897 0.00906781903 0 0 0
volume_proxy 12 0.709585253 -0.210119247 -0.0013030727 0 0 0
volume_proxy 14 0.545971387 0.646173491 0.0095257043 0 0 0
volume_proxy 23 -0.511791984 0.0495950175 -0.00856678717 0 0 0
volume_proxy 38 0.454261828 -0.449763117 -0.00100455882 0 0 0
volume_proxy 40 -0.379942752 -0.300576402 -0.00255478643 0 0 0
volume_proxy 50 -0.267512321 -0.775867601 -0.00407635041 0 0 0
volume_proxy 52 -1.41573461 -0.632066378 0.0028948915 0 0 0
volume_proxy 53 -0.172492536 -0.565219401 -0.0104575508 0 0 0
volume_proxy 58 0.948533122 -0.397097507 -0.00146269646 0 0 0
volume_proxy 60 -0.405429867 0.670406149 0.00372436485 0 0 0
volume_proxy 61 -0.827485246 -0.827945885 0.00856286316 0 0 0
volume_proxy 69 -0.575096011 0.00528299706 0.00687923632 0 0 0
volume_proxy 72 0.677368703 0.226441377 -0.00246747128 0 0 0
volume_proxy 81 -1.0756654 0.0709713916 0.0100472536 0 0 0
volume_proxy 85 -0.755853201 0.0418127863 0.00693814964 0 0 0
volume_proxy 88 -0.93490463 0.35473846 -0.00675333912 0 0 0
volume_proxy 97 1.18457372 -0.281270089 0.00163699811 0 0 0
volume_proxy 101 -1.45575654 0.561149562 0.000413495147 0 0 0
volume_proxy 105 -0.230351228 -0.318953966 -0.00884487416 0 0 0
volume_proxy 106 -0.746239077 -0.836483301 0.00779617732 0 0 0
volume_proxy 107 0.511567084 0.451344874 -0.00582933407 0 0 0
volume_proxy 108 1.252114 -0.046484092 -0.00579547506 0 0 0
volume_proxy 126 -0.180952922 -0.955753285 -0.00354055598 0 0 0
volume_proxy 127 -0.532534481 0.202454656 0.000692173028 0 0 0
volume_proxy 130 1.32204058 0.416722258 -0.0105601528 0 0 0
volume_proxy 132 0.619754981 0.655241563 0.00753450317 0 0 0
volume_proxy 135 -0.0839290564 -0.861474884 0.00759815588 0 0 0
volume_proxy 140 -0.675406602 0.930970855 -0.00282645967 0 0 0
volume_proxy 145 -1.14636624 -0.606429871 0.00724243192 0 0 0
volume_proxy 157 0.68809653 -0.137205204 0.000556453526 0 0 0
volume_proxy 159 -0.720429694 -0.640271745 0.0016852931 0 0 0
volume_proxy 161 -0.292051685 0.284033585 0.000819395565 0 0 0
volume_proxy 163 -0.858832768 -0.0405404719 0.00190394315 0 0 0
volume_proxy 169 0.82239523 0.738384462 0.00612363498 0 0 0
volume_proxy 176 0.204861055 -0.100424854 0.00262565565 0 0 0
volume_proxy 178 -1.20095184 0.565908162 -0.00940171014 0 0 0
volume_proxy 186 -0.471762631 0.200238859 8.10163678e-05 0 0 0
volume_proxy 189 -1.21629874 0.584856636 -0.00659366914 0 0 0
volume_proxy 195 -0.461553468 0.16473267 -0.00734431706 0 0 0
volume_proxy 196 0.573150009 0.176067036 -0.00910745175 0 0 0
volume_proxy 198 1.26957901 -0.855492524 -0.00604559724 0 0 0
volume_proxy 200 -1.16221892 -0.25717382 -0.00986002332 0 0 0
volume_proxy 202 -0.571347487 0.962190926 -0.00305667827 0 0 0
volume_proxy 209 -0.702696751 -0.868594354 -0.00273606318 0 0 0
volume_proxy 210 0.0246727002 0.290649438 -0.00317865038 0 0 0
volume_proxy 224 1.17801695 -0.744225861 -0.00118915016 0 0 0
volume_proxy 226 -0.903486741 -0.915930685 0.00815774939 0 0 0
volume_proxy 228 -0.133316193 0.393953044 0.00558006668 0 0 0
volume_proxy 236 0.176490706 0.0149046466 -0.0102205943 0 0 0
volume_proxy 237 0.505367557 0.781974693 0.00556446345 0 0 0
volume_proxy 244 0.976322774 0.140773833 0.00660349039 0 0 0
volume_proxy 247 1.24279476 -0.342362854 -0.00464989304 0 0 0
volume_proxy 251 0.739265277 0.134832883 0.00417627162 0 0 0
volume_proxy 256 -0.276894603 -0.6221851 0.0039452787 0 0 0
volume_proxy 257 -0.340128579 0.725295181 0.00546677456 0 0 0
volume_proxy 258 0.572474233 -0.19092871 -0.0044438325 0 0 0
volume_proxy 259 0.82191267 0.536387047 -0.00510121624 0 0 0
volume_proxy 269 1.01576626 0.19562008 -0.0027737552 0 0 0
volume_proxy 271 -1.40168302 0.980236311 -0.00231380174 0 0 0
volume_proxy 273 1.23949253 0.24856814 0.00227958116 0 0 0
volume_proxy 276 0.721538409 -0.218636098 0.00602816599 0 0 0
volume_proxy 277 -0.44398208 -0.83354293 0.00167220559 0 0 0
volume_proxy 279 0.0846938574 -0.385697409 0.000570176039 0 0 0
volume_proxy 294 -0.122930128 0.53330253 0.0025558552 0 0 0
volume_proxy 296 0.0935570533 -0.637001338 -0.00517094869 0 0 0
volume_proxy 298 1.0470679 -0.724606608 -0.0104534106 0 0 0
volume_proxy 305 0.300993494 0.0479127543 -0.00472758506 0 0 0
volume_proxy 310 0.751847181 0.418590617 0.00376335925 0 0 0
volume_proxy 311 0.813342066 -0.716139778 0.00606953394 0 0 0
volume_proxy 314 -0.416807243 0.358337652 -0.00897625294 0 0 0
volume_proxy 321 0.196598725 -0.581918815 -0.00337564202 0 0 0
volume_proxy 329 -0.689090435 0.606438959 0.00668997346 0 0 0
volume_proxy 337 -1.44272824 0.65742811 0.00401416794 0 0 0
volume_proxy 344 0.673041789 0.763287397 0.006420425 0 0 0
volume_proxy 345 -0.924730449 0.181200936 -0.00636316679 0 0 0
volume_proxy 347 -0.137471554 -0.491204485 0.00405187328 0 0 0
volume_proxy 349 0.494908597 -0.153582337 0.00778281568 0 0 0
volume_proxy 356 0.0187998891 0.917557796 -0.000462330834 0 0 0
volume_proxy 358 1.40831557 0.871320331 0.00265010699 0 0 0
volume_proxy 370 1.14485958 0.554344026 -0.00116059905 0 0 0
volume_proxy 375 0.792690525 -0.0893838777 0.0098121207 0 0 0
volume_proxy 377 0.490735915 0.545469059 0.0065985351 0 0 0
volume_proxy 388 -1.07867743 -0.0874523388 -0.000822741962 0 0 0
volume_proxy 393 1.43933354 -0.437635526 0.00130104626 0 0 0
volume_proxy 396 -0.665859115 0.841248853 -0.00682303906 0 0 0
volume_proxy 397 0.406278227 -0.146226819 -0.00680700382 0 0 0
volume_proxy 399 0.849461655 -0.704944299 0.000191346458 0 0 0
volume_proxy 409 -0.226530941 -0.463616734 0.00438424763 0 0 0
volume_proxy 412 1.17570854 -0.580224984 -0.00112300091 0 0 0
volume_proxy 418 -0.966736472 -0.076926302 -0.00216159381 0 0 0
volume_proxy 431 -1.07225938 -0.717503308 0.00708354563 0 0 0
volume_proxy 497 -0.976163674 -0.425398802 -0.0057060133 0 0 0
volume_proxy 502 0.886154997 -0.866920934 0.00337263616 0 0 0
volume_proxy 512 0.251776386 -0.801210684 -0.00468530883 0 0 0
volume_proxy 513 0.665230196 -0.125309792 -0.0103494131 0 0 0
volume_proxy 518 1.38105609 -0.676504605 -0.00773555974 0 0 0
volume_proxy 591 -0.578871753 0.926282011 -0.00112802171 0 0 0
volume_proxy 615 1.27148145 0.237677747 0.00106767604 0 0 0
volume_proxy 616 0.995341287 0.617817618 -0.00976008807 0 0 0
volume_proxy 637 -1.26058211 -0.698465009 0.00773731815 0 0 0
volume_proxy 647 -0.302786901 0.940239736 0.00339069258 0 0 0
volume_proxy 669 0.850250277 -0.47654739 -0.00814147733 0 0 0
volume_proxy 682 0.152966712 0.143404375 -0.00853374861 0 0 0
volume_proxy 725 -1.46626498 -0.832256973 -0.00593782877 0 0 0
volume_proxy 751 0.177797919 -0.618427258 -0.00848544921 0 0 0
volume_proxy 797 -0.952270446 -0.44386873 0.00589037431 0 0 0
volume_proxy 802 1.04690163 -0.267209196 0.00690374344 0 0 0
volume_proxy 814 0.923357595 -0.380243577 -0.00651844433 0 0 0
volume_proxy 835 -0.323487922 -0.783838552 0.00730798542 0 0 0
volume_proxy 848 -1.1547589 -0.415048362 0.0020399202 0 0 0
volume_proxy 856 1.26922848 0.175995701 0.00363276523 0 0 0
volume_proxy 876 -0.306422071 -0.316299263 -0.00713970286 0 0 0
volume_proxy 883 0.214687762 0.695992924 0.00792626448 0 0 0
volume_proxy 902 0.245483849 -0.044721844 0.00133349143 0 0 0
volume_proxy 903 0.254539016 0.419078094 -0.0080301232 0 0 0
volume_proxy 904 -0.893060627 0.435276391 0.00565052544 0 0 0
volume_proxy 914 0.502872693 -0.859105717 -0.00626153726 0 0 0
volume_proxy 915 -0.799334202 0.0305224877 -0.00825545399 0 0 0
volume_proxy 926 -0.452355459 0.416974374 0.00949410919 0 0 0
volume_proxy 929 -0.837370624 -0.48823131 0.00689058342 0 0 0
volume_proxy 944 0.781903056 -0.796865297 -0.00866820241 0 0 0
volume_proxy 969 -0.581641727 -0.108400718 -0.00397431429 0 0 0
volume_proxy 974 -0.208007584 -0.598646773 -0.00399130321 0 0 0
volume_proxy 979 -0.00510049398 0.534879836 -0.00135879118 0 0 0
volume_proxy 983 1.10833621 -0.245936923 -0.00574693913 0 0 0
volume_proxy 991 -0.780641606 -0.46826397 0.00553993457 0 0 0
volume_proxy 992 0.249195922 0.260281977 -0.0011985661 0 0 0
volume_proxy 997 1.34699481 -0.0646114893 -0.00354937783 0 0 0
volume_proxy 1001 0.24770408 0.759597023 -0.000787308684 0 0 0
volume_proxy 1020 -0.993410573 0.55124316 -0.00102484887 0 0 0
volume_proxy 1021 -0.9158071 -0.877360435 -0.00974474645 0 0 0
volume_proxy 1031 1.14230664 -0.521137799 0.0022434181 0 0 0
volume_proxy 1033 0.936586928 0.957979318 0.00272745031 0 0 0
volume_proxy 1035 0.713166101 -0.909801846 0.00859315965 0 0 0
volume_proxy 1036 0.458719612 0.416211946 0.00630001151 0 0 0
volume_proxy 1040 -1.12934549 -0.749496732 0.00744100672 0 0 0
volume_proxy 1042 1.04709987 0.951755228 -0.00556158872 0 0 0
volume_proxy 1050 -0.792131418 -0.395567054 0.00216042444 0 0 0
volume_proxy 1052 -0.639017332 0.220759679 -0.000241196125 0 0 0
volume_proxy 1062 0.258242114 0.367140291 -0.00752824002 0 0 0
volume_proxy 1066 0.800749055 0.343800843 0.0101809184 0 0 0
volume_proxy 1069 -0.863281443 -0.340521086 0.0016624187 0 0 0
volume_proxy 1078 -1.29253851 0.900971267 0.00406113591 0 0 0
volume_proxy 1086 0.201791109 -0.286656017 0.00068242273 0 0 0
volume_proxy 1093 -0.124317569 -0.383721107 -0.0107410244 0 0 0
volume_proxy 1098 0.131742266 0.815068852 -0.00384897152 0 0 0
volume_proxy 1102 1.20245824 0.403650786 -0.00806248852 0 0 0
volume_proxy 1106 0.652120146 -0.773400308 0.00887053483 0 0 0
volume_proxy 1110 0.888720309 -0.611164616 -0.000470546369 0 0 0
volume_proxy 1113 1.37648629 0.680244502 -0.000261288266 0 0 0
volume_proxy 1114 -0.500748038 0.0253426537 0.00553784436 0 0 0
volume_proxy 1117 0.792708745 0.0713912358 0.00983740794 0 0 0
volume_proxy 1118 0.172437276 -0.656752149 -0.00470478972 0 0 0
volume_proxy 1120 -0.086914986 0.40361759 -0.00204072956 0 0 0
volume_proxy 1123 -1.26555488 0.883910837 -0.00158101219 0 0 0
volume_proxy 1127 0.411892304 0.380655682 -0.00270282385 0 0 0
volume_proxy 1130 -0.329079097 -0.0637271336 -0.0103593792 0 0 0
volume_proxy 1133 1.20584494 -0.985096008 -0.00444649284 0 0 0
volume_proxy 1134 0.483996066 0.47802836 -0.0049725704 0 0 0
volume_proxy 1137 -0.831334913 0.00561186114 0.0103924244 0 0 0
volume_proxy 1138 1.40559588 -0.646840432 -0.00455418817 0 0 0
volume_proxy 1143 -0.579264266 0.313647839 0.00728200696 0 0 0
volume_proxy 1145 -0.897411305 -0.662012818 0.0072350785 0 0 0
volume_proxy 1147 0.0648077761 0.152516649 0.00721494474 0 0 0
volume_proxy 1149 -0.585700949 -0.0172916961 -0.00623482357 0 0 0
volume_proxy 1151 0.5142111 -0.942936523 -0.00543590171 0 0 0
volume_proxy 1157 0.0677423065 0.402539626 0.00494450249 0 0 0
volume_proxy 1161 0.747105593 -0.830848589 0.00674356016 0 0 0
volume_proxy 1165 -0.214803224 -0.948045804 -0.00960382704 0 0 0
volume_proxy 1166 -1.40943493 0.339947919 0.00479298529 0 0 0
volume_proxy 1168 -0.110700419 -0.845044132 -0.00278466236 0 0 0
volume_proxy 1169 1.46229993 -0.508807073 -0.00187673015 0 0 0
volume_proxy 1170 -1.2170848 -0.247178274 -0.0011177367 0 0 0
volume_proxy 1171 -0.566783683 0.0974918412 -0.00398714838 0 0 0
volume_proxy 1172 -0.317843463 0.240354348 5.29649423e-05 0 0 0
volume_proxy 1174 0.130692391 0.379028628 0.0083759144 0 0 0
volume_proxy 1179 0.668702914 0.205464452 0.00212764026 0 0 0
volume_proxy 1180 -0.799973702 0.489314192 0.00947312236 0 0 0
volume_proxy 1182 0.232480501 0.885383191 0.00961158624 0 0 0
volume_proxy 1186 -0.359634021 -0.209770618 0.00263632058 0 0 0
volume_proxy 1191 1.37256962 0.898016365 0.0059026888 0 0 0
volume_proxy 1193 -1.05014691 0.118412718 -0.00318684529 0 0 0
volume_proxy 1195 -1.48230628 -0.520930343 -0.00935819917 0 0 0
volume_proxy 1197 -1.01389724 -0.773322677 0.00724373559 0 0 0
volume_proxy 1198 0.116826169 0.467071139 -0.0033808097 0 0 0
volume_proxy 1199 0.0842380488 -0.159142589 0.0056648002 0 0 0
volume_proxy 1204 0.153168058 -0.636413904 -0.00851232912 0 0 0
volume_proxy 1206 1.11106594 0.417062757 0.00795942876 0 0 0
volume_proxy 1208 -0.28324961 -0.106326226 0.00243948201 0 0 0
volume_proxy 1209 -1.25617194 0.281129259 0.0104901375 0 0 0
volume_proxy 1210 -1.38148893 0.789376828 -0.00473442063 0 0 0
volume_proxy 1214 -0.422434458 0.0489696201 0.00557254028 0 0 0
volume_proxy 1217 -0.536327639 0.661145296 -0.00160109363 0 0 0
volume_proxy 1219 -0.765641395 0.0585630174 0.00892024805 0 0 0
volume_proxy 1220 0.500699999 0.154328839 0.00496581403 0 0 0
volume_proxy 1221 1.1248282 -0.211567534 0.0080104983 0 0 0
volume_proxy 1223 1.21807941 0.489482219 -0.00236010831 0 0 0
volume_proxy 1224 -0.338650585 0.967017862 0.00469044922 0 0 0
volume_proxy 1225 -0.292453339 -0.0934804683 0.00624520554 0 0 0
volume_proxy 1227 -0.622843412 0.799826983 0.00151707606 0 0 0
volume_proxy 1228 0.879263876 0.981415452 0.00241752744 0 0 0
volume_proxy 1229 1.38234611 0.880853404 0.00373192281 0 0 0
volume_proxy 1230 1.2563642 -0.779338327 0.0072436906 0 0 0
volume_proxy 1231 -0.8890852 -0.184171511 -0.0106668138 0 0 0
volume_proxy 1236 -0.24161629 0.00261143229 -0.000672818867 0 0 0
volume_proxy 1237 0.689599959 0.944680122 0.00935660469 0 0 0
volume_proxy 1238 0.534405234 0.779185301 -0.00269960481 0 0 0
volume_proxy 1240 1.15147721 0.676754849 0.00965204862 0 0 0
volume_proxy 1241 -0.33503225 -0.0979470326 0.00229366458 0 0 0
volume_proxy 1243 -0.821085809 -0.935675128 -0.00916830324 0 0 0
volume_proxy 1245 -1.43006932 0.519260716 0.00530129311 0 0 0
volume_proxy 1247 -1.12846055 0.530247642 0.000616687491 0 0 0
volume_proxy 1248 1.02285706 0.172572453 -0.00129754795 0 0 0
volume_proxy 1252 0.600651839 -0.815954429 0.00676196204 0 0 0
volume_proxy 1253 -0.833184425 0.0849623767 -0.0102548421 0 0 0
volume_proxy 1254 0.66843103 -0.860985206 -0.00288096129 0 0 0
volume_proxy 1255 0.901559235 -0.658142187 0.00839627052 0 0 0
volume_proxy 1256 -0.68010075 -0.640544811 -0.00236168194 0 0 0
volume_proxy 1257 0.248874235 -0.597936621 0.00727106217 0 0 0
volume_proxy 1258 1.06063205 0.647379949 -0.00760254319 0 0 0
volume_proxy 1259 -0.942836937 0.934383321 0.00447920523 0 0 0
volume_proxy 1260 0.751424417 0.642252074 -0.00512487433 0 0 0
volume_proxy 1261 -0.60039964 0.974810295 1.46154084e-05 0 0 0
volume_proxy 1262 0.72793136 0.140204423 0.00798308652 0 0 0
volume_proxy 1263 0.711236344 0.0399818036 0.00696288121 0 0 0
volume_proxy 1264 0.0956929433 -0.430081855 0.000969137274 0 0 0
volume_proxy 1265 0.254444864 0.301849694 -0.00269543638 0 0 0
volume_proxy 1267 -1.17112601 -0.395745136 -0.0024373396 0 0 0
volume_proxy 1269 0.162856067 -0.333065043 -0.00401462577 0 0 0
volume_proxy 1270 0.43911081 -0.305173699 0.00552917447 0 0 0
volume_proxy 1271 -1.24383533 -0.463436037 -0.00612230579 0 0 0
volume_proxy 1272 0.417885077 0.0988178902 -0.00888100029 0 0 0
volume_proxy 1273 -0.779566069 0.970577682 -0.00178576166 0 0 0
volume_proxy 1275 -1.34850403 0.796528622 0.00930954276 0 0 0
volume_proxy 1276 0.810748522 0.133085947 0.00131197892 0 0 0
volume_proxy 1277 1.48146787 0.676864924 0.0011656622 0 0 0
volume_proxy 1278 1.12458655 0.0820659988 0.00939602145 0 0 0
volume_proxy 1279 -0.690315525 0.594138375 0.0107717048 0 0 0
volume_proxy 1280 -1.27885136 0.46348127 -0.00525720172 0 0 0
volume_proxy 1281 -0.466859318 -0.931318111 0.0101242088 0 0 0
volume_proxy 1284 -0.466321553 -0.961103292 -0.00713616142 0 0 0
volume_proxy 1285 -0.817015028 0.776328676 -0.000304623952 0 0 0
volume_proxy 1289 0.722253192 -0.493725887 0.00586352682 0 0 0
volume_proxy 1290 -1.31311873 -0.855290869 -0.00904853311 0 0 0
volume_proxy 1291 -0.33265711 0.838787138 0.000264579016 0 0 0
volume_proxy 1292 -0.296146391 0.324103372 0.0033742426 0 0 0
volume_proxy 1293 -0.424824523 -0.883726447 -0.00694627786 0 0 0
volume_proxy 1294 1.48576475 0.888601423 -0.00070344122 0 0 0
volume_proxy 1295 -1.33817679 0.473051831 0.00670335279 0 0 0
volume_proxy 1296 -0.198692406 -0.397882005 0.00192147769 0 0 0
volume_proxy 1297 -0.387300959 -0.724241709 -0.00377017898 0 0 0
volume_proxy 1298 -0.40284254 -0.724415457 0.00129140435 0 0 0
