volume_proxy 0 0.296800736 -0.428893803 0.000817263065 0 0 0
volume_proxy 6 -0.146277024 0.798338368 -0.00302659031 0 0 0
volume_proxy 11 1.48158716 0.851084547 0.00747401406 0 0 0
volume_proxy 12 1.19286792 -0.0663341154 -0.00882518825 0 0 0
volume_proxy 14 -1.486337 0.387134235 -0.0104850786 0 0 0
volume_proxy 23 0.152671828 -0.298695354 -0.00383465163 0 0 0
volume_proxy 38 -1.23005418 -0.85743818 0.0107198526 0 0 0
volume_proxy 40 -0.745123865 0.344627228 0.00089240217 0 0 0
volume_proxy 50 -0.723278348 -0.592438369 -0.00275210646 0 0 0
volume_proxy 53 -1.20495583 0.769832686 0.00640329143 0 0 0
volume_proxy 58 1.19489796 -0.750454917 -0.00832176274 0 0 0
volume_proxy 60 0.143908366 0.778593355 0.00864547987 0 0 0
volume_proxy 85 -1.39389498 0.405582961 0.00198857683 0 0 0
volume_proxy 97 1.02266245 0.828434272 2.75584756e-05 0 0 0
volume_proxy 107 0.939638571 0.0301004819 -0.00319205661 0 0 0
volume_proxy 127 -0.917083772 -0.855367663 -0.00277364215 0 0 0
volume_proxy 130 0.654459834 -0.380810081 0.00271193257 0 0 0
volume_proxy 140 -0.766093228 0.858182498 -0.0032016026 0 0 0
volume_proxy 157 0.382549376 -0.789619766 -0.00777762422 0 0 0
volume_proxy 159 1.31695885 0.802963619 0.00406191778 0 0 0
volume_proxy 161 -0.433215765 0.499883618 0.00384897958 0 0 0
volume_proxy 176 1.362634 -0.0534420486 -0.0100499963 0 0 0
volume_proxy 186 -1.12061829 -0.426761074 -0.00332972127 0 0 0
volume_proxy 189 -0.265907019 -0.364318642 0.00279057896 0 0 0
volume_proxy 195 -1.46457398 -0.922129929 -0.00616729469 0 0 0
volume_proxy 196 0.397119963 0.42921124 0.00182665154 0 0 0
volume_proxy 200 -1.45909039 -0.0622284573 -0.00150490807 0 0 0
volume_proxy 202 0.158000479 0.909850644 0.000570248423 0 0 0
volume_proxy 209 -0.892704837 0.272047584 -0.00048176516 0 0 0
volume_proxy 210 -0.10521171 0.980062956 0.0041457001 0 0 0
volume_proxy 226 0.768184573 -0.905440997 -0.00358514058 0 0 0
volume_proxy 236 1.20407515 -0.854120883 -0.00824733487 0 0 0
volume_proxy 247 1.3278807 0.686702056 0.00353684949 0 0 0
volume_proxy 256 -0.909247749 0.894205072 0.000461269443 0 0 0
volume_proxy 259 0.862321956 0.547161342 -0.00246423096 0 0 0
volume_proxy 269 -1.29728081 -0.00260151701 0.00428742099 0 0 0
volume_proxy 277 -0.555823641 -0.20500329 0.00755752189 0 0 0
volume_proxy 296 -1.27081485 0.812588483 -0.00298469192 0 0 0
volume_proxy 305 0.747424703 -0.273733917 0.00507377958 0 0 0
volume_proxy 310 0.456075149 0.271490497 -0.00805481236 0 0 0
volume_proxy 344 -1.23180382 -0.436816806 -0.00136547289 0 0 0
volume_proxy 347 -0.629576252 0.605008583 0.00541610912 0 0 0
volume_proxy 356 -0.324734675 0.289499359 0.0105815041 0 0 0
volume_proxy 375 0.796751505 -0.236515509 0.00110863218 0 0 0
volume_proxy 388 1.38224998 0.00191202634 -0.00662533665 0 0 0
volume_proxy 802 0.877149964 0.447834768 -0.000800170731 0 0 0
volume_proxy 1052 -1.27330238 -0.524424624 -0.0101743592 0 0 0
volume_proxy 1066 -0.0662539364 0.501473703 0.0100431746 0 0 0
volume_proxy 1120 -0.755366904 0.358223669 0.00847485581 0 0 0
volume_proxy 1166 -0.772614634 -0.249394222 0.00553352862 0 0 0
volume_proxy 1193 -1.23381693 -0.431139162 -0.0018375843 0 0 0
volume_proxy 1225 -1.04475805 -0.476752744 -0.0025910744 0 0 0
volume_proxy 1245 -1.39090448 -0.0441379455 -0.00422756864 0 0 0
volume_proxy 1280 -0.423455701 0.933000622 0.00940696105 0 0 0
volume_proxy 1285 -1.22364268 0.618020024 0.00141969262 0 0 0
volume_proxy 1295 0.952005211 -0.127388425 -0.000754696773 0 0 0
volume_proxy 1296 -0.0305275954 -0.737554742 0.00191377366 0 0 0
volume_proxy 1340 0.748848463 0.376220869 -0.00181060147 0 0 0
volume_proxy 1380 -0.812916646 -0.127631435 -0.00239525869 0 0 0
volume_proxy 1386 1.3782068 0.551302027 0.000990701598 0 0 0
volume_proxy 1397 0.822816419 0.735130781 -0.00271034204 0 0 0
volume_proxy 1409 -0.0995186321 0.707084854 0.00518634548 0 0 0
volume_proxy 1413 1.45352722 0.572890054 -0.00746225126 0 0 0
volume_proxy 1422 -0.0226865388 -0.90743105 0.00550387742 0 0 0
volume_proxy 1433 1.14583353 0.562065224 -0.00045290576 0 0 0
volume_proxy 1437 0.1450877 -0.0997864345 -0.00119892144 0 0 0
volume_proxy 1459 -1.27470113 0.0592573872 -0.00929924621 0 0 0
volume_proxy 1460 0.121879725 0.979725119 0.00439309693 0 0 0
volume_proxy 1461 -1.06470365 0.775582643 0.00708719139 0 0 0
volume_proxy 1466 -0.3503573 0.277207056 0.0059519418 0 0 0
volume_proxy 1472 -1.31984101 0.756314419 0.0065622977 0 0 0
volume_proxy 1474 1.48859485 -0.526328089 0.003666136 0 0 0
volume_proxy 1481 0.695944644 0.722144922 -0.00313265946 0 0 0
volume_proxy 1482 1.00976813 0.589268689 -0.0023965385 0 0 0
volume_proxy 1485 0.511054094 -0.239042506 0.00224311097 0 0 0
volume_proxy 1489 0.288490963 -0.940095927 -0.00490720982 0 0 0
volume_proxy 1490 1.08553308 0.927681954 -0.00117439544 0 0 0
volume_proxy 1496 -1.38953484 0.643205413 0.00819287871 0 0 0
volume_proxy 1498 -0.0840962382 0.256412408 -0.00285044249 0 0 0
volume_proxy 1503 -0.86928519 -0.712757467 -0.00407350942 0 0 0
volume_proxy 1506 0.000120666158 0.741071648 0.00528547613 0 0 0
volume_proxy 1507 -1.36760758 0.127046607 0.00870743952 0 0 0
volume_proxy 1508 -0.325751288 -0.358315275 -0.00369640299 0 0 0
volume_proxy 1509 -1.26018854 0.117728318 0.0103221542 0 0 0
volume_proxy 1510 0.0885588596 -0.711849141 -0.0102677633 0 0 0
volume_proxy 1511 1.1229704 0.401797091 -0.000883192979 0 0 0
volume_proxy 1513 -1.37432547 0.585340584 0.00662409031 0 0 0
volume_proxy 1515 0.931064609 -0.622776055 0.00254986569 0 0 0
volume_proxy 1516 0.0382848034 -0.919112068 0.00264301469 0 0 0
volume_proxy 1517 -1.02237952 -0.17338213 -0.00345076874 0 0 0
volume_proxy 1519 -0.0384288181 -0.513230892 -0.00289879721 0 0 0
volume_proxy 1520 0.231034824 -0.32597298 -0.00135739979 0 0 0
volume_proxy 1521 -1.09927053 -0.791747697 0.0100088968 0 0 0
volume_proxy 1523 0.401074562 0.010134979 -0.00958989398 0 0 0
volume_proxy 1525 -0.654329701 0.968936858 0.00482138771 0 0 0
volume_proxy 1526 0.965076788 -0.704594744 0.00745585919 0 0 0
volume_proxy 1528 0.579819691 -0.541956807 -0.0103233753 0 0 0
volume_proxy 1529 -1.20877995 0.344329167 -0.00540061646 0 0 0
volume_proxy 1531 0.434907487 0.445951024 -0.00943409642 0 0 0
volume_proxy 1533 1.3120609 -0.192561602 0.00224668608 0 0 0
volume_proxy 1534 0.308521306 0.967231434 -0.0067969591 0 0 0
volume_proxy 1535 0.747183003 0.758495905 0.000701116879 0 0 0
volume_proxy 1536 -0.723044069 -0.695421511 -0.0080740357 0 0 0
volume_proxy 1537 -0.547362923 -0.764897337 -0.00258259626 0 0 0
volume_proxy 1538 1.39375631 0.209249695 0.00843058025 0 0 0
