volume_proxy 0 1.37314839 0.012832963 0.00502900109 0 0 0
volume_proxy 4 1.00851963 0.681838274 -0.0106325149 0 0 0
volume_proxy 5 -0.111778787 0.540451821 0.0100122132 0 0 0
volume_proxy 6 1.20035513 0.825845526 0.00875126819 0 0 0
volume_proxy 11 -0.229898993 0.876054703 -0.0104573347 0 0 0
volume_proxy 12 0.583855124 -0.316093337 -0.00349120145 0 0 0
volume_proxy 14 0.702080259 0.298851397 0.00573420627 0 0 0
volume_proxy 15 -0.582588121 -0.945322926 0.0082657005 0 0 0
volume_proxy 23 -0.768531998 -0.311937577 0.00960679852 0 0 0
volume_proxy 38 0.18640069 -0.121611174 -0.0053939639 0 0 0
volume_proxy 40 -0.420762596 -0.827195767 -0.00281679443 0 0 0
volume_proxy 47 1.03223852 -0.360741024 -0.00859037795 0 0 0
volume_proxy 49 0.212302118 -0.852641025 0.00573243659 0 0 0
volume_proxy 50 -0.299575435 -0.652300575 0.0102535688 0 0 0
volume_proxy 52 -1.48076985 -0.751249985 0.00690325134 0 0 0
volume_proxy 53 -0.160581434 -0.342681522 -0.00884196359 0 0 0
volume_proxy 57 -0.97275398 0.229331104 -0.00289673877 0 0 0
volume_proxy 58 1.0345791 -0.668967848 0.00192184418 0 0 0
volume_proxy 60 -0.454394127 0.983410705 -0.00949256188 0 0 0
volume_proxy 61 -1.15102305 -0.675479278 -0.00164969341 0 0 0
volume_proxy 69 -0.493429864 -0.0809075492 0.00288650762 0 0 0
volume_proxy 72 0.827496137 -0.00465901483 -0.00323038287 0 0 0
volume_proxy 81 -1.09517588 0.23104778 0.00588944713 0 0 0
volume_proxy 85 -0.615799408 0.471884415 0.0102750484 0 0 0
volume_proxy 88 -0.781198649 0.104797181 0.000114833232 0 0 0
volume_proxy 97 1.18039356 -0.259201694 -0.00401024477 0 0 0
volume_proxy 101 -1.2822657 0.618783229 -0.00964054138 0 0 0
volume_proxy 105 -0.32951115 -0.695276192 0.00368345228 0 0 0
volume_proxy 106 -0.36372554 -0.680750444 0.00696090387 0 0 0
volume_proxy 107 0.317241535 0.56213556 -7.22508413e-05 0 0 0
volume_proxy 108 1.41787752 -0.745512897 0.00659376969 0 0 0
volume_proxy 126 -0.158368071 -0.396809962 0.00107586144 0 0 0
volume_proxy 127 -0.113135801 0.424835169 0.0077487694 0 0 0
volume_proxy 130 1.38366767 0.388280167 -0.0096355666 0 0 0
volume_proxy 132 0.864970104 0.798389138 0.00708470035 0 0 0
volume_proxy 135 0.361635184 -0.739828317 -0.000769512807 0 0 0
volume_proxy 140 -0.868226873 0.686030594 0.00230120025 0 0 0
volume_proxy 145 -0.750154951 -0.826752856 -0.0060221715 0 0 0
volume_proxy 149 -1.40371484 0.963885048 -0.00962431802 0 0 0
volume_proxy 157 0.670227146 0.413441808 -0.00717631938 0 0 0
volume_proxy 159 -0.84767921 -0.948618528 0.00919407781 0 0 0
volume_proxy 161 0.138021139 0.672704756 -0.010094387 0 0 0
volume_proxy 163 -1.36089798 0.0626964458 -0.00255585118 0 0 0
volume_proxy 169 0.8619111 0.252724974 0.00423278281 0 0 0
volume_proxy 176 0.459797736 -0.0404445915 -0.000375477295 0 0 0
volume_proxy 178 -0.979806056 0.539961368 -0.00737397089 0 0 0
volume_proxy 186 -0.658954623 0.180318905 -0.00124716448 0 0 0
volume_proxy 189 -0.742901876 0.392674448 0.00410641081 0 0 0
volume_proxy 195 -0.565052723 0.0554640067 0.0058783564 0 0 0
volume_proxy 196 0.597742612 0.149392573 0.00618079132 0 0 0
volume_proxy 198 1.36840172 -0.98634617 -0.00896874945 0 0 0
volume_proxy 200 -0.974753059 -0.223435458 0.00311567986 0 0 0
volume_proxy 202 -0.611560929 0.392072409 0.0105873167 0 0 0
volume_proxy 209 -0.989117056 -0.512858161 0.00834290706 0 0 0
volume_proxy 210 -0.102903073 0.0105393574 -0.00528105246 0 0 0
volume_proxy 213 -0.390536491 -0.0011659952 0.00670730058 0 0 0
volume_proxy 223 -1.16764363 0.4284882 0.003473457 0 0 0
volume_proxy 224 1.26360985 -0.720435549 -0.00570099233 0 0 0
volume_proxy 226 -0.581913428 -0.920314072 0.00740140735 0 0 0
volume_proxy 228 0.0290876772 0.405291792 0.00402062581 0 0 0
volume_proxy 230 0.844571598 0.470314333 0.00759281324 0 0 0
volume_proxy 236 0.309564902 0.022223149 0.00387875121 0 0 0
volume_proxy 237 0.375489867 0.61358176 -0.00374915558 0 0 0
volume_proxy 242 1.32885066 0.604694635 0.00815372373 0 0 0
volume_proxy 244 0.881319668 0.811627256 -0.00787816106 0 0 0
volume_proxy 247 1.33361285 -0.608974127 -0.00409971277 0 0 0
volume_proxy 251 0.399484892 0.267912602 0.00608377544 0 0 0
volume_proxy 256 0.667205158 -0.316154154 0.00579252902 0 0 0
volume_proxy 257 -0.109428717 0.579999636 -0.00926239036 0 0 0
volume_proxy 258 0.491828268 -0.283321411 -0.00905630434 0 0 0
volume_proxy 259 0.298893333 0.220595389 0.0084106086 0 0 0
volume_proxy 269 1.19568248 0.1203814 -0.00840684326 0 0 0
volume_proxy 271 -1.37127487 0.964583481 0.00451626959 0 0 0
volume_proxy 273 1.2925844 0.407213318 -0.00643994884 0 0 0
volume_proxy 276 0.349270277 0.166064814 -0.000911085362 0 0 0
volume_proxy 277 -0.596770105 -0.882298178 0.00864426308 0 0 0
volume_proxy 279 -0.299583457 -0.329344617 -0.000434914528 0 0 0
volume_proxy 281 -1.20117215 0.896051817 -0.00710561023 0 0 0
volume_proxy 284 -0.811187728 0.855994736 0.00553894254 0 0 0
volume_proxy 285 -0.51576952 -0.804926235 0.00214521536 0 0 0
volume_proxy 294 0.116586765 0.56309681 -0.00602203012 0 0 0
volume_proxy 296 0.0972176446 -0.767706846 0.00658562055 0 0 0
volume_proxy 298 1.09893138 -0.691985048 -0.00517759685 0 0 0
volume_proxy 305 0.0728993258 -0.0444195221 0.0032911166 0 0 0
volume_proxy 309 0.962507299 0.333541996 0.00586387065 0 0 0
volume_proxy 310 0.901212163 0.553014937 -0.00612337221 0 0 0
volume_proxy 311 0.324568987 -0.971551277 0.0056748132 0 0 0
volume_proxy 314 -0.333061538 0.101417301 -0.00786616797 0 0 0
volume_proxy 319 -0.321954553 -0.743564346 0.00409530045 0 0 0
volume_proxy 321 0.057363364 -0.742856507 -0.00576238334 0 0 0
volume_proxy 329 -0.275566806 0.773638382 -0.0079952553 0 0 0
volume_proxy 335 -1.25677553 -0.200048391 -0.00309171662 0 0 0
volume_proxy 337 -0.779782098 0.510328095 0.00589127774 0 0 0
volume_proxy 339 -0.568512353 -0.579294386 0.00367103245 0 0 0
volume_proxy 344 0.60781784 0.608673293 0.00913376267 0 0 0
volume_proxy 345 -0.816847768 0.173406957 -0.00864521352 0 0 0
volume_proxy 347 0.0532172369 -0.176312646 0.00516993025 0 0 0
volume_proxy 349 0.406763347 -0.0593415393 0.00569964533 0 0 0
volume_proxy 356 0.562980493 0.818808206 0.00237104702 0 0 0
volume_proxy 358 1.41184122 0.737818889 0.00304480848 0 0 0
volume_proxy 370 1.3432459 0.845835378 -0.00679913152 0 0 0
volume_proxy 375 0.478369198 -0.0654312647 0.00345411146 0 0 0
volume_proxy 377 0.603539321 0.153295274 0.0018786019 0 0 0
volume_proxy 383 0.844415294 -0.878349076 -0.00473418347 0 0 0
volume_proxy 388 -1.40146485 -0.28560783 -0.00662843378 0 0 0
volume_proxy 393 1.13369931 -0.0639206614 -0.00868251913 0 0 0
volume_proxy 396 -0.760959441 0.914272206 -0.00172656786 0 0 0
volume_proxy 397 0.45458209 0.0610281897 0.00139480956 0 0 0
volume_proxy 399 0.776318933 -0.675729485 -0.00254155736 0 0 0
volume_proxy 409 -0.608170882 -0.462680343 0.00677576267 0 0 0
volume_proxy 412 1.2743407 -0.874364522 0.00615338371 0 0 0
volume_proxy 418 -0.793466296 -0.0271310812 0.00813637506 0 0 0
volume_proxy 431 -0.977625833 -0.999776347 0.00467770672 0 0 0
volume_proxy 463 -0.182407603 -0.840761366 0.00311121959 0 0 0
volume_proxy 497 -1.29547458 -0.626221176 -0.000650458123 0 0 0
volume_proxy 502 1.03033474 -0.632663621 -0.0105176512 0 0 0
volume_proxy 512 0.243618113 -0.758762308 -0.000202963491 0 0 0
volume_proxy 513 0.74021715 -0.289220653 -0.00317476748 0 0 0
volume_proxy 518 1.36681615 -0.548409471 0.00398620348 0 0 0
volume_proxy 572 0.23935764 -0.400821936 0.0016733994 0 0 0
volume_proxy 591 -0.431643455 0.632456093 0.0091411755 0 0 0
volume_proxy 594 -1.03237259 0.622450346 0.00448387166 0 0 0
volume_proxy 615 1.16180119 -0.024308454 -0.00860000011 0 0 0
volume_proxy 616 1.01479255 0.342613716 0.00286911259 0 0 0
volume_proxy 637 -1.39834903 -0.938274186 0.000894717133 0 0 0
volume_proxy 647 -0.175975297 0.809029513 -0.00985539999 0 0 0
volume_proxy 669 1.25584283 -0.527961413 -0.00301981174 0 0 0
volume_proxy 682 -0.115367781 0.38931326 0.00020685084 0 0 0
volume_proxy 702 0.106083594 -0.210938367 -0.00381078766 0 0 0
volume_proxy 722 0.670016104 0.515143093 0.00334736912 0 0 0
volume_proxy 725 -1.48020342 -0.710935549 0.00475809443 0 0 0
volume_proxy 751 0.0677078904 -0.448511233 0.00459141454 0 0 0
volume_proxy 757 0.24177463 0.405442633 0.00780825584 0 0 0
volume_proxy 797 -1.21388027 -0.25634142 -0.00656375295 0 0 0
volume_proxy 800 -1.22167991 0.503919739 0.00309169533 0 0 0
volume_proxy 802 0.76677225 -0.0629335745 -0.00785909595 0 0 0
volume_proxy 811 0.782514814 0.609166984 -0.00095562064 0 0 0
volume_proxy 812 1.01939642 0.473137164 0.00461307291 0 0 0
volume_proxy 814 0.813200395 -0.580216678 0.00529062895 0 0 0
volume_proxy 822 -0.170443339 -0.982650274 -0.00905953882 0 0 0
volume_proxy 835 -0.314580245 -0.923550003 0.000453072688 0 0 0
volume_proxy 848 -1.1032322 -0.344734297 -0.0107276975 0 0 0
volume_proxy 854 -0.589125479 0.799602366 0.00133094273 0 0 0
volume_proxy 856 1.18035957 0.38100482 0.00261644932 0 0 0
volume_proxy 869 1.4869175 0.735793691 -0.00737092647 0 0 0
volume_proxy 876 -0.075393072 -0.522806937 -0.0104288074 0 0 0
volume_proxy 878 0.939854636 -0.839475167 -0.00758361216 0 0 0
volume_proxy 883 0.329782596 0.821426432 0.000808697398 0 0 0
volume_proxy 902 0.104212893 0.237257688 -0.00370977761 0 0 0
volume_proxy 903 0.359321141 0.75962346 0.0104151194 0 0 0
volume_proxy 904 -0.992480806 0.406381109 0.00123979069 0 0 0
volume_proxy 914 0.314942927 -0.929557845 0.00252556725 0 0 0
volume_proxy 915 -0.591696152 -0.0278166254 -0.007469745 0 0 0
volume_proxy 926 -0.264455323 0.526837339 0.00585425734 0 0 0
volume_proxy 929 -0.79007376 -0.521278476 0.00968475659 0 0 0
volume_proxy 944 0.677256811 -0.922821154 0.00640707244 0 0 0
volume_proxy 966 -0.464868387 0.80440017 0.000534110095 0 0 0
volume_proxy 969 -0.6541441 -0.0157412437 0.00641425568 0 0 0
volume_proxy 974 -0.0113357785 -0.469197333 -0.00642448119 0 0 0
volume_proxy 977 -1.14606853 -0.351466336 0.00165811663 0 0 0
volume_proxy 979 -0.258142774 0.758117785 0.00433392056 0 0 0
volume_proxy 983 1.04025455 -0.288279161 -0.00109206912 0 0 0
volume_proxy 991 -0.637013597 -0.466217657 -0.00103948358 0 0 0
volume_proxy 992 0.133742272 0.153695644 -0.00391156214 0 0 0
volume_proxy 997 1.20009362 -0.0243733928 -0.00475884571 0 0 0
volume_proxy 1001 0.380961735 0.990768704 0.00271025129 0 0 0
volume_proxy 1008 0.926574116 -0.700956501 0.00502728195 0 0 0
volume_proxy 1012 0.910997985 0.0226344021 0.00770433624 0 0 0
volume_proxy 1016 0.894250953 -0.863590941 -0.00155223532 0 0 0
volume_proxy 1019 -0.868570478 -0.953590595 -0.0015748859 0 0 0
volume_proxy 1020 -1.07200973 0.521680129 0.00799096528 0 0 0
volume_proxy 1021 -0.95363725 -0.95347642 -0.00631357911 0 0 0
volume_proxy 1024 0.643926811 0.53830374 0.00245400864 0 0 0
volume_proxy 1028 -1.19688008 -0.732802507 -0.0102113187 0 0 0
volume_proxy 1031 1.07696409 -0.451333514 0.00411205754 0 0 0
volume_proxy 1032 1.42610245 0.36430128 -0.0101173263 0 0 0
volume_proxy 1033 1.06410635 0.851508709 0.00839850571 0 0 0
volume_proxy 1035 0.697711172 -0.559615352 -0.00597893101 0 0 0
volume_proxy 1036 0.567623406 -0.0123499836 -0.00474680845 0 0 0
volume_proxy 1040 -1.07309297 -0.738875943 -0.00188010564 0 0 0
volume_proxy 1042 0.844517631 0.557927959 -0.00913859646 0 0 0
volume_proxy 1050 -0.758708426 -0.624710141 0.00890395817 0 0 0
volume_proxy 1052 -0.880868424 0.0706197213 -0.00234511503 0 0 0
volume_proxy 1056 -1.19623967 0.90811672 -0.00305355143 0 0 0
volume_proxy 1062 0.541908776 0.308721653 -0.00420647104 0 0 0
volume_proxy 1066 0.858563901 -0.0529719314 -0.00996141075 0 0 0
volume_proxy 1067 0.699988933 -0.463336263 -0.00329378933 0 0 0
volume_proxy 1069 -1.08885644 -0.00485711058 -0.0103182795 0 0 0
volume_proxy 1070 -1.02941317 0.730262442 -0.00443569978 0 0 0
volume_proxy 1075 -0.48756476 0.360938672 0.002552914 0 0 0
volume_proxy 1078 -1.15502814 0.938462496 -0.0003964959 0 0 0
volume_proxy 1085 0.111816026 -0.399973137 0.00603965876 0 0 0
volume_proxy 1086 0.504784315 -0.73012647 -0.00781106532 0 0 0
volume_proxy 1089 -0.712263991 0.831078543 -0.00091985646 0 0 0
volume_proxy 1091 0.411577391 0.175387946 -0.010174322 0 0 0
volume_proxy 1093 -0.0157124566 -0.71419902 -0.00751140989 0 0 0
volume_proxy 1096 0.164847106 0.524424542 -0.00939902952 0 0 0
volume_proxy 1098 0.28874243 0.492806639 0.00170957581 0 0 0
volume_proxy 1102 1.26977583 0.662951335 -0.00296552236 0 0 0
volume_proxy 1106 0.737951672 -0.476875037 0.00586307651 0 0 0
volume_proxy 1110 0.982373236 -0.688310658 0.00801293499 0 0 0
volume_proxy 1113 1.22741872 0.348337741 -0.00737982223 0 0 0
volume_proxy 1114 -0.878620197 0.18843303 0.00694708934 0 0 0
volume_proxy 1117 0.7877366 -0.0247754775 0.00341681882 0 0 0
volume_proxy 1118 0.520837946 -0.438747351 0.00523620805 0 0 0
volume_proxy 1119 -1.26277719 0.472176117 -0.00488710474 0 0 0
volume_proxy 1120 -0.0427933771 0.0848627503 -0.00150605108 0 0 0
volume_proxy 1123 -1.34923453 0.894939437 -0.00888736367 0 0 0
volume_proxy 1127 0.625938157 0.317262642 0.00203948479 0 0 0
volume_proxy 1130 -0.340804013 0.157191271 -0.00295404827 0 0 0
volume_proxy 1132 0.455071033 0.379679956 -0.00445146175 0 0 0
volume_proxy 1133 1.16676749 -0.610166689 -0.00668726043 0 0 0
volume_proxy 1134 0.671337617 0.910225233 -0.00308440906 0 0 0
volume_proxy 1137 -0.926374126 -0.0920185621 0.0107705873 0 0 0
volume_proxy 1138 1.47882414 -0.656105646 -0.00865753132 0 0 0
volume_proxy 1143 -0.507497039 0.269767208 -0.00168970368 0 0 0
volume_proxy 1144 0.271088687 -0.831862045 0.00168437838 0 0 0
volume_proxy 1145 -0.739602255 -0.822130953 0.00187230652 0 0 0
volume_proxy 1147 0.21303976 0.38831991 0.00732562946 0 0 0
volume_proxy 1149 -0.585215507 0.466985415 -0.00500851617 0 0 0
volume_proxy 1150 -0.441837819 -0.607845184 0.00470807279 0 0 0
volume_proxy 1151 0.830658233 -0.887748317 0.00914160247 0 0 0
volume_proxy 1157 -0.116245671 -0.0477916743 0.00187524345 0 0 0
volume_proxy 1161 0.622482997 -0.998492544 0.00107428106 0 0 0
volume_proxy 1163 0.833491195 -0.0826716359 -0.00982118045 0 0 0
volume_proxy 1165 -0.277023136 -0.729828212 0.00272181547 0 0 0
volume_proxy 1166 -1.46512603 0.49404522 -0.00759201521 0 0 0
volume_proxy 1167 -1.13038884 0.0932424715 -0.00566728602 0 0 0
volume_proxy 1168 -0.250215921 -0.492256832 0.00726288225 0 0 0
volume_proxy 1169 1.49851522 -0.329024927 -0.00351788005 0 0 0
volume_proxy 1170 -1.38688128 -0.0342055071 -0.00073781572 0 0 0
volume_proxy 1171 -0.579501842 0.535629959 0.00765786708 0 0 0
volume_proxy 1172 -0.392237994 0.388749457 -0.00510604116 0 0 0
volume_proxy 1174 0.247094131 0.145680642 -0.0054445042 0 0 0
volume_proxy 1175 -0.253758734 -0.656335021 -0.00615540876 0 0 0
volume_proxy 1178 -0.580289077 0.705135903 0.00583575312 0 0 0
volume_proxy 1179 0.592886249 0.531992655 -0.0068359141 0 0 0
volume_proxy 1180 -1.02323375 0.419333084 0.00597800638 0 0 0
volume_proxy 1182 0.377086928 0.914358676 -0.00548953616 0 0 0
volume_proxy 1183 0.698121358 -0.642198173 0.00230398025 0 0 0
volume_proxy 1186 -0.479027525 -0.436110865 -0.000890479322 0 0 0
volume_proxy 1191 1.44607827 0.721338066 0.00589744091 0 0 0
volume_proxy 1193 -0.775329389 0.341402794 -0.00884541232 0 0 0
volume_proxy 1194 -1.12636163 -0.437698046 0.0105788643 0 0 0
volume_proxy 1195 -1.41184802 -0.591979025 -0.0064059925 0 0 0
volume_proxy 1196 -0.921731862 -0.495807358 0.00739238863 0 0 0
volume_proxy 1197 -1.12989311 -0.959339194 -0.00169659149 0 0 0
volume_proxy 1198 0.0336000188 0.141212045 0.00204511475 0 0 0
volume_proxy 1199 -0.0114334099 0.281988532 0.0107783569 0 0 0
volume_proxy 1201 -0.827999853 0.395906682 0.0103200335 0 0 0
volume_proxy 1204 0.135928175 -0.440870719 0.00568251742 0 0 0
volume_proxy 1205 1.38099082 0.612612007 0.00522721395 0 0 0
volume_proxy 1206 1.12693836 0.488804518 0.00294815898 0 0 0
volume_proxy 1208 -0.0807480552 -0.124006016 -0.00759166174 0 0 0
volume_proxy 1209 -1.39006855 0.384671636 -0.00752763773 0 0 0
volume_proxy 1210 -1.47719851 0.558992643 0.00278742472 0 0 0
volume_proxy 1213 -0.389608828 -0.170934778 -0.00655804733 0 0 0
volume_proxy 1214 -0.36281974 -0.0283622744 0.00960858342 0 0 0
volume_proxy 1216 1.05939379 -0.0225262986 0.00285794648 0 0 0
volume_proxy 1217 -0.426668998 0.808387407 0.00121609138 0 0 0
volume_proxy 1218 -0.122023044 -0.696947478 0.00720889019 0 0 0
volume_proxy 1219 -1.05948088 0.0318024898 -0.00856825081 0 0 0
volume_proxy 1220 0.318712409 0.320502172 -0.00213102087 0 0 0
volume_proxy 1221 1.31558362 -0.0835133041 -0.0101172892 0 0 0
volume_proxy 1222 0.0207364987 -0.724089724 0.00893979924 0 0 0
volume_proxy 1223 1.20654072 0.714157293 0.0081499132 0 0 0
volume_proxy 1224 -0.543234086 0.779592972 -0.00570649844 0 0 0
volume_proxy 1225 -0.284813744 0.128310852 -0.00340602214 0 0 0
volume_proxy 1226 -0.701059212 0.996344851 -0.00232376856 0 0 0
volume_proxy 1227 -0.681377691 0.825643859 -0.00748189769 0 0 0
volume_proxy 1228 0.948469933 0.943368103 -0.00349992579 0 0 0
volume_proxy 1229 1.07063209 0.867540569 0.00642547877 0 0 0
volume_proxy 1230 1.25551018 -0.826803602 0.00661072428 0 0 0
volume_proxy 1231 -0.659601267 -0.515283848 -0.00226945086 0 0 0
volume_proxy 1232 -1.41889301 -0.831067556 -0.00412988238 0 0 0
volume_proxy 1233 -0.530076684 0.727955372 0.00979056056 0 0 0
volume_proxy 1235 -1.46997379 0.544502792 -0.00879966102 0 0 0
volume_proxy 1236 -0.0644119436 0.0700760391 0.00903951321 0 0 0
volume_proxy 1237 0.762858406 0.820350137 0.00475036422 0 0 0
volume_proxy 1238 0.741731784 0.766368011 -0.00982109237 0 0 0
volume_proxy 1239 1.47857125 0.656334698 0.0104044453 0 0 0
volume_proxy 1240 1.31388131 0.712097492 0.00106421696 0 0 0
volume_proxy 1241 -0.267652496 0.000733377021 -0.00950213242 0 0 0
volume_proxy 1242 -1.07279261 -0.920519012 -0.00644661562 0 0 0
volume_proxy 1243 -1.22559693 -0.950579853 -0.0017935979 0 0 0
volume_proxy 1244 -0.557054853 -0.936032762 0.00822225189 0 0 0
volume_proxy 1245 -1.43985251 0.581431292 -0.00147865884 0 0 0
volume_proxy 1247 -1.14389724 0.599741499 -0.00347749853 0 0 0
volume_proxy 1248 0.984011292 0.176845655 0.00845524849 0 0 0
volume_proxy 1249 -0.204056691 -0.104647948 0.00341257563 0 0 0
volume_proxy 1250 -0.914515394 0.962404922 -0.00429461911 0 0 0
volume_proxy 1251 -0.955135942 0.946029721 0.00597862805 0 0 0
