volume_proxy 0 0.531840725 -0.157207973 0.000560353206 0 0 0
volume_proxy 6 -0.333695596 0.908374181 0.00422233769 0 0 0
volume_proxy 11 1.38408649 0.78594707 -0.00987679597 0 0 0
volume_proxy 12 1.08667703 0.191239989 0.00846109078 0 0 0
volume_proxy 14 -1.18535164 0.542238346 0.000306941783 0 0 0
volume_proxy 23 0.333961081 -0.275867872 0.00616767551 0 0 0
volume_proxy 38 -1.35414222 -0.600227591 0.00387635265 0 0 0
volume_proxy 40 -0.866843231 0.0970914103 0.00510377392 0 0 0
volume_proxy 50 -0.884168434 -0.408640378 0.00635523344 0 0 0
volume_proxy 53 -1.16250956 0.453632537 0.00565207433 0 0 0
volume_proxy 58 1.00490329 -0.84049498 0.00757646231 0 0 0
volume_proxy 60 0.0976443073 0.914673786 -0.00929199022 0 0 0
volume_proxy 85 -1.45256138 0.50473094 -0.0068987358 0 0 0
volume_proxy 97 0.972429203 0.869051879 0.00137811516 0 0 0
volume_proxy 107 0.988543137 0.156221369 0.0100591166 0 0 0
volume_proxy 127 -1.33246613 -0.72398664 -0.0101636241 0 0 0
volume_proxy 130 0.677603817 -0.2847234 0.00570044655 0 0 0
volume_proxy 140 -0.739046515 0.759765903 0.00460115374 0 0 0
volume_proxy 157 0.779396431 -0.986109809 0.00796935852 0 0 0
volume_proxy 159 1.47949272 0.442757513 -0.00739184835 0 0 0
volume_proxy 161 -0.164759266 0.649901896 0.0101775152 0 0 0
volume_proxy 176 1.14347449 -0.0894927031 0.00419972212 0 0 0
volume_proxy 186 -1.07583657 -0.261898399 -0.00530859322 0 0 0
volume_proxy 189 -0.69622761 -0.43422899 0.00908860617 0 0 0
volume_proxy 195 -1.3298123 -0.985138028 0.00842099935 0 0 0
volume_proxy 196 0.543715066 0.13330195 0.00401491702 0 0 0
volume_proxy 200 -1.36150347 -0.376312131 0.00685014299 0 0 0
volume_proxy 202 0.435197236 0.445472269 -0.00849649292 0 0 0
volume_proxy 209 -0.946318447 0.173495782 0.00874101111 0 0 0
volume_proxy 210 0.166161756 0.990345135 0.00754165669 0 0 0
volume_proxy 226 0.56678056 -0.794216667 0.00270844253 0 0 0
volume_proxy 236 1.28364974 -0.737322687 0.00996427701 0 0 0
volume_proxy 247 0.820302846 0.653237512 0.00413867242 0 0 0
volume_proxy 256 -0.808405282 0.758375072 0.00969679029 0 0 0
volume_proxy 259 0.884029171 0.639563811 0.00182001881 0 0 0
volume_proxy 269 -1.38715852 0.00364979986 -0.00646396788 0 0 0
volume_proxy 277 -0.722050634 -0.218747317 -0.00267535866 0 0 0
volume_proxy 296 -1.27404587 0.792965192 -0.00434029749 0 0 0
volume_proxy 305 0.925555533 -0.381798177 0.000401220986 0 0 0
volume_proxy 310 0.466247588 -0.0147343908 -0.00841179063 0 0 0
volume_proxy 344 -1.41797954 -0.350943038 -0.0107949412 0 0 0
volume_proxy 347 -0.735552715 0.955182045 0.000877295209 0 0 0
volume_proxy 356 -0.40161606 0.0868101924 -0.00793469576 0 0 0
volume_proxy 375 0.910149876 -0.252856959 -0.00888565731 0 0 0
volume_proxy 388 1.2449651 -0.0851671837 0.00293004294 0 0 0
volume_proxy 802 1.16004664 0.387033305 -0.0048861888 0 0 0
volume_proxy 1052 -1.16597731 -0.786172626 0.000475533144 0 0 0
volume_proxy 1066 0.0843701099 0.55824773 0.0107367073 0 0 0
volume_proxy 1120 -0.802089279 0.394270655 -0.0026851849 0 0 0
volume_proxy 1166 -0.932330731 -0.318437197 0.000827759716 0 0 0
volume_proxy 1193 -1.06006502 -0.241977511 -0.000657394743 0 0 0
volume_proxy 1225 -0.763256927 -0.391420029 -0.00894033908 0 0 0
volume_proxy 1245 -1.47420043 0.0740460872 0.00373883113 0 0 0
volume_proxy 1280 -0.308268917 0.981750344 -0.00679964839 0 0 0
volume_proxy 1285 -1.33071115 0.763209096 0.0026906426 0 0 0
volume_proxy 1295 0.463579416 -0.0537287067 -0.00570333605 0 0 0
volume_proxy 1296 0.045851824 -0.775822744 -0.00651090065 0 0 0
volume_proxy 1340 0.772586039 0.621912461 -0.00730719132 0 0 0
volume_proxy 1380 -0.828331756 -0.0367206601 1.98803079e-05 0 0 0
volume_proxy 1386 1.29097595 0.555072803 -0.00340647188 0 0 0
volume_proxy 1397 0.782378994 0.942631668 -0.00877595657 0 0 0
volume_proxy 1409 -0.154971481 0.787833142 -0.00116083676 0 0 0
volume_proxy 1413 1.09796547 0.766501815 0.00996654279 0 0 0
volume_proxy 1422 -0.149669304 -0.684475259 -0.00937837091 0 0 0
volume_proxy 1433 1.27448236 0.508592343 0.0103656257 0 0 0
volume_proxy 1437 0.136548209 -0.337072132 -0.0064534481 0 0 0
volume_proxy 1447 1.438383 0.0212698418 -0.00521949399 0 0 0
volume_proxy 1459 -1.10292345 -0.168805092 -0.00204115444 0 0 0
volume_proxy 1460 0.357188558 0.969690291 0.00814930826 0 0 0
volume_proxy 1461 -0.816086853 0.876212725 0.00683061565 0 0 0
volume_proxy 1466 -0.563397368 0.361133564 -0.0070031265 0 0 0
volume_proxy 1472 -1.40256305 0.765442712 -0.00066878103 0 0 0
volume_proxy 1474 1.15054191 -0.761808311 0.00990373184 0 0 0
volume_proxy 1481 0.830597106 0.498320021 0.0062668118 0 0 0
volume_proxy 1482 0.714147646 0.200634203 0.00670075308 0 0 0
volume_proxy 1485 0.283410111 -0.308005683 -0.00650727621 0 0 0
volume_proxy 1489 0.159399267 -0.963991917 0.00680039299 0 0 0
volume_proxy 1490 1.01706576 0.934032169 -0.00913233744 0 0 0
volume_proxy 1494 1.35282298 -0.128549415 0.00451862931 0 0 0
volume_proxy 1496 -1.31301371 0.468300743 0.00996480619 0 0 0
volume_proxy 1498 -0.213937112 0.144503809 -0.00904254752 0 0 0
volume_proxy 1503 -0.96427005 -0.547419774 0.00330595059 0 0 0
volume_proxy 1506 0.0704747528 0.494941972 0.00296949212 0 0 0
volume_proxy 1507 -1.23759103 0.119865525 0.00238655629 0 0 0
volume_proxy 1508 -0.53946805 -0.323787469 -0.00194959013 0 0 0
volume_proxy 1509 -1.35308433 0.0850647488 0.00325982777 0 0 0
volume_proxy 1510 0.237221425 -0.546335725 -0.00790907306 0 0 0
volume_proxy 1511 1.08371855 0.454673403 0.00304876422 0 0 0
volume_proxy 1513 -1.44840471 0.577774663 0.000988075056 0 0 0
volume_proxy 1515 0.681026486 -0.790928548 0.00847469213 0 0 0
volume_proxy 1516 -0.221030762 -0.8901441 0.00366832874 0 0 0
volume_proxy 1517 -0.902194502 -0.461987197 -0.00930966244 0 0 0
volume_proxy 1519 -0.11326436 -0.571526095 0.005578693 0 0 0
volume_proxy 1520 0.352713068 -0.372493483 -0.00050365405 0 0 0
volume_proxy 1521 -1.13634 -0.806973237 0.00270771913 0 0 0
volume_proxy 1523 0.53874029 -0.121048305 0.00679066009 0 0 0
volume_proxy 1525 -0.73505073 0.873115963 -0.000801065821 0 0 0
volume_proxy 1526 0.88622303 -0.764127521 -0.00150021074 0 0 0
volume_proxy 1528 0.617836964 -0.627342431 -0.0102098732 0 0 0
volume_proxy 1529 -1.18058575 0.424859688 0.00186172352 0 0 0
volume_proxy 1531 0.579599366 0.525087542 -0.00022051899 0 0 0
volume_proxy 1533 1.03573573 -0.142774063 -0.00590416221 0 0 0
volume_proxy 1534 0.574811531 0.928881949 0.00595832652 0 0 0
volume_proxy 1535 0.516736219 0.820738679 -0.00820902521 0 0 0
volume_proxy 1536 -0.735244103 -0.648593117 -0.0103675192 0 0 0
volume_proxy 1537 -0.529920758 -0.672318867 0.00676629291 0 0 0
