volume_proxy 0 -0.0423342987 0.663373795 -0.00659677098 0 0 0
volume_proxy 5 1.39139297 -0.49241402 0.0013457934 0 0 0
volume_proxy 6 -0.0685835099 0.485125568 0.00582661738 0 0 0
volume_proxy 11 1.20982289 0.525834976 0.00739325617 0 0 0
volume_proxy 12 0.636534837 -0.329131432 0.00649500235 0 0 0
volume_proxy 14 -0.828116656 0.491653794 0.000922532003 0 0 0
volume_proxy 23 1.17849196 -0.968929768 -0.00483010328 0 0 0
volume_proxy 38 -0.658330037 -0.947694945 -0.0036282112 0 0 0
volume_proxy 40 -1.40894499 0.220686446 0.00963697092 0 0 0
volume_proxy 50 -1.05021743 -0.633249466 0.00293540764 0 0 0
volume_proxy 53 -1.13084858 0.514457805 0.00163755807 0 0 0
volume_proxy 58 0.91740014 -0.897069469 0.00104064413 0 0 0
volume_proxy 60 -0.00377142804 0.172057399 -0.0103945466 0 0 0
volume_proxy 85 -0.799217249 0.855056411 -0.00206534333 0 0 0
volume_proxy 97 0.589480371 0.935364176 0.00961115883 0 0 0
volume_proxy 107 1.29360054 0.040228101 0.00786474781 0 0 0
volume_proxy 127 -1.31871785 -0.967608054 0.0058566528 0 0 0
volume_proxy 130 0.57710535 0.840879339 -0.00483109813 0 0 0
volume_proxy 140 -0.97387307 0.894296023 0.00440378425 0 0 0
volume_proxy 157 0.71221651 0.116536253 0.00825813095 0 0 0
volume_proxy 159 1.37204499 0.354694104 -0.00178481399 0 0 0
volume_proxy 161 0.200197607 0.458664552 0.0047048811 0 0 0
volume_proxy 176 0.937037561 -0.449412687 -0.00891782762 0 0 0
volume_proxy 186 -0.815419847 -0.444146382 0.00707566836 0 0 0
volume_proxy 189 -1.25288223 0.744219422 0.00251886246 0 0 0
volume_proxy 195 -1.05400043 -0.572254868 0.00484654975 0 0 0
volume_proxy 196 0.789870774 0.0921433395 0.0072168789 0 0 0
volume_proxy 200 -0.754438956 -0.759846934 -0.00248193772 0 0 0
volume_proxy 202 0.385870115 0.63137106 -0.00958087141 0 0 0
volume_proxy 209 -1.00497224 -0.172683154 -0.0090832396 0 0 0
volume_proxy 210 -0.6168045 0.758154332 0.00443251076 0 0 0
volume_proxy 226 -0.16824052 -0.541181772 -0.00844177707 0 0 0
volume_proxy 236 1.4116695 0.0611729216 0.000966357242 0 0 0
volume_proxy 247 0.950555131 0.884607703 -0.00342294202 0 0 0
volume_proxy 256 -0.988840665 0.722621682 -0.00743889796 0 0 0
volume_proxy 259 0.362887278 0.927933349 0.00537084786 0 0 0
volume_proxy 269 -0.666724075 0.301336481 -0.00401026485 0 0 0
volume_proxy 277 -1.44430549 -0.327714033 -0.00511551829 0 0 0
volume_proxy 296 -1.48227029 0.563287113 -0.00591510604 0 0 0
volume_proxy 305 0.873542005 -0.782125975 0.00719060028 0 0 0
volume_proxy 310 -0.157865018 -0.243386147 -0.0029366309 0 0 0
volume_proxy 344 -1.22611813 0.434289597 -0.0105515862 0 0 0
volume_proxy 347 0.166650754 0.844933451 -0.00649774651 0 0 0
volume_proxy 356 -0.771897129 0.303100758 0.00823935873 0 0 0
volume_proxy 375 0.759219455 -0.718779028 0.0028453874 0 0 0
volume_proxy 388 1.37966512 -0.218787363 -0.00134644303 0 0 0
volume_proxy 802 1.02681708 -0.0837689006 -0.00519446171 0 0 0
volume_proxy 1052 -0.709154305 -0.717160814 -0.00279655216 0 0 0
volume_proxy 1066 -0.634960311 -0.0861391251 -0.00286111474 0 0 0
volume_proxy 1120 -0.274144494 -0.115983098 0.00477422174 0 0 0
volume_proxy 1166 -0.772692552 0.0467156026 0.00787421437 0 0 0
volume_proxy 1169 1.29708924 -0.57718355 0.00459350813 0 0 0
volume_proxy 1193 -1.03749155 -0.817778791 0.00606864477 0 0 0
volume_proxy 1225 -0.174519254 -0.321061053 0.00564358383 0 0 0
volume_proxy 1245 -1.40129024 -0.443878823 0.00593949954 0 0 0
volume_proxy 1280 -0.476668894 0.819164732 -0.00543616457 0 0 0
volume_proxy 1285 -1.20363224 0.350068532 -0.000952606811 0 0 0
volume_proxy 1295 0.0906875409 0.260275746 0.0105158473 0 0 0
volume_proxy 1296 0.274983693 -0.557558757 -0.009650285 0 0 0
volume_proxy 1340 1.18720951 0.987777418 -0.00707441287 0 0 0
volume_proxy 1380 -0.117730738 0.763167806 0.00746262601 0 0 0
volume_proxy 1386 1.38365722 0.200290307 -0.00583501695 0 0 0
volume_proxy 1397 1.08576403 0.742119383 0.00612819323 0 0 0
volume_proxy 1409 -0.290798795 0.349586683 0.0104423805 0 0 0
volume_proxy 1413 0.42687129 0.944816657 0.00602306465 0 0 0
volume_proxy 1422 0.629016354 -0.0435836119 0.00603230305 0 0 0
volume_proxy 1433 1.32650662 0.904989602 0.00748972868 0 0 0
volume_proxy 1434 -0.135613274 -0.811172701 0.000912050354 0 0 0
volume_proxy 1437 -0.00330075879 -0.110685852 0.000973626946 0 0 0
volume_proxy 1439 -0.026910372 0.76936228 0.00863370602 0 0 0
volume_proxy 1447 1.0291091 0.0434703145 0.000384212414 0 0 0
volume_proxy 1459 -1.3131727 0.354494627 0.00644217074 0 0 0
volume_proxy 1460 -0.117588066 0.367154831 -0.0102311323 0 0 0
volume_proxy 1461 -0.737788288 0.701182469 0.00988324911 0 0 0
volume_proxy 1466 -0.889887854 -0.178230671 0.00824569101 0 0 0
volume_proxy 1472 -0.812313498 0.579233088 -0.00688171096 0 0 0
volume_proxy 1474 0.805027118 -0.867143499 -0.000380073197 0 0 0
volume_proxy 1481 0.78449979 0.49373821 -0.00476125088 0 0 0
volume_proxy 1482 0.969877944 0.078844532 -0.00919935137 0 0 0
volume_proxy 1485 0.520694677 -0.187753491 -0.00623826619 0 0 0
volume_proxy 1489 0.376386812 -0.893821948 0.00488182386 0 0 0
volume_proxy 1490 0.971299879 0.704346454 -0.0104406492 0 0 0
volume_proxy 1494 1.1876627 -0.245101477 -0.00872354759 0 0 0
volume_proxy 1496 -1.13193559 0.17454107 0.00372270975 0 0 0
volume_proxy 1498 -0.232030822 0.20889884 0.00393070097 0 0 0
volume_proxy 1501 -0.458131903 -0.650140585 0.000769154121 0 0 0
volume_proxy 1503 0.158515414 0.311923257 -0.0100248261 0 0 0
volume_proxy 1506 0.371504262 0.831520831 0.00126903224 0 0 0
volume_proxy 1507 -1.06836764 -0.318044896 0.00773329817 0 0 0
volume_proxy 1508 -0.824981816 -0.65327384 0.0104803396 0 0 0
volume_proxy 1509 -1.48509181 0.52368603 -0.00782639076 0 0 0
volume_proxy 1510 0.0503856047 -0.769888617 0.00400141029 0 0 0
volume_proxy 1511 1.39492648 0.780798861 -0.0107565926 0 0 0
volume_proxy 1513 -1.37050935 0.749852401 0.00855007793 0 0 0
volume_proxy 1515 0.648868465 -0.0421205842 0.00917612599 0 0 0
volume_proxy 1516 -0.308179959 -0.846597687 -0.00613058779 0 0 0
volume_proxy 1517 -0.632712198 -0.805938524 0.000153341955 0 0 0
volume_proxy 1519 0.0398782603 -0.186134853 -0.0067126233 0 0 0
volume_proxy 1520 0.185783451 -0.0419137959 -0.00379816805 0 0 0
volume_proxy 1521 -0.967197349 -0.367641763 -0.00790275229 0 0 0
volume_proxy 1522 0.334891172 0.732995029 0.000975057532 0 0 0
volume_proxy 1523 1.33876997 -0.299018977 0.00408100547 0 0 0
volume_proxy 1525 -0.902936423 0.92403976 -0.00834343265 0 0 0
volume_proxy 1526 1.29086108 -0.342915022 0.00642814627 0 0 0
volume_proxy 1528 0.67585613 -0.990190976 0.0073014451 0 0 0
volume_proxy 1529 -0.852702984 -0.0287015629 0.00558711436 0 0 0
volume_proxy 1530 -1.11891611 -0.527922585 0.00866481725 0 0 0
volume_proxy 1531 0.599138666 0.530405116 -0.0038931196 0 0 0
