volume_proxy 0 -0.557213801 -0.563937154 0.00444873599 0 0 0
volume_proxy 6 -0.482605176 0.151119261 0.00512361965 0 0 0
volume_proxy 11 0.829727228 0.304835111 0.0080355606 0 0 0
volume_proxy 12 1.18124611 -0.626346838 0.00896682603 0 0 0
volume_proxy 14 -1.37562778 0.951784566 0.000128156612 0 0 0
volume_proxy 23 1.33766315 -0.226432847 -0.00392651928 0 0 0
volume_proxy 38 -0.905420919 -0.88033871 0.00950466688 0 0 0
volume_proxy 40 -1.49975241 -0.31601133 0.00767917962 0 0 0
volume_proxy 50 -1.28906469 -0.464631536 0.00397847001 0 0 0
volume_proxy 53 -1.48609339 0.803193502 -0.00497072868 0 0 0
volume_proxy 58 0.820912632 -0.162826425 0.000312481779 0 0 0
volume_proxy 60 -0.27774246 0.958122917 0.00326076707 0 0 0
volume_proxy 85 -0.731204313 0.55371136 0.00967570443 0 0 0
volume_proxy 97 0.595524362 0.577916964 -0.00278970329 0 0 0
volume_proxy 107 0.103908774 0.0628425682 0.00230883739 0 0 0
volume_proxy 127 -1.12184412 -0.74481058 -0.0064874666 0 0 0
volume_proxy 130 -0.0865293665 -0.813208811 0.00293474961 0 0 0
volume_proxy 140 0.232889214 -0.112509155 0.00760118306 0 0 0
volume_proxy 157 0.826227839 0.140611604 -0.00118789201 0 0 0
volume_proxy 159 0.160134688 0.516451949 0.00601420439 0 0 0
volume_proxy 161 -0.169043862 -0.268408266 0.00538080809 0 0 0
volume_proxy 176 0.904070373 0.435497892 0.0103239249 0 0 0
volume_proxy 186 -0.823173182 0.0568940697 -0.00626877595 0 0 0
volume_proxy 189 -0.756491598 -0.694096556 -0.0102739045 0 0 0
volume_proxy 195 -1.36968515 -0.849998723 0.00716081851 0 0 0
volume_proxy 196 -1.08944997 0.151414328 -0.00902139295 0 0 0
volume_proxy 200 -1.30966611 0.850948681 -0.00682219372 0 0 0
volume_proxy 202 -0.690295959 -0.0910321537 0.0106508318 0 0 0
volume_proxy 209 -0.930583097 0.0780733561 -0.00498479746 0 0 0
volume_proxy 210 0.430710993 0.442457614 0.00121406396 0 0 0
volume_proxy 226 1.4688702 0.369069514 0.00433915914 0 0 0
volume_proxy 236 0.889983059 -0.455667144 -0.0105873302 0 0 0
volume_proxy 247 0.102823511 -0.966261198 0.00217059014 0 0 0
volume_proxy 256 0.804403156 -0.82815188 -0.00161003178 0 0 0
volume_proxy 259 0.838885874 -0.301967367 0.000796703392 0 0 0
volume_proxy 269 -1.29003707 0.744988781 0.00896361369 0 0 0
volume_proxy 277 -1.17547416 -0.537197245 -0.00923634852 0 0 0
volume_proxy 296 -0.802863787 -0.0304471244 -0.00606457776 0 0 0
volume_proxy 305 0.49137837 -0.762442798 -0.00685712955 0 0 0
volume_proxy 310 1.04774785 0.748332494 0.00523511152 0 0 0
volume_proxy 344 -0.798472353 -0.474245612 -0.00859799338 0 0 0
volume_proxy 347 -0.59021039 0.882228959 -0.00941909715 0 0 0
volume_proxy 356 -0.497460892 0.381053196 -0.00493849455 0 0 0
volume_proxy 375 0.888076395 -0.573820848 0.00331498523 0 0 0
volume_proxy 388 1.31058058 -0.802756545 -0.00193989217 0 0 0
volume_proxy 1052 -0.827303868 -0.17106397 0.00850329241 0 0 0
volume_proxy 1066 -0.265480102 0.343537253 0.00534222765 0 0 0
volume_proxy 1120 -0.578912715 0.715021741 -0.00443922098 0 0 0
volume_proxy 1166 -0.694993777 -0.899464348 0.00867746245 0 0 0
volume_proxy 1193 -1.14740176 -0.0645714826 -0.0102755808 0 0 0
volume_proxy 1225 -1.34173488 -0.976256653 -0.00617603978 0 0 0
volume_proxy 1245 -1.23579618 0.921409553 0.00879753928 0 0 0
volume_proxy 1280 -1.38451322 0.958185667 0.00846537413 0 0 0
volume_proxy 1285 -0.649454484 0.523916646 -0.000496034478 0 0 0
volume_proxy 1295 0.559690049 0.46700978 0.0020106045 0 0 0
volume_proxy 1296 -0.408017674 -0.442578673 0.00559749892 0 0 0
volume_proxy 1340 1.18608412 -0.1480971 4.6311625e-05 0 0 0
volume_proxy 1380 -1.33546699 -0.116330424 0.00614630953 0 0 0
volume_proxy 1386 1.12505657 0.97932945 -0.00150985649 0 0 0
volume_proxy 1397 0.0802052321 0.701686519 -0.00819058674 0 0 0
volume_proxy 1409 0.40960752 0.491270422 -0.004000382 0 0 0
volume_proxy 1413 0.707097584 0.37405202 -0.00964859018 0 0 0
volume_proxy 1422 0.980866016 -0.554136872 0.00740351409 0 0 0
volume_proxy 1433 1.31880426 0.832584698 -0.00648839208 0 0 0
volume_proxy 1437 -0.359680992 -0.980307079 -0.00797226414 0 0 0
volume_proxy 1459 -0.651122192 -0.523222718 0.00450678091 0 0 0
volume_proxy 1460 -0.744473144 0.282495716 0.00939514501 0 0 0
volume_proxy 1461 -1.22212128 0.592048879 -0.00908405757 0 0 0
volume_proxy 1472 -1.0450564 -0.355155826 -0.00295427034 0 0 0
volume_proxy 1474 1.06514334 -0.0608997129 0.000180985068 0 0 0
volume_proxy 1481 -0.032355267 0.152534572 -0.0107215634 0 0 0
volume_proxy 1482 0.654161908 0.495223057 0.00313457947 0 0 0
volume_proxy 1485 0.837981565 -0.566897601 -0.00656579122 0 0 0
volume_proxy 1489 0.285679293 -0.775100439 -0.00620076719 0 0 0
volume_proxy 1490 0.939399955 0.609285289 -0.00632831744 0 0 0
volume_proxy 1496 -1.26084847 0.398172938 -0.00571206448 0 0 0
volume_proxy 1498 -0.085181234 -0.252449325 0.00935147988 0 0 0
volume_proxy 1503 -1.3730645 -0.495254643 -0.00343906491 0 0 0
volume_proxy 1506 0.512201152 0.710483549 -0.00834187139 0 0 0
volume_proxy 1507 -0.425804389 -0.846597955 0.00815972607 0 0 0
volume_proxy 1508 -0.736129161 -0.0793678934 -0.0099451428 0 0 0
volume_proxy 1509 -1.2124921 0.00684435601 -0.00103930014 0 0 0
volume_proxy 1513 -1.37150188 0.348984826 0.00744200732 0 0 0
volume_proxy 1515 0.316594227 -0.771834123 0.000970656346 0 0 0
volume_proxy 1516 -0.177219085 -0.764647811 0.000162462861 0 0 0
volume_proxy 1517 -1.20517837 -0.463939142 0.00986619217 0 0 0
volume_proxy 1519 0.394769321 0.283884939 0.00114325565 0 0 0
volume_proxy 1520 0.0802827024 -0.516398076 -0.00824974776 0 0 0
volume_proxy 1521 -1.39213098 -0.950973551 0.00768796076 0 0 0
volume_proxy 1523 -0.0308038147 -0.372776671 -0.00485488753 0 0 0
volume_proxy 1525 -0.642224058 0.838954713 0.00660096573 0 0 0
volume_proxy 1526 1.4898041 -0.101716932 -0.00443730525 0 0 0
volume_proxy 1528 1.1377136 -0.763197247 0.00328304705 0 0 0
volume_proxy 1529 -0.870831857 -0.00639712743 -0.0104083122 0 0 0
volume_proxy 1531 0.301502279 0.992360542 -0.00833076993 0 0 0
volume_proxy 1533 0.982126074 0.361885386 -0.000552444392 0 0 0
volume_proxy 1534 -0.850680702 0.311881746 -0.010055823 0 0 0
volume_proxy 1537 -0.70757694 -0.734500475 0.00954078951 0 0 0
volume_proxy 1538 1.27729784 -0.204962712 -0.00495742575 0 0 0
volume_proxy 1539 0.399085295 0.73901394 -0.00237911333 0 0 0
volume_proxy 1540 1.24297425 0.0880830366 -0.000139008888 0 0 0
volume_proxy 1541 -0.573017367 -0.783654247 0.00182891243 0 0 0
