volume_proxy 0 0.143327054 0.397713192 -0.00817541745 0 0 0
volume_proxy 5 0.933871949 -0.565330766 -0.00433319647 0 0 0
volume_proxy 6 -0.1648621 0.0568784 -0.00118190756 0 0 0
volume_proxy 11 0.965462145 0.451257921 -0.00978225998 0 0 0
volume_proxy 12 0.415770748 -0.320197694 0.00796172649 0 0 0
volume_proxy 14 -0.615024341 0.798762402 0.00634943561 0 0 0
volume_proxy 23 1.03803209 -0.991439108 0.00283459557 0 0 0
volume_proxy 38 -0.576980623 -0.677352774 0.00428590408 0 0 0
volume_proxy 40 -1.00852356 -0.276053679 -0.000922304685 0 0 0
volume_proxy 50 -0.878381634 -0.468385574 -0.00455725907 0 0 0
volume_proxy 53 -1.32723936 0.386555225 -0.00161834191 0 0 0
volume_proxy 58 0.693159193 -0.994421861 0.00744782044 0 0 0
volume_proxy 60 -0.172436023 0.184395052 -0.00869427966 0 0 0
volume_proxy 85 -1.22483085 0.954207248 -0.00362983839 0 0 0
volume_proxy 97 0.579351604 0.58703989 0.00726232947 0 0 0
volume_proxy 107 1.34314971 -0.242705054 0.00991733526 0 0 0
volume_proxy 127 -1.32679677 -0.564881661 0.00128959476 0 0 0
volume_proxy 130 0.776708458 0.990789412 -0.00228118404 0 0 0
volume_proxy 140 -1.0503038 0.68426823 0.00110718324 0 0 0
volume_proxy 157 0.938249141 0.482474325 0.00558922757 0 0 0
volume_proxy 159 1.18165694 0.771068262 0.00576861932 0 0 0
volume_proxy 161 0.43972794 0.511807262 -8.31557112e-05 0 0 0
volume_proxy 176 0.67368967 -0.13180246 -0.00865596182 0 0 0
volume_proxy 186 -1.03598687 -0.383467646 -0.000948412174 0 0 0
volume_proxy 189 -1.15196014 0.74970961 -0.00983672428 0 0 0
volume_proxy 195 -0.810996318 -0.117396297 -0.0013051609 0 0 0
volume_proxy 196 0.664700384 0.374010141 -5.20324847e-05 0 0 0
volume_proxy 200 -0.949294504 -0.797093023 -0.00381702665 0 0 0
volume_proxy 202 -0.0261946032 0.958597873 -0.00450080988 0 0 0
volume_proxy 209 -1.04936477 -0.620234439 0.00128240797 0 0 0
volume_proxy 210 -0.555525001 0.883675856 0.0032759752 0 0 0
volume_proxy 226 -0.255240864 -0.192199611 -0.00778055464 0 0 0
volume_proxy 236 1.46601378 0.19256023 0.00190709297 0 0 0
volume_proxy 247 0.49936826 0.78070325 -0.0104297879 0 0 0
volume_proxy 256 -1.21268615 0.979829918 -0.00457080718 0 0 0
volume_proxy 259 0.588459898 0.635361378 0.00764176421 0 0 0
volume_proxy 269 -0.710847852 0.170669879 0.00482009295 0 0 0
volume_proxy 277 -1.39914246 -0.137602527 0.00735542315 0 0 0
volume_proxy 296 -1.45774381 0.423265217 0.00660950539 0 0 0
volume_proxy 305 1.35519494 -0.601684094 -0.00386866709 0 0 0
volume_proxy 310 0.0364580291 -0.949253573 0.00829505068 0 0 0
volume_proxy 344 -0.981365003 0.437137344 0.00455554864 0 0 0
volume_proxy 347 -0.0392746402 0.937408693 0.00568890438 0 0 0
volume_proxy 356 -0.957809653 0.577576848 -0.00444546922 0 0 0
volume_proxy 375 1.13041603 -0.679753639 0.00320712574 0 0 0
volume_proxy 388 1.03227677 -0.0979227244 -0.0032909754 0 0 0
volume_proxy 802 1.37878792 -0.325130087 -0.00385394788 0 0 0
volume_proxy 1052 -1.02919564 -0.85019532 -0.000314306494 0 0 0
volume_proxy 1066 -0.798178745 0.186990187 0.0035892953 0 0 0
volume_proxy 1120 -0.278030821 0.173358404 0.0099448227 0 0 0
volume_proxy 1166 -0.695059731 0.403922298 -0.00757383465 0 0 0
volume_proxy 1169 1.11377479 -0.711093379 -0.00457792736 0 0 0
volume_proxy 1193 -1.20420979 -0.675900978 -0.00528658498 0 0 0
volume_proxy 1225 -0.145732477 -0.375417896 0.003184712 0 0 0
volume_proxy 1245 -1.47737314 -0.197133556 0.00650845452 0 0 0
volume_proxy 1280 -0.646600545 0.729966828 -0.000979305044 0 0 0
volume_proxy 1285 -1.37942617 0.225579555 -0.00937044629 0 0 0
volume_proxy 1295 -0.130257507 -0.20884779 0.00025047379 0 0 0
volume_proxy 1296 0.367130855 -0.543394305 0.00114775486 0 0 0
volume_proxy 1340 1.19718694 0.789517875 -0.00238821274 0 0 0
volume_proxy 1380 -0.350185596 0.863256534 -0.0101516727 0 0 0
volume_proxy 1386 1.31407971 0.493350755 0.00368947269 0 0 0
volume_proxy 1397 1.17689522 0.85732389 -0.00993064622 0 0 0
volume_proxy 1409 -0.0582434639 0.771097686 0.00123520614 0 0 0
volume_proxy 1413 0.915784404 0.791025967 -0.000440475193 0 0 0
volume_proxy 1422 0.763871585 -0.00467303372 0.00486645806 0 0 0
volume_proxy 1433 1.17596226 0.882475881 -0.00604652767 0 0 0
volume_proxy 1434 -0.107464919 -0.970600478 -0.00781410185 0 0 0
volume_proxy 1437 -0.151996693 0.154008251 -0.0046225938 0 0 0
volume_proxy 1439 -0.0956991901 0.714960284 -0.00163228269 0 0 0
volume_proxy 1447 1.01432875 0.00813435456 -0.00197403168 0 0 0
volume_proxy 1459 -1.09367589 0.589450228 0.00597701895 0 0 0
volume_proxy 1460 0.0263318127 0.529999357 0.00843156742 0 0 0
volume_proxy 1461 -0.567851066 0.94666639 0.00479255695 0 0 0
volume_proxy 1466 -0.847236593 0.0656900264 -0.00444424425 0 0 0
volume_proxy 1472 -0.671931325 0.32878476 0.00890827665 0 0 0
volume_proxy 1474 0.760379063 -0.77430543 0.00669894722 0 0 0
volume_proxy 1481 0.78326134 0.4067587 0.00984813898 0 0 0
volume_proxy 1482 1.0678724 0.262622526 -0.00318451782 0 0 0
volume_proxy 1485 0.380822248 -0.434694003 -0.00341700497 0 0 0
volume_proxy 1489 0.0347935198 -0.660382809 -0.00885971943 0 0 0
volume_proxy 1490 1.11381624 0.928468313 -0.00738189167 0 0 0
volume_proxy 1494 1.26656644 -0.212356005 0.00568724046 0 0 0
volume_proxy 1496 -1.07005631 0.425407852 0.000623113891 0 0 0
volume_proxy 1498 -0.156195631 0.387172833 0.00384778727 0 0 0
volume_proxy 1501 -0.425254841 -0.595816531 0.0013600016 0 0 0
volume_proxy 1503 0.0863493751 0.203401914 0.00117574729 0 0 0
volume_proxy 1506 0.416349721 0.758510473 -0.00591364246 0 0 0
volume_proxy 1507 -1.17034026 -0.419286735 0.00349583818 0 0 0
volume_proxy 1508 -0.904420711 -0.79602625 -0.00761899165 0 0 0
volume_proxy 1509 -1.31759132 0.541263588 -0.00904618223 0 0 0
volume_proxy 1510 -0.0467970156 -0.776869164 -0.00784397953 0 0 0
volume_proxy 1511 1.21124599 0.591046154 -0.00302724521 0 0 0
volume_proxy 1513 -1.31128428 0.831777205 -0.00348246005 0 0 0
volume_proxy 1515 0.629604143 0.281687759 0.000235868707 0 0 0
volume_proxy 1516 -0.391712805 -0.955911526 -0.0035028229 0 0 0
volume_proxy 1517 -0.666812536 -0.504547262 0.00950860948 0 0 0
volume_proxy 1519 0.13201291 -0.308046734 -0.00687344295 0 0 0
volume_proxy 1520 0.245262724 -0.235553264 0.00354333902 0 0 0
volume_proxy 1521 -0.747615231 -0.208999973 -0.00545785657 0 0 0
volume_proxy 1522 0.556627704 0.64013842 -0.00201847983 0 0 0
volume_proxy 1523 1.46435103 -0.0777584626 -0.00116507263 0 0 0
volume_proxy 1525 -1.02711846 0.881272446 -0.006512757 0 0 0
volume_proxy 1526 1.10436018 -0.295293914 -0.00273061261 0 0 0
volume_proxy 1528 0.756323696 -0.628912072 -0.00592065429 0 0 0
volume_proxy 1529 -0.896789939 0.106440702 0.0103952881 0 0 0
volume_proxy 1530 -0.984448814 -0.383509922 -0.00550102826 0 0 0
volume_proxy 1531 0.489934618 0.668351817 -0.000800957626 0 0 0
