volume_proxy 0 1.49755235 -0.251457159 0.00308357741 0 0 0
volume_proxy 5 0.330166799 0.427887233 -0.00723444642 0 0 0
volume_proxy 6 0.486330867 -0.0850541549 -0.000724664849 0 0 0
volume_proxy 11 0.570535863 0.603122535 -0.00934992529 0 0 0
volume_proxy 12 1.18694519 -0.276415009 0.006451367 0 0 0
volume_proxy 14 -0.105951855 0.0428771454 -0.00617822756 0 0 0
volume_proxy 23 -0.372915475 0.0436899609 0.00296719862 0 0 0
volume_proxy 38 0.540187568 -0.192931548 -0.00218840595 0 0 0
volume_proxy 40 0.134735284 -0.918574112 -0.00379223329 0 0 0
volume_proxy 50 -0.689248877 -0.518569036 0.00770903091 0 0 0
volume_proxy 53 -0.45476891 -0.0738174428 0.00340262328 0 0 0
volume_proxy 58 1.27892414 -0.506763462 0.00310383126 0 0 0
volume_proxy 60 0.329478884 0.646771697 -0.00908362184 0 0 0
volume_proxy 61 -0.0241620017 -0.840902112 0.0073948918 0 0 0
volume_proxy 72 0.247306242 -0.21406562 0.0107065852 0 0 0
volume_proxy 81 -0.778254168 -0.858555971 0.00933806013 0 0 0
volume_proxy 85 -0.426664086 -0.115799679 -0.00590553245 0 0 0
volume_proxy 88 -0.650854842 -0.580732572 -0.00752231104 0 0 0
volume_proxy 97 1.37739144 -0.46248441 -0.00234006282 0 0 0
volume_proxy 101 -0.893452334 0.881665357 -0.00402478355 0 0 0
volume_proxy 105 -0.0071388784 -0.870810798 0.0031105098 0 0 0
volume_proxy 106 -0.24344865 -0.712450693 0.00826567115 0 0 0
volume_proxy 107 1.04737695 0.2387956 -0.0092336251 0 0 0
volume_proxy 108 1.20970227 0.488739128 0.00867943884 0 0 0
volume_proxy 127 -0.841631993 0.659088254 -0.00540121991 0 0 0
volume_proxy 130 1.02465286 0.360146125 -0.010464209 0 0 0
volume_proxy 132 0.681706551 0.758476749 0.0097312008 0 0 0
volume_proxy 140 -0.494973765 0.334377949 -0.00695345202 0 0 0
volume_proxy 145 -1.49165082 -0.638816755 0.00818895433 0 0 0
volume_proxy 157 0.645846618 -0.0879328303 0.00828077007 0 0 0
volume_proxy 159 0.0508194648 -0.778280372 -0.00486606233 0 0 0
volume_proxy 161 -0.0361404783 -0.00758520301 0.00259809061 0 0 0
volume_proxy 176 0.372080722 -0.593728393 0.00725591669 0 0 0
volume_proxy 178 -1.32453081 0.987335759 -0.00475960244 0 0 0
volume_proxy 186 -0.205279366 0.432088571 0.00355802664 0 0 0
volume_proxy 189 -1.49610127 0.548657947 -9.31860124e-05 0 0 0
volume_proxy 195 -0.0962198249 -0.199566522 -0.00618680617 0 0 0
volume_proxy 196 0.360546193 0.488675011 0.0106169474 0 0 0
volume_proxy 200 0.0585689955 -0.84641155 -0.00868261925 0 0 0
volume_proxy 202 -1.20644443 0.823859853 -0.00774175718 0 0 0
volume_proxy 209 -1.09245015 -0.0552488052 -0.00641451376 0 0 0
volume_proxy 210 -0.61596829 -0.124688694 -0.00420561359 0 0 0
volume_proxy 224 0.635693002 -0.985410182 -0.00297119731 0 0 0
volume_proxy 226 -0.6048151 -0.249410081 0.00904912765 0 0 0
volume_proxy 236 0.486776353 0.0510926355 -0.00336773839 0 0 0
volume_proxy 244 1.0884282 0.510766679 0.00704570506 0 0 0
volume_proxy 247 0.720206217 0.219298627 -0.00746999649 0 0 0
volume_proxy 256 -0.358995246 -0.203455476 0.00120575224 0 0 0
volume_proxy 259 0.0686388988 -0.475845129 -0.0091878651 0 0 0
volume_proxy 269 0.196107338 -0.679480006 0.00872093442 0 0 0
volume_proxy 276 0.692974145 -0.226454967 0.00728179464 0 0 0
volume_proxy 277 -0.377589515 -0.391463943 -0.004116884 0 0 0
volume_proxy 294 0.286056228 0.240961846 0.0042649754 0 0 0
volume_proxy 296 -0.142097782 -0.0149129895 -0.009219852 0 0 0
volume_proxy 298 1.25624097 -0.803352243 0.00202127361 0 0 0
volume_proxy 305 0.485395432 -0.00304914993 0.00311303843 0 0 0
volume_proxy 310 1.32951442 0.452289813 -0.00759309099 0 0 0
volume_proxy 311 1.44214848 -0.316850319 0.00796975246 0 0 0
volume_proxy 329 -0.942642654 -0.0652528913 0.00264288002 0 0 0
volume_proxy 337 -1.10250063 0.540720727 0.00562902348 0 0 0
volume_proxy 344 0.00216758186 0.233718141 0.0104780116 0 0 0
volume_proxy 347 -0.315375985 -0.737095198 0.00397189746 0 0 0
volume_proxy 349 0.445744851 -0.400549319 0.0104274097 0 0 0
volume_proxy 356 0.321345517 0.359512167 0.00531096637 0 0 0
volume_proxy 375 1.07796905 -0.162386525 0.00702591441 0 0 0
volume_proxy 388 -1.04858313 0.743841768 -0.00856794205 0 0 0
volume_proxy 399 0.323713061 -0.609686351 0.00766397627 0 0 0
volume_proxy 409 0.379137427 -0.974381939 0.00223683284 0 0 0
volume_proxy 431 -1.47111712 -0.714130276 -0.00429308924 0 0 0
volume_proxy 512 0.134581292 -0.968949443 7.22139299e-06 0 0 0
volume_proxy 518 1.29350641 0.746127011 -0.0048909351 0 0 0
volume_proxy 591 -0.376787238 -0.110421973 0.00233197134 0 0 0
volume_proxy 682 0.0928526537 -0.724088042 -0.00983878443 0 0 0
volume_proxy 751 -0.537006037 -0.835106455 0.00572510128 0 0 0
volume_proxy 802 1.13991094 -0.520296034 0.0106237937 0 0 0
volume_proxy 876 -0.0484958911 -0.295096747 -0.00608484166 0 0 0
volume_proxy 904 -0.35363545 0.66035197 -0.00861406541 0 0 0
volume_proxy 914 0.195923603 -0.798787707 -0.00637723666 0 0 0
volume_proxy 929 -1.10478646 -0.621829106 0.00982928932 0 0 0
volume_proxy 944 0.40822469 -0.822601422 -0.00623794016 0 0 0
volume_proxy 991 -1.35625306 -0.673559511 0.00163905218 0 0 0
volume_proxy 1020 -1.38150006 0.743431737 -0.00334946117 0 0 0
volume_proxy 1021 -0.655384764 -0.996274652 -0.000895401667 0 0 0
volume_proxy 1052 -0.140552558 -0.187435769 -0.0081703713 0 0 0
volume_proxy 1066 0.89850495 0.528880743 7.22021491e-05 0 0 0
volume_proxy 1093 0.202611253 -0.267481515 0.0100019478 0 0 0
volume_proxy 1098 0.448640039 0.761663115 -0.00185021698 0 0 0
volume_proxy 1118 -0.0804785646 -0.453771999 -0.00493452674 0 0 0
volume_proxy 1120 -0.235234798 0.640871288 0.00365039524 0 0 0
volume_proxy 1133 0.813415678 -0.714885152 -0.00473271349 0 0 0
volume_proxy 1137 -0.441618713 0.114026716 -0.00676580327 0 0 0
volume_proxy 1138 1.37950208 -0.76896997 0.00922091702 0 0 0
volume_proxy 1151 0.496509069 -0.972761004 0.00439634298 0 0 0
volume_proxy 1166 -0.955884382 0.482465165 0.00256142533 0 0 0
volume_proxy 1169 1.46190348 -0.675293542 -0.00963671052 0 0 0
volume_proxy 1172 -0.228874681 0.344129435 0.00919698779 0 0 0
volume_proxy 1180 -1.16081503 0.0736282665 0.00126274064 0 0 0
volume_proxy 1186 -0.722146076 -0.948336779 -0.00336198102 0 0 0
volume_proxy 1193 -0.789673536 -0.157108051 0.002523946 0 0 0
volume_proxy 1195 -1.46785557 -0.639904088 -0.00652569424 0 0 0
volume_proxy 1197 -0.496898505 -0.590337241 -0.00487676243 0 0 0
volume_proxy 1208 -0.502296948 -0.023551362 0.00730604248 0 0 0
volume_proxy 1209 -1.36239536 0.569987947 -0.0103682284 0 0 0
volume_proxy 1210 -1.20474852 0.960735097 0.00636243338 0 0 0
volume_proxy 1217 -0.407599409 0.53011652 0.0104552978 0 0 0
volume_proxy 1219 -0.793339535 0.710464875 -0.00320609898 0 0 0
volume_proxy 1225 0.0112881048 -0.367790307 -0.00925798443 0 0 0
volume_proxy 1230 0.860270472 -0.167161547 -0.00214163007 0 0 0
volume_proxy 1237 0.0359533809 0.960076544 -0.0094068038 0 0 0
volume_proxy 1238 0.489943971 0.559317041 0.00997179083 0 0 0
volume_proxy 1245 -1.48673304 0.921090887 -0.0019377167 0 0 0
volume_proxy 1255 1.30503971 -0.783414021 0.00571627865 0 0 0
volume_proxy 1259 -0.979850876 0.903654199 0.00491491663 0 0 0
volume_proxy 1264 0.218725055 -0.548019612 0.00922973693 0 0 0
volume_proxy 1270 0.0720004462 0.0914089093 0.00535780215 0 0 0
volume_proxy 1273 -0.528918357 0.389115499 -0.00338813587 0 0 0
volume_proxy 1280 -1.01211284 0.257551076 -0.0018666932 0 0 0
volume_proxy 1285 -1.19514456 0.675178338 0.0106856484 0 0 0
volume_proxy 1292 0.0235177635 0.211058688 0.00830774343 0 0 0
volume_proxy 1293 -0.174964002 -0.973722675 0.00602222138 0 0 0
volume_proxy 1295 -1.3069854 0.714912114 0.00797486305 0 0 0
volume_proxy 1296 0.193102934 -0.113147691 0.000814373214 0 0 0
volume_proxy 1297 0.00642307288 -0.826626653 -0.00372634136 0 0 0
volume_proxy 1298 -1.11194925 -0.840103053 0.00462935337 0 0 0
volume_proxy 1301 -0.439079372 0.846524917 -0.00718188569 0 0 0
volume_proxy 1303 -0.885866529 0.918956067 0.0034410158 0 0 0
volume_proxy 1308 -0.323532299 0.581631899 -0.00438014541 0 0 0
volume_proxy 1315 -1.08521414 -0.594123878 -0.000927304797 0 0 0
volume_proxy 1318 0.93146325 -0.527536605 -0.00155245762 0 0 0
volume_proxy 1325 -0.494618786 -0.751430844 -0.00261748419 0 0 0
volume_proxy 1326 -0.319983762 -0.22025379 -0.00515032856 0 0 0
volume_proxy 1330 0.512039816 0.0826449208 0.002275032 0 0 0
volume_proxy 1331 0.264200564 0.220141471 0.00138113121 0 0 0
volume_proxy 1334 -1.32939179 -0.203482147 0.00295798086 0 0 0
volume_proxy 1335 0.425312214 -0.309430676 -0.00924224267 0 0 0
volume_proxy 1336 0.528609122 -0.136799572 0.0055339179 0 0 0
volume_proxy 1340 0.37271386 0.602063515 0.00836851164 0 0 0
volume_proxy 1341 -1.0624872 -0.302152548 0.00412666143 0 0 0
volume_proxy 1345 0.387358431 -0.598584482 -0.00643725831 0 0 0
volume_proxy 1347 -0.0178346648 0.515990003 0.000847641361 0 0 0
volume_proxy 1348 1.22678295 -0.732651288 0.00380058945 0 0 0
volume_proxy 1349 -1.12340761 -0.30144559 0.00316737507 0 0 0
volume_proxy 1354 -0.250209062 -0.115274921 -0.00205248701 0 0 0
volume_proxy 1357 -1.39189363 -0.0349330257 0.00556916868 0 0 0
volume_proxy 1358 -0.389066796 -0.18707916 -0.00203588502 0 0 0
volume_proxy 1361 1.35118911 0.840054878 -0.0102366787 0 0 0
volume_proxy 1366 1.08055682 0.475267569 -0.00831358787 0 0 0
volume_proxy 1367 -0.786039442 -0.699878788 0.00960362165 0 0 0
volume_proxy 1368 0.661884452 -0.953690787 0.00847200404 0 0 0
volume_proxy 1369 0.712706306 0.972669889 -2.83484277e-05 0 0 0
volume_proxy 1378 0.661330512 -0.542857866 0.000255529618 0 0 0
volume_proxy 1379 0.380733283 0.557566426 0.00722245758 0 0 0
volume_proxy 1380 -0.344069685 0.728908808 -0.00226855766 0 0 0
volume_proxy 1381 0.643150814 0.55486594 -0.00576413974 0 0 0
volume_proxy 1382 -0.210288737 -0.167238114 0.000250377819 0 0 0
volume_proxy 1383 -1.35650382 0.456136863 -0.000869700677 0 0 0
volume_proxy 1384 0.320250362 -0.0194450332 0.00157782253 0 0 0
volume_proxy 1385 1.01791795 0.97304771 -0.00838339725 0 0 0
volume_proxy 1386 0.636482552 0.623534138 -0.00463855597 0 0 0
volume_proxy 1388 0.149853058 0.14097307 -0.00719234174 0 0 0
volume_proxy 1389 -0.0751181102 0.64139266 0.00651368723 0 0 0
volume_proxy 1390 -1.45712014 0.513924923 -0.0021707869 0 0 0
volume_proxy 1391 0.717655374 -0.147806627 -0.00150359277 0 0 0
volume_proxy 1392 -0.155975653 -0.991433651 -0.00982757321 0 0 0
volume_proxy 1395 1.34877447 0.107084245 0.00649198864 0 0 0
volume_proxy 1396 -0.859460203 -0.872807762 0.00747502146 0 0 0
volume_proxy 1397 -0.210284221 0.704467134 -0.00333712461 0 0 0
volume_proxy 1398 -1.11894234 0.441384775 0.00289662372 0 0 0
volume_proxy 1401 1.05972649 0.495476366 0.00942103368 0 0 0
volume_proxy 1403 0.575857661 0.150060881 -0.0066767117 0 0 0
volume_proxy 1405 0.765272623 0.331001223 -0.0103227962 0 0 0
volume_proxy 1406 -0.0516835109 -0.570051592 -0.00403549539 0 0 0
volume_proxy 1408 0.142375562 0.465020877 -0.00914524405 0 0 0
volume_proxy 1409 1.10121625 0.443786232 -0.00807966313 0 0 0
volume_proxy 1410 0.202615979 0.436642636 -0.000350991627 0 0 0
volume_proxy 1411 0.785647808 0.792290799 -0.00271349313 0 0 0
volume_proxy 1412 1.04533992 -0.183703444 -0.00162866897 0 0 0
volume_proxy 1413 0.905151238 0.736329108 -0.00708568275 0 0 0
volume_proxy 1414 1.14189842 0.737119445 0.0102204162 0 0 0
volume_proxy 1415 1.3914206 0.0230911739 -0.00916427945 0 0 0
volume_proxy 1418 -1.36456153 0.0166330905 -0.00575519301 0 0 0
volume_proxy 1419 -1.40573297 -0.972978526 -0.00411302601 0 0 0
