volume_proxy 0 -0.684520114 -0.140826954 0.00592728387 0 0 0
volume_proxy 6 -0.0989795942 0.0659472975 -0.00556445755 0 0 0
volume_proxy 11 0.90442801 0.491692443 0.00149836565 0 0 0
volume_proxy 12 1.35143618 -0.45368705 -0.00920140361 0 0 0
volume_proxy 14 -1.4028268 0.558445048 -0.00236166638 0 0 0
volume_proxy 23 1.27092357 -0.0915545107 0.00221649233 0 0 0
volume_proxy 38 -0.797705064 -0.731172781 -0.00698956448 0 0 0
volume_proxy 40 -1.46875121 -0.212365223 0.00838785554 0 0 0
volume_proxy 50 -1.37326151 -0.723644819 -0.00364603541 0 0 0
volume_proxy 53 -1.41466425 0.244662418 0.00255838454 0 0 0
volume_proxy 58 0.370105744 -0.362059113 0.0107656871 0 0 0
volume_proxy 60 -0.555658145 0.601171171 0.00320577593 0 0 0
volume_proxy 85 -1.08989974 0.903810995 0.00556309447 0 0 0
volume_proxy 97 0.5894285 0.831552087 -0.00708537129 0 0 0
volume_proxy 107 0.143162015 0.651158654 -0.00576774776 0 0 0
volume_proxy 127 -1.49727074 -0.685317952 0.00213239418 0 0 0
volume_proxy 130 -0.0684324696 -0.49535868 0.00521355046 0 0 0
volume_proxy 140 0.902263046 0.0499569361 0.00856508457 0 0 0
volume_proxy 157 0.497941914 0.283128722 0.0092953044 0 0 0
volume_proxy 159 0.0435434489 0.734909234 -0.00105443405 0 0 0
volume_proxy 161 -0.173215091 0.0508024843 -0.00168830726 0 0 0
volume_proxy 176 1.17809662 0.33303738 0.00304178147 0 0 0
volume_proxy 186 -0.734042098 0.174904549 0.000429389616 0 0 0
volume_proxy 189 -0.753653253 -0.758518162 0.00290310234 0 0 0
volume_proxy 195 -0.902647569 -0.778083973 0.00936689161 0 0 0
volume_proxy 196 -1.4342118 -0.0324593182 -0.00319643596 0 0 0
volume_proxy 200 -1.43992578 0.828651267 0.00878093799 0 0 0
volume_proxy 202 -0.819808687 -0.499630906 0.00527587567 0 0 0
volume_proxy 209 -1.12118809 -0.0678226732 0.00368728955 0 0 0
volume_proxy 210 0.461133202 0.17392554 -0.00699346071 0 0 0
volume_proxy 226 1.09671718 0.190241855 -0.00386235327 0 0 0
volume_proxy 236 0.387045693 0.726414532 -0.000635534802 0 0 0
volume_proxy 247 -0.045377292 -0.749256816 -0.0017929748 0 0 0
volume_proxy 256 0.650645971 -0.807457108 0.00798117616 0 0 0
volume_proxy 259 0.954104288 0.089002335 0.000568615642 0 0 0
volume_proxy 269 -1.45048225 0.633293021 -0.00626155767 0 0 0
volume_proxy 277 -1.20242711 0.181202831 0.0043133383 0 0 0
volume_proxy 296 -0.408752554 -0.194035303 0.00532826762 0 0 0
volume_proxy 305 0.226427818 -0.449221874 0.00611956081 0 0 0
volume_proxy 310 1.47982498 0.50491842 0.0045049695 0 0 0
volume_proxy 344 -0.289886885 -0.469067846 -0.00350253433 0 0 0
volume_proxy 347 -0.927011897 0.706097635 0.00916915574 0 0 0
volume_proxy 356 -0.828581756 0.25455863 -0.00366034538 0 0 0
volume_proxy 375 1.46188645 -0.131178345 0.010375463 0 0 0
volume_proxy 388 1.41648502 -0.165963015 -0.000747349278 0 0 0
volume_proxy 1052 -1.49960012 -0.362029573 -0.00145448045 0 0 0
volume_proxy 1066 -0.278746306 -0.00398945042 -0.00908295628 0 0 0
volume_proxy 1120 -1.13429383 0.746474004 0.000301909954 0 0 0
volume_proxy 1166 -0.803927724 -0.917113801 0.00854795412 0 0 0
volume_proxy 1193 -0.897200397 -0.181774548 -0.00150212885 0 0 0
volume_proxy 1225 -1.20764454 -0.728827939 0.00117080545 0 0 0
volume_proxy 1245 -1.24354097 0.876871896 0.00105516618 0 0 0
volume_proxy 1280 -1.30125607 0.891180491 0.0092457435 0 0 0
volume_proxy 1285 -0.61921162 0.613974391 0.00531677439 0 0 0
volume_proxy 1295 0.78692752 0.581198923 0.00595653418 0 0 0
volume_proxy 1296 -0.246326282 -0.291797186 0.00401908754 0 0 0
volume_proxy 1340 1.4678372 -0.0111832793 -0.00576745148 0 0 0
volume_proxy 1380 -1.38378955 -0.513027093 0.00310280046 0 0 0
volume_proxy 1386 1.06501546 0.472091421 -0.00490962857 0 0 0
volume_proxy 1397 0.35293468 0.754060621 -0.00953356201 0 0 0
volume_proxy 1409 0.5614539 0.17570083 0.00680882385 0 0 0
volume_proxy 1413 0.531027586 0.239359069 0.0076881316 0 0 0
volume_proxy 1422 1.462525 -0.970418162 -0.00553162825 0 0 0
volume_proxy 1433 1.38295201 0.787525926 0.00508871065 0 0 0
volume_proxy 1459 -0.986210373 -0.406857735 0.00368485127 0 0 0
volume_proxy 1460 -1.07429854 0.154039567 0.00973069832 0 0 0
volume_proxy 1461 -1.22722697 0.295579683 0.0077522568 0 0 0
volume_proxy 1472 -1.16172018 -0.278708994 0.00989213413 0 0 0
volume_proxy 1474 1.27473517 -0.0872965849 -0.00428378344 0 0 0
volume_proxy 1481 -0.462345103 0.475587039 -0.00295433003 0 0 0
volume_proxy 1482 0.682410526 0.221295266 0.00449103446 0 0 0
volume_proxy 1485 0.634880752 -0.136761122 0.00138792571 0 0 0
volume_proxy 1489 0.10990729 -0.807890579 0.00450573068 0 0 0
volume_proxy 1490 0.533582368 0.685618373 -0.000917636439 0 0 0
volume_proxy 1496 -1.39742373 0.504483454 0.00656029294 0 0 0
volume_proxy 1498 -0.231863509 -0.228559578 0.0092781304 0 0 0
volume_proxy 1503 -1.468555 -0.987790356 -0.00912669256 0 0 0
volume_proxy 1506 0.0698838593 0.748873517 -0.00316021585 0 0 0
volume_proxy 1507 -0.0313554444 -0.0868996385 0.00710062593 0 0 0
volume_proxy 1508 -1.00536307 0.2881786 0.00141801982 0 0 0
volume_proxy 1509 -1.17029997 -0.241652654 0.0030451503 0 0 0
volume_proxy 1513 -1.33017082 -0.0328465423 0.00675899374 0 0 0
volume_proxy 1515 0.0762421318 -0.98572135 0.0078588352 0 0 0
volume_proxy 1516 -0.0072204477 -0.611053659 -0.00911758063 0 0 0
volume_proxy 1517 -1.33715647 -0.602238588 -0.00803767938 0 0 0
volume_proxy 1519 0.360282379 0.597967151 -0.00749962036 0 0 0
volume_proxy 1520 -0.0579740502 -0.472393366 0.00283047475 0 0 0
volume_proxy 1521 -1.25219696 -0.390457154 0.00996941813 0 0 0
volume_proxy 1523 -0.011815238 -0.315253322 -0.00132273341 0 0 0
volume_proxy 1525 -0.445726527 0.84022617 0.00194742486 0 0 0
volume_proxy 1526 1.35811303 -0.135609469 -0.00528565406 0 0 0
volume_proxy 1528 1.02573748 -0.765851837 0.00306259692 0 0 0
volume_proxy 1529 -0.968113545 -0.195298076 0.0071342385 0 0 0
volume_proxy 1531 0.430265335 0.807798653 0.00461902002 0 0 0
volume_proxy 1533 1.06504736 0.207244984 -0.000614824554 0 0 0
volume_proxy 1534 -0.43333736 -0.0471938706 -0.00254592228 0 0 0
volume_proxy 1537 -1.06314003 -0.735986295 0.0104463219 0 0 0
volume_proxy 1538 1.03172502 -0.20761941 -0.00440707243 0 0 0
volume_proxy 1539 0.188169767 0.810536218 0.00159506994 0 0 0
volume_proxy 1540 1.27304451 0.00266036039 -0.00530857328 0 0 0
volume_proxy 1542 -0.484286652 -0.974084176 -0.00430736647 0 0 0
volume_proxy 1543 -0.410426257 -0.942509037 -0.00110897938 0 0 0
