volume_proxy 0 -0.61171468 -0.682347343 0.00445444472 0 0 0
volume_proxy 6 -0.474298179 0.0963005245 -0.00722908783 0 0 0
volume_proxy 11 0.756222057 0.333621582 -0.00402744592 0 0 0
volume_proxy 12 1.12586975 -0.685066971 -0.00416379826 0 0 0
volume_proxy 14 -1.42100506 0.909691328 -0.00645871855 0 0 0
volume_proxy 23 1.40767452 -0.282440995 -0.0107888255 0 0 0
volume_proxy 38 -0.785705473 -0.937731157 0.00370137614 0 0 0
volume_proxy 40 -1.34757953 -0.130419629 -0.00908325513 0 0 0
volume_proxy 50 -1.29291845 -0.534874312 0.00978132935 0 0 0
volume_proxy 53 -1.25667208 0.865694615 0.00983008778 0 0 0
volume_proxy 58 0.632496063 -0.349615789 -0.00469417089 0 0 0
volume_proxy 60 -0.456951165 0.692105063 0.00278299495 0 0 0
volume_proxy 85 -0.790526009 0.76071429 0.00824941482 0 0 0
volume_proxy 97 0.577561184 0.692996071 -0.000403751983 0 0 0
volume_proxy 107 -0.00313060166 0.103161921 -0.00517143842 0 0 0
volume_proxy 127 -1.09914598 -0.768083498 -0.00656610263 0 0 0
volume_proxy 130 -0.0696714644 -0.637969777 -0.0100716207 0 0 0
volume_proxy 140 0.455645271 -0.228717036 0.00513876378 0 0 0
volume_proxy 157 0.585357714 0.0368422709 -0.0061419052 0 0 0
volume_proxy 159 0.0442690423 0.467142437 0.000572729075 0 0 0
volume_proxy 161 -0.20754751 -0.274711543 0.00800772002 0 0 0
volume_proxy 176 0.942092947 0.332955933 -0.00430801229 0 0 0
volume_proxy 186 -0.881339685 0.390803505 -0.00359670985 0 0 0
volume_proxy 189 -0.448413795 -0.855849243 -0.00903410136 0 0 0
volume_proxy 195 -1.20118456 -0.914718238 0.00551492277 0 0 0
volume_proxy 196 -0.993013301 -0.159310632 -0.00231330422 0 0 0
volume_proxy 200 -1.45636244 0.865650398 -0.00666581994 0 0 0
volume_proxy 202 -0.439035511 -0.245970582 0.00497596887 0 0 0
volume_proxy 209 -0.974185633 0.190240039 0.00379477308 0 0 0
volume_proxy 210 0.406836905 0.520675405 -0.00558721211 0 0 0
volume_proxy 226 1.22243089 0.303671615 0.00962987862 0 0 0
volume_proxy 236 0.714995551 -0.376621113 0.0040444339 0 0 0
volume_proxy 247 0.0404471299 -0.761429147 -0.00327776761 0 0 0
volume_proxy 256 0.766553151 -0.779753069 -0.00675800895 0 0 0
volume_proxy 259 0.838430102 -0.394574801 -0.00260838663 0 0 0
volume_proxy 269 -1.33566763 0.735179751 0.00385420756 0 0 0
volume_proxy 277 -1.07466522 -0.232527429 0.00458890757 0 0 0
volume_proxy 296 -0.840586594 0.184090059 0.00354652204 0 0 0
volume_proxy 305 0.468748183 -0.941297356 0.0016509956 0 0 0
volume_proxy 310 1.35357443 0.837185569 -0.0106967979 0 0 0
volume_proxy 344 -0.788999411 -0.326521399 0.0101067232 0 0 0
volume_proxy 347 -0.807696254 0.929422056 0.00209845221 0 0 0
volume_proxy 356 -0.570187933 0.188866605 -0.00908667741 0 0 0
volume_proxy 375 0.79393445 -0.41875877 -0.000677883614 0 0 0
volume_proxy 388 1.20200215 -0.928251541 0.00377062438 0 0 0
volume_proxy 1052 -0.711724984 -0.124506871 7.06350637e-05 0 0 0
volume_proxy 1066 -0.203445993 0.267044013 -0.00108064007 0 0 0
volume_proxy 1120 -0.494377896 0.81121016 -0.00794138484 0 0 0
volume_proxy 1166 -0.808476656 -0.890935268 -0.00944104982 0 0 0
volume_proxy 1193 -1.12416439 -0.0488579367 0.00843104908 0 0 0
volume_proxy 1225 -1.27175804 -0.814945789 -0.00347817389 0 0 0
volume_proxy 1245 -1.22498545 0.844966694 0.00553294662 0 0 0
volume_proxy 1280 -1.49622918 0.914356078 0.00960177077 0 0 0
volume_proxy 1285 -0.687504321 0.623096788 0.00405484387 0 0 0
volume_proxy 1295 0.590708793 0.564600956 -0.00574912832 0 0 0
volume_proxy 1296 -0.357470954 -0.45061521 0.00793657716 0 0 0
volume_proxy 1340 1.12706332 -0.182959432 0.000721067405 0 0 0
volume_proxy 1380 -1.32140183 -0.0719447369 0.010711918 0 0 0
volume_proxy 1386 1.12117247 0.838934338 -0.00605156771 0 0 0
volume_proxy 1397 0.000828170054 0.546110886 0.000689670868 0 0 0
volume_proxy 1409 0.32712147 0.394676994 0.00478282565 0 0 0
volume_proxy 1413 0.77350118 0.444536701 -0.0043967144 0 0 0
volume_proxy 1422 0.969949308 -0.757665091 -0.00343619062 0 0 0
volume_proxy 1433 1.32469157 0.687326534 0.00977972727 0 0 0
volume_proxy 1437 -0.320591456 -0.871680488 0.00865003491 0 0 0
volume_proxy 1459 -0.790644855 -0.416145114 0.00259141362 0 0 0
volume_proxy 1460 -0.751203686 0.414603768 0.00806953437 0 0 0
volume_proxy 1461 -1.14667891 0.468084339 -0.00139262464 0 0 0
volume_proxy 1472 -1.06282754 -0.234047106 -0.00834788007 0 0 0
volume_proxy 1474 1.10420976 0.0768542745 -0.00670416333 0 0 0
volume_proxy 1481 -0.185187059 0.230633681 0.0047733119 0 0 0
volume_proxy 1482 0.703325591 0.437221906 0.00139540416 0 0 0
volume_proxy 1485 0.903513847 -0.638725163 -0.00918007736 0 0 0
volume_proxy 1489 0.183655613 -0.941768389 -0.00375982104 0 0 0
volume_proxy 1490 0.858560086 0.555821516 -0.000280278605 0 0 0
volume_proxy 1496 -1.21404021 0.329958378 -0.00626213492 0 0 0
volume_proxy 1498 -0.244118131 -0.372721643 0.006940837 0 0 0
volume_proxy 1503 -1.36518339 -0.627015548 -0.00867734429 0 0 0
volume_proxy 1506 0.385971519 0.634665341 -0.000887023567 0 0 0
volume_proxy 1507 -0.368115683 -0.646485536 -0.00793517314 0 0 0
volume_proxy 1508 -0.799988733 -0.024685821 0.00269205223 0 0 0
volume_proxy 1509 -1.26809748 -0.02757763 0.0060294114 0 0 0
volume_proxy 1513 -1.45042029 0.23289976 0.00856167841 0 0 0
volume_proxy 1515 0.220837594 -0.817460894 -0.00137658273 0 0 0
volume_proxy 1516 -0.173688749 -0.764949117 0.00372623837 0 0 0
volume_proxy 1517 -1.12451237 -0.317778309 -0.00519530286 0 0 0
volume_proxy 1519 0.445009901 0.229940304 -0.00143009391 0 0 0
volume_proxy 1520 0.0340823475 -0.556875997 0.000774726871 0 0 0
volume_proxy 1521 -1.468494 -0.897244509 -0.00710492062 0 0 0
volume_proxy 1523 -0.247012006 -0.339192279 4.8574827e-06 0 0 0
volume_proxy 1525 -0.658225017 0.737753188 0.000101813489 0 0 0
volume_proxy 1526 1.43811897 -0.0637609804 0.00477912402 0 0 0
volume_proxy 1528 1.23955779 -0.72122771 -0.00732038179 0 0 0
volume_proxy 1529 -0.886343676 -0.0222872262 0.00827048656 0 0 0
volume_proxy 1531 0.373093004 0.912340823 0.00560313861 0 0 0
volume_proxy 1533 0.887771006 0.190094577 -0.00352956707 0 0 0
volume_proxy 1534 -0.821605832 0.152499874 0.00203985402 0 0 0
volume_proxy 1537 -0.720167146 -0.577190295 -0.00351782552 0 0 0
volume_proxy 1538 1.20925353 -0.359227276 0.010400795 0 0 0
volume_proxy 1539 0.406555458 0.850208852 0.00574449306 0 0 0
volume_proxy 1540 1.32957512 0.100782107 0.00106405391 0 0 0
volume_proxy 1541 -0.545490035 -0.890233749 0.0073353465 0 0 0
