volume_proxy 0 -0.0483718784 -0.462661555 0.00720601343 0 0 0
volume_proxy 6 -0.293983964 0.5142964 -0.00825755979 0 0 0
volume_proxy 11 1.16457713 0.825915891 -0.00600344077 0 0 0
volume_proxy 12 1.22215375 -0.172353039 0.0104643072 0 0 0
volume_proxy 14 -1.47063712 0.0661614841 -0.00397220139 0 0 0
volume_proxy 23 0.328440118 -0.284295665 0.00382806975 0 0 0
volume_proxy 38 -0.788126199 -0.834210452 0.00727135857 0 0 0
volume_proxy 40 -0.727632599 0.140193816 -0.00341663755 0 0 0
volume_proxy 50 -0.675072618 -0.0895813572 0.0030204766 0 0 0
volume_proxy 53 -1.30275029 0.900999046 -0.000797219798 0 0 0
volume_proxy 58 1.46058947 -0.770143992 0.0103877461 0 0 0
volume_proxy 60 -0.181352566 0.641634857 0.00772399786 0 0 0
volume_proxy 85 -0.913391201 0.588426747 -0.00476886097 0 0 0
volume_proxy 97 0.668865353 0.935117617 0.00162479643 0 0 0
volume_proxy 107 0.427301612 -0.0921622013 0.00719039635 0 0 0
volume_proxy 127 -1.35529706 -0.66215742 0.00202776437 0 0 0
volume_proxy 130 0.82986245 -0.745463878 -0.00970032815 0 0 0
volume_proxy 140 -0.503087599 0.0524295346 0.00363026924 0 0 0
volume_proxy 157 0.646974185 -0.965250533 -0.0071498393 0 0 0
volume_proxy 159 1.42098726 0.51275283 0.00643358392 0 0 0
volume_proxy 161 -0.197463071 0.16296935 -0.000651000144 0 0 0
volume_proxy 176 1.32752943 0.288045619 -0.00287161595 0 0 0
volume_proxy 186 -0.518240636 -0.14069025 -0.00835298292 0 0 0
volume_proxy 189 -0.198222713 -0.072493817 -0.00688293741 0 0 0
volume_proxy 195 -1.480497 -0.908539682 0.0104889326 0 0 0
volume_proxy 196 0.571717598 0.731307013 -0.00196081474 0 0 0
volume_proxy 200 -0.884419015 0.696210837 -0.00701104794 0 0 0
volume_proxy 202 0.144461665 0.893770408 -0.00462666046 0 0 0
volume_proxy 209 -0.913579566 0.0614553686 0.00415625403 0 0 0
volume_proxy 210 0.0346114422 0.598429716 -0.00646996942 0 0 0
volume_proxy 226 0.625639423 -0.85885784 -0.00875386988 0 0 0
volume_proxy 236 0.985284171 -0.650713401 -0.00262432464 0 0 0
volume_proxy 247 1.00070413 0.391545707 -0.00635811584 0 0 0
volume_proxy 256 -0.815332373 0.882990071 -0.00104893545 0 0 0
volume_proxy 259 1.00374726 0.0305380034 -0.00488359056 0 0 0
volume_proxy 269 -0.933990096 0.0795178426 -0.00890673185 0 0 0
volume_proxy 277 -0.276686229 -0.631524606 0.00205078488 0 0 0
volume_proxy 296 -1.11495008 0.518252977 0.00993237082 0 0 0
volume_proxy 305 0.60480407 -0.373893834 0.0105308807 0 0 0
volume_proxy 310 0.447656478 0.336164027 0.00919091996 0 0 0
volume_proxy 344 -1.41208258 -0.0522561577 -0.00898872373 0 0 0
volume_proxy 347 -0.317151805 0.453097283 0.00826703907 0 0 0
volume_proxy 356 -0.455827207 0.128252918 0.00429174483 0 0 0
volume_proxy 375 0.663641431 -0.356498891 0.0105972651 0 0 0
volume_proxy 388 1.40051352 -0.416128297 0.00304615958 0 0 0
volume_proxy 802 0.721624524 0.370539408 0.00715429694 0 0 0
volume_proxy 1052 -1.40726843 -0.279668247 -0.0101493139 0 0 0
volume_proxy 1066 -0.0235513349 0.67643605 0.000786360353 0 0 0
volume_proxy 1120 -0.505286017 0.715283439 -0.00942728186 0 0 0
volume_proxy 1166 -1.17218782 -0.546177867 0.00246641108 0 0 0
volume_proxy 1193 -1.27052076 -0.579133088 -0.00330270137 0 0 0
volume_proxy 1225 -0.712607508 -0.417300678 -0.0031918733 0 0 0
volume_proxy 1245 -1.40147007 0.170485053 0.00541013769 0 0 0
volume_proxy 1280 -0.812390011 0.995180741 0.00286555709 0 0 0
volume_proxy 1285 -1.27777709 0.512765187 0.00231163052 0 0 0
volume_proxy 1295 0.857755739 -0.229222309 0.00740548693 0 0 0
volume_proxy 1296 -0.10136581 -0.965887728 -0.0007602104 0 0 0
volume_proxy 1340 0.75532867 0.221177188 0.0105329281 0 0 0
volume_proxy 1380 -1.05974485 6.39375223e-05 0.00562915662 0 0 0
volume_proxy 1386 1.29466433 0.411343926 -0.00771726717 0 0 0
volume_proxy 1397 0.522905234 0.75882674 -2.56058513e-05 0 0 0
volume_proxy 1409 -0.108330001 0.143509877 0.000722552668 0 0 0
volume_proxy 1413 1.39204182 0.933337886 0.00902994772 0 0 0
volume_proxy 1422 0.77352947 -0.707734333 0.00368432861 0 0 0
volume_proxy 1433 1.14687249 0.512888804 0.00164270484 0 0 0
volume_proxy 1437 -0.0712958221 -0.451822113 0.00259894309 0 0 0
volume_proxy 1459 -1.04445962 -0.104607484 -0.00510295279 0 0 0
volume_proxy 1460 -0.16333758 0.879410467 0.00399588616 0 0 0
volume_proxy 1461 -1.25027606 0.997195472 -0.00971056987 0 0 0
volume_proxy 1466 -0.448296178 0.548898557 0.0077331165 0 0 0
volume_proxy 1472 -1.40916099 0.643017311 -0.00976320641 0 0 0
volume_proxy 1474 1.39219911 0.00958908128 -9.6165863e-05 0 0 0
volume_proxy 1481 0.445260837 0.48383959 0.00858506141 0 0 0
volume_proxy 1482 0.838044463 0.813453049 -0.00588555288 0 0 0
volume_proxy 1485 0.407824707 -0.391326833 -0.00185343914 0 0 0
volume_proxy 1489 0.41054434 -0.654614806 -0.00339361114 0 0 0
volume_proxy 1490 0.676641993 0.957028403 -0.00655230247 0 0 0
volume_proxy 1496 -1.40040612 0.838176054 -0.00305735857 0 0 0
volume_proxy 1498 0.0284471248 0.279679898 -0.00617817912 0 0 0
volume_proxy 1503 -1.35281114 -0.887036505 0.00848046729 0 0 0
volume_proxy 1506 0.226654024 0.724992826 0.00553858739 0 0 0
volume_proxy 1507 -1.36370558 -0.182030165 0.00565489782 0 0 0
volume_proxy 1508 -0.501033247 -0.182894416 -0.00429005055 0 0 0
volume_proxy 1509 -1.23699684 -0.0413230417 -0.00734581904 0 0 0
volume_proxy 1510 -0.142369985 -0.985675276 -0.00474527442 0 0 0
volume_proxy 1511 1.24553014 0.396529707 0.00170485617 0 0 0
volume_proxy 1513 -1.23674228 0.670316465 -0.00476025111 0 0 0
volume_proxy 1515 0.687886844 -0.763078788 -0.00996375724 0 0 0
volume_proxy 1516 -0.0112958317 -0.99537688 0.0099034329 0 0 0
volume_proxy 1517 -1.31981124 -0.32905009 -0.00698422594 0 0 0
volume_proxy 1519 0.0143026429 -0.539906621 0.00241321374 0 0 0
volume_proxy 1520 0.22402985 -0.40210424 0.00822262684 0 0 0
volume_proxy 1521 -1.25763658 -0.364178764 -0.00987971642 0 0 0
volume_proxy 1523 0.419618824 -0.315229075 -0.00265906665 0 0 0
volume_proxy 1525 -0.971008946 0.963099227 0.00528554808 0 0 0
volume_proxy 1526 1.01444109 -0.746270021 -0.0091168431 0 0 0
volume_proxy 1528 0.629636987 -0.653652877 -0.00605181225 0 0 0
volume_proxy 1529 -1.16510122 0.253183956 -0.00169997681 0 0 0
volume_proxy 1531 0.308324589 0.577395107 0.00492064372 0 0 0
volume_proxy 1533 1.301987 0.0216789122 0.000494699612 0 0 0
volume_proxy 1534 0.371060186 0.433657106 0.00193174106 0 0 0
volume_proxy 1535 0.913424381 0.577050311 0.00802431892 0 0 0
volume_proxy 1536 -0.46416737 -0.554918863 0.00543106651 0 0 0
volume_proxy 1537 -0.282184756 -0.909003751 -0.00478230423 0 0 0
volume_proxy 1538 1.36285547 -0.0929613331 0.00911883537 0 0 0
