volume_proxy 0 1.47724619 0.0627153464 -0.00401958674 0 0 0
volume_proxy 5 0.799042282 0.223221719 0.00593045861 0 0 0
volume_proxy 6 0.437602039 -0.10198458 0.00756595725 0 0 0
volume_proxy 11 0.89743079 0.487431464 0.00774940394 0 0 0
volume_proxy 12 1.45692306 -0.320252859 -0.00459969974 0 0 0
volume_proxy 14 0.0978653709 -0.0870545286 -0.00797119026 0 0 0
volume_proxy 23 0.157528313 -0.255757513 0.000721823288 0 0 0
volume_proxy 38 0.434757896 0.206452296 0.00175102449 0 0 0
volume_proxy 40 0.0459129989 -0.820215057 0.000578709279 0 0 0
volume_proxy 50 -0.219463372 -0.1464652 -0.000674718672 0 0 0
volume_proxy 53 -0.388732178 -0.14247732 -0.00767772047 0 0 0
volume_proxy 58 1.13610657 -0.510015644 -0.00450653086 0 0 0
volume_proxy 60 0.569678187 0.790857992 0.00261460058 0 0 0
volume_proxy 61 0.264194485 -0.668194721 -0.00331900595 0 0 0
volume_proxy 72 0.168085238 -0.0133283775 -0.00465951853 0 0 0
volume_proxy 85 -1.41084336 -0.344973622 -0.000349150369 0 0 0
volume_proxy 88 -0.85256854 -0.609234217 -0.00093555299 0 0 0
volume_proxy 97 1.39436161 -0.334046385 0.00409986462 0 0 0
volume_proxy 101 -1.23721941 0.911591587 -0.00822441014 0 0 0
volume_proxy 105 0.169889769 -0.222875548 -0.00823304918 0 0 0
volume_proxy 107 1.49155336 0.123610279 -0.00673935967 0 0 0
volume_proxy 108 0.950407074 0.283327972 0.00681916533 0 0 0
volume_proxy 127 -0.937260682 0.864575213 0.00283160124 0 0 0
volume_proxy 130 1.44492879 0.41954737 0.00473628177 0 0 0
volume_proxy 140 -0.512434354 0.133218937 0.00999206899 0 0 0
volume_proxy 157 0.674401243 -0.0719905384 0.00124706898 0 0 0
volume_proxy 159 0.278149661 -0.298844746 -0.00653756951 0 0 0
volume_proxy 161 0.367621875 0.175921279 -0.0043335437 0 0 0
volume_proxy 176 0.52790571 -0.765153636 -0.00997326441 0 0 0
volume_proxy 186 0.429029646 0.288802067 0.00290528127 0 0 0
volume_proxy 189 -1.29870513 0.311337547 0.0010974453 0 0 0
volume_proxy 195 0.105024917 -0.194753764 -0.0102301433 0 0 0
volume_proxy 196 0.47953426 0.213266188 0.000972035536 0 0 0
volume_proxy 200 -0.393202037 -0.835230627 0.00677159357 0 0 0
volume_proxy 202 -1.40879357 0.958343628 0.0052626909 0 0 0
volume_proxy 209 -0.908301075 0.133822823 -0.00860388947 0 0 0
volume_proxy 210 -0.481198143 -0.0412893675 0.00746349431 0 0 0
volume_proxy 226 -0.74875099 0.12409341 -0.00807792193 0 0 0
volume_proxy 236 0.206313763 0.766484303 0.0104831554 0 0 0
volume_proxy 244 1.07197954 0.650430283 0.00881457441 0 0 0
volume_proxy 247 0.995784246 0.309144352 0.00559306328 0 0 0
volume_proxy 256 -0.370286196 0.291045573 -0.00150280266 0 0 0
volume_proxy 259 0.12975341 -0.091555617 -0.00875712587 0 0 0
volume_proxy 269 0.158540741 -0.245104967 -2.06489258e-05 0 0 0
volume_proxy 277 -0.526763785 -0.283094758 -0.00389418794 0 0 0
volume_proxy 294 -0.0181204348 0.167009394 -0.00735260116 0 0 0
volume_proxy 296 -0.306161902 -0.0910897043 0.0020421355 0 0 0
volume_proxy 298 1.33965103 -0.520775338 -0.00558301916 0 0 0
volume_proxy 305 0.736657179 -0.135861135 -0.0104722494 0 0 0
volume_proxy 310 0.95306891 0.285322541 0.00755094922 0 0 0
volume_proxy 311 1.18777689 -0.86245351 0.00106976629 0 0 0
volume_proxy 329 -0.86437986 -0.695559326 0.000795561064 0 0 0
volume_proxy 337 -0.686758214 0.981600558 0.0107979599 0 0 0
volume_proxy 344 -0.561874565 0.314955875 -0.0031614659 0 0 0
volume_proxy 347 -0.343054645 -0.644595181 -0.0101587427 0 0 0
volume_proxy 349 -0.0698843208 0.0321163297 -0.00452387577 0 0 0
volume_proxy 356 0.385292199 0.30283241 -0.00247411714 0 0 0
volume_proxy 375 1.13751905 -0.374641712 -0.00946716081 0 0 0
volume_proxy 388 -1.23252395 0.773031756 -0.00369135922 0 0 0
volume_proxy 431 -1.27732412 -0.712638683 0.00183175001 0 0 0
volume_proxy 802 1.0253408 -0.815264939 -0.00280024746 0 0 0
volume_proxy 876 -0.00485011203 -0.892079636 0.00468160172 0 0 0
volume_proxy 904 -0.246713156 0.222362073 0.0101449219 0 0 0
volume_proxy 914 0.0322071578 -0.940482223 -0.00121931819 0 0 0
volume_proxy 1020 -1.42239733 0.877455152 0.00928938064 0 0 0
volume_proxy 1052 -0.0787323057 -0.632852737 -0.00195483328 0 0 0
volume_proxy 1066 0.873227764 0.815287799 0.0098482025 0 0 0
volume_proxy 1093 -0.102264211 0.0188351224 0.00515818657 0 0 0
volume_proxy 1118 0.306921003 -0.385532673 0.00890033137 0 0 0
volume_proxy 1120 -0.666331128 0.914332696 0.00114915844 0 0 0
volume_proxy 1138 1.31096892 -0.691821066 0.00535317715 0 0 0
volume_proxy 1166 -0.871287788 0.52202488 -0.00275020294 0 0 0
volume_proxy 1169 1.35238517 -0.951542076 -0.00220482261 0 0 0
volume_proxy 1172 0.0879607974 0.663781889 0.00749503307 0 0 0
volume_proxy 1180 -1.42624655 -0.45196144 -0.00869235947 0 0 0
volume_proxy 1186 -0.54275737 -0.531841892 0.000974127262 0 0 0
volume_proxy 1193 -0.793999583 -0.315168408 0.000256266445 0 0 0
volume_proxy 1209 -1.21281922 0.664976359 0.00876883837 0 0 0
volume_proxy 1210 -1.02092077 0.802184577 -0.00535237855 0 0 0
volume_proxy 1217 -0.558408572 0.0485369248 0.00301497061 0 0 0
volume_proxy 1219 -0.943659393 0.858689309 0.00810084299 0 0 0
volume_proxy 1225 -0.0299308802 -0.587742274 -0.0063454674 0 0 0
volume_proxy 1230 1.12317703 -0.221226065 0.0101730845 0 0 0
volume_proxy 1237 0.224862996 0.959735798 0.00624074313 0 0 0
volume_proxy 1238 0.567845553 0.938235654 -0.00535177816 0 0 0
volume_proxy 1245 -1.38280126 0.669574764 0.0036662162 0 0 0
volume_proxy 1255 1.33434055 -0.432715036 0.00741970244 0 0 0
volume_proxy 1259 -1.26923961 0.696215577 0.00895146863 0 0 0
volume_proxy 1270 0.482432012 -0.189707886 -0.00316509328 0 0 0
volume_proxy 1280 -1.10031198 0.598438946 -0.00690257826 0 0 0
volume_proxy 1285 -1.47103277 0.759259646 0.002996548 0 0 0
volume_proxy 1292 0.442148868 0.229301524 0.00720277873 0 0 0
volume_proxy 1295 -1.28413736 0.702170058 -0.00123938564 0 0 0
volume_proxy 1296 -0.00654552699 0.0468336112 7.71289729e-05 0 0 0
volume_proxy 1297 0.0255364953 -0.68241371 -0.00506005133 0 0 0
volume_proxy 1301 -0.707500305 0.73323321 -0.00970462634 0 0 0
volume_proxy 1308 -0.433958807 0.87904534 0.00996747622 0 0 0
volume_proxy 1318 1.17094569 -0.417873679 0.00635038243 0 0 0
volume_proxy 1326 0.103173767 -0.303567593 -0.0021004733 0 0 0
volume_proxy 1334 -0.894498443 -0.728295137 0.0100411854 0 0 0
volume_proxy 1335 0.0614418458 -0.711572733 -0.00244893913 0 0 0
volume_proxy 1340 0.61407196 0.685476174 -0.00176131236 0 0 0
volume_proxy 1347 -0.100254514 0.711581039 0.00285189971 0 0 0
volume_proxy 1348 1.45796255 -0.954349751 0.000542061828 0 0 0
volume_proxy 1361 1.38798697 0.830826718 0.00496582524 0 0 0
volume_proxy 1366 1.16970306 0.919884484 0.00118624257 0 0 0
volume_proxy 1379 0.546535453 0.495861875 0.00450460258 0 0 0
volume_proxy 1380 -0.556832724 0.687559387 -0.0101633158 0 0 0
volume_proxy 1381 0.572701907 0.606972783 0.00136906937 0 0 0
volume_proxy 1384 0.256165047 -0.0308033611 -0.00830182496 0 0 0
volume_proxy 1385 1.11397478 0.63749748 -0.00574523585 0 0 0
volume_proxy 1386 0.982643109 0.822616737 -0.00173093365 0 0 0
volume_proxy 1388 0.42489556 0.29208571 0.00565804399 0 0 0
volume_proxy 1389 -0.157851542 0.745068383 -0.00851231356 0 0 0
volume_proxy 1390 -1.27663561 0.990005895 0.00863411179 0 0 0
volume_proxy 1392 -0.121081888 -0.988647866 0.00823684438 0 0 0
volume_proxy 1395 0.897497386 0.29679177 0.0076768026 0 0 0
volume_proxy 1397 0.0768105788 0.673187391 -0.00990309176 0 0 0
volume_proxy 1398 -1.15274859 0.525191646 0.00979486174 0 0 0
volume_proxy 1403 0.61462615 0.290960008 0.0060740705 0 0 0
volume_proxy 1405 0.35119702 0.426320379 0.00666567215 0 0 0
volume_proxy 1406 -0.0529194032 -0.882829961 0.00448959222 0 0 0
volume_proxy 1408 0.348699298 0.812172001 -0.000324913789 0 0 0
volume_proxy 1409 1.48371141 0.329856827 -0.00913612575 0 0 0
volume_proxy 1413 0.512271781 0.766381274 0.00235804862 0 0 0
volume_proxy 1414 1.17532015 0.409433102 0.00797778722 0 0 0
volume_proxy 1415 1.26368042 -0.358156861 0.00291863558 0 0 0
volume_proxy 1418 -1.3665384 -0.169131937 -0.00326999187 0 0 0
volume_proxy 1419 -1.39933826 -0.8345324 0.00433056778 0 0 0
volume_proxy 1420 -1.27645173 -0.296335827 0.000398905412 0 0 0
volume_proxy 1421 -1.0353121 0.0816183106 -0.00740541792 0 0 0
volume_proxy 1422 0.68144216 -0.755223794 -0.00184718595 0 0 0
volume_proxy 1423 -0.400261112 0.286808661 0.00352129273 0 0 0
volume_proxy 1425 -0.603947981 -0.771752213 -0.00589514548 0 0 0
volume_proxy 1426 0.863699064 -0.140206566 0.00946151257 0 0 0
volume_proxy 1428 -0.131227045 0.666642619 -0.00689968488 0 0 0
volume_proxy 1429 1.32294989 -0.0644013769 0.0061370813 0 0 0
volume_proxy 1430 -0.796977804 -0.923959615 0.00705102436 0 0 0
volume_proxy 1433 1.21162993 0.315247839 0.00856373539 0 0 0
volume_proxy 1434 0.447748669 -0.51010618 -0.00812528954 0 0 0
volume_proxy 1436 -1.23915774 -0.913585368 0.00899851973 0 0 0
volume_proxy 1437 -0.167537383 -0.0953145078 -0.00303139777 0 0 0
volume_proxy 1439 -1.24835908 0.795387056 0.0106250474 0 0 0
volume_proxy 1440 0.2745454 -0.683221777 -0.00614983743 0 0 0
volume_proxy 1441 0.141066427 -0.879619559 -0.00139596095 0 0 0
volume_proxy 1444 -0.378504695 -0.947228401 0.00677950224 0 0 0
volume_proxy 1445 0.269572895 -0.756906459 0.00166055898 0 0 0
volume_proxy 1446 -1.16678947 -0.558824267 0.0047032074 0 0 0
volume_proxy 1447 1.26569382 -0.841806902 0.00243520341 0 0 0
volume_proxy 1448 0.503941892 -0.430705784 -0.00579129205 0 0 0
volume_proxy 1452 -1.28616138 0.492804671 -0.00939906332 0 0 0
volume_proxy 1453 -1.32144526 0.368805295 -0.00770722343 0 0 0
volume_proxy 1454 -1.01895171 -0.675582833 0.00140839197 0 0 0
volume_proxy 1455 -1.14233804 -0.948033512 0.00937644828 0 0 0
volume_proxy 1456 -0.208788868 0.0406218867 -0.00346481288 0 0 0
volume_proxy 1457 0.877979338 0.999546612 -0.00571960995 0 0 0
