volume_proxy 0 1.1607748 -0.154046892 0.00646663321 0 0 0
volume_proxy 4 1.08206045 0.574739128 0.00253597242 0 0 0
volume_proxy 5 -0.441220802 0.303756427 -0.00471780431 0 0 0
volume_proxy 6 1.47166213 0.322642039 -0.00770555783 0 0 0
volume_proxy 11 -0.400240952 0.727781078 0.0104201048 0 0 0
volume_proxy 12 0.456101084 -0.174187344 -0.0107364416 0 0 0
volume_proxy 13 -1.28679304 -0.740843237 0.00569412833 0 0 0
volume_proxy 14 0.315384232 0.314115925 0.00736182718 0 0 0
volume_proxy 15 -0.303980633 -0.768976455 -0.00143323445 0 0 0
volume_proxy 23 -0.625520348 -0.36573773 -0.0042892601 0 0 0
volume_proxy 36 0.490454986 0.925430309 0.00951913261 0 0 0
volume_proxy 38 0.34258 0.0709323859 -0.00766680603 0 0 0
volume_proxy 40 -0.0610908424 -0.898048464 0.000584898083 0 0 0
volume_proxy 47 1.08411738 -0.195119675 0.00216367755 0 0 0
volume_proxy 49 0.152192247 -0.700041968 0.006921407 0 0 0
volume_proxy 50 -0.255050618 -0.630141496 -0.00938709598 0 0 0
volume_proxy 52 -0.951100675 -0.352731062 8.03350942e-05 0 0 0
volume_proxy 53 0.25721115 -0.319183765 0.00541871628 0 0 0
volume_proxy 57 -1.34958671 0.303878229 0.00865458461 0 0 0
volume_proxy 58 0.558590143 -0.739819482 -0.00893483674 0 0 0
volume_proxy 59 -0.710990029 0.824142499 0.000126385558 0 0 0
volume_proxy 60 -0.259958983 0.72325798 0.0100387372 0 0 0
volume_proxy 61 -1.4344337 -0.354541164 0.00193486977 0 0 0
volume_proxy 62 0.052770142 0.260544367 0.000868064916 0 0 0
volume_proxy 69 -0.972917068 -0.0446042586 -0.00466827978 0 0 0
volume_proxy 72 0.362226472 -0.1430963 0.00793158829 0 0 0
volume_proxy 81 -1.22696733 0.236863087 0.000157749765 0 0 0
volume_proxy 85 -0.442484497 0.388420245 0.00424115811 0 0 0
volume_proxy 87 1.30395695 0.851777346 -0.00799155729 0 0 0
volume_proxy 88 -0.998260415 0.135269364 0.00687154514 0 0 0
volume_proxy 97 1.19906063 -0.0543821548 0.00250052689 0 0 0
volume_proxy 101 -0.909575188 0.726983163 0.00874658146 0 0 0
volume_proxy 102 0.260036177 -0.35124614 0.00943836966 0 0 0
volume_proxy 105 -0.570199478 -0.60918574 -0.0053135893 0 0 0
volume_proxy 106 -0.232604421 -0.769893201 0.00296111618 0 0 0
volume_proxy 107 0.226601227 0.293257492 0.00864255778 0 0 0
volume_proxy 108 1.15488112 -0.360571598 -0.0102204626 0 0 0
volume_proxy 113 -0.45422962 -0.21100103 -0.000479234754 0 0 0
volume_proxy 125 -0.817196561 -0.0387830823 0.00804968185 0 0 0
volume_proxy 126 -0.22928599 -0.726560926 -0.0064673763 0 0 0
volume_proxy 127 0.295124425 0.0447310141 -0.00599130346 0 0 0
volume_proxy 130 1.32411776 0.152609289 -0.0058026732 0 0 0
volume_proxy 132 0.622316622 0.780290976 -0.0102242204 0 0 0
volume_proxy 135 0.674904302 -0.996112902 -0.00266311876 0 0 0
volume_proxy 140 -0.771368272 0.776650896 0.00429569837 0 0 0
volume_proxy 145 -0.722057762 -0.558212566 0.00773325677 0 0 0
volume_proxy 149 -1.0579321 0.776259517 -9.83247012e-05 0 0 0
volume_proxy 157 0.66640767 0.452618022 0.0106684492 0 0 0
volume_proxy 159 -0.995640606 -0.626133248 0.00483618361 0 0 0
volume_proxy 161 -0.163693337 0.0104259756 0.00201017963 0 0 0
volume_proxy 163 -1.42045347 0.224940174 -0.00585895452 0 0 0
volume_proxy 169 1.19553514 0.164537921 0.00206868238 0 0 0
volume_proxy 176 0.154374959 0.151572619 -0.00030022516 0 0 0
volume_proxy 178 -0.704491833 -0.0571047004 -0.00191854155 0 0 0
volume_proxy 186 -0.419384415 -0.0689010327 -0.00913181181 0 0 0
volume_proxy 189 -0.847606419 0.316003038 0.0072942648 0 0 0
volume_proxy 194 0.193108159 -0.843984206 -0.00607769752 0 0 0
volume_proxy 195 -0.737295864 0.439344557 1.81836104e-05 0 0 0
volume_proxy 196 0.703897516 0.566932395 0.00209285717 0 0 0
volume_proxy 198 1.1243723 -0.666534955 0.00601534023 0 0 0
volume_proxy 200 -1.02777725 -0.356835881 -0.000389669944 0 0 0
volume_proxy 201 -1.24160195 0.304877274 -0.0102902162 0 0 0
volume_proxy 202 -0.756999539 0.38293587 0.00452008286 0 0 0
volume_proxy 208 -1.18216097 0.300028337 -0.0101194895 0 0 0
volume_proxy 209 -0.922512651 -0.333038134 0.00388430789 0 0 0
volume_proxy 210 0.178058122 0.121010935 -0.00561000453 0 0 0
volume_proxy 213 0.0484593443 0.0380680616 0.0050455456 0 0 0
volume_proxy 223 -1.106232 0.213487897 -0.00743057683 0 0 0
volume_proxy 224 1.47202035 -0.825183224 -0.00830614134 0 0 0
volume_proxy 226 -0.820564135 -0.75055789 0.00543966265 0 0 0
volume_proxy 228 -0.0119897838 0.190206014 0.00869092655 0 0 0
volume_proxy 230 0.584878256 0.943220124 -0.0103035081 0 0 0
volume_proxy 232 0.524545841 0.34418999 -0.00585408523 0 0 0
volume_proxy 236 0.846084112 0.0214863604 -0.00657707207 0 0 0
volume_proxy 237 0.381130342 0.975991959 -0.00696136999 0 0 0
volume_proxy 242 1.06890507 0.493665701 0.000879591183 0 0 0
volume_proxy 244 0.729303756 0.8537147 -0.00825123207 0 0 0
volume_proxy 247 1.18930989 -0.29621753 0.00484151467 0 0 0
volume_proxy 251 0.533558 0.664717509 2.28615396e-05 0 0 0
volume_proxy 256 0.271195106 -0.729752034 0.00387457998 0 0 0
volume_proxy 257 -0.130001628 0.332509047 0.000129391383 0 0 0
volume_proxy 258 0.526626445 -0.106696498 0.00964894025 0 0 0
volume_proxy 259 0.558520629 0.457586252 0.00234028188 0 0 0
volume_proxy 269 1.02642186 0.0154575362 0.00988791948 0 0 0
volume_proxy 271 -1.25828938 0.784734552 -0.00984552107 0 0 0
volume_proxy 273 1.45848933 0.412634571 0.00224128751 0 0 0
volume_proxy 276 0.341441643 0.0546021324 0.00204517627 0 0 0
volume_proxy 277 -0.252067873 -0.557261165 0.000944680613 0 0 0
volume_proxy 279 -0.525674205 -0.506617191 -0.00294461609 0 0 0
volume_proxy 281 -1.41552678 0.956316771 0.00732952387 0 0 0
volume_proxy 284 -0.97559309 0.847319457 0.00542311797 0 0 0
volume_proxy 285 -0.65409326 -0.695485337 -0.0104853205 0 0 0
volume_proxy 294 -0.0329085278 0.76448185 0.00826716333 0 0 0
volume_proxy 296 0.442538491 -0.584839348 0.00947395964 0 0 0
volume_proxy 297 1.08502036 0.0692047552 -0.00492708149 0 0 0
volume_proxy 298 0.990630967 -0.60099206 0.000306957473 0 0 0
volume_proxy 305 0.0262111591 -0.172420477 3.1786447e-05 0 0 0
volume_proxy 309 1.10026337 0.834308028 0.000502246467 0 0 0
volume_proxy 310 0.715562924 0.170699873 -0.00643426433 0 0 0
volume_proxy 311 0.338797278 -0.90500934 0.00933123443 0 0 0
volume_proxy 314 -0.407969159 0.275107122 -0.00494347407 0 0 0
volume_proxy 315 -0.183693684 0.19652709 -0.00408585225 0 0 0
volume_proxy 319 0.249762014 -0.734339909 0.00960335618 0 0 0
volume_proxy 321 -0.407824925 -0.947760172 0.00190412666 0 0 0
volume_proxy 322 0.598981096 0.572404991 0.00579554288 0 0 0
volume_proxy 324 -0.905394812 -0.944051033 0.00986213562 0 0 0
volume_proxy 329 -0.214178648 0.815811732 0.00701690736 0 0 0
volume_proxy 335 -1.16400145 -0.212034685 -0.00837815161 0 0 0
volume_proxy 337 -0.732588457 0.710038014 -0.00657584305 0 0 0
volume_proxy 338 -0.454351527 -0.0702082981 0.00943320753 0 0 0
volume_proxy 339 -0.803064384 -0.430248023 -0.00817202986 0 0 0
volume_proxy 343 -0.238190694 0.845132184 -0.00742744005 0 0 0
volume_proxy 344 0.523739164 0.3080871 0.00338136064 0 0 0
volume_proxy 345 -0.903191028 -0.113089091 0.00636798329 0 0 0
volume_proxy 347 0.162409596 -0.283354382 0.00136334073 0 0 0
volume_proxy 349 0.516895075 0.162342643 -0.00233851618 0 0 0
volume_proxy 356 0.671794171 0.725596342 0.00694524806 0 0 0
volume_proxy 358 1.32472263 0.769488387 0.00667423553 0 0 0
volume_proxy 370 1.20152124 0.412773292 -0.00011359988 0 0 0
volume_proxy 371 -1.06350339 0.198288047 0.000175508929 0 0 0
volume_proxy 375 0.879175085 0.216454084 0.00451595648 0 0 0
volume_proxy 377 0.717357223 0.370044143 0.00122089573 0 0 0
volume_proxy 380 -0.700699673 -0.530051511 0.00845940807 0 0 0
volume_proxy 383 0.829057423 -0.909543853 -0.00925714704 0 0 0
volume_proxy 384 -0.191008811 0.992402581 -0.00562413856 0 0 0
volume_proxy 388 -1.43458055 -0.16515545 -0.00571701209 0 0 0
volume_proxy 393 1.2407733 -0.0592623085 0.00179881393 0 0 0
volume_proxy 396 -0.93132935 0.785792939 0.00587892588 0 0 0
volume_proxy 397 0.926335635 0.185286458 0.00590209259 0 0 0
volume_proxy 399 1.12278457 -0.95564105 0.00798976379 0 0 0
volume_proxy 400 0.0839645535 -0.535288726 0.00184240081 0 0 0
volume_proxy 402 -0.90953439 -0.78523512 -0.0010139108 0 0 0
volume_proxy 409 -0.532585524 -0.667837535 0.000422651453 0 0 0
volume_proxy 412 1.44066963 -0.668555534 0.00406814008 0 0 0
volume_proxy 415 -0.711911708 -0.746551356 -0.00322200052 0 0 0
volume_proxy 418 -0.679329059 -0.226044772 0.00639386067 0 0 0
volume_proxy 425 -0.0669252808 -0.227207428 -0.00473153683 0 0 0
volume_proxy 431 -1.3901372 -0.799361089 -0.00921910957 0 0 0
volume_proxy 435 -1.03860081 -0.97286386 -0.00838198294 0 0 0
volume_proxy 442 0.0551322798 -0.336945487 0.00760512449 0 0 0
volume_proxy 463 -0.0916873417 -0.618839127 -0.00764220393 0 0 0
volume_proxy 470 1.34238099 0.516023478 0.00192334712 0 0 0
volume_proxy 497 -1.19778904 -0.963783351 -0.00175644773 0 0 0
volume_proxy 502 1.04057437 -0.179761155 -0.00133819758 0 0 0
volume_proxy 512 0.354167649 -0.849537765 0.00169378534 0 0 0
volume_proxy 513 0.530915237 0.155423455 0.00723000994 0 0 0
volume_proxy 518 1.25609966 -0.621024035 0.00598426358 0 0 0
volume_proxy 544 0.681009992 0.794995983 -0.00609983009 0 0 0
volume_proxy 547 1.18250288 0.887511368 0.00340228578 0 0 0
volume_proxy 549 0.396273978 -0.857310311 -0.00241577208 0 0 0
volume_proxy 559 1.28246806 0.779765549 0.00236161482 0 0 0
volume_proxy 572 0.0622463932 -0.0899375644 0.000872628243 0 0 0
volume_proxy 578 -0.870850698 0.841176493 -0.00182182093 0 0 0
volume_proxy 581 1.22500242 0.641552777 0.00186522441 0 0 0
volume_proxy 591 -0.802161299 0.70336478 -0.00307751346 0 0 0
volume_proxy 594 -1.09191939 0.48031493 -0.0036761625 0 0 0
volume_proxy 608 -0.436542704 -0.454297856 0.0107160955 0 0 0
volume_proxy 615 0.881675771 -0.413795591 0.00938506791 0 0 0
volume_proxy 616 1.40143842 0.160901605 0.00337010249 0 0 0
volume_proxy 626 1.12626877 0.122942853 -0.00662923012 0 0 0
volume_proxy 637 -1.27548384 -0.955656241 0.00373153356 0 0 0
volume_proxy 647 -0.130671158 0.857895055 -0.00590807417 0 0 0
volume_proxy 665 -0.929774438 -0.970336665 -0.00344154516 0 0 0
volume_proxy 669 1.10150071 -0.220505017 -0.00806277758 0 0 0
volume_proxy 682 0.062529092 0.806406102 0.0030483558 0 0 0
volume_proxy 693 -0.483922258 0.706256227 0.000858376021 0 0 0
volume_proxy 698 -0.10048284 0.790975245 0.00828907976 0 0 0
volume_proxy 702 -0.216521638 -0.0969696926 0.00443400155 0 0 0
volume_proxy 703 -0.882227383 0.165669674 -0.0017555258 0 0 0
volume_proxy 704 1.16870076 0.110391637 -0.000125390037 0 0 0
volume_proxy 708 -1.05686758 0.55912672 0.0103908947 0 0 0
volume_proxy 722 0.673573252 0.563914907 0.00838351734 0 0 0
volume_proxy 725 -1.42355772 -0.937722248 0.00210309661 0 0 0
volume_proxy 751 0.22816167 -0.714060347 -0.00943904232 0 0 0
volume_proxy 757 -0.00596578755 0.250553051 0.00832443212 0 0 0
volume_proxy 781 -0.84720731 0.121169371 -0.00403181916 0 0 0
volume_proxy 795 0.576944851 -0.837408729 0.00776708197 0 0 0
volume_proxy 797 -1.20956765 -0.324273142 -0.00813108763 0 0 0
volume_proxy 800 -1.22963882 0.915027975 -0.00942146611 0 0 0
volume_proxy 802 0.507106857 0.0514951705 -0.00291686655 0 0 0
volume_proxy 804 0.105683481 -0.113169572 -0.00794166061 0 0 0
volume_proxy 810 0.814411919 0.0334232007 0.00260486215 0 0 0
volume_proxy 811 0.578990267 0.614214604 0.000940527822 0 0 0
volume_proxy 812 0.870844328 0.532968415 -0.00239205739 0 0 0
volume_proxy 814 1.189914 0.0397068982 -0.000710022786 0 0 0
volume_proxy 822 0.225313247 -0.81520926 -0.00986478918 0 0 0
volume_proxy 825 1.42212919 0.561303203 -0.000860057585 0 0 0
volume_proxy 833 -0.37129698 0.0700758951 0.00399751046 0 0 0
volume_proxy 835 -0.0602537193 -0.849392693 0.00846427141 0 0 0
volume_proxy 839 -0.200952296 -0.187679816 0.00994677223 0 0 0
volume_proxy 846 1.39873088 0.0697078201 -0.00132401775 0 0 0
volume_proxy 848 -0.969697449 -0.219445356 -0.00765943283 0 0 0
volume_proxy 854 -0.317531655 0.834832285 -0.00789785452 0 0 0
volume_proxy 856 1.06016848 0.548278235 0.00657931827 0 0 0
volume_proxy 869 1.28358991 0.695272819 -0.00442426522 0 0 0
volume_proxy 876 -0.129840431 -0.554989764 0.00997854608 0 0 0
volume_proxy 878 1.37823378 -0.542070369 -0.00525945076 0 0 0
volume_proxy 883 0.0248968144 0.935208391 0.010126988 0 0 0
volume_proxy 889 -1.4547197 0.588612798 0.00539658438 0 0 0
volume_proxy 896 1.31606336 0.463175686 -0.00278812947 0 0 0
volume_proxy 902 -0.0847528676 0.684815369 0.00656162322 0 0 0
volume_proxy 903 0.427003865 0.773700954 0.00683812349 0 0 0
volume_proxy 904 -1.02355328 0.623997628 0.00334015376 0 0 0
volume_proxy 906 1.0117396 0.583757038 0.00370930161 0 0 0
volume_proxy 910 -1.39166744 0.671777664 0.006447142 0 0 0
volume_proxy 912 1.36111897 0.172484409 0.0106984428 0 0 0
volume_proxy 913 -1.14144369 -0.934718115 -0.00913533322 0 0 0
volume_proxy 914 -0.00949508556 -0.91505083 0.00235782545 0 0 0
volume_proxy 915 -0.413497396 -0.314398675 0.000500839874 0 0 0
volume_proxy 924 -0.554570346 0.353668549 0.00869681155 0 0 0
volume_proxy 926 -0.112340997 0.244580329 0.00515520052 0 0 0
volume_proxy 929 -0.577240646 -0.856893946 -0.0107952082 0 0 0
volume_proxy 931 0.0539378514 -0.0935029246 -0.00927508824 0 0 0
volume_proxy 935 -1.37822464 0.376456176 -0.00336667241 0 0 0
volume_proxy 939 0.925757801 0.887654216 0.0012830309 0 0 0
volume_proxy 944 0.573857938 -0.983269082 -0.00131212757 0 0 0
volume_proxy 945 -0.713284514 0.410394211 0.00334630528 0 0 0
volume_proxy 948 -0.254931266 0.0501058853 -0.00125139101 0 0 0
volume_proxy 949 -0.570599448 -0.0257000466 0.000611926376 0 0 0
volume_proxy 963 -0.723560997 0.525506925 -0.00076477802 0 0 0
volume_proxy 966 -0.54441294 0.894739075 -0.00299367394 0 0 0
volume_proxy 969 -1.01220222 -0.0449614484 0.00223810234 0 0 0
volume_proxy 973 -0.178250683 0.0107429003 0.00147643034 0 0 0
volume_proxy 974 0.440390476 -0.827289468 -0.00382864146 0 0 0
volume_proxy 977 -1.13059835 -0.268963167 0.00651815647 0 0 0
volume_proxy 979 -0.146634439 0.787216439 0.0048022584 0 0 0
volume_proxy 981 -0.183026898 0.258369908 -0.00420912602 0 0 0
volume_proxy 983 1.13397345 -0.318018702 -0.00189006941 0 0 0
volume_proxy 984 1.43494372 0.589452914 -0.00641954668 0 0 0
volume_proxy 990 -1.19904402 0.441565199 -0.0034096858 0 0 0
volume_proxy 991 -0.559917127 -0.222013153 0.00279083164 0 0 0
volume_proxy 992 -0.207851292 0.23476301 0.00677149697 0 0 0
volume_proxy 997 1.22503631 0.0591938815 -0.00249331014 0 0 0
volume_proxy 999 -0.72605991 -0.282454209 0.00280763114 0 0 0
volume_proxy 1001 0.629027502 0.957099494 0.00198796283 0 0 0
volume_proxy 1007 -1.18942061 -0.622179986 -0.0060179146 0 0 0
volume_proxy 1008 0.293618332 -0.618027821 0.00571276354 0 0 0
volume_proxy 1012 0.864745666 -0.0915456915 0.00957890941 0 0 0
volume_proxy 1016 1.03505238 -0.814381402 -0.00190847532 0 0 0
volume_proxy 1017 0.589114362 -0.682315122 0.00558006698 0 0 0
volume_proxy 1018 -0.943345029 -0.679326416 -0.00134573665 0 0 0
volume_proxy 1019 -0.802080204 -0.81572458 -0.00646923374 0 0 0
volume_proxy 1020 -0.803937766 0.53356424 -0.0028892446 0 0 0
volume_proxy 1021 -0.892487073 -0.436757495 0.00733248098 0 0 0
volume_proxy 1023 0.881072389 0.290157711 0.00815140735 0 0 0
volume_proxy 1024 1.10334642 0.769098171 0.0088679237 0 0 0
volume_proxy 1028 -1.38619896 -0.680256927 -0.00983530802 0 0 0
volume_proxy 1029 0.998180995 0.80296632 -0.00967682529 0 0 0
volume_proxy 1030 0.542336306 0.491216841 0.00413478438 0 0 0
volume_proxy 1031 1.18212384 -0.616988312 0.00501114424 0 0 0
volume_proxy 1032 1.2469959 0.244043306 0.0101555931 0 0 0
volume_proxy 1033 0.882789033 0.872971724 -0.00407092215 0 0 0
volume_proxy 1035 0.325559579 -0.390267748 0.00341889989 0 0 0
volume_proxy 1036 0.927566222 -0.32234159 0.00963057585 0 0 0
volume_proxy 1040 -0.959327506 -0.831869318 0.000319339998 0 0 0
volume_proxy 1041 0.214064296 0.347172429 0.00388256558 0 0 0
volume_proxy 1042 0.834735441 0.166810929 -0.00577728499 0 0 0
volume_proxy 1046 0.110623999 -0.167889951 -0.00926449387 0 0 0
volume_proxy 1050 -0.609463183 -0.47107965 0.00182236264 0 0 0
volume_proxy 1052 -0.645584582 0.158542902 -0.00249635696 0 0 0
volume_proxy 1053 -0.419828808 -0.854074967 0.0053372539 0 0 0
volume_proxy 1056 -1.45573624 0.912776745 0.000818128247 0 0 0
volume_proxy 1057 0.0125785689 -0.478814733 0.000304073822 0 0 0
volume_proxy 1061 -0.486969518 -0.398940692 -0.00573772037 0 0 0
volume_proxy 1062 0.667390808 0.413297818 -0.00933406592 0 0 0
volume_proxy 1065 -1.40235666 -0.543405095 -0.00668560741 0 0 0
volume_proxy 1066 0.83610521 0.135941294 0.00257527101 0 0 0
volume_proxy 1067 0.894135367 -0.312951522 -0.000972058382 0 0 0
volume_proxy 1069 -0.863289821 0.420142755 -0.00130758269 0 0 0
volume_proxy 1070 -1.20800273 0.47842984 -0.000804679315 0 0 0
volume_proxy 1072 -0.621888873 0.916854979 -6.23850758e-05 0 0 0
volume_proxy 1075 -0.327628963 0.387025391 -0.0050628104 0 0 0
volume_proxy 1077 -0.992604459 0.96378368 0.00608677726 0 0 0
volume_proxy 1078 -1.12454626 0.80441373 0.00100718838 0 0 0
volume_proxy 1079 -0.00794541302 -0.0828561095 -0.00809241162 0 0 0
volume_proxy 1085 -0.0705934887 -0.25540412 -0.00279322132 0 0 0
volume_proxy 1086 1.03590857 -0.546856169 -0.0060337522 0 0 0
volume_proxy 1089 -0.877497427 0.729494359 -0.000166948384 0 0 0
volume_proxy 1091 0.290047793 0.188271427 -0.0107619702 0 0 0
volume_proxy 1092 0.0801150614 0.0721874703 0.00251111427 0 0 0
volume_proxy 1093 0.246080285 -0.647625795 0.0011307515 0 0 0
volume_proxy 1094 -1.4986443 0.815739679 -0.00518359458 0 0 0
volume_proxy 1096 0.330016511 0.400826817 -0.00855298677 0 0 0
volume_proxy 1098 0.493996928 0.627691662 -0.00301145293 0 0 0
volume_proxy 1102 1.16335832 0.695024774 0.00842930465 0 0 0
volume_proxy 1106 0.906927781 -0.636109318 -0.00670172027 0 0 0
volume_proxy 1107 -0.239537579 0.230362958 0.00523834337 0 0 0
volume_proxy 1108 1.16419016 0.586191324 0.000341909893 0 0 0
volume_proxy 1109 1.04946568 -0.839592833 -0.00875941462 0 0 0
volume_proxy 1110 0.82488815 -0.964199404 0.0105516749 0 0 0
volume_proxy 1111 -0.407620692 -0.19508795 0.0101386108 0 0 0
volume_proxy 1112 -0.706653036 0.97587261 -0.0107206111 0 0 0
volume_proxy 1113 1.25301175 0.198276543 -0.00465348339 0 0 0
volume_proxy 1114 -1.11582871 0.157002028 0.00836006772 0 0 0
volume_proxy 1117 0.680391853 -0.236469245 -0.00923349197 0 0 0
volume_proxy 1118 0.334270566 -0.504900838 0.00457524128 0 0 0
volume_proxy 1119 -1.33573139 0.560976342 -0.0034774695 0 0 0
volume_proxy 1120 -0.0537127221 0.186523436 0.00849725364 0 0 0
volume_proxy 1123 -1.34587172 0.857939808 -0.00309587787 0 0 0
volume_proxy 1127 0.550058808 0.615400364 0.00169524958 0 0 0
volume_proxy 1128 -0.648266288 0.0887523584 -3.67908428e-05 0 0 0
volume_proxy 1129 1.09978157 0.812871615 -0.00149922198 0 0 0
volume_proxy 1130 -0.744060505 0.304008738 0.000697819305 0 0 0
volume_proxy 1131 -1.01258106 0.105445122 0.00645891076 0 0 0
volume_proxy 1132 0.543032862 0.158985358 -0.00520811524 0 0 0
volume_proxy 1133 1.47060883 -0.586564141 -0.00640550124 0 0 0
volume_proxy 1134 1.00270046 0.689551932 -0.0040448471 0 0 0
volume_proxy 1135 -0.891127851 -0.970065453 0.00511670437 0 0 0
volume_proxy 1136 -1.02435808 -0.75440577 -0.0064955169 0 0 0
volume_proxy 1137 -0.67733639 -0.125418244 0.00845099824 0 0 0
volume_proxy 1138 1.33482704 -0.626939041 -0.00562718337 0 0 0
volume_proxy 1139 1.43300423 -0.559816107 -0.00918606778 0 0 0
volume_proxy 1143 -0.354337946 0.0227242906 -0.00314714125 0 0 0
volume_proxy 1144 0.505592149 -0.986030259 0.0036837241 0 0 0
volume_proxy 1145 -0.617185067 -0.978001064 -0.00663425712 0 0 0
volume_proxy 1146 -0.224928447 0.183818038 0.00575103048 0 0 0
volume_proxy 1147 -0.110462078 0.0573272608 -0.00233403773 0 0 0
volume_proxy 1148 -0.00670885681 -0.306948416 0.00125803909 0 0 0
volume_proxy 1149 -0.546604555 0.562195538 0.0104985704 0 0 0
volume_proxy 1150 -0.385113584 -0.694180498 -0.000603226355 0 0 0
volume_proxy 1151 0.78746977 -0.670046464 -0.00412179016 0 0 0
volume_proxy 1152 0.18447638 0.737696048 0.0104777748 0 0 0
volume_proxy 1156 -1.01686113 0.521559323 -0.00989862523 0 0 0
volume_proxy 1157 -0.222650265 0.286160931 0.00987585696 0 0 0
volume_proxy 1159 -0.439582793 0.978037461 0.0105060184 0 0 0
volume_proxy 1160 -0.325613352 0.896709194 -0.00496891849 0 0 0
volume_proxy 1161 0.693505862 -0.790954583 0.000661853966 0 0 0
volume_proxy 1163 1.41268737 0.361041673 0.00264034048 0 0 0
volume_proxy 1164 1.35996886 0.451353701 0.00304279423 0 0 0
volume_proxy 1165 -0.24470538 -0.699594633 0.00980118897 0 0 0
volume_proxy 1166 -1.41355046 0.319307048 -7.96505075e-06 0 0 0
volume_proxy 1167 -1.39452516 0.220705056 -0.00415508498 0 0 0
volume_proxy 1168 0.246377417 -0.24087106 0.0104590438 0 0 0
volume_proxy 1169 1.49855252 -0.360568157 0.00640914151 0 0 0
volume_proxy 1170 -1.48630733 0.276627536 0.00726494804 0 0 0
volume_proxy 1171 -0.379414244 0.382467477 0.00165421222 0 0 0
volume_proxy 1172 -0.28598921 0.342178016 0.0101410376 0 0 0
volume_proxy 1173 0.608566952 0.521161132 -0.00922613308 0 0 0
volume_proxy 1174 0.556991211 0.0362814561 0.00584479411 0 0 0
volume_proxy 1175 -0.55087696 -0.847783319 -0.0102204157 0 0 0
