volume_proxy 0 1.45319688 -0.486342984 0.00591084419 0 0 0
volume_proxy 5 0.945904588 0.156324381 -0.00384872602 0 0 0
volume_proxy 6 0.250412145 0.169606311 -0.0104226201 0 0 0
volume_proxy 11 0.746904262 0.0785644944 -6.1699091e-05 0 0 0
volume_proxy 12 1.49847533 -0.333074921 -0.00341568391 0 0 0
volume_proxy 14 -0.286128226 -0.23287329 0.0102919895 0 0 0
volume_proxy 23 0.487757327 -0.641021757 -0.00215176503 0 0 0
volume_proxy 38 0.790753769 -0.0829005551 0.00735106621 0 0 0
volume_proxy 40 0.0610339161 -0.751474611 -0.00218600017 0 0 0
volume_proxy 50 -0.467412901 -0.653152128 -0.000601111484 0 0 0
volume_proxy 53 -0.516737217 0.0671546737 -0.0106222878 0 0 0
volume_proxy 58 1.06715495 -0.529731254 -0.00402385015 0 0 0
volume_proxy 60 1.03832277 0.73474789 -0.00215631506 0 0 0
volume_proxy 61 0.285872908 -0.781521335 -0.0102824534 0 0 0
volume_proxy 72 0.284677135 0.317520279 0.00149538147 0 0 0
volume_proxy 85 -1.00302328 -0.343955464 0.010093281 0 0 0
volume_proxy 88 -1.23094664 -0.824364728 -0.00922520142 0 0 0
volume_proxy 97 1.02822929 0.037396381 -0.0105405985 0 0 0
volume_proxy 101 -0.93453023 0.943586628 0.00981846972 0 0 0
volume_proxy 105 0.258765458 -0.237902113 0.0107369716 0 0 0
volume_proxy 107 1.12941538 0.461952822 0.000839945616 0 0 0
volume_proxy 127 -0.725849748 0.4853604 -0.00557013728 0 0 0
volume_proxy 130 1.29122575 0.538492025 0.009593458 0 0 0
volume_proxy 140 -0.341759052 0.069113963 0.00106021775 0 0 0
volume_proxy 157 1.05381881 -0.174445082 -0.0101880783 0 0 0
volume_proxy 159 0.284581191 -0.331350105 0.0105602468 0 0 0
volume_proxy 161 0.629426079 0.236681782 -0.00418465852 0 0 0
volume_proxy 176 0.750328675 -0.63321368 -0.000941267504 0 0 0
volume_proxy 186 -0.4237896 0.158225739 -0.00387623267 0 0 0
volume_proxy 189 -1.13623945 0.784478373 0.00400639488 0 0 0
volume_proxy 195 -0.10113522 0.484286154 0.00144917263 0 0 0
volume_proxy 196 0.295146295 -0.163837243 0.00673315007 0 0 0
volume_proxy 200 -0.414192779 -0.685059506 -0.00975371514 0 0 0
volume_proxy 202 -1.15820153 0.665549907 -0.0107673707 0 0 0
volume_proxy 209 -0.900482748 0.282342428 -0.00783618745 0 0 0
volume_proxy 210 -0.89621543 0.260103196 -0.00758736868 0 0 0
volume_proxy 226 -0.544527629 -0.396542852 0.00777186494 0 0 0
volume_proxy 236 0.240235727 0.581824669 0.00332809127 0 0 0
volume_proxy 247 0.339592987 0.312387511 0.00387451872 0 0 0
volume_proxy 256 -0.713441046 0.0958809467 -0.0105854334 0 0 0
volume_proxy 259 0.226045599 0.284722907 0.000924981433 0 0 0
volume_proxy 269 0.152670585 -0.316930622 0.00027342843 0 0 0
volume_proxy 277 -1.34338911 -0.436736066 -0.0064213085 0 0 0
volume_proxy 294 0.00523573412 0.41567624 -0.010739487 0 0 0
volume_proxy 296 0.0886678001 -0.134593422 0.000641226149 0 0 0
volume_proxy 305 0.632246226 -0.876757243 -0.00980923512 0 0 0
volume_proxy 310 0.84200086 0.283310825 -0.00636854337 0 0 0
volume_proxy 329 -0.876875464 -0.850183276 0.00839099194 0 0 0
volume_proxy 337 -1.05840413 0.766429453 -0.0023627954 0 0 0
volume_proxy 344 -0.809437635 0.639121597 0.00143194767 0 0 0
volume_proxy 347 -0.214575954 -0.640993348 0.00916697138 0 0 0
volume_proxy 349 -0.658313469 0.529889015 -0.00574355162 0 0 0
volume_proxy 356 0.353897971 0.818156811 -0.00859737699 0 0 0
volume_proxy 375 1.06675035 -0.274459954 0.0045322941 0 0 0
volume_proxy 388 -1.49074936 0.848090318 -0.0046388352 0 0 0
volume_proxy 431 -1.20751176 -0.271150063 -0.010245318 0 0 0
volume_proxy 802 1.06019588 -0.410108039 0.00670379323 0 0 0
volume_proxy 876 0.258580123 -0.849614625 -0.00315983049 0 0 0
volume_proxy 1020 -1.43558288 0.9192144 -0.00888370643 0 0 0
volume_proxy 1052 0.182295891 -0.874039051 0.00840781058 0 0 0
volume_proxy 1066 0.757404817 0.425529156 -0.0107676169 0 0 0
volume_proxy 1093 0.0527923323 0.205454864 0.00949069884 0 0 0
volume_proxy 1120 -0.592348366 0.768954491 0.0105507738 0 0 0
volume_proxy 1166 -0.660746966 0.732883616 0.000614573924 0 0 0
volume_proxy 1169 1.25328906 -0.955786041 0.00278241081 0 0 0
volume_proxy 1172 0.0952602929 0.592748181 -0.00867770447 0 0 0
volume_proxy 1186 -0.560321791 -0.479397227 0.00935627139 0 0 0
volume_proxy 1193 -0.703771699 0.0536999201 0.00482310877 0 0 0
volume_proxy 1210 -1.21768354 0.749785031 -0.00998128162 0 0 0
volume_proxy 1217 -0.301571432 -0.123105803 0.00660578026 0 0 0
volume_proxy 1219 -1.052158 0.903017374 -0.00241265552 0 0 0
volume_proxy 1225 -0.0912637444 -0.578541762 -0.00920462544 0 0 0
volume_proxy 1245 -1.39940486 0.741898041 0.000362754976 0 0 0
volume_proxy 1270 0.020042299 0.112103354 0.00976536982 0 0 0
volume_proxy 1280 -1.47021262 0.766595592 -0.0032038781 0 0 0
volume_proxy 1285 -1.31044596 0.878163035 0.0053423969 0 0 0
volume_proxy 1292 0.68208215 0.369465181 0.00204773559 0 0 0
volume_proxy 1295 -1.12134628 0.686727732 0.00163814406 0 0 0
volume_proxy 1296 0.0538897708 -0.222020556 0.00218333605 0 0 0
volume_proxy 1301 -1.0155362 0.917046028 0.00401570957 0 0 0
volume_proxy 1308 -0.484120469 0.891846392 0.00808349747 0 0 0
volume_proxy 1318 1.23509134 -0.526488288 0.00269530988 0 0 0
volume_proxy 1326 0.537442542 -0.225506871 0.00513574533 0 0 0
volume_proxy 1335 0.297099809 -0.428041839 0.000603759225 0 0 0
volume_proxy 1340 0.915907583 0.683273429 -0.00504969376 0 0 0
volume_proxy 1366 0.901089977 0.988759423 0.00894723975 0 0 0
volume_proxy 1380 -0.363665406 0.535633238 0.00256446084 0 0 0
volume_proxy 1381 0.520733629 0.631492057 0.00661077931 0 0 0
volume_proxy 1386 0.649777011 0.943957094 -0.00178297127 0 0 0
volume_proxy 1388 0.648365841 0.224580551 0.00840952343 0 0 0
volume_proxy 1390 -1.38911772 0.933658139 0.000494078383 0 0 0
volume_proxy 1392 -0.025064451 -0.740334068 -0.00501132272 0 0 0
volume_proxy 1397 0.501618501 0.373296229 0.00145961722 0 0 0
volume_proxy 1398 -1.44132181 0.448376434 0.00919598073 0 0 0
volume_proxy 1403 0.550169705 0.0948118745 -0.00563444615 0 0 0
volume_proxy 1405 0.0219188427 0.450580385 -0.0068950264 0 0 0
volume_proxy 1408 0.603440874 0.739064072 0.00926122608 0 0 0
volume_proxy 1409 1.3234109 0.266190123 0.00645359329 0 0 0
volume_proxy 1413 0.769942919 0.958544844 0.00512241222 0 0 0
volume_proxy 1418 -1.41914723 -0.164067198 -0.0057039302 0 0 0
volume_proxy 1420 -1.35084697 -0.036292519 0.00530611069 0 0 0
volume_proxy 1421 -1.45468706 -0.261776649 -0.000466706911 0 0 0
volume_proxy 1422 0.936378992 -0.956597928 -0.00956373462 0 0 0
volume_proxy 1423 -0.438009722 0.588832601 0.00835250035 0 0 0
volume_proxy 1425 -1.18508181 -0.699999136 -0.00655389773 0 0 0
volume_proxy 1426 0.88665278 -0.463816621 -0.00699264593 0 0 0
volume_proxy 1428 -0.17071753 0.528768947 -0.00959849095 0 0 0
volume_proxy 1429 1.11623639 -0.200841817 7.63671726e-05 0 0 0
volume_proxy 1433 0.989384748 0.275807287 -0.00247837835 0 0 0
volume_proxy 1434 0.649992618 -0.423843027 0.00504318785 0 0 0
volume_proxy 1436 -0.912587376 -0.96328156 0.00500967212 0 0 0
volume_proxy 1437 -0.268679168 -0.471103353 -0.00456268541 0 0 0
volume_proxy 1439 -0.562780691 0.890870988 -0.0034525293 0 0 0
volume_proxy 1440 0.254228115 -0.372304324 0.0100564367 0 0 0
volume_proxy 1444 -0.586126915 -0.693612317 8.37008115e-05 0 0 0
volume_proxy 1445 0.363572578 -0.642908141 0.00749681697 0 0 0
volume_proxy 1447 1.27832042 -0.5741496 -0.0107467356 0 0 0
volume_proxy 1448 0.0131455343 -0.176234828 -0.00169353188 0 0 0
volume_proxy 1454 -1.05777815 -0.877504697 0.00280833075 0 0 0
volume_proxy 1459 -1.05413126 0.996216609 -0.00181588817 0 0 0
volume_proxy 1460 0.973866143 0.366683316 -0.00373854125 0 0 0
volume_proxy 1461 -1.40624179 0.35373122 -0.00506899522 0 0 0
volume_proxy 1462 -0.872297623 -0.692072804 -0.000998504311 0 0 0
volume_proxy 1464 -0.857068991 -0.889405519 0.00554282934 0 0 0
volume_proxy 1466 -1.1480079 -0.85340198 -0.00247557131 0 0 0
volume_proxy 1470 -1.31515668 -0.816459788 0.00275564673 0 0 0
volume_proxy 1471 -0.0677220577 0.988093954 0.00293465191 0 0 0
volume_proxy 1472 -0.345878834 0.955338222 0.00148556275 0 0 0
volume_proxy 1473 -0.494803292 0.846082442 -0.0010180877 0 0 0
volume_proxy 1474 0.710516093 -0.910640081 -0.0103391038 0 0 0
volume_proxy 1475 0.925158697 0.202918906 0.00129535418 0 0 0
volume_proxy 1479 0.743733477 0.933977423 -0.00205494179 0 0 0
volume_proxy 1480 1.38505876 -0.461620628 -0.00593797689 0 0 0
volume_proxy 1481 1.10928554 0.589217009 -0.00173243346 0 0 0
volume_proxy 1482 0.110781173 -0.943995213 0.00104639816 0 0 0
volume_proxy 1483 0.150734396 -0.837995435 0.00697305155 0 0 0
volume_proxy 1484 0.0897760567 0.311265933 -0.00136726969 0 0 0
volume_proxy 1485 0.062288717 -0.16523993 0.00932652515 0 0 0
volume_proxy 1486 1.16410704 -0.768059229 -0.00812115522 0 0 0
