volume_proxy 0 1.13986688 0.591396509 -0.0054387181 0 0 0
volume_proxy 5 1.43223797 -0.878181658 0.00666819954 0 0 0
volume_proxy 6 -0.404567673 0.670677587 -0.000490795619 0 0 0
volume_proxy 11 1.32307807 0.821451 -0.00898056818 0 0 0
volume_proxy 12 0.297523175 -0.643386276 0.00446494834 0 0 0
volume_proxy 14 -0.833031055 0.778836029 -0.00660994115 0 0 0
volume_proxy 23 1.43579771 -0.82236367 -0.00392534969 0 0 0
volume_proxy 38 1.00477824 -0.234716189 0.00174294216 0 0 0
volume_proxy 40 -0.284974322 -0.288554125 -0.00104516914 0 0 0
volume_proxy 50 -1.01774162 -0.0677875464 -0.00374060768 0 0 0
volume_proxy 53 -0.562444485 0.388262143 -0.00887956551 0 0 0
volume_proxy 58 1.33204542 -0.82281051 -0.00269262036 0 0 0
volume_proxy 60 0.161694002 0.332858377 0.0106881007 0 0 0
volume_proxy 85 -0.601811782 0.315736284 0.00966751732 0 0 0
volume_proxy 97 1.1120769 0.562650891 0.00524080248 0 0 0
volume_proxy 107 0.99214889 0.289805744 0.00956755578 0 0 0
volume_proxy 127 -1.20879895 -0.0293167668 0.00676545529 0 0 0
volume_proxy 130 0.658344499 0.672956355 -0.00725740836 0 0 0
volume_proxy 140 -0.183512406 0.0267298081 -0.00930570194 0 0 0
volume_proxy 157 0.918034373 -0.384940573 0.000968021979 0 0 0
volume_proxy 159 0.548989089 0.659835585 0.00454719674 0 0 0
volume_proxy 161 0.828181305 0.892093933 -0.0104762949 0 0 0
volume_proxy 176 0.646749248 -0.387116436 0.0068447119 0 0 0
volume_proxy 186 -1.12930461 0.183662924 0.00926355249 0 0 0
volume_proxy 189 -0.838437816 0.915831967 -0.010067796 0 0 0
volume_proxy 195 0.110205614 -0.636129741 0.00514162489 0 0 0
volume_proxy 196 0.6201394 0.0306310406 0.00122301824 0 0 0
volume_proxy 200 -0.668838655 -0.731225628 0.00122797591 0 0 0
volume_proxy 202 -0.0216970694 0.988587477 0.00574690865 0 0 0
volume_proxy 209 -1.36773231 -0.0616430035 0.00898457569 0 0 0
volume_proxy 210 -0.132794654 0.482347027 -0.00680673441 0 0 0
volume_proxy 226 0.22642222 -0.757435381 0.00996269963 0 0 0
volume_proxy 236 0.878009828 0.861938783 -0.00287359249 0 0 0
volume_proxy 247 1.32574533 0.847683242 -0.00710591829 0 0 0
volume_proxy 256 -1.32619119 0.910807146 -0.00172195074 0 0 0
volume_proxy 259 0.47170153 0.749451323 0.000325543371 0 0 0
volume_proxy 269 -0.833196422 -0.270992487 0.00306031209 0 0 0
volume_proxy 277 -1.33499162 -0.331931028 0.00736811379 0 0 0
volume_proxy 296 -0.768145057 -0.73911149 -0.00299322601 0 0 0
volume_proxy 305 0.16072973 -0.094102828 -0.00335239693 0 0 0
volume_proxy 310 -0.250068449 -0.638801802 -0.0105747256 0 0 0
volume_proxy 344 -1.23505511 0.715885418 -0.0103228369 0 0 0
volume_proxy 347 0.341857372 -0.0678075134 -0.00403990868 0 0 0
volume_proxy 356 0.0973660958 0.673631396 -0.00309275104 0 0 0
volume_proxy 375 0.844243601 -0.881254767 0.00957009707 0 0 0
volume_proxy 388 0.722160108 -0.13803321 0.00307538728 0 0 0
volume_proxy 802 1.4152248 -0.487246241 -0.00204251433 0 0 0
volume_proxy 1052 -0.815244171 -0.935702267 -0.0031240465 0 0 0
volume_proxy 1066 0.0295020671 0.0174134361 -0.00598792603 0 0 0
volume_proxy 1120 -0.507628338 0.167649389 0.00452700412 0 0 0
volume_proxy 1166 -0.661635127 0.317328184 0.0102179977 0 0 0
volume_proxy 1169 0.773580396 -0.802085255 0.00698640453 0 0 0
volume_proxy 1193 -1.40542125 -0.410291145 -0.00528263812 0 0 0
volume_proxy 1225 -0.0317330918 0.107947138 -0.00426908534 0 0 0
volume_proxy 1245 -1.30955765 0.0460523532 -0.00825475359 0 0 0
volume_proxy 1280 -1.2824796 0.328987851 -0.00567457125 0 0 0
volume_proxy 1285 -1.03514801 -0.160060095 0.00914925887 0 0 0
volume_proxy 1295 -0.628754161 0.0531943212 0.00190066777 0 0 0
volume_proxy 1296 0.681457967 -0.189576435 -0.00770481765 0 0 0
volume_proxy 1335 0.370756717 -0.778863984 0.0104489267 0 0 0
volume_proxy 1340 1.29355292 0.529661554 -0.00790017561 0 0 0
volume_proxy 1380 0.186646293 0.569056409 0.00283293471 0 0 0
volume_proxy 1386 0.215024298 0.136452206 0.00525095991 0 0 0
volume_proxy 1397 0.815110091 0.504220352 0.00315112133 0 0 0
volume_proxy 1409 0.233985964 0.880223709 0.00895585718 0 0 0
volume_proxy 1413 1.40066819 0.455714899 0.00123166743 0 0 0
volume_proxy 1420 -0.939698924 -0.305863148 0.00355626545 0 0 0
volume_proxy 1422 0.653016689 -0.700947669 -0.00186699425 0 0 0
volume_proxy 1429 0.861330669 -0.518070266 0.000532268212 0 0 0
volume_proxy 1433 1.46403306 0.625312803 0.00492017097 0 0 0
volume_proxy 1434 0.230070735 -0.9793055 0.00723909965 0 0 0
volume_proxy 1437 0.0654153953 -0.215087162 0.00924650245 0 0 0
volume_proxy 1439 0.122845895 0.182293635 0.00749648597 0 0 0
volume_proxy 1447 0.663893496 -0.93666091 0.00982157604 0 0 0
volume_proxy 1459 -0.511390642 0.278029711 -0.0107211357 0 0 0
volume_proxy 1460 1.0391071 0.96030263 0.00838789794 0 0 0
volume_proxy 1461 -1.0610314 0.637999038 0.00949222691 0 0 0
volume_proxy 1466 -0.913565297 -0.0220020434 -0.000442222823 0 0 0
volume_proxy 1470 -1.05104244 -0.426291383 -0.00064369397 0 0 0
volume_proxy 1472 -1.48508921 0.348246171 -0.000915139226 0 0 0
volume_proxy 1474 1.09876527 -0.724672572 0.00557302347 0 0 0
volume_proxy 1481 1.03339378 0.868596286 -0.00267385812 0 0 0
volume_proxy 1482 0.953233735 -0.391875989 0.00479833672 0 0 0
volume_proxy 1485 0.206439252 -0.807982817 -0.00147767073 0 0 0
volume_proxy 1489 0.396992072 -0.324469877 0.000677431795 0 0 0
volume_proxy 1490 1.38908466 0.847930949 -0.00560342968 0 0 0
volume_proxy 1492 0.444680334 0.464302501 -0.00429828106 0 0 0
volume_proxy 1493 0.168873387 -0.0237302968 -0.00878634815 0 0 0
volume_proxy 1494 1.09473826 0.170399368 -0.00659713058 0 0 0
volume_proxy 1496 -1.43513419 0.601440608 0.00101348192 0 0 0
volume_proxy 1498 -0.901575563 0.3748875 -0.00662277652 0 0 0
volume_proxy 1501 -0.607742332 -0.678166046 -0.000127905006 0 0 0
volume_proxy 1503 -0.330816793 0.367880807 0.0105792874 0 0 0
volume_proxy 1506 0.314361569 0.943532687 -0.00555662797 0 0 0
volume_proxy 1507 -1.14269207 -0.434112117 -0.00967701579 0 0 0
volume_proxy 1508 -0.494702683 -0.964152938 0.0090475351 0 0 0
volume_proxy 1509 -1.11250954 0.7380142 0.00251171277 0 0 0
volume_proxy 1510 0.273831578 -0.78995278 -0.00254475717 0 0 0
volume_proxy 1511 1.19500088 0.782910994 -0.00681759386 0 0 0
volume_proxy 1513 -0.928712309 0.983613919 -0.00505724489 0 0 0
volume_proxy 1515 0.838650619 0.168241921 -0.00213170004 0 0 0
volume_proxy 1516 -0.394197933 -0.43562329 0.00422569373 0 0 0
volume_proxy 1517 -0.621999535 -0.814252917 0.00830093747 0 0 0
volume_proxy 1518 -0.856115253 -0.0240286751 0.00465890804 0 0 0
volume_proxy 1519 0.0425860076 -0.211949802 -0.00920050995 0 0 0
volume_proxy 1520 -0.0982004742 -0.499245198 -0.00257991896 0 0 0
volume_proxy 1521 -0.604193315 0.034716485 -0.0017792957 0 0 0
volume_proxy 1522 0.0953735794 0.741695617 0.0026411807 0 0 0
volume_proxy 1523 1.02150855 -0.266764557 0.0102872085 0 0 0
volume_proxy 1525 -1.04547578 0.552099902 -0.00395107721 0 0 0
volume_proxy 1526 1.03845016 -0.455639434 0.00648271038 0 0 0
