volume_proxy 0 0.0864552935 -0.342145605 0.007291278 0 0 0
volume_proxy 6 -0.271106174 0.563477957 0.0101833239 0 0 0
volume_proxy 11 1.11259819 0.975240176 0.000555207985 0 0 0
volume_proxy 12 1.26561076 -0.102422197 -0.00615616668 0 0 0
volume_proxy 14 -1.43862214 0.146367314 0.0083960438 0 0 0
volume_proxy 23 0.320469597 -0.286654334 0.00957288597 0 0 0
volume_proxy 38 -0.72620658 -0.8010295 -0.0102909986 0 0 0
volume_proxy 40 -0.757230041 0.16152647 -0.00574850813 0 0 0
volume_proxy 50 -0.640612491 -0.119139935 -0.000806053624 0 0 0
volume_proxy 53 -1.32655096 0.886634056 -0.00550879983 0 0 0
volume_proxy 58 1.3203904 -0.849504073 0.00714963219 0 0 0
volume_proxy 60 -0.0247738062 0.616603206 0.00644644053 0 0 0
volume_proxy 85 -0.827860227 0.588941094 -0.00575970567 0 0 0
volume_proxy 97 0.725523103 0.886147643 -0.000999696243 0 0 0
volume_proxy 107 0.579022724 -0.155914738 0.00781099779 0 0 0
volume_proxy 127 -1.39920935 -0.740190686 0.0078822041 0 0 0
volume_proxy 130 0.910706895 -0.699747886 0.000514812812 0 0 0
volume_proxy 140 -0.46876701 0.0106576495 0.00919929667 0 0 0
volume_proxy 157 0.551990978 -0.988018867 0.0013742709 0 0 0
volume_proxy 159 1.26847306 0.410898202 -0.00351029815 0 0 0
volume_proxy 161 -0.203650537 0.111243473 0.0107566762 0 0 0
volume_proxy 176 1.36100867 0.253879028 0.00838576771 0 0 0
volume_proxy 186 -0.45018049 -0.196245546 -0.00186954137 0 0 0
volume_proxy 189 -0.160658679 -0.0396257589 -0.00100097218 0 0 0
volume_proxy 195 -1.46543704 -0.997433171 0.00455204197 0 0 0
volume_proxy 196 0.534875862 0.649621991 0.00155654127 0 0 0
volume_proxy 200 -0.871762694 0.651490501 -0.00233417828 0 0 0
volume_proxy 202 0.23011842 0.948228167 -0.00886457512 0 0 0
volume_proxy 209 -0.910437252 0.154938318 0.000510147494 0 0 0
volume_proxy 210 0.0996748562 0.609988418 0.0011165073 0 0 0
volume_proxy 226 0.572425836 -0.828781544 -0.00335542175 0 0 0
volume_proxy 236 1.0225717 -0.692730889 0.00135435045 0 0 0
volume_proxy 247 0.938322339 0.473547947 0.00439545995 0 0 0
volume_proxy 256 -0.722208729 0.800144289 0.00491959357 0 0 0
volume_proxy 259 1.14853563 0.0776455465 -0.00632456958 0 0 0
volume_proxy 269 -1.0154811 -0.0107873672 -0.00181877081 0 0 0
volume_proxy 277 -0.329228011 -0.517669958 -0.00918883046 0 0 0
volume_proxy 296 -1.19496825 0.500316838 -0.0104883198 0 0 0
volume_proxy 305 0.749495573 -0.366765531 -0.00134302085 0 0 0
volume_proxy 310 0.351424327 0.390373916 -0.00640324427 0 0 0
volume_proxy 344 -1.26171776 -0.052550264 0.00259414374 0 0 0
volume_proxy 347 -0.266500666 0.499157118 0.00698124313 0 0 0
volume_proxy 356 -0.291149715 0.125556544 0.0102306898 0 0 0
volume_proxy 375 0.694784181 -0.374330806 -0.00320539633 0 0 0
volume_proxy 388 1.47236186 -0.522847911 0.000827139579 0 0 0
volume_proxy 802 0.759992025 0.327636427 -0.0057031133 0 0 0
volume_proxy 1052 -1.4551765 -0.383068522 -0.0105177249 0 0 0
volume_proxy 1066 -0.0407024744 0.658803008 0.00663774903 0 0 0
volume_proxy 1120 -0.563143841 0.611063872 0.00850555526 0 0 0
volume_proxy 1166 -1.17252723 -0.49914605 0.00264308462 0 0 0
volume_proxy 1193 -1.35831707 -0.575573037 0.00871903935 0 0 0
volume_proxy 1225 -0.803309322 -0.429886121 -0.00609243419 0 0 0
volume_proxy 1245 -1.37276805 0.195452591 -0.00529975724 0 0 0
volume_proxy 1280 -0.777574222 0.992117772 -0.00733212475 0 0 0
volume_proxy 1285 -1.24687382 0.587991846 0.00961011407 0 0 0
volume_proxy 1295 0.842567178 -0.303103533 0.00902834898 0 0 0
volume_proxy 1296 -0.108175371 -0.927806276 0.00528636964 0 0 0
volume_proxy 1340 0.655242056 0.230968296 0.00964684329 0 0 0
volume_proxy 1380 -1.04426809 0.0225131301 0.00525988063 0 0 0
volume_proxy 1386 1.37663075 0.336486521 -0.00410961397 0 0 0
volume_proxy 1397 0.486012742 0.77340559 0.00722081805 0 0 0
volume_proxy 1409 -0.0385216914 0.189028661 0.000100127461 0 0 0
volume_proxy 1413 1.36213345 0.948450938 0.0100081042 0 0 0
volume_proxy 1422 0.811541832 -0.8052255 0.00507286111 0 0 0
volume_proxy 1433 1.10885094 0.485110238 0.00493294847 0 0 0
volume_proxy 1437 -0.0806103818 -0.388604411 -0.0104579714 0 0 0
volume_proxy 1459 -1.12212209 -0.0562348824 0.00263666727 0 0 0
volume_proxy 1460 -0.0631605027 0.820428047 0.00274303663 0 0 0
volume_proxy 1461 -1.21729189 0.980559668 -0.00742779351 0 0 0
volume_proxy 1466 -0.46257725 0.520330802 -0.00548834566 0 0 0
volume_proxy 1472 -1.38597524 0.621496442 -0.0102694167 0 0 0
volume_proxy 1474 1.46717512 0.00650764739 -0.00843627962 0 0 0
volume_proxy 1481 0.521340556 0.482987988 -0.00776452575 0 0 0
volume_proxy 1482 0.837335815 0.849016059 0.00464301422 0 0 0
volume_proxy 1485 0.344887343 -0.39761302 -0.0107313914 0 0 0
volume_proxy 1489 0.378642375 -0.720123153 0.00357391484 0 0 0
volume_proxy 1490 0.666377013 0.980642739 0.00902754996 0 0 0
volume_proxy 1496 -1.40281013 0.831570536 0.00940898265 0 0 0
volume_proxy 1498 0.00430271093 0.307578417 0.00444206013 0 0 0
volume_proxy 1503 -1.27856158 -0.857964502 -0.00400055727 0 0 0
volume_proxy 1506 0.229279227 0.746588247 -0.00851536656 0 0 0
volume_proxy 1507 -1.35602509 -0.127302249 -0.00300905158 0 0 0
volume_proxy 1508 -0.495656748 -0.179312582 -0.00228051554 0 0 0
volume_proxy 1509 -1.22030136 -0.011311244 -0.00623959669 0 0 0
volume_proxy 1510 -0.147821161 -0.938683593 -0.000257432293 0 0 0
volume_proxy 1511 1.25379065 0.440959359 -0.00931094726 0 0 0
volume_proxy 1513 -1.26625209 0.638324292 3.30434866e-05 0 0 0
volume_proxy 1515 0.737661458 -0.709420263 0.00606663179 0 0 0
volume_proxy 1516 -0.0487967308 -0.993161747 0.00807740169 0 0 0
volume_proxy 1517 -1.31181264 -0.321955731 0.00746089859 0 0 0
volume_proxy 1519 -0.0189790149 -0.567864874 0.00950082686 0 0 0
volume_proxy 1520 0.253452787 -0.328784825 0.00780136292 0 0 0
volume_proxy 1521 -1.191001 -0.376232898 -0.00480733241 0 0 0
volume_proxy 1523 0.355366122 -0.427272881 -0.00995179727 0 0 0
volume_proxy 1525 -0.955085618 0.958222093 -9.47376482e-06 0 0 0
volume_proxy 1526 1.06930486 -0.726421995 0.00995671506 0 0 0
volume_proxy 1528 0.611193615 -0.574739414 -0.00356922454 0 0 0
volume_proxy 1529 -1.13682547 0.246807872 0.00876272654 0 0 0
volume_proxy 1531 0.355651626 0.466749832 0.00025599654 0 0 0
volume_proxy 1533 1.26990703 -0.0322829466 0.00630462258 0 0 0
volume_proxy 1534 0.293967696 0.415872555 0.0084260879 0 0 0
volume_proxy 1535 0.870373886 0.552076014 -0.00220766592 0 0 0
volume_proxy 1536 -0.471800334 -0.547603745 -0.00465202716 0 0 0
volume_proxy 1537 -0.194327082 -0.917336862 -0.00735747683 0 0 0
volume_proxy 1538 1.35951321 -0.0900617311 -0.00815182065 0 0 0
