volume_proxy 0 0.0822297313 0.41879381 0.00438545418 0 0 0
volume_proxy 6 -0.0945542971 0.663203481 0.00778156673 0 0 0
volume_proxy 11 1.2748804 0.81982844 -0.00597462746 0 0 0
volume_proxy 12 0.710550474 -0.0952912616 0.00853664974 0 0 0
volume_proxy 14 -0.706071561 0.623749294 -0.00367523948 0 0 0
volume_proxy 23 1.14548942 -0.945393696 0.00703472022 0 0 0
volume_proxy 38 -1.03702862 -0.83065969 -0.00563065057 0 0 0
volume_proxy 40 -1.09385353 0.0715742487 0.00161528412 0 0 0
volume_proxy 50 -0.968214672 -0.600178272 0.010573216 0 0 0
volume_proxy 53 -1.13025684 0.619656686 0.000717156284 0 0 0
volume_proxy 58 0.57098592 -0.972737133 -0.000726343875 0 0 0
volume_proxy 60 0.436910064 0.221166373 0.00578375788 0 0 0
volume_proxy 85 -0.631151355 0.989194052 0.000683746896 0 0 0
volume_proxy 97 0.529363257 0.79705928 -0.00641789227 0 0 0
volume_proxy 107 1.44904828 -0.0314959881 -0.00612556024 0 0 0
volume_proxy 127 -1.11218208 -0.903668801 0.00272379241 0 0 0
volume_proxy 130 0.29914932 0.708735035 0.00710075119 0 0 0
volume_proxy 140 -0.777386314 0.627301313 0.00877080524 0 0 0
volume_proxy 157 0.627143317 0.0893734538 0.00849888764 0 0 0
volume_proxy 159 1.26069259 0.439151553 -0.000321912717 0 0 0
volume_proxy 161 0.0957102286 0.782159283 -0.00731744071 0 0 0
volume_proxy 176 1.315072 -0.361227034 0.0107301584 0 0 0
volume_proxy 186 -0.573955897 -0.631680036 -0.00605471294 0 0 0
volume_proxy 189 -1.09344159 0.571136039 -0.00186715563 0 0 0
volume_proxy 195 -1.42174901 -0.88749153 -0.00656062527 0 0 0
volume_proxy 196 0.524796306 0.051758053 0.00737135444 0 0 0
volume_proxy 200 -0.721414107 -0.425260483 0.00208071259 0 0 0
volume_proxy 202 0.697169087 0.853163844 -0.00899244268 0 0 0
volume_proxy 209 -0.828388631 -0.168801454 -0.00331477827 0 0 0
volume_proxy 210 -0.586530467 0.737380343 -0.00265579567 0 0 0
volume_proxy 226 -0.212054319 -0.485006664 -0.00664032278 0 0 0
volume_proxy 236 1.31541814 -0.613913349 -0.00199718168 0 0 0
volume_proxy 247 1.24970547 0.770382615 0.00559816132 0 0 0
volume_proxy 256 -0.685061455 0.541953484 -0.00561232802 0 0 0
volume_proxy 259 0.386516862 0.806934057 -0.00615942533 0 0 0
volume_proxy 269 -0.702754398 0.362945142 -0.00595932821 0 0 0
volume_proxy 277 -1.3281417 -0.276316268 0.00200160618 0 0 0
volume_proxy 296 -1.15105963 0.727665075 0.00512437489 0 0 0
volume_proxy 305 0.768333405 -0.564740896 -0.00304221449 0 0 0
volume_proxy 310 -0.429670777 -0.0221999016 0.00643722979 0 0 0
volume_proxy 344 -1.03004386 0.00750181175 0.0100273385 0 0 0
volume_proxy 347 0.289296443 0.905832668 -0.00352645826 0 0 0
volume_proxy 356 -0.704016886 0.45543121 0.00370145247 0 0 0
volume_proxy 375 0.661653982 -0.505583631 -0.00958834581 0 0 0
volume_proxy 388 1.20809393 -0.03053188 -0.00326305944 0 0 0
volume_proxy 802 0.768510643 0.0307696966 0.00214548105 0 0 0
volume_proxy 1052 -0.636392468 -0.712337624 0.000628605901 0 0 0
volume_proxy 1066 -0.329737061 -0.00622851373 0.000393107738 0 0 0
volume_proxy 1120 -0.362651798 -0.259895818 -0.00398027397 0 0 0
volume_proxy 1166 -0.821301894 0.0996802168 0.00769766452 0 0 0
volume_proxy 1193 -1.23655524 -0.913380257 0.00053150916 0 0 0
volume_proxy 1225 -0.268174954 -0.241086517 0.00251022806 0 0 0
volume_proxy 1245 -1.40004712 -0.343304482 0.000623710998 0 0 0
volume_proxy 1280 -0.667089749 0.853763465 0.000952643093 0 0 0
volume_proxy 1285 -1.02414041 0.226964489 -0.00290146693 0 0 0
volume_proxy 1295 0.0442968296 0.168060174 0.00359278452 0 0 0
volume_proxy 1296 0.223029206 -0.512742522 0.00419960817 0 0 0
volume_proxy 1340 0.950956756 0.993198542 -0.00495072935 0 0 0
volume_proxy 1380 -0.585567108 0.237811207 -0.00368521805 0 0 0
volume_proxy 1386 1.47795018 0.446436777 0.00378576792 0 0 0
volume_proxy 1397 0.821823747 0.638005213 0.00971411691 0 0 0
volume_proxy 1409 -0.312459192 0.46676827 -0.00711720051 0 0 0
volume_proxy 1413 0.683394847 0.977524689 0.000526973663 0 0 0
volume_proxy 1422 0.755664882 0.0899522322 0.005510443 0 0 0
volume_proxy 1433 1.32762848 0.883444467 -0.00790367287 0 0 0
volume_proxy 1437 -0.0235910587 -0.0898698227 -0.00734959912 0 0 0
volume_proxy 1439 0.0340173165 0.996648401 0.00944594255 0 0 0
volume_proxy 1447 0.689155723 -0.0256974631 0.00770614509 0 0 0
volume_proxy 1459 -1.35734276 0.421972988 0.00363673136 0 0 0
volume_proxy 1460 0.0387626232 0.241251201 -0.00524023071 0 0 0
volume_proxy 1461 -0.748305704 0.77807959 0.00863450724 0 0 0
volume_proxy 1466 -0.753028054 -0.276145119 0.00182318484 0 0 0
volume_proxy 1472 -1.13091629 0.841227726 0.00158705668 0 0 0
volume_proxy 1474 1.17968064 -0.689382894 0.000683190558 0 0 0
volume_proxy 1481 0.786126664 0.870350605 -0.00227574723 0 0 0
volume_proxy 1482 0.890257185 -0.00326781768 0.00993163571 0 0 0
volume_proxy 1485 0.471728317 0.00562914195 0.00676813936 0 0 0
volume_proxy 1489 0.236715107 -0.944509742 0.00852486888 0 0 0
volume_proxy 1490 0.976467611 0.956358231 -0.00444230091 0 0 0
volume_proxy 1494 1.24680238 -0.049901192 0.00468209047 0 0 0
volume_proxy 1496 -1.18992369 0.188032449 0.00192488495 0 0 0
volume_proxy 1498 -0.194247136 0.343411042 0.00140203302 0 0 0
volume_proxy 1503 -0.138696862 0.296364599 -0.00410042828 0 0 0
volume_proxy 1506 0.516794042 0.901174634 -0.00242059731 0 0 0
volume_proxy 1507 -1.21920743 -0.392275559 0.00795995443 0 0 0
volume_proxy 1508 -0.882333265 -0.52956208 -0.00305888572 0 0 0
volume_proxy 1509 -1.32848215 0.481578856 -0.00972010084 0 0 0
volume_proxy 1510 0.106167653 -0.662865953 0.00870992148 0 0 0
volume_proxy 1511 1.34730612 0.659414286 -0.00318835101 0 0 0
volume_proxy 1513 -1.44950981 0.478566242 0.00417195166 0 0 0
volume_proxy 1515 0.663637144 -0.185496313 0.00614872433 0 0 0
volume_proxy 1516 -0.352949065 -0.949646746 -0.000571339923 0 0 0
volume_proxy 1517 -0.67747993 -0.528989323 -0.0101530989 0 0 0
volume_proxy 1519 0.110624259 -0.110542259 0.00590707509 0 0 0
volume_proxy 1520 0.0707266157 0.00688762759 -0.0106450664 0 0 0
volume_proxy 1521 -1.16326971 -0.389149828 0.00113932005 0 0 0
volume_proxy 1522 0.0414718136 0.960212066 -0.00285717295 0 0 0
volume_proxy 1523 1.32921125 -0.0725525289 -0.00576148971 0 0 0
volume_proxy 1525 -0.958272149 0.953195016 0.00942645987 0 0 0
volume_proxy 1526 1.3850761 -0.337726689 -0.00578951025 0 0 0
volume_proxy 1528 0.513727067 -0.897498694 -0.00109150192 0 0 0
volume_proxy 1529 -0.915174366 -0.073407126 -0.00910951418 0 0 0
volume_proxy 1530 -0.99547732 -0.800695503 0.00941959016 0 0 0
volume_proxy 1531 0.663227582 0.590684539 -0.00160858836 0 0 0
volume_proxy 1532 -0.322784678 -0.960714587 0.0101632192 0 0 0
volume_proxy 1533 1.42568226 -0.478679875 -0.00144065387 0 0 0
