volume_proxy 0 0.447297596 -0.540444408 -0.00402220823 0 0 0
volume_proxy 6 -0.0269932063 0.710274495 -0.0043940887 0 0 0
volume_proxy 11 1.33280784 0.816806653 -0.000946434583 0 0 0
volume_proxy 12 1.31594301 -0.100767485 -0.00891549366 0 0 0
volume_proxy 14 -1.4108903 0.335777012 -0.00300645317 0 0 0
volume_proxy 23 0.419047385 -0.249113995 -0.000303273312 0 0 0
volume_proxy 38 -0.905100491 -0.708545193 0.00443907493 0 0 0
volume_proxy 40 -0.886834728 0.0747135521 -0.00624665763 0 0 0
volume_proxy 50 -0.566231097 -0.228008021 0.00964500504 0 0 0
volume_proxy 53 -1.31512109 0.864683216 0.00304071522 0 0 0
volume_proxy 58 1.43765678 -0.845994508 -0.0035827173 0 0 0
volume_proxy 60 0.012316834 0.846882366 -0.000406815541 0 0 0
volume_proxy 85 -1.01430515 0.642932546 0.006428473 0 0 0
volume_proxy 97 0.76550877 0.884284794 -0.00133454549 0 0 0
volume_proxy 107 0.64000999 -0.0582790776 -0.0059175061 0 0 0
volume_proxy 127 -1.16979805 -0.815002361 -0.00983208658 0 0 0
volume_proxy 130 0.572473026 -0.500808825 0.000150691476 0 0 0
volume_proxy 140 -0.839041102 0.579256296 0.000382709531 0 0 0
volume_proxy 157 0.270296303 -0.942443498 0.00686718255 0 0 0
volume_proxy 159 1.32337872 0.874569512 -0.00601643971 0 0 0
volume_proxy 161 -0.558446039 0.34784383 -0.0105051322 0 0 0
volume_proxy 176 1.45819237 0.180799865 0.00647188084 0 0 0
volume_proxy 186 -1.13552263 -0.292142422 -0.0099398285 0 0 0
volume_proxy 189 -0.558240314 -0.386457205 0.00314267741 0 0 0
volume_proxy 195 -1.48882194 -0.61556127 -0.00169724659 0 0 0
volume_proxy 196 0.382178011 0.695426391 0.00249915938 0 0 0
volume_proxy 200 -1.39207044 0.233853583 0.00893918917 0 0 0
volume_proxy 202 0.0668899878 0.788712774 -0.000493228739 0 0 0
volume_proxy 209 -0.836339439 0.164142704 -0.00729944987 0 0 0
volume_proxy 210 0.0886947579 0.842884348 -0.00336517685 0 0 0
volume_proxy 226 0.615817002 -0.784325623 0.00307558672 0 0 0
volume_proxy 236 1.09876931 -0.588196951 0.00802893906 0 0 0
volume_proxy 247 1.41153074 0.897850379 -0.00358952617 0 0 0
volume_proxy 256 -0.862558505 0.847094022 0.00789038895 0 0 0
volume_proxy 259 0.985441615 0.32465509 -0.00943657544 0 0 0
volume_proxy 269 -1.06659709 -0.22951501 0.00470670916 0 0 0
volume_proxy 277 -0.37281971 -0.377425507 0.0025851573 0 0 0
volume_proxy 296 -1.24002655 0.469212453 -0.0091266575 0 0 0
volume_proxy 305 0.62122552 -0.207825586 0.000387523025 0 0 0
volume_proxy 310 0.473116265 0.170047231 -0.00442954219 0 0 0
volume_proxy 344 -1.45812954 -0.557929395 0.00758515834 0 0 0
volume_proxy 347 -0.382447215 0.62707114 0.00562552871 0 0 0
volume_proxy 356 -0.440061651 -0.10752439 -0.00298498475 0 0 0
volume_proxy 375 0.837496481 -0.458204384 0.00178786347 0 0 0
volume_proxy 388 1.382856 -0.470410798 -0.00288629843 0 0 0
volume_proxy 802 0.975773756 0.578043162 -0.00578179659 0 0 0
volume_proxy 1052 -1.46274492 -0.494679339 -0.00801026115 0 0 0
volume_proxy 1066 0.134018295 0.831443067 0.00732207695 0 0 0
volume_proxy 1120 -0.710090903 0.411631422 0.010788621 0 0 0
volume_proxy 1166 -0.93593587 -0.564121857 0.00458032313 0 0 0
volume_proxy 1193 -1.28759265 -0.613166642 0.006557495 0 0 0
volume_proxy 1225 -1.094858 -0.484508208 0.00285391293 0 0 0
volume_proxy 1245 -1.42119457 0.222249582 -0.00653439976 0 0 0
volume_proxy 1280 -0.493071273 0.849168011 0.00200917567 0 0 0
volume_proxy 1285 -1.32983848 0.603940133 0.00471690249 0 0 0
volume_proxy 1295 0.938089663 -0.181294679 -0.00498755099 0 0 0
volume_proxy 1296 0.0181428786 -0.762604383 0.00728118343 0 0 0
volume_proxy 1340 0.784247853 0.750045289 -0.00985513842 0 0 0
volume_proxy 1380 -0.895365782 -0.00410313717 -0.000341325749 0 0 0
volume_proxy 1386 1.4827457 0.413320332 -0.00733174523 0 0 0
volume_proxy 1397 0.194923853 0.815277495 -0.00147947472 0 0 0
volume_proxy 1409 -0.10210792 0.339036113 0.0031733383 0 0 0
volume_proxy 1413 1.32981078 0.923089581 0.00947017697 0 0 0
volume_proxy 1422 0.280271829 -0.395649573 -0.00925439265 0 0 0
volume_proxy 1433 1.03613419 0.489336821 0.00311177526 0 0 0
volume_proxy 1437 0.0923977473 -0.0505541754 0.0017815424 0 0 0
volume_proxy 1459 -1.100717 0.128323983 0.00650940142 0 0 0
volume_proxy 1460 0.0150389377 0.852681637 -0.00902435887 0 0 0
volume_proxy 1461 -1.22418871 0.810494861 -0.00367047024 0 0 0
volume_proxy 1466 -0.19156739 0.321349831 -0.0101728868 0 0 0
volume_proxy 1472 -1.479189 0.608306382 0.00103213188 0 0 0
volume_proxy 1474 1.34008263 -0.133951363 0.0103100491 0 0 0
volume_proxy 1481 0.680455489 0.847619984 -0.0106442015 0 0 0
volume_proxy 1482 0.915835829 0.60717757 -0.00143325913 0 0 0
volume_proxy 1485 0.387108344 -0.323147474 0.00391933941 0 0 0
volume_proxy 1489 0.207720669 -0.883511365 0.00243039702 0 0 0
volume_proxy 1490 1.02986902 0.979727388 -0.00704627776 0 0 0
volume_proxy 1496 -1.38807785 0.853233355 0.00376015575 0 0 0
volume_proxy 1498 -0.143912711 0.376245697 0.0083133373 0 0 0
volume_proxy 1503 -1.28696745 -0.814837018 -0.000870628219 0 0 0
volume_proxy 1506 0.30320385 0.560291644 0.00492519141 0 0 0
volume_proxy 1507 -1.36014267 0.038452542 -0.00417395583 0 0 0
volume_proxy 1508 -0.363645397 -0.288708343 0.00961395245 0 0 0
volume_proxy 1509 -1.39992255 -0.0812736074 -0.00952354725 0 0 0
volume_proxy 1510 -0.00437973193 -0.889405255 -0.00321225687 0 0 0
volume_proxy 1511 1.31105846 0.404595751 0.00795969276 0 0 0
volume_proxy 1513 -1.17736681 0.989259409 -0.0105149191 0 0 0
volume_proxy 1515 0.741093839 -0.661267374 0.00886395568 0 0 0
volume_proxy 1516 0.0321181271 -0.902003168 -0.00558281416 0 0 0
volume_proxy 1517 -1.17472161 -0.154624696 0.00625560353 0 0 0
volume_proxy 1519 0.0799375201 -0.5149855 0.00413587716 0 0 0
volume_proxy 1520 0.270277282 -0.322381023 -0.00883196811 0 0 0
volume_proxy 1521 -1.33726957 -0.599996437 0.00706685196 0 0 0
volume_proxy 1523 0.235951798 -0.233107806 0.00296508767 0 0 0
volume_proxy 1525 -0.747201235 0.898564578 -0.00267609501 0 0 0
volume_proxy 1526 0.926922548 -0.601557788 -0.00551906093 0 0 0
volume_proxy 1528 0.659980433 -0.459987117 0.00729231731 0 0 0
volume_proxy 1529 -1.32848306 0.255597171 -0.00292397327 0 0 0
volume_proxy 1531 0.556171559 0.409184733 0.00018639683 0 0 0
volume_proxy 1533 1.43243312 0.0067854001 -0.00665681428 0 0 0
volume_proxy 1534 0.353527916 0.744466441 -0.00783322711 0 0 0
volume_proxy 1535 0.889569893 0.805162168 0.00693615987 0 0 0
volume_proxy 1536 -0.580874741 -0.582969871 -0.00532906756 0 0 0
volume_proxy 1537 -0.546965717 -0.706603132 -0.00508334534 0 0 0
volume_proxy 1538 1.49219567 0.166490571 -0.00525122327 0 0 0
