volume_proxy 0 0.688140196 0.943104279 -0.00493967746 0 0 0
volume_proxy 5 1.45631336 -0.774615856 -0.000912315567 0 0 0
volume_proxy 6 -0.450719434 0.6531946 -0.0037850584 0 0 0
volume_proxy 11 1.0637201 0.346273068 -0.00811759192 0 0 0
volume_proxy 12 0.457833964 -0.407498284 0.00391857638 0 0 0
volume_proxy 14 -1.12907542 0.99749751 -0.0106438212 0 0 0
volume_proxy 23 1.42595705 -0.759853522 0.0101251391 0 0 0
volume_proxy 38 0.847825751 -0.397679534 -0.00770120895 0 0 0
volume_proxy 40 -0.523676604 -0.251116317 -0.0051587566 0 0 0
volume_proxy 50 -0.831609225 -0.296926778 -0.000414314003 0 0 0
volume_proxy 53 -0.42060219 0.901344555 -0.000755517456 0 0 0
volume_proxy 58 0.673977038 -0.987068842 0.00652448431 0 0 0
volume_proxy 60 0.565867311 0.436592418 0.00403827136 0 0 0
volume_proxy 85 -0.914783198 0.208367957 0.00894602761 0 0 0
volume_proxy 97 1.11250963 0.815009818 0.00803250424 0 0 0
volume_proxy 107 1.24378858 0.985215835 -0.00408849549 0 0 0
volume_proxy 127 -1.15383192 0.0745630621 0.00277400903 0 0 0
volume_proxy 130 0.854722316 0.3207758 -0.00985250785 0 0 0
volume_proxy 140 0.319314436 0.531253734 -0.00830908367 0 0 0
volume_proxy 157 1.10548124 -0.193481785 0.00154238397 0 0 0
volume_proxy 159 0.865541524 0.597763985 -0.00708626649 0 0 0
volume_proxy 161 0.671719974 0.833541557 0.00136200344 0 0 0
volume_proxy 176 0.32883685 0.153875681 -0.00411905632 0 0 0
volume_proxy 186 -0.934979229 0.166752322 -0.0064691894 0 0 0
volume_proxy 189 -0.623742536 0.938527425 -0.00321836432 0 0 0
volume_proxy 195 -0.308793429 -0.517976388 8.98306334e-05 0 0 0
volume_proxy 196 0.803249992 -0.491818636 -0.00214293771 0 0 0
volume_proxy 200 -0.0731015514 -0.710815938 0.00790535227 0 0 0
volume_proxy 202 -0.687092538 0.773453448 -0.00436403064 0 0 0
volume_proxy 209 -1.15435545 0.731271242 0.00258947457 0 0 0
volume_proxy 210 -0.209680467 0.456738684 0.00639586286 0 0 0
volume_proxy 226 0.367742668 -0.852531545 -0.00493847139 0 0 0
volume_proxy 236 1.09814487 0.895370223 0.000774610003 0 0 0
volume_proxy 247 1.35845327 0.836893307 0.001924066 0 0 0
volume_proxy 256 -0.655580545 0.923689954 -0.0025088968 0 0 0
volume_proxy 259 0.607151975 0.513896533 0.00778326442 0 0 0
volume_proxy 269 -0.726541818 -0.442761878 0.00897421525 0 0 0
volume_proxy 277 -1.09544589 -0.426783264 0.000754945693 0 0 0
volume_proxy 296 -0.731967068 -0.594699126 -0.00205335919 0 0 0
volume_proxy 305 0.164662249 0.00730994923 0.00074891648 0 0 0
volume_proxy 310 0.22349958 -0.929248664 0.00482260004 0 0 0
volume_proxy 344 -1.03310884 0.980096488 0.00836980938 0 0 0
volume_proxy 347 -0.148744851 -0.0644322615 0.00539159393 0 0 0
volume_proxy 356 0.201828124 0.869741767 -0.000137244854 0 0 0
volume_proxy 375 1.12458187 -0.379201058 -0.00245350437 0 0 0
volume_proxy 388 0.46815414 -0.0201516723 0.000884176579 0 0 0
volume_proxy 802 1.49615487 -0.346297962 0.00444159605 0 0 0
volume_proxy 1052 -0.84524499 -0.834863303 -0.00976539336 0 0 0
volume_proxy 1066 -0.094654162 0.374657727 0.00405322905 0 0 0
volume_proxy 1120 -0.396565237 0.0584940697 0.00480947514 0 0 0
volume_proxy 1166 -0.793646139 0.674864625 0.00695792225 0 0 0
volume_proxy 1169 1.03794838 -0.852853487 0.00438522186 0 0 0
volume_proxy 1193 -1.28801144 -0.434883961 0.00266176211 0 0 0
volume_proxy 1225 -0.575895983 -0.363780139 -0.00625168755 0 0 0
volume_proxy 1245 -1.47084305 0.447349581 -0.0082370415 0 0 0
volume_proxy 1280 -1.22561648 0.156825254 -0.0098117279 0 0 0
volume_proxy 1285 -1.32311517 0.174958503 -0.00663484032 0 0 0
volume_proxy 1295 -0.188487902 0.56686783 0.00704320519 0 0 0
volume_proxy 1296 0.349593268 0.00486230624 0.00838461543 0 0 0
volume_proxy 1335 0.25180949 -0.750698394 0.000392776689 0 0 0
volume_proxy 1340 0.915885899 0.360236171 0.00203409096 0 0 0
volume_proxy 1380 0.324852025 0.314377167 0.00724149657 0 0 0
volume_proxy 1386 0.0849908579 0.159921828 -0.00123547645 0 0 0
volume_proxy 1397 1.13691102 0.397879108 -0.0068956525 0 0 0
volume_proxy 1409 0.308209226 0.932068755 0.008901555 0 0 0
volume_proxy 1413 1.26128527 0.692909232 -0.0107452098 0 0 0
volume_proxy 1420 -1.06538488 0.0698613667 -0.00384002059 0 0 0
volume_proxy 1422 0.877339723 -0.994385578 0.00761910776 0 0 0
volume_proxy 1429 1.12787658 -0.508759403 0.000685696511 0 0 0
volume_proxy 1433 1.4231375 0.349888135 0.00861478796 0 0 0
volume_proxy 1434 0.0405311934 -0.983075632 0.0060123408 0 0 0
volume_proxy 1437 0.0412042681 0.0279927948 -0.0100868737 0 0 0
volume_proxy 1439 -0.271958685 0.330174014 -0.0094725214 0 0 0
volume_proxy 1447 0.801453343 -0.841120112 -0.00473487969 0 0 0
volume_proxy 1459 -0.591466149 0.162990386 0.00871727087 0 0 0
volume_proxy 1460 1.49045517 0.821355951 -0.000777465537 0 0 0
volume_proxy 1461 -1.02374697 0.646743972 0.00788313709 0 0 0
volume_proxy 1466 -1.28699926 0.327111326 -0.00841541295 0 0 0
volume_proxy 1470 -1.08386938 -0.555032768 0.00122116893 0 0 0
volume_proxy 1472 -1.29917322 0.290851146 0.00875265117 0 0 0
volume_proxy 1474 1.1320077 -0.966461558 0.0100891868 0 0 0
volume_proxy 1481 1.13083031 0.835790301 0.00675572313 0 0 0
volume_proxy 1482 0.836222969 -0.617882999 0.00436945747 0 0 0
volume_proxy 1485 0.448437555 -0.83919882 -0.001301788 0 0 0
volume_proxy 1486 1.04407744 -0.582420953 0.00121596474 0 0 0
volume_proxy 1489 0.0813691008 -0.168671593 0.00879197489 0 0 0
volume_proxy 1490 1.38101726 0.802546354 -0.0102953115 0 0 0
volume_proxy 1492 0.304628492 0.623693095 0.00124243092 0 0 0
volume_proxy 1493 0.138142848 0.0427470512 0.00566322867 0 0 0
volume_proxy 1494 0.889861113 0.433017686 -0.00819211651 0 0 0
volume_proxy 1496 -1.31858693 0.17166521 -0.00772796229 0 0 0
volume_proxy 1498 -1.10124282 0.321913963 -0.000267488219 0 0 0
volume_proxy 1501 -0.96748651 -0.849189009 -0.00667085738 0 0 0
volume_proxy 1503 0.20561083 0.0417634455 -0.00688049897 0 0 0
volume_proxy 1506 0.66598383 0.885557731 0.00945893549 0 0 0
volume_proxy 1507 -1.03713418 -0.249840689 -0.00183348109 0 0 0
volume_proxy 1508 -0.460949898 -0.640535025 -0.00183562908 0 0 0
volume_proxy 1509 -1.47663439 0.402294143 0.0019819062 0 0 0
volume_proxy 1510 0.647541029 -0.379867564 -0.00728266633 0 0 0
volume_proxy 1511 1.12096781 0.926048165 -0.00129658033 0 0 0
volume_proxy 1512 -1.2303361 0.671466286 0.000169861298 0 0 0
volume_proxy 1513 -0.817709606 0.932098943 -0.00255921215 0 0 0
volume_proxy 1514 -1.18907518 0.701352356 -0.00598518955 0 0 0
volume_proxy 1515 0.629806102 0.465361228 0.00870910921 0 0 0
volume_proxy 1516 -0.644511275 -0.525549807 -0.00931555204 0 0 0
volume_proxy 1517 -0.793094484 -0.980232795 -0.00532470191 0 0 0
volume_proxy 1518 -1.30552204 -0.0847166785 0.00223309426 0 0 0
volume_proxy 1519 0.204856838 -0.118289697 -0.00919566609 0 0 0
volume_proxy 1520 0.00572847218 -0.600319646 -0.0014301205 0 0 0
volume_proxy 1521 -0.167123241 0.787178277 0.00740601303 0 0 0
volume_proxy 1522 0.256295514 0.575525383 -0.00161299726 0 0 0
volume_proxy 1523 1.15109454 -0.113204113 -0.00258134655 0 0 0
volume_proxy 1524 1.0707652 -0.106994647 0.00339287109 0 0 0
