volume_proxy 0 0.537294363 -0.163421228 -0.0101163951 0 0 0
volume_proxy 6 -0.273432789 0.942116497 0.00884014814 0 0 0
volume_proxy 11 1.2848287 0.779904274 -0.00472182044 0 0 0
volume_proxy 12 1.174475 0.178506039 -0.00335377291 0 0 0
volume_proxy 14 -1.24193695 0.516260317 -0.0100639156 0 0 0
volume_proxy 23 0.270388086 -0.336458497 -6.5506144e-05 0 0 0
volume_proxy 38 -1.30886874 -0.629668654 0.0032690443 0 0 0
volume_proxy 40 -0.91668302 0.181483719 -0.0098830143 0 0 0
volume_proxy 50 -0.868595394 -0.361010148 0.00429905978 0 0 0
volume_proxy 53 -1.07874295 0.397451096 -0.00971026544 0 0 0
volume_proxy 58 0.988204824 -0.869295497 0.00318092402 0 0 0
volume_proxy 60 0.0902368799 0.917523245 -0.0100070109 0 0 0
volume_proxy 85 -1.47215901 0.47902457 -0.00418335122 0 0 0
volume_proxy 97 1.06111599 0.949131087 0.00690981042 0 0 0
volume_proxy 107 0.924549831 0.00607960679 -0.00611975559 0 0 0
volume_proxy 127 -1.25666281 -0.820037239 -0.00430595493 0 0 0
volume_proxy 130 0.639852654 -0.249868558 0.00347000934 0 0 0
volume_proxy 140 -0.679107701 0.72719474 -0.00182342049 0 0 0
volume_proxy 157 0.671058397 -0.977221571 0.00273232796 0 0 0
volume_proxy 159 1.47403797 0.553244309 -0.00428994482 0 0 0
volume_proxy 161 -0.13917157 0.585291298 -0.00591909273 0 0 0
volume_proxy 176 1.29336358 -0.0500801472 -0.00184725315 0 0 0
volume_proxy 186 -1.06214899 -0.367065695 -0.00370603777 0 0 0
volume_proxy 189 -0.870212069 -0.450615491 -0.000217366487 0 0 0
volume_proxy 195 -1.34119023 -0.995925639 -0.0100150942 0 0 0
volume_proxy 196 0.475467673 0.359078956 0.00693866264 0 0 0
volume_proxy 200 -1.26504711 -0.318521094 0.000548423096 0 0 0
volume_proxy 202 0.387318565 0.525620362 -0.00444999037 0 0 0
volume_proxy 209 -0.930437513 0.237601515 0.00834139306 0 0 0
volume_proxy 210 0.134706335 0.978671231 -0.000345293254 0 0 0
volume_proxy 226 0.480682464 -0.735303371 0.00411862069 0 0 0
volume_proxy 236 1.32705668 -0.70620314 -0.00184924629 0 0 0
volume_proxy 247 0.897873853 0.577644347 0.00815147229 0 0 0
volume_proxy 256 -0.86966413 0.783339975 0.00906784899 0 0 0
volume_proxy 259 0.759137893 0.601420661 0.00406173063 0 0 0
volume_proxy 269 -1.3645727 0.0351872605 -0.00993467013 0 0 0
volume_proxy 277 -0.711551853 -0.22546615 -0.0101266166 0 0 0
volume_proxy 296 -1.36376681 0.914046977 0.00133786791 0 0 0
volume_proxy 305 0.917736169 -0.222602599 -0.00483372164 0 0 0
volume_proxy 310 0.633703606 0.0781737074 -0.00349374682 0 0 0
volume_proxy 344 -1.38367694 -0.476106074 -0.000610123801 0 0 0
volume_proxy 347 -0.580556049 0.830027886 0.0084426369 0 0 0
volume_proxy 356 -0.301038777 -0.00322793666 -0.00490621747 0 0 0
volume_proxy 375 0.901631733 -0.246641232 0.00027233281 0 0 0
volume_proxy 388 1.28608633 -0.0773545559 0.00498699636 0 0 0
volume_proxy 802 1.07461814 0.34044245 -0.0085867421 0 0 0
volume_proxy 1052 -1.19896678 -0.737551846 0.00590575742 0 0 0
volume_proxy 1066 0.0575801374 0.60337654 -0.000387070025 0 0 0
volume_proxy 1120 -0.828737746 0.475042215 -0.00588133548 0 0 0
volume_proxy 1166 -0.909675022 -0.332191578 0.00335061976 0 0 0
volume_proxy 1193 -1.005485 -0.176703155 -0.00804989613 0 0 0
volume_proxy 1225 -0.862640284 -0.453867873 -0.00400880638 0 0 0
volume_proxy 1245 -1.3874203 0.063046875 0.00526456566 0 0 0
volume_proxy 1280 -0.322394249 0.96779781 -0.000678312022 0 0 0
volume_proxy 1285 -1.34924342 0.801967858 -0.00668212855 0 0 0
volume_proxy 1295 0.540940698 -0.0271778072 -0.00566813612 0 0 0
volume_proxy 1296 0.0234108948 -0.733561626 0.004209062 0 0 0
volume_proxy 1340 0.689653043 0.513926042 0.00758996974 0 0 0
volume_proxy 1380 -0.912482012 -0.085155227 0.0106175791 0 0 0
volume_proxy 1386 1.32062379 0.545119511 0.00857531733 0 0 0
volume_proxy 1397 0.675042386 0.935306719 -0.0030083356 0 0 0
volume_proxy 1409 -0.247520203 0.746004213 -0.00516309479 0 0 0
volume_proxy 1413 1.1809695 0.693392808 -0.00350035363 0 0 0
volume_proxy 1422 -0.0425817037 -0.660954119 0.00825069582 0 0 0
volume_proxy 1433 1.25435426 0.534376901 -0.0036691213 0 0 0
volume_proxy 1437 0.100640692 -0.224474994 0.0055447197 0 0 0
volume_proxy 1447 1.38534845 0.0458949536 -0.0103499197 0 0 0
volume_proxy 1459 -1.1227589 -0.0850902464 0.0106404283 0 0 0
volume_proxy 1460 0.288309536 0.832493961 0.00468248117 0 0 0
volume_proxy 1461 -0.818531166 0.762390912 -0.000779487042 0 0 0
volume_proxy 1466 -0.481469368 0.29842229 -0.00987232317 0 0 0
volume_proxy 1472 -1.43234531 0.741480942 0.00958464605 0 0 0
volume_proxy 1474 1.18523183 -0.66828223 0.0103341765 0 0 0
volume_proxy 1481 0.762765702 0.375763048 -0.00620061678 0 0 0
volume_proxy 1482 0.808386287 0.253549734 0.010469937 0 0 0
volume_proxy 1485 0.319366752 -0.294705613 0.00569753498 0 0 0
volume_proxy 1489 0.144709687 -0.970359566 -0.000906080305 0 0 0
volume_proxy 1490 1.03614687 0.999689603 0.0048868735 0 0 0
volume_proxy 1494 1.39597944 -0.180849627 0.00392138942 0 0 0
volume_proxy 1496 -1.29013441 0.52293728 0.00409730778 0 0 0
volume_proxy 1498 -0.132512576 0.134455781 -0.00735826803 0 0 0
volume_proxy 1503 -0.983926453 -0.498961109 -0.0077927095 0 0 0
volume_proxy 1506 -0.01874503 0.55979506 -0.00150359232 0 0 0
volume_proxy 1507 -1.23151522 0.0521187659 -0.00803244835 0 0 0
volume_proxy 1508 -0.509170684 -0.333305731 0.000180656252 0 0 0
volume_proxy 1509 -1.34515402 0.178878636 0.00629066878 0 0 0
volume_proxy 1510 0.201095335 -0.625997383 -0.0020865722 0 0 0
volume_proxy 1511 1.02046432 0.451042134 -0.00438032743 0 0 0
volume_proxy 1513 -1.46697451 0.599820046 -0.0060373075 0 0 0
volume_proxy 1515 0.716080716 -0.764879735 0.00907921991 0 0 0
volume_proxy 1516 -0.226693019 -0.896267706 -0.010266336 0 0 0
volume_proxy 1517 -1.00115981 -0.47517315 0.00996977263 0 0 0
volume_proxy 1519 -0.0546829015 -0.523866457 -0.00220504727 0 0 0
volume_proxy 1520 0.393325959 -0.330367918 -0.00924923277 0 0 0
volume_proxy 1521 -1.07365617 -0.723746436 0.0103466571 0 0 0
volume_proxy 1523 0.537686263 -0.093883194 -0.00933882724 0 0 0
volume_proxy 1525 -0.739768158 0.905633663 -0.00201692238 0 0 0
volume_proxy 1526 0.884438089 -0.768829519 -0.005092506 0 0 0
volume_proxy 1528 0.606096464 -0.609361657 0.00788712524 0 0 0
volume_proxy 1529 -1.10980801 0.366389804 0.0076607278 0 0 0
volume_proxy 1531 0.511625525 0.495365411 0.000920088618 0 0 0
volume_proxy 1533 1.04913734 -0.118727285 -0.0102054501 0 0 0
volume_proxy 1534 0.669575424 0.870283376 -0.00150892239 0 0 0
volume_proxy 1535 0.550610866 0.868871757 -0.00239338028 0 0 0
volume_proxy 1536 -0.774017707 -0.671345677 0.00879410925 0 0 0
volume_proxy 1537 -0.510158816 -0.69966234 0.00226734393 0 0 0
