volume_proxy 0 1.48721544 0.0226780161 -0.00377000866 0 0 0
volume_proxy 5 0.839166334 0.328953864 -0.00704151944 0 0 0
volume_proxy 6 0.383536281 -0.0164670003 -0.00987846288 0 0 0
volume_proxy 11 1.03091342 0.415644542 -0.00536105135 0 0 0
volume_proxy 12 1.27569674 -0.354334684 0.00428334494 0 0 0
volume_proxy 14 0.0142976063 0.0347865787 0.00542078229 0 0 0
volume_proxy 23 0.238043251 -0.106079129 -0.00254679772 0 0 0
volume_proxy 38 0.516473426 0.154725096 -0.00508043612 0 0 0
volume_proxy 40 0.136460224 -0.989064701 0.00917652563 0 0 0
volume_proxy 50 -0.135640484 -0.0924188307 -0.00801700479 0 0 0
volume_proxy 53 -0.454575194 -0.120098135 -0.000424564995 0 0 0
volume_proxy 58 1.15868406 -0.473157466 0.00133616651 0 0 0
volume_proxy 60 0.695427213 0.877496986 -0.0104680549 0 0 0
volume_proxy 61 0.244599524 -0.727682701 -0.00506007736 0 0 0
volume_proxy 72 0.199141902 0.0673430886 0.00728700988 0 0 0
volume_proxy 85 -1.33634183 -0.357834413 0.00229455957 0 0 0
volume_proxy 88 -0.795646779 -0.613384327 -0.00978514635 0 0 0
volume_proxy 97 1.3578408 -0.335860921 -0.00761170237 0 0 0
volume_proxy 101 -1.28164329 0.995170519 -0.00288069482 0 0 0
volume_proxy 105 0.185739146 -0.240236288 0.00897851471 0 0 0
volume_proxy 107 1.46436535 0.123051071 -0.00843918524 0 0 0
volume_proxy 108 0.980203461 0.288907776 -0.00601366331 0 0 0
volume_proxy 127 -0.781895843 0.877148122 -2.68172747e-05 0 0 0
volume_proxy 130 1.46197034 0.534081638 0.000895718223 0 0 0
volume_proxy 140 -0.569015719 0.16542716 0.00699395341 0 0 0
volume_proxy 157 0.585019895 -0.212972742 0.00754027434 0 0 0
volume_proxy 159 0.383321207 -0.34014062 0.00710047537 0 0 0
volume_proxy 161 0.279272204 0.071040689 0.00705628878 0 0 0
volume_proxy 176 0.564055173 -0.791426102 -1.05819679e-05 0 0 0
volume_proxy 186 0.4412784 0.275668411 0.00611148511 0 0 0
volume_proxy 189 -1.42936715 0.292255672 0.001433652 0 0 0
volume_proxy 195 0.0168213043 -0.20193555 0.00318276746 0 0 0
volume_proxy 196 0.327491684 0.227218444 0.00657629939 0 0 0
volume_proxy 200 -0.226512456 -0.812859183 -0.00265499133 0 0 0
volume_proxy 202 -1.45636394 0.960867106 0.00191384479 0 0 0
volume_proxy 209 -0.863632215 0.149575544 -0.00558362915 0 0 0
volume_proxy 210 -0.512363083 -0.0778176488 -0.00330347447 0 0 0
volume_proxy 226 -0.735485107 0.0161514743 -0.00775160713 0 0 0
volume_proxy 236 0.263688428 0.849256609 -0.00736774825 0 0 0
volume_proxy 244 1.07495944 0.627652305 0.000190420221 0 0 0
volume_proxy 247 0.866103099 0.221775175 -0.000809001859 0 0 0
volume_proxy 256 -0.419379486 0.284672186 0.00728472667 0 0 0
volume_proxy 259 0.00442153843 -0.071436112 0.00392230119 0 0 0
volume_proxy 269 0.201975444 -0.161415682 0.006277024 0 0 0
volume_proxy 277 -0.764642494 -0.233968595 0.00548460391 0 0 0
volume_proxy 294 -0.113227085 0.187634564 -0.00267788001 0 0 0
volume_proxy 296 -0.301146618 -0.0848313323 -0.00618503926 0 0 0
volume_proxy 298 1.42140893 -0.437987853 -0.00189429562 0 0 0
volume_proxy 305 0.755852146 -0.226820614 0.00453489858 0 0 0
volume_proxy 310 0.946809735 0.271399623 -0.00729193201 0 0 0
volume_proxy 311 1.29800057 -0.748119461 -0.00442799073 0 0 0
volume_proxy 329 -0.973317765 -0.771223312 0.000542130391 0 0 0
volume_proxy 337 -0.726315437 0.992870331 -0.00708682477 0 0 0
volume_proxy 344 -0.491290284 0.284609534 -0.00455817972 0 0 0
volume_proxy 347 -0.218112415 -0.656308414 -0.00196490991 0 0 0
volume_proxy 349 -0.235700413 0.0806958161 -0.00726277749 0 0 0
volume_proxy 356 0.46842356 0.362071757 -0.00526891854 0 0 0
volume_proxy 375 1.19959975 -0.348759959 -0.00547957438 0 0 0
volume_proxy 388 -1.22345363 0.96462515 0.00481591706 0 0 0
volume_proxy 431 -1.20601807 -0.756311704 0.00126856909 0 0 0
volume_proxy 802 1.08419007 -0.902489415 0.00911491626 0 0 0
volume_proxy 876 0.0516406035 -0.982313029 -0.00989723586 0 0 0
volume_proxy 904 -0.201257373 0.201926434 -0.00483086216 0 0 0
volume_proxy 1020 -1.3564245 0.808369544 0.00365951438 0 0 0
volume_proxy 1052 -0.0282707239 -0.595088792 0.00355723273 0 0 0
volume_proxy 1066 0.822833097 0.829044573 -0.00595552835 0 0 0
volume_proxy 1093 -0.0986438833 0.0821062909 0.00618311572 0 0 0
volume_proxy 1118 0.338356989 -0.318317211 0.00857725331 0 0 0
volume_proxy 1120 -0.684367076 0.977741768 -0.00549033737 0 0 0
volume_proxy 1138 1.17013768 -0.69186857 0.00892752044 0 0 0
volume_proxy 1166 -0.795358399 0.484863042 0.000241838361 0 0 0
volume_proxy 1169 1.35268958 -0.956675422 0.00433180475 0 0 0
volume_proxy 1172 0.100067376 0.676285036 -0.00365707698 0 0 0
volume_proxy 1180 -1.42866971 -0.313916078 -0.00680851155 0 0 0
volume_proxy 1186 -0.431561264 -0.613650473 -0.00387238577 0 0 0
volume_proxy 1193 -0.755217562 -0.311392985 -0.00805240377 0 0 0
volume_proxy 1209 -1.26447258 0.702806334 0.00144890532 0 0 0
volume_proxy 1210 -1.01304965 0.780630869 -0.00543317503 0 0 0
volume_proxy 1217 -0.474806525 0.0366359705 -0.00186723792 0 0 0
volume_proxy 1219 -0.932310896 0.822151476 0.00213402993 0 0 0
volume_proxy 1225 -0.0420878226 -0.600697743 -0.00504099252 0 0 0
volume_proxy 1230 1.16763354 -0.14819951 0.00837664189 0 0 0
volume_proxy 1237 0.261424808 0.934455373 0.00161757985 0 0 0
volume_proxy 1238 0.598258339 0.956421881 0.00339932801 0 0 0
volume_proxy 1245 -1.4083063 0.699181594 -0.0092059339 0 0 0
volume_proxy 1255 1.31617125 -0.583130262 -0.00294261617 0 0 0
volume_proxy 1259 -1.31450174 0.669275387 0.00597825282 0 0 0
volume_proxy 1270 0.561337166 -0.190975722 0.00449477036 0 0 0
volume_proxy 1280 -1.14939622 0.577507075 -0.00572783845 0 0 0
volume_proxy 1285 -1.48903304 0.717640687 0.00758718536 0 0 0
volume_proxy 1292 0.44843232 0.206071964 -0.00491827879 0 0 0
volume_proxy 1295 -1.23060433 0.834899769 -0.00900283987 0 0 0
volume_proxy 1296 -0.0142797087 -0.00293500075 0.00166858588 0 0 0
volume_proxy 1297 0.0470957488 -0.637200493 -0.00263010844 0 0 0
volume_proxy 1301 -0.816108972 0.780753458 -0.00454086597 0 0 0
volume_proxy 1308 -0.418053883 0.871647642 0.00875296554 0 0 0
volume_proxy 1318 1.22690937 -0.50548248 0.00571144291 0 0 0
volume_proxy 1326 0.0550287237 -0.305175605 -0.00365295806 0 0 0
volume_proxy 1334 -0.869375206 -0.800864955 0.00375492872 0 0 0
volume_proxy 1335 0.069863187 -0.713197711 0.00898004465 0 0 0
volume_proxy 1340 0.529559869 0.607989692 -0.00418074828 0 0 0
volume_proxy 1347 -0.134617782 0.741804667 0.00949760034 0 0 0
volume_proxy 1348 1.43985729 -0.837441988 0.00400681236 0 0 0
volume_proxy 1361 1.34454449 0.756964687 -0.00907318015 0 0 0
volume_proxy 1366 1.08860097 0.939395326 0.0107777831 0 0 0
volume_proxy 1379 0.55845404 0.443921669 0.00950890086 0 0 0
volume_proxy 1380 -0.444669105 0.575121925 -0.00260930865 0 0 0
volume_proxy 1381 0.56709419 0.573604396 0.00419971451 0 0 0
volume_proxy 1384 0.281953322 -0.0984663528 0.00496424005 0 0 0
volume_proxy 1385 1.06037532 0.59749355 -3.76290239e-05 0 0 0
volume_proxy 1386 1.02519522 0.868716245 -0.00983314214 0 0 0
volume_proxy 1388 0.398730788 0.262327299 -0.000864146374 0 0 0
volume_proxy 1389 -0.129289724 0.854325844 0.00265476475 0 0 0
volume_proxy 1390 -1.29094413 0.970697041 0.00922696369 0 0 0
volume_proxy 1392 -0.103923301 -0.959385088 0.00868232124 0 0 0
volume_proxy 1395 0.990611832 0.267787429 0.00811891401 0 0 0
volume_proxy 1397 0.147731738 0.710416241 -0.0095202132 0 0 0
volume_proxy 1398 -1.27929233 0.545900658 0.00386745955 0 0 0
volume_proxy 1403 0.582730337 0.235628376 -0.00344868955 0 0 0
volume_proxy 1405 0.32654136 0.386014952 0.00263564489 0 0 0
volume_proxy 1408 0.406197821 0.81309506 -0.0058551981 0 0 0
volume_proxy 1409 1.44112975 0.306576471 -0.00632524015 0 0 0
volume_proxy 1413 0.426469923 0.923077075 -0.00444772315 0 0 0
volume_proxy 1414 1.14360211 0.416708555 0.00683511608 0 0 0
volume_proxy 1415 1.15785944 -0.391106755 0.0062092315 0 0 0
volume_proxy 1418 -1.3945551 -0.167306519 -0.00501524993 0 0 0
volume_proxy 1419 -1.39598024 -0.858280303 0.00388917871 0 0 0
volume_proxy 1420 -1.27469367 -0.240840243 -0.00494753007 0 0 0
volume_proxy 1421 -1.01658232 -0.0117595548 -0.00822161056 0 0 0
volume_proxy 1422 0.763599022 -0.690739836 0.0027196149 0 0 0
volume_proxy 1423 -0.489390224 0.3903062 -0.00980493329 0 0 0
volume_proxy 1425 -0.671575166 -0.845035704 -0.00367275027 0 0 0
volume_proxy 1426 0.836445863 -0.18097542 -0.00874286318 0 0 0
volume_proxy 1428 -0.19137307 0.631381509 -0.00388373198 0 0 0
volume_proxy 1429 1.38226479 -0.0396869627 0.00467017668 0 0 0
volume_proxy 1430 -0.786515163 -0.841111469 0.00182830555 0 0 0
volume_proxy 1433 1.14046737 0.186849267 -0.00639627488 0 0 0
volume_proxy 1434 0.356258384 -0.507922183 -0.00323053524 0 0 0
volume_proxy 1436 -1.35187641 -0.905961066 -0.0101458867 0 0 0
volume_proxy 1437 -0.179353018 -0.149672422 -0.00503989424 0 0 0
volume_proxy 1439 -1.27491317 0.735106953 0.00457329723 0 0 0
volume_proxy 1440 0.142771443 -0.696785731 0.00303276764 0 0 0
volume_proxy 1441 0.123687954 -0.928920723 -0.00910349961 0 0 0
volume_proxy 1444 -0.434487224 -0.979625231 0.0026785247 0 0 0
volume_proxy 1445 0.320748165 -0.755740493 0.00549271878 0 0 0
volume_proxy 1446 -1.21700755 -0.692648779 -0.000777997954 0 0 0
volume_proxy 1447 1.3334304 -0.743726232 0.00807686741 0 0 0
volume_proxy 1448 0.511432385 -0.361260741 -9.70468115e-05 0 0 0
volume_proxy 1452 -1.36118815 0.497932384 -0.00105346494 0 0 0
volume_proxy 1453 -1.31386322 0.35643693 -0.00512484347 0 0 0
volume_proxy 1454 -1.04672089 -0.732972368 -0.00704743235 0 0 0
volume_proxy 1455 -0.977959188 -0.997033679 -0.00638108007 0 0 0
volume_proxy 1456 -0.112895005 0.0257677319 0.0107772977 0 0 0
volume_proxy 1457 0.821763302 0.973006843 0.000741827582 0 0 0
volume_proxy 1458 0.030989253 -0.893347045 -0.00513454071 0 0 0
