volume_proxy 0 0.488787697 -0.380065024 0.000290964604 0 0 0
volume_proxy 6 -0.0933644639 0.752189027 -0.0039773346 0 0 0
volume_proxy 11 1.30264245 0.876173842 0.003394194 0 0 0
volume_proxy 12 1.21089077 0.106045745 0.00869550029 0 0 0
volume_proxy 14 -1.17589577 0.630570652 0.0066518595 0 0 0
volume_proxy 23 0.334130629 -0.333774068 -0.00369211633 0 0 0
volume_proxy 38 -1.32994961 -0.744354075 0.00963634327 0 0 0
volume_proxy 40 -1.08136857 0.284800149 0.00898537766 0 0 0
volume_proxy 50 -0.735928132 -0.438198493 -0.0103126041 0 0 0
volume_proxy 53 -1.17673138 0.417110515 0.0105037764 0 0 0
volume_proxy 58 1.0755798 -0.876072704 -0.00206570985 0 0 0
volume_proxy 60 0.0513147037 0.955476519 -0.00283271033 0 0 0
volume_proxy 85 -1.40756721 0.384187404 0.00912866308 0 0 0
volume_proxy 97 1.0798743 0.959219347 0.00263749857 0 0 0
volume_proxy 107 0.938872511 0.00300516315 -0.0078401995 0 0 0
volume_proxy 127 -1.22016272 -0.825623329 -0.00372641144 0 0 0
volume_proxy 130 0.471529212 -0.260598693 -0.00307763062 0 0 0
volume_proxy 140 -0.809703307 0.788833254 -0.00445220904 0 0 0
volume_proxy 157 0.664046211 -0.89622221 0.00608794213 0 0 0
volume_proxy 159 1.36875715 0.748569487 -0.00913845891 0 0 0
volume_proxy 161 -0.217697736 0.486252504 0.0100766007 0 0 0
volume_proxy 176 1.41855485 -0.0422777006 0.00752924505 0 0 0
volume_proxy 186 -1.00741769 -0.275532349 -0.000878522025 0 0 0
volume_proxy 189 -0.562109232 -0.335013371 -0.00925883882 0 0 0
volume_proxy 195 -1.36744053 -0.93192185 0.00571959096 0 0 0
volume_proxy 196 0.460047256 0.542793657 0.0107201561 0 0 0
volume_proxy 200 -1.32596127 -0.456368128 -0.00170051977 0 0 0
volume_proxy 202 0.278500579 0.719294858 0.00329319531 0 0 0
volume_proxy 209 -0.954737707 0.13984167 -0.00753290176 0 0 0
volume_proxy 210 0.114842343 0.859959855 -0.00384190994 0 0 0
volume_proxy 226 0.542960269 -0.700982303 -0.00350425971 0 0 0
volume_proxy 236 1.30431983 -0.714749777 0.00345086712 0 0 0
volume_proxy 247 0.872262998 0.481485846 0.000152839797 0 0 0
volume_proxy 256 -1.02177024 0.933756712 0.0043633287 0 0 0
volume_proxy 259 0.728856381 0.382409559 0.00938573184 0 0 0
volume_proxy 269 -1.32498178 -0.0724590361 0.00694856714 0 0 0
volume_proxy 277 -0.743831459 -0.268751201 -0.000278591991 0 0 0
volume_proxy 296 -1.31791524 0.875923525 0.00960252082 0 0 0
volume_proxy 305 0.854885798 -0.536548077 0.00675197796 0 0 0
volume_proxy 310 0.516084644 0.275183208 -0.00238195057 0 0 0
volume_proxy 344 -1.31760445 -0.395283606 -0.00508187166 0 0 0
volume_proxy 347 -0.42253916 0.773061001 0.00396865746 0 0 0
volume_proxy 356 -0.256230956 0.0927860542 -0.00906146042 0 0 0
volume_proxy 375 0.750093067 -0.230795022 -0.00614614303 0 0 0
volume_proxy 388 1.37463039 -0.167068773 0.0101258057 0 0 0
volume_proxy 802 1.12438085 0.309274432 -0.000203667218 0 0 0
volume_proxy 1052 -1.27766283 -0.651561966 0.0104891324 0 0 0
volume_proxy 1066 0.0605274787 0.492882454 -0.00494508948 0 0 0
volume_proxy 1120 -0.90756031 0.577555304 0.000204999517 0 0 0
volume_proxy 1166 -0.904675971 -0.322590357 0.00542357343 0 0 0
volume_proxy 1193 -0.907950864 -0.22645858 0.0090323056 0 0 0
volume_proxy 1225 -0.739041778 -0.562420251 0.00203809808 0 0 0
volume_proxy 1245 -1.34798068 0.00204835933 -0.00131441796 0 0 0
volume_proxy 1280 -0.432836438 0.957331933 0.00149077191 0 0 0
volume_proxy 1285 -1.33799283 0.689685253 -0.0106547617 0 0 0
volume_proxy 1295 0.734619065 -0.0167988342 0.00102306814 0 0 0
volume_proxy 1296 0.0638586652 -0.686382406 -0.00938556953 0 0 0
volume_proxy 1340 0.686885852 0.446352686 -0.00715411698 0 0 0
volume_proxy 1380 -0.943309333 -0.100575554 -0.0021627355 0 0 0
volume_proxy 1386 1.32587241 0.689677083 -0.00211661082 0 0 0
volume_proxy 1397 0.757698898 0.876764505 0.00250082031 0 0 0
volume_proxy 1409 -0.1689301 0.769020281 0.00866612952 0 0 0
volume_proxy 1413 1.33481973 0.694954369 -0.00632144577 0 0 0
volume_proxy 1422 -0.0832517627 -0.647469288 0.00751001473 0 0 0
volume_proxy 1433 1.15015354 0.574347826 0.00432601572 0 0 0
volume_proxy 1437 0.137787666 -0.167540623 -4.23980713e-05 0 0 0
volume_proxy 1447 1.4438081 0.0240295733 -0.00631774677 0 0 0
volume_proxy 1459 -1.23447819 -0.0958958072 -0.00829583093 0 0 0
volume_proxy 1460 0.228833125 0.894739792 -0.00719258909 0 0 0
volume_proxy 1461 -0.894446725 0.726275497 -0.00983721168 0 0 0
volume_proxy 1466 -0.507611804 0.268315212 0.00350887235 0 0 0
volume_proxy 1472 -1.29705579 0.728170145 -0.00542716183 0 0 0
volume_proxy 1474 1.28460407 -0.624965871 -0.0015804136 0 0 0
volume_proxy 1481 0.64035689 0.330479974 -0.00669514213 0 0 0
volume_proxy 1482 0.93046155 0.388299904 -0.00261326706 0 0 0
volume_proxy 1485 0.379310099 -0.343746945 -0.0098757849 0 0 0
volume_proxy 1489 0.143572278 -0.980040156 -0.00324697095 0 0 0
volume_proxy 1490 1.03843351 0.972408955 0.00595600328 0 0 0
volume_proxy 1494 1.27020624 -0.0847830257 -0.000766403813 0 0 0
volume_proxy 1496 -1.37977519 0.564767926 -0.00433146682 0 0 0
volume_proxy 1498 -0.075959764 0.174029066 0.00612774781 0 0 0
volume_proxy 1503 -1.05488906 -0.570757318 0.00306553893 0 0 0
volume_proxy 1506 -0.0421325324 0.644997485 0.00613798994 0 0 0
volume_proxy 1507 -1.23042485 0.0822567165 0.00692465919 0 0 0
volume_proxy 1508 -0.454059834 -0.347779333 -0.00711699471 0 0 0
volume_proxy 1509 -1.25033878 0.180196057 0.00708623489 0 0 0
volume_proxy 1510 0.176149967 -0.599254478 -0.00698446429 0 0 0
volume_proxy 1511 1.13157631 0.482029055 -0.00581973912 0 0 0
volume_proxy 1513 -1.44631398 0.720781761 -0.00868536711 0 0 0
volume_proxy 1515 0.832586651 -0.784812581 0.00900042537 0 0 0
volume_proxy 1516 -0.182211375 -0.93914083 0.00631828126 0 0 0
volume_proxy 1517 -0.977488612 -0.440493814 -0.00526928174 0 0 0
volume_proxy 1519 -0.016234436 -0.603524449 -0.00720249305 0 0 0
volume_proxy 1520 0.37728702 -0.406225484 0.0101253374 0 0 0
volume_proxy 1521 -1.07595481 -0.657625363 -0.00389650891 0 0 0
volume_proxy 1523 0.572951727 -0.0559852419 0.00965701873 0 0 0
volume_proxy 1525 -0.743419999 0.861987045 0.00731566013 0 0 0
volume_proxy 1526 0.871046213 -0.709959664 -0.00129292771 0 0 0
volume_proxy 1528 0.616261722 -0.683658201 0.0105682925 0 0 0
volume_proxy 1529 -1.07984346 0.436689554 0.00278083742 0 0 0
volume_proxy 1531 0.421465421 0.507601136 -0.00684189677 0 0 0
volume_proxy 1533 1.15979741 -0.229857482 -0.0107541796 0 0 0
volume_proxy 1534 0.663951006 0.926821143 -0.00359068472 0 0 0
volume_proxy 1535 0.642932451 0.781611968 0.00175411126 0 0 0
volume_proxy 1536 -0.764353818 -0.743638192 -0.0107678991 0 0 0
volume_proxy 1537 -0.592255576 -0.774228753 -0.00853465046 0 0 0
