volume_proxy 0 -0.200646604 -0.542259924 0.00933191558 0 0 0
volume_proxy 6 -0.335822743 0.317544604 -0.00884208971 0 0 0
volume_proxy 11 0.999660289 0.178171601 0.000882627442 0 0 0
volume_proxy 12 1.39128517 -0.590865538 -0.000659481472 0 0 0
volume_proxy 14 -1.22367995 0.549010697 -0.0103352699 0 0 0
volume_proxy 23 1.04025101 -0.473315392 -0.00909341863 0 0 0
volume_proxy 38 -0.863095346 -0.896731816 -0.00302122008 0 0 0
volume_proxy 40 -0.951206059 -0.602542289 0.00387086773 0 0 0
volume_proxy 50 -1.1432403 -0.425308153 0.009279464 0 0 0
volume_proxy 53 -1.24677658 0.867196579 -0.0022811588 0 0 0
volume_proxy 58 0.876790038 -0.282673795 -0.00478971858 0 0 0
volume_proxy 60 -0.30866098 0.746936958 0.00482279042 0 0 0
volume_proxy 85 -0.993039318 0.671885851 0.0103112325 0 0 0
volume_proxy 97 0.565708623 0.440497421 0.00639535875 0 0 0
volume_proxy 107 0.210017813 0.000689312124 -0.00562245405 0 0 0
volume_proxy 127 -1.27453697 -0.699930735 -0.00298478276 0 0 0
volume_proxy 130 -0.131035958 -0.956416189 0.0104441675 0 0 0
volume_proxy 140 0.478400562 -0.364598497 -0.00259077799 0 0 0
volume_proxy 157 0.796547913 -0.406048482 -0.00624496792 0 0 0
volume_proxy 159 0.270363163 0.61482687 0.00234400928 0 0 0
volume_proxy 161 -0.31763125 -0.406986502 0.00661907721 0 0 0
volume_proxy 176 0.570622277 0.306936903 -0.00980358811 0 0 0
volume_proxy 186 -0.928230834 0.122603406 -0.000734180846 0 0 0
volume_proxy 189 -0.856898479 -0.869056452 -0.00635135233 0 0 0
volume_proxy 195 -1.29623165 -0.60909185 0.00681512576 0 0 0
volume_proxy 196 -0.825428501 0.199850529 -0.00577268474 0 0 0
volume_proxy 200 -1.37958326 0.890232662 -0.000206923733 0 0 0
volume_proxy 202 -0.617914884 0.24646581 -0.00795914816 0 0 0
volume_proxy 209 -1.03303856 -0.112435869 0.00471336835 0 0 0
volume_proxy 210 0.465564095 0.587571622 0.0105327286 0 0 0
volume_proxy 226 0.982382449 0.179652611 0.000273936768 0 0 0
volume_proxy 236 0.796308783 -0.31275697 -0.00304949888 0 0 0
volume_proxy 247 0.0963495435 -0.88502259 -0.00699119241 0 0 0
volume_proxy 256 0.324639476 -0.653584858 0.00339448345 0 0 0
volume_proxy 259 0.335904825 -0.0879109681 0.00333502631 0 0 0
volume_proxy 269 -1.07567353 0.905382027 0.00180125079 0 0 0
volume_proxy 277 -1.00676561 -0.551853354 -0.000737909951 0 0 0
volume_proxy 296 -1.14469931 0.10705948 0.0076867855 0 0 0
volume_proxy 305 0.599415934 -0.708336007 0.00919744953 0 0 0
volume_proxy 310 1.08690811 0.720950476 -0.00314269794 0 0 0
volume_proxy 344 -1.11805448 -0.699948865 0.00601867322 0 0 0
volume_proxy 347 -0.419500685 0.813578454 -0.0106776678 0 0 0
volume_proxy 356 -0.255897426 -0.258191632 -0.00117647909 0 0 0
volume_proxy 375 0.597235152 -0.240278271 0.00669186013 0 0 0
volume_proxy 388 1.41337468 -0.611195824 0.010573545 0 0 0
volume_proxy 1052 -0.729329611 -0.144254719 0.00650469379 0 0 0
volume_proxy 1066 -0.444422512 0.0890603389 -0.00197767408 0 0 0
volume_proxy 1120 -0.800011171 0.796916133 0.0092988915 0 0 0
volume_proxy 1166 -0.714350893 -0.908436975 0.00849081352 0 0 0
volume_proxy 1193 -1.01796106 -0.333234086 -0.00856840819 0 0 0
volume_proxy 1225 -1.13528621 -0.804246038 -0.000497236536 0 0 0
volume_proxy 1245 -1.39296532 0.952857175 0.007460207 0 0 0
volume_proxy 1280 -1.45881128 0.902837736 0.00165369998 0 0 0
volume_proxy 1285 -0.603253332 0.826999539 -0.00224675637 0 0 0
volume_proxy 1295 0.434217654 0.318584264 0.008628387 0 0 0
volume_proxy 1296 -0.443701383 -0.440732639 -0.00922646303 0 0 0
volume_proxy 1340 1.08977569 -0.0907363803 -0.00382558019 0 0 0
volume_proxy 1380 -1.39735919 -0.219429566 -0.00297296272 0 0 0
volume_proxy 1386 1.22175623 0.911573029 0.00362762148 0 0 0
volume_proxy 1397 0.452014628 0.535596701 -0.00585929797 0 0 0
volume_proxy 1409 0.527382172 0.428693348 -0.00976289062 0 0 0
volume_proxy 1413 0.813136279 0.439161518 0.00842912587 0 0 0
volume_proxy 1422 0.810324843 -0.688618342 0.00313437712 0 0 0
volume_proxy 1433 1.27378002 0.87805569 0.00199360847 0 0 0
volume_proxy 1437 -0.0477085932 -0.940282071 0.00619104002 0 0 0
volume_proxy 1459 -0.701647256 -0.186436092 -0.0082989619 0 0 0
volume_proxy 1460 -0.800504804 0.196037611 0.00957691996 0 0 0
volume_proxy 1461 -1.01088696 0.537449785 0.00994438488 0 0 0
volume_proxy 1472 -1.35639809 -0.269857755 -0.000466590582 0 0 0
volume_proxy 1474 1.14790489 0.245186348 -0.00974111929 0 0 0
volume_proxy 1481 0.0340514296 0.409014483 0.000348273442 0 0 0
volume_proxy 1482 1.00276409 0.765217853 0.00458806946 0 0 0
volume_proxy 1485 0.73678695 -0.445659557 0.00999509016 0 0 0
volume_proxy 1489 0.282711477 -0.853356272 -0.00282893188 0 0 0
volume_proxy 1490 1.03493692 0.516317295 -0.00811594068 0 0 0
volume_proxy 1496 -1.45531879 0.328109495 0.00904129528 0 0 0
volume_proxy 1498 0.141119651 -0.0727691297 -0.00852706579 0 0 0
volume_proxy 1503 -1.22625329 -0.602909322 0.00145491017 0 0 0
volume_proxy 1506 0.370324823 0.95805924 0.00620291214 0 0 0
volume_proxy 1507 -0.482686094 -0.471169393 0.000345807609 0 0 0
volume_proxy 1508 -0.663247188 -0.0907592306 0.00234219739 0 0 0
volume_proxy 1509 -0.918985186 -0.0619450947 -0.00145007358 0 0 0
volume_proxy 1510 -0.520777069 -0.805394861 -0.00167704221 0 0 0
volume_proxy 1513 -1.43152817 0.40479219 0.00464517938 0 0 0
volume_proxy 1515 0.372821796 -0.815866083 0.00538437287 0 0 0
volume_proxy 1516 -0.177380935 -0.637230096 0.00112995177 0 0 0
volume_proxy 1517 -1.2473691 -0.474328491 -0.00233139451 0 0 0
volume_proxy 1519 0.342424185 -0.023498881 0.00359821826 0 0 0
volume_proxy 1520 0.265871378 -0.550248589 0.0039435296 0 0 0
volume_proxy 1521 -1.42171077 -0.953786974 0.00850128926 0 0 0
volume_proxy 1523 0.181879297 0.0943466177 -0.00584564448 0 0 0
volume_proxy 1525 -0.69869674 0.905435581 0.00152488506 0 0 0
volume_proxy 1526 1.31276276 -0.149901374 -0.00482597324 0 0 0
volume_proxy 1528 1.20467337 -0.937825316 0.00772647341 0 0 0
volume_proxy 1529 -1.15823788 -0.0837275486 -0.000683801871 0 0 0
volume_proxy 1531 0.377762079 0.976435763 0.00763525901 0 0 0
volume_proxy 1533 1.04907422 0.603834807 0.00323596198 0 0 0
volume_proxy 1534 -0.589385934 0.173086937 -0.00248948355 0 0 0
volume_proxy 1536 -0.76967278 -0.639489248 -0.00375880384 0 0 0
volume_proxy 1537 -0.46371848 -0.551902736 -0.000902944256 0 0 0
volume_proxy 1538 1.07319086 -0.119817175 0.0106996874 0 0 0
volume_proxy 1539 0.571214495 0.576643702 0.00732920557 0 0 0
volume_proxy 1540 1.3203894 0.167588002 0.00476561609 0 0 0
