volume_proxy 0 1.43126789 -0.0963721181 -0.00204600186 0 0 0
volume_proxy 5 0.567090249 -0.0148262456 0.00591414174 0 0 0
volume_proxy 6 0.405834755 -0.323264028 -0.00854418397 0 0 0
volume_proxy 11 1.04439266 0.316151206 -0.00468409338 0 0 0
volume_proxy 12 1.15364751 -0.42154306 -0.000541660508 0 0 0
volume_proxy 14 -0.0695434888 -0.372020266 -0.00117033517 0 0 0
volume_proxy 23 0.0805394164 -0.0243588169 -0.00658161701 0 0 0
volume_proxy 38 0.641679651 0.0418378858 -0.000964005784 0 0 0
volume_proxy 40 0.244962116 -0.973034834 -0.00453215428 0 0 0
volume_proxy 50 -0.270262572 -0.250734684 0.00921342781 0 0 0
volume_proxy 53 -0.176761276 -0.0199845682 0.00486433066 0 0 0
volume_proxy 58 1.20362538 -0.481771294 0.00487646451 0 0 0
volume_proxy 60 0.598446766 0.57553076 -0.00863676502 0 0 0
volume_proxy 61 0.14428172 -0.701873642 -0.00973375666 0 0 0
volume_proxy 72 0.438638007 -0.146677478 0.00566600423 0 0 0
volume_proxy 85 -0.951680347 -0.0555159248 0.00600162277 0 0 0
volume_proxy 88 -0.690471939 -0.244423641 0.0107956109 0 0 0
volume_proxy 97 1.29514002 -0.338021515 0.00118303767 0 0 0
volume_proxy 101 -1.10760866 0.75632639 0.00178414951 0 0 0
volume_proxy 105 0.38734201 -0.269371036 -0.00773666597 0 0 0
volume_proxy 107 1.1919046 0.101594512 0.00955413614 0 0 0
volume_proxy 108 1.13785198 0.622841805 0.00156211551 0 0 0
volume_proxy 127 -0.849351285 0.937598988 0.00559369007 0 0 0
volume_proxy 130 1.45099383 0.488029232 -0.00123490646 0 0 0
volume_proxy 140 -0.510518479 0.188505771 -0.000700197904 0 0 0
volume_proxy 157 0.691797121 -0.313172513 0.00494135797 0 0 0
volume_proxy 159 0.168247241 -0.144266406 0.00636293818 0 0 0
volume_proxy 161 0.333066499 0.0611199913 -0.00576732781 0 0 0
volume_proxy 176 0.5618679 -0.777085491 -0.00224634094 0 0 0
volume_proxy 186 0.342455639 0.322069316 -0.00927821849 0 0 0
volume_proxy 189 -1.23569108 0.28312786 -0.00434812487 0 0 0
volume_proxy 195 0.122145565 -0.369645368 -0.00997482163 0 0 0
volume_proxy 196 0.213568427 0.279504937 -0.000188272359 0 0 0
volume_proxy 200 -0.285686429 -0.678459609 -0.00427276267 0 0 0
volume_proxy 202 -1.40021698 0.547739298 0.00135160599 0 0 0
volume_proxy 209 -0.734710732 0.182132122 -0.0076973073 0 0 0
volume_proxy 210 -0.414840218 0.33026088 -0.000640564421 0 0 0
volume_proxy 226 -0.341136532 0.0594435028 -0.00178054197 0 0 0
volume_proxy 236 0.283067884 0.463049779 -0.00264750034 0 0 0
volume_proxy 244 1.19618565 0.590931467 -0.0101377382 0 0 0
volume_proxy 247 1.0610158 0.417488335 0.00208503752 0 0 0
volume_proxy 256 -0.198554548 0.367366714 -0.00117215639 0 0 0
volume_proxy 259 0.125733037 -0.493622468 0.000463128156 0 0 0
volume_proxy 269 -0.134610307 -0.249910033 0.00918632152 0 0 0
volume_proxy 276 1.25758235 -0.755366809 -0.00608620411 0 0 0
volume_proxy 277 -0.57436978 -0.335979912 0.00672714526 0 0 0
volume_proxy 294 0.0143805268 0.0718448563 0.00195375535 0 0 0
volume_proxy 296 -0.173254755 -0.286170301 -0.00296730219 0 0 0
volume_proxy 298 1.40510683 -0.666477889 -0.00261343681 0 0 0
volume_proxy 305 0.515293265 0.0396920246 0.00799166905 0 0 0
volume_proxy 310 1.18148585 0.292984168 0.00614900842 0 0 0
volume_proxy 311 0.946904557 -0.747795699 0.000666234046 0 0 0
volume_proxy 329 -0.71896774 -0.063377932 0.00065924507 0 0 0
volume_proxy 337 -0.663042158 0.563934037 0.00165955763 0 0 0
volume_proxy 344 -0.346401178 0.18650251 -0.00648131212 0 0 0
volume_proxy 347 -0.318370206 -0.924762357 0.00170446463 0 0 0
volume_proxy 349 0.195266471 -0.270711603 -0.00107570976 0 0 0
volume_proxy 356 0.463121661 0.249357749 0.00731328101 0 0 0
volume_proxy 375 1.16865568 -0.336822136 0.0078989789 0 0 0
volume_proxy 388 -1.17368932 0.924298116 0.00399634374 0 0 0
volume_proxy 409 0.443283351 -0.938094908 0.00017382941 0 0 0
volume_proxy 431 -1.36183009 -0.842176052 -0.00870433194 0 0 0
volume_proxy 518 0.817782308 0.885451475 -0.00642197428 0 0 0
volume_proxy 682 -0.124808537 -0.983462641 -0.00959856578 0 0 0
volume_proxy 802 1.05224824 -0.765978615 -7.82563998e-05 0 0 0
volume_proxy 876 0.338130722 -0.676625298 0.00680273122 0 0 0
volume_proxy 904 -0.235351626 0.51429638 0.00656219635 0 0 0
volume_proxy 914 0.210010061 -0.973527043 -0.00556983981 0 0 0
volume_proxy 929 -0.975541693 -0.793931174 0.00393730478 0 0 0
volume_proxy 1020 -1.34377821 0.889243869 -0.00155269836 0 0 0
volume_proxy 1021 -0.230486093 -0.983899515 -0.00153086278 0 0 0
volume_proxy 1052 0.351411098 -0.440618589 -0.0107868729 0 0 0
volume_proxy 1066 0.971943914 0.42058405 0.00514611635 0 0 0
volume_proxy 1093 -0.00081113976 -0.142459823 -0.00609431535 0 0 0
volume_proxy 1118 0.158959447 -0.565199527 0.00235905257 0 0 0
volume_proxy 1120 -0.505367593 0.847663581 0.00692505139 0 0 0
volume_proxy 1133 1.20258861 -0.875611898 -0.00434999731 0 0 0
volume_proxy 1138 1.39041237 -0.676388221 -0.00131055716 0 0 0
volume_proxy 1166 -0.689353634 0.423889266 0.00322534657 0 0 0
volume_proxy 1169 1.28366408 -0.909979325 -0.00504068726 0 0 0
volume_proxy 1172 -0.2888426 0.773882566 0.00233133023 0 0 0
volume_proxy 1180 -1.45522971 -0.267484889 0.00580278134 0 0 0
volume_proxy 1186 -0.666201425 -0.88847991 -0.00221894835 0 0 0
volume_proxy 1193 -0.810454685 -0.413218461 0.00190245106 0 0 0
volume_proxy 1209 -1.47945965 0.564540991 -0.00922920865 0 0 0
volume_proxy 1210 -0.986191648 0.749326614 -0.00685024379 0 0 0
volume_proxy 1217 -0.519265897 0.403751446 0.00865757655 0 0 0
volume_proxy 1219 -0.974414694 0.605060273 -0.00991864466 0 0 0
volume_proxy 1225 0.117095869 -0.477722093 -0.00445967923 0 0 0
volume_proxy 1230 0.986952811 -0.269093343 0.00274923526 0 0 0
volume_proxy 1237 0.0548467337 0.96199445 0.0102980934 0 0 0
volume_proxy 1238 0.603167342 0.621641059 -0.00826360568 0 0 0
volume_proxy 1245 -1.2749625 0.803350302 0.0080661338 0 0 0
volume_proxy 1255 1.37519531 -0.601331169 0.00402876563 0 0 0
volume_proxy 1259 -1.18980768 0.793796554 0.0092080923 0 0 0
volume_proxy 1270 0.306533747 -0.0523722328 0.00844810578 0 0 0
volume_proxy 1280 -1.3386671 0.500414098 -0.00506091242 0 0 0
volume_proxy 1285 -1.46546754 0.714936988 0.00554969474 0 0 0
volume_proxy 1292 0.322854 0.12329299 -0.0106893613 0 0 0
volume_proxy 1293 0.286609672 -0.884297858 -0.00546542588 0 0 0
volume_proxy 1295 -1.46396462 0.729711035 0.00663320437 0 0 0
volume_proxy 1296 -0.0520858086 -0.108902707 -0.000317507081 0 0 0
volume_proxy 1297 -0.108879568 -0.905973326 0.00304986592 0 0 0
volume_proxy 1301 -0.490593026 0.509602722 -0.000851093574 0 0 0
volume_proxy 1308 -0.424338534 0.809306401 0.0081031746 0 0 0
volume_proxy 1315 -1.09354562 -0.799235007 0.00380040238 0 0 0
volume_proxy 1318 0.931739228 -0.440677354 0.00700976232 0 0 0
volume_proxy 1325 -1.1574323 -0.427605876 0.0048037004 0 0 0
volume_proxy 1326 0.0687065218 -0.391002147 0.00509760432 0 0 0
volume_proxy 1334 -1.01836187 -0.49838598 0.00454911621 0 0 0
volume_proxy 1335 0.333983099 -0.489210487 -0.00831266945 0 0 0
volume_proxy 1340 0.633824963 0.650404474 0.0104274707 0 0 0
volume_proxy 1345 0.20615578 -0.920362338 -0.000668511367 0 0 0
volume_proxy 1347 -0.191891466 0.629005296 -0.00507520437 0 0 0
volume_proxy 1348 1.48135821 -0.802729006 0.00257452665 0 0 0
volume_proxy 1354 -0.444182643 -0.0699231064 0.00393085218 0 0 0
volume_proxy 1357 -1.16204215 0.118310109 -0.00719214323 0 0 0
volume_proxy 1358 -0.165208276 -0.0220861045 -0.00180681088 0 0 0
volume_proxy 1361 1.30113947 0.758465789 0.00672913792 0 0 0
volume_proxy 1366 1.31308183 0.934314108 0.00484854976 0 0 0
volume_proxy 1367 -0.917676961 -0.576385569 0.00891570924 0 0 0
volume_proxy 1369 0.758273799 0.684663104 0.00979240967 0 0 0
volume_proxy 1379 0.472359604 0.424715591 0.00596037513 0 0 0
volume_proxy 1380 -0.570467018 0.521747973 0.00419930225 0 0 0
volume_proxy 1381 0.809992521 0.596615919 0.00110182435 0 0 0
volume_proxy 1383 -1.27577159 0.386034089 0.0091530839 0 0 0
volume_proxy 1384 0.197310111 0.0662487417 0.00537428634 0 0 0
volume_proxy 1385 0.87433895 0.682013819 0.00651058527 0 0 0
volume_proxy 1386 0.846089302 0.743258074 0.00250798425 0 0 0
volume_proxy 1388 0.378135072 0.391534889 -0.00485684565 0 0 0
volume_proxy 1389 -0.130151777 0.555153921 -0.00948730387 0 0 0
volume_proxy 1390 -1.35940215 0.714794966 0.00238243567 0 0 0
volume_proxy 1392 -0.118521976 -0.992299723 0.00327439282 0 0 0
volume_proxy 1395 0.944563611 0.0169750942 -0.00593630585 0 0 0
volume_proxy 1397 0.0490693008 0.539976501 0.00746196395 0 0 0
volume_proxy 1398 -1.00495714 0.54700193 0.00114344195 0 0 0
volume_proxy 1403 0.608429244 0.263839644 -0.00198806558 0 0 0
volume_proxy 1405 0.618417571 0.461654334 0.0025007315 0 0 0
volume_proxy 1406 0.2191041 -0.726567489 0.00422712778 0 0 0
volume_proxy 1408 0.174162659 0.625605314 0.0036671922 0 0 0
volume_proxy 1409 1.01643425 0.483448577 -0.00143630832 0 0 0
volume_proxy 1411 0.747592529 0.726994459 0.00364515837 0 0 0
volume_proxy 1413 0.811626158 0.787696825 -0.00589634908 0 0 0
volume_proxy 1414 1.25533262 0.58130855 0.00588942203 0 0 0
volume_proxy 1415 1.40383085 -0.149013125 0.00933818825 0 0 0
volume_proxy 1418 -1.36185476 -0.0208020298 0.00660439718 0 0 0
volume_proxy 1419 -1.32895368 -0.860636673 0.00692563356 0 0 0
volume_proxy 1420 -1.40272246 -0.395081713 -0.007660488 0 0 0
volume_proxy 1421 -1.14689367 0.120859631 -0.00698782816 0 0 0
volume_proxy 1422 0.679631929 -0.839612725 0.00831462655 0 0 0
volume_proxy 1423 -0.415764033 0.328065083 -0.00827255006 0 0 0
volume_proxy 1425 -0.699947761 -0.606696038 0.00346043015 0 0 0
volume_proxy 1426 0.543347407 -0.145825847 0.0107678514 0 0 0
volume_proxy 1427 -0.409878479 -0.0840709374 0.00502569802 0 0 0
volume_proxy 1428 0.0503101141 0.825165567 0.0102403646 0 0 0
volume_proxy 1429 1.18280626 -0.0177345602 -0.0017612782 0 0 0
volume_proxy 1430 -0.641875325 -0.966581288 -0.00390309087 0 0 0
volume_proxy 1433 0.987080098 0.393303057 0.00928838229 0 0 0
volume_proxy 1434 0.43008034 -0.56538964 -9.44675735e-05 0 0 0
volume_proxy 1435 -1.10365348 -0.805447133 -0.00719264603 0 0 0
volume_proxy 1436 -1.23902842 -0.916733347 0.00128758438 0 0 0
volume_proxy 1437 -0.239009067 -0.138598448 0.00623233695 0 0 0
volume_proxy 1438 0.451279672 -0.896825011 0.0027156979 0 0 0
volume_proxy 1439 -1.10847148 0.843352244 -0.00884967932 0 0 0
volume_proxy 1440 0.417043268 -0.755798534 -0.00763828958 0 0 0
volume_proxy 1441 0.402269811 -0.75097908 0.0102383985 0 0 0
