volume_proxy 0 -0.753424171 -0.712044736 -0.00946549582 0 0 0
volume_proxy 6 -0.0404165541 0.649346374 -0.00343635292 0 0 0
volume_proxy 11 1.28540763 0.685373808 0.00534176132 0 0 0
volume_proxy 12 1.01636595 -0.771462186 -0.0027088949 0 0 0
volume_proxy 14 -1.38907148 0.0493174446 0.00299852444 0 0 0
volume_proxy 23 0.431640333 -0.738872468 -0.00562085673 0 0 0
volume_proxy 38 -0.875345401 -0.801722376 0.00951437552 0 0 0
volume_proxy 40 -1.02198586 -0.169050672 0.00168047278 0 0 0
volume_proxy 50 -0.516439324 -0.210613373 0.00865610917 0 0 0
volume_proxy 53 -1.36421796 0.73952281 0.00201106412 0 0 0
volume_proxy 58 1.42754445 -0.990135924 0.00411885591 0 0 0
volume_proxy 60 -0.682175447 0.693048083 0.00480316852 0 0 0
volume_proxy 85 -1.33872245 0.769389326 -0.00652303828 0 0 0
volume_proxy 97 0.639225669 0.795395759 0.00240635804 0 0 0
volume_proxy 107 0.364505885 0.0724939974 -0.00103797164 0 0 0
volume_proxy 127 -1.43519937 -0.505681836 0.00463094791 0 0 0
volume_proxy 130 0.892371854 -0.839337884 0.00163544628 0 0 0
volume_proxy 140 0.0118948191 0.0298737847 0.0105133787 0 0 0
volume_proxy 157 0.319397189 -0.189662037 -0.00939211656 0 0 0
volume_proxy 159 1.34813902 0.0804827702 -0.0041447613 0 0 0
volume_proxy 161 -0.410059226 -0.386968143 -0.00267637827 0 0 0
volume_proxy 176 0.770562112 -0.0342832639 -0.00335881596 0 0 0
volume_proxy 186 -0.778413542 -0.227931784 0.0048040084 0 0 0
volume_proxy 189 -0.191212473 -0.124180774 -0.000982136243 0 0 0
volume_proxy 195 -1.18834523 -0.0304314379 0.00453280136 0 0 0
volume_proxy 196 0.14022212 0.47511858 -0.00558910726 0 0 0
volume_proxy 200 -0.519909122 0.290632987 -0.00378425125 0 0 0
volume_proxy 202 -0.425651171 0.744422552 -0.00513581409 0 0 0
volume_proxy 209 -1.1329793 -0.230339522 0.00743950143 0 0 0
volume_proxy 210 0.0985299643 0.4257338 0.0055689111 0 0 0
volume_proxy 226 0.899379741 -0.772091851 0.00116793822 0 0 0
volume_proxy 236 1.03556224 -0.593467052 0.0011117498 0 0 0
volume_proxy 247 0.676833482 -0.549766943 0.00163821995 0 0 0
volume_proxy 256 -0.391098079 0.96713076 -0.00406923817 0 0 0
volume_proxy 259 0.510017921 0.400881975 -0.00912130171 0 0 0
volume_proxy 269 -0.596102432 -0.12275459 0.00396225258 0 0 0
volume_proxy 277 -0.72159879 -0.874144969 -0.0106197002 0 0 0
volume_proxy 296 -0.72425537 0.788085947 -0.00706426803 0 0 0
volume_proxy 305 0.217988182 -0.453756405 -0.00148343643 0 0 0
volume_proxy 310 0.59372895 0.80848658 0.00142640186 0 0 0
volume_proxy 344 -1.32757213 -0.277772031 -0.00840292834 0 0 0
volume_proxy 347 -0.230799069 0.767806208 -0.00813616062 0 0 0
volume_proxy 356 0.273673098 0.20881105 0.00973054155 0 0 0
volume_proxy 375 1.05662773 -0.589899868 0.00262813601 0 0 0
volume_proxy 388 1.11833041 -0.866532097 0.0107307672 0 0 0
volume_proxy 802 0.194255997 0.551089891 -0.00743073889 0 0 0
volume_proxy 1052 -0.851887791 -0.512191528 -0.00605328547 0 0 0
volume_proxy 1066 0.0385791786 0.688688394 0.00733986736 0 0 0
volume_proxy 1120 -0.42020114 0.521597979 -0.00235648639 0 0 0
volume_proxy 1166 -1.15854776 -0.77156642 -0.00599585589 0 0 0
volume_proxy 1193 -1.40517046 -0.546122379 -0.00542223856 0 0 0
volume_proxy 1225 -1.14040922 -0.851258388 -3.3949406e-05 0 0 0
volume_proxy 1245 -1.42051805 0.144664658 0.0100369501 0 0 0
volume_proxy 1280 -0.903546446 0.769383305 -0.00596451902 0 0 0
volume_proxy 1285 -1.4926165 0.424978655 -0.0104635992 0 0 0
volume_proxy 1295 0.684053725 0.117245402 -0.00766118449 0 0 0
volume_proxy 1296 -0.0778063586 -0.89353134 -0.00385723426 0 0 0
volume_proxy 1340 1.15359633 -0.324254211 -0.0106606795 0 0 0
volume_proxy 1380 -1.45987431 -0.400447139 -0.00630694093 0 0 0
volume_proxy 1386 1.42085072 0.369663067 0.00477214288 0 0 0
volume_proxy 1397 0.374265074 0.735147762 -0.00139417623 0 0 0
volume_proxy 1409 -0.0449806668 0.594893973 -0.00183169592 0 0 0
volume_proxy 1413 0.827322969 0.934316806 0.00269537852 0 0 0
volume_proxy 1422 0.403046792 -0.764171378 -0.00715587157 0 0 0
volume_proxy 1433 1.10780263 0.529037215 -0.00380455965 0 0 0
volume_proxy 1437 -0.134519611 -0.656843828 -0.0102286424 0 0 0
volume_proxy 1459 -0.649175761 -0.412861734 0.00755642358 0 0 0
volume_proxy 1460 0.105935479 0.776021216 -0.00355691367 0 0 0
volume_proxy 1461 -1.36318955 0.864686532 -0.0029597398 0 0 0
volume_proxy 1466 -0.140258147 0.336139792 -0.00774469949 0 0 0
volume_proxy 1472 -1.20262217 0.985705721 -0.0031857505 0 0 0
volume_proxy 1474 1.48205788 0.143690091 -0.00980070438 0 0 0
volume_proxy 1481 0.243141438 0.875415908 0.000607017744 0 0 0
volume_proxy 1482 1.37378056 0.939369247 0.000334048637 0 0 0
volume_proxy 1485 0.594597081 -0.495883042 0.00318091474 0 0 0
volume_proxy 1489 0.333386284 -0.76612382 0.00179504314 0 0 0
volume_proxy 1490 0.589848287 0.977667227 0.00751741804 0 0 0
volume_proxy 1496 -1.26050212 0.891624253 -4.8757131e-05 0 0 0
volume_proxy 1498 -0.104819097 0.212344695 0.0101997852 0 0 0
volume_proxy 1503 -1.27224573 -0.639620298 0.00454446915 0 0 0
volume_proxy 1506 0.423375759 0.848812986 0.00268378826 0 0 0
volume_proxy 1507 -1.16967727 -0.173185234 -0.0011202829 0 0 0
volume_proxy 1508 -0.208139964 -0.106975798 0.00455433316 0 0 0
volume_proxy 1509 -1.43446933 -0.0253679266 -0.00396242021 0 0 0
volume_proxy 1510 -0.0449511366 -0.91372408 0.00509754503 0 0 0
volume_proxy 1511 1.08095397 0.323469385 -0.00436264337 0 0 0
volume_proxy 1513 -1.35384666 0.468641733 0.000635830842 0 0 0
volume_proxy 1515 0.748026678 -0.836052978 -0.00746681982 0 0 0
volume_proxy 1516 -0.231864939 -0.934801325 -0.00676000029 0 0 0
volume_proxy 1517 -1.41950417 -0.378525668 0.00424636089 0 0 0
volume_proxy 1519 -0.123132819 -0.787157148 0.0105564604 0 0 0
volume_proxy 1520 0.143201258 -0.289782715 -0.00710502204 0 0 0
volume_proxy 1521 -1.22683259 -0.762453196 0.00911138749 0 0 0
volume_proxy 1523 0.550400087 -0.178681203 0.00757465282 0 0 0
volume_proxy 1525 -0.979495713 0.803813759 -0.00397957902 0 0 0
volume_proxy 1526 0.891625671 -0.759002982 -0.000992113334 0 0 0
volume_proxy 1528 0.668459995 -0.616804343 -0.007584966 0 0 0
volume_proxy 1529 -1.2945253 0.186247912 -0.00518699562 0 0 0
volume_proxy 1531 0.303078964 0.547086617 -0.000635891216 0 0 0
volume_proxy 1533 1.18663693 0.144931118 -0.00364201808 0 0 0
volume_proxy 1534 0.0733127135 0.729844441 -0.00315477827 0 0 0
volume_proxy 1535 0.846214777 0.757095621 -0.00131547891 0 0 0
volume_proxy 1536 -0.370172102 -0.477984754 -0.00652752772 0 0 0
volume_proxy 1537 -0.402382485 -0.79043476 -0.00717400172 0 0 0
volume_proxy 1538 1.0798084 -0.164531849 0.00266402683 0 0 0
