volume_proxy 0 -0.919970568 -0.491910248 -0.00404569251 0 0 0
volume_proxy 6 -0.13090455 0.148152564 0.0107591962 0 0 0
volume_proxy 11 0.91076515 0.482210364 0.0050801073 0 0 0
volume_proxy 12 1.13388423 -0.628718412 0.00508373187 0 0 0
volume_proxy 14 -1.47245831 0.892445091 0.00630492681 0 0 0
volume_proxy 23 1.42251334 0.00912436223 -0.00823089399 0 0 0
volume_proxy 38 -0.479192142 -0.90867515 -0.000689155064 0 0 0
volume_proxy 40 -1.30475657 -0.240094205 0.0023272759 0 0 0
volume_proxy 50 -1.10471452 -0.744300493 0.00753224603 0 0 0
volume_proxy 53 -1.08643316 0.721569148 0.00537753936 0 0 0
volume_proxy 58 0.421104989 -0.399161896 0.00829573506 0 0 0
volume_proxy 60 -0.579302378 0.58912422 -0.00867587685 0 0 0
volume_proxy 85 -0.910070025 0.937620564 0.00616063766 0 0 0
volume_proxy 97 0.313018054 0.746731552 0.00733028916 0 0 0
volume_proxy 107 -0.0878210296 0.310168924 0.00866366534 0 0 0
volume_proxy 127 -1.26539054 -0.697940301 -0.000169722824 0 0 0
volume_proxy 130 -0.00793734301 -0.954025508 0.00150554254 0 0 0
volume_proxy 140 0.849999721 0.0747315127 0.00631403881 0 0 0
volume_proxy 157 0.432989021 0.259741364 0.00806314356 0 0 0
volume_proxy 159 -0.215510671 0.547927585 8.51331123e-05 0 0 0
volume_proxy 161 -0.174569728 -0.258026967 -0.000913147315 0 0 0
volume_proxy 176 1.04375493 0.398434109 0.00223163157 0 0 0
volume_proxy 186 -1.01787741 0.299416535 -0.00394289927 0 0 0
volume_proxy 189 -0.697182404 -0.727415778 0.00396277055 0 0 0
volume_proxy 195 -1.31490592 -0.884472503 -0.00699925721 0 0 0
volume_proxy 196 -0.911949629 -0.0654089352 0.0102265826 0 0 0
volume_proxy 200 -1.30386718 0.631513653 0.00468184714 0 0 0
volume_proxy 202 -0.500606619 -0.282900516 0.00504040527 0 0 0
volume_proxy 209 -1.06143913 0.107314984 0.00706550524 0 0 0
volume_proxy 210 0.344430805 0.266792347 -0.00576991001 0 0 0
volume_proxy 226 1.29162331 0.182260765 -0.00376027142 0 0 0
volume_proxy 236 0.695238469 0.112085475 0.0051555859 0 0 0
volume_proxy 247 0.0695911464 -0.989193432 -0.00344756214 0 0 0
volume_proxy 256 0.563635549 -0.909411861 0.00835778292 0 0 0
volume_proxy 259 0.793502426 -0.114219929 -0.00423864432 0 0 0
volume_proxy 269 -1.4461249 0.573877709 -0.00887575107 0 0 0
volume_proxy 277 -0.919986556 0.00702628321 0.000477944448 0 0 0
volume_proxy 296 -1.01639513 -0.0291287579 -0.00620527583 0 0 0
volume_proxy 305 0.49286517 -0.548986596 -0.00984622588 0 0 0
volume_proxy 310 1.37218788 0.76886456 -0.00921301515 0 0 0
volume_proxy 344 -0.499829056 -0.351886354 0.00690220019 0 0 0
volume_proxy 347 -0.574242238 0.799950117 0.00947957602 0 0 0
volume_proxy 356 -0.691141674 0.347515571 0.0033762499 0 0 0
volume_proxy 375 1.17042096 -0.269780769 0.00264076028 0 0 0
volume_proxy 388 1.16489622 -0.760627681 -0.00483145252 0 0 0
volume_proxy 1052 -1.25865518 -0.333552384 0.00900127286 0 0 0
volume_proxy 1066 -0.167287316 0.077676238 -0.00443754463 0 0 0
volume_proxy 1120 -0.753301336 0.777919312 -0.00472584994 0 0 0
volume_proxy 1166 -0.841216147 -0.968667382 -0.00457936219 0 0 0
volume_proxy 1193 -0.981750227 -0.274466036 -0.000632959741 0 0 0
volume_proxy 1225 -1.44730267 -0.985414253 -0.00594437488 0 0 0
volume_proxy 1245 -1.19645139 0.71289396 0.00742009995 0 0 0
volume_proxy 1280 -1.44921922 0.924837227 0.000276056031 0 0 0
volume_proxy 1285 -0.665093287 0.939877915 -0.00332752545 0 0 0
volume_proxy 1295 0.743596278 0.507082796 0.000480499245 0 0 0
volume_proxy 1296 -0.552286703 -0.332431788 -0.00407165053 0 0 0
volume_proxy 1340 1.30846613 -0.104235065 -0.0100809459 0 0 0
volume_proxy 1380 -1.20461097 -0.569663124 -0.00839324895 0 0 0
volume_proxy 1386 1.07359464 0.599781134 0.00182931 0 0 0
volume_proxy 1397 0.0431008753 0.742764871 -0.00948547105 0 0 0
volume_proxy 1409 0.533281543 0.533098432 -0.00447106716 0 0 0
volume_proxy 1413 0.629254146 0.64107701 -0.00953137408 0 0 0
volume_proxy 1422 1.41825042 -0.858294528 -0.0100207041 0 0 0
volume_proxy 1433 1.45065368 0.673712973 0.00961850037 0 0 0
volume_proxy 1437 -0.402145655 -0.959222988 0.00411865364 0 0 0
volume_proxy 1459 -0.882837053 -0.410064825 0.00620990147 0 0 0
volume_proxy 1460 -0.964217603 0.192501724 -0.00515015501 0 0 0
volume_proxy 1461 -1.14378577 0.304420936 -0.00409004105 0 0 0
volume_proxy 1472 -1.14773594 -0.127535116 -0.00617128701 0 0 0
volume_proxy 1474 1.32561392 -0.0466754692 -0.0104995302 0 0 0
volume_proxy 1481 -0.456939988 0.229611187 0.00789243212 0 0 0
volume_proxy 1482 0.60050214 0.26589534 0.00597582872 0 0 0
volume_proxy 1485 0.737928213 -0.340524166 -0.00471272503 0 0 0
volume_proxy 1489 0.214138734 -0.913916455 -0.006953481 0 0 0
volume_proxy 1490 0.694165505 0.557933064 0.00149196778 0 0 0
volume_proxy 1496 -1.16883527 0.45113753 0.00367570654 0 0 0
volume_proxy 1498 -0.276192492 -0.35294823 0.0091375235 0 0 0
volume_proxy 1503 -1.37823409 -0.696138747 -0.00111532415 0 0 0
volume_proxy 1506 0.386053043 0.709977214 -0.00347924448 0 0 0
volume_proxy 1507 -0.2765511 -0.603736178 0.000157629302 0 0 0
volume_proxy 1508 -0.901895533 0.00247849606 0.00779839988 0 0 0
volume_proxy 1509 -1.1076314 -0.0608785479 -0.00985393957 0 0 0
volume_proxy 1513 -1.20807392 0.19098931 0.00935714379 0 0 0
volume_proxy 1515 0.271191902 -0.997953135 0.00698821278 0 0 0
volume_proxy 1516 -0.218909203 -0.645796488 0.00758114447 0 0 0
volume_proxy 1517 -1.14457627 -0.315754446 0.000824827686 0 0 0
volume_proxy 1519 0.427793528 0.461295679 0.00238566314 0 0 0
volume_proxy 1520 0.00982798824 -0.550823655 0.009879623 0 0 0
volume_proxy 1521 -1.06677722 -0.573278468 -0.00268328003 0 0 0
volume_proxy 1523 -0.227712557 -0.226890499 0.00393091046 0 0 0
volume_proxy 1525 -0.532028359 0.753608153 0.00694186954 0 0 0
volume_proxy 1526 1.3906081 -0.0503010617 -0.0091658244 0 0 0
volume_proxy 1528 0.978783547 -0.799952646 -0.000774295579 0 0 0
volume_proxy 1529 -0.822747652 -0.0702332521 -0.00156436675 0 0 0
volume_proxy 1531 0.255290947 0.882896456 -0.00603849537 0 0 0
volume_proxy 1533 0.854597916 0.0790926344 -0.00289644903 0 0 0
volume_proxy 1534 -0.402435257 0.0641200966 0.00435341794 0 0 0
volume_proxy 1537 -0.850071045 -0.525517317 0.0040253231 0 0 0
volume_proxy 1538 1.13399433 -0.555708013 -0.00613188255 0 0 0
volume_proxy 1539 0.165807163 0.841452993 -0.00659052036 0 0 0
volume_proxy 1540 1.37313934 0.225831864 -0.00095459871 0 0 0
volume_proxy 1541 -0.439499636 -0.79154089 -0.00464973156 0 0 0
