volume_proxy 0 0.858100629 0.460281572 0.000482331443 0 0 0
volume_proxy 5 1.32918431 -0.694920215 -0.00134509127 0 0 0
volume_proxy 6 -0.186341605 0.723291711 0.00371715513 0 0 0
volume_proxy 11 1.33736448 0.624556933 0.00956574591 0 0 0
volume_proxy 12 0.223609637 -0.661801572 0.00605531949 0 0 0
volume_proxy 14 -0.806259555 0.751390027 -6.58867493e-06 0 0 0
volume_proxy 23 1.3697933 -0.804645747 0.00773408477 0 0 0
volume_proxy 38 1.05835208 -0.274490877 -0.00813962436 0 0 0
volume_proxy 40 -0.375724279 -0.23466496 -0.00030809361 0 0 0
volume_proxy 50 -0.716352466 -0.230166501 -0.00959835647 0 0 0
volume_proxy 53 -0.632129509 0.654543573 -0.00487215403 0 0 0
volume_proxy 58 0.950721413 -0.77285136 -0.00153955462 0 0 0
volume_proxy 60 0.307088283 0.365920876 -0.00578098127 0 0 0
volume_proxy 85 -0.909363894 -0.0559449407 -0.00134878229 0 0 0
volume_proxy 97 1.04677442 0.807112668 -0.00721437797 0 0 0
volume_proxy 107 1.14301053 0.306628948 0.0101555548 0 0 0
volume_proxy 127 -1.26853067 -0.248156591 0.00819758824 0 0 0
volume_proxy 130 0.65620437 0.507102135 0.00973709009 0 0 0
volume_proxy 140 -0.0698720222 0.0290688987 4.4537726e-06 0 0 0
volume_proxy 157 1.06439076 -0.26484291 0.00514765985 0 0 0
volume_proxy 159 0.84521831 0.564125152 0.00141107138 0 0 0
volume_proxy 161 0.703625463 0.738474027 -0.00814590201 0 0 0
volume_proxy 176 0.59259217 -0.146733685 -0.00757702789 0 0 0
volume_proxy 186 -1.21546401 0.118343785 -0.0039185185 0 0 0
volume_proxy 189 -0.979496096 0.889079647 0.00818604818 0 0 0
volume_proxy 195 0.256397028 -0.567607236 0.00909639603 0 0 0
volume_proxy 196 0.736014092 0.0833520303 0.00314639217 0 0 0
volume_proxy 200 -0.715937385 -0.86271627 0.00584173478 0 0 0
volume_proxy 202 -0.408568937 0.902963989 -0.00114465948 0 0 0
volume_proxy 209 -1.13030862 0.0428126522 0.00680127134 0 0 0
volume_proxy 210 -0.197479135 0.388535838 0.00543094302 0 0 0
volume_proxy 226 0.283015525 -0.941255393 0.00367729592 0 0 0
volume_proxy 236 0.896430914 0.97327568 0.0061381963 0 0 0
volume_proxy 247 1.39071555 0.725521732 -0.00249608643 0 0 0
volume_proxy 256 -1.29954049 0.974091884 -0.00609893411 0 0 0
volume_proxy 259 0.503566028 0.867635765 -0.00168031751 0 0 0
volume_proxy 269 -0.783973869 -0.289324704 0.00524850445 0 0 0
volume_proxy 277 -1.21111648 -0.403495922 0.00408264924 0 0 0
volume_proxy 296 -0.850589782 -0.620320142 0.00268853618 0 0 0
volume_proxy 305 -0.0147611499 -0.0656397172 -0.00831558657 0 0 0
volume_proxy 310 -0.0866072951 -0.467896307 0.00888036758 0 0 0
volume_proxy 344 -1.31239366 0.58467193 -0.0069551159 0 0 0
volume_proxy 347 0.314319965 -0.0107978333 0.00386928273 0 0 0
volume_proxy 356 -0.229545499 0.726020697 -0.00590397511 0 0 0
volume_proxy 375 1.02748447 -0.889076489 -0.000481167593 0 0 0
volume_proxy 388 0.584808391 0.108726495 -0.00646376005 0 0 0
volume_proxy 802 1.485709 -0.343147501 0.00176802973 0 0 0
volume_proxy 1052 -0.656469369 -0.896715792 0.00170155918 0 0 0
volume_proxy 1066 0.228345932 0.103085263 0.010387816 0 0 0
volume_proxy 1120 -0.288483011 0.0355046895 0.00907763928 0 0 0
volume_proxy 1166 -0.551001895 0.290449598 -0.00945063359 0 0 0
volume_proxy 1169 0.899360141 -0.870185008 -0.0063665061 0 0 0
volume_proxy 1193 -1.17688586 -0.29145518 -0.00256018316 0 0 0
volume_proxy 1225 -0.337249711 -0.0809189771 0.00731948416 0 0 0
volume_proxy 1245 -1.22269605 0.222071988 0.0104194677 0 0 0
volume_proxy 1280 -1.24441869 0.411776294 -0.00151173376 0 0 0
volume_proxy 1285 -0.972080262 0.122501746 0.00581212767 0 0 0
volume_proxy 1295 -0.665595676 0.297281757 -0.00763599113 0 0 0
volume_proxy 1296 0.575660868 -0.27245865 0.000512771703 0 0 0
volume_proxy 1335 0.253523599 -0.778470104 0.0106043148 0 0 0
volume_proxy 1340 1.01307471 0.500998479 0.00339431487 0 0 0
volume_proxy 1380 0.210769732 0.58495159 0.000885293154 0 0 0
volume_proxy 1386 0.0253628672 0.169382899 0.00191508977 0 0 0
volume_proxy 1397 0.876703369 0.368891821 0.003972093 0 0 0
volume_proxy 1409 0.0717665346 0.978616776 -0.00218138115 0 0 0
volume_proxy 1413 1.49693543 0.458068673 -0.000730997861 0 0 0
volume_proxy 1420 -0.825186308 -0.345501474 -0.0102541836 0 0 0
volume_proxy 1422 0.647561908 -0.671563319 -0.00901285594 0 0 0
volume_proxy 1429 0.832088704 -0.430369916 -0.00737615839 0 0 0
volume_proxy 1433 1.49049104 0.673468627 -0.00628711658 0 0 0
volume_proxy 1434 0.178116128 -0.731774151 -0.0053843166 0 0 0
volume_proxy 1437 -0.0204740468 -0.0459603297 -0.0032515117 0 0 0
volume_proxy 1439 -0.0878635524 0.450071414 -0.00487800622 0 0 0
volume_proxy 1447 0.446297222 -0.815014051 -0.00452437282 0 0 0
volume_proxy 1459 -0.383521697 0.383328377 -0.00621747855 0 0 0
volume_proxy 1460 1.23483981 0.887264007 -0.00658805722 0 0 0
volume_proxy 1461 -1.13273797 0.605320844 -0.00660153507 0 0 0
volume_proxy 1466 -1.02777732 0.0185278458 0.000128048633 0 0 0
volume_proxy 1470 -1.0169634 -0.578866835 0.0051745557 0 0 0
volume_proxy 1472 -1.12750536 0.585389431 -0.00397066008 0 0 0
volume_proxy 1474 1.07132319 -0.796339469 -0.00539304679 0 0 0
volume_proxy 1481 1.09614028 0.905429595 -0.00328884964 0 0 0
volume_proxy 1482 0.876174573 -0.404011763 -0.00849260179 0 0 0
volume_proxy 1485 0.323895967 -0.989547285 -0.00897871734 0 0 0
volume_proxy 1486 0.957185137 -0.468414305 -0.00789076213 0 0 0
volume_proxy 1489 0.408595678 -0.307154821 0.0101680044 0 0 0
volume_proxy 1490 1.49221391 0.864654874 0.00288985979 0 0 0
volume_proxy 1492 0.351070722 0.470334042 -0.00135216466 0 0 0
volume_proxy 1493 0.238646052 -0.138957812 0.00453789081 0 0 0
volume_proxy 1494 0.992154274 0.243306816 -0.00280102746 0 0 0
volume_proxy 1496 -1.41777812 0.491082142 -0.000699115486 0 0 0
volume_proxy 1498 -0.777875841 0.268177158 0.0004902014 0 0 0
volume_proxy 1501 -0.657597632 -0.81668771 0.0106836664 0 0 0
volume_proxy 1503 -0.107467929 0.25778947 -0.00550423977 0 0 0
volume_proxy 1506 0.200766019 0.930654586 -0.00932054189 0 0 0
volume_proxy 1507 -1.07528781 -0.309002669 -0.00724540303 0 0 0
volume_proxy 1508 -0.528488673 -0.850672431 0.010271664 0 0 0
volume_proxy 1509 -1.44862154 0.737945736 0.00142891803 0 0 0
volume_proxy 1510 0.276389242 -0.736386348 -0.00806332444 0 0 0
volume_proxy 1511 1.0603779 0.914299254 -0.00194715716 0 0 0
volume_proxy 1513 -0.872833248 0.958143324 -0.00589144168 0 0 0
volume_proxy 1515 0.961594239 0.192474715 -0.00572563484 0 0 0
volume_proxy 1516 -0.481696377 -0.436030397 0.00234491216 0 0 0
volume_proxy 1517 -0.697069493 -0.933570598 -0.00312887542 0 0 0
volume_proxy 1518 -0.960786132 -0.0464346287 0.0011523099 0 0 0
volume_proxy 1519 0.0308632592 -0.1806837 0.00111188059 0 0 0
volume_proxy 1520 -0.0550187498 -0.500889472 0.00710078019 0 0 0
volume_proxy 1521 -0.433549192 0.408978589 0.00568925732 0 0 0
volume_proxy 1522 -0.0118740962 0.695860862 0.0104494145 0 0 0
volume_proxy 1523 1.23529153 -0.389846532 8.72644159e-05 0 0 0
volume_proxy 1524 1.16942378 -0.395676757 -0.00560545767 0 0 0
volume_proxy 1525 -1.13334808 0.471175943 0.0034957708 0 0 0
