volume_proxy 0 0.786122458 0.457736571 -0.008888971 0 0 0
volume_proxy 5 1.47833841 -0.790540208 -0.0100146633 0 0 0
volume_proxy 6 -0.178616005 0.499221688 -0.00781842527 0 0 0
volume_proxy 11 1.4479064 0.491410355 0.01059378 0 0 0
volume_proxy 12 0.396760165 -0.443353983 -0.002043181 0 0 0
volume_proxy 14 -1.01923296 0.791993945 0.00931646601 0 0 0
volume_proxy 23 1.11968633 -0.742257517 0.004537323 0 0 0
volume_proxy 38 1.04048328 -0.314887131 -0.00758553586 0 0 0
volume_proxy 40 -0.561322501 -0.381322143 -0.00624685323 0 0 0
volume_proxy 50 -0.736371096 -0.108555179 0.0090680267 0 0 0
volume_proxy 53 -0.684497684 0.707535043 0.0107746726 0 0 0
volume_proxy 58 1.08057636 -0.965553057 -0.00695980321 0 0 0
volume_proxy 60 0.230229168 0.468212886 0.00766050669 0 0 0
volume_proxy 85 -1.02649834 -0.205510784 -0.0020627084 0 0 0
volume_proxy 97 0.931038351 0.887447986 0.00701938818 0 0 0
volume_proxy 107 1.129116 0.536017722 -0.00877839608 0 0 0
volume_proxy 127 -1.30764621 -0.245703089 0.00335570983 0 0 0
volume_proxy 130 0.76159237 0.31830993 -0.00239430641 0 0 0
volume_proxy 140 -0.0433278976 0.0455768487 0.00729379062 0 0 0
volume_proxy 157 1.0002309 -0.501319123 0.00668086287 0 0 0
volume_proxy 159 1.00885906 0.526654928 -0.00348126097 0 0 0
volume_proxy 161 0.579386857 0.927567319 0.00521340447 0 0 0
volume_proxy 176 0.44495541 0.279058499 0.000533912337 0 0 0
volume_proxy 186 -1.19911845 0.146284622 0.00122895066 0 0 0
volume_proxy 189 -0.97221227 0.761565451 -0.0106831924 0 0 0
volume_proxy 195 0.0508092752 -0.567653904 -0.00226258652 0 0 0
volume_proxy 196 0.694746163 -0.0262668842 -0.00621281285 0 0 0
volume_proxy 200 -0.662122098 -0.912780595 -0.00264783215 0 0 0
volume_proxy 202 -0.491181605 0.773090797 -0.00740384507 0 0 0
volume_proxy 209 -1.26043812 0.150315152 -0.000641666957 0 0 0
volume_proxy 210 -0.221236706 0.491710255 0.00202478527 0 0 0
volume_proxy 226 0.247636048 -0.993976359 0.000171093737 0 0 0
volume_proxy 236 0.994107869 0.803986655 0.00917384369 0 0 0
volume_proxy 247 1.38607628 0.432433774 0.0054690995 0 0 0
volume_proxy 256 -1.0344577 0.950453655 -0.00820342149 0 0 0
volume_proxy 259 0.364585907 0.673647266 0.00593417652 0 0 0
volume_proxy 269 -0.954246093 -0.373284427 0.00865834734 0 0 0
volume_proxy 277 -1.19971625 -0.497828955 -8.36800954e-05 0 0 0
volume_proxy 296 -0.627066764 -0.650101345 -0.00364603145 0 0 0
volume_proxy 305 0.043938078 -0.139949446 -0.0081662915 0 0 0
volume_proxy 310 0.0138192617 -0.571495555 -0.00180290169 0 0 0
volume_proxy 344 -1.16136927 0.664930787 -0.00378295641 0 0 0
volume_proxy 347 0.285573534 -0.0490857913 0.00171311925 0 0 0
volume_proxy 356 -0.0367412612 0.756614101 -0.00407494292 0 0 0
volume_proxy 375 1.31705327 -0.782636241 -0.00466809413 0 0 0
volume_proxy 388 0.34072808 0.265458361 0.0102323267 0 0 0
volume_proxy 802 1.45195882 -0.393512188 0.000650569318 0 0 0
volume_proxy 1052 -0.895439647 -0.920132599 0.0011798382 0 0 0
volume_proxy 1066 0.26765861 0.0916034433 0.00879654231 0 0 0
volume_proxy 1120 -0.285915222 0.2002048 -0.00924279664 0 0 0
volume_proxy 1166 -0.535662421 0.653338095 0.00746073167 0 0 0
volume_proxy 1169 1.06022984 -0.973924008 0.000482634603 0 0 0
volume_proxy 1193 -1.15060342 -0.146182466 -0.0102234611 0 0 0
volume_proxy 1225 -0.464597364 -0.169313267 -0.00389709843 0 0 0
volume_proxy 1245 -1.41474479 0.579698736 0.00813801006 0 0 0
volume_proxy 1280 -1.24877345 0.398798113 -0.00589708243 0 0 0
volume_proxy 1285 -1.09238199 0.104471462 -0.00290181324 0 0 0
volume_proxy 1295 -0.59506127 0.208335308 -0.0076755846 0 0 0
volume_proxy 1296 0.423756494 -0.23806011 0.000427643979 0 0 0
volume_proxy 1335 0.141999449 -0.689400771 -0.00425094526 0 0 0
volume_proxy 1340 1.01288162 0.524006682 0.00391873284 0 0 0
volume_proxy 1380 0.229493999 0.427095565 0.00461405489 0 0 0
volume_proxy 1386 0.123692197 0.253297251 -0.00160693626 0 0 0
volume_proxy 1397 1.16935825 0.181419346 0.0049216623 0 0 0
volume_proxy 1409 0.0785006636 0.819032024 0.00137649162 0 0 0
volume_proxy 1413 1.37706775 0.559886783 0.0107866947 0 0 0
volume_proxy 1420 -0.905854511 -0.195504596 -0.0097804934 0 0 0
volume_proxy 1422 0.890655561 -0.758567845 0.000631301768 0 0 0
volume_proxy 1429 0.933087078 -0.343775979 -0.00660573076 0 0 0
volume_proxy 1433 1.4549615 0.676718354 0.00300751254 0 0 0
volume_proxy 1434 0.0987487814 -0.753632118 0.00572963717 0 0 0
volume_proxy 1437 0.0143431138 0.00864385082 0.00591717272 0 0 0
volume_proxy 1439 -0.099799009 0.433489204 -0.0107106697 0 0 0
volume_proxy 1447 0.349642328 -0.828237509 -0.00346730635 0 0 0
volume_proxy 1459 -0.505981504 0.196268405 0.00477686671 0 0 0
volume_proxy 1460 1.48883576 0.762138508 -0.00635829415 0 0 0
volume_proxy 1461 -1.12597868 0.633067356 -0.0101636444 0 0 0
volume_proxy 1466 -1.02013563 0.0091982792 -0.00697217287 0 0 0
volume_proxy 1470 -1.15231326 -0.641496056 0.0050125348 0 0 0
volume_proxy 1472 -1.26663435 0.528209172 -0.000357817883 0 0 0
volume_proxy 1474 0.965993332 -0.820168894 0.00301985291 0 0 0
volume_proxy 1481 1.16549857 0.899326292 -0.00211415586 0 0 0
volume_proxy 1482 0.798289142 -0.445183093 0.00228798619 0 0 0
volume_proxy 1485 0.431119199 -0.989609244 -0.00747569099 0 0 0
volume_proxy 1486 0.915265315 -0.372721739 0.00378431465 0 0 0
volume_proxy 1489 0.344765287 -0.135773064 -0.000630513294 0 0 0
volume_proxy 1490 1.40998557 0.870941737 -0.0081407364 0 0 0
volume_proxy 1492 0.425076884 0.493964561 -0.00243234035 0 0 0
volume_proxy 1493 0.190777118 -0.0525231605 0.00104189869 0 0 0
volume_proxy 1494 1.01737892 0.313203615 -0.00997131611 0 0 0
volume_proxy 1496 -1.45198278 0.536175568 -0.00995811827 0 0 0
volume_proxy 1498 -0.980856112 0.333272091 0.00940615338 0 0 0
volume_proxy 1501 -0.662154733 -0.852889081 0.00951236691 0 0 0
volume_proxy 1503 -0.11353825 0.225607399 -0.00742699567 0 0 0
volume_proxy 1506 0.465140049 0.982562637 0.000343685056 0 0 0
volume_proxy 1507 -1.02546448 -0.319031998 0.0095693033 0 0 0
volume_proxy 1508 -0.540310518 -0.825974612 -0.00245422314 0 0 0
volume_proxy 1509 -1.45038175 0.592696059 0.0102743331 0 0 0
volume_proxy 1510 0.305150534 -0.690524422 -0.00483341821 0 0 0
volume_proxy 1511 1.12334844 0.764312325 -0.001743819 0 0 0
volume_proxy 1513 -0.756063947 0.958009477 0.0106226399 0 0 0
volume_proxy 1515 0.969982718 0.467562729 -0.00851227292 0 0 0
volume_proxy 1516 -0.522715703 -0.486171576 -0.00204041862 0 0 0
volume_proxy 1517 -0.838562294 -0.866130691 -0.00640927695 0 0 0
volume_proxy 1518 -1.04166689 -0.0551116392 0.00731263218 0 0 0
volume_proxy 1519 0.0101586897 -0.0863197835 0.000715993797 0 0 0
volume_proxy 1520 0.0307629787 -0.48160674 0.00207775213 0 0 0
volume_proxy 1521 -0.400250344 0.557415992 0.0090843062 0 0 0
volume_proxy 1522 -0.00757142851 0.600138446 -0.00203904072 0 0 0
volume_proxy 1523 1.11527213 -0.345044122 0.00706019218 0 0 0
volume_proxy 1524 1.0009077 -0.423479865 0.00396715484 0 0 0
volume_proxy 1525 -1.13439812 0.652826813 0.010037024 0 0 0
