0 0
1e-06 0
2e-06 9
3e-06 21
4e-06 41
5e-06 56
6e-06 64
7e-06 65
8e-06 71
9e-06 69
1e-05 93
1.1e-05 79
1.2e-05 88
1.3e-05 86
1.4e-05 102
1.5e-05 91
1.6e-05 92
1.7e-05 100
1.8e-05 88
1.9e-05 97
2e-05 119
2.1e-05 90
2.2e-05 93
2.3e-05 80
2.4e-05 82
2.5e-05 82
2.6e-05 80
2.7e-05 82
2.8e-05 82
2.9e-05 76
3e-05 74
3.1e-05 96
3.2e-05 91
3.3e-05 97
3.4e-05 84
3.5e-05 90
3.6e-05 73
3.7e-05 79
3.8e-05 80
3.9e-05 94
4e-05 74
4.1e-05 77
4.2e-05 82
4.3e-05 88
4.4e-05 75
4.5e-05 85
4.6e-05 79
4.7e-05 77
4.8e-05 68
4.9e-05 70
5e-05 75
5.1e-05 68
5.2e-05 72
5.3e-05 76
5.4e-05 71
5.5e-05 76
5.6e-05 78
5.7e-05 94
5.8e-05 85
5.9e-05 84
6e-05 72
6.1e-05 72
6.2e-05 65
6.3e-05 67
6.4e-05 56
6.5e-05 56
6.6e-05 68
6.7e-05 59
6.8e-05 65
6.9e-05 61
7e-05 56
7.1e-05 53
7.2e-05 62
7.3e-05 61
7.4e-05 61
7.5e-05 64
7.6e-05 67
7.7e-05 64
7.8e-05 65
7.9e-05 64
8e-05 60
8.1e-05 65
8.2e-05 73
8.3e-05 69
8.4e-05 71
8.5e-05 64
8.6e-05 65
8.7e-05 61
8.8e-05 52
8.9e-05 60
9e-05 51
9.1e-05 44
9.2e-05 55
9.3e-05 49
9.4e-05 56
9.5e-05 62
9.6e-05 59
9.7e-05 50
9.8e-05 50
9.9e-05 52
0.0001 56
0.000101 53
0.000102 45
0.000103 54
0.000104 55
0.000105 51
0.000106 56
0.000107 55
0.000108 52
0.000109 58
0.00011 49
0.000111 43
0.000112 45
0.000113 43
0.000114 49
0.000115 58
0.000116 48
0.000117 56
0.000118 62
0.000119 47
0.00012 45
0.000121 46
0.000122 53
0.000123 46
0.000124 52
0.000125 48
0.000126 47
0.000127 38
0.000128 55
0.000129 56
0.00013 55
0.000131 56
0.000132 57
0.000133 54
0.000134 52
0.000135 50
0.000136 54
0.000137 50
0.000138 47
0.000139 53
0.00014 48
0.000141 49
0.000142 45
0.000143 50
0.000144 63
0.000145 61
0.000146 50
0.000147 46
0.000148 49
0.000149 44
0.00015 53
0.000151 44
0.000152 49
0.000153 52
0.000154 49
0.000155 44
0.000156 47
0.000157 36
0.000158 44
0.000159 39
0.00016 35
0.000161 36
0.000162 38
0.000163 42
0.000164 37
0.000165 36
0.000166 40
0.000167 48
0.000168 39
0.000169 45
0.00017 48
0.000171 45
0.000172 50
0.000173 42
0.000174 49
0.000175 45
0.000176 43
0.000177 43
0.000178 46
0.000179 34
0.00018 43
0.000181 32
0.000182 44
0.000183 45
0.000184 32
0.000185 30
0.000186 36
0.000187 45
0.000188 33
0.000189 46
0.00019 42
0.000191 47
0.000192 40
0.000193 55
0.000194 51
0.000195 37
0.000196 38
0.000197 42
0.000198 39
0.000199 41
0.0002 42
0.000201 25
0.000202 32
0.000203 36
0.000204 37
0.000205 23
0.000206 35
0.000207 33
0.000208 30
0.000209 36
0.00021 34
0.000211 36
0.000212 31
0.000213 32
0.000214 39
0.000215 34
0.000216 40
0.000217 25
0.000218 29
0.000219 32
0.00022 31
0.000221 40
0.000222 39
0.000223 31
0.000224 32
0.000225 37
0.000226 45
0.000227 38
0.000228 31
0.000229 36
0.00023 41
0.000231 41
0.000232 41
0.000233 47
0.000234 45
0.000235 34
0.000236 32
0.000237 35
0.000238 38
0.000239 30
0.00024 35
0.000241 35
0.000242 34
0.000243 22
0.000244 40
0.000245 39
0.000246 27
0.000247 34
0.000248 34
0.000249 30
0.00025 37
0.000251 39
0.000252 29
0.000253 38
0.000254 36
0.000255 30
0.000256 36
0.000257 31
0.000258 38
0.000259 33
0.00026 25
0.000261 32
0.000262 42
0.000263 34
0.000264 37
0.000265 36
0.000266 35
0.000267 31
0.000268 28
0.000269 28
0.00027 32
0.000271 42
0.000272 43
0.000273 33
0.000274 30
0.000275 27
0.000276 27
0.000277 29
0.000278 40
0.000279 38
0.00028 39
0.000281 36
0.000282 33
0.000283 26
0.000284 30
0.000285 36
0.000286 31
0.000287 26
0.000288 31
0.000289 31
0.00029 39
0.000291 25
0.000292 30
0.000293 23
0.000294 34
0.000295 29
0.000296 30
0.000297 35
0.000298 47
0.000299 35
0.0003 39
0.000301 36
0.000302 34
0.000303 37
0.000304 37
0.000305 38
0.000306 41
0.000307 33
0.000308 36
0.000309 34
0.00031 34
0.000311 31
0.000312 33
0.000313 38
0.000314 29
0.000315 27
0.000316 26
0.000317 27
0.000318 29
0.000319 29
0.00032 38
0.000321 39
0.000322 34
0.000323 39
0.000324 38
0.000325 43
0.000326 38
0.000327 33
0.000328 35
0.000329 36
0.00033 29
0.000331 27
0.000332 29
0.000333 32
0.000334 26
0.000335 35
0.000336 43
0.000337 34
0.000338 38
0.000339 32
0.00034 29
0.000341 25
0.000342 36
0.000343 34
0.000344 27
0.000345 30
0.000346 30
0.000347 36
0.000348 34
0.000349 35
0.00035 26
0.000351 27
0.000352 33
0.000353 30
0.000354 38
0.000355 27
0.000356 32
0.000357 37
0.000358 39
0.000359 27
0.00036 28
0.000361 24
0.000362 28
0.000363 31
0.000364 21
0.000365 22
0.000366 23
0.000367 26
0.000368 30
0.000369 30
0.00037 35
0.000371 33
0.000372 36
0.000373 30
0.000374 38
0.000375 27
0.000376 32
0.000377 30
0.000378 39
0.000379 39
0.00038 38
0.000381 30
0.000382 21
0.000383 25
0.000384 27
0.000385 33
0.000386 26
0.000387 37
0.000388 30
0.000389 27
0.00039 24
0.000391 30
0.000392 30
0.000393 32
0.000394 35
0.000395 34
0.000396 37
0.000397 42
0.000398 39
0.000399 31
0.0004 34
0.000401 26
0.000402 27
0.000403 31
0.000404 27
0.000405 32
0.000406 42
0.000407 33
0.000408 32
0.000409 37
0.00041 30
0.000411 32
0.000412 39
0.000413 32
0.000414 34
0.000415 30
0.000416 42
0.000417 32
0.000418 22
0.000419 23
0.00042 34
0.000421 36
0.000422 32
0.000423 26
0.000424 36
0.000425 36
0.000426 36
0.000427 37
0.000428 24
0.000429 32
0.00043 37
0.000431 38
0.000432 35
0.000433 26
0.000434 39
0.000435 32
0.000436 34
0.000437 32
0.000438 29
0.000439 30
0.00044 33
0.000441 27
0.000442 29
0.000443 38
0.000444 37
0.000445 27
0.000446 32
0.000447 26
0.000448 26
0.000449 34
0.00045 33
0.000451 33
0.000452 34
0.000453 32
0.000454 37
0.000455 33
0.000456 28
0.000457 33
0.000458 36
0.000459 34
0.00046 30
0.000461 34
0.000462 38
0.000463 30
0.000464 32
0.000465 37
0.000466 34
0.000467 31
0.000468 38
0.000469 36
0.00047 34
0.000471 35
0.000472 30
0.000473 25
0.000474 29
0.000475 20
0.000476 22
0.000477 19
0.000478 22
0.000479 24
0.00048 16
0.000481 27
0.000482 23
0.000483 25
0.000484 26
0.000485 29
0.000486 28
0.000487 17
0.000488 25
0.000489 20
0.00049 28
0.000491 27
0.000492 25
0.000493 25
0.000494 24
0.000495 37
0.000496 26
0.000497 32
0.000498 28
0.000499 21
0.0005 28
0.000501 31
0.000502 29
0.000503 23
0.000504 26
0.000505 21
0.000506 37
0.000507 30
0.000508 37
0.000509 34
0.00051 29
0.000511 34
0.000512 21
0.000513 27
0.000514 32
0.000515 28
0.000516 24
0.000517 29
0.000518 31
0.000519 29
0.00052 33
0.000521 29
0.000522 31
0.000523 25
0.000524 24
0.000525 31
0.000526 20
0.000527 28
0.000528 26
0.000529 20
0.00053 26
0.000531 31
0.000532 26
0.000533 32
0.000534 21
0.000535 25
0.000536 26
0.000537 31
0.000538 27
0.000539 24
0.00054 32
0.000541 27
0.000542 29
0.000543 19
0.000544 22
0.000545 19
0.000546 26
0.000547 17
0.000548 21
0.000549 24
0.00055 29
0.000551 30
0.000552 25
0.000553 20
0.000554 23
0.000555 25
0.000556 23
0.000557 28
0.000558 26
0.000559 29
0.00056 27
0.000561 23
0.000562 26
0.000563 26
0.000564 28
0.000565 24
0.000566 22
0.000567 27
0.000568 19
0.000569 27
0.00057 27
0.000571 20
0.000572 26
0.000573 27
0.000574 24
0.000575 22
0.000576 11
0.000577 21
0.000578 22
0.000579 25
0.00058 25
0.000581 32
0.000582 27
0.000583 31
0.000584 25
0.000585 23
0.000586 34
0.000587 31
0.000588 22
0.000589 24
0.00059 23
0.000591 18
0.000592 17
0.000593 23
0.000594 19
0.000595 24
0.000596 21
0.000597 25
0.000598 23
0.000599 31
0.0006 20
