0 371
1e-06 448
2e-06 389
3e-06 350
4e-06 292
5e-06 290
6e-06 264
7e-06 241
8e-06 196
9e-06 216
1e-05 209
1.1e-05 178
1.2e-05 175
1.3e-05 157
1.4e-05 165
1.5e-05 177
1.6e-05 172
1.7e-05 157
1.8e-05 160
1.9e-05 140
2e-05 122
2.1e-05 115
2.2e-05 119
2.3e-05 119
2.4e-05 110
2.5e-05 127
2.6e-05 128
2.7e-05 106
2.8e-05 107
2.9e-05 108
3e-05 110
3.1e-05 119
3.2e-05 111
3.3e-05 112
3.4e-05 114
3.5e-05 113
3.6e-05 109
3.7e-05 104
3.8e-05 108
3.9e-05 92
4e-05 95
4.1e-05 108
4.2e-05 91
4.3e-05 82
4.4e-05 84
4.5e-05 81
4.6e-05 76
4.7e-05 79
4.8e-05 89
4.9e-05 89
5e-05 94
5.1e-05 84
5.2e-05 88
5.3e-05 82
5.4e-05 80
5.5e-05 80
5.6e-05 64
5.7e-05 64
5.8e-05 65
5.9e-05 73
6e-05 75
6.1e-05 74
6.2e-05 69
6.3e-05 73
6.4e-05 73
6.5e-05 75
6.6e-05 65
6.7e-05 67
6.8e-05 85
6.9e-05 67
7e-05 72
7.1e-05 78
7.2e-05 69
7.3e-05 74
7.4e-05 90
7.5e-05 84
7.6e-05 73
7.7e-05 72
7.8e-05 77
7.9e-05 76
8e-05 70
8.1e-05 74
8.2e-05 64
8.3e-05 65
8.4e-05 58
8.5e-05 67
8.6e-05 69
8.7e-05 61
8.8e-05 50
8.9e-05 62
9e-05 69
9.1e-05 61
9.2e-05 61
9.3e-05 65
9.4e-05 57
9.5e-05 55
9.6e-05 59
9.7e-05 50
9.8e-05 56
9.9e-05 56
0.0001 50
0.000101 64
0.000102 62
0.000103 47
0.000104 44
0.000105 46
0.000106 45
0.000107 51
0.000108 51
0.000109 51
0.00011 58
0.000111 58
0.000112 53
0.000113 52
0.000114 59
0.000115 48
0.000116 43
0.000117 56
0.000118 51
0.000119 55
0.00012 48
0.000121 52
0.000122 49
0.000123 57
0.000124 54
0.000125 61
0.000126 62
0.000127 56
0.000128 51
0.000129 50
0.00013 53
0.000131 58
0.000132 61
0.000133 59
0.000134 55
0.000135 55
0.000136 56
0.000137 50
0.000138 52
0.000139 51
0.00014 43
0.000141 41
0.000142 62
0.000143 51
0.000144 43
0.000145 49
0.000146 48
0.000147 50
0.000148 49
0.000149 50
0.00015 50
0.000151 46
0.000152 41
0.000153 46
0.000154 40
0.000155 49
0.000156 58
0.000157 57
0.000158 49
0.000159 41
0.00016 45
0.000161 48
0.000162 48
0.000163 46
0.000164 54
0.000165 43
0.000166 42
0.000167 46
0.000168 47
0.000169 54
0.00017 54
0.000171 48
0.000172 56
0.000173 38
0.000174 43
0.000175 44
0.000176 39
0.000177 40
0.000178 47
0.000179 51
0.00018 51
0.000181 60
0.000182 50
0.000183 50
0.000184 47
0.000185 53
0.000186 44
0.000187 44
0.000188 47
0.000189 53
0.00019 43
0.000191 39
0.000192 33
0.000193 35
0.000194 39
0.000195 46
0.000196 51
0.000197 48
0.000198 41
0.000199 38
0.0002 45
0.000201 44
0.000202 47
0.000203 46
0.000204 47
0.000205 55
0.000206 49
0.000207 49
0.000208 49
0.000209 38
0.00021 49
0.000211 44
0.000212 46
0.000213 45
0.000214 45
0.000215 35
0.000216 43
0.000217 33
0.000218 41
0.000219 46
0.00022 41
0.000221 49
0.000222 46
0.000223 39
0.000224 34
0.000225 25
0.000226 29
0.000227 34
0.000228 35
0.000229 44
0.00023 38
0.000231 29
0.000232 36
0.000233 36
0.000234 31
0.000235 29
0.000236 36
0.000237 39
0.000238 34
0.000239 47
0.00024 48
0.000241 49
0.000242 32
0.000243 38
0.000244 36
0.000245 41
0.000246 40
0.000247 39
0.000248 43
0.000249 32
0.00025 32
0.000251 42
0.000252 36
0.000253 40
0.000254 32
0.000255 31
0.000256 34
0.000257 41
0.000258 31
0.000259 33
0.00026 30
0.000261 35
0.000262 25
0.000263 25
0.000264 38
0.000265 29
0.000266 34
0.000267 38
0.000268 42
0.000269 31
0.00027 33
0.000271 26
0.000272 31
0.000273 32
0.000274 37
0.000275 46
0.000276 32
0.000277 39
0.000278 46
0.000279 32
0.00028 31
0.000281 35
0.000282 32
0.000283 34
0.000284 37
0.000285 33
0.000286 38
0.000287 34
0.000288 37
0.000289 26
0.00029 32
0.000291 31
0.000292 39
0.000293 36
0.000294 36
0.000295 36
0.000296 33
0.000297 40
0.000298 35
0.000299 35
0.0003 33
0.000301 39
0.000302 37
0.000303 39
0.000304 37
0.000305 38
0.000306 29
0.000307 30
0.000308 37
0.000309 36
0.00031 46
0.000311 39
0.000312 40
0.000313 39
0.000314 33
0.000315 33
0.000316 47
0.000317 37
0.000318 37
0.000319 39
0.00032 49
0.000321 42
0.000322 32
0.000323 38
0.000324 26
0.000325 36
0.000326 39
0.000327 43
0.000328 44
0.000329 34
0.00033 41
0.000331 36
0.000332 37
0.000333 45
0.000334 48
0.000335 40
0.000336 35
0.000337 26
0.000338 37
0.000339 36
0.00034 35
0.000341 35
0.000342 41
0.000343 30
0.000344 30
0.000345 36
0.000346 34
0.000347 26
0.000348 32
0.000349 31
0.00035 27
0.000351 30
0.000352 28
0.000353 33
0.000354 32
0.000355 35
0.000356 35
0.000357 29
0.000358 38
0.000359 32
0.00036 37
0.000361 37
0.000362 39
0.000363 36
0.000364 40
0.000365 36
0.000366 42
0.000367 36
0.000368 31
0.000369 33
0.00037 29
0.000371 33
0.000372 32
0.000373 31
0.000374 31
0.000375 34
0.000376 34
0.000377 29
0.000378 33
0.000379 31
0.00038 27
0.000381 27
0.000382 27
0.000383 27
0.000384 27
0.000385 28
0.000386 36
0.000387 34
0.000388 35
0.000389 42
0.00039 41
0.000391 35
0.000392 33
0.000393 29
0.000394 29
0.000395 29
0.000396 33
0.000397 27
0.000398 30
0.000399 36
0.0004 27
0.000401 25
0.000402 37
0.000403 40
0.000404 27
0.000405 34
0.000406 35
0.000407 25
0.000408 37
0.000409 34
0.00041 34
0.000411 37
0.000412 27
0.000413 35
0.000414 28
0.000415 34
0.000416 28
0.000417 23
0.000418 30
0.000419 40
0.00042 32
0.000421 26
0.000422 33
0.000423 31
0.000424 35
0.000425 31
0.000426 35
0.000427 32
0.000428 39
0.000429 37
0.00043 29
0.000431 35
0.000432 30
0.000433 29
0.000434 35
0.000435 25
0.000436 23
0.000437 30
0.000438 29
0.000439 34
0.00044 30
0.000441 32
0.000442 31
0.000443 34
0.000444 32
0.000445 33
0.000446 26
0.000447 35
0.000448 33
0.000449 23
0.00045 26
0.000451 27
0.000452 33
0.000453 29
0.000454 28
0.000455 26
0.000456 30
0.000457 27
0.000458 30
0.000459 24
0.00046 23
0.000461 25
0.000462 34
0.000463 25
0.000464 26
0.000465 33
0.000466 28
0.000467 30
0.000468 28
0.000469 32
0.00047 39
0.000471 30
0.000472 35
0.000473 38
0.000474 33
0.000475 27
0.000476 19
0.000477 31
0.000478 28
0.000479 30
0.00048 30
0.000481 25
0.000482 29
0.000483 24
0.000484 26
0.000485 25
0.000486 23
0.000487 23
0.000488 20
0.000489 30
0.00049 24
0.000491 28
0.000492 29
0.000493 34
0.000494 24
0.000495 26
0.000496 23
0.000497 25
0.000498 27
0.000499 28
0.0005 32
0.000501 38
0.000502 27
0.000503 26
0.000504 37
0.000505 31
0.000506 32
0.000507 22
0.000508 25
0.000509 22
0.00051 25
0.000511 27
0.000512 24
0.000513 25
0.000514 27
0.000515 22
0.000516 31
0.000517 25
0.000518 30
0.000519 30
0.00052 31
0.000521 27
0.000522 24
0.000523 22
0.000524 28
0.000525 23
0.000526 20
0.000527 23
0.000528 23
0.000529 24
0.00053 23
0.000531 27
0.000532 38
0.000533 30
0.000534 32
0.000535 34
0.000536 29
0.000537 30
0.000538 31
0.000539 30
0.00054 34
0.000541 26
0.000542 32
0.000543 30
0.000544 20
0.000545 24
0.000546 23
0.000547 22
0.000548 32
0.000549 22
0.00055 22
0.000551 22
0.000552 18
0.000553 28
0.000554 41
0.000555 30
0.000556 26
0.000557 28
0.000558 23
0.000559 24
0.00056 31
0.000561 22
0.000562 26
0.000563 26
0.000564 24
0.000565 25
0.000566 27
0.000567 28
0.000568 26
0.000569 28
0.00057 20
0.000571 26
0.000572 20
0.000573 22
0.000574 24
0.000575 33
0.000576 25
0.000577 28
0.000578 31
0.000579 28
0.00058 27
0.000581 23
0.000582 28
0.000583 26
0.000584 19
0.000585 24
0.000586 23
0.000587 23
0.000588 24
0.000589 34
0.00059 26
0.000591 32
0.000592 25
0.000593 18
0.000594 21
0.000595 29
0.000596 19
0.000597 25
0.000598 20
0.000599 23
0.0006 23
