0 0
1e-06 0
2e-06 0
3e-06 0
4e-06 0
5e-06 0
6e-06 0
7e-06 0
8e-06 0
9e-06 0
1e-05 0
1.1e-05 0
1.2e-05 0
1.3e-05 0
1.4e-05 0
1.5e-05 0
1.6e-05 0
1.7e-05 0
1.8e-05 0
1.9e-05 0
2e-05 0
2.1e-05 0
2.2e-05 0
2.3e-05 0
2.4e-05 0
2.5e-05 0
2.6e-05 0
2.7e-05 0
2.8e-05 1
2.9e-05 0
3e-05 0
3.1e-05 0
3.2e-05 1
3.3e-05 1
3.4e-05 2
3.5e-05 1
3.6e-05 1
3.7e-05 1
3.8e-05 2
3.9e-05 4
4e-05 4
4.1e-05 3
4.2e-05 2
4.3e-05 3
4.4e-05 5
4.5e-05 1
4.6e-05 3
4.7e-05 1
4.8e-05 2
4.9e-05 3
5e-05 1
5.1e-05 3
5.2e-05 2
5.3e-05 5
5.4e-05 4
5.5e-05 5
5.6e-05 3
5.7e-05 4
5.8e-05 3
5.9e-05 4
6e-05 4
6.1e-05 4
6.2e-05 1
6.3e-05 2
6.4e-05 2
6.5e-05 4
6.6e-05 3
6.7e-05 4
6.8e-05 2
6.9e-05 3
7e-05 7
7.1e-05 3
7.2e-05 3
7.3e-05 7
7.4e-05 6
7.5e-05 7
7.6e-05 7
7.7e-05 10
7.8e-05 7
7.9e-05 7
8e-05 3
8.1e-05 4
8.2e-05 7
8.3e-05 10
8.4e-05 12
8.5e-05 8
8.6e-05 9
8.7e-05 11
8.8e-05 8
8.9e-05 10
9e-05 6
9.1e-05 10
9.2e-05 9
9.3e-05 7
9.4e-05 12
9.5e-05 9
9.6e-05 7
9.7e-05 8
9.8e-05 6
9.9e-05 7
0.0001 4
0.000101 7
0.000102 7
0.000103 7
0.000104 8
0.000105 9
0.000106 11
0.000107 9
0.000108 4
0.000109 8
0.00011 9
0.000111 6
0.000112 7
0.000113 8
0.000114 9
0.000115 12
0.000116 13
0.000117 9
0.000118 12
0.000119 8
0.00012 5
0.000121 6
0.000122 9
0.000123 11
0.000124 8
0.000125 6
0.000126 7
0.000127 8
0.000128 8
0.000129 11
0.00013 8
0.000131 9
0.000132 9
0.000133 8
0.000134 12
0.000135 15
0.000136 9
0.000137 14
0.000138 11
0.000139 9
0.00014 9
0.000141 15
0.000142 20
0.000143 17
0.000144 16
0.000145 18
0.000146 17
0.000147 14
0.000148 18
0.000149 19
0.00015 19
0.000151 18
0.000152 19
0.000153 17
0.000154 16
0.000155 16
0.000156 15
0.000157 17
0.000158 13
0.000159 14
0.00016 16
0.000161 21
0.000162 22
0.000163 20
0.000164 14
0.000165 22
0.000166 17
0.000167 23
0.000168 19
0.000169 18
0.00017 21
0.000171 19
0.000172 17
0.000173 22
0.000174 18
0.000175 16
0.000176 23
0.000177 17
0.000178 17
0.000179 16
0.00018 14
0.000181 18
0.000182 17
0.000183 10
0.000184 17
0.000185 18
0.000186 25
0.000187 23
0.000188 19
0.000189 18
0.00019 16
0.000191 18
0.000192 23
0.000193 21
0.000194 28
0.000195 26
0.000196 26
0.000197 27
0.000198 21
0.000199 22
0.0002 23
0.000201 17
0.000202 18
0.000203 18
0.000204 16
0.000205 21
0.000206 19
0.000207 20
0.000208 18
0.000209 16
0.00021 18
0.000211 14
0.000212 26
0.000213 13
0.000214 19
0.000215 18
0.000216 17
0.000217 16
0.000218 22
0.000219 22
0.00022 18
0.000221 14
0.000222 20
0.000223 12
0.000224 19
0.000225 19
0.000226 26
0.000227 18
0.000228 19
0.000229 19
0.00023 13
0.000231 19
0.000232 26
0.000233 25
0.000234 26
0.000235 19
0.000236 20
0.000237 24
0.000238 22
0.000239 24
0.00024 25
0.000241 20
0.000242 22
0.000243 18
0.000244 14
0.000245 18
0.000246 21
0.000247 19
0.000248 25
0.000249 18
0.00025 20
0.000251 21
0.000252 24
0.000253 22
0.000254 24
0.000255 24
0.000256 21
0.000257 20
0.000258 27
0.000259 21
0.00026 25
0.000261 19
0.000262 17
0.000263 16
0.000264 23
0.000265 18
0.000266 22
0.000267 27
0.000268 21
0.000269 20
0.00027 23
0.000271 19
0.000272 21
0.000273 21
0.000274 18
0.000275 20
0.000276 19
0.000277 22
0.000278 16
0.000279 18
0.00028 13
0.000281 19
0.000282 26
0.000283 19
0.000284 22
0.000285 24
0.000286 24
0.000287 17
0.000288 16
0.000289 16
0.00029 20
0.000291 22
0.000292 16
0.000293 15
0.000294 15
0.000295 15
0.000296 9
0.000297 16
0.000298 11
0.000299 11
0.0003 17
0.000301 15
0.000302 17
0.000303 17
0.000304 17
0.000305 13
0.000306 24
0.000307 27
0.000308 22
0.000309 17
0.00031 22
0.000311 20
0.000312 20
0.000313 27
0.000314 21
0.000315 13
0.000316 16
0.000317 10
0.000318 10
0.000319 12
0.00032 14
0.000321 23
0.000322 16
0.000323 14
0.000324 18
0.000325 23
0.000326 19
0.000327 18
0.000328 25
0.000329 34
0.00033 25
0.000331 28
0.000332 27
0.000333 25
0.000334 38
0.000335 19
0.000336 31
0.000337 22
0.000338 22
0.000339 29
0.00034 24
0.000341 25
0.000342 21
0.000343 20
0.000344 24
0.000345 24
0.000346 19
0.000347 24
0.000348 21
0.000349 19
0.00035 17
0.000351 12
0.000352 20
0.000353 22
0.000354 21
0.000355 17
0.000356 24
0.000357 21
0.000358 24
0.000359 25
0.00036 15
0.000361 20
0.000362 18
0.000363 22
0.000364 25
0.000365 26
0.000366 24
0.000367 25
0.000368 17
0.000369 18
0.00037 22
0.000371 25
0.000372 24
0.000373 25
0.000374 25
0.000375 27
0.000376 21
0.000377 23
0.000378 16
0.000379 25
0.00038 24
0.000381 21
0.000382 17
0.000383 21
0.000384 22
0.000385 18
0.000386 14
0.000387 16
0.000388 17
0.000389 21
0.00039 19
0.000391 15
0.000392 14
0.000393 19
0.000394 22
0.000395 17
0.000396 17
0.000397 23
0.000398 22
0.000399 21
0.0004 18
0.000401 25
0.000402 27
0.000403 23
0.000404 20
0.000405 21
0.000406 21
0.000407 19
0.000408 22
0.000409 13
0.00041 19
0.000411 21
0.000412 17
0.000413 21
0.000414 15
0.000415 17
0.000416 21
0.000417 16
0.000418 12
0.000419 16
0.00042 18
0.000421 19
0.000422 19
0.000423 22
0.000424 16
0.000425 14
0.000426 10
0.000427 14
0.000428 15
0.000429 16
0.00043 22
0.000431 20
0.000432 19
0.000433 19
0.000434 22
0.000435 16
0.000436 22
0.000437 21
0.000438 27
0.000439 21
0.00044 19
0.000441 16
0.000442 16
0.000443 11
0.000444 17
0.000445 19
0.000446 15
0.000447 21
0.000448 14
0.000449 19
0.00045 20
0.000451 15
0.000452 12
0.000453 17
0.000454 13
0.000455 17
0.000456 20
0.000457 17
0.000458 22
0.000459 25
0.00046 26
0.000461 27
0.000462 17
0.000463 19
0.000464 20
0.000465 20
0.000466 18
0.000467 18
0.000468 15
0.000469 10
0.00047 14
0.000471 11
0.000472 16
0.000473 11
0.000474 11
0.000475 11
0.000476 10
0.000477 17
0.000478 23
0.000479 17
0.00048 12
0.000481 16
0.000482 18
0.000483 18
0.000484 14
0.000485 12
0.000486 15
0.000487 14
0.000488 18
0.000489 12
0.00049 11
0.000491 20
0.000492 12
0.000493 17
0.000494 17
0.000495 11
0.000496 10
0.000497 13
0.000498 9
0.000499 11
0.0005 11
0.000501 12
0.000502 20
0.000503 17
0.000504 14
0.000505 15
0.000506 15
0.000507 19
0.000508 16
0.000509 19
0.00051 15
0.000511 21
0.000512 24
0.000513 17
0.000514 22
0.000515 17
0.000516 16
0.000517 15
0.000518 14
0.000519 17
0.00052 17
0.000521 16
0.000522 19
0.000523 20
0.000524 21
0.000525 27
0.000526 23
0.000527 28
0.000528 20
0.000529 17
0.00053 22
0.000531 23
0.000532 21
0.000533 25
0.000534 20
0.000535 21
0.000536 19
0.000537 18
0.000538 17
0.000539 18
0.00054 20
0.000541 15
0.000542 14
0.000543 12
0.000544 11
0.000545 11
0.000546 12
0.000547 11
0.000548 15
0.000549 18
0.00055 10
0.000551 17
0.000552 20
0.000553 23
0.000554 24
0.000555 26
0.000556 27
0.000557 25
0.000558 22
0.000559 23
0.00056 20
0.000561 22
0.000562 17
0.000563 23
0.000564 14
0.000565 10
0.000566 8
0.000567 20
0.000568 14
0.000569 13
0.00057 16
0.000571 15
0.000572 17
0.000573 24
0.000574 17
0.000575 19
0.000576 22
0.000577 12
0.000578 17
0.000579 27
0.00058 22
0.000581 18
0.000582 16
0.000583 20
0.000584 17
0.000585 22
0.000586 20
0.000587 19
0.000588 19
0.000589 16
0.00059 13
0.000591 16
0.000592 19
0.000593 21
0.000594 22
0.000595 15
0.000596 18
0.000597 17
0.000598 13
0.000599 17
0.0006 19
