0 0
1e-06 0
2e-06 0
3e-06 0
4e-06 0
5e-06 0
6e-06 0
7e-06 0
8e-06 0
9e-06 0
1e-05 0
1.1e-05 0
1.2e-05 0
1.3e-05 0
1.4e-05 0
1.5e-05 0
1.6e-05 0
1.7e-05 0
1.8e-05 0
1.9e-05 0
2e-05 0
2.1e-05 0
2.2e-05 0
2.3e-05 0
2.4e-05 0
2.5e-05 0
2.6e-05 0
2.7e-05 0
2.8e-05 0
2.9e-05 0
3e-05 0
3.1e-05 0
3.2e-05 0
3.3e-05 0
3.4e-05 0
3.5e-05 0
3.6e-05 1
3.7e-05 0
3.8e-05 0
3.9e-05 0
4e-05 1
4.1e-05 2
4.2e-05 2
4.3e-05 3
4.4e-05 2
4.5e-05 3
4.6e-05 1
4.7e-05 3
4.8e-05 3
4.9e-05 3
5e-05 4
5.1e-05 5
5.2e-05 4
5.3e-05 1
5.4e-05 1
5.5e-05 2
5.6e-05 2
5.7e-05 1
5.8e-05 1
5.9e-05 2
6e-05 2
6.1e-05 1
6.2e-05 3
6.3e-05 3
6.4e-05 1
6.5e-05 1
6.6e-05 1
6.7e-05 0
6.8e-05 1
6.9e-05 1
7e-05 1
7.1e-05 3
7.2e-05 4
7.3e-05 4
7.4e-05 4
7.5e-05 3
7.6e-05 3
7.7e-05 2
7.8e-05 5
7.9e-05 5
8e-05 4
8.1e-05 6
8.2e-05 5
8.3e-05 5
8.4e-05 4
8.5e-05 6
8.6e-05 4
8.7e-05 5
8.8e-05 5
8.9e-05 4
9e-05 3
9.1e-05 3
9.2e-05 5
9.3e-05 2
9.4e-05 3
9.5e-05 5
9.6e-05 5
9.7e-05 2
9.8e-05 3
9.9e-05 5
0.0001 5
0.000101 7
0.000102 7
0.000103 7
0.000104 4
0.000105 5
0.000106 5
0.000107 7
0.000108 7
0.000109 10
0.00011 5
0.000111 8
0.000112 8
0.000113 7
0.000114 5
0.000115 7
0.000116 6
0.000117 4
0.000118 3
0.000119 7
0.00012 8
0.000121 10
0.000122 6
0.000123 5
0.000124 8
0.000125 8
0.000126 9
0.000127 5
0.000128 10
0.000129 7
0.00013 6
0.000131 8
0.000132 6
0.000133 10
0.000134 1
0.000135 4
0.000136 8
0.000137 6
0.000138 8
0.000139 14
0.00014 10
0.000141 6
0.000142 8
0.000143 10
0.000144 13
0.000145 8
0.000146 9
0.000147 8
0.000148 9
0.000149 11
0.00015 13
0.000151 12
0.000152 13
0.000153 17
0.000154 15
0.000155 13
0.000156 11
0.000157 11
0.000158 16
0.000159 12
0.00016 10
0.000161 11
0.000162 11
0.000163 23
0.000164 25
0.000165 21
0.000166 20
0.000167 20
0.000168 21
0.000169 23
0.00017 20
0.000171 14
0.000172 17
0.000173 6
0.000174 10
0.000175 13
0.000176 15
0.000177 12
0.000178 10
0.000179 11
0.00018 17
0.000181 16
0.000182 14
0.000183 20
0.000184 19
0.000185 16
0.000186 14
0.000187 14
0.000188 15
0.000189 12
0.00019 14
0.000191 16
0.000192 13
0.000193 17
0.000194 17
0.000195 12
0.000196 17
0.000197 15
0.000198 15
0.000199 17
0.0002 15
0.000201 15
0.000202 15
0.000203 15
0.000204 14
0.000205 13
0.000206 20
0.000207 17
0.000208 14
0.000209 12
0.00021 12
0.000211 18
0.000212 14
0.000213 18
0.000214 15
0.000215 18
0.000216 18
0.000217 20
0.000218 13
0.000219 17
0.00022 23
0.000221 21
0.000222 11
0.000223 16
0.000224 14
0.000225 20
0.000226 15
0.000227 15
0.000228 15
0.000229 13
0.00023 14
0.000231 16
0.000232 19
0.000233 17
0.000234 21
0.000235 22
0.000236 21
0.000237 16
0.000238 15
0.000239 19
0.00024 17
0.000241 24
0.000242 14
0.000243 20
0.000244 19
0.000245 13
0.000246 14
0.000247 16
0.000248 13
0.000249 20
0.00025 21
0.000251 25
0.000252 20
0.000253 21
0.000254 15
0.000255 16
0.000256 20
0.000257 21
0.000258 17
0.000259 17
0.00026 15
0.000261 15
0.000262 24
0.000263 21
0.000264 21
0.000265 20
0.000266 21
0.000267 19
0.000268 24
0.000269 24
0.00027 18
0.000271 24
0.000272 20
0.000273 16
0.000274 19
0.000275 17
0.000276 17
0.000277 18
0.000278 23
0.000279 22
0.00028 29
0.000281 19
0.000282 20
0.000283 18
0.000284 18
0.000285 15
0.000286 19
0.000287 18
0.000288 19
0.000289 18
0.00029 15
0.000291 17
0.000292 23
0.000293 16
0.000294 17
0.000295 25
0.000296 23
0.000297 18
0.000298 20
0.000299 20
0.0003 22
0.000301 16
0.000302 19
0.000303 21
0.000304 18
0.000305 19
0.000306 17
0.000307 17
0.000308 20
0.000309 22
0.00031 20
0.000311 19
0.000312 18
0.000313 13
0.000314 12
0.000315 19
0.000316 16
0.000317 20
0.000318 19
0.000319 25
0.00032 22
0.000321 17
0.000322 19
0.000323 21
0.000324 18
0.000325 21
0.000326 21
0.000327 22
0.000328 17
0.000329 12
0.00033 17
0.000331 20
0.000332 22
0.000333 23
0.000334 13
0.000335 22
0.000336 18
0.000337 18
0.000338 19
0.000339 19
0.00034 20
0.000341 20
0.000342 16
0.000343 20
0.000344 20
0.000345 18
0.000346 23
0.000347 23
0.000348 25
0.000349 21
0.00035 20
0.000351 22
0.000352 18
0.000353 17
0.000354 17
0.000355 17
0.000356 13
0.000357 14
0.000358 15
0.000359 12
0.00036 17
0.000361 14
0.000362 21
0.000363 14
0.000364 15
0.000365 14
0.000366 16
0.000367 20
0.000368 27
0.000369 21
0.00037 23
0.000371 18
0.000372 22
0.000373 16
0.000374 23
0.000375 15
0.000376 15
0.000377 17
0.000378 25
0.000379 16
0.00038 18
0.000381 16
0.000382 25
0.000383 21
0.000384 22
0.000385 24
0.000386 31
0.000387 26
0.000388 18
0.000389 18
0.00039 18
0.000391 20
0.000392 20
0.000393 21
0.000394 15
0.000395 21
0.000396 22
0.000397 16
0.000398 22
0.000399 25
0.0004 25
0.000401 17
0.000402 15
0.000403 17
0.000404 14
0.000405 15
0.000406 18
0.000407 18
0.000408 20
0.000409 15
0.00041 18
0.000411 13
0.000412 20
0.000413 16
0.000414 21
0.000415 15
0.000416 17
0.000417 18
0.000418 16
0.000419 9
0.00042 11
0.000421 17
0.000422 15
0.000423 9
0.000424 12
0.000425 16
0.000426 16
0.000427 15
0.000428 13
0.000429 14
0.00043 16
0.000431 14
0.000432 14
0.000433 18
0.000434 18
0.000435 28
0.000436 22
0.000437 19
0.000438 21
0.000439 24
0.00044 21
0.000441 22
0.000442 19
0.000443 24
0.000444 24
0.000445 26
0.000446 28
0.000447 19
0.000448 22
0.000449 23
0.00045 18
0.000451 29
0.000452 27
0.000453 18
0.000454 23
0.000455 11
0.000456 14
0.000457 13
0.000458 10
0.000459 14
0.00046 16
0.000461 16
0.000462 17
0.000463 16
0.000464 19
0.000465 20
0.000466 17
0.000467 17
0.000468 20
0.000469 14
0.00047 12
0.000471 15
0.000472 10
0.000473 13
0.000474 13
0.000475 13
0.000476 18
0.000477 10
0.000478 13
0.000479 17
0.00048 21
0.000481 18
0.000482 14
0.000483 15
0.000484 15
0.000485 17
0.000486 17
0.000487 20
0.000488 19
0.000489 22
0.00049 20
0.000491 14
0.000492 13
0.000493 14
0.000494 15
0.000495 15
0.000496 18
0.000497 18
0.000498 13
0.000499 14
0.0005 12
0.000501 17
0.000502 8
0.000503 10
0.000504 14
0.000505 8
0.000506 12
0.000507 10
0.000508 15
0.000509 16
0.00051 17
0.000511 17
0.000512 10
0.000513 11
0.000514 13
0.000515 16
0.000516 20
0.000517 16
0.000518 16
0.000519 20
0.00052 17
0.000521 19
0.000522 17
0.000523 22
0.000524 23
0.000525 22
0.000526 20
0.000527 18
0.000528 20
0.000529 27
0.00053 24
0.000531 23
0.000532 21
0.000533 19
0.000534 19
0.000535 23
0.000536 21
0.000537 18
0.000538 22
0.000539 19
0.00054 16
0.000541 22
0.000542 13
0.000543 19
0.000544 19
0.000545 18
0.000546 16
0.000547 19
0.000548 13
0.000549 10
0.00055 19
0.000551 22
0.000552 20
0.000553 18
0.000554 14
0.000555 19
0.000556 18
0.000557 16
0.000558 19
0.000559 17
0.00056 16
0.000561 13
0.000562 15
0.000563 13
0.000564 17
0.000565 18
0.000566 16
0.000567 13
0.000568 15
0.000569 14
0.00057 11
0.000571 18
0.000572 10
0.000573 7
0.000574 10
0.000575 14
0.000576 17
0.000577 17
0.000578 19
0.000579 10
0.00058 15
0.000581 20
0.000582 13
0.000583 14
0.000584 11
0.000585 11
0.000586 12
0.000587 15
0.000588 14
0.000589 16
0.00059 14
0.000591 18
0.000592 15
0.000593 12
0.000594 14
0.000595 20
0.000596 17
0.000597 14
0.000598 17
0.000599 16
0.0006 16
