0 0
1e-06 0
2e-06 0
3e-06 0
4e-06 0
5e-06 0
6e-06 0
7e-06 0
8e-06 0
9e-06 0
1e-05 0
1.1e-05 0
1.2e-05 0
1.3e-05 0
1.4e-05 0
1.5e-05 0
1.6e-05 0
1.7e-05 0
1.8e-05 0
1.9e-05 0
2e-05 0
2.1e-05 0
2.2e-05 0
2.3e-05 0
2.4e-05 0
2.5e-05 0
2.6e-05 0
2.7e-05 0
2.8e-05 0
2.9e-05 0
3e-05 0
3.1e-05 0
3.2e-05 0
3.3e-05 0
3.4e-05 0
3.5e-05 0
3.6e-05 0
3.7e-05 0
3.8e-05 0
3.9e-05 0
4e-05 0
4.1e-05 0
4.2e-05 0
4.3e-05 0
4.4e-05 0
4.5e-05 0
4.6e-05 0
4.7e-05 0
4.8e-05 0
4.9e-05 0
5e-05 0
5.1e-05 0
5.2e-05 0
5.3e-05 0
5.4e-05 0
5.5e-05 0
5.6e-05 0
5.7e-05 0
5.8e-05 0
5.9e-05 0
6e-05 0
6.1e-05 0
6.2e-05 0
6.3e-05 0
6.4e-05 0
6.5e-05 0
6.6e-05 0
6.7e-05 0
6.8e-05 0
6.9e-05 0
7e-05 0
7.1e-05 0
7.2e-05 0
7.3e-05 0
7.4e-05 0
7.5e-05 0
7.6e-05 0
7.7e-05 0
7.8e-05 0
7.9e-05 0
8e-05 0
8.1e-05 0
8.2e-05 0
8.3e-05 0
8.4e-05 0
8.5e-05 1
8.6e-05 1
8.7e-05 1
8.8e-05 0
8.9e-05 0
9e-05 0
9.1e-05 1
9.2e-05 0
9.3e-05 0
9.4e-05 0
9.5e-05 0
9.6e-05 2
9.7e-05 1
9.8e-05 1
9.9e-05 0
0.0001 1
0.000101 1
0.000102 1
0.000103 0
0.000104 1
0.000105 1
0.000106 1
0.000107 3
0.000108 1
0.000109 1
0.00011 2
0.000111 4
0.000112 3
0.000113 2
0.000114 2
0.000115 0
0.000116 1
0.000117 1
0.000118 1
0.000119 2
0.00012 2
0.000121 2
0.000122 2
0.000123 1
0.000124 3
0.000125 2
0.000126 3
0.000127 0
0.000128 3
0.000129 3
0.00013 2
0.000131 2
0.000132 2
0.000133 4
0.000134 3
0.000135 4
0.000136 4
0.000137 4
0.000138 2
0.000139 4
0.00014 4
0.000141 2
0.000142 2
0.000143 1
0.000144 0
0.000145 0
0.000146 1
0.000147 1
0.000148 0
0.000149 1
0.00015 0
0.000151 1
0.000152 2
0.000153 2
0.000154 2
0.000155 1
0.000156 5
0.000157 1
0.000158 2
0.000159 4
0.00016 2
0.000161 4
0.000162 3
0.000163 5
0.000164 6
0.000165 3
0.000166 2
0.000167 3
0.000168 2
0.000169 3
0.00017 6
0.000171 5
0.000172 2
0.000173 4
0.000174 3
0.000175 4
0.000176 6
0.000177 5
0.000178 6
0.000179 6
0.00018 4
0.000181 5
0.000182 5
0.000183 4
0.000184 4
0.000185 4
0.000186 5
0.000187 2
0.000188 1
0.000189 5
0.00019 7
0.000191 8
0.000192 4
0.000193 6
0.000194 6
0.000195 7
0.000196 5
0.000197 4
0.000198 3
0.000199 4
0.0002 3
0.000201 5
0.000202 2
0.000203 1
0.000204 2
0.000205 3
0.000206 2
0.000207 4
0.000208 6
0.000209 5
0.00021 1
0.000211 8
0.000212 10
0.000213 7
0.000214 4
0.000215 6
0.000216 5
0.000217 10
0.000218 7
0.000219 9
0.00022 7
0.000221 3
0.000222 5
0.000223 3
0.000224 5
0.000225 6
0.000226 4
0.000227 4
0.000228 5
0.000229 3
0.00023 3
0.000231 6
0.000232 2
0.000233 5
0.000234 5
0.000235 5
0.000236 6
0.000237 6
0.000238 5
0.000239 7
0.00024 10
0.000241 3
0.000242 4
0.000243 8
0.000244 10
0.000245 8
0.000246 5
0.000247 8
0.000248 5
0.000249 7
0.00025 11
0.000251 10
0.000252 8
0.000253 3
0.000254 4
0.000255 6
0.000256 3
0.000257 4
0.000258 6
0.000259 6
0.00026 9
0.000261 9
0.000262 12
0.000263 5
0.000264 6
0.000265 6
0.000266 10
0.000267 6
0.000268 6
0.000269 10
0.00027 7
0.000271 2
0.000272 5
0.000273 4
0.000274 6
0.000275 2
0.000276 7
0.000277 5
0.000278 5
0.000279 7
0.00028 9
0.000281 9
0.000282 9
0.000283 9
0.000284 6
0.000285 5
0.000286 5
0.000287 5
0.000288 8
0.000289 4
0.00029 6
0.000291 7
0.000292 9
0.000293 8
0.000294 10
0.000295 8
0.000296 7
0.000297 8
0.000298 6
0.000299 6
0.0003 7
0.000301 9
0.000302 5
0.000303 4
0.000304 8
0.000305 3
0.000306 7
0.000307 8
0.000308 7
0.000309 3
0.00031 5
0.000311 6
0.000312 7
0.000313 6
0.000314 7
0.000315 7
0.000316 8
0.000317 6
0.000318 5
0.000319 7
0.00032 9
0.000321 6
0.000322 8
0.000323 5
0.000324 5
0.000325 5
0.000326 9
0.000327 7
0.000328 11
0.000329 5
0.00033 9
0.000331 6
0.000332 11
0.000333 12
0.000334 11
0.000335 6
0.000336 7
0.000337 8
0.000338 7
0.000339 4
0.00034 12
0.000341 9
0.000342 11
0.000343 7
0.000344 9
0.000345 10
0.000346 8
0.000347 10
0.000348 8
0.000349 7
0.00035 5
0.000351 5
0.000352 6
0.000353 8
0.000354 6
0.000355 4
0.000356 7
0.000357 10
0.000358 8
0.000359 8
0.00036 7
0.000361 12
0.000362 10
0.000363 10
0.000364 8
0.000365 11
0.000366 16
0.000367 12
0.000368 14
0.000369 10
0.00037 10
0.000371 13
0.000372 7
0.000373 5
0.000374 5
0.000375 8
0.000376 7
0.000377 6
0.000378 4
0.000379 6
0.00038 11
0.000381 7
0.000382 4
0.000383 4
0.000384 7
0.000385 5
0.000386 10
0.000387 10
0.000388 8
0.000389 8
0.00039 8
0.000391 9
0.000392 9
0.000393 10
0.000394 12
0.000395 11
0.000396 8
0.000397 12
0.000398 9
0.000399 6
0.0004 6
0.000401 4
0.000402 6
0.000403 7
0.000404 5
0.000405 6
0.000406 11
0.000407 9
0.000408 5
0.000409 9
0.00041 6
0.000411 11
0.000412 12
0.000413 10
0.000414 7
0.000415 9
0.000416 11
0.000417 10
0.000418 7
0.000419 8
0.00042 11
0.000421 11
0.000422 9
0.000423 9
0.000424 10
0.000425 14
0.000426 11
0.000427 15
0.000428 17
0.000429 14
0.00043 11
0.000431 10
0.000432 13
0.000433 11
0.000434 11
0.000435 14
0.000436 14
0.000437 13
0.000438 12
0.000439 15
0.00044 10
0.000441 14
0.000442 18
0.000443 13
0.000444 15
0.000445 10
0.000446 14
0.000447 16
0.000448 8
0.000449 14
0.00045 15
0.000451 17
0.000452 13
0.000453 15
0.000454 14
0.000455 13
0.000456 10
0.000457 11
0.000458 9
0.000459 6
0.00046 9
0.000461 13
0.000462 9
0.000463 9
0.000464 11
0.000465 11
0.000466 7
0.000467 10
0.000468 8
0.000469 8
0.00047 9
0.000471 11
0.000472 12
0.000473 8
0.000474 11
0.000475 12
0.000476 13
0.000477 13
0.000478 16
0.000479 9
0.00048 10
0.000481 11
0.000482 10
0.000483 7
0.000484 11
0.000485 9
0.000486 5
0.000487 8
0.000488 9
0.000489 6
0.00049 8
0.000491 11
0.000492 10
0.000493 6
0.000494 5
0.000495 14
0.000496 8
0.000497 10
0.000498 8
0.000499 9
0.0005 9
0.000501 7
0.000502 9
0.000503 6
0.000504 6
0.000505 10
0.000506 10
0.000507 13
0.000508 16
0.000509 15
0.00051 13
0.000511 17
0.000512 12
0.000513 13
0.000514 12
0.000515 13
0.000516 8
0.000517 13
0.000518 10
0.000519 6
0.00052 7
0.000521 8
0.000522 13
0.000523 12
0.000524 9
0.000525 11
0.000526 10
0.000527 11
0.000528 10
0.000529 7
0.00053 9
0.000531 9
0.000532 6
0.000533 11
0.000534 11
0.000535 11
0.000536 9
0.000537 14
0.000538 6
0.000539 10
0.00054 12
0.000541 11
0.000542 7
0.000543 7
0.000544 7
0.000545 13
0.000546 12
0.000547 11
0.000548 9
0.000549 10
0.00055 16
0.000551 13
0.000552 8
0.000553 14
0.000554 8
0.000555 17
0.000556 16
0.000557 16
0.000558 13
0.000559 15
0.00056 22
0.000561 14
0.000562 19
0.000563 14
0.000564 17
0.000565 12
0.000566 10
0.000567 13
0.000568 14
0.000569 8
0.00057 14
0.000571 13
0.000572 11
0.000573 8
0.000574 5
0.000575 9
0.000576 14
0.000577 7
0.000578 7
0.000579 9
0.00058 11
0.000581 14
0.000582 10
0.000583 12
0.000584 11
0.000585 12
0.000586 8
0.000587 13
0.000588 16
0.000589 9
0.00059 11
0.000591 8
0.000592 18
0.000593 14
0.000594 13
0.000595 12
0.000596 10
0.000597 14
0.000598 12
0.000599 9
0.0006 13
