0 0
1e-06 0
2e-06 0
3e-06 0
4e-06 0
5e-06 0
6e-06 0
7e-06 0
8e-06 0
9e-06 0
1e-05 0
1.1e-05 0
1.2e-05 0
1.3e-05 0
1.4e-05 0
1.5e-05 0
1.6e-05 0
1.7e-05 0
1.8e-05 0
1.9e-05 0
2e-05 0
2.1e-05 0
2.2e-05 1
2.3e-05 0
2.4e-05 2
2.5e-05 0
2.6e-05 1
2.7e-05 1
2.8e-05 1
2.9e-05 2
3e-05 3
3.1e-05 2
3.2e-05 2
3.3e-05 4
3.4e-05 5
3.5e-05 5
3.6e-05 3
3.7e-05 7
3.8e-05 5
3.9e-05 6
4e-05 6
4.1e-05 11
4.2e-05 6
4.3e-05 7
4.4e-05 13
4.5e-05 12
4.6e-05 10
4.7e-05 14
4.8e-05 13
4.9e-05 10
5e-05 10
5.1e-05 6
5.2e-05 4
5.3e-05 4
5.4e-05 9
5.5e-05 10
5.6e-05 11
5.7e-05 11
5.8e-05 6
5.9e-05 12
6e-05 11
6.1e-05 7
6.2e-05 9
6.3e-05 16
6.4e-05 12
6.5e-05 10
6.6e-05 16
6.7e-05 11
6.8e-05 14
6.9e-05 16
7e-05 10
7.1e-05 14
7.2e-05 14
7.3e-05 20
7.4e-05 14
7.5e-05 15
7.6e-05 16
7.7e-05 12
7.8e-05 16
7.9e-05 16
8e-05 17
8.1e-05 14
8.2e-05 14
8.3e-05 14
8.4e-05 10
8.5e-05 19
8.6e-05 14
8.7e-05 14
8.8e-05 9
8.9e-05 14
9e-05 17
9.1e-05 18
9.2e-05 14
9.3e-05 19
9.4e-05 16
9.5e-05 19
9.6e-05 16
9.7e-05 17
9.8e-05 10
9.9e-05 15
0.0001 21
0.000101 15
0.000102 15
0.000103 18
0.000104 20
0.000105 18
0.000106 18
0.000107 23
0.000108 20
0.000109 14
0.00011 14
0.000111 19
0.000112 29
0.000113 26
0.000114 20
0.000115 22
0.000116 22
0.000117 18
0.000118 19
0.000119 17
0.00012 20
0.000121 16
0.000122 18
0.000123 9
0.000124 18
0.000125 16
0.000126 22
0.000127 20
0.000128 15
0.000129 23
0.00013 25
0.000131 21
0.000132 22
0.000133 16
0.000134 21
0.000135 16
0.000136 21
0.000137 22
0.000138 29
0.000139 29
0.00014 25
0.000141 23
0.000142 22
0.000143 21
0.000144 20
0.000145 23
0.000146 25
0.000147 24
0.000148 26
0.000149 25
0.00015 35
0.000151 33
0.000152 30
0.000153 24
0.000154 22
0.000155 21
0.000156 29
0.000157 24
0.000158 28
0.000159 30
0.00016 27
0.000161 26
0.000162 27
0.000163 17
0.000164 18
0.000165 18
0.000166 29
0.000167 24
0.000168 22
0.000169 24
0.00017 21
0.000171 25
0.000172 24
0.000173 20
0.000174 21
0.000175 26
0.000176 25
0.000177 21
0.000178 23
0.000179 26
0.00018 27
0.000181 29
0.000182 22
0.000183 25
0.000184 24
0.000185 25
0.000186 27
0.000187 23
0.000188 25
0.000189 25
0.00019 25
0.000191 23
0.000192 17
0.000193 23
0.000194 27
0.000195 28
0.000196 28
0.000197 22
0.000198 26
0.000199 22
0.0002 17
0.000201 23
0.000202 22
0.000203 17
0.000204 22
0.000205 16
0.000206 22
0.000207 21
0.000208 21
0.000209 32
0.00021 36
0.000211 26
0.000212 30
0.000213 29
0.000214 31
0.000215 27
0.000216 23
0.000217 25
0.000218 31
0.000219 24
0.00022 29
0.000221 32
0.000222 29
0.000223 33
0.000224 29
0.000225 29
0.000226 24
0.000227 23
0.000228 23
0.000229 20
0.00023 25
0.000231 27
0.000232 21
0.000233 17
0.000234 24
0.000235 30
0.000236 27
0.000237 30
0.000238 20
0.000239 23
0.00024 21
0.000241 25
0.000242 23
0.000243 16
0.000244 23
0.000245 17
0.000246 14
0.000247 20
0.000248 25
0.000249 20
0.00025 23
0.000251 29
0.000252 21
0.000253 16
0.000254 24
0.000255 25
0.000256 26
0.000257 23
0.000258 19
0.000259 18
0.00026 25
0.000261 20
0.000262 21
0.000263 18
0.000264 20
0.000265 30
0.000266 25
0.000267 24
0.000268 18
0.000269 28
0.00027 29
0.000271 25
0.000272 24
0.000273 25
0.000274 27
0.000275 28
0.000276 30
0.000277 24
0.000278 24
0.000279 30
0.00028 24
0.000281 31
0.000282 28
0.000283 22
0.000284 27
0.000285 21
0.000286 18
0.000287 21
0.000288 27
0.000289 16
0.00029 25
0.000291 23
0.000292 27
0.000293 23
0.000294 24
0.000295 22
0.000296 16
0.000297 20
0.000298 18
0.000299 13
0.0003 19
0.000301 23
0.000302 27
0.000303 13
0.000304 22
0.000305 23
0.000306 26
0.000307 15
0.000308 21
0.000309 26
0.00031 21
0.000311 31
0.000312 20
0.000313 28
0.000314 31
0.000315 24
0.000316 15
0.000317 24
0.000318 19
0.000319 21
0.00032 27
0.000321 24
0.000322 26
0.000323 19
0.000324 21
0.000325 25
0.000326 22
0.000327 27
0.000328 21
0.000329 30
0.00033 26
0.000331 23
0.000332 17
0.000333 19
0.000334 19
0.000335 14
0.000336 18
0.000337 23
0.000338 29
0.000339 19
0.00034 26
0.000341 27
0.000342 20
0.000343 17
0.000344 18
0.000345 13
0.000346 23
0.000347 18
0.000348 17
0.000349 13
0.00035 18
0.000351 19
0.000352 17
0.000353 22
0.000354 18
0.000355 17
0.000356 16
0.000357 22
0.000358 22
0.000359 19
0.00036 11
0.000361 17
0.000362 16
0.000363 18
0.000364 21
0.000365 22
0.000366 19
0.000367 17
0.000368 19
0.000369 18
0.00037 27
0.000371 22
0.000372 22
0.000373 24
0.000374 21
0.000375 22
0.000376 27
0.000377 25
0.000378 22
0.000379 29
0.00038 27
0.000381 24
0.000382 19
0.000383 30
0.000384 21
0.000385 18
0.000386 19
0.000387 19
0.000388 15
0.000389 14
0.00039 19
0.000391 21
0.000392 24
0.000393 29
0.000394 22
0.000395 22
0.000396 22
0.000397 19
0.000398 13
0.000399 19
0.0004 21
0.000401 23
0.000402 21
0.000403 17
0.000404 27
0.000405 26
0.000406 19
0.000407 27
0.000408 22
0.000409 22
0.00041 22
0.000411 21
0.000412 20
0.000413 19
0.000414 18
0.000415 26
0.000416 22
0.000417 21
0.000418 22
0.000419 24
0.00042 27
0.000421 21
0.000422 25
0.000423 24
0.000424 21
0.000425 30
0.000426 33
0.000427 27
0.000428 28
0.000429 27
0.00043 18
0.000431 20
0.000432 30
0.000433 21
0.000434 23
0.000435 30
0.000436 21
0.000437 24
0.000438 23
0.000439 19
0.00044 20
0.000441 23
0.000442 25
0.000443 20
0.000444 24
0.000445 25
0.000446 20
0.000447 17
0.000448 24
0.000449 21
0.00045 16
0.000451 15
0.000452 16
0.000453 20
0.000454 15
0.000455 18
0.000456 22
0.000457 26
0.000458 17
0.000459 19
0.00046 18
0.000461 19
0.000462 20
0.000463 18
0.000464 19
0.000465 20
0.000466 16
0.000467 15
0.000468 22
0.000469 25
0.00047 28
0.000471 29
0.000472 34
0.000473 31
0.000474 29
0.000475 21
0.000476 30
0.000477 21
0.000478 22
0.000479 20
0.00048 24
0.000481 25
0.000482 24
0.000483 28
0.000484 23
0.000485 20
0.000486 23
0.000487 21
0.000488 25
0.000489 13
0.00049 16
0.000491 22
0.000492 19
0.000493 16
0.000494 17
0.000495 24
0.000496 28
0.000497 17
0.000498 19
0.000499 26
0.0005 28
0.000501 27
0.000502 29
0.000503 28
0.000504 26
0.000505 27
0.000506 28
0.000507 22
0.000508 24
0.000509 23
0.00051 25
0.000511 25
0.000512 22
0.000513 21
0.000514 21
0.000515 23
0.000516 27
0.000517 21
0.000518 28
0.000519 19
0.00052 17
0.000521 15
0.000522 24
0.000523 24
0.000524 16
0.000525 20
0.000526 24
0.000527 27
0.000528 19
0.000529 25
0.00053 21
0.000531 19
0.000532 15
0.000533 21
0.000534 30
0.000535 28
0.000536 24
0.000537 27
0.000538 26
0.000539 17
0.00054 17
0.000541 14
0.000542 25
0.000543 17
0.000544 21
0.000545 20
0.000546 25
0.000547 26
0.000548 19
0.000549 22
0.00055 21
0.000551 17
0.000552 18
0.000553 13
0.000554 14
0.000555 16
0.000556 18
0.000557 20
0.000558 20
0.000559 19
0.00056 22
0.000561 17
0.000562 19
0.000563 14
0.000564 25
0.000565 21
0.000566 20
0.000567 20
0.000568 19
0.000569 23
0.00057 18
0.000571 22
0.000572 22
0.000573 27
0.000574 28
0.000575 22
0.000576 25
0.000577 19
0.000578 16
0.000579 22
0.00058 15
0.000581 19
0.000582 16
0.000583 18
0.000584 21
0.000585 20
0.000586 14
0.000587 9
0.000588 14
0.000589 17
0.00059 16
0.000591 17
0.000592 15
0.000593 18
0.000594 16
0.000595 17
0.000596 16
0.000597 18
0.000598 19
0.000599 16
0.0006 19
