0 0
1e-06 53
2e-06 98
3e-06 136
4e-06 165
5e-06 170
6e-06 166
7e-06 158
8e-06 169
9e-06 155
1e-05 130
1.1e-05 158
1.2e-05 146
1.3e-05 152
1.4e-05 123
1.5e-05 122
1.6e-05 121
1.7e-05 130
1.8e-05 123
1.9e-05 120
2e-05 108
2.1e-05 123
2.2e-05 118
2.3e-05 113
2.4e-05 113
2.5e-05 99
2.6e-05 104
2.7e-05 103
2.8e-05 93
2.9e-05 97
3e-05 105
3.1e-05 89
3.2e-05 93
3.3e-05 85
3.4e-05 95
3.5e-05 96
3.6e-05 100
3.7e-05 102
3.8e-05 97
3.9e-05 98
4e-05 98
4.1e-05 96
4.2e-05 96
4.3e-05 91
4.4e-05 100
4.5e-05 76
4.6e-05 89
4.7e-05 88
4.8e-05 82
4.9e-05 89
5e-05 82
5.1e-05 86
5.2e-05 80
5.3e-05 76
5.4e-05 80
5.5e-05 65
5.6e-05 79
5.7e-05 75
5.8e-05 77
5.9e-05 80
6e-05 74
6.1e-05 69
6.2e-05 71
6.3e-05 67
6.4e-05 78
6.5e-05 73
6.6e-05 66
6.7e-05 72
6.8e-05 55
6.9e-05 76
7e-05 80
7.1e-05 74
7.2e-05 75
7.3e-05 77
7.4e-05 67
7.5e-05 67
7.6e-05 75
7.7e-05 68
7.8e-05 72
7.9e-05 72
8e-05 69
8.1e-05 76
8.2e-05 78
8.3e-05 75
8.4e-05 72
8.5e-05 63
8.6e-05 63
8.7e-05 63
8.8e-05 72
8.9e-05 54
9e-05 51
9.1e-05 64
9.2e-05 54
9.3e-05 56
9.4e-05 56
9.5e-05 57
9.6e-05 59
9.7e-05 66
9.8e-05 54
9.9e-05 58
0.0001 48
0.000101 42
0.000102 52
0.000103 54
0.000104 62
0.000105 56
0.000106 54
0.000107 52
0.000108 46
0.000109 57
0.00011 60
0.000111 51
0.000112 56
0.000113 57
0.000114 50
0.000115 55
0.000116 61
0.000117 45
0.000118 40
0.000119 51
0.00012 56
0.000121 47
0.000122 53
0.000123 60
0.000124 61
0.000125 52
0.000126 51
0.000127 60
0.000128 52
0.000129 56
0.00013 51
0.000131 55
0.000132 45
0.000133 48
0.000134 47
0.000135 47
0.000136 36
0.000137 50
0.000138 46
0.000139 45
0.00014 60
0.000141 59
0.000142 53
0.000143 56
0.000144 62
0.000145 50
0.000146 57
0.000147 54
0.000148 49
0.000149 60
0.00015 45
0.000151 51
0.000152 54
0.000153 54
0.000154 57
0.000155 46
0.000156 45
0.000157 48
0.000158 44
0.000159 43
0.00016 47
0.000161 39
0.000162 39
0.000163 38
0.000164 41
0.000165 44
0.000166 43
0.000167 46
0.000168 52
0.000169 45
0.00017 34
0.000171 44
0.000172 37
0.000173 49
0.000174 47
0.000175 57
0.000176 54
0.000177 52
0.000178 49
0.000179 59
0.00018 54
0.000181 51
0.000182 47
0.000183 40
0.000184 57
0.000185 47
0.000186 46
0.000187 42
0.000188 44
0.000189 38
0.00019 41
0.000191 40
0.000192 51
0.000193 42
0.000194 42
0.000195 39
0.000196 43
0.000197 40
0.000198 44
0.000199 42
0.0002 39
0.000201 41
0.000202 38
0.000203 35
0.000204 40
0.000205 49
0.000206 42
0.000207 44
0.000208 49
0.000209 52
0.00021 34
0.000211 34
0.000212 29
0.000213 31
0.000214 29
0.000215 26
0.000216 24
0.000217 37
0.000218 39
0.000219 39
0.00022 38
0.000221 40
0.000222 35
0.000223 36
0.000224 52
0.000225 54
0.000226 45
0.000227 51
0.000228 41
0.000229 34
0.00023 32
0.000231 44
0.000232 36
0.000233 24
0.000234 29
0.000235 41
0.000236 35
0.000237 40
0.000238 42
0.000239 31
0.00024 34
0.000241 34
0.000242 42
0.000243 48
0.000244 32
0.000245 33
0.000246 38
0.000247 34
0.000248 35
0.000249 41
0.00025 37
0.000251 30
0.000252 42
0.000253 41
0.000254 34
0.000255 49
0.000256 41
0.000257 46
0.000258 46
0.000259 47
0.00026 46
0.000261 38
0.000262 35
0.000263 37
0.000264 28
0.000265 35
0.000266 35
0.000267 32
0.000268 31
0.000269 37
0.00027 32
0.000271 38
0.000272 36
0.000273 35
0.000274 34
0.000275 27
0.000276 36
0.000277 37
0.000278 28
0.000279 29
0.00028 32
0.000281 33
0.000282 40
0.000283 44
0.000284 38
0.000285 36
0.000286 33
0.000287 40
0.000288 34
0.000289 36
0.00029 27
0.000291 35
0.000292 22
0.000293 34
0.000294 29
0.000295 36
0.000296 43
0.000297 40
0.000298 29
0.000299 32
0.0003 36
0.000301 33
0.000302 37
0.000303 34
0.000304 39
0.000305 38
0.000306 45
0.000307 42
0.000308 41
0.000309 43
0.00031 37
0.000311 40
0.000312 33
0.000313 35
0.000314 44
0.000315 40
0.000316 40
0.000317 45
0.000318 40
0.000319 33
0.00032 22
0.000321 28
0.000322 36
0.000323 34
0.000324 42
0.000325 31
0.000326 32
0.000327 30
0.000328 22
0.000329 22
0.00033 25
0.000331 27
0.000332 38
0.000333 29
0.000334 28
0.000335 30
0.000336 32
0.000337 39
0.000338 29
0.000339 33
0.00034 35
0.000341 39
0.000342 22
0.000343 32
0.000344 34
0.000345 32
0.000346 39
0.000347 30
0.000348 36
0.000349 31
0.00035 33
0.000351 29
0.000352 32
0.000353 33
0.000354 31
0.000355 36
0.000356 35
0.000357 37
0.000358 27
0.000359 36
0.00036 30
0.000361 38
0.000362 37
0.000363 31
0.000364 32
0.000365 36
0.000366 36
0.000367 39
0.000368 36
0.000369 36
0.00037 40
0.000371 38
0.000372 36
0.000373 44
0.000374 35
0.000375 38
0.000376 29
0.000377 40
0.000378 23
0.000379 18
0.00038 25
0.000381 30
0.000382 31
0.000383 31
0.000384 32
0.000385 27
0.000386 32
0.000387 29
0.000388 31
0.000389 24
0.00039 27
0.000391 27
0.000392 24
0.000393 28
0.000394 24
0.000395 29
0.000396 26
0.000397 32
0.000398 32
0.000399 33
0.0004 36
0.000401 35
0.000402 30
0.000403 31
0.000404 42
0.000405 34
0.000406 24
0.000407 34
0.000408 28
0.000409 34
0.00041 29
0.000411 25
0.000412 28
0.000413 27
0.000414 34
0.000415 33
0.000416 26
0.000417 35
0.000418 37
0.000419 33
0.00042 34
0.000421 37
0.000422 32
0.000423 37
0.000424 30
0.000425 35
0.000426 40
0.000427 40
0.000428 41
0.000429 41
0.00043 41
0.000431 36
0.000432 32
0.000433 38
0.000434 29
0.000435 30
0.000436 35
0.000437 29
0.000438 42
0.000439 35
0.00044 31
0.000441 33
0.000442 35
0.000443 26
0.000444 28
0.000445 36
0.000446 39
0.000447 38
0.000448 29
0.000449 33
0.00045 30
0.000451 34
0.000452 30
0.000453 26
0.000454 27
0.000455 30
0.000456 30
0.000457 30
0.000458 30
0.000459 33
0.00046 45
0.000461 37
0.000462 29
0.000463 39
0.000464 39
0.000465 30
0.000466 29
0.000467 29
0.000468 32
0.000469 40
0.00047 32
0.000471 30
0.000472 24
0.000473 22
0.000474 15
0.000475 28
0.000476 29
0.000477 29
0.000478 25
0.000479 21
0.00048 22
0.000481 22
0.000482 27
0.000483 23
0.000484 26
0.000485 26
0.000486 25
0.000487 26
0.000488 26
0.000489 25
0.00049 24
0.000491 21
0.000492 20
0.000493 18
0.000494 25
0.000495 24
0.000496 27
0.000497 22
0.000498 26
0.000499 25
0.0005 21
0.000501 20
0.000502 25
0.000503 31
0.000504 23
0.000505 37
0.000506 29
0.000507 31
0.000508 26
0.000509 32
0.00051 29
0.000511 22
0.000512 31
0.000513 29
0.000514 26
0.000515 29
0.000516 28
0.000517 28
0.000518 31
0.000519 33
0.00052 29
0.000521 25
0.000522 22
0.000523 25
0.000524 24
0.000525 19
0.000526 32
0.000527 25
0.000528 22
0.000529 35
0.00053 33
0.000531 28
0.000532 29
0.000533 26
0.000534 30
0.000535 23
0.000536 23
0.000537 23
0.000538 25
0.000539 23
0.00054 19
0.000541 25
0.000542 21
0.000543 20
0.000544 24
0.000545 21
0.000546 22
0.000547 26
0.000548 22
0.000549 23
0.00055 26
0.000551 25
0.000552 28
0.000553 32
0.000554 22
0.000555 23
0.000556 26
0.000557 25
0.000558 24
0.000559 22
0.00056 17
0.000561 24
0.000562 20
0.000563 19
0.000564 21
0.000565 26
0.000566 25
0.000567 25
0.000568 26
0.000569 20
0.00057 23
0.000571 27
0.000572 25
0.000573 25
0.000574 27
0.000575 24
0.000576 28
0.000577 23
0.000578 22
0.000579 24
0.00058 24
0.000581 25
0.000582 22
0.000583 21
0.000584 30
0.000585 23
0.000586 21
0.000587 22
0.000588 21
0.000589 22
0.00059 25
0.000591 22
0.000592 30
0.000593 32
0.000594 30
0.000595 25
0.000596 32
0.000597 20
0.000598 28
0.000599 29
0.0006 31
