0 0
1e-06 0
2e-06 0
3e-06 0
4e-06 0
5e-06 0
6e-06 0
7e-06 0
8e-06 0
9e-06 0
1e-05 0
1.1e-05 0
1.2e-05 0
1.3e-05 0
1.4e-05 0
1.5e-05 0
1.6e-05 0
1.7e-05 0
1.8e-05 0
1.9e-05 0
2e-05 0
2.1e-05 0
2.2e-05 0
2.3e-05 0
2.4e-05 0
2.5e-05 0
2.6e-05 0
2.7e-05 0
2.8e-05 0
2.9e-05 0
3e-05 0
3.1e-05 0
3.2e-05 0
3.3e-05 0
3.4e-05 0
3.5e-05 0
3.6e-05 0
3.7e-05 0
3.8e-05 0
3.9e-05 0
4e-05 0
4.1e-05 0
4.2e-05 0
4.3e-05 0
4.4e-05 0
4.5e-05 0
4.6e-05 0
4.7e-05 0
4.8e-05 0
4.9e-05 0
5e-05 0
5.1e-05 0
5.2e-05 0
5.3e-05 0
5.4e-05 0
5.5e-05 0
5.6e-05 0
5.7e-05 0
5.8e-05 0
5.9e-05 0
6e-05 0
6.1e-05 0
6.2e-05 0
6.3e-05 0
6.4e-05 0
6.5e-05 0
6.6e-05 0
6.7e-05 0
6.8e-05 0
6.9e-05 0
7e-05 0
7.1e-05 0
7.2e-05 0
7.3e-05 0
7.4e-05 0
7.5e-05 0
7.6e-05 1
7.7e-05 1
7.8e-05 0
7.9e-05 0
8e-05 1
8.1e-05 1
8.2e-05 2
8.3e-05 2
8.4e-05 0
8.5e-05 0
8.6e-05 0
8.7e-05 0
8.8e-05 1
8.9e-05 0
9e-05 0
9.1e-05 1
9.2e-05 1
9.3e-05 2
9.4e-05 1
9.5e-05 2
9.6e-05 2
9.7e-05 2
9.8e-05 1
9.9e-05 2
0.0001 2
0.000101 0
0.000102 1
0.000103 2
0.000104 0
0.000105 1
0.000106 2
0.000107 2
0.000108 2
0.000109 1
0.00011 0
0.000111 3
0.000112 2
0.000113 0
0.000114 2
0.000115 6
0.000116 6
0.000117 3
0.000118 1
0.000119 3
0.00012 2
0.000121 1
0.000122 4
0.000123 3
0.000124 4
0.000125 5
0.000126 3
0.000127 3
0.000128 8
0.000129 6
0.00013 4
0.000131 6
0.000132 4
0.000133 4
0.000134 4
0.000135 4
0.000136 3
0.000137 2
0.000138 3
0.000139 3
0.00014 3
0.000141 2
0.000142 1
0.000143 1
0.000144 4
0.000145 3
0.000146 4
0.000147 4
0.000148 6
0.000149 6
0.00015 4
0.000151 7
0.000152 6
0.000153 4
0.000154 7
0.000155 5
0.000156 5
0.000157 2
0.000158 3
0.000159 1
0.00016 4
0.000161 4
0.000162 3
0.000163 6
0.000164 8
0.000165 5
0.000166 5
0.000167 4
0.000168 3
0.000169 3
0.00017 3
0.000171 5
0.000172 9
0.000173 4
0.000174 3
0.000175 5
0.000176 6
0.000177 6
0.000178 8
0.000179 7
0.00018 7
0.000181 9
0.000182 9
0.000183 6
0.000184 8
0.000185 5
0.000186 4
0.000187 8
0.000188 7
0.000189 7
0.00019 7
0.000191 5
0.000192 10
0.000193 7
0.000194 4
0.000195 7
0.000196 5
0.000197 8
0.000198 9
0.000199 7
0.0002 6
0.000201 9
0.000202 10
0.000203 11
0.000204 9
0.000205 14
0.000206 5
0.000207 7
0.000208 7
0.000209 5
0.00021 10
0.000211 5
0.000212 7
0.000213 7
0.000214 6
0.000215 9
0.000216 4
0.000217 7
0.000218 3
0.000219 7
0.00022 8
0.000221 6
0.000222 8
0.000223 12
0.000224 10
0.000225 10
0.000226 10
0.000227 10
0.000228 12
0.000229 7
0.00023 12
0.000231 13
0.000232 7
0.000233 9
0.000234 6
0.000235 6
0.000236 7
0.000237 6
0.000238 6
0.000239 5
0.00024 6
0.000241 10
0.000242 7
0.000243 10
0.000244 6
0.000245 6
0.000246 7
0.000247 9
0.000248 11
0.000249 8
0.00025 6
0.000251 7
0.000252 9
0.000253 8
0.000254 12
0.000255 11
0.000256 11
0.000257 11
0.000258 9
0.000259 9
0.00026 8
0.000261 12
0.000262 10
0.000263 9
0.000264 8
0.000265 8
0.000266 9
0.000267 8
0.000268 8
0.000269 8
0.00027 4
0.000271 9
0.000272 8
0.000273 10
0.000274 7
0.000275 7
0.000276 7
0.000277 8
0.000278 7
0.000279 7
0.00028 10
0.000281 6
0.000282 9
0.000283 9
0.000284 11
0.000285 9
0.000286 11
0.000287 6
0.000288 12
0.000289 11
0.00029 11
0.000291 9
0.000292 8
0.000293 9
0.000294 9
0.000295 14
0.000296 14
0.000297 11
0.000298 15
0.000299 10
0.0003 15
0.000301 12
0.000302 8
0.000303 11
0.000304 7
0.000305 6
0.000306 9
0.000307 12
0.000308 6
0.000309 11
0.00031 14
0.000311 11
0.000312 8
0.000313 10
0.000314 9
0.000315 7
0.000316 6
0.000317 13
0.000318 14
0.000319 10
0.00032 10
0.000321 4
0.000322 11
0.000323 9
0.000324 11
0.000325 13
0.000326 7
0.000327 8
0.000328 12
0.000329 14
0.00033 7
0.000331 9
0.000332 8
0.000333 11
0.000334 9
0.000335 10
0.000336 7
0.000337 7
0.000338 14
0.000339 10
0.00034 12
0.000341 12
0.000342 14
0.000343 13
0.000344 12
0.000345 8
0.000346 12
0.000347 10
0.000348 10
0.000349 12
0.00035 14
0.000351 12
0.000352 13
0.000353 20
0.000354 14
0.000355 12
0.000356 17
0.000357 17
0.000358 14
0.000359 12
0.00036 11
0.000361 10
0.000362 17
0.000363 14
0.000364 14
0.000365 10
0.000366 9
0.000367 9
0.000368 8
0.000369 6
0.00037 7
0.000371 9
0.000372 7
0.000373 9
0.000374 10
0.000375 10
0.000376 10
0.000377 8
0.000378 14
0.000379 11
0.00038 11
0.000381 12
0.000382 13
0.000383 9
0.000384 16
0.000385 11
0.000386 9
0.000387 9
0.000388 7
0.000389 3
0.00039 11
0.000391 7
0.000392 10
0.000393 11
0.000394 6
0.000395 6
0.000396 8
0.000397 10
0.000398 8
0.000399 13
0.0004 14
0.000401 11
0.000402 8
0.000403 10
0.000404 7
0.000405 8
0.000406 10
0.000407 12
0.000408 14
0.000409 13
0.00041 16
0.000411 12
0.000412 13
0.000413 16
0.000414 13
0.000415 15
0.000416 13
0.000417 13
0.000418 16
0.000419 20
0.00042 14
0.000421 13
0.000422 16
0.000423 19
0.000424 17
0.000425 11
0.000426 13
0.000427 13
0.000428 18
0.000429 15
0.00043 15
0.000431 12
0.000432 20
0.000433 14
0.000434 15
0.000435 12
0.000436 15
0.000437 14
0.000438 9
0.000439 9
0.00044 8
0.000441 10
0.000442 12
0.000443 12
0.000444 13
0.000445 14
0.000446 7
0.000447 8
0.000448 11
0.000449 10
0.00045 9
0.000451 19
0.000452 19
0.000453 18
0.000454 16
0.000455 10
0.000456 10
0.000457 10
0.000458 11
0.000459 11
0.00046 11
0.000461 14
0.000462 14
0.000463 12
0.000464 11
0.000465 11
0.000466 15
0.000467 13
0.000468 19
0.000469 20
0.00047 15
0.000471 16
0.000472 15
0.000473 18
0.000474 13
0.000475 11
0.000476 15
0.000477 18
0.000478 10
0.000479 11
0.00048 14
0.000481 8
0.000482 12
0.000483 18
0.000484 20
0.000485 11
0.000486 15
0.000487 17
0.000488 13
0.000489 14
0.00049 16
0.000491 16
0.000492 14
0.000493 12
0.000494 14
0.000495 15
0.000496 15
0.000497 12
0.000498 15
0.000499 12
0.0005 14
0.000501 16
0.000502 8
0.000503 12
0.000504 11
0.000505 13
0.000506 23
0.000507 21
0.000508 15
0.000509 16
0.00051 20
0.000511 21
0.000512 14
0.000513 15
0.000514 15
0.000515 14
0.000516 8
0.000517 13
0.000518 13
0.000519 11
0.00052 9
0.000521 15
0.000522 9
0.000523 9
0.000524 15
0.000525 16
0.000526 17
0.000527 18
0.000528 15
0.000529 12
0.00053 13
0.000531 12
0.000532 16
0.000533 15
0.000534 18
0.000535 10
0.000536 11
0.000537 15
0.000538 14
0.000539 15
0.00054 13
0.000541 12
0.000542 21
0.000543 14
0.000544 10
0.000545 13
0.000546 12
0.000547 13
0.000548 10
0.000549 10
0.00055 14
0.000551 19
0.000552 15
0.000553 14
0.000554 11
0.000555 9
0.000556 12
0.000557 9
0.000558 10
0.000559 8
0.00056 10
0.000561 11
0.000562 9
0.000563 7
0.000564 10
0.000565 3
0.000566 7
0.000567 11
0.000568 11
0.000569 12
0.00057 17
0.000571 11
0.000572 10
0.000573 16
0.000574 16
0.000575 13
0.000576 16
0.000577 19
0.000578 16
0.000579 14
0.00058 18
0.000581 20
0.000582 15
0.000583 20
0.000584 18
0.000585 14
0.000586 16
0.000587 9
0.000588 17
0.000589 12
0.00059 13
0.000591 13
0.000592 13
0.000593 13
0.000594 17
0.000595 9
0.000596 11
0.000597 9
0.000598 14
0.000599 10
0.0006 10
