vm 0 0.0082341026 -0.00801462498 0.00629220809 0 0 0
vm 1 0.00850022516 -0.00861291822 -0.00553219618 0 0 0
vm 2 -0.000465145005 -0.00264711828 -0.00415673621 0 0 0
vm 3 -0.00587042299 -0.00118747031 0.00793935422 0 0 0
vm 4 -0.00376003258 -0.00789652754 -0.00475711476 0 0 0
vm 5 0.00701573847 0.004440303 0.00940903066 0 0 0
vm 6 -0.00130814029 0.00932162369 0.00370262811 0 0 0
vm 7 0.00680623834 -0.00411743794 -0.000605756982 0 0 0
vm 8 0.00961623716 -0.000182544147 0.00877805315 0 0 0
vm 9 0.00705589705 -0.00189050984 0.000950503226 0 0 0
vm 10 0.00147231267 0.00464799421 -0.00816929128 0 0 0
vm 11 0.00579678127 -0.00503535327 -0.00889698581 0 0 0
vm 12 -0.00931010068 -0.00656484042 7.26298159e-05 0 0 0
vm 13 0.00957766465 -0.00301611133 -0.00485171128 0 0 0
vm 14 -0.00254264246 0.00844344474 -0.0061737307 0 0 0
vm 15 0.00448741232 0.00881845098 -0.0067175152 0 0 0
vm 16 0.00423616501 -0.00476277329 0.0056935563 0 0 0
vm 17 0.0073231293 0.00395593475 -0.00354130164 0 0 0
vm 18 -0.0046278752 0.000433691769 -0.00361709331 0 0 0
vm 19 -0.00346050957 0.00258126539 -0.00941141569 0 0 0
vm 20 -0.00901975655 0.0026841859 0.00474109927 0 0 0
vm 21 -0.00406817031 0.00555440729 -0.00644349959 0 0 0
vm 22 0.00747258924 -0.00743191722 -0.00557165924 0 0 0
vm 23 0.00715592477 -0.00331352844 0.00378245385 0 0 0
vm 24 0.00849811133 -0.00300218048 -0.00139827835 0 0 0
vm 25 -0.00144017308 0.00618774122 0.00870299868 0 0 0
vm 26 0.00454192284 -0.00718603309 -0.00090490942 0 0 0
vm 27 0.000277974866 0.00170149585 -0.0027602542 0 0 0
vm 28 -0.00460472807 -0.00935499667 0.00794949301 0 0 0
vm 29 -0.00706058263 -0.00254874767 -0.0067275176 0 0 0
vm 30 0.00132667063 -0.000902411292 -0.00761468671 0 0 0
vm 31 0.00215644844 0.00789525607 0.00419678422 0 0 0
vm 32 0.00405943848 -0.00632149199 0.00903540064 0 0 0
vm 33 -0.00990973669 -0.00153750649 0.00623212946 0 0 0
vm 34 -0.00585302783 -0.00623876644 -0.0072371503 0 0 0
vm 35 0.00261496147 0.00504897258 -0.00235709602 0 0 0
vm 36 0.00956706388 -0.00781212379 0.00414489596 0 0 0
vm 37 -0.00263726566 -0.00126720075 -0.00145064063 0 0 0
vm 38 0.00812511299 0.00982234172 -0.00449534705 0 0 0
vm 39 0.00117964499 -0.00086722245 -0.00198197078 0 0 0
vm 40 -0.00665867356 0.000724287788 -0.00199237413 0 0 0
vm 41 -0.00710527384 -0.0044702485 -0.0025133757 0 0 0
vm 42 -0.00898248027 0.00148485155 -0.0013008828 0 0 0
vm 43 0.00480791057 0.00239989735 -0.00832203248 0 0 0
vm 44 -0.00438030047 0.00693035487 0.0056745666 0 0 0
vm 45 -0.00291001053 0.00430802571 0.00141124487 0 0 0
vm 46 0.00770158073 -0.00789320308 0.00846756529 0 0 0
vm 47 -0.00644270036 0.00956657966 0.00226876262 0 0 0
vm 48 0.00764426844 0.00769056991 0.00566047453 0 0 0
vm 49 -0.00772476573 0.00996985425 -0.00685105952 0 0 0
vm 50 -0.00882266753 -0.00640842194 -0.00633971589 0 0 0
vm 51 0.00344507451 0.00672423073 0.00143311969 0 0 0
vm 52 -0.00635891133 0.00230740504 0.00625933876 0 0 0
vm 53 0.0016046506 -0.00661691904 0.00761355208 0 0 0
vm 54 -0.00772300521 0.00146374938 -0.00933267159 0 0 0
vm 55 0.00360780451 -0.00129296025 -0.00353409714 0 0 0
vm 56 -0.00254917261 0.00199598058 0.00489874643 0 0 0
vm 57 0.00287651259 -0.00912157121 -0.00389453232 0 0 0
vm 58 -0.0047705863 0.0077946514 0.00217871099 0 0 0
vm 59 -0.00573600059 0.00740647676 0.0031535946 0 0 0
vm 60 -0.00621570474 0.00882958891 0.00471214591 0 0 0
vm 61 -0.00949847112 -0.000634402704 0.009451089 0 0 0
vm 62 -0.00731373142 0.00881870854 0.0043285968 0 0 0
vm 63 0.00922196431 -0.00521676813 -0.00799940891 0 0 0
vm 64 0.00901307144 -0.00844514328 -0.00933388498 0 0 0
vm 65 0.00602720025 0.00716119469 0.00264755898 0 0 0
vm 66 0.00931206177 0.00147051197 0.00777565698 0 0 0
vm 67 0.00503574189 -0.00621522039 0.00576426688 0 0 0
vm 68 -0.00708158554 -0.00475196874 0.00443340075 0 0 0
vm 69 0.000185808404 0.0059166229 0.00031131085 0 0 0
vm 70 0.00861889209 0.00415499551 -0.00310990618 0 0 0
vm 71 -0.00197498335 0.00323035592 -0.00221250772 0 0 0
vm 72 0.00680406285 -0.00573304823 -0.00305600478 0 0 0
vm 73 -0.00732176644 -0.00840858982 -0.00208326516 0 0 0
vm 74 -0.00485301393 -0.00576881145 0.00521832737 0 0 0
vm 75 -0.00326633285 -0.00912634376 0.00911921734 0 0 0
vm 76 0.00303503584 -0.00222974992 -0.00499451483 0 0 0
vm 77 0.00615655604 -0.00201197213 -0.000104025257 0 0 0
vm 78 0.00526620041 0.00505737012 -8.4644364e-05 0 0 0
vm 79 0.00434183932 0.00333713429 0.00201665545 0 0 0
vm 80 0.00581974478 -0.00318099725 0.00579207379 0 0 0
vm 81 0.00906715368 -0.00821457111 0.00174362639 0 0 0
vm 82 0.000497502657 0.0055988045 -0.00486486159 0 0 0
vm 83 -0.00609403991 0.00881603965 0.00764585846 0 0 0
vm 84 0.000231119897 -0.000850577289 0.00232246634 0 0 0
vm 85 -0.0070310893 0.00793621115 0.00734288851 0 0 0
vm 86 -0.0058885282 0.00958329126 0.00857624916 0 0 0
vm 87 -0.00703792822 0.00290340786 -0.0057356151 0 0 0
vm 88 0.00776869901 -0.00894576457 -0.00724375463 0 0 0
vm 89 -0.00987490578 -0.000733182801 0.00146297482 0 0 0
vm 90 -0.000528024614 0.00281577046 0.00267212518 0 0 0
vm 91 -0.00706302498 -0.00555090648 -0.00677961082 0 0 0
vm 92 0.007123268 0.00207151567 -0.00906795747 0 0 0
vm 93 -0.00430623807 -0.00518270156 -0.000556157954 0 0 0
vm 94 -0.00766644049 0.00484862152 -0.00666146076 0 0 0
vm 95 0.0050583273 -0.00427384228 -0.00762186938 0 0 0
vm 96 -0.00081405902 0.00463007625 -9.11863525e-05 0 0 0
vm 97 0.000626174084 -0.000141447159 -0.00728998673 0 0 0
vm 98 -0.00493430148 0.00672940043 0.000389288997 0 0 0
vm 99 0.00113171723 0.00813989941 0.00145349197 0 0 0
