vm 0 0.00838022233 0.00253998714 0.00128369317 0 0 0
vm 1 -0.00130772001 0.000576349708 -0.00838974266 0 0 0
vm 2 -0.00550163394 0.00450295206 0.00041583029 0 0 0
vm 3 0.00762859621 -0.00562561932 -0.00871472823 0 0 0
vm 4 -0.00585221379 -0.00424571356 0.00908726355 0 0 0
vm 5 0.003788151 0.00856043404 -0.00283132416 0 0 0
vm 6 0.00109115712 -0.00480019059 0.00745116828 0 0 0
vm 7 -0.00594542063 -0.00646122339 -0.00072010607 0 0 0
vm 8 0.00121701242 -0.0095587001 -0.00885092717 0 0 0
vm 9 0.00202774352 0.00370421691 0.00271951632 0 0 0
vm 10 0.00951156458 -0.00633230003 0.00627527153 0 0 0
vm 11 -0.00724741127 -0.000789102516 -0.00419224603 0 0 0
vm 12 0.00689459526 -0.000448221616 0.0027939808 0 0 0
vm 13 0.00101200068 -0.00123685465 -0.0069127476 0 0 0
vm 14 0.0082026161 0.00371534194 -0.00791551335 0 0 0
vm 15 -0.00302892623 0.000303220965 -0.00605738829 0 0 0
vm 16 0.00222674425 0.00333891903 0.00110610488 0 0 0
vm 17 0.00380999286 -0.00378600088 -0.00930336712 0 0 0
vm 18 0.00878304471 -0.00370365978 0.00587283378 0 0 0
vm 19 0.00764979242 -0.000150010748 0.00169223019 0 0 0
vm 20 0.00633082887 -0.00330147424 0.00322180212 0 0 0
vm 21 0.00739600914 -0.000388459617 0.00359810344 0 0 0
vm 22 0.00216474916 0.00382742079 -0.00943855857 0 0 0
vm 23 0.00267478965 -0.000387370153 -3.85385927e-05 0 0 0
vm 24 0.00171741323 -0.00275462558 0.00354432899 0 0 0
vm 25 0.00390737344 0.00288381024 -0.00701612428 0 0 0
vm 26 0.00347470794 -0.00356912799 0.00855727463 0 0 0
vm 27 -0.00311457143 0.0089495733 -0.00422943159 0 0 0
vm 28 0.00628101513 0.00360691996 -0.00483405137 0 0 0
vm 29 -0.00993259846 -0.00157733335 0.00735615153 0 0 0
vm 30 0.0014014925 -0.00387023926 0.00412067261 0 0 0
vm 31 9.14006922e-05 -0.00348980638 0.00275458749 0 0 0
vm 32 -0.0076505708 0.00322148392 -0.00360479631 0 0 0
vm 33 0.00235355158 -0.00807953373 -0.00674756903 0 0 0
vm 34 0.00867573067 0.00330217431 0.00416360967 0 0 0
vm 35 -0.00116722582 -0.00306479003 -0.00374955989 0 0 0
vm 36 -0.00467291019 0.00671656794 -0.00475466502 0 0 0
vm 37 -0.00187981635 -0.00603517374 0.00882794397 0 0 0
vm 38 -0.00818406755 0.00915888597 -0.00718997004 0 0 0
vm 39 0.00857845141 0.00418733047 0.00350988334 0 0 0
vm 40 -0.0068252558 -0.00316738935 0.00843040686 0 0 0
vm 41 0.00313882107 -0.00255426353 -0.00908827295 0 0 0
vm 42 -0.00400179752 -0.00612359571 -0.00753983233 0 0 0
vm 43 -0.00943404221 -0.00338335417 -0.00775985353 0 0 0
vm 44 -0.00176269901 -0.000625180931 0.00717065641 0 0 0
vm 45 -0.00796174463 0.00434563427 0.00491624372 0 0 0
vm 46 0.00758323732 0.00397216108 -0.00550177074 0 0 0
vm 47 -0.00604571867 0.00360914408 0.00616298483 0 0 0
vm 48 0.00150374143 -0.00496818896 0.001493651 0 0 0
vm 49 0.00499174045 0.00745822709 -0.00595092754 0 0 0
vm 50 0.00553668441 0.00513805831 0.000697637266 0 0 0
vm 51 0.00283587362 0.00194744285 0.00609097489 0 0 0
vm 52 -0.00119675164 -0.00149000986 0.00993293341 0 0 0
vm 53 -0.008849394 -0.00164059046 0.00189254748 0 0 0
vm 54 0.00735738338 -0.00737856074 -0.00105642337 0 0 0
vm 55 0.000262484185 0.000382191553 -0.00446310904 0 0 0
vm 56 -0.00275667029 -0.00919613141 0.00560505932 0 0 0
vm 57 0.00630657503 0.00948629538 0.00599459552 0 0 0
vm 58 -0.00560853172 0.00227072485 -0.00549368759 0 0 0
vm 59 0.00643802709 -0.00445841722 0.00663114583 0 0 0
vm 60 0.00407744419 -0.00290791673 -0.00384595814 0 0 0
vm 61 -0.00773488595 0.00936263121 0.00856862582 0 0 0
vm 62 -0.0024945984 -0.000678985185 -0.00195103513 0 0 0
vm 63 0.00816353767 -0.00443095485 0.0014365991 0 0 0
vm 64 -0.000191250338 -0.00195036007 -0.00955070856 0 0 0
vm 65 0.00749867983 -0.00497159274 0.00267580541 0 0 0
vm 66 -0.000360934462 -0.00572024929 -0.00657415901 0 0 0
vm 67 -0.00107074208 0.00657812707 -0.00651050554 0 0 0
vm 68 0.00322910428 0.00662531491 0.00951558443 0 0 0
vm 69 0.00483627005 -0.00245373231 0.00526791138 0 0 0
vm 70 -0.00309196268 -0.000709014156 0.00877167492 0 0 0
vm 71 0.00934222658 -0.00708939515 -0.000895980256 0 0 0
vm 72 -0.00503174647 -0.00272318948 0.00482788688 0 0 0
vm 73 0.00870076782 0.00284609185 -0.00256558733 0 0 0
vm 74 -0.00869684397 0.00185234876 -0.00662703257 0 0 0
vm 75 0.00707683626 -0.00668933723 -0.00276612653 0 0 0
vm 76 0.00977535539 -0.00213754813 0.00776928717 0 0 0
vm 77 -0.00565260697 0.00250225688 0.00151877116 0 0 0
vm 78 0.00128810351 0.00938800737 -0.000314458103 0 0 0
vm 79 -0.00581859501 0.00584495789 0.000410853068 0 0 0
vm 80 0.00401438473 0.00969598008 0.00347958526 0 0 0
vm 81 0.00703452516 -0.00179885955 -0.00197328684 0 0 0
vm 82 0.00254218113 0.00147362559 0.00375508351 0 0 0
vm 83 -0.00332111234 0.00548191595 0.00547423247 0 0 0
vm 84 -0.00464484701 -0.000170540724 0.00581610639 0 0 0
vm 85 -0.00464497918 0.00380719157 -0.0032106415 0 0 0
vm 86 0.0054099125 -0.00566536329 0.00452121051 0 0 0
vm 87 -0.00739697555 -0.00673760668 0.00551323384 0 0 0
vm 88 0.00255054086 -0.00246222048 0.0018943411 0 0 0
vm 89 0.000706347412 0.00594509011 0.00888384681 0 0 0
vm 90 -0.00320531341 0.00132399547 -0.00215896703 0 0 0
vm 91 -0.00656393056 0.005063559 -0.00397119658 0 0 0
vm 92 0.00426782004 0.00104352497 0.00069173855 0 0 0
vm 93 0.00983047646 0.00792792703 0.00810109569 0 0 0
vm 94 -0.00772409138 -0.00350668259 -0.00718450973 0 0 0
vm 95 0.00721132481 0.00489466079 0.00576895912 0 0 0
vm 96 -0.00205643037 0.00820075016 0.00737884032 0 0 0
vm 97 0.00461782306 0.00541825536 0.00910727865 0 0 0
vm 98 0.00648285834 -0.00834478503 0.00293319758 0 0 0
vm 99 -0.00520859381 0.00477749885 -0.00913313541 0 0 0
