vm 0 0.00317585557 -0.000949280731 -0.00156424471 0 0 0
vm 1 0.00949773557 0.00234891976 0.00925309835 0 0 0
vm 2 -0.0018765972 0.000139253161 -0.00923033987 0 0 0
vm 3 0.0120685287 0.00871119734 -0.00616438201 0 0 0
vm 4 -0.00207902899 0.00107074387 0.00276479324 0 0 0
vm 5 0.00232384216 -0.00488756054 0.0037386442 0 0 0
vm 6 -0.00546275907 0.00852802081 0.00493654151 0 0 0
vm 7 -0.00541024802 0.00951807796 0.00193184317 0 0 0
vm 8 0.0146151641 0.00977496526 0.0113669693 0 0 0
vm 9 0.00807505556 0.00631397581 0.00723681546 0 0 0
vm 10 0.00548444995 0.01136673 0.0035421315 0 0 0
vm 11 0.0124139701 -0.00045367487 0.00972082793 0 0 0
vm 12 -0.00106782962 -0.000407560186 -0.00345622153 0 0 0
vm 13 0.0034782542 0.0067914874 0.00256230901 0 0 0
vm 14 0.0039114254 0.00138310031 -0.00140264553 0 0 0
vm 15 0.00116914366 0.00688310076 -0.00442742307 0 0 0
vm 16 0.00792455937 0.0112010159 -0.00968890129 0 0 0
vm 17 0.0107089037 0.0103430758 -0.00221915872 0 0 0
vm 18 0.0135353592 0.00829612085 0.00278875332 0 0 0
vm 19 0.0169532203 0.0147671575 -0.00763808032 0 0 0
vm 20 0.0150668919 0.0140469203 0.00371422464 0 0 0
vm 21 -0.00871170398 0.00746421232 0.00225691649 0 0 0
vm 22 0.0150701591 0.0137540846 -0.00254123839 0 0 0
vm 23 0.0101639426 0.0018471955 -0.0133201161 0 0 0
vm 24 0.00282844696 -0.00857252879 0.00299346292 0 0 0
vm 25 0.00283657549 -0.00768381804 0.00125964666 0 0 0
vm 26 0.00107555636 0.00420161943 -0.00399947596 0 0 0
vm 27 0.0119842996 0.0130931223 -0.0138818664 0 0 0
vm 28 0.0168344434 0.0184676359 0.000698793153 0 0 0
vm 29 -0.00454412122 0.00380102859 -0.00221791444 0 0 0
vm 30 0.00885180656 0.0138669779 -0.0021819956 0 0 0
vm 31 0.0113666615 0.00254732934 -1.15778322e-05 0 0 0
vm 32 0.000123309014 0.00894216401 0.000737503843 0 0 0
vm 33 0.00182854297 0.00225004341 -0.013366762 0 0 0
vm 34 0.0087404909 0.00270622097 -0.0102560275 0 0 0
vm 35 0.00837582581 -0.00301897292 -0.0115116059 0 0 0
vm 36 0.00657109211 0.00533585049 -0.00697807864 0 0 0
vm 37 0.00419740261 0.0139027154 -0.00739946761 0 0 0
vm 38 0.00496156303 0.00651421867 -0.00470989416 0 0 0
vm 39 0.00864921514 0.0020133389 0.0107499259 0 0 0
vm 40 0.00839525204 -0.00633639723 -0.0052547781 0 0 0
vm 41 0.00614317109 0.0130763351 -0.00263676755 0 0 0
vm 42 0.00387554371 -0.00130023625 0.00866285395 0 0 0
vm 43 0.00767807308 0.00569120551 0.000711820415 0 0 0
vm 44 -0.0034810608 0.00569328324 -0.0121603745 0 0 0
vm 45 0.00789289616 0.0119844606 -0.0146418123 0 0 0
vm 46 0.00260595309 0.0129369168 -0.000138180448 0 0 0
vm 47 -0.00343992302 -0.00401045116 0.00646580958 0 0 0
vm 48 0.00103354652 0.013278663 -0.00876212848 0 0 0
vm 49 0.0111104201 0.0159547646 -0.0139441281 0 0 0
vm 50 0.00622635258 -0.00842424161 -0.00803382174 0 0 0
vm 51 0.00719927481 0.00449549765 0.00695175676 0 0 0
vm 52 0.0133916633 0.00210420308 -0.00168524687 0 0 0
vm 53 0.00805836401 0.0134952211 -0.0082174696 0 0 0
vm 54 0.0167203975 0.0174834456 0.00707353315 0 0 0
vm 55 0.0139741661 0.0117912104 -0.015249112 0 0 0
vm 56 0.0100220972 0.000736726441 0.00921461957 0 0 0
vm 57 -0.00844157603 -0.00298118093 -0.00609580984 0 0 0
vm 58 -0.00299987826 -0.00536554456 0.00365180975 0 0 0
vm 59 0.00349136987 -0.0047219309 0.00244412038 0 0 0
vm 60 -0.00925454926 -0.00261878186 0.00510016355 0 0 0
vm 61 -0.000676983003 -0.000289410101 0.000855411663 0 0 0
vm 62 0.00023119711 -0.00636469875 -0.000266927687 0 0 0
vm 63 0.000567521705 0.00710098806 0.00370123821 0 0 0
vm 64 0.0024972351 0.00966409683 0.00283111596 0 0 0
vm 65 -0.00080263745 -0.00767926353 -0.00267526889 0 0 0
vm 66 0.0107792854 -0.00687272085 0.00592592237 0 0 0
vm 67 0.00873060042 -0.00231814132 -0.00429583374 0 0 0
vm 68 -0.00238671439 0.00769117183 -0.00937040428 0 0 0
vm 69 -0.00242004646 0.00699770055 0.00760304384 0 0 0
vm 70 -0.00748134369 0.00857745804 0.000439772997 0 0 0
vm 71 -0.00762263765 0.00922426813 0.000639836175 0 0 0
vm 72 -0.00966493036 -0.00929453522 0.00155590312 0 0 0
vm 73 0.0040934466 0.00226008237 0.0110606105 0 0 0
vm 74 0.000281974704 0.0132622898 -0.00747529034 0 0 0
vm 75 0.0156827003 0.0110756119 -0.00760776504 0 0 0
vm 76 -0.00872662379 0.000535105525 -0.00495069489 0 0 0
vm 77 0.00722526111 -0.0049903594 0.00683996798 0 0 0
vm 78 -0.00118408428 -0.00228265909 -0.00100461653 0 0 0
vm 79 -0.00019317998 0.00382832207 -0.00353874401 0 0 0
vm 80 0.00809146184 -0.00320171756 -0.00988683598 0 0 0
vm 81 0.0129956529 0.0116229958 -0.00396765002 0 0 0
vm 82 0.0170830079 0.0181225615 0.00844145029 0 0 0
vm 83 0.0146586973 0.00626032425 -0.00379695756 0 0 0
vm 84 -0.0053510969 -0.00175451195 -0.00610555187 0 0 0
vm 85 -0.0070181537 -0.00818771471 -0.00959007751 0 0 0
vm 86 -0.00627785191 0.00648333787 0.00469037735 0 0 0
vm 87 -0.00348056579 -0.00489065826 -0.00953164163 0 0 0
vm 88 -0.00680065002 -0.00592427522 -0.00530593074 0 0 0
vm 89 -0.000465306714 0.00515142078 -0.00721181262 0 0 0
vm 90 0.0135788882 0.00837711982 0.00444948297 0 0 0
vm 91 0.004439405 -0.00828690765 -0.00442749807 0 0 0
vm 92 -0.00611127013 0.00443538104 -0.0088365701 0 0 0
vm 93 -0.00211651993 0.000489343254 -0.0111300806 0 0 0
vm 94 0.0168420539 0.0148031542 0.00503469164 0 0 0
vm 95 -0.00710316579 0.0073800969 0.00534378308 0 0 0
vm 96 0.00511686566 0.00848802501 0.0116586051 0 0 0
vm 97 0.0105097251 0.0166359183 0.0154733676 0 0 0
vm 98 -0.0026389707 -0.00322115215 -0.00409935296 0 0 0
vm 99 0.0071785778 0.00193465192 0.00257880094 0 0 0
