vm 0 0.00607693961 0.00879379342 0.00173931272 0 0 0
vm 1 0.00667467116 -0.00682770245 -0.00461125086 0 0 0
vm 2 -0.00789144211 0.00454810078 -0.0095062563 0 0 0
vm 3 0.00224869374 0.00806635271 -0.0120051621 0 0 0
vm 4 -0.00897614543 0.00460599033 -0.004152883 0 0 0
vm 5 6.57858569e-06 0.00979146541 0.000202999602 0 0 0
vm 6 0.00655545101 0.0020539416 -0.00184165583 0 0 0
vm 7 -0.00258893613 0.00769843612 0.000452467733 0 0 0
vm 8 0.0104111929 0.0154237726 -0.0157484013 0 0 0
vm 9 0.00877742424 0.00278424817 0.0126849553 0 0 0
vm 10 0.00801212932 0.0119986817 -0.000785127587 0 0 0
vm 11 0.0169824522 0.0159124767 0.0112533682 0 0 0
vm 12 0.0119460561 0.00725102655 0.000410341367 0 0 0
vm 13 0.00855357917 0.000680462963 0.0103016852 0 0 0
vm 14 -0.00955028094 -0.00415554221 -0.00962295509 0 0 0
vm 15 0.00491189916 0.0103832764 -0.0114539355 0 0 0
vm 16 -0.00633894794 0.00139848623 -0.00723049602 0 0 0
vm 17 -0.00988871033 -0.00895769918 -0.00722499809 0 0 0
vm 18 0.0179157447 0.0152812255 0.00142248874 0 0 0
vm 19 0.0100283237 0.00263650162 0.0114409974 0 0 0
vm 20 -0.00309375098 0.00795736934 0.00768736226 0 0 0
vm 21 0.00916269869 0.0072531573 -0.0112209124 0 0 0
vm 22 -0.0041336464 0.00771645367 -0.0055629411 0 0 0
vm 23 0.00897047278 0.00465725275 0.00179332931 0 0 0
vm 24 0.00856062402 -0.00582569118 -0.00447482789 0 0 0
vm 25 0.0142218948 0.00872892448 -0.000418361456 0 0 0
vm 26 0.00719447399 0.000813464148 0.00935100126 0 0 0
vm 27 0.00943635306 0.0148784435 0.00858983186 0 0 0
vm 28 0.00203272228 -0.00596799584 -0.00145656305 0 0 0
vm 29 0.00373406644 -0.00605602828 0.00157880698 0 0 0
vm 30 0.0143581269 0.0067160151 0.00324841148 0 0 0
vm 31 0.0080024361 0.00916105101 0.012295801 0 0 0
vm 32 0.00482269091 0.00641635562 0.0107808319 0 0 0
vm 33 0.0102072944 -0.0062245969 -0.00311556003 0 0 0
vm 34 -0.000660851083 -0.00372547051 -0.011996073 0 0 0
vm 35 0.00320884273 -0.00849783833 0.00620773814 0 0 0
vm 36 0.00833052505 -0.00846570992 -0.00974593308 0 0 0
vm 37 0.00652153199 0.0137305675 0.0132216872 0 0 0
vm 38 -0.00290676697 0.00507605764 -0.0103989337 0 0 0
vm 39 -0.00891801366 -0.00506655862 -0.00317145983 0 0 0
vm 40 0.0141761684 0.00975700148 -0.0119299637 0 0 0
vm 41 0.014241884 0.0165688817 -0.00276631767 0 0 0
vm 42 0.0133885664 0.000945708625 -0.00439014226 0 0 0
vm 43 -0.00691669405 0.00909626567 0.00880687047 0 0 0
vm 44 -0.00975921855 -0.00397234496 -0.00513236718 0 0 0
vm 45 0.0131018138 0.00664542245 -0.00156395697 0 0 0
vm 46 0.0113185777 0.0113801483 0.0131644368 0 0 0
vm 47 -0.00592077745 0.00082544686 -0.0112279823 0 0 0
vm 48 0.0085875759 0.0161452884 -0.0144140464 0 0 0
vm 49 0.0107833321 -0.000860125175 0.0104432416 0 0 0
vm 50 0.00940522222 0.0018581142 0.00219315604 0 0 0
vm 51 -0.00467147088 -0.00853617095 -0.00898573836 0 0 0
vm 52 -0.00643303906 -0.00249257357 -0.00888120879 0 0 0
vm 53 0.00683495502 -0.00237528776 0.00917312667 0 0 0
vm 54 -0.00499483458 -0.00869058038 0.00115021859 0 0 0
vm 55 -0.00837032419 0.00813263171 -0.00929044365 0 0 0
vm 56 0.00701446357 0.00105459039 -0.0024957714 0 0 0
vm 57 0.000709367468 0.0031388719 -0.00174845075 0 0 0
vm 58 -0.00659068473 -0.0053802246 -0.00380816097 0 0 0
vm 59 0.0162055444 0.00897120623 -0.0115547487 0 0 0
vm 60 -0.00855031519 0.0077652262 -0.00592909171 0 0 0
vm 61 0.009739372 0.0128808782 -0.00587220781 0 0 0
vm 62 0.00181889379 -0.00814149643 -0.00721257374 0 0 0
vm 63 0.00913466221 0.00219378526 0.0114646538 0 0 0
vm 64 0.00602344416 0.0139249052 -0.011115653 0 0 0
vm 65 0.00162208048 0.00479735833 0.00423330969 0 0 0
vm 66 0.0162786701 0.010170266 0.00768011344 0 0 0
vm 67 0.00351138052 0.0124346407 -0.0128275359 0 0 0
vm 68 0.0102153472 0.0150587116 -0.00745955141 0 0 0
vm 69 -0.00909384413 -0.00315407189 -1.81983648e-05 0 0 0
vm 70 0.0137213492 0.0113189604 -0.0138673027 0 0 0
vm 71 0.00150190552 0.00771569656 -0.00558257384 0 0 0
vm 72 0.0144514463 0.00533051438 0.0127216838 0 0 0
vm 73 0.0154393721 0.0136640191 -0.00262422089 0 0 0
vm 74 0.0182462594 0.0164165772 0.0168646168 0 0 0
vm 75 0.00908061134 0.0161534139 0.0137224156 0 0 0
vm 76 0.00450336894 -0.00118279182 -0.00334270147 0 0 0
vm 77 -0.00750224579 0.0066822879 -0.00646209215 0 0 0
vm 78 0.00456314522 0.00389350013 -0.00385373706 0 0 0
vm 79 0.00558615375 -0.000607922415 0.00349002114 0 0 0
vm 80 0.00896481971 0.000977348851 0.00501326849 0 0 0
vm 81 -0.00459789105 0.00719844682 -0.0094430012 0 0 0
vm 82 -0.00486170865 -0.0013467696 0.000973920806 0 0 0
vm 83 -0.00365828569 0.00691314084 0.00894463671 0 0 0
vm 84 -0.00273505463 0.00460443985 -0.00856494019 0 0 0
vm 85 0.00471211766 -0.00541785091 -0.00252474027 0 0 0
vm 86 -0.00216885724 0.00602309853 -0.00997969612 0 0 0
vm 87 0.0138256316 0.0154204089 0.0106637687 0 0 0
vm 88 0.0145298405 0.0131831879 -0.00725393008 0 0 0
vm 89 -0.00779801154 0.0106994226 0.00259770374 0 0 0
vm 90 0.00968311644 0.00145466563 -0.00243975668 0 0 0
vm 91 0.0108032609 -0.00660514766 0.00404241327 0 0 0
vm 92 0.00751012348 0.00108834855 0.00909226045 0 0 0
vm 93 -0.00652972005 0.0058537776 -0.00548177934 0 0 0
vm 94 0.0086493269 0.0118414557 0.0122349653 0 0 0
vm 95 -0.00329686193 -0.00107796991 0.000349053873 0 0 0
vm 96 -0.00089005102 0.00301254692 0.00421323931 0 0 0
vm 97 0.00138047963 0.00609083573 0.00349490183 0 0 0
vm 98 -0.00215993642 -0.00970774458 0.00761851815 0 0 0
vm 99 0.0117811852 0.00791019742 -0.0109857781 0 0 0
