vm 0 -0.0092484216 0.000937624387 -0.00223953144 0 0 0
vm 1 0.0010289847 -0.00602513273 -0.00433069134 0 0 0
vm 2 -0.000140542533 0.00788898638 0.00447258532 0 0 0
vm 3 0.00437278396 0.000652403767 0.00507808456 0 0 0
vm 4 0.00672671896 -0.00946116494 0.00503979378 0 0 0
vm 5 0.00567124193 -0.00749084963 0.000269971996 0 0 0
vm 6 0.00868228277 0.00254248701 0.005856102 0 0 0
vm 7 -0.00419700915 -0.000220380707 0.00292898099 0 0 0
vm 8 0.00551950248 -0.00975245748 -0.0031372407 0 0 0
vm 9 0.00700298241 -0.00484670221 -0.00857721264 0 0 0
vm 10 -0.000833712914 0.00865319204 -0.00203819996 0 0 0
vm 11 0.00186679744 -0.00753832459 0.00731517253 0 0 0
vm 12 -0.00400821201 -0.00444442533 0.00362520383 0 0 0
vm 13 0.00175305714 -0.0076173456 0.00185727233 0 0 0
vm 14 -0.0092634469 -0.00240478859 -0.0057623808 0 0 0
vm 15 -0.00285350631 0.00192148003 -0.0048630565 0 0 0
vm 16 0.00757682964 -0.004415496 0.00581519975 0 0 0
vm 17 -0.00601754804 -0.00151589772 0.00446341667 0 0 0
vm 18 -0.0079103781 -0.0064044424 0.000972753184 0 0 0
vm 19 -0.00329615573 0.00527055688 -0.00851249215 0 0 0
vm 20 0.00960910077 -0.00891533662 0.00631755641 0 0 0
vm 21 -0.000774945054 0.00110470709 0.00134095918 0 0 0
vm 22 0.00511205078 -0.00835772142 -0.00176821709 0 0 0
vm 23 0.00683933731 0.00828261425 -0.00994189827 0 0 0
vm 24 -0.00164740652 0.00856450541 -0.00252409646 0 0 0
vm 25 0.00984816242 -0.00297818062 0.0073996329 0 0 0
vm 26 0.00295568465 0.00138569686 0.000996383674 0 0 0
vm 27 0.000469415907 -0.00327135435 -0.0036299591 0 0 0
vm 28 0.00835563015 0.00730408639 -0.0034723994 0 0 0
vm 29 0.00801703432 -0.00690955612 -0.00933447079 0 0 0
vm 30 -0.00671561009 0.00586191291 -0.00129024841 0 0 0
vm 31 0.00592341394 0.00472932379 0.00973210762 0 0 0
vm 32 0.00367635566 -0.00813188872 0.00907104535 0 0 0
vm 33 0.00543263734 -0.00333720046 -0.00365367313 0 0 0
vm 34 0.00202673097 0.00510578777 0.00375646301 0 0 0
vm 35 -0.00966716248 -0.00323401438 -0.00240481957 0 0 0
vm 36 0.00284420509 0.00812796482 -0.00770878426 0 0 0
vm 37 -0.00190496291 0.00806387905 -0.00522371305 0 0 0
vm 38 -0.00996286238 -0.00578419019 0.00634695921 0 0 0
vm 39 -0.00225172705 0.00936280832 0.00908643693 0 0 0
vm 40 0.00346976281 0.00165898741 -0.000252572043 0 0 0
vm 41 -0.00726569429 -0.0023528479 0.00608887864 0 0 0
vm 42 0.00920129963 -0.00541583018 -0.00628447078 0 0 0
vm 43 0.00313412654 -0.00136955255 -0.000431925404 0 0 0
vm 44 0.00362769477 0.00685283091 0.00549711493 0 0 0
vm 45 -0.00366765233 -0.00486732112 0.00945547759 0 0 0
vm 46 0.00454949457 0.00237376479 0.00554395737 0 0 0
vm 47 -0.00407006519 -0.00240029751 -0.00543924159 0 0 0
vm 48 0.00719483364 0.00946002828 0.000425999967 0 0 0
vm 49 -0.00647764763 0.00797264322 -0.00562661428 0 0 0
vm 50 0.00177029852 0.00339583899 -0.00303591517 0 0 0
vm 51 -0.00914514164 -0.00362028514 0.00112783037 0 0 0
vm 52 -0.00573637884 0.00926511413 -0.00156666859 0 0 0
vm 53 0.0044830593 -0.00212006684 0.00274741336 0 0 0
vm 54 -0.00171140177 0.00346469251 -0.00104240098 0 0 0
vm 55 0.00335512582 -0.0089705891 -0.00313302365 0 0 0
vm 56 -0.00355306858 8.57550199e-05 -0.00105989749 0 0 0
vm 57 -0.00900878035 0.00615186766 0.005417303 0 0 0
vm 58 0.000259317537 -0.00030995367 0.00405771216 0 0 0
vm 59 -0.0034370142 0.00314790074 0.000548118962 0 0 0
vm 60 -0.00234170952 -0.0053817186 -0.00784485253 0 0 0
vm 61 -0.00814337751 -0.0022158562 -0.0061742967 0 0 0
vm 62 -0.000684498303 -0.00700093964 0.00776821097 0 0 0
vm 63 -0.00899589384 -0.00330948922 0.000821072531 0 0 0
vm 64 -0.00525924708 -0.00756524682 -0.00817481115 0 0 0
vm 65 -0.00183321001 -0.00662290383 0.00988006023 0 0 0
vm 66 -0.00400660203 0.000335055196 -0.00699263183 0 0 0
vm 67 0.00642201233 -0.00525504504 -0.00874124063 0 0 0
vm 68 -0.00476829627 0.00111423414 0.00891503278 0 0 0
vm 69 0.00368915695 0.0045381742 0.00608839836 0 0 0
vm 70 0.00530350112 0.00170577135 -0.00625269169 0 0 0
vm 71 0.00119035964 0.00349459481 0.00143878226 0 0 0
vm 72 -0.00293991358 0.00323552109 -0.00651342497 0 0 0
vm 73 0.00912669711 -0.00359406971 -0.000302701667 0 0 0
vm 74 0.00246117844 -0.00596268775 -0.00234833874 0 0 0
vm 75 -0.0061710733 0.00428873636 -0.00333851871 0 0 0
vm 76 0.00662051095 -0.00132115284 -0.00832290273 0 0 0
vm 77 -0.00641568474 -0.000223171183 -0.0053754946 0 0 0
vm 78 0.00321156886 0.00324234783 -0.00592707613 0 0 0
vm 79 -0.00923051281 0.0043679423 0.000245030177 0 0 0
vm 80 0.00868895295 -0.00434117981 0.00432781012 0 0 0
vm 81 0.00954520558 0.00841063309 0.00570550645 0 0 0
vm 82 -0.00834916282 -0.00133541559 0.00381071883 0 0 0
vm 83 0.00908688146 -0.004257432 0.0004978914 0 0 0
vm 84 0.00610213287 0.00924598615 -0.00400984222 0 0 0
vm 85 0.0039963375 -0.00825375802 -0.00268313032 0 0 0
vm 86 -0.00601286474 -4.86660041e-05 0.00185174442 0 0 0
vm 87 -0.00125532165 -0.00353008985 -0.00197515156 0 0 0
vm 88 0.00393130945 -0.00465998364 0.00304055245 0 0 0
vm 89 0.00369233405 0.00264235186 -0.00648255536 0 0 0
vm 90 0.00582653091 -0.00265031593 -0.000270287879 0 0 0
vm 91 0.00992293803 0.00699605607 -0.00359860045 0 0 0
vm 92 -0.00194890347 -0.0015693926 -0.00424926153 0 0 0
vm 93 -0.00618235791 -0.00199879547 0.00263032111 0 0 0
vm 94 0.00492557853 -0.00192878538 -0.00293327958 0 0 0
vm 95 -0.00203415035 -0.0080302737 -0.00173216519 0 0 0
vm 96 0.00525662867 0.00570091798 -0.00199220199 0 0 0
vm 97 -0.00132168223 0.00897633005 0.0012548183 0 0 0
vm 98 0.00562079527 0.00564444721 0.00494810546 0 0 0
vm 99 -0.00814132365 -0.00311595079 0.00121467227 0 0 0
