0 0
1e-06 0
2e-06 0
3e-06 0
4e-06 0
5e-06 0
6e-06 0
7e-06 0
8e-06 0
9e-06 0
1e-05 0
1.1e-05 0
1.2e-05 0
1.3e-05 0
1.4e-05 0
1.5e-05 0
1.6e-05 0
1.7e-05 0
1.8e-05 0
1.9e-05 0
2e-05 0
2.1e-05 0
2.2e-05 0
2.3e-05 0
2.4e-05 0
2.5e-05 0
2.6e-05 0
2.7e-05 0
2.8e-05 0
2.9e-05 0
3e-05 0
3.1e-05 0
3.2e-05 0
3.3e-05 0
3.4e-05 0
3.5e-05 0
3.6e-05 0
3.7e-05 0
3.8e-05 0
3.9e-05 0
4e-05 0
4.1e-05 0
4.2e-05 0
4.3e-05 0
4.4e-05 0
4.5e-05 0
4.6e-05 0
4.7e-05 0
4.8e-05 0
4.9e-05 0
5e-05 0
5.1e-05 0
5.2e-05 0
5.3e-05 0
5.4e-05 0
5.5e-05 0
5.6e-05 0
5.7e-05 0
5.8e-05 0
5.9e-05 0
6e-05 0
6.1e-05 0
6.2e-05 0
6.3e-05 0
6.4e-05 0
6.5e-05 0
6.6e-05 0
6.7e-05 0
6.8e-05 0
6.9e-05 0
7e-05 0
7.1e-05 0
7.2e-05 0
7.3e-05 0
7.4e-05 0
7.5e-05 0
7.6e-05 0
7.7e-05 0
7.8e-05 0
7.9e-05 0
8e-05 0
8.1e-05 0
8.2e-05 0
8.3e-05 0
8.4e-05 0
8.5e-05 0
8.6e-05 0
8.7e-05 0
8.8e-05 0
8.9e-05 0
9e-05 0
9.1e-05 0
9.2e-05 0
9.3e-05 0
9.4e-05 0
9.5e-05 0
9.6e-05 0
9.7e-05 0
9.8e-05 0
9.9e-05 0
0.0001 0
0.000101 0
0.000102 0
0.000103 0
0.000104 0
0.000105 0
0.000106 0
0.000107 0
0.000108 0
0.000109 0
0.00011 0
0.000111 0
0.000112 0
0.000113 0
0.000114 0
0.000115 0
0.000116 0
0.000117 0
0.000118 0
0.000119 0
0.00012 0
0.000121 0
0.000122 0
0.000123 0
0.000124 0
0.000125 0
0.000126 0
0.000127 0
0.000128 0
0.000129 0
0.00013 0
0.000131 0
0.000132 0
0.000133 0
0.000134 0
0.000135 0
0.000136 0
0.000137 0
0.000138 0
0.000139 0
0.00014 0
0.000141 0
0.000142 0
0.000143 0
0.000144 0
0.000145 0
0.000146 0
0.000147 0
0.000148 0
0.000149 0
0.00015 0
0.000151 0
0.000152 0
0.000153 0
0.000154 0
0.000155 0
0.000156 0
0.000157 0
0.000158 0
0.000159 0
0.00016 0
0.000161 0
0.000162 0
0.000163 0
0.000164 0
0.000165 0
0.000166 0
0.000167 0
0.000168 0
0.000169 0
0.00017 0
0.000171 0
0.000172 0
0.000173 0
0.000174 0
0.000175 0
0.000176 0
0.000177 0
0.000178 0
0.000179 0
0.00018 0
0.000181 0
0.000182 0
0.000183 0
0.000184 0
0.000185 0
0.000186 0
0.000187 0
0.000188 0
0.000189 0
0.00019 0
0.000191 0
0.000192 0
0.000193 0
0.000194 0
0.000195 0
0.000196 0
0.000197 0
0.000198 0
0.000199 0
0.0002 0
0.000201 0
0.000202 0
0.000203 0
0.000204 0
0.000205 0
0.000206 0
0.000207 0
0.000208 0
0.000209 0
0.00021 0
0.000211 0
0.000212 0
0.000213 0
0.000214 0
0.000215 0
0.000216 0
0.000217 0
0.000218 0
0.000219 0
0.00022 0
0.000221 0
0.000222 0
0.000223 1
0.000224 1
0.000225 1
0.000226 1
0.000227 1
0.000228 1
0.000229 1
0.00023 1
0.000231 1
0.000232 1
0.000233 1
0.000234 1
0.000235 1
0.000236 1
0.000237 1
0.000238 1
0.000239 1
0.00024 1
0.000241 1
0.000242 1
0.000243 1
0.000244 1
0.000245 1
0.000246 1
0.000247 1
0.000248 1
0.000249 1
0.00025 1
0.000251 1
0.000252 1
0.000253 1
0.000254 1
0.000255 1
0.000256 1
0.000257 1
0.000258 1
0.000259 1
0.00026 1
0.000261 1
0.000262 1
0.000263 1
0.000264 1
0.000265 1
0.000266 1
0.000267 1
0.000268 1
0.000269 1
0.00027 1
0.000271 1
0.000272 1
0.000273 1
0.000274 1
0.000275 1
0.000276 1
0.000277 1
0.000278 1
0.000279 1
0.00028 1
0.000281 1
0.000282 1
0.000283 1
0.000284 1
0.000285 1
0.000286 1
0.000287 1
0.000288 1
0.000289 1
0.00029 1
0.000291 1
0.000292 1
0.000293 1
0.000294 1
0.000295 1
0.000296 1
0.000297 1
0.000298 1
0.000299 1
0.0003 1
0.000301 1
0.000302 1
0.000303 1
0.000304 1
0.000305 1
0.000306 1
0.000307 1
0.000308 1
0.000309 1
0.00031 1
0.000311 1
0.000312 1
0.000313 1
0.000314 1
0.000315 1
0.000316 1
0.000317 1
0.000318 1
0.000319 1
0.00032 1
0.000321 1
0.000322 1
0.000323 1
0.000324 1
0.000325 1
0.000326 1
0.000327 1
0.000328 1
0.000329 1
0.00033 1
0.000331 1
0.000332 1
0.000333 1
0.000334 1
0.000335 1
0.000336 1
0.000337 1
0.000338 1
0.000339 1
0.00034 1
0.000341 1
0.000342 1
0.000343 1
0.000344 1
0.000345 1
0.000346 1
0.000347 1
0.000348 1
0.000349 1
0.00035 1
0.000351 1
0.000352 1
0.000353 1
0.000354 1
0.000355 1
0.000356 1
0.000357 1
0.000358 1
0.000359 1
0.00036 1
0.000361 1
0.000362 1
0.000363 1
0.000364 1
0.000365 1
0.000366 1
0.000367 1
0.000368 1
0.000369 1
0.00037 1
0.000371 1
0.000372 1
0.000373 1
0.000374 2
0.000375 2
0.000376 2
0.000377 2
0.000378 2
0.000379 2
0.00038 2
0.000381 2
0.000382 2
0.000383 2
0.000384 2
0.000385 2
0.000386 3
0.000387 3
0.000388 3
0.000389 3
0.00039 3
0.000391 3
0.000392 3
0.000393 3
0.000394 3
0.000395 3
0.000396 3
0.000397 3
0.000398 3
0.000399 3
0.0004 3
0.000401 3
0.000402 3
0.000403 3
0.000404 3
0.000405 3
0.000406 3
0.000407 3
0.000408 3
0.000409 3
0.00041 3
0.000411 3
0.000412 3
0.000413 3
0.000414 3
0.000415 3
0.000416 3
0.000417 3
0.000418 3
0.000419 3
0.00042 3
0.000421 3
0.000422 3
0.000423 3
0.000424 3
0.000425 3
0.000426 4
0.000427 4
0.000428 4
0.000429 4
0.00043 4
0.000431 4
0.000432 4
0.000433 4
0.000434 4
0.000435 4
0.000436 4
0.000437 4
0.000438 4
0.000439 4
0.00044 4
0.000441 4
0.000442 4
0.000443 4
0.000444 4
0.000445 4
0.000446 4
0.000447 4
0.000448 4
0.000449 4
0.00045 4
0.000451 4
0.000452 4
0.000453 4
0.000454 4
0.000455 4
0.000456 4
0.000457 4
0.000458 4
0.000459 4
0.00046 4
0.000461 4
0.000462 4
0.000463 4
0.000464 4
0.000465 4
0.000466 4
0.000467 4
0.000468 4
0.000469 4
0.00047 4
0.000471 4
0.000472 4
0.000473 5
0.000474 5
0.000475 5
0.000476 5
0.000477 5
0.000478 5
0.000479 5
0.00048 5
0.000481 5
0.000482 5
0.000483 5
0.000484 5
0.000485 5
0.000486 5
0.000487 5
0.000488 5
0.000489 5
0.00049 5
0.000491 5
0.000492 5
0.000493 5
0.000494 5
0.000495 5
0.000496 5
0.000497 5
0.000498 5
0.000499 5
0.0005 5
0.000501 5
0.000502 5
0.000503 5
0.000504 5
0.000505 5
0.000506 5
0.000507 5
0.000508 5
0.000509 5
0.00051 5
0.000511 5
0.000512 5
0.000513 5
0.000514 5
0.000515 5
0.000516 5
0.000517 5
0.000518 5
0.000519 5
0.00052 5
0.000521 5
0.000522 5
0.000523 5
0.000524 5
0.000525 5
0.000526 5
0.000527 5
0.000528 5
0.000529 5
0.00053 7
0.000531 8
0.000532 8
0.000533 8
0.000534 8
0.000535 8
0.000536 8
0.000537 8
0.000538 8
0.000539 8
0.00054 8
0.000541 8
0.000542 8
0.000543 8
0.000544 8
0.000545 8
0.000546 8
0.000547 8
0.000548 8
0.000549 8
0.00055 8
0.000551 8
0.000552 8
0.000553 8
0.000554 8
0.000555 8
0.000556 8
0.000557 8
0.000558 8
0.000559 8
0.00056 8
0.000561 8
0.000562 8
0.000563 8
0.000564 8
0.000565 8
0.000566 8
0.000567 8
0.000568 8
0.000569 8
0.00057 8
0.000571 8
0.000572 9
0.000573 9
0.000574 9
0.000575 9
0.000576 9
0.000577 9
0.000578 9
0.000579 9
0.00058 9
0.000581 9
0.000582 9
0.000583 9
0.000584 9
0.000585 9
0.000586 9
0.000587 9
0.000588 9
0.000589 9
0.00059 9
0.000591 9
0.000592 9
0.000593 9
0.000594 9
0.000595 9
0.000596 9
0.000597 9
0.000598 9
0.000599 9
0.0006 9
0.000601 9
0.000602 9
0.000603 9
0.000604 9
0.000605 9
0.000606 9
0.000607 9
0.000608 9
0.000609 9
0.00061 9
0.000611 9
0.000612 9
0.000613 9
0.000614 9
0.000615 9
0.000616 9
0.000617 9
0.000618 9
0.000619 9
0.00062 9
0.000621 9
0.000622 9
0.000623 9
0.000624 9
0.000625 9
0.000626 9
0.000627 9
0.000628 9
0.000629 9
0.00063 9
0.000631 9
0.000632 9
0.000633 9
0.000634 9
0.000635 9
0.000636 9
0.000637 9
0.000638 9
0.000639 9
0.00064 9
0.000641 9
0.000642 9
0.000643 9
0.000644 9
0.000645 9
0.000646 9
0.000647 9
0.000648 9
0.000649 9
0.00065 9
0.000651 9
0.000652 9
0.000653 9
0.000654 9
0.000655 9
0.000656 9
0.000657 9
0.000658 9
0.000659 9
0.00066 9
0.000661 9
0.000662 9
0.000663 9
0.000664 9
0.000665 9
0.000666 9
0.000667 9
0.000668 9
0.000669 9
0.00067 9
0.000671 9
0.000672 9
0.000673 9
0.000674 9
0.000675 9
0.000676 10
0.000677 10
0.000678 10
0.000679 10
0.00068 10
0.000681 10
0.000682 10
0.000683 10
0.000684 10
0.000685 10
0.000686 10
0.000687 10
0.000688 10
0.000689 10
0.00069 10
0.000691 10
0.000692 10
0.000693 10
0.000694 10
0.000695 10
0.000696 10
0.000697 10
0.000698 10
0.000699 10
0.0007 10
0.000701 10
0.000702 10
0.000703 10
0.000704 10
0.000705 10
0.000706 10
0.000707 10
0.000708 10
0.000709 10
0.00071 10
0.000711 10
0.000712 10
0.000713 10
0.000714 10
0.000715 10
0.000716 10
0.000717 10
0.000718 10
0.000719 10
0.00072 10
0.000721 10
0.000722 10
0.000723 10
0.000724 10
0.000725 10
0.000726 10
0.000727 10
0.000728 10
0.000729 10
0.00073 10
0.000731 10
0.000732 10
0.000733 11
0.000734 11
0.000735 11
0.000736 11
0.000737 11
0.000738 11
0.000739 11
0.00074 11
0.000741 11
0.000742 11
0.000743 11
0.000744 11
0.000745 11
0.000746 11
0.000747 11
0.000748 11
0.000749 11
0.00075 11
0.000751 11
0.000752 11
0.000753 11
0.000754 11
0.000755 11
0.000756 11
0.000757 11
0.000758 11
0.000759 11
0.00076 11
0.000761 11
0.000762 11
0.000763 11
0.000764 11
0.000765 11
0.000766 11
0.000767 11
0.000768 11
0.000769 11
0.00077 11
0.000771 11
0.000772 11
0.000773 11
0.000774 11
0.000775 11
0.000776 11
0.000777 11
0.000778 12
0.000779 12
0.00078 12
0.000781 13
0.000782 13
0.000783 13
0.000784 13
0.000785 13
0.000786 13
0.000787 13
0.000788 13
0.000789 13
0.00079 13
0.000791 13
0.000792 13
0.000793 13
0.000794 13
0.000795 13
0.000796 13
0.000797 13
0.000798 13
0.000799 13
0.0008 13
0.000801 13
0.000802 14
0.000803 14
0.000804 14
0.000805 14
0.000806 14
0.000807 14
0.000808 14
0.000809 14
0.00081 14
0.000811 14
0.000812 14
0.000813 14
0.000814 14
0.000815 14
0.000816 14
0.000817 14
0.000818 14
0.000819 15
0.00082 15
0.000821 15
0.000822 15
0.000823 15
0.000824 15
0.000825 15
0.000826 15
0.000827 15
0.000828 15
0.000829 15
0.00083 15
0.000831 15
0.000832 15
0.000833 15
0.000834 15
0.000835 15
0.000836 15
0.000837 15
0.000838 15
0.000839 15
0.00084 15
0.000841 15
0.000842 15
0.000843 15
0.000844 15
0.000845 15
0.000846 15
0.000847 15
0.000848 15
0.000849 15
0.00085 15
0.000851 15
0.000852 15
0.000853 15
0.000854 15
0.000855 15
0.000856 15
0.000857 15
0.000858 15
0.000859 15
0.00086 15
0.000861 15
0.000862 15
0.000863 15
0.000864 15
0.000865 15
0.000866 15
0.000867 15
0.000868 15
0.000869 15
0.00087 15
0.000871 15
0.000872 15
0.000873 15
0.000874 15
0.000875 15
0.000876 15
0.000877 15
0.000878 15
0.000879 16
0.00088 16
0.000881 16
0.000882 16
0.000883 16
0.000884 16
0.000885 16
0.000886 16
0.000887 16
0.000888 16
0.000889 16
0.00089 16
0.000891 16
0.000892 16
0.000893 16
0.000894 16
0.000895 16
0.000896 16
0.000897 16
0.000898 16
0.000899 16
0.0009 16
0.000901 16
0.000902 16
0.000903 16
0.000904 16
0.000905 16
0.000906 16
0.000907 16
0.000908 16
0.000909 16
0.00091 16
0.000911 16
0.000912 16
0.000913 16
0.000914 16
0.000915 16
0.000916 16
0.000917 16
0.000918 16
0.000919 16
0.00092 16
0.000921 16
0.000922 16
0.000923 16
0.000924 16
0.000925 16
0.000926 16
0.000927 16
0.000928 16
0.000929 16
0.00093 16
0.000931 16
0.000932 16
0.000933 16
0.000934 16
0.000935 16
0.000936 16
0.000937 16
0.000938 16
0.000939 16
0.00094 16
0.000941 16
0.000942 16
0.000943 17
0.000944 17
0.000945 17
0.000946 17
0.000947 17
0.000948 17
0.000949 17
0.00095 17
0.000951 17
0.000952 17
0.000953 17
0.000954 17
0.000955 17
0.000956 17
0.000957 17
0.000958 17
0.000959 17
0.00096 17
0.000961 17
0.000962 17
0.000963 18
0.000964 18
0.000965 18
0.000966 18
0.000967 18
0.000968 18
0.000969 18
0.00097 18
0.000971 19
0.000972 19
0.000973 19
0.000974 19
0.000975 19
0.000976 19
0.000977 19
0.000978 19
0.000979 19
0.00098 19
0.000981 19
0.000982 19
0.000983 20
0.000984 20
0.000985 21
0.000986 21
0.000987 21
0.000988 21
0.000989 21
0.00099 21
0.000991 21
0.000992 21
0.000993 21
0.000994 21
0.000995 21
0.000996 21
0.000997 21
0.000998 21
0.000999 21
0.001 21
